QUAT,w,x,y,z,timestamp
quat0,0.18088,-0.10587,0.96496,-0.15786,508.82
quat1,-0.16976,-0.23449,-0.10506,0.95140,508.82
quat2,-0.04427,0.32440,-0.05822,-0.94309,508.82
quat3,-0.44000,0.31571,0.30471,-0.78350,508.82
quat4,-0.12647,0.10872,0.15481,-0.97376,508.82
quat5,0.00000,0.00000,0.00000,-1.00000,508.82
quat6,0.00000,0.00000,0.00000,-1.00000,508.82
quat7,0.00000,0.00000,0.00000,-1.00000,508.82
quat8,0.00000,0.00000,0.00000,-1.00000,508.82
quat0,-0.63388,-0.70722,0.18939,0.24932,508.84
quat1,-0.15910,-0.25764,-0.10226,0.94755,508.84
quat2,-0.05046,0.35029,-0.05162,-0.93386,508.84
quat3,-0.45567,0.31285,0.33369,-0.76364,508.84
quat4,-0.12955,0.12055,0.20296,-0.96306,508.84
quat5,0.00000,0.00000,0.00000,-1.00000,508.84
quat6,0.00000,0.00000,0.00000,-1.00000,508.84
quat7,0.00000,0.00000,0.00000,-1.00000,508.84
quat8,0.00000,0.00000,0.00000,-1.00000,508.84
quat0,-0.92369,-0.37855,0.05619,-0.01821,508.86
quat1,-0.14806,-0.27537,-0.10026,0.94456,508.86
quat2,-0.05631,0.37608,-0.04540,-0.92376,508.86
quat3,-0.47028,0.30891,0.36178,-0.74333,508.86
quat4,-0.13110,0.13154,0.25159,-0.94985,508.86
quat5,0.00000,0.00000,0.00000,-1.00000,508.86
quat6,0.00000,0.00000,0.00000,-1.00000,508.86
quat7,0.00000,0.00000,0.00000,-1.00000,508.86
quat8,0.00000,0.00000,0.00000,-1.00000,508.86
quat0,-0.91046,-0.40912,0.05940,-0.01231,508.88
quat1,-0.13495,-0.28964,-0.10064,0.94221,508.88
quat2,-0.06198,0.39960,-0.04082,-0.91368,508.88
quat3,-0.48554,0.30573,0.38915,-0.72065,508.88
quat4,-0.13107,0.14040,0.29974,-0.93448,508.88
quat5,0.00000,0.00000,0.00000,-1.00000,508.88
quat6,0.00000,0.00000,0.00000,-1.00000,508.88
quat7,0.00000,0.00000,0.00000,-1.00000,508.88
quat8,0.00000,0.00000,0.00000,-1.00000,508.88
quat0,-0.89793,-0.43463,0.06938,0.00009,508.9
quat1,-0.11981,-0.30192,-0.10452,0.93998,508.9
quat2,-0.06781,0.41888,-0.03936,-0.90465,508.9
quat3,-0.50115,0.30339,0.41602,-0.69551,508.9
quat4,-0.12982,0.14807,0.34636,-0.91720,508.9
quat5,0.00000,0.00000,0.00000,-1.00000,508.9
quat6,0.00000,0.00000,0.00000,-1.00000,508.9
quat7,0.00000,0.00000,0.00000,-1.00000,508.9
quat8,0.00000,0.00000,0.00000,-1.00000,508.9
quat0,-0.88158,-0.46428,0.08386,0.01526,508.92
quat1,-0.10597,-0.31222,-0.10941,0.93772,508.92
quat2,-0.07426,0.43096,-0.04196,-0.89833,508.92
quat3,-0.51482,0.30024,0.44206,-0.67038,508.92
quat4,-0.12730,0.15550,0.39116,-0.89811,508.92
quat5,0.00000,0.00000,0.00000,-1.00000,508.92
quat6,0.00000,0.00000,0.00000,-1.00000,508.92
quat7,0.00000,0.00000,0.00000,-1.00000,508.92
quat8,0.00000,0.00000,0.00000,-1.00000,508.92
quat0,-0.86523,-0.49192,0.09333,0.02595,508.94
quat1,-0.09234,-0.32021,-0.11524,0.93577,508.94
quat2,-0.08114,0.43588,-0.04669,-0.89512,508.94
quat3,-0.52761,0.29829,0.46680,-0.64401,508.94
quat4,-0.12427,0.16273,0.43371,-0.87748,508.94
quat5,0.00000,0.00000,0.00000,-1.00000,508.94
quat6,0.00000,0.00000,0.00000,-1.00000,508.94
quat7,0.00000,0.00000,0.00000,-1.00000,508.94
quat8,0.00000,0.00000,0.00000,-1.00000,508.94
quat0,-0.85035,-0.51521,0.09995,0.03837,508.96
quat1,-0.07771,-0.32842,-0.12097,0.93352,508.96
quat2,-0.08928,0.43439,-0.05288,-0.89473,508.96
quat3,-0.54253,0.30028,0.48840,-0.61397,508.96
quat4,-0.12220,0.17096,0.47296,-0.85566,508.96
quat5,0.00000,0.00000,0.00000,-1.00000,508.96
quat6,0.00000,0.00000,0.00000,-1.00000,508.96
quat7,0.00000,0.00000,0.00000,-1.00000,508.96
quat8,0.00000,0.00000,0.00000,-1.00000,508.96
quat0,-0.83688,-0.53405,0.10928,0.04975,508.98
quat1,-0.06207,-0.33300,-0.12674,0.93230,508.98
quat2,-0.09927,0.42621,-0.05914,-0.89721,508.98
quat3,-0.55843,0.30480,0.50733,-0.58126,508.98
quat4,-0.12253,0.18157,0.50905,-0.83239,508.98
quat5,0.00000,0.00000,0.00000,-1.00000,508.98
quat6,0.00000,0.00000,0.00000,-1.00000,508.98
quat7,0.00000,0.00000,0.00000,-1.00000,508.98
quat8,0.00000,0.00000,0.00000,-1.00000,508.98
quat0,-0.82250,-0.55231,0.12215,0.05936,509
quat1,-0.04426,-0.33636,-0.13382,0.93113,509
quat2,-0.11095,0.41340,-0.06480,-0.90144,509
quat3,-0.57443,0.30923,0.52361,-0.54794,509
quat4,-0.12488,0.19325,0.54268,-0.80781,509
quat5,0.00000,0.00000,0.00000,-1.00000,509
quat6,0.00000,0.00000,0.00000,-1.00000,509
quat7,0.00000,0.00000,0.00000,-1.00000,509
quat8,0.00000,0.00000,0.00000,-1.00000,509
quat0,-0.81019,-0.56582,0.13381,0.07438,509.02
quat1,-0.02587,-0.33936,-0.14041,0.92976,509.02
quat2,-0.12350,0.39808,-0.06902,-0.90638,509.02
quat3,-0.59059,0.31350,0.53657,-0.51480,509.02
quat4,-0.12884,0.20445,0.57472,-0.78186,509.02
quat5,0.00000,0.00000,0.00000,-1.00000,509.02
quat6,0.00000,0.00000,0.00000,-1.00000,509.02
quat7,0.00000,0.00000,0.00000,-1.00000,509.02
quat8,0.00000,0.00000,0.00000,-1.00000,509.02
quat0,-0.79978,-0.57524,0.14645,0.08949,509.04
quat1,-0.00698,-0.34225,-0.14641,0.92811,509.04
quat2,-0.13678,0.38389,-0.07121,-0.91041,509.04
quat3,-0.60721,0.31742,0.54623,-0.48185,509.04
quat4,-0.13389,0.21469,0.60447,-0.75538,509.04
quat5,0.00000,0.00000,0.00000,-1.00000,509.04
quat6,0.00000,0.00000,0.00000,-1.00000,509.04
quat7,0.00000,0.00000,0.00000,-1.00000,509.04
quat8,0.00000,0.00000,0.00000,-1.00000,509.04
quat0,-0.78877,-0.58547,0.15576,0.10397,509.06
quat1,0.01079,-0.34438,-0.15146,0.92647,509.06
quat2,-0.14987,0.37407,-0.07135,-0.91243,509.06
quat3,-0.62288,0.31996,0.55368,-0.45066,509.06
quat4,-0.13986,0.22371,0.63178,-0.72887,509.06
quat5,0.00000,0.00000,0.00000,-1.00000,509.06
quat6,0.00000,0.00000,0.00000,-1.00000,509.06
quat7,0.00000,0.00000,0.00000,-1.00000,509.06
quat8,0.00000,0.00000,0.00000,-1.00000,509.06
quat0,-0.77886,-0.59574,0.15942,0.11423,509.08
quat1,0.02660,-0.34792,-0.15497,0.92424,509.08
quat2,-0.16230,0.37004,-0.07044,-0.91201,509.08
quat3,-0.63811,0.32187,0.55812,-0.42157,509.08
quat4,-0.14715,0.23078,0.65605,-0.70334,509.08
quat5,0.00000,0.00000,0.00000,-1.00000,509.08
quat6,0.00000,0.00000,0.00000,-1.00000,509.08
quat7,0.00000,0.00000,0.00000,-1.00000,509.08
quat8,0.00000,0.00000,0.00000,-1.00000,509.08
quat0,-0.76816,-0.60415,0.16843,0.12866,509.1
quat1,0.04131,-0.35302,-0.15767,0.92131,509.1
quat2,-0.17323,0.36759,-0.06984,-0.91104,509.1
quat3,-0.65256,0.32406,0.55972,-0.39480,509.1
quat4,-0.15782,0.23730,0.67652,-0.67904,509.1
quat5,0.00000,0.00000,0.00000,-1.00000,509.1
quat6,0.00000,0.00000,0.00000,-1.00000,509.1
quat7,0.00000,0.00000,0.00000,-1.00000,509.1
quat8,0.00000,0.00000,0.00000,-1.00000,509.1
quat0,-0.75883,-0.61116,0.17344,0.14346,509.12
quat1,0.05582,-0.35575,-0.15931,0.91921,509.12
quat2,-0.18345,0.36273,-0.06969,-0.91100,509.12
quat3,-0.66710,0.32689,0.55757,-0.37047,509.12
quat4,-0.17248,0.24427,0.69279,-0.65622,509.12
quat5,0.00000,0.00000,0.00000,-1.00000,509.12
quat6,0.00000,0.00000,0.00000,-1.00000,509.12
quat7,0.00000,0.00000,0.00000,-1.00000,509.12
quat8,0.00000,0.00000,0.00000,-1.00000,509.12
quat0,-0.75346,-0.61463,0.17251,0.15737,509.14
quat1,0.06957,-0.35546,-0.16039,0.91820,509.14
quat2,-0.19318,0.35591,-0.07015,-0.91164,509.14
quat3,-0.68042,0.32842,0.55338,-0.35062,509.14
quat4,-0.19011,0.25012,0.70569,-0.63507,509.14
quat5,0.00000,0.00000,0.00000,-1.00000,509.14
quat6,0.00000,0.00000,0.00000,-1.00000,509.14
quat7,0.00000,0.00000,0.00000,-1.00000,509.14
quat8,0.00000,0.00000,0.00000,-1.00000,509.14
quat0,-0.74732,-0.61787,0.17317,0.17253,509.16
quat1,0.08223,-0.35364,-0.16053,0.91783,509.16
quat2,-0.20230,0.34840,-0.07152,-0.91246,509.16
quat3,-0.69215,0.32934,0.54699,-0.33656,509.16
quat4,-0.20790,0.25233,0.71611,-0.61667,509.16
quat5,0.00000,0.00000,0.00000,-1.00000,509.16
quat6,0.00000,0.00000,0.00000,-1.00000,509.16
quat7,0.00000,0.00000,0.00000,-1.00000,509.16
quat8,0.00000,0.00000,0.00000,-1.00000,509.16
quat0,-0.74368,-0.62154,0.16730,0.18067,509.18
quat1,0.09323,-0.34986,-0.16005,0.91831,509.18
quat2,-0.21057,0.33855,-0.07398,-0.91409,509.18
quat3,-0.70219,0.32992,0.53940,-0.32730,509.18
quat4,-0.22616,0.25172,0.72317,-0.60209,509.18
quat5,0.00000,0.00000,0.00000,-1.00000,509.18
quat6,0.00000,0.00000,0.00000,-1.00000,509.18
quat7,0.00000,0.00000,0.00000,-1.00000,509.18
quat8,0.00000,0.00000,0.00000,-1.00000,509.18
quat0,-0.74078,-0.62251,0.16390,0.19201,509.2
quat1,0.10300,-0.34399,-0.15945,0.91959,509.2
quat2,-0.21777,0.32765,-0.07727,-0.91611,509.2
quat3,-0.71058,0.32907,0.53134,-0.32320,509.2
quat4,-0.24475,0.24915,0.72622,-0.59214,509.2
quat5,0.00000,0.00000,0.00000,-1.00000,509.2
quat6,0.00000,0.00000,0.00000,-1.00000,509.2
quat7,0.00000,0.00000,0.00000,-1.00000,509.2
quat8,0.00000,0.00000,0.00000,-1.00000,509.2
quat0,-0.74048,-0.62204,0.15727,0.20006,509.22
quat1,0.11162,-0.33725,-0.15821,0.92129,509.22
quat2,-0.22375,0.31761,-0.08114,-0.91786,509.22
quat3,-0.71698,0.32614,0.52376,-0.32441,509.22
quat4,-0.26284,0.24460,0.72568,-0.58692,509.22
quat5,0.00000,0.00000,0.00000,-1.00000,509.22
quat6,0.00000,0.00000,0.00000,-1.00000,509.22
quat7,0.00000,0.00000,0.00000,-1.00000,509.22
quat8,0.00000,0.00000,0.00000,-1.00000,509.22
quat0,-0.74202,-0.61929,0.14851,0.20937,509.24
quat1,0.11845,-0.32977,-0.15649,0.92344,509.24
quat2,-0.22866,0.30672,-0.08530,-0.91998,509.24
quat3,-0.72181,0.32062,0.51661,-0.33063,509.24
quat4,-0.27970,0.23723,0.72173,-0.58702,509.24
quat5,0.00000,0.00000,0.00000,-1.00000,509.24
quat6,0.00000,0.00000,0.00000,-1.00000,509.24
quat7,0.00000,0.00000,0.00000,-1.00000,509.24
quat8,0.00000,0.00000,0.00000,-1.00000,509.24
quat0,-0.74772,-0.61618,0.13527,0.20722,509.26
quat1,0.12334,-0.31997,-0.15512,0.92647,509.26
quat2,-0.23226,0.29302,-0.08957,-0.92313,509.26
quat3,-0.72544,0.31345,0.50924,-0.34082,509.26
quat4,-0.29472,0.22610,0.71438,-0.59302,509.26
quat5,0.00000,0.00000,0.00000,-1.00000,509.26
quat6,0.00000,0.00000,0.00000,-1.00000,509.26
quat7,0.00000,0.00000,0.00000,-1.00000,509.26
quat8,0.00000,0.00000,0.00000,-1.00000,509.26
quat0,-0.75346,-0.61030,0.12439,0.21065,509.28
quat1,0.12740,-0.30804,-0.15375,0.93018,509.28
quat2,-0.23451,0.27743,-0.09360,-0.92697,509.28
quat3,-0.72911,0.30500,0.50026,-0.35372,509.28
quat4,-0.30798,0.21244,0.70324,-0.60454,509.28
quat5,0.00000,0.00000,0.00000,-1.00000,509.28
quat6,0.00000,0.00000,0.00000,-1.00000,509.28
quat7,0.00000,0.00000,0.00000,-1.00000,509.28
quat8,0.00000,0.00000,0.00000,-1.00000,509.28
quat0,-0.76002,-0.60351,0.11206,0.21350,509.3
quat1,0.12946,-0.29711,-0.15177,0.93377,509.3
quat2,-0.23504,0.26171,-0.09706,-0.93104,509.3
quat3,-0.73191,0.29459,0.49064,-0.36987,509.3
quat4,-0.31994,0.19622,0.68797,-0.62115,509.3
quat5,0.00000,0.00000,0.00000,-1.00000,509.3
quat6,0.00000,0.00000,0.00000,-1.00000,509.3
quat7,0.00000,0.00000,0.00000,-1.00000,509.3
quat8,0.00000,0.00000,0.00000,-1.00000,509.3
quat0,-0.76783,-0.59551,0.09853,0.21470,509.32
quat1,0.12851,-0.28578,-0.14934,0.93782,509.32
quat2,-0.23334,0.24911,-0.10025,-0.93458,509.32
quat3,-0.73335,0.28274,0.48014,-0.38950,509.32
quat4,-0.33060,0.17804,0.66860,-0.64186,509.32
quat5,0.00000,0.00000,0.00000,-1.00000,509.32
quat6,0.00000,0.00000,0.00000,-1.00000,509.32
quat7,0.00000,0.00000,0.00000,-1.00000,509.32
quat8,0.00000,0.00000,0.00000,-1.00000,509.32
quat0,-0.77729,-0.58499,0.08414,0.21568,509.34
quat1,0.12452,-0.27231,-0.14757,0.94264,509.34
quat2,-0.22944,0.24182,-0.10397,-0.93705,509.34
quat3,-0.73330,0.26864,0.46870,-0.41283,509.34
quat4,-0.33847,0.15703,0.64575,-0.66617,509.34
quat5,0.00000,0.00000,0.00000,-1.00000,509.34
quat6,0.00000,0.00000,0.00000,-1.00000,509.34
quat7,0.00000,0.00000,0.00000,-1.00000,509.34
quat8,0.00000,0.00000,0.00000,-1.00000,509.34
quat0,-0.78828,-0.57219,0.06938,0.21542,509.36
quat1,0.11866,-0.25789,-0.14662,0.94758,509.36
quat2,-0.22415,0.23714,-0.10824,-0.93905,509.36
quat3,-0.73226,0.25243,0.45506,-0.43932,509.36
quat4,-0.34343,0.13361,0.61928,-0.69332,509.36
quat5,0.00000,0.00000,0.00000,-1.00000,509.36
quat6,0.00000,0.00000,0.00000,-1.00000,509.36
quat7,0.00000,0.00000,0.00000,-1.00000,509.36
quat8,0.00000,0.00000,0.00000,-1.00000,509.36
quat0,-0.80033,-0.55762,0.05397,0.21360,509.38
quat1,0.10930,-0.24349,-0.14641,0.95254,509.38
quat2,-0.21842,0.23315,-0.11283,-0.94085,509.38
quat3,-0.72980,0.23501,0.43862,-0.46880,509.38
quat4,-0.34575,0.10817,0.58922,-0.72220,509.38
quat5,0.00000,0.00000,0.00000,-1.00000,509.38
quat6,0.00000,0.00000,0.00000,-1.00000,509.38
quat7,0.00000,0.00000,0.00000,-1.00000,509.38
quat8,0.00000,0.00000,0.00000,-1.00000,509.38
quat0,-0.81342,-0.54145,0.03731,0.20927,509.4
quat1,0.09653,-0.22919,-0.14676,0.95740,509.4
quat2,-0.21157,0.22738,-0.11841,-0.94314,509.4
quat3,-0.72571,0.21700,0.41880,-0.50087,509.4
quat4,-0.34560,0.08173,0.55575,-0.75168,509.4
quat5,0.00000,0.00000,0.00000,-1.00000,509.4
quat6,0.00000,0.00000,0.00000,-1.00000,509.4
quat7,0.00000,0.00000,0.00000,-1.00000,509.4
quat8,0.00000,0.00000,0.00000,-1.00000,509.4
quat0,-0.82638,-0.52466,0.01942,0.20359,509.42
quat1,0.08126,-0.21428,-0.14733,0.96217,509.42
quat2,-0.20407,0.21908,-0.12476,-0.94594,509.42
quat3,-0.71901,0.19894,0.39602,-0.53536,509.42
quat4,-0.34292,0.05410,0.51916,-0.78099,509.42
quat5,0.00000,0.00000,0.00000,-1.00000,509.42
quat6,0.00000,0.00000,0.00000,-1.00000,509.42
quat7,0.00000,0.00000,0.00000,-1.00000,509.42
quat8,0.00000,0.00000,0.00000,-1.00000,509.42
quat0,-0.83978,-0.50627,0.00211,0.19609,509.44
quat1,0.06387,-0.19911,-0.14789,0.96665,509.44
quat2,-0.19477,0.21005,-0.13173,-0.94899,509.44
quat3,-0.70977,0.18083,0.37010,-0.57145,509.44
quat4,-0.33800,0.02616,0.47998,-0.80913,509.44
quat5,0.00000,0.00000,0.00000,-1.00000,509.44
quat6,0.00000,0.00000,0.00000,-1.00000,509.44
quat7,0.00000,0.00000,0.00000,-1.00000,509.44
quat8,0.00000,0.00000,0.00000,-1.00000,509.44
quat0,-0.85164,-0.48994,-0.01732,0.18536,509.46
quat1,0.04489,-0.18354,-0.14909,0.97060,509.46
quat2,-0.18397,0.19976,-0.13914,-0.95231,509.46
quat3,-0.69685,0.16473,0.34130,-0.60892,509.46
quat4,-0.33026,-0.00376,0.43964,-0.83525,509.46
quat5,0.00000,0.00000,0.00000,-1.00000,509.46
quat6,0.00000,0.00000,0.00000,-1.00000,509.46
quat7,0.00000,0.00000,0.00000,-1.00000,509.46
quat8,0.00000,0.00000,0.00000,-1.00000,509.46
quat0,-0.86143,-0.47549,-0.03684,0.17458,509.48
quat1,0.02379,-0.16724,-0.15094,0.97400,509.48
quat2,-0.17218,0.18917,-0.14607,-0.95563,509.48
quat3,-0.67968,0.14685,0.31155,-0.64761,509.48
quat4,-0.31887,-0.03710,0.39992,-0.85849,509.48
quat5,0.00000,0.00000,0.00000,-1.00000,509.48
quat6,0.00000,0.00000,0.00000,-1.00000,509.48
quat7,0.00000,0.00000,0.00000,-1.00000,509.48
quat8,0.00000,0.00000,0.00000,-1.00000,509.48
quat0,-0.86997,-0.46227,-0.05809,0.16152,509.5
quat1,0.00153,-0.14977,-0.15481,0.97652,509.5
quat2,-0.16005,0.18054,-0.15206,-0.95847,509.5
quat3,-0.65774,0.12509,0.28181,-0.68725,509.5
quat4,-0.30394,-0.07437,0.36232,-0.87796,509.5
quat5,0.00000,0.00000,0.00000,-1.00000,509.5
quat6,0.00000,0.00000,0.00000,-1.00000,509.5
quat7,0.00000,0.00000,0.00000,-1.00000,509.5
quat8,0.00000,0.00000,0.00000,-1.00000,509.5
quat0,-0.87616,-0.45146,-0.07829,0.14969,509.52
quat1,-0.02147,-0.13062,-0.16193,0.97788,509.52
quat2,-0.14706,0.17213,-0.15641,-0.96140,509.52
quat3,-0.63206,0.09993,0.25184,-0.72601,509.52
quat4,-0.28531,-0.11607,0.32737,-0.89328,509.52
quat5,0.00000,0.00000,0.00000,-1.00000,509.52
quat6,0.00000,0.00000,0.00000,-1.00000,509.52
quat7,0.00000,0.00000,0.00000,-1.00000,509.52
quat8,0.00000,0.00000,0.00000,-1.00000,509.52
quat0,-0.88044,-0.44328,-0.09839,0.13654,509.54
quat1,-0.04483,-0.10916,-0.17241,0.97793,509.54
quat2,-0.13298,0.16034,-0.15858,-0.96512,509.54
quat3,-0.60397,0.07285,0.22172,-0.76207,509.54
quat4,-0.26238,-0.16302,0.29599,-0.90386,509.54
quat5,0.00000,0.00000,0.00000,-1.00000,509.54
quat6,0.00000,0.00000,0.00000,-1.00000,509.54
quat7,0.00000,0.00000,0.00000,-1.00000,509.54
quat8,0.00000,0.00000,0.00000,-1.00000,509.54
quat0,-0.88191,-0.43820,-0.12041,0.12537,509.56
quat1,-0.06758,-0.08601,-0.18589,0.97646,509.56
quat2,-0.11795,0.14377,-0.15810,-0.96976,509.56
quat3,-0.57430,0.04194,0.19332,-0.79439,509.56
quat4,-0.23593,-0.21354,0.26676,-0.90971,509.56
quat5,0.00000,0.00000,0.00000,-1.00000,509.56
quat6,0.00000,0.00000,0.00000,-1.00000,509.56
quat7,0.00000,0.00000,0.00000,-1.00000,509.56
quat8,0.00000,0.00000,0.00000,-1.00000,509.56
quat0,-0.88196,-0.43462,-0.14241,0.11392,509.58
quat1,-0.09018,-0.06222,-0.20114,0.97342,509.58
quat2,-0.10134,0.12550,-0.15533,-0.97460,509.58
quat3,-0.54387,0.00699,0.16744,-0.82227,509.58
quat4,-0.20768,-0.26389,0.23895,-0.91112,509.58
quat5,0.00000,0.00000,0.00000,-1.00000,509.58
quat6,0.00000,0.00000,0.00000,-1.00000,509.58
quat7,0.00000,0.00000,0.00000,-1.00000,509.58
quat8,0.00000,0.00000,0.00000,-1.00000,509.58
quat0,-0.87932,-0.43398,-0.16756,0.10188,509.6
quat1,-0.11290,-0.03777,-0.21850,0.96855,509.6
quat2,-0.08272,0.10820,-0.14982,-0.97929,509.6
quat3,-0.51252,-0.03012,0.14540,-0.84574,509.6
quat4,-0.17955,-0.31150,0.21073,-0.90902,509.6
quat5,0.00000,0.00000,0.00000,-1.00000,509.6
quat6,0.00000,0.00000,0.00000,-1.00000,509.6
quat7,0.00000,0.00000,0.00000,-1.00000,509.6
quat8,0.00000,0.00000,0.00000,-1.00000,509.6
quat0,-0.87572,-0.43373,-0.19073,0.09283,509.62
quat1,-0.13522,-0.01376,-0.23663,0.96205,509.62
quat2,-0.06233,0.09181,-0.14141,-0.98371,509.62
quat3,-0.47983,-0.06873,0.12746,-0.86533,509.62
quat4,-0.15228,-0.35558,0.18420,-0.90357,509.62
quat5,0.00000,0.00000,0.00000,-1.00000,509.62
quat6,0.00000,0.00000,0.00000,-1.00000,509.62
quat7,0.00000,0.00000,0.00000,-1.00000,509.62
quat8,0.00000,0.00000,0.00000,-1.00000,509.62
quat0,-0.86950,-0.43679,-0.21433,0.08519,509.64
quat1,-0.15689,0.01054,-0.25563,0.95390,509.64
quat2,-0.04059,0.07581,-0.13011,-0.98776,509.64
quat3,-0.44598,-0.10720,0.11194,-0.88152,509.64
quat4,-0.12656,-0.39595,0.15977,-0.89536,509.64
quat5,0.00000,0.00000,0.00000,-1.00000,509.64
quat6,0.00000,0.00000,0.00000,-1.00000,509.64
quat7,0.00000,0.00000,0.00000,-1.00000,509.64
quat8,0.00000,0.00000,0.00000,-1.00000,509.64
quat0,-0.86262,-0.44065,-0.23673,0.07534,509.66
quat1,-0.17845,0.03647,-0.27514,0.94399,509.66
quat2,-0.01807,0.05883,-0.11655,-0.99128,509.66
quat3,-0.41156,-0.14570,0.09899,-0.89420,509.66
quat4,-0.10286,-0.43193,0.13851,-0.88525,509.66
quat5,0.00000,0.00000,0.00000,-1.00000,509.66
quat6,0.00000,0.00000,0.00000,-1.00000,509.66
quat7,0.00000,0.00000,0.00000,-1.00000,509.66
quat8,0.00000,0.00000,0.00000,-1.00000,509.66
quat0,-0.85582,-0.44429,-0.25611,0.06779,509.68
quat1,-0.19971,0.06429,-0.29576,0.93194,509.68
quat2,0.00500,0.04122,-0.10136,-0.99398,509.68
quat3,-0.37747,-0.18168,0.08723,-0.90383,509.68
quat4,-0.08049,-0.46508,0.11983,-0.87342,509.68
quat5,0.00000,0.00000,0.00000,-1.00000,509.68
quat6,0.00000,0.00000,0.00000,-1.00000,509.68
quat7,0.00000,0.00000,0.00000,-1.00000,509.68
quat8,0.00000,0.00000,0.00000,-1.00000,509.68
quat0,-0.84896,-0.45111,-0.26871,0.05959,509.7
quat1,-0.22099,0.09427,-0.31816,0.91709,509.7
quat2,0.02867,0.02253,-0.08523,-0.99569,509.7
quat3,-0.34279,-0.21553,0.07736,-0.91108,509.7
quat4,-0.05921,-0.49681,0.10445,-0.85951,509.7
quat5,0.00000,0.00000,0.00000,-1.00000,509.7
quat6,0.00000,0.00000,0.00000,-1.00000,509.7
quat7,0.00000,0.00000,0.00000,-1.00000,509.7
quat8,0.00000,0.00000,0.00000,-1.00000,509.7
quat0,-0.84177,-0.45849,-0.28011,0.05246,509.72
quat1,-0.24240,0.12551,-0.34440,0.89826,509.72
quat2,0.05333,0.00147,-0.06800,-0.99626,509.72
quat3,-0.30730,-0.25158,0.07005,-0.91508,509.72
quat4,-0.03804,-0.53037,0.09202,-0.84190,509.72
quat5,0.00000,0.00000,0.00000,-1.00000,509.72
quat6,0.00000,0.00000,0.00000,-1.00000,509.72
quat7,0.00000,0.00000,0.00000,-1.00000,509.72
quat8,0.00000,0.00000,0.00000,-1.00000,509.72
quat0,-0.82582,-0.47052,-0.30857,0.03752,509.74
quat1,-0.26301,0.15379,-0.37463,0.87569,509.74
quat2,0.07911,-0.02211,-0.04984,-0.99537,509.74
quat3,-0.27194,-0.29167,0.06474,-0.91476,509.74
quat4,-0.01737,-0.56733,0.08346,-0.81907,509.74
quat5,0.00000,0.00000,0.00000,-1.00000,509.74
quat6,0.00000,0.00000,0.00000,-1.00000,509.74
quat7,0.00000,0.00000,0.00000,-1.00000,509.74
quat8,0.00000,0.00000,0.00000,-1.00000,509.74
quat0,-0.80799,-0.49152,-0.32336,0.03144,509.76
quat1,-0.28060,0.17690,-0.40770,0.85074,509.76
quat2,0.10616,-0.04741,-0.02979,-0.99277,509.76
quat3,-0.23757,-0.33412,0.06015,-0.91011,509.76
quat4,0.00237,-0.60909,0.07667,-0.78939,509.76
quat5,0.00000,0.00000,0.00000,-1.00000,509.76
quat6,0.00000,0.00000,0.00000,-1.00000,509.76
quat7,0.00000,0.00000,0.00000,-1.00000,509.76
quat8,0.00000,0.00000,0.00000,-1.00000,509.76
quat0,-0.79523,-0.50556,-0.33376,0.02496,509.78
quat1,-0.29462,0.20182,-0.44077,0.82352,509.78
quat2,0.13519,-0.07528,-0.00889,-0.98792,509.78
quat3,-0.20563,-0.37639,0.05697,-0.90156,509.78
quat4,0.02034,-0.65398,0.07174,-0.75283,509.78
quat5,0.00000,0.00000,0.00000,-1.00000,509.78
quat6,0.00000,0.00000,0.00000,-1.00000,509.78
quat7,0.00000,0.00000,0.00000,-1.00000,509.78
quat8,0.00000,0.00000,0.00000,-1.00000,509.78
quat0,-0.77881,-0.52128,-0.34840,0.01834,509.8
quat1,-0.30754,0.22932,-0.47499,0.79197,509.8
quat2,0.16630,-0.10523,0.01458,-0.98034,509.8
quat3,-0.17804,-0.41854,0.05427,-0.88892,509.8
quat4,0.03581,-0.69854,0.06655,-0.71157,509.8
quat5,0.00000,0.00000,0.00000,-1.00000,509.8
quat6,0.00000,0.00000,0.00000,-1.00000,509.8
quat7,0.00000,0.00000,0.00000,-1.00000,509.8
quat8,0.00000,0.00000,0.00000,-1.00000,509.8
quat0,-0.76165,-0.53809,-0.36096,0.00778,509.82
quat1,-0.31861,0.25488,-0.50960,0.75751,509.82
quat2,0.19891,-0.13596,0.04089,-0.96968,509.82
quat3,-0.15081,-0.46640,0.05407,-0.86994,509.82
quat4,0.04636,-0.73995,0.06032,-0.66835,509.82
quat5,0.00000,0.00000,0.00000,-1.00000,509.82
quat6,0.00000,0.00000,0.00000,-1.00000,509.82
quat7,0.00000,0.00000,0.00000,-1.00000,509.82
quat8,0.00000,0.00000,0.00000,-1.00000,509.82
quat0,-0.73872,-0.56193,-0.37219,0.00049,509.84
quat1,-0.32743,0.28051,-0.54352,0.72020,509.84
quat2,0.23180,-0.16558,0.07110,-0.95593,509.84
quat3,-0.12391,-0.51435,0.05494,-0.84680,509.84
quat4,0.05392,-0.77471,0.05284,-0.62780,509.84
quat5,0.00000,0.00000,0.00000,-1.00000,509.84
quat6,0.00000,0.00000,0.00000,-1.00000,509.84
quat7,0.00000,0.00000,0.00000,-1.00000,509.84
quat8,0.00000,0.00000,0.00000,-1.00000,509.84
quat0,-0.71518,-0.58516,-0.38224,-0.00039,509.86
quat1,-0.33284,0.30401,-0.57643,0.68156,509.86
quat2,0.26380,-0.19336,0.10435,-0.93922,509.86
quat3,-0.09962,-0.55280,0.05880,-0.82525,509.86
quat4,0.06049,-0.79987,0.04378,-0.59551,509.86
quat5,0.00000,0.00000,0.00000,-1.00000,509.86
quat6,0.00000,0.00000,0.00000,-1.00000,509.86
quat7,0.00000,0.00000,0.00000,-1.00000,509.86
quat8,0.00000,0.00000,0.00000,-1.00000,509.86
quat0,-0.69056,-0.60616,-0.39452,-0.00731,509.88
quat1,-0.33512,0.32502,-0.60802,0.64216,509.88
quat2,0.29334,-0.21691,0.14157,-0.92025,509.88
quat3,-0.07889,-0.58158,0.06309,-0.80719,509.88
quat4,0.06932,-0.81505,0.03294,-0.57429,509.88
quat5,0.00000,0.00000,0.00000,-1.00000,509.88
quat6,0.00000,0.00000,0.00000,-1.00000,509.88
quat7,0.00000,0.00000,0.00000,-1.00000,509.88
quat8,0.00000,0.00000,0.00000,-1.00000,509.88
quat0,-0.66542,-0.62946,-0.40114,-0.00950,509.9
quat1,-0.33734,0.34414,-0.63793,0.60068,509.9
quat2,0.31947,-0.23516,0.18226,-0.89968,509.9
quat3,-0.06113,-0.60462,0.06609,-0.79141,509.9
quat4,0.08168,-0.82265,0.02213,-0.56221,509.9
quat5,0.00000,0.00000,0.00000,-1.00000,509.9
quat6,0.00000,0.00000,0.00000,-1.00000,509.9
quat7,0.00000,0.00000,0.00000,-1.00000,509.9
quat8,0.00000,0.00000,0.00000,-1.00000,509.9
quat0,-0.64508,-0.64748,-0.40561,-0.01092,509.92
quat1,-0.34004,0.36133,-0.66547,0.55764,509.92
quat2,0.34132,-0.24971,0.22595,-0.87755,509.92
quat3,-0.04516,-0.62488,0.06780,-0.77646,509.92
quat4,0.09627,-0.82793,0.01208,-0.55238,509.92
quat5,0.00000,0.00000,0.00000,-1.00000,509.92
quat6,0.00000,0.00000,0.00000,-1.00000,509.92
quat7,0.00000,0.00000,0.00000,-1.00000,509.92
quat8,0.00000,0.00000,0.00000,-1.00000,509.92
quat0,-0.61551,-0.66913,-0.41595,-0.02023,509.94
quat1,-0.34343,0.37707,-0.69031,0.51318,509.94
quat2,0.35938,-0.26251,0.27065,-0.85363,509.94
quat3,-0.03031,-0.63978,0.07203,-0.76457,509.94
quat4,0.11194,-0.83147,0.00246,-0.54417,509.94
quat5,0.00000,0.00000,0.00000,-1.00000,509.94
quat6,0.00000,0.00000,0.00000,-1.00000,509.94
quat7,0.00000,0.00000,0.00000,-1.00000,509.94
quat8,0.00000,0.00000,0.00000,-1.00000,509.94
quat0,-0.60302,-0.68482,-0.40877,-0.01688,509.96
quat1,-0.34617,0.39014,-0.71276,0.46897,509.96
quat2,0.37478,-0.27413,0.31556,-0.82754,509.96
quat3,-0.01582,-0.64776,0.07871,-0.75760,509.96
quat4,0.12821,-0.83004,-0.00596,-0.54273,509.96
quat5,0.00000,0.00000,0.00000,-1.00000,509.96
quat6,0.00000,0.00000,0.00000,-1.00000,509.96
quat7,0.00000,0.00000,0.00000,-1.00000,509.96
quat8,0.00000,0.00000,0.00000,-1.00000,509.96
quat0,-0.57794,-0.70301,-0.41399,-0.01919,509.98
quat1,-0.34710,0.39949,-0.73306,0.42725,509.98
quat2,0.38873,-0.28468,0.35961,-0.79908,509.98
quat3,-0.00043,-0.65004,0.08842,-0.75474,509.98
quat4,0.14426,-0.82236,-0.01275,-0.55023,509.98
quat5,0.00000,0.00000,0.00000,-1.00000,509.98
quat6,0.00000,0.00000,0.00000,-1.00000,509.98
quat7,0.00000,0.00000,0.00000,-1.00000,509.98
quat8,0.00000,0.00000,0.00000,-1.00000,509.98
quat0,-0.56992,-0.71451,-0.40540,-0.01810,510
quat1,-0.34727,0.40695,-0.75015,0.38869,510
quat2,0.40055,-0.29318,0.40206,-0.76939,510
quat3,0.01457,-0.64766,0.10018,-0.75517,510
quat4,0.15939,-0.80867,-0.01744,-0.56599,510
quat5,0.00000,0.00000,0.00000,-1.00000,510
quat6,0.00000,0.00000,0.00000,-1.00000,510
quat7,0.00000,0.00000,0.00000,-1.00000,510
quat8,0.00000,0.00000,0.00000,-1.00000,510
quat0,-0.55018,-0.72796,-0.40819,-0.02754,510.02
quat1,-0.34734,0.41227,-0.76406,0.35440,510.02
quat2,0.40884,-0.29926,0.44174,-0.74038,510.02
quat3,0.02802,-0.64354,0.11133,-0.75675,510.02
quat4,0.17282,-0.79215,-0.02053,-0.58498,510.02
quat5,0.00000,0.00000,0.00000,-1.00000,510.02
quat6,0.00000,0.00000,0.00000,-1.00000,510.02
quat7,0.00000,0.00000,0.00000,-1.00000,510.02
quat8,0.00000,0.00000,0.00000,-1.00000,510.02
quat0,-0.53771,-0.73787,-0.40684,-0.02991,510.04
quat1,-0.34697,0.41324,-0.77566,0.32740,510.04
quat2,0.41192,-0.30102,0.47888,-0.71441,510.04
quat3,0.04033,-0.63939,0.12135,-0.75817,510.04
quat4,0.18508,-0.77729,-0.02268,-0.60087,510.04
quat5,0.00000,0.00000,0.00000,-1.00000,510.04
quat6,0.00000,0.00000,0.00000,-1.00000,510.04
quat7,0.00000,0.00000,0.00000,-1.00000,510.04
quat8,0.00000,0.00000,0.00000,-1.00000,510.04
quat0,-0.52616,-0.74696,-0.40486,-0.03609,510.06
quat1,-0.34621,0.40938,-0.78607,0.30763,510.06
quat2,0.41091,-0.29855,0.51250,-0.69236,510.06
quat3,0.05075,-0.63580,0.13057,-0.75904,510.06
quat4,0.19648,-0.76593,-0.02425,-0.61168,510.06
quat5,0.00000,0.00000,0.00000,-1.00000,510.06
quat6,0.00000,0.00000,0.00000,-1.00000,510.06
quat7,0.00000,0.00000,0.00000,-1.00000,510.06
quat8,0.00000,0.00000,0.00000,-1.00000,510.06
quat0,-0.51934,-0.75310,-0.40205,-0.03852,510.08
quat1,-0.34568,0.40377,-0.79439,0.29397,510.08
quat2,0.40776,-0.29332,0.54105,-0.67451,510.08
quat3,0.05768,-0.63251,0.13829,-0.75993,510.08
quat4,0.20642,-0.75690,-0.02469,-0.61958,510.08
quat5,0.00000,0.00000,0.00000,-1.00000,510.08
quat6,0.00000,0.00000,0.00000,-1.00000,510.08
quat7,0.00000,0.00000,0.00000,-1.00000,510.08
quat8,0.00000,0.00000,0.00000,-1.00000,510.08
quat0,-0.51987,-0.75568,-0.39645,-0.03889,510.1
quat1,-0.34705,0.39758,-0.79994,0.28564,510.1
quat2,0.40361,-0.28700,0.56376,-0.66099,510.1
quat3,0.06221,-0.62895,0.14630,-0.76101,510.1
quat4,0.21427,-0.74896,-0.02338,-0.62658,510.1
quat5,0.00000,0.00000,0.00000,-1.00000,510.1
quat6,0.00000,0.00000,0.00000,-1.00000,510.1
quat7,0.00000,0.00000,0.00000,-1.00000,510.1
quat8,0.00000,0.00000,0.00000,-1.00000,510.1
quat0,-0.52442,-0.75671,-0.38880,-0.03487,510.12
quat1,-0.34859,0.39069,-0.80345,0.28341,510.12
quat2,0.40040,-0.28036,0.57962,-0.65201,510.12
quat3,0.06401,-0.62478,0.15440,-0.76270,510.12
quat4,0.22019,-0.74058,-0.01966,-0.63456,510.12
quat5,0.00000,0.00000,0.00000,-1.00000,510.12
quat6,0.00000,0.00000,0.00000,-1.00000,510.12
quat7,0.00000,0.00000,0.00000,-1.00000,510.12
quat8,0.00000,0.00000,0.00000,-1.00000,510.12
quat0,-0.53252,-0.75512,-0.38106,-0.03174,510.14
quat1,-0.34913,0.38366,-0.80520,0.28735,510.14
quat2,0.39923,-0.27389,0.58810,-0.64787,510.14
quat3,0.06302,-0.62071,0.16237,-0.76445,510.14
quat4,0.22434,-0.73133,-0.01368,-0.64392,510.14
quat5,0.00000,0.00000,0.00000,-1.00000,510.14
quat6,0.00000,0.00000,0.00000,-1.00000,510.14
quat7,0.00000,0.00000,0.00000,-1.00000,510.14
quat8,0.00000,0.00000,0.00000,-1.00000,510.14
quat0,-0.54260,-0.75119,-0.37453,-0.03194,510.16
quat1,-0.34855,0.37591,-0.80559,0.29704,510.16
quat2,0.39956,-0.26733,0.58932,-0.64929,510.16
quat3,0.05951,-0.61503,0.16990,-0.76768,510.16
quat4,0.22664,-0.72310,-0.00573,-0.65248,510.16
quat5,0.00000,0.00000,0.00000,-1.00000,510.16
quat6,0.00000,0.00000,0.00000,-1.00000,510.16
quat7,0.00000,0.00000,0.00000,-1.00000,510.16
quat8,0.00000,0.00000,0.00000,-1.00000,510.16
quat0,-0.55597,-0.74518,-0.36692,-0.03114,510.18
quat1,-0.34768,0.36806,-0.80416,0.31143,510.18
quat2,0.40089,-0.25953,0.58381,-0.65658,510.18
quat3,0.05382,-0.60834,0.17626,-0.77198,510.18
quat4,0.22698,-0.71723,0.00284,-0.65882,510.18
quat5,0.00000,0.00000,0.00000,-1.00000,510.18
quat6,0.00000,0.00000,0.00000,-1.00000,510.18
quat7,0.00000,0.00000,0.00000,-1.00000,510.18
quat8,0.00000,0.00000,0.00000,-1.00000,510.18
quat0,-0.57236,-0.73645,-0.35929,-0.03093,510.2
quat1,-0.34609,0.35942,-0.80061,0.33175,510.2
quat2,0.40340,-0.25144,0.57107,-0.66927,510.2
quat3,0.04610,-0.60157,0.18179,-0.77649,510.2
quat4,0.22579,-0.71415,0.01116,-0.66248,510.2
quat5,0.00000,0.00000,0.00000,-1.00000,510.2
quat6,0.00000,0.00000,0.00000,-1.00000,510.2
quat7,0.00000,0.00000,0.00000,-1.00000,510.2
quat8,0.00000,0.00000,0.00000,-1.00000,510.2
quat0,-0.59138,-0.72517,-0.35141,-0.03003,510.22
quat1,-0.34544,0.35030,-0.79393,0.35727,510.22
quat2,0.40573,-0.24293,0.55208,-0.68671,510.22
quat3,0.03484,-0.59560,0.18371,-0.78121,510.22
quat4,0.22294,-0.71371,0.01870,-0.66375,510.22
quat5,0.00000,0.00000,0.00000,-1.00000,510.22
quat6,0.00000,0.00000,0.00000,-1.00000,510.22
quat7,0.00000,0.00000,0.00000,-1.00000,510.22
quat8,0.00000,0.00000,0.00000,-1.00000,510.22
quat0,-0.61193,-0.71117,-0.34469,-0.03107,510.24
quat1,-0.34653,0.34018,-0.78406,0.38659,510.24
quat2,0.40638,-0.23385,0.52759,-0.70839,510.24
quat3,0.02093,-0.58911,0.18313,-0.78675,510.24
quat4,0.21752,-0.71489,0.02646,-0.66402,510.24
quat5,0.00000,0.00000,0.00000,-1.00000,510.24
quat6,0.00000,0.00000,0.00000,-1.00000,510.24
quat7,0.00000,0.00000,0.00000,-1.00000,510.24
quat8,0.00000,0.00000,0.00000,-1.00000,510.24
quat0,-0.63218,-0.69449,-0.34192,-0.03356,510.26
quat1,-0.34942,0.32839,-0.77106,0.41896,510.26
quat2,0.40450,-0.22339,0.49857,-0.73342,510.26
quat3,0.00465,-0.58087,0.18142,-0.79351,510.26
quat4,0.20929,-0.71689,0.03473,-0.66412,510.26
quat5,0.00000,0.00000,0.00000,-1.00000,510.26
quat6,0.00000,0.00000,0.00000,-1.00000,510.26
quat7,0.00000,0.00000,0.00000,-1.00000,510.26
quat8,0.00000,0.00000,0.00000,-1.00000,510.26
quat0,-0.65178,-0.67691,-0.34003,-0.03688,510.28
quat1,-0.35285,0.31490,-0.75513,0.45399,510.28
quat2,0.39991,-0.21138,0.46607,-0.76038,510.28
quat3,-0.01336,-0.56922,0.17922,-0.80230,510.28
quat4,0.19888,-0.71801,0.04390,-0.66557,510.28
quat5,0.00000,0.00000,0.00000,-1.00000,510.28
quat6,0.00000,0.00000,0.00000,-1.00000,510.28
quat7,0.00000,0.00000,0.00000,-1.00000,510.28
quat8,0.00000,0.00000,0.00000,-1.00000,510.28
quat0,-0.67524,-0.65625,-0.33511,-0.03294,510.3
quat1,-0.35608,0.30005,-0.73683,0.49016,510.3
quat2,0.39334,-0.19648,0.42912,-0.78901,510.3
quat3,-0.03294,-0.55435,0.17659,-0.81267,510.3
quat4,0.18640,-0.71631,0.05288,-0.67035,510.3
quat5,0.00000,0.00000,0.00000,-1.00000,510.3
quat6,0.00000,0.00000,0.00000,-1.00000,510.3
quat7,0.00000,0.00000,0.00000,-1.00000,510.3
quat8,0.00000,0.00000,0.00000,-1.00000,510.3
quat0,-0.69652,-0.63525,-0.33270,-0.02518,510.32
quat1,-0.35896,0.28636,-0.71655,0.52508,510.32
quat2,0.38428,-0.18005,0.38786,-0.81822,510.32
quat3,-0.05450,-0.53485,0.17265,-0.82532,510.32
quat4,0.17115,-0.71009,0.06285,-0.68009,510.32
quat5,0.00000,0.00000,0.00000,-1.00000,510.32
quat6,0.00000,0.00000,0.00000,-1.00000,510.32
quat7,0.00000,0.00000,0.00000,-1.00000,510.32
quat8,0.00000,0.00000,0.00000,-1.00000,510.32
quat0,-0.71968,-0.61240,-0.32673,-0.01654,510.34
quat1,-0.36052,0.27206,-0.69586,0.55838,510.34
quat2,0.37264,-0.15980,0.34270,-0.84745,510.34
quat3,-0.07718,-0.51029,0.16811,-0.83987,510.34
quat4,0.15337,-0.69831,0.07430,-0.69521,510.34
quat5,0.00000,0.00000,0.00000,-1.00000,510.34
quat6,0.00000,0.00000,0.00000,-1.00000,510.34
quat7,0.00000,0.00000,0.00000,-1.00000,510.34
quat8,0.00000,0.00000,0.00000,-1.00000,510.34
quat0,-0.73823,-0.59235,-0.32249,-0.01150,510.36
quat1,-0.35859,0.25589,-0.67490,0.59198,510.36
quat2,0.35781,-0.13643,0.29438,-0.87561,510.36
quat3,-0.09890,-0.48185,0.16417,-0.85504,510.36
quat4,0.13405,-0.68293,0.08624,-0.71288,510.36
quat5,0.00000,0.00000,0.00000,-1.00000,510.36
quat6,0.00000,0.00000,0.00000,-1.00000,510.36
quat7,0.00000,0.00000,0.00000,-1.00000,510.36
quat8,0.00000,0.00000,0.00000,-1.00000,510.36
quat0,-0.75722,-0.57284,-0.31378,-0.00272,510.38
quat1,-0.35316,0.23507,-0.65375,0.62661,510.38
quat2,0.33974,-0.11274,0.24474,-0.90109,510.38
quat3,-0.12258,-0.45094,0.15871,-0.86973,510.38
quat4,0.11457,-0.66477,0.09773,-0.73172,510.38
quat5,0.00000,0.00000,0.00000,-1.00000,510.38
quat6,0.00000,0.00000,0.00000,-1.00000,510.38
quat7,0.00000,0.00000,0.00000,-1.00000,510.38
quat8,0.00000,0.00000,0.00000,-1.00000,510.38
quat0,-0.77507,-0.55533,-0.30142,0.00443,510.4
quat1,-0.34957,0.21357,-0.63000,0.65977,510.4
quat2,0.31816,-0.08948,0.19465,-0.92352,510.4
quat3,-0.15006,-0.41704,0.15365,-0.88315,510.4
quat4,0.09349,-0.64589,0.10784,-0.74997,510.4
quat5,0.00000,0.00000,0.00000,-1.00000,510.4
quat6,0.00000,0.00000,0.00000,-1.00000,510.4
quat7,0.00000,0.00000,0.00000,-1.00000,510.4
quat8,0.00000,0.00000,0.00000,-1.00000,510.4
quat0,-0.79176,-0.53809,-0.28900,0.00715,510.42
quat1,-0.34654,0.19126,-0.60419,0.69158,510.42
quat2,0.29271,-0.06638,0.14603,-0.94265,510.42
quat3,-0.18072,-0.38444,0.14947,-0.89286,510.42
quat4,0.07148,-0.62893,0.11898,-0.76497,510.42
quat5,0.00000,0.00000,0.00000,-1.00000,510.42
quat6,0.00000,0.00000,0.00000,-1.00000,510.42
quat7,0.00000,0.00000,0.00000,-1.00000,510.42
quat8,0.00000,0.00000,0.00000,-1.00000,510.42
quat0,-0.80858,-0.52154,-0.27193,0.01598,510.44
quat1,-0.34273,0.16657,-0.57650,0.72280,510.44
quat2,0.26322,-0.04145,0.10049,-0.95859,510.44
quat3,-0.21548,-0.35240,0.14507,-0.89908,510.44
quat4,0.05011,-0.61216,0.13084,-0.77823,510.44
quat5,0.00000,0.00000,0.00000,-1.00000,510.44
quat6,0.00000,0.00000,0.00000,-1.00000,510.44
quat7,0.00000,0.00000,0.00000,-1.00000,510.44
quat8,0.00000,0.00000,0.00000,-1.00000,510.44
quat0,-0.82395,-0.50506,-0.25535,0.02864,510.46
quat1,-0.33869,0.14011,-0.54678,0.75279,510.46
quat2,0.23101,-0.01475,0.05957,-0.97101,510.46
quat3,-0.25382,-0.32489,0.14174,-0.89996,510.46
quat4,0.02903,-0.59477,0.14332,-0.79048,510.46
quat5,0.00000,0.00000,0.00000,-1.00000,510.46
quat6,0.00000,0.00000,0.00000,-1.00000,510.46
quat7,0.00000,0.00000,0.00000,-1.00000,510.46
quat8,0.00000,0.00000,0.00000,-1.00000,510.46
quat0,-0.83650,-0.49262,-0.23727,0.03610,510.48
quat1,-0.33480,0.11415,-0.51513,0.78072,510.48
quat2,0.19773,0.01201,0.02280,-0.97992,510.48
quat3,-0.29461,-0.29851,0.14129,-0.89674,510.48
quat4,0.00616,-0.57580,0.15803,-0.80215,510.48
quat5,0.00000,0.00000,0.00000,-1.00000,510.48
quat6,0.00000,0.00000,0.00000,-1.00000,510.48
quat7,0.00000,0.00000,0.00000,-1.00000,510.48
quat8,0.00000,0.00000,0.00000,-1.00000,510.48
quat0,-0.84949,-0.47912,-0.21635,0.04479,510.5
quat1,-0.32994,0.08945,-0.48249,0.80644,510.5
quat2,0.16493,0.03776,-0.00948,-0.98554,510.5
quat3,-0.33723,-0.27028,0.14332,-0.89033,510.5
quat4,-0.01867,-0.55646,0.17410,-0.81221,510.5
quat5,0.00000,0.00000,0.00000,-1.00000,510.5
quat6,0.00000,0.00000,0.00000,-1.00000,510.5
quat7,0.00000,0.00000,0.00000,-1.00000,510.5
quat8,0.00000,0.00000,0.00000,-1.00000,510.5
quat0,-0.86032,-0.46828,-0.19453,0.05218,510.52
quat1,-0.32345,0.06662,-0.44916,0.83018,510.52
quat2,0.13300,0.06160,-0.03781,-0.98848,510.52
quat3,-0.38221,-0.23919,0.14625,-0.88052,510.52
quat4,-0.04527,-0.53602,0.19303,-0.82060,510.52
quat5,0.00000,0.00000,0.00000,-1.00000,510.52
quat6,0.00000,0.00000,0.00000,-1.00000,510.52
quat7,0.00000,0.00000,0.00000,-1.00000,510.52
quat8,0.00000,0.00000,0.00000,-1.00000,510.52
quat0,-0.87061,-0.45896,-0.16539,0.06348,510.54
quat1,-0.31364,0.04408,-0.41630,0.85228,510.54
quat2,0.10161,0.08580,-0.06092,-0.98924,510.54
quat3,-0.42861,-0.20396,0.14901,-0.86746,510.54
quat4,-0.07304,-0.51318,0.21251,-0.82834,510.54
quat5,0.00000,0.00000,0.00000,-1.00000,510.54
quat6,0.00000,0.00000,0.00000,-1.00000,510.54
quat7,0.00000,0.00000,0.00000,-1.00000,510.54
quat8,0.00000,0.00000,0.00000,-1.00000,510.54
quat0,-0.87632,-0.45420,-0.14400,0.07084,510.56
quat1,-0.30106,0.02060,-0.38482,0.87227,510.56
quat2,0.07111,0.11318,-0.07942,-0.98784,510.56
quat3,-0.47554,-0.16780,0.15232,-0.85000,510.56
quat4,-0.10240,-0.48823,0.23416,-0.83445,510.56
quat5,0.00000,0.00000,0.00000,-1.00000,510.56
quat6,0.00000,0.00000,0.00000,-1.00000,510.56
quat7,0.00000,0.00000,0.00000,-1.00000,510.56
quat8,0.00000,0.00000,0.00000,-1.00000,510.56
quat0,-0.88133,-0.45017,-0.11890,0.08037,510.58
quat1,-0.28545,-0.00356,-0.35554,0.89000,510.58
quat2,0.04146,0.14274,-0.09440,-0.98438,510.58
quat3,-0.52110,-0.13164,0.15648,-0.82864,510.58
quat4,-0.13371,-0.46106,0.25828,-0.83836,510.58
quat5,0.00000,0.00000,0.00000,-1.00000,510.58
quat6,0.00000,0.00000,0.00000,-1.00000,510.58
quat7,0.00000,0.00000,0.00000,-1.00000,510.58
quat8,0.00000,0.00000,0.00000,-1.00000,510.58
quat0,-0.88567,-0.44598,-0.09377,0.08889,510.6
quat1,-0.26745,-0.02951,-0.32857,0.90534,510.6
quat2,0.01259,0.17164,-0.10742,-0.97920,510.6
quat3,-0.56468,-0.09713,0.16230,-0.80334,510.6
quat4,-0.16698,-0.43040,0.28341,-0.84057,510.6
quat5,0.00000,0.00000,0.00000,-1.00000,510.6
quat6,0.00000,0.00000,0.00000,-1.00000,510.6
quat7,0.00000,0.00000,0.00000,-1.00000,510.6
quat8,0.00000,0.00000,0.00000,-1.00000,510.6
quat0,-0.88753,-0.44451,-0.07111,0.09817,510.62
quat1,-0.24830,-0.05675,-0.30422,0.91792,510.62
quat2,-0.01607,0.20044,-0.11865,-0.97236,510.62
quat3,-0.60579,-0.06524,0.16940,-0.77464,510.62
quat4,-0.20154,-0.39758,0.30693,-0.84090,510.62
quat5,0.00000,0.00000,0.00000,-1.00000,510.62
quat6,0.00000,0.00000,0.00000,-1.00000,510.62
quat7,0.00000,0.00000,0.00000,-1.00000,510.62
quat8,0.00000,0.00000,0.00000,-1.00000,510.62
quat0,-0.88765,-0.44529,-0.04790,0.10720,510.64
quat1,-0.22881,-0.08423,-0.28189,0.92795,510.64
quat2,-0.04467,0.22882,-0.12842,-0.96393,510.64
quat3,-0.64509,-0.03009,0.17540,-0.74310,510.64
quat4,-0.23628,-0.36318,0.32993,-0.83870,510.64
quat5,0.00000,0.00000,0.00000,-1.00000,510.64
quat6,0.00000,0.00000,0.00000,-1.00000,510.64
quat7,0.00000,0.00000,0.00000,-1.00000,510.64
quat8,0.00000,0.00000,0.00000,-1.00000,510.64
quat0,-0.88724,-0.44655,-0.03058,0.11160,510.66
quat1,-0.20858,-0.11304,-0.26115,0.93569,510.66
quat2,-0.07244,0.25478,-0.13589,-0.95466,510.66
quat3,-0.68010,0.00645,0.18146,-0.71027,510.66
quat4,-0.27089,-0.32656,0.35357,-0.83364,510.66
quat5,0.00000,0.00000,0.00000,-1.00000,510.66
quat6,0.00000,0.00000,0.00000,-1.00000,510.66
quat7,0.00000,0.00000,0.00000,-1.00000,510.66
quat8,0.00000,0.00000,0.00000,-1.00000,510.66
quat0,-0.88484,-0.44989,-0.01199,0.12048,510.68
quat1,-0.18853,-0.14159,-0.24132,0.94137,510.68
quat2,-0.09879,0.27896,-0.14108,-0.94473,510.68
quat3,-0.71253,0.04433,0.18682,-0.67486,510.68
quat4,-0.30527,-0.28654,0.37669,-0.82632,510.68
quat5,0.00000,0.00000,0.00000,-1.00000,510.68
quat6,0.00000,0.00000,0.00000,-1.00000,510.68
quat7,0.00000,0.00000,0.00000,-1.00000,510.68
quat8,0.00000,0.00000,0.00000,-1.00000,510.68
quat0,-0.88143,-0.45423,0.00639,0.12928,510.7
quat1,-0.16795,-0.16884,-0.22292,0.94530,510.7
quat2,-0.12256,0.30178,-0.14425,-0.93440,510.7
quat3,-0.74204,0.08077,0.19350,-0.63672,510.7
quat4,-0.33851,-0.24307,0.39802,-0.81726,510.7
quat5,0.00000,0.00000,0.00000,-1.00000,510.7
quat6,0.00000,0.00000,0.00000,-1.00000,510.7
quat7,0.00000,0.00000,0.00000,-1.00000,510.7
quat8,0.00000,0.00000,0.00000,-1.00000,510.7
quat0,-0.87554,-0.46212,0.02586,0.13858,510.72
quat1,-0.14702,-0.19359,-0.20694,0.94768,510.72
quat2,-0.14423,0.32238,-0.14680,-0.92397,510.72
quat3,-0.76712,0.11168,0.20437,-0.59773,510.72
quat4,-0.36880,-0.19847,0.41917,-0.80554,510.72
quat5,0.00000,0.00000,0.00000,-1.00000,510.72
quat6,0.00000,0.00000,0.00000,-1.00000,510.72
quat7,0.00000,0.00000,0.00000,-1.00000,510.72
quat8,0.00000,0.00000,0.00000,-1.00000,510.72
quat0,-0.86742,-0.47273,0.04629,0.14821,510.74
quat1,-0.12533,-0.21630,-0.19400,0.94861,510.74
quat2,-0.16252,0.34298,-0.14933,-0.91305,510.74
quat3,-0.78879,0.13703,0.21971,-0.55746,510.74
quat4,-0.39563,-0.15407,0.44076,-0.79086,510.74
quat5,0.00000,0.00000,0.00000,-1.00000,510.74
quat6,0.00000,0.00000,0.00000,-1.00000,510.74
quat7,0.00000,0.00000,0.00000,-1.00000,510.74
quat8,0.00000,0.00000,0.00000,-1.00000,510.74
quat0,-0.86054,-0.48180,0.06097,0.15372,510.76
quat1,-0.10272,-0.23781,-0.18342,0.94829,510.76
quat2,-0.17714,0.35705,-0.15008,-0.90477,510.76
quat3,-0.80625,0.16000,0.23837,-0.51725,510.76
quat4,-0.41883,-0.11107,0.46340,-0.77299,510.76
quat5,0.00000,0.00000,0.00000,-1.00000,510.76
quat6,0.00000,0.00000,0.00000,-1.00000,510.76
quat7,0.00000,0.00000,0.00000,-1.00000,510.76
quat8,0.00000,0.00000,0.00000,-1.00000,510.76
quat0,-0.85066,-0.49036,0.08579,0.16900,510.78
quat1,-0.07772,-0.25932,-0.17461,0.94669,510.78
quat2,-0.18691,0.36405,-0.14907,-0.90017,510.78
quat3,-0.81979,0.18205,0.25799,-0.47775,510.78
quat4,-0.43841,-0.06822,0.48716,-0.75221,510.78
quat5,0.00000,0.00000,0.00000,-1.00000,510.78
quat6,0.00000,0.00000,0.00000,-1.00000,510.78
quat7,0.00000,0.00000,0.00000,-1.00000,510.78
quat8,0.00000,0.00000,0.00000,-1.00000,510.78
quat0,-0.84406,-0.49673,0.09901,0.17613,510.8
quat1,-0.05071,-0.27733,-0.16788,0.94463,510.8
quat2,-0.19267,0.36534,-0.14663,-0.89884,510.8
quat3,-0.82999,0.20387,0.27682,-0.43922,510.8
quat4,-0.45452,-0.02557,0.51148,-0.72880,510.8
quat5,0.00000,0.00000,0.00000,-1.00000,510.8
quat6,0.00000,0.00000,0.00000,-1.00000,510.8
quat7,0.00000,0.00000,0.00000,-1.00000,510.8
quat8,0.00000,0.00000,0.00000,-1.00000,510.8
quat0,-0.83508,-0.50480,0.11635,0.18517,510.82
quat1,-0.02225,-0.29044,-0.16189,0.94284,510.82
quat2,-0.19607,0.36344,-0.14298,-0.89946,510.82
quat3,-0.83725,0.22485,0.29414,-0.40241,510.82
quat4,-0.46824,0.01523,0.53543,-0.70274,510.82
quat5,0.00000,0.00000,0.00000,-1.00000,510.82
quat6,0.00000,0.00000,0.00000,-1.00000,510.82
quat7,0.00000,0.00000,0.00000,-1.00000,510.82
quat8,0.00000,0.00000,0.00000,-1.00000,510.82
quat0,-0.82483,-0.51372,0.13019,0.19698,510.84
quat1,0.00531,-0.30063,-0.15619,0.94085,510.84
quat2,-0.19869,0.36054,-0.13596,-0.90114,510.84
quat3,-0.84175,0.24592,0.30942,-0.36775,510.84
quat4,-0.47973,0.05183,0.55855,-0.67468,510.84
quat5,0.00000,0.00000,0.00000,-1.00000,510.84
quat6,0.00000,0.00000,0.00000,-1.00000,510.84
quat7,0.00000,0.00000,0.00000,-1.00000,510.84
quat8,0.00000,0.00000,0.00000,-1.00000,510.84
quat0,-0.81387,-0.52379,0.14284,0.20701,510.86
quat1,0.02814,-0.30977,-0.15110,0.93831,510.86
quat2,-0.20101,0.35891,-0.12724,-0.90255,510.86
quat3,-0.84435,0.26888,0.32074,-0.33450,510.86
quat4,-0.48973,0.08531,0.57990,-0.64545,510.86
quat5,0.00000,0.00000,0.00000,-1.00000,510.86
quat6,0.00000,0.00000,0.00000,-1.00000,510.86
quat7,0.00000,0.00000,0.00000,-1.00000,510.86
quat8,0.00000,0.00000,0.00000,-1.00000,510.86
quat0,-0.79906,-0.53570,0.16294,0.21904,510.88
quat1,0.04643,-0.32347,-0.14525,0.93387,510.88
quat2,-0.20413,0.35938,-0.11926,-0.90275,510.88
quat3,-0.84654,0.29272,0.32592,-0.30243,510.88
quat4,-0.49886,0.11747,0.59853,-0.61571,510.88
quat5,0.00000,0.00000,0.00000,-1.00000,510.88
quat6,0.00000,0.00000,0.00000,-1.00000,510.88
quat7,0.00000,0.00000,0.00000,-1.00000,510.88
quat8,0.00000,0.00000,0.00000,-1.00000,510.88
quat0,-0.78784,-0.55189,0.16508,0.21788,510.9
quat1,0.06242,-0.33809,-0.13970,0.92859,510.9
quat2,-0.20783,0.36074,-0.11335,-0.90212,510.9
quat3,-0.84833,0.31490,0.32746,-0.27195,510.9
quat4,-0.50768,0.14821,0.61398,-0.58594,510.9
quat5,0.00000,0.00000,0.00000,-1.00000,510.9
quat6,0.00000,0.00000,0.00000,-1.00000,510.9
quat7,0.00000,0.00000,0.00000,-1.00000,510.9
quat8,0.00000,0.00000,0.00000,-1.00000,510.9
quat0,-0.77968,-0.55921,0.17308,0.22235,510.92
quat1,0.07655,-0.34921,-0.13466,0.92415,510.92
quat2,-0.21128,0.36272,-0.10928,-0.90103,510.92
quat3,-0.84950,0.33340,0.32832,-0.24373,510.92
quat4,-0.51636,0.17630,0.62600,-0.55715,510.92
quat5,0.00000,0.00000,0.00000,-1.00000,510.92
quat6,0.00000,0.00000,0.00000,-1.00000,510.92
quat7,0.00000,0.00000,0.00000,-1.00000,510.92
quat8,0.00000,0.00000,0.00000,-1.00000,510.92
quat0,-0.76728,-0.56948,0.18176,0.23223,510.94
quat1,0.08917,-0.35822,-0.13041,0.92017,510.94
quat2,-0.21413,0.36215,-0.10699,-0.90086,510.94
quat3,-0.84938,0.34849,0.32979,-0.21988,510.94
quat4,-0.52455,0.20022,0.63538,-0.53015,510.94
quat5,0.00000,0.00000,0.00000,-1.00000,510.94
quat6,0.00000,0.00000,0.00000,-1.00000,510.94
quat7,0.00000,0.00000,0.00000,-1.00000,510.94
quat8,0.00000,0.00000,0.00000,-1.00000,510.94
quat0,-0.75996,-0.57350,0.19103,0.23888,510.96
quat1,0.10032,-0.36553,-0.12722,0.91659,510.96
quat2,-0.21721,0.35976,-0.10626,-0.90117,510.96
quat3,-0.84958,0.35812,0.33134,-0.20045,510.96
quat4,-0.52953,0.21665,0.64527,-0.50625,510.96
quat5,0.00000,0.00000,0.00000,-1.00000,510.96
quat6,0.00000,0.00000,0.00000,-1.00000,510.96
quat7,0.00000,0.00000,0.00000,-1.00000,510.96
quat8,0.00000,0.00000,0.00000,-1.00000,510.96
quat0,-0.75356,-0.57901,0.19333,0.24395,510.98
quat1,0.10880,-0.37078,-0.12442,0.91390,510.98
quat2,-0.22013,0.35701,-0.10566,-0.90162,510.98
quat3,-0.85054,0.36122,0.33332,-0.18708,510.98
quat4,-0.53163,0.22434,0.65719,-0.48491,510.98
quat5,0.00000,0.00000,0.00000,-1.00000,510.98
quat6,0.00000,0.00000,0.00000,-1.00000,510.98
quat7,0.00000,0.00000,0.00000,-1.00000,510.98
quat8,0.00000,0.00000,0.00000,-1.00000,510.98
quat0,-0.74961,-0.58416,0.19084,0.24582,511
quat1,0.11445,-0.37387,-0.12232,0.91223,511
quat2,-0.22217,0.35670,-0.10544,-0.90127,511
quat3,-0.85168,0.36010,0.33574,-0.17958,511
quat4,-0.53447,0.22559,0.66891,-0.46477,511
quat5,0.00000,0.00000,0.00000,-1.00000,511
quat6,0.00000,0.00000,0.00000,-1.00000,511
quat7,0.00000,0.00000,0.00000,-1.00000,511
quat8,0.00000,0.00000,0.00000,-1.00000,511
quat0,-0.74451,-0.58814,0.18990,0.25247,511.02
quat1,0.11855,-0.37595,-0.12083,0.91105,511.02
quat2,-0.22332,0.35840,-0.10624,-0.90022,511.02
quat3,-0.85443,0.35690,0.33414,-0.17582,511.02
quat4,-0.54040,0.22369,0.67751,-0.44600,511.02
quat5,0.00000,0.00000,0.00000,-1.00000,511.02
quat6,0.00000,0.00000,0.00000,-1.00000,511.02
quat7,0.00000,0.00000,0.00000,-1.00000,511.02
quat8,0.00000,0.00000,0.00000,-1.00000,511.02
quat0,-0.74543,-0.58927,0.18706,0.24922,511.04
quat1,0.12119,-0.37547,-0.12071,0.91092,511.04
quat2,-0.22401,0.35797,-0.10731,-0.90009,511.04
quat3,-0.85948,0.35098,0.32792,-0.17487,511.04
quat4,-0.55225,0.21981,0.67967,-0.42982,511.04
quat5,0.00000,0.00000,0.00000,-1.00000,511.04
quat6,0.00000,0.00000,0.00000,-1.00000,511.04
quat7,0.00000,0.00000,0.00000,-1.00000,511.04
quat8,0.00000,0.00000,0.00000,-1.00000,511.04
quat0,-0.74947,-0.59049,0.17471,0.24308,511.06
quat1,0.12091,-0.37373,-0.12187,0.91151,511.06
quat2,-0.22481,0.35510,-0.10839,-0.90090,511.06
quat3,-0.86588,0.34250,0.31888,-0.17683,511.06
quat4,-0.56921,0.21283,0.67525,-0.41802,511.06
quat5,0.00000,0.00000,0.00000,-1.00000,511.06
quat6,0.00000,0.00000,0.00000,-1.00000,511.06
quat7,0.00000,0.00000,0.00000,-1.00000,511.06
quat8,0.00000,0.00000,0.00000,-1.00000,511.06
quat0,-0.75372,-0.58868,0.16600,0.24043,511.08
quat1,0.11809,-0.37062,-0.12389,0.91288,511.08
quat2,-0.22550,0.34989,-0.10875,-0.90272,511.08
quat3,-0.87289,0.33148,0.30785,-0.18279,511.08
quat4,-0.58672,0.20074,0.66703,-0.41296,511.08
quat5,0.00000,0.00000,0.00000,-1.00000,511.08
quat6,0.00000,0.00000,0.00000,-1.00000,511.08
quat7,0.00000,0.00000,0.00000,-1.00000,511.08
quat8,0.00000,0.00000,0.00000,-1.00000,511.08
quat0,-0.75931,-0.58594,0.15412,0.23741,511.1
quat1,0.11391,-0.36520,-0.12705,0.91516,511.1
quat2,-0.22543,0.34457,-0.10829,-0.90484,511.1
quat3,-0.88029,0.31804,0.29478,-0.19247,511.1
quat4,-0.60081,0.18263,0.65759,-0.41623,511.1
quat5,0.00000,0.00000,0.00000,-1.00000,511.1
quat6,0.00000,0.00000,0.00000,-1.00000,511.1
quat7,0.00000,0.00000,0.00000,-1.00000,511.1
quat8,0.00000,0.00000,0.00000,-1.00000,511.1
quat0,-0.76624,-0.58131,0.14105,0.23466,511.12
quat1,0.10801,-0.35691,-0.13136,0.91853,511.12
quat2,-0.22439,0.34032,-0.10766,-0.90678,511.12
quat3,-0.88699,0.30256,0.28087,-0.20694,511.12
quat4,-0.61072,0.15858,0.64742,-0.42747,511.12
quat5,0.00000,0.00000,0.00000,-1.00000,511.12
quat6,0.00000,0.00000,0.00000,-1.00000,511.12
quat7,0.00000,0.00000,0.00000,-1.00000,511.12
quat8,0.00000,0.00000,0.00000,-1.00000,511.12
quat0,-0.77462,-0.57450,0.12700,0.23192,511.14
quat1,0.10017,-0.34634,-0.13728,0.92259,511.14
quat2,-0.22329,0.33643,-0.10788,-0.90847,511.14
quat3,-0.89169,0.28598,0.26756,-0.22697,511.14
quat4,-0.61752,0.13017,0.63476,-0.44588,511.14
quat5,0.00000,0.00000,0.00000,-1.00000,511.14
quat6,0.00000,0.00000,0.00000,-1.00000,511.14
quat7,0.00000,0.00000,0.00000,-1.00000,511.14
quat8,0.00000,0.00000,0.00000,-1.00000,511.14
quat0,-0.78389,-0.56640,0.11117,0.22881,511.16
quat1,0.08994,-0.33416,-0.14469,0.92699,511.16
quat2,-0.22183,0.33255,-0.10987,-0.91002,511.16
quat3,-0.89391,0.26615,0.25743,-0.25261,511.16
quat4,-0.62060,0.09884,0.61945,-0.47049,511.16
quat5,0.00000,0.00000,0.00000,-1.00000,511.16
quat6,0.00000,0.00000,0.00000,-1.00000,511.16
quat7,0.00000,0.00000,0.00000,-1.00000,511.16
quat8,0.00000,0.00000,0.00000,-1.00000,511.16
quat0,-0.79398,-0.55624,0.09596,0.22579,511.18
quat1,0.07659,-0.32151,-0.15284,0.93135,511.18
quat2,-0.22086,0.32677,-0.11406,-0.91183,511.18
quat3,-0.89362,0.24286,0.24949,-0.28322,511.18
quat4,-0.61892,0.06438,0.60190,-0.50051,511.18
quat5,0.00000,0.00000,0.00000,-1.00000,511.18
quat6,0.00000,0.00000,0.00000,-1.00000,511.18
quat7,0.00000,0.00000,0.00000,-1.00000,511.18
quat8,0.00000,0.00000,0.00000,-1.00000,511.18
quat0,-0.80548,-0.54367,0.07921,0.22217,511.2
quat1,0.06032,-0.30838,-0.16104,0.93559,511.2
quat2,-0.21980,0.31936,-0.12071,-0.91385,511.2
quat3,-0.89046,0.21658,0.24268,-0.31826,511.2
quat4,-0.61182,0.02678,0.58282,-0.53411,511.2
quat5,0.00000,0.00000,0.00000,-1.00000,511.2
quat6,0.00000,0.00000,0.00000,-1.00000,511.2
quat7,0.00000,0.00000,0.00000,-1.00000,511.2
quat8,0.00000,0.00000,0.00000,-1.00000,511.2
quat0,-0.81805,-0.53024,0.05964,0.21465,511.22
quat1,0.04163,-0.29417,-0.16921,0.93973,511.22
quat2,-0.21822,0.30974,-0.12908,-0.91639,511.22
quat3,-0.88383,0.18772,0.23583,-0.35775,511.22
quat4,-0.59963,-0.01389,0.56109,-0.57046,511.22
quat5,0.00000,0.00000,0.00000,-1.00000,511.22
quat6,0.00000,0.00000,0.00000,-1.00000,511.22
quat7,0.00000,0.00000,0.00000,-1.00000,511.22
quat8,0.00000,0.00000,0.00000,-1.00000,511.22
quat0,-0.82947,-0.51744,0.04045,0.20640,511.24
quat1,0.02180,-0.27817,-0.17803,0.94364,511.24
quat2,-0.21553,0.29812,-0.13800,-0.91958,511.24
quat3,-0.87430,0.15782,0.22614,-0.39944,511.24
quat4,-0.58350,-0.05619,0.53578,-0.60771,511.24
quat5,0.00000,0.00000,0.00000,-1.00000,511.24
quat6,0.00000,0.00000,0.00000,-1.00000,511.24
quat7,0.00000,0.00000,0.00000,-1.00000,511.24
quat8,0.00000,0.00000,0.00000,-1.00000,511.24
quat0,-0.83964,-0.50570,0.02419,0.19671,511.26
quat1,0.00107,-0.26067,-0.18759,0.94703,511.26
quat2,-0.21184,0.28626,-0.14577,-0.92300,511.26
quat3,-0.86189,0.12677,0.21384,-0.44198,511.26
quat4,-0.56370,-0.09979,0.50673,-0.64460,511.26
quat5,0.00000,0.00000,0.00000,-1.00000,511.26
quat6,0.00000,0.00000,0.00000,-1.00000,511.26
quat7,0.00000,0.00000,0.00000,-1.00000,511.26
quat8,0.00000,0.00000,0.00000,-1.00000,511.26
quat0,-0.85154,-0.49117,0.00424,0.18335,511.28
quat1,-0.02003,-0.24266,-0.19835,0.94941,511.28
quat2,-0.20648,0.27437,-0.15235,-0.92676,511.28
quat3,-0.84686,0.09566,0.19824,-0.48413,511.28
quat4,-0.54044,-0.14367,0.47383,-0.68027,511.28
quat5,0.00000,0.00000,0.00000,-1.00000,511.28
quat6,0.00000,0.00000,0.00000,-1.00000,511.28
quat7,0.00000,0.00000,0.00000,-1.00000,511.28
quat8,0.00000,0.00000,0.00000,-1.00000,511.28
quat0,-0.85968,-0.48128,-0.01157,0.17083,511.3
quat1,-0.04324,-0.22379,-0.21149,0.95043,511.3
quat2,-0.20010,0.26055,-0.15748,-0.93127,511.3
quat3,-0.82901,0.06750,0.17817,-0.52578,511.3
quat4,-0.51327,-0.18876,0.43719,-0.71399,511.3
quat5,0.00000,0.00000,0.00000,-1.00000,511.3
quat6,0.00000,0.00000,0.00000,-1.00000,511.3
quat7,0.00000,0.00000,0.00000,-1.00000,511.3
quat8,0.00000,0.00000,0.00000,-1.00000,511.3
quat0,-0.86495,-0.47560,-0.03082,0.15718,511.32
quat1,-0.06613,-0.20345,-0.22869,0.94970,511.32
quat2,-0.19269,0.24494,-0.16089,-0.93648,511.32
quat3,-0.80800,0.04153,0.15679,-0.56641,511.32
quat4,-0.48328,-0.23433,0.39744,-0.74403,511.32
quat5,0.00000,0.00000,0.00000,-1.00000,511.32
quat6,0.00000,0.00000,0.00000,-1.00000,511.32
quat7,0.00000,0.00000,0.00000,-1.00000,511.32
quat8,0.00000,0.00000,0.00000,-1.00000,511.32
quat0,-0.86845,-0.47180,-0.05522,0.14198,511.34
quat1,-0.08717,-0.18341,-0.24947,0.94685,511.34
quat2,-0.18418,0.22729,-0.16172,-0.94248,511.34
quat3,-0.78283,0.01360,0.13879,-0.60641,511.34
quat4,-0.45213,-0.27746,0.35538,-0.76961,511.34
quat5,0.00000,0.00000,0.00000,-1.00000,511.34
quat6,0.00000,0.00000,0.00000,-1.00000,511.34
quat7,0.00000,0.00000,0.00000,-1.00000,511.34
quat8,0.00000,0.00000,0.00000,-1.00000,511.34
quat0,-0.86634,-0.47664,-0.08198,0.12469,511.36
quat1,-0.10742,-0.16375,-0.27281,0.94192,511.36
quat2,-0.17409,0.20696,-0.16125,-0.94914,511.36
quat3,-0.75221,-0.01831,0.12409,-0.64687,511.36
quat4,-0.41976,-0.31771,0.31330,-0.79038,511.36
quat5,0.00000,0.00000,0.00000,-1.00000,511.36
quat6,0.00000,0.00000,0.00000,-1.00000,511.36
quat7,0.00000,0.00000,0.00000,-1.00000,511.36
quat8,0.00000,0.00000,0.00000,-1.00000,511.36
quat0,-0.86743,-0.47414,-0.10783,0.10551,511.38
quat1,-0.12855,-0.14110,-0.29857,0.93511,511.38
quat2,-0.16235,0.18651,-0.15980,-0.95568,511.38
quat3,-0.71695,-0.05095,0.10928,-0.68662,511.38
quat4,-0.38678,-0.35313,0.27237,-0.80716,511.38
quat5,0.00000,0.00000,0.00000,-1.00000,511.38
quat6,0.00000,0.00000,0.00000,-1.00000,511.38
quat7,0.00000,0.00000,0.00000,-1.00000,511.38
quat8,0.00000,0.00000,0.00000,-1.00000,511.38
quat0,-0.86410,-0.47723,-0.13487,0.08600,511.4
quat1,-0.15277,-0.11336,-0.32716,0.92562,511.4
quat2,-0.14864,0.16792,-0.15583,-0.96199,511.4
quat3,-0.67926,-0.08082,0.09403,-0.72335,511.4
quat4,-0.35342,-0.38301,0.23142,-0.82149,511.4
quat5,0.00000,0.00000,0.00000,-1.00000,511.4
quat6,0.00000,0.00000,0.00000,-1.00000,511.4
quat7,0.00000,0.00000,0.00000,-1.00000,511.4
quat8,0.00000,0.00000,0.00000,-1.00000,511.4
quat0,-0.85940,-0.47986,-0.16256,0.06888,511.42
quat1,-0.18120,-0.08308,-0.35705,0.91257,511.42
quat2,-0.13289,0.14991,-0.14853,-0.96840,511.42
quat3,-0.63974,-0.10918,0.07998,-0.75658,511.42
quat4,-0.31884,-0.40887,0.19308,-0.83300,511.42
quat5,0.00000,0.00000,0.00000,-1.00000,511.42
quat6,0.00000,0.00000,0.00000,-1.00000,511.42
quat7,0.00000,0.00000,0.00000,-1.00000,511.42
quat8,0.00000,0.00000,0.00000,-1.00000,511.42
quat0,-0.85121,-0.48528,-0.19307,0.05160,511.44
quat1,-0.21180,-0.05154,-0.38858,0.89526,511.44
quat2,-0.11488,0.13074,-0.13798,-0.97502,511.44
quat3,-0.59811,-0.13584,0.06824,-0.78687,511.44
quat4,-0.28255,-0.43244,0.15833,-0.84148,511.44
quat5,0.00000,0.00000,0.00000,-1.00000,511.44
quat6,0.00000,0.00000,0.00000,-1.00000,511.44
quat7,0.00000,0.00000,0.00000,-1.00000,511.44
quat8,0.00000,0.00000,0.00000,-1.00000,511.44
quat0,-0.84286,-0.48964,-0.22030,0.03621,511.46
quat1,-0.24109,-0.01942,-0.42188,0.87380,511.46
quat2,-0.09440,0.11066,-0.12403,-0.98156,511.46
quat3,-0.55510,-0.16352,0.05974,-0.81336,511.46
quat4,-0.24442,-0.45623,0.12925,-0.84582,511.46
quat5,0.00000,0.00000,0.00000,-1.00000,511.46
quat6,0.00000,0.00000,0.00000,-1.00000,511.46
quat7,0.00000,0.00000,0.00000,-1.00000,511.46
quat8,0.00000,0.00000,0.00000,-1.00000,511.46
quat0,-0.83755,-0.48879,-0.24313,0.02204,511.48
quat1,-0.26630,0.00990,-0.45661,0.84882,511.48
quat2,-0.07167,0.08922,-0.10648,-0.98771,511.48
quat3,-0.51126,-0.19582,0.05468,-0.83503,511.48
quat4,-0.20541,-0.48126,0.10532,-0.84564,511.48
quat5,0.00000,0.00000,0.00000,-1.00000,511.48
quat6,0.00000,0.00000,0.00000,-1.00000,511.48
quat7,0.00000,0.00000,0.00000,-1.00000,511.48
quat8,0.00000,0.00000,0.00000,-1.00000,511.48
quat0,-0.82399,-0.49840,-0.26941,0.00761,511.5
quat1,-0.28820,0.03848,-0.49195,0.82064,511.5
quat2,-0.04670,0.06425,-0.08677,-0.99306,511.5
quat3,-0.46728,-0.23044,0.05164,-0.85199,511.5
quat4,-0.16617,-0.50827,0.08686,-0.84054,511.5
quat5,0.00000,0.00000,0.00000,-1.00000,511.5
quat6,0.00000,0.00000,0.00000,-1.00000,511.5
quat7,0.00000,0.00000,0.00000,-1.00000,511.5
quat8,0.00000,0.00000,0.00000,-1.00000,511.5
quat0,-0.81363,-0.50349,-0.29064,-0.00593,511.52
quat1,-0.30700,0.06932,-0.52784,0.78888,511.52
quat2,-0.02021,0.03613,-0.06497,-0.99703,511.52
quat3,-0.42380,-0.26574,0.04982,-0.86446,511.52
quat4,-0.12705,-0.53746,0.07222,-0.83053,511.52
quat5,0.00000,0.00000,0.00000,-1.00000,511.52
quat6,0.00000,0.00000,0.00000,-1.00000,511.52
quat7,0.00000,0.00000,0.00000,-1.00000,511.52
quat8,0.00000,0.00000,0.00000,-1.00000,511.52
quat0,-0.80292,-0.51218,-0.30433,-0.01946,511.54
quat1,-0.32364,0.10202,-0.56342,0.75327,511.54
quat2,0.00805,0.00584,-0.04092,-0.99911,511.54
quat3,-0.38097,-0.30193,0.04965,-0.87248,511.54
quat4,-0.08972,-0.56749,0.06176,-0.81615,511.54
quat5,0.00000,0.00000,0.00000,-1.00000,511.54
quat6,0.00000,0.00000,0.00000,-1.00000,511.54
quat7,0.00000,0.00000,0.00000,-1.00000,511.54
quat8,0.00000,0.00000,0.00000,-1.00000,511.54
quat0,-0.78698,-0.52392,-0.32413,-0.03322,511.56
quat1,-0.33745,0.13540,-0.59826,0.71405,511.56
quat2,0.03817,-0.02691,-0.01445,-0.99880,511.56
quat3,-0.33840,-0.33871,0.05062,-0.87647,511.56
quat4,-0.05423,-0.59660,0.05396,-0.79889,511.56
quat5,0.00000,0.00000,0.00000,-1.00000,511.56
quat6,0.00000,0.00000,0.00000,-1.00000,511.56
quat7,0.00000,0.00000,0.00000,-1.00000,511.56
quat8,0.00000,0.00000,0.00000,-1.00000,511.56
quat0,-0.76984,-0.53751,-0.34139,-0.04344,511.58
quat1,-0.34698,0.16725,-0.63144,0.67299,511.58
quat2,0.07017,-0.06117,0.01302,-0.99557,511.58
quat3,-0.29588,-0.37528,0.05142,-0.87691,511.58
quat4,-0.02089,-0.62474,0.04977,-0.77896,511.58
quat5,0.00000,0.00000,0.00000,-1.00000,511.58
quat6,0.00000,0.00000,0.00000,-1.00000,511.58
quat7,0.00000,0.00000,0.00000,-1.00000,511.58
quat8,0.00000,0.00000,0.00000,-1.00000,511.58
quat0,-0.75214,-0.54954,-0.35942,-0.05572,511.6
quat1,-0.35310,0.19905,-0.66198,0.63047,511.6
quat2,0.10287,-0.09390,0.04247,-0.98934,511.6
quat3,-0.25365,-0.41014,0.05202,-0.87450,511.6
quat4,0.01022,-0.65344,0.04822,-0.75537,511.6
quat5,0.00000,0.00000,0.00000,-1.00000,511.6
quat6,0.00000,0.00000,0.00000,-1.00000,511.6
quat7,0.00000,0.00000,0.00000,-1.00000,511.6
quat8,0.00000,0.00000,0.00000,-1.00000,511.6
quat0,-0.73533,-0.56534,-0.36904,-0.05905,511.62
quat1,-0.35835,0.23216,-0.68844,0.58628,511.62
quat2,0.13583,-0.12410,0.07419,-0.98012,511.62
quat3,-0.21547,-0.44302,0.05445,-0.86853,511.62
quat4,0.03952,-0.68058,0.04689,-0.73010,511.62
quat5,0.00000,0.00000,0.00000,-1.00000,511.62
quat6,0.00000,0.00000,0.00000,-1.00000,511.62
quat7,0.00000,0.00000,0.00000,-1.00000,511.62
quat8,0.00000,0.00000,0.00000,-1.00000,511.62
quat0,-0.72058,-0.57851,-0.37584,-0.06952,511.64
quat1,-0.36264,0.26242,-0.71162,0.54150,511.64
quat2,0.16825,-0.15154,0.10824,-0.96799,511.64
quat3,-0.17931,-0.47330,0.06054,-0.86033,511.64
quat4,0.06721,-0.70159,0.04345,-0.70808,511.64
quat5,0.00000,0.00000,0.00000,-1.00000,511.64
quat6,0.00000,0.00000,0.00000,-1.00000,511.64
quat7,0.00000,0.00000,0.00000,-1.00000,511.64
quat8,0.00000,0.00000,0.00000,-1.00000,511.64
quat0,-0.69935,-0.60007,-0.38255,-0.06688,511.66
quat1,-0.36700,0.29269,-0.73037,0.49618,511.66
quat2,0.19960,-0.17648,0.14428,-0.95299,511.66
quat3,-0.14513,-0.50733,0.06935,-0.84660,511.66
quat4,0.09178,-0.71714,0.04054,-0.68967,511.66
quat5,0.00000,0.00000,0.00000,-1.00000,511.66
quat6,0.00000,0.00000,0.00000,-1.00000,511.66
quat7,0.00000,0.00000,0.00000,-1.00000,511.66
quat8,0.00000,0.00000,0.00000,-1.00000,511.66
quat0,-0.67700,-0.61928,-0.39092,-0.07316,511.68
quat1,-0.37285,0.32108,-0.74531,0.44990,511.68
quat2,0.23011,-0.19880,0.18165,-0.93516,511.68
quat3,-0.11197,-0.54302,0.07818,-0.82854,511.68
quat4,0.11348,-0.72827,0.03661,-0.67484,511.68
quat5,0.00000,0.00000,0.00000,-1.00000,511.68
quat6,0.00000,0.00000,0.00000,-1.00000,511.68
quat7,0.00000,0.00000,0.00000,-1.00000,511.68
quat8,0.00000,0.00000,0.00000,-1.00000,511.68
quat0,-0.65747,-0.63721,-0.39442,-0.07833,511.7
quat1,-0.37862,0.34747,-0.75678,0.40398,511.7
quat2,0.26005,-0.22033,0.21858,-0.91436,511.7
quat3,-0.07934,-0.57173,0.08813,-0.81183,511.7
quat4,0.13132,-0.73876,0.03103,-0.66033,511.7
quat5,0.00000,0.00000,0.00000,-1.00000,511.7
quat6,0.00000,0.00000,0.00000,-1.00000,511.7
quat7,0.00000,0.00000,0.00000,-1.00000,511.7
quat8,0.00000,0.00000,0.00000,-1.00000,511.7
quat0,-0.63671,-0.65719,-0.39605,-0.07651,511.72
quat1,-0.38286,0.37025,-0.76633,0.35927,511.72
quat2,0.28839,-0.24103,0.25457,-0.89103,511.72
quat3,-0.04851,-0.59244,0.09792,-0.79817,511.72
quat4,0.14627,-0.74848,0.02415,-0.64637,511.72
quat5,0.00000,0.00000,0.00000,-1.00000,511.72
quat6,0.00000,0.00000,0.00000,-1.00000,511.72
quat7,0.00000,0.00000,0.00000,-1.00000,511.72
quat8,0.00000,0.00000,0.00000,-1.00000,511.72
quat0,-0.61465,-0.67561,-0.39997,-0.07601,511.74
quat1,-0.38576,0.39074,-0.77387,0.31564,511.74
quat2,0.31415,-0.26039,0.28893,-0.86604,511.74
quat3,-0.02032,-0.60532,0.10834,-0.78831,511.74
quat4,0.15989,-0.75365,0.01704,-0.63730,511.74
quat5,0.00000,0.00000,0.00000,-1.00000,511.74
quat6,0.00000,0.00000,0.00000,-1.00000,511.74
quat7,0.00000,0.00000,0.00000,-1.00000,511.74
quat8,0.00000,0.00000,0.00000,-1.00000,511.74
quat0,-0.59276,-0.69213,-0.40496,-0.07481,511.76
quat1,-0.38758,0.40919,-0.78009,0.27167,511.76
quat2,0.33602,-0.27793,0.32192,-0.84037,511.76
quat3,0.00438,-0.61469,0.11765,-0.77994,511.76
quat4,0.17492,-0.75260,0.00982,-0.63475,511.76
quat5,0.00000,0.00000,0.00000,-1.00000,511.76
quat6,0.00000,0.00000,0.00000,-1.00000,511.76
quat7,0.00000,0.00000,0.00000,-1.00000,511.76
quat8,0.00000,0.00000,0.00000,-1.00000,511.76
quat0,-0.57251,-0.71016,-0.40462,-0.06467,511.78
quat1,-0.38648,0.42436,-0.78574,0.23057,511.78
quat2,0.35162,-0.29443,0.35449,-0.81486,511.78
quat3,0.02586,-0.62114,0.12748,-0.77283,511.78
quat4,0.19161,-0.74547,0.00325,-0.63840,511.78
quat5,0.00000,0.00000,0.00000,-1.00000,511.78
quat6,0.00000,0.00000,0.00000,-1.00000,511.78
quat7,0.00000,0.00000,0.00000,-1.00000,511.78
quat8,0.00000,0.00000,0.00000,-1.00000,511.78
quat0,-0.55279,-0.72453,-0.40748,-0.05869,511.8
quat1,-0.38174,0.43609,-0.79149,0.19402,511.8
quat2,0.35978,-0.31222,0.38558,-0.79019,511.8
quat3,0.04320,-0.62337,0.13693,-0.76863,511.8
quat4,0.20865,-0.73521,-0.00236,-0.64492,511.8
quat5,0.00000,0.00000,0.00000,-1.00000,511.8
quat6,0.00000,0.00000,0.00000,-1.00000,511.8
quat7,0.00000,0.00000,0.00000,-1.00000,511.8
quat8,0.00000,0.00000,0.00000,-1.00000,511.8
quat0,-0.54110,-0.73483,-0.40581,-0.05050,511.82
quat1,-0.37327,0.44160,-0.79935,0.16341,511.82
quat2,0.35921,-0.33059,0.41403,-0.76828,511.82
quat3,0.05738,-0.62344,0.14488,-0.76618,511.82
quat4,0.22361,-0.72578,-0.00766,-0.65053,511.82
quat5,0.00000,0.00000,0.00000,-1.00000,511.82
quat6,0.00000,0.00000,0.00000,-1.00000,511.82
quat7,0.00000,0.00000,0.00000,-1.00000,511.82
quat8,0.00000,0.00000,0.00000,-1.00000,511.82
quat0,-0.52964,-0.74643,-0.40042,-0.04459,511.84
quat1,-0.36228,0.44040,-0.80982,0.13782,511.84
quat2,0.34903,-0.34846,0.43931,-0.75084,511.84
quat3,0.06843,-0.62062,0.15107,-0.76637,511.84
quat4,0.23563,-0.71836,-0.01268,-0.65443,511.84
quat5,0.00000,0.00000,0.00000,-1.00000,511.84
quat6,0.00000,0.00000,0.00000,-1.00000,511.84
quat7,0.00000,0.00000,0.00000,-1.00000,511.84
quat8,0.00000,0.00000,0.00000,-1.00000,511.84
quat0,-0.51853,-0.75428,-0.40015,-0.04554,511.86
quat1,-0.35185,0.43285,-0.82148,0.11834,511.86
quat2,0.33015,-0.36397,0.46120,-0.73880,511.86
quat3,0.07617,-0.61654,0.15672,-0.76780,511.86
quat4,0.24521,-0.71167,-0.01670,-0.65812,511.86
quat5,0.00000,0.00000,0.00000,-1.00000,511.86
quat6,0.00000,0.00000,0.00000,-1.00000,511.86
quat7,0.00000,0.00000,0.00000,-1.00000,511.86
quat8,0.00000,0.00000,0.00000,-1.00000,511.86
quat0,-0.51358,-0.75833,-0.39946,-0.03997,511.88
quat1,-0.34161,0.42021,-0.83376,0.10760,511.88
quat2,0.30510,-0.37659,0.47798,-0.73255,511.88
quat3,0.08031,-0.61270,0.16051,-0.76966,511.88
quat4,0.25226,-0.70471,-0.01884,-0.66287,511.88
quat5,0.00000,0.00000,0.00000,-1.00000,511.88
quat6,0.00000,0.00000,0.00000,-1.00000,511.88
quat7,0.00000,0.00000,0.00000,-1.00000,511.88
quat8,0.00000,0.00000,0.00000,-1.00000,511.88
quat0,-0.51007,-0.76291,-0.39595,-0.03194,511.9
quat1,-0.33257,0.40575,-0.84490,0.10443,511.9
quat2,0.27785,-0.38410,0.48922,-0.73207,511.9
quat3,0.08140,-0.60889,0.16452,-0.77172,511.9
quat4,0.25645,-0.69800,-0.01882,-0.66833,511.9
quat5,0.00000,0.00000,0.00000,-1.00000,511.9
quat6,0.00000,0.00000,0.00000,-1.00000,511.9
quat7,0.00000,0.00000,0.00000,-1.00000,511.9
quat8,0.00000,0.00000,0.00000,-1.00000,511.9
quat0,-0.51258,-0.76260,-0.39371,-0.02642,511.92
quat1,-0.32357,0.39242,-0.85416,0.10827,511.92
quat2,0.25116,-0.38490,0.49480,-0.73752,511.92
quat3,0.07990,-0.60538,0.16911,-0.77365,511.92
quat4,0.25808,-0.69227,-0.01666,-0.67370,511.92
quat5,0.00000,0.00000,0.00000,-1.00000,511.92
quat6,0.00000,0.00000,0.00000,-1.00000,511.92
quat7,0.00000,0.00000,0.00000,-1.00000,511.92
quat8,0.00000,0.00000,0.00000,-1.00000,511.92
quat0,-0.51966,-0.76088,-0.38824,-0.01708,511.94
quat1,-0.31374,0.37906,-0.86240,0.11893,511.94
quat2,0.22759,-0.38161,0.49451,-0.74702,511.94
quat3,0.07556,-0.60255,0.17354,-0.77531,511.94
quat4,0.25775,-0.68727,-0.01304,-0.67901,511.94
quat5,0.00000,0.00000,0.00000,-1.00000,511.94
quat6,0.00000,0.00000,0.00000,-1.00000,511.94
quat7,0.00000,0.00000,0.00000,-1.00000,511.94
quat8,0.00000,0.00000,0.00000,-1.00000,511.94
quat0,-0.52858,-0.75666,-0.38471,-0.00817,511.96
quat1,-0.30266,0.36492,-0.86989,0.13612,511.96
quat2,0.20863,-0.37668,0.48862,-0.75884,511.96
quat3,0.06816,-0.59973,0.17794,-0.77718,511.96
quat4,0.25572,-0.68193,-0.00745,-0.68522,511.96
quat5,0.00000,0.00000,0.00000,-1.00000,511.96
quat6,0.00000,0.00000,0.00000,-1.00000,511.96
quat7,0.00000,0.00000,0.00000,-1.00000,511.96
quat8,0.00000,0.00000,0.00000,-1.00000,511.96
quat0,-0.54066,-0.75007,-0.38088,-0.00283,511.98
quat1,-0.29135,0.35104,-0.87550,0.15933,511.98
quat2,0.19429,-0.37062,0.47740,-0.77265,511.98
quat3,0.05789,-0.59623,0.18271,-0.77960,511.98
quat4,0.25208,-0.67822,-0.00066,-0.69027,511.98
quat5,0.00000,0.00000,0.00000,-1.00000,511.98
quat6,0.00000,0.00000,0.00000,-1.00000,511.98
quat7,0.00000,0.00000,0.00000,-1.00000,511.98
quat8,0.00000,0.00000,0.00000,-1.00000,511.98
quat0,-0.55542,-0.74138,-0.37664,0.00364,512
quat1,-0.27931,0.33733,-0.87915,0.18782,512
quat2,0.18365,-0.36422,0.46115,-0.78801,512
quat3,0.04376,-0.59213,0.18590,-0.78288,512
quat4,0.24684,-0.67665,0.00723,-0.69366,512
quat5,0.00000,0.00000,0.00000,-1.00000,512
quat6,0.00000,0.00000,0.00000,-1.00000,512
quat7,0.00000,0.00000,0.00000,-1.00000,512
quat8,0.00000,0.00000,0.00000,-1.00000,512
quat0,-0.57149,-0.73065,-0.37351,0.00616,512.02
quat1,-0.26799,0.32255,-0.88040,0.22144,512.02
quat2,0.17395,-0.35679,0.44094,-0.80500,512.02
quat3,0.02756,-0.58925,0.18698,-0.78553,512.02
quat4,0.24042,-0.67776,0.01552,-0.69469,512.02
quat5,0.00000,0.00000,0.00000,-1.00000,512.02
quat6,0.00000,0.00000,0.00000,-1.00000,512.02
quat7,0.00000,0.00000,0.00000,-1.00000,512.02
quat8,0.00000,0.00000,0.00000,-1.00000,512.02
quat0,-0.58901,-0.71770,-0.37134,0.00911,512.04
quat1,-0.25851,0.30669,-0.87895,0.25800,512.04
quat2,0.16454,-0.34829,0.41690,-0.82330,512.04
quat3,0.00940,-0.58654,0.18650,-0.78810,512.04
quat4,0.23278,-0.68092,0.02485,-0.69393,512.04
quat5,0.00000,0.00000,0.00000,-1.00000,512.04
quat6,0.00000,0.00000,0.00000,-1.00000,512.04
quat7,0.00000,0.00000,0.00000,-1.00000,512.04
quat8,0.00000,0.00000,0.00000,-1.00000,512.04
quat0,-0.60575,-0.70467,-0.36910,0.01656,512.06
quat1,-0.25309,0.29020,-0.87384,0.29686,512.06
quat2,0.15611,-0.33566,0.39008,-0.84309,512.06
quat3,-0.01063,-0.58329,0.18421,-0.79103,512.06
quat4,0.22377,-0.68486,0.03502,-0.69258,512.06
quat5,0.00000,0.00000,0.00000,-1.00000,512.06
quat6,0.00000,0.00000,0.00000,-1.00000,512.06
quat7,0.00000,0.00000,0.00000,-1.00000,512.06
quat8,0.00000,0.00000,0.00000,-1.00000,512.06
quat0,-0.63102,-0.68189,-0.36957,0.01608,512.08
quat1,-0.25251,0.27308,-0.86546,0.33564,512.08
quat2,0.14790,-0.31821,0.36112,-0.86398,512.08
quat3,-0.03142,-0.57860,0.18173,-0.79448,512.08
quat4,0.21329,-0.68802,0.04537,-0.69216,512.08
quat5,0.00000,0.00000,0.00000,-1.00000,512.08
quat6,0.00000,0.00000,0.00000,-1.00000,512.08
quat7,0.00000,0.00000,0.00000,-1.00000,512.08
quat8,0.00000,0.00000,0.00000,-1.00000,512.08
quat0,-0.64913,-0.66558,-0.36745,0.02472,512.1
quat1,-0.25580,0.25832,-0.85306,0.37433,512.1
quat2,0.13986,-0.29629,0.33122,-0.88484,512.1
quat3,-0.05305,-0.57118,0.17917,-0.79928,512.1
quat4,0.20212,-0.68788,0.05605,-0.69486,512.1
quat5,0.00000,0.00000,0.00000,-1.00000,512.1
quat6,0.00000,0.00000,0.00000,-1.00000,512.1
quat7,0.00000,0.00000,0.00000,-1.00000,512.1
quat8,0.00000,0.00000,0.00000,-1.00000,512.1
quat0,-0.67198,-0.64152,-0.36851,0.03308,512.12
quat1,-0.26251,0.24634,-0.83734,0.41142,512.12
quat2,0.13208,-0.27125,0.29998,-0.90498,512.12
quat3,-0.07575,-0.55895,0.17767,-0.80639,512.12
quat4,0.18978,-0.68312,0.06706,-0.70202,512.12
quat5,0.00000,0.00000,0.00000,-1.00000,512.12
quat6,0.00000,0.00000,0.00000,-1.00000,512.12
quat7,0.00000,0.00000,0.00000,-1.00000,512.12
quat8,0.00000,0.00000,0.00000,-1.00000,512.12
quat0,-0.69291,-0.62180,-0.36266,0.04137,512.14
quat1,-0.26969,0.23352,-0.81948,0.44853,512.14
quat2,0.12533,-0.24455,0.26598,-0.92398,512.14
quat3,-0.09921,-0.54159,0.17666,-0.81586,512.14
quat4,0.17634,-0.67613,0.07681,-0.71123,512.14
quat5,0.00000,0.00000,0.00000,-1.00000,512.14
quat6,0.00000,0.00000,0.00000,-1.00000,512.14
quat7,0.00000,0.00000,0.00000,-1.00000,512.14
quat8,0.00000,0.00000,0.00000,-1.00000,512.14
quat0,-0.71129,-0.60403,-0.35590,0.05054,512.16
quat1,-0.27609,0.21949,-0.79952,0.48617,512.16
quat2,0.11891,-0.21858,0.22900,-0.94109,512.16
quat3,-0.12339,-0.51936,0.17550,-0.82719,512.16
quat4,0.16220,-0.66772,0.08531,-0.72150,512.16
quat5,0.00000,0.00000,0.00000,-1.00000,512.16
quat6,0.00000,0.00000,0.00000,-1.00000,512.16
quat7,0.00000,0.00000,0.00000,-1.00000,512.16
quat8,0.00000,0.00000,0.00000,-1.00000,512.16
quat0,-0.73081,-0.58227,-0.35136,0.05850,512.18
quat1,-0.28303,0.20681,-0.77702,0.52284,512.18
quat2,0.11095,-0.19228,0.19170,-0.95602,512.18
quat3,-0.14981,-0.49240,0.17320,-0.83970,512.18
quat4,0.14763,-0.65592,0.09161,-0.73456,512.18
quat5,0.00000,0.00000,0.00000,-1.00000,512.18
quat6,0.00000,0.00000,0.00000,-1.00000,512.18
quat7,0.00000,0.00000,0.00000,-1.00000,512.18
quat8,0.00000,0.00000,0.00000,-1.00000,512.18
quat0,-0.74842,-0.56536,-0.34037,0.06619,512.2
quat1,-0.28987,0.19291,-0.75219,0.55943,512.2
quat2,0.10084,-0.16477,0.15437,-0.96894,512.2
quat3,-0.17883,-0.46274,0.17092,-0.85128,512.2
quat4,0.13254,-0.63988,0.09675,-0.75075,512.2
quat5,0.00000,0.00000,0.00000,-1.00000,512.2
quat6,0.00000,0.00000,0.00000,-1.00000,512.2
quat7,0.00000,0.00000,0.00000,-1.00000,512.2
quat8,0.00000,0.00000,0.00000,-1.00000,512.2
quat0,-0.76707,-0.54664,-0.32829,0.07076,512.22
quat1,-0.29519,0.17786,-0.72470,0.59668,512.22
quat2,0.08871,-0.13538,0.11726,-0.97982,512.22
quat3,-0.21003,-0.43253,0.16807,-0.86056,512.22
quat4,0.11741,-0.62095,0.09991,-0.76854,512.22
quat5,0.00000,0.00000,0.00000,-1.00000,512.22
quat6,0.00000,0.00000,0.00000,-1.00000,512.22
quat7,0.00000,0.00000,0.00000,-1.00000,512.22
quat8,0.00000,0.00000,0.00000,-1.00000,512.22
quat0,-0.78197,-0.53116,-0.31720,0.07604,512.24
quat1,-0.29980,0.16204,-0.69468,0.63347,512.24
quat2,0.07551,-0.10520,0.08130,-0.98824,512.24
quat3,-0.24307,-0.40434,0.16434,-0.86627,512.24
quat4,0.10170,-0.60190,0.10136,-0.78556,512.24
quat5,0.00000,0.00000,0.00000,-1.00000,512.24
quat6,0.00000,0.00000,0.00000,-1.00000,512.24
quat7,0.00000,0.00000,0.00000,-1.00000,512.24
quat8,0.00000,0.00000,0.00000,-1.00000,512.24
quat0,-0.79739,-0.51545,-0.30240,0.08381,512.26
quat1,-0.30427,0.14791,-0.66259,0.66822,512.26
quat2,0.06042,-0.07770,0.04727,-0.99402,512.26
quat3,-0.27859,-0.37792,0.15991,-0.86833,512.26
quat4,0.08509,-0.58439,0.10119,-0.80063,512.26
quat5,0.00000,0.00000,0.00000,-1.00000,512.26
quat6,0.00000,0.00000,0.00000,-1.00000,512.26
quat7,0.00000,0.00000,0.00000,-1.00000,512.26
quat8,0.00000,0.00000,0.00000,-1.00000,512.26
quat0,-0.81216,-0.49932,-0.28767,0.09123,512.28
quat1,-0.30608,0.13451,-0.62842,0.70236,512.28
quat2,0.04137,-0.05073,0.01424,-0.99775,512.28
quat3,-0.31608,-0.35154,0.15633,-0.86722,512.28
quat4,0.06682,-0.56789,0.10082,-0.81417,512.28
quat5,0.00000,0.00000,0.00000,-1.00000,512.28
quat6,0.00000,0.00000,0.00000,-1.00000,512.28
quat7,0.00000,0.00000,0.00000,-1.00000,512.28
quat8,0.00000,0.00000,0.00000,-1.00000,512.28
quat0,-0.82457,-0.48733,-0.27052,0.09703,512.3
quat1,-0.30486,0.11790,-0.59285,0.73599,512.3
quat2,0.01802,-0.02035,-0.01627,-0.99950,512.3
quat3,-0.35579,-0.32432,0.15278,-0.86307,512.3
quat4,0.04674,-0.55338,0.10031,-0.82554,512.3
quat5,0.00000,0.00000,0.00000,-1.00000,512.3
quat6,0.00000,0.00000,0.00000,-1.00000,512.3
quat7,0.00000,0.00000,0.00000,-1.00000,512.3
quat8,0.00000,0.00000,0.00000,-1.00000,512.3
quat0,-0.83481,-0.47691,-0.25475,0.10366,512.32
quat1,-0.30263,0.09933,-0.55614,0.76763,512.32
quat2,-0.00762,0.01035,-0.04354,-0.99897,512.32
quat3,-0.39718,-0.29440,0.14940,-0.85631,512.32
quat4,0.02413,-0.54059,0.10161,-0.83478,512.32
quat5,0.00000,0.00000,0.00000,-1.00000,512.32
quat6,0.00000,0.00000,0.00000,-1.00000,512.32
quat7,0.00000,0.00000,0.00000,-1.00000,512.32
quat8,0.00000,0.00000,0.00000,-1.00000,512.32
quat0,-0.84488,-0.46778,-0.23367,0.11296,512.34
quat1,-0.29768,0.08069,-0.51880,0.79732,512.34
quat2,-0.03531,0.03776,-0.06803,-0.99634,512.34
quat3,-0.43972,-0.26142,0.14606,-0.84674,512.34
quat4,-0.00100,-0.52875,0.10558,-0.84218,512.34
quat5,0.00000,0.00000,0.00000,-1.00000,512.34
quat6,0.00000,0.00000,0.00000,-1.00000,512.34
quat7,0.00000,0.00000,0.00000,-1.00000,512.34
quat8,0.00000,0.00000,0.00000,-1.00000,512.34
quat0,-0.85328,-0.46051,-0.21178,0.12244,512.36
quat1,-0.28841,0.06194,-0.48093,0.82565,512.36
quat2,-0.06441,0.06394,-0.08965,-0.99183,512.36
quat3,-0.48323,-0.22668,0.14271,-0.83351,512.36
quat4,-0.02865,-0.51798,0.11420,-0.84725,512.36
quat5,0.00000,0.00000,0.00000,-1.00000,512.36
quat6,0.00000,0.00000,0.00000,-1.00000,512.36
quat7,0.00000,0.00000,0.00000,-1.00000,512.36
quat8,0.00000,0.00000,0.00000,-1.00000,512.36
quat0,-0.85927,-0.45667,-0.18936,0.13135,512.38
quat1,-0.27510,0.04131,-0.44416,0.85167,512.38
quat2,-0.09410,0.09028,-0.10788,-0.98557,512.38
quat3,-0.52610,-0.19298,0.13999,-0.81632,512.38
quat4,-0.05800,-0.50752,0.12749,-0.85018,512.38
quat5,0.00000,0.00000,0.00000,-1.00000,512.38
quat6,0.00000,0.00000,0.00000,-1.00000,512.38
quat7,0.00000,0.00000,0.00000,-1.00000,512.38
quat8,0.00000,0.00000,0.00000,-1.00000,512.38
quat0,-0.86447,-0.45269,-0.16659,0.14149,512.4
quat1,-0.25800,0.01982,-0.40823,0.87544,512.4
quat2,-0.12354,0.11780,-0.12361,-0.97754,512.4
quat3,-0.56752,-0.16090,0.14013,-0.79523,512.4
quat4,-0.08907,-0.49544,0.14667,-0.85152,512.4
quat5,0.00000,0.00000,0.00000,-1.00000,512.4
quat6,0.00000,0.00000,0.00000,-1.00000,512.4
quat7,0.00000,0.00000,0.00000,-1.00000,512.4
quat8,0.00000,0.00000,0.00000,-1.00000,512.4
quat0,-0.86791,-0.44994,-0.14639,0.15116,512.42
quat1,-0.23668,-0.00431,-0.37317,0.89706,512.42
quat2,-0.15289,0.14760,-0.13640,-0.96759,512.42
quat3,-0.60752,-0.12944,0.14431,-0.77029,512.42
quat4,-0.12146,-0.47875,0.17046,-0.85264,512.42
quat5,0.00000,0.00000,0.00000,-1.00000,512.42
quat6,0.00000,0.00000,0.00000,-1.00000,512.42
quat7,0.00000,0.00000,0.00000,-1.00000,512.42
quat8,0.00000,0.00000,0.00000,-1.00000,512.42
quat0,-0.86915,-0.44999,-0.12401,0.16341,512.44
quat1,-0.21133,-0.03126,-0.33924,0.91612,512.44
quat2,-0.18057,0.17972,-0.14671,-0.95581,512.44
quat3,-0.64613,-0.09771,0.15218,-0.74149,512.44
quat4,-0.15409,-0.45618,0.19850,-0.85367,512.44
quat5,0.00000,0.00000,0.00000,-1.00000,512.44
quat6,0.00000,0.00000,0.00000,-1.00000,512.44
quat7,0.00000,0.00000,0.00000,-1.00000,512.44
quat8,0.00000,0.00000,0.00000,-1.00000,512.44
quat0,-0.86947,-0.45015,-0.09935,0.17755,512.46
quat1,-0.18467,-0.05902,-0.30725,0.93167,512.46
quat2,-0.20654,0.21140,-0.15416,-0.94281,512.46
quat3,-0.68344,-0.06602,0.16285,-0.70854,512.46
quat4,-0.18535,-0.42965,0.22962,-0.85342,512.46
quat5,0.00000,0.00000,0.00000,-1.00000,512.46
quat6,0.00000,0.00000,0.00000,-1.00000,512.46
quat7,0.00000,0.00000,0.00000,-1.00000,512.46
quat8,0.00000,0.00000,0.00000,-1.00000,512.46
quat0,-0.86876,-0.45248,-0.07854,0.18532,512.48
quat1,-0.15699,-0.08412,-0.27754,0.94406,512.48
quat2,-0.23014,0.24192,-0.15886,-0.92913,512.48
quat3,-0.71860,-0.03150,0.17534,-0.67222,512.48
quat4,-0.21487,-0.40013,0.26513,-0.85055,512.48
quat5,0.00000,0.00000,0.00000,-1.00000,512.48
quat6,0.00000,0.00000,0.00000,-1.00000,512.48
quat7,0.00000,0.00000,0.00000,-1.00000,512.48
quat8,0.00000,0.00000,0.00000,-1.00000,512.48
quat0,-0.86578,-0.45860,-0.05640,0.19216,512.5
quat1,-0.12714,-0.10970,-0.25172,0.95312,512.5
quat2,-0.25067,0.27238,-0.16108,-0.91489,512.5
quat3,-0.75066,0.00475,0.18978,-0.63283,512.5
quat4,-0.24247,-0.36709,0.30426,-0.84491,512.5
quat5,0.00000,0.00000,0.00000,-1.00000,512.5
quat6,0.00000,0.00000,0.00000,-1.00000,512.5
quat7,0.00000,0.00000,0.00000,-1.00000,512.5
quat8,0.00000,0.00000,0.00000,-1.00000,512.5
quat0,-0.86057,-0.46517,-0.03280,0.20484,512.52
quat1,-0.09599,-0.13499,-0.22932,0.95915,512.52
quat2,-0.26756,0.30039,-0.16092,-0.90127,512.52
quat3,-0.77932,0.04188,0.20442,-0.59086,512.52
quat4,-0.26701,-0.33107,0.34762,-0.83562,512.52
quat5,0.00000,0.00000,0.00000,-1.00000,512.52
quat6,0.00000,0.00000,0.00000,-1.00000,512.52
quat7,0.00000,0.00000,0.00000,-1.00000,512.52
quat8,0.00000,0.00000,0.00000,-1.00000,512.52
quat0,-0.85395,-0.47300,-0.00683,0.21678,512.54
quat1,-0.06449,-0.16098,-0.21084,0.96201,512.54
quat2,-0.28037,0.32298,-0.15832,-0.88995,512.54
quat3,-0.80352,0.07720,0.21961,-0.54788,512.54
quat4,-0.28800,-0.29268,0.39435,-0.82212,512.54
quat5,0.00000,0.00000,0.00000,-1.00000,512.54
quat6,0.00000,0.00000,0.00000,-1.00000,512.54
quat7,0.00000,0.00000,0.00000,-1.00000,512.54
quat8,0.00000,0.00000,0.00000,-1.00000,512.54
quat0,-0.84441,-0.48464,0.01864,0.22748,512.56
quat1,-0.03279,-0.18708,-0.19549,0.96214,512.56
quat2,-0.28971,0.34005,-0.15358,-0.88139,512.56
quat3,-0.82375,0.10992,0.23531,-0.50396,512.56
quat4,-0.30559,-0.25230,0.44285,-0.80426,512.56
quat5,0.00000,0.00000,0.00000,-1.00000,512.56
quat6,0.00000,0.00000,0.00000,-1.00000,512.56
quat7,0.00000,0.00000,0.00000,-1.00000,512.56
quat8,0.00000,0.00000,0.00000,-1.00000,512.56
quat0,-0.83432,-0.49527,0.03857,0.23904,512.58
quat1,-0.00346,-0.21265,-0.18147,0.96012,512.58
quat2,-0.29555,0.35323,-0.14679,-0.87540,512.58
quat3,-0.84032,0.14057,0.25033,-0.45982,512.58
quat4,-0.31978,-0.20971,0.49099,-0.78275,512.58
quat5,0.00000,0.00000,0.00000,-1.00000,512.58
quat6,0.00000,0.00000,0.00000,-1.00000,512.58
quat7,0.00000,0.00000,0.00000,-1.00000,512.58
quat8,0.00000,0.00000,0.00000,-1.00000,512.58
quat0,-0.82469,-0.50501,0.05629,0.24836,512.6
quat1,0.02472,-0.23767,-0.16795,0.95640,512.6
quat2,-0.29772,0.36184,-0.14009,-0.87224,512.6
quat3,-0.85375,0.16922,0.26434,-0.41546,512.6
quat4,-0.33020,-0.16538,0.53791,-0.75781,512.6
quat5,0.00000,0.00000,0.00000,-1.00000,512.6
quat6,0.00000,0.00000,0.00000,-1.00000,512.6
quat7,0.00000,0.00000,0.00000,-1.00000,512.6
quat8,0.00000,0.00000,0.00000,-1.00000,512.6
quat0,-0.81427,-0.51223,0.07816,0.26168,512.62
quat1,0.05362,-0.25641,-0.15652,0.95230,512.62
quat2,-0.29655,0.36559,-0.13415,-0.87202,512.62
quat3,-0.86439,0.19710,0.27635,-0.37096,512.62
quat4,-0.33771,-0.11968,0.58179,-0.73017,512.62
quat5,0.00000,0.00000,0.00000,-1.00000,512.62
quat6,0.00000,0.00000,0.00000,-1.00000,512.62
quat7,0.00000,0.00000,0.00000,-1.00000,512.62
quat8,0.00000,0.00000,0.00000,-1.00000,512.62
quat0,-0.80683,-0.51935,0.08829,0.26742,512.64
quat1,0.08179,-0.26784,-0.14754,0.94858,512.64
quat2,-0.29347,0.36169,-0.12682,-0.87577,512.64
quat3,-0.87289,0.22382,0.28643,-0.32545,512.64
quat4,-0.34276,-0.07362,0.62144,-0.70065,512.64
quat5,0.00000,0.00000,0.00000,-1.00000,512.64
quat6,0.00000,0.00000,0.00000,-1.00000,512.64
quat7,0.00000,0.00000,0.00000,-1.00000,512.64
quat8,0.00000,0.00000,0.00000,-1.00000,512.64
quat0,-0.79694,-0.52664,0.10418,0.27691,512.66
quat1,0.10793,-0.27691,-0.14002,0.94449,512.66
quat2,-0.28918,0.35356,-0.12198,-0.88119,512.66
quat3,-0.87861,0.24907,0.29561,-0.28040,512.66
quat4,-0.34752,-0.02741,0.65568,-0.66975,512.66
quat5,0.00000,0.00000,0.00000,-1.00000,512.66
quat6,0.00000,0.00000,0.00000,-1.00000,512.66
quat7,0.00000,0.00000,0.00000,-1.00000,512.66
quat8,0.00000,0.00000,0.00000,-1.00000,512.66
quat0,-0.78364,-0.54124,0.11964,0.28046,512.68
quat1,0.12808,-0.28645,-0.13369,0.94004,512.68
quat2,-0.28474,0.34421,-0.12065,-0.88650,512.68
quat3,-0.88171,0.27239,0.30324,-0.23755,512.68
quat4,-0.35237,0.01817,0.68478,-0.63763,512.68
quat5,0.00000,0.00000,0.00000,-1.00000,512.68
quat6,0.00000,0.00000,0.00000,-1.00000,512.68
quat7,0.00000,0.00000,0.00000,-1.00000,512.68
quat8,0.00000,0.00000,0.00000,-1.00000,512.68
quat0,-0.77649,-0.54656,0.12968,0.28552,512.7
quat1,0.14513,-0.29469,-0.12951,0.93559,512.7
quat2,-0.28112,0.32982,-0.11994,-0.89320,512.7
quat3,-0.88253,0.29366,0.30936,-0.19800,512.7
quat4,-0.35818,0.06285,0.70954,-0.60358,512.7
quat5,0.00000,0.00000,0.00000,-1.00000,512.7
quat6,0.00000,0.00000,0.00000,-1.00000,512.7
quat7,0.00000,0.00000,0.00000,-1.00000,512.7
quat8,0.00000,0.00000,0.00000,-1.00000,512.7
quat0,-0.76447,-0.55653,0.14128,0.29310,512.72
quat1,0.16039,-0.29853,-0.12760,0.93213,512.72
quat2,-0.27983,0.31174,-0.11964,-0.90011,512.72
quat3,-0.88176,0.31266,0.31318,-0.16329,512.72
quat4,-0.36557,0.10631,0.72961,-0.56809,512.72
quat5,0.00000,0.00000,0.00000,-1.00000,512.72
quat6,0.00000,0.00000,0.00000,-1.00000,512.72
quat7,0.00000,0.00000,0.00000,-1.00000,512.72
quat8,0.00000,0.00000,0.00000,-1.00000,512.72
quat0,-0.75408,-0.56611,0.14939,0.29761,512.74
quat1,0.17383,-0.29831,-0.12655,0.92994,512.74
quat2,-0.28021,0.29142,-0.11761,-0.90704,512.74
quat3,-0.88051,0.32949,0.31375,-0.13306,512.74
quat4,-0.37436,0.14712,0.74539,-0.53160,512.74
quat5,0.00000,0.00000,0.00000,-1.00000,512.74
quat6,0.00000,0.00000,0.00000,-1.00000,512.74
quat7,0.00000,0.00000,0.00000,-1.00000,512.74
quat8,0.00000,0.00000,0.00000,-1.00000,512.74
quat0,-0.74683,-0.57623,0.15328,0.29448,512.76
quat1,0.18506,-0.29701,-0.12630,0.92822,512.76
quat2,-0.28260,0.27692,-0.11490,-0.91118,512.76
quat3,-0.87912,0.34317,0.31246,-0.10846,512.76
quat4,-0.38320,0.18241,0.75748,-0.49609,512.76
quat5,0.00000,0.00000,0.00000,-1.00000,512.76
quat6,0.00000,0.00000,0.00000,-1.00000,512.76
quat7,0.00000,0.00000,0.00000,-1.00000,512.76
quat8,0.00000,0.00000,0.00000,-1.00000,512.76
quat0,-0.74008,-0.58018,0.15777,0.30130,512.78
quat1,0.19342,-0.29696,-0.12591,0.92658,512.78
quat2,-0.28602,0.27075,-0.11228,-0.91229,512.78
quat3,-0.87789,0.35260,0.31131,-0.08984,512.78
quat4,-0.38910,0.20947,0.76801,-0.46356,512.78
quat5,0.00000,0.00000,0.00000,-1.00000,512.78
quat6,0.00000,0.00000,0.00000,-1.00000,512.78
quat7,0.00000,0.00000,0.00000,-1.00000,512.78
quat8,0.00000,0.00000,0.00000,-1.00000,512.78
quat0,-0.73695,-0.58563,0.15613,0.29929,512.8
quat1,0.20018,-0.29884,-0.12664,0.92444,512.8
quat2,-0.28947,0.26861,-0.11023,-0.91209,512.8
quat3,-0.87669,0.35739,0.31221,-0.07881,512.8
quat4,-0.38946,0.22644,0.77902,-0.43610,512.8
quat5,0.00000,0.00000,0.00000,-1.00000,512.8
quat6,0.00000,0.00000,0.00000,-1.00000,512.8
quat7,0.00000,0.00000,0.00000,-1.00000,512.8
quat8,0.00000,0.00000,0.00000,-1.00000,512.8
quat0,-0.73191,-0.59426,0.15155,0.29698,512.82
quat1,0.20496,-0.29864,-0.12857,0.92319,512.82
quat2,-0.29194,0.26688,-0.10846,-0.91202,512.82
quat3,-0.87619,0.35728,0.31490,-0.07400,512.82
quat4,-0.38733,0.23496,0.78914,-0.41476,512.82
quat5,0.00000,0.00000,0.00000,-1.00000,512.82
quat6,0.00000,0.00000,0.00000,-1.00000,512.82
quat7,0.00000,0.00000,0.00000,-1.00000,512.82
quat8,0.00000,0.00000,0.00000,-1.00000,512.82
quat0,-0.73197,-0.59645,0.14554,0.29544,512.84
quat1,0.20851,-0.29457,-0.13204,0.92321,512.84
quat2,-0.29397,0.25996,-0.10647,-0.91360,512.84
quat3,-0.87647,0.35301,0.31863,-0.07526,512.84
quat4,-0.38559,0.23568,0.79714,-0.40042,512.84
quat5,0.00000,0.00000,0.00000,-1.00000,512.84
quat6,0.00000,0.00000,0.00000,-1.00000,512.84
quat7,0.00000,0.00000,0.00000,-1.00000,512.84
quat8,0.00000,0.00000,0.00000,-1.00000,512.84
quat0,-0.73454,-0.59795,0.13396,0.29149,512.86
quat1,0.21079,-0.28824,-0.13757,0.92388,512.86
quat2,-0.29546,0.24975,-0.10468,-0.91617,512.86
quat3,-0.87757,0.34563,0.32211,-0.08156,512.86
quat4,-0.38465,0.22919,0.80307,-0.39319,512.86
quat5,0.00000,0.00000,0.00000,-1.00000,512.86
quat6,0.00000,0.00000,0.00000,-1.00000,512.86
quat7,0.00000,0.00000,0.00000,-1.00000,512.86
quat8,0.00000,0.00000,0.00000,-1.00000,512.86
quat0,-0.73689,-0.59924,0.12290,0.28776,512.88
quat1,0.21140,-0.28073,-0.14446,0.92500,512.88
quat2,-0.29628,0.23776,-0.10377,-0.91920,512.88
quat3,-0.87961,0.33610,0.32397,-0.09146,512.88
quat4,-0.38607,0.21617,0.80597,-0.39323,512.88
quat5,0.00000,0.00000,0.00000,-1.00000,512.88
quat6,0.00000,0.00000,0.00000,-1.00000,512.88
quat7,0.00000,0.00000,0.00000,-1.00000,512.88
quat8,0.00000,0.00000,0.00000,-1.00000,512.88
quat0,-0.74136,-0.59838,0.11049,0.28307,512.9
quat1,0.21002,-0.27220,-0.15269,0.92655,512.9
quat2,-0.29662,0.22591,-0.10409,-0.92203,512.9
quat3,-0.88219,0.32420,0.32499,-0.10501,512.9
quat4,-0.38999,0.19701,0.80522,-0.40089,512.9
quat5,0.00000,0.00000,0.00000,-1.00000,512.9
quat6,0.00000,0.00000,0.00000,-1.00000,512.9
quat7,0.00000,0.00000,0.00000,-1.00000,512.9
quat8,0.00000,0.00000,0.00000,-1.00000,512.9
quat0,-0.74797,-0.59382,0.09685,0.28026,512.92
quat1,0.20665,-0.26159,-0.16227,0.92873,512.92
quat2,-0.29717,0.21529,-0.10559,-0.92422,512.92
quat3,-0.88501,0.30942,0.32572,-0.12215,512.92
quat4,-0.39453,0.17244,0.80114,-0.41567,512.92
quat5,0.00000,0.00000,0.00000,-1.00000,512.92
quat6,0.00000,0.00000,0.00000,-1.00000,512.92
quat7,0.00000,0.00000,0.00000,-1.00000,512.92
quat8,0.00000,0.00000,0.00000,-1.00000,512.92
quat0,-0.75639,-0.58676,0.08139,0.27742,512.94
quat1,0.20188,-0.25015,-0.17208,0.93116,512.94
quat2,-0.29834,0.20744,-0.10831,-0.92533,512.94
quat3,-0.88761,0.29174,0.32623,-0.14353,512.94
quat4,-0.39748,0.14219,0.79426,-0.43697,512.94
quat5,0.00000,0.00000,0.00000,-1.00000,512.94
quat6,0.00000,0.00000,0.00000,-1.00000,512.94
quat7,0.00000,0.00000,0.00000,-1.00000,512.94
quat8,0.00000,0.00000,0.00000,-1.00000,512.94
quat0,-0.76610,-0.57839,0.06454,0.27276,512.96
quat1,0.19394,-0.23854,-0.18186,0.93403,512.96
quat2,-0.29996,0.20016,-0.11337,-0.92580,512.96
quat3,-0.88928,0.27134,0.32688,-0.16942,512.96
quat4,-0.39761,0.10705,0.78488,-0.46305,512.96
quat5,0.00000,0.00000,0.00000,-1.00000,512.96
quat6,0.00000,0.00000,0.00000,-1.00000,512.96
quat7,0.00000,0.00000,0.00000,-1.00000,512.96
quat8,0.00000,0.00000,0.00000,-1.00000,512.96
quat0,-0.77724,-0.56662,0.04866,0.26920,512.98
quat1,0.18131,-0.22699,-0.19143,0.93753,512.98
quat2,-0.30217,0.19189,-0.12082,-0.92589,512.98
quat3,-0.88947,0.24842,0.32728,-0.20003,512.98
quat4,-0.39529,0.06695,0.77194,-0.49333,512.98
quat5,0.00000,0.00000,0.00000,-1.00000,512.98
quat6,0.00000,0.00000,0.00000,-1.00000,512.98
quat7,0.00000,0.00000,0.00000,-1.00000,512.98
quat8,0.00000,0.00000,0.00000,-1.00000,512.98
quat0,-0.78869,-0.55460,0.02990,0.26362,513
quat1,0.16377,-0.21569,-0.20080,0.94145,513
quat2,-0.30409,0.18451,-0.13067,-0.92543,513
quat3,-0.88844,0.22284,0.32610,-0.23383,513
quat4,-0.39137,0.02314,0.75444,-0.52641,513
quat5,0.00000,0.00000,0.00000,-1.00000,513
quat6,0.00000,0.00000,0.00000,-1.00000,513
quat7,0.00000,0.00000,0.00000,-1.00000,513
quat8,0.00000,0.00000,0.00000,-1.00000,513
quat0,-0.80049,-0.54322,0.00959,0.25306,513.02
quat1,0.14355,-0.20504,-0.21073,0.94496,513.02
quat2,-0.30469,0.17772,-0.14248,-0.92481,513.02
quat3,-0.88617,0.19537,0.32218,-0.26970,513.02
quat4,-0.38654,-0.02356,0.73088,-0.56201,513.02
quat5,0.00000,0.00000,0.00000,-1.00000,513.02
quat6,0.00000,0.00000,0.00000,-1.00000,513.02
quat7,0.00000,0.00000,0.00000,-1.00000,513.02
quat8,0.00000,0.00000,0.00000,-1.00000,513.02
quat0,-0.80922,-0.53592,-0.01089,0.24050,513.04
quat1,0.12006,-0.19189,-0.22211,0.94838,513.04
quat2,-0.30398,0.16769,-0.15358,-0.92514,513.04
quat3,-0.88233,0.16645,0.31552,-0.30698,513.04
quat4,-0.37897,-0.07172,0.70189,-0.59883,513.04
quat5,0.00000,0.00000,0.00000,-1.00000,513.04
quat6,0.00000,0.00000,0.00000,-1.00000,513.04
quat7,0.00000,0.00000,0.00000,-1.00000,513.04
quat8,0.00000,0.00000,0.00000,-1.00000,513.04
quat0,-0.82072,-0.52472,-0.03372,0.22350,513.06
quat1,0.09645,-0.17782,-0.23592,0.95048,513.06
quat2,-0.30316,0.15295,-0.16215,-0.92650,513.06
quat3,-0.87597,0.13327,0.30791,-0.34657,513.06
quat4,-0.36515,-0.12265,0.66955,-0.63508,513.06
quat5,0.00000,0.00000,0.00000,-1.00000,513.06
quat6,0.00000,0.00000,0.00000,-1.00000,513.06
quat7,0.00000,0.00000,0.00000,-1.00000,513.06
quat8,0.00000,0.00000,0.00000,-1.00000,513.06
quat0,-0.82700,-0.51924,-0.05350,0.20882,513.08
quat1,0.07360,-0.16423,-0.25379,0.95037,513.08
quat2,-0.30209,0.13300,-0.16914,-0.92868,513.08
quat3,-0.86602,0.09318,0.30177,-0.38764,513.08
quat4,-0.34369,-0.17754,0.63544,-0.66826,513.08
quat5,0.00000,0.00000,0.00000,-1.00000,513.08
quat6,0.00000,0.00000,0.00000,-1.00000,513.08
quat7,0.00000,0.00000,0.00000,-1.00000,513.08
quat8,0.00000,0.00000,0.00000,-1.00000,513.08
quat0,-0.83222,-0.51418,-0.07559,0.19318,513.1
quat1,0.05274,-0.14871,-0.27564,0.94822,513.1
quat2,-0.29928,0.11077,-0.17521,-0.93138,513.1
quat3,-0.85178,0.04662,0.29695,-0.42910,513.1
quat4,-0.31681,-0.23542,0.59931,-0.69645,513.1
quat5,0.00000,0.00000,0.00000,-1.00000,513.1
quat6,0.00000,0.00000,0.00000,-1.00000,513.1
quat7,0.00000,0.00000,0.00000,-1.00000,513.1
quat8,0.00000,0.00000,0.00000,-1.00000,513.1
quat0,-0.83574,-0.51068,-0.09833,0.17628,513.12
quat1,0.03184,-0.13421,-0.30040,0.94379,513.12
quat2,-0.29271,0.09019,-0.18100,-0.93457,513.12
quat3,-0.83436,-0.00132,0.28867,-0.46958,513.12
quat4,-0.28706,-0.29416,0.56107,-0.71852,513.12
quat5,0.00000,0.00000,0.00000,-1.00000,513.12
quat6,0.00000,0.00000,0.00000,-1.00000,513.12
quat7,0.00000,0.00000,0.00000,-1.00000,513.12
quat8,0.00000,0.00000,0.00000,-1.00000,513.12
quat0,-0.83709,-0.50976,-0.12122,0.15726,513.14
quat1,0.01023,-0.11648,-0.32815,0.93736,513.14
quat2,-0.28289,0.06896,-0.18544,-0.93853,513.14
quat3,-0.81385,-0.04975,0.27596,-0.50893,513.14
quat4,-0.25635,-0.35223,0.52119,-0.73388,513.14
quat5,0.00000,0.00000,0.00000,-1.00000,513.14
quat6,0.00000,0.00000,0.00000,-1.00000,513.14
quat7,0.00000,0.00000,0.00000,-1.00000,513.14
quat8,0.00000,0.00000,0.00000,-1.00000,513.14
quat0,-0.83764,-0.50789,-0.14482,0.13939,513.16
quat1,-0.01396,-0.09487,-0.35746,0.92899,513.16
quat2,-0.27014,0.04800,-0.18778,-0.94311,513.16
quat3,-0.79063,-0.09481,0.25933,-0.54650,513.16
quat4,-0.22685,-0.40604,0.47991,-0.74388,513.16
quat5,0.00000,0.00000,0.00000,-1.00000,513.16
quat6,0.00000,0.00000,0.00000,-1.00000,513.16
quat7,0.00000,0.00000,0.00000,-1.00000,513.16
quat8,0.00000,0.00000,0.00000,-1.00000,513.16
quat0,-0.83571,-0.50849,-0.16706,0.12296,513.18
quat1,-0.04056,-0.07085,-0.38680,0.91854,513.18
quat2,-0.25421,0.02997,-0.18733,-0.94836,513.18
quat3,-0.76515,-0.13318,0.23893,-0.58286,513.18
quat4,-0.19916,-0.45197,0.43830,-0.75097,513.18
quat5,0.00000,0.00000,0.00000,-1.00000,513.18
quat6,0.00000,0.00000,0.00000,-1.00000,513.18
quat7,0.00000,0.00000,0.00000,-1.00000,513.18
quat8,0.00000,0.00000,0.00000,-1.00000,513.18
quat0,-0.83142,-0.50840,-0.19552,0.10969,513.2
quat1,-0.07000,-0.04485,-0.41658,0.90529,513.2
quat2,-0.23484,0.01461,-0.18306,-0.95453,513.2
quat3,-0.73610,-0.16691,0.21671,-0.61914,513.2
quat4,-0.17273,-0.49010,0.39718,-0.75645,513.2
quat5,0.00000,0.00000,0.00000,-1.00000,513.2
quat6,0.00000,0.00000,0.00000,-1.00000,513.2
quat7,0.00000,0.00000,0.00000,-1.00000,513.2
quat8,0.00000,0.00000,0.00000,-1.00000,513.2
quat0,-0.82644,-0.51126,-0.21363,0.09988,513.22
quat1,-0.10143,-0.01726,-0.44764,0.88827,513.22
quat2,-0.21167,-0.00012,-0.17560,-0.96144,513.22
quat3,-0.70285,-0.19895,0.19578,-0.65429,513.22
quat4,-0.14639,-0.52336,0.35856,-0.75901,513.22
quat5,0.00000,0.00000,0.00000,-1.00000,513.22
quat6,0.00000,0.00000,0.00000,-1.00000,513.22
quat7,0.00000,0.00000,0.00000,-1.00000,513.22
quat8,0.00000,0.00000,0.00000,-1.00000,513.22
quat0,-0.81856,-0.51595,-0.23751,0.08570,513.24
quat1,-0.13361,0.01105,-0.48037,0.86676,513.24
quat2,-0.18477,-0.01525,-0.16534,-0.96866,513.24
quat3,-0.66618,-0.23098,0.17709,-0.68665,513.24
quat4,-0.11978,-0.55458,0.32208,-0.75786,513.24
quat5,0.00000,0.00000,0.00000,-1.00000,513.24
quat6,0.00000,0.00000,0.00000,-1.00000,513.24
quat7,0.00000,0.00000,0.00000,-1.00000,513.24
quat8,0.00000,0.00000,0.00000,-1.00000,513.24
quat0,-0.80945,-0.52230,-0.25862,0.07146,513.26
quat1,-0.16496,0.03989,-0.51520,0.84010,513.26
quat2,-0.15479,-0.03140,-0.15231,-0.97563,513.26
quat3,-0.62752,-0.26191,0.16061,-0.71542,513.26
quat4,-0.09211,-0.58435,0.28904,-0.75267,513.26
quat5,0.00000,0.00000,0.00000,-1.00000,513.26
quat6,0.00000,0.00000,0.00000,-1.00000,513.26
quat7,0.00000,0.00000,0.00000,-1.00000,513.26
quat8,0.00000,0.00000,0.00000,-1.00000,513.26
quat0,-0.79996,-0.52866,-0.27796,0.05763,513.28
quat1,-0.19481,0.06852,-0.55134,0.80832,513.28
quat2,-0.12229,-0.04962,-0.13575,-0.98191,513.28
quat3,-0.58675,-0.29333,0.14720,-0.74028,513.28
quat4,-0.06329,-0.61229,0.25944,-0.74417,513.28
quat5,0.00000,0.00000,0.00000,-1.00000,513.28
quat6,0.00000,0.00000,0.00000,-1.00000,513.28
quat7,0.00000,0.00000,0.00000,-1.00000,513.28
quat8,0.00000,0.00000,0.00000,-1.00000,513.28
quat0,-0.78676,-0.53680,-0.30113,0.04655,513.3
quat1,-0.22237,0.09659,-0.58711,0.77235,513.3
quat2,-0.08873,-0.07047,-0.11560,-0.98681,513.3
quat3,-0.54368,-0.32579,0.13688,-0.76127,513.3
quat4,-0.03439,-0.63752,0.23442,-0.73310,513.3
quat5,0.00000,0.00000,0.00000,-1.00000,513.3
quat6,0.00000,0.00000,0.00000,-1.00000,513.3
quat7,0.00000,0.00000,0.00000,-1.00000,513.3
quat8,0.00000,0.00000,0.00000,-1.00000,513.3
quat0,-0.77660,-0.54294,-0.31765,0.03467,513.32
quat1,-0.24646,0.12309,-0.62229,0.73271,513.32
quat2,-0.05540,-0.09124,-0.09163,-0.99006,513.32
quat3,-0.49955,-0.35751,0.12868,-0.77851,513.32
quat4,-0.00641,-0.66127,0.21218,-0.71949,513.32
quat5,0.00000,0.00000,0.00000,-1.00000,513.32
quat6,0.00000,0.00000,0.00000,-1.00000,513.32
quat7,0.00000,0.00000,0.00000,-1.00000,513.32
quat8,0.00000,0.00000,0.00000,-1.00000,513.32
quat0,-0.76082,-0.55449,-0.33633,0.02416,513.34
quat1,-0.26734,0.14653,-0.65581,0.69063,513.34
quat2,-0.02255,-0.11097,-0.06389,-0.99151,513.34
quat3,-0.45629,-0.38785,0.12188,-0.79153,513.34
quat4,0.02055,-0.68447,0.19368,-0.70254,513.34
quat5,0.00000,0.00000,0.00000,-1.00000,513.34
quat6,0.00000,0.00000,0.00000,-1.00000,513.34
quat7,0.00000,0.00000,0.00000,-1.00000,513.34
quat8,0.00000,0.00000,0.00000,-1.00000,513.34
quat0,-0.74742,-0.56401,-0.35075,0.01522,513.36
quat1,-0.28320,0.16866,-0.68729,0.64729,513.36
quat2,0.00881,-0.13156,-0.03292,-0.99072,513.36
quat3,-0.41356,-0.41971,0.11575,-0.79964,513.36
quat4,0.04703,-0.70802,0.17799,-0.68177,513.36
quat5,0.00000,0.00000,0.00000,-1.00000,513.36
quat6,0.00000,0.00000,0.00000,-1.00000,513.36
quat7,0.00000,0.00000,0.00000,-1.00000,513.36
quat8,0.00000,0.00000,0.00000,-1.00000,513.36
quat0,-0.73131,-0.57838,-0.36147,0.00056,513.38
quat1,-0.29682,0.19168,-0.71645,0.60155,513.38
quat2,0.03812,-0.15464,0.00054,-0.98723,513.38
quat3,-0.37326,-0.45215,0.11119,-0.80242,513.38
quat4,0.07319,-0.72895,0.16381,-0.66063,513.38
quat5,0.00000,0.00000,0.00000,-1.00000,513.38
quat6,0.00000,0.00000,0.00000,-1.00000,513.38
quat7,0.00000,0.00000,0.00000,-1.00000,513.38
quat8,0.00000,0.00000,0.00000,-1.00000,513.38
quat0,-0.71317,-0.59603,-0.36883,-0.00988,513.4
quat1,-0.30893,0.21320,-0.74339,0.55360,513.4
quat2,0.06582,-0.18021,0.03685,-0.98073,513.4
quat3,-0.33660,-0.48297,0.10752,-0.80118,513.4
quat4,0.09798,-0.74595,0.14977,-0.64151,513.4
quat5,0.00000,0.00000,0.00000,-1.00000,513.4
quat6,0.00000,0.00000,0.00000,-1.00000,513.4
quat7,0.00000,0.00000,0.00000,-1.00000,513.4
quat8,0.00000,0.00000,0.00000,-1.00000,513.4
quat0,-0.69510,-0.61196,-0.37708,-0.01256,513.42
quat1,-0.31917,0.23528,-0.76720,0.50416,513.42
quat2,0.09288,-0.20853,0.07397,-0.97078,513.42
quat3,-0.30092,-0.51291,0.10585,-0.79698,513.42
quat4,0.11966,-0.76100,0.13725,-0.62268,513.42
quat5,0.00000,0.00000,0.00000,-1.00000,513.42
quat6,0.00000,0.00000,0.00000,-1.00000,513.42
quat7,0.00000,0.00000,0.00000,-1.00000,513.42
quat8,0.00000,0.00000,0.00000,-1.00000,513.42
quat0,-0.67271,-0.62838,-0.39001,-0.02211,513.44
quat1,-0.32545,0.25699,-0.78907,0.45321,513.44
quat2,0.11951,-0.23775,0.11126,-0.95750,513.44
quat3,-0.26514,-0.54340,0.10657,-0.78934,513.44
quat4,0.13828,-0.77556,0.12376,-0.60338,513.44
quat5,0.00000,0.00000,0.00000,-1.00000,513.44
quat6,0.00000,0.00000,0.00000,-1.00000,513.44
quat7,0.00000,0.00000,0.00000,-1.00000,513.44
quat8,0.00000,0.00000,0.00000,-1.00000,513.44
quat0,-0.65610,-0.64170,-0.39643,-0.02451,513.46
quat1,-0.32777,0.27722,-0.80882,0.40191,513.46
quat2,0.14607,-0.26629,0.14873,-0.94108,513.46
quat3,-0.22940,-0.56865,0.10976,-0.78228,513.46
quat4,0.15307,-0.78795,0.11117,-0.58595,513.46
quat5,0.00000,0.00000,0.00000,-1.00000,513.46
quat6,0.00000,0.00000,0.00000,-1.00000,513.46
quat7,0.00000,0.00000,0.00000,-1.00000,513.46
quat8,0.00000,0.00000,0.00000,-1.00000,513.46
quat0,-0.63736,-0.65924,-0.39839,-0.02162,513.48
quat1,-0.33113,0.29680,-0.82549,0.34761,513.48
quat2,0.17275,-0.29464,0.18587,-0.92130,513.48
quat3,-0.19503,-0.58971,0.11525,-0.77519,513.48
quat4,0.16504,-0.79791,0.10004,-0.57105,513.48
quat5,0.00000,0.00000,0.00000,-1.00000,513.48
quat6,0.00000,0.00000,0.00000,-1.00000,513.48
quat7,0.00000,0.00000,0.00000,-1.00000,513.48
quat8,0.00000,0.00000,0.00000,-1.00000,513.48
quat0,-0.62077,-0.67492,-0.39792,-0.02801,513.5
quat1,-0.33542,0.31643,-0.83804,0.29164,513.5
quat2,0.19964,-0.32130,0.22225,-0.89862,513.5
quat3,-0.16425,-0.61059,0.12262,-0.76496,513.5
quat4,0.17366,-0.80601,0.08969,-0.55870,513.5
quat5,0.00000,0.00000,0.00000,-1.00000,513.5
quat6,0.00000,0.00000,0.00000,-1.00000,513.5
quat7,0.00000,0.00000,0.00000,-1.00000,513.5
quat8,0.00000,0.00000,0.00000,-1.00000,513.5
quat0,-0.60502,-0.69289,-0.39126,-0.02787,513.52
quat1,-0.33991,0.33313,-0.84697,0.23691,513.52
quat2,0.22486,-0.34413,0.25812,-0.87429,513.52
quat3,-0.13376,-0.63234,0.12949,-0.75199,513.52
quat4,0.17883,-0.81410,0.07961,-0.54673,513.52
quat5,0.00000,0.00000,0.00000,-1.00000,513.52
quat6,0.00000,0.00000,0.00000,-1.00000,513.52
quat7,0.00000,0.00000,0.00000,-1.00000,513.52
quat8,0.00000,0.00000,0.00000,-1.00000,513.52
quat0,-0.58270,-0.71219,-0.38998,-0.03405,513.54
quat1,-0.34908,0.34577,-0.85144,0.18342,513.54
quat2,0.24658,-0.36204,0.29323,-0.84979,513.54
quat3,-0.10508,-0.64896,0.13476,-0.74138,513.54
quat4,0.18148,-0.82234,0.06890,-0.53486,513.54
quat5,0.00000,0.00000,0.00000,-1.00000,513.54
quat6,0.00000,0.00000,0.00000,-1.00000,513.54
quat7,0.00000,0.00000,0.00000,-1.00000,513.54
quat8,0.00000,0.00000,0.00000,-1.00000,513.54
quat0,-0.55548,-0.72947,-0.39703,-0.04097,513.56
quat1,-0.36181,0.35369,-0.85248,0.13142,513.56
quat2,0.26417,-0.37500,0.32711,-0.82619,513.56
quat3,-0.07888,-0.66001,0.14127,-0.73363,513.56
quat4,0.18351,-0.82734,0.05817,-0.52769,513.56
quat5,0.00000,0.00000,0.00000,-1.00000,513.56
quat6,0.00000,0.00000,0.00000,-1.00000,513.56
quat7,0.00000,0.00000,0.00000,-1.00000,513.56
quat8,0.00000,0.00000,0.00000,-1.00000,513.56
quat0,-0.53548,-0.74202,-0.40119,-0.04137,513.58
quat1,-0.37204,0.35743,-0.85229,0.08622,513.58
quat2,0.27737,-0.38344,0.35944,-0.80427,513.58
quat3,-0.05535,-0.66498,0.14825,-0.72991,513.58
quat4,0.18569,-0.82524,0.04960,-0.53108,513.58
quat5,0.00000,0.00000,0.00000,-1.00000,513.58
quat6,0.00000,0.00000,0.00000,-1.00000,513.58
quat7,0.00000,0.00000,0.00000,-1.00000,513.58
quat8,0.00000,0.00000,0.00000,-1.00000,513.58
quat0,-0.51027,-0.75616,-0.40733,-0.04399,513.6
quat1,-0.37938,0.35722,-0.85207,0.04936,513.6
quat2,0.28549,-0.38748,0.38942,-0.78531,513.6
quat3,-0.03445,-0.66803,0.15548,-0.72690,513.6
quat4,0.18989,-0.81717,0.04344,-0.54249,513.6
quat5,0.00000,0.00000,0.00000,-1.00000,513.6
quat6,0.00000,0.00000,0.00000,-1.00000,513.6
quat7,0.00000,0.00000,0.00000,-1.00000,513.6
quat8,0.00000,0.00000,0.00000,-1.00000,513.6
quat0,-0.50049,-0.76260,-0.40718,-0.04646,513.62
quat1,-0.38373,0.35400,-0.85265,0.02050,513.62
quat2,0.28755,-0.38817,0.41617,-0.77035,513.62
quat3,-0.01515,-0.67087,0.16255,-0.72338,513.62
quat4,0.19682,-0.80698,0.03792,-0.55552,513.62
quat5,0.00000,0.00000,0.00000,-1.00000,513.62
quat6,0.00000,0.00000,0.00000,-1.00000,513.62
quat7,0.00000,0.00000,0.00000,-1.00000,513.62
quat8,0.00000,0.00000,0.00000,-1.00000,513.62
quat0,-0.49063,-0.76878,-0.40719,-0.04961,513.64
quat1,-0.38377,0.34812,-0.85530,0.00184,513.64
quat2,0.28313,-0.38758,0.43838,-0.75990,513.64
quat3,-0.00041,-0.67056,0.16688,-0.72284,513.64
quat4,0.20577,-0.79749,0.03184,-0.56626,513.64
quat5,0.00000,0.00000,0.00000,-1.00000,513.64
quat6,0.00000,0.00000,0.00000,-1.00000,513.64
quat7,0.00000,0.00000,0.00000,-1.00000,513.64
quat8,0.00000,0.00000,0.00000,-1.00000,513.64
quat0,-0.48497,-0.77436,-0.40335,-0.04980,513.66
quat1,-0.38236,0.33867,-0.85968,-0.00756,513.66
quat2,0.27249,-0.38699,0.45509,-0.75424,513.66
quat3,0.01104,-0.66784,0.17013,-0.72452,513.66
quat4,0.21543,-0.78826,0.02585,-0.57582,513.66
quat5,0.00000,0.00000,0.00000,-1.00000,513.66
quat6,0.00000,0.00000,0.00000,-1.00000,513.66
quat7,0.00000,0.00000,0.00000,-1.00000,513.66
quat8,0.00000,0.00000,0.00000,-1.00000,513.66
quat0,-0.48864,-0.77809,-0.39315,-0.03529,513.68
quat1,-0.37938,0.32675,-0.86558,-0.00859,513.68
quat2,0.25672,-0.38611,0.46621,-0.75344,513.68
quat3,0.02048,-0.66386,0.17417,-0.72700,513.68
quat4,0.22451,-0.77819,0.02070,-0.58616,513.68
quat5,0.00000,0.00000,0.00000,-1.00000,513.68
quat6,0.00000,0.00000,0.00000,-1.00000,513.68
quat7,0.00000,0.00000,0.00000,-1.00000,513.68
quat8,0.00000,0.00000,0.00000,-1.00000,513.68
quat0,-0.48597,-0.78137,-0.38956,-0.03911,513.7
quat1,-0.37359,0.31405,-0.87281,-0.00117,513.7
quat2,0.23808,-0.38502,0.47131,-0.75693,513.7
quat3,0.02676,-0.66006,0.17787,-0.72936,513.7
quat4,0.23234,-0.76720,0.01660,-0.59761,513.7
quat5,0.00000,0.00000,0.00000,-1.00000,513.7
quat6,0.00000,0.00000,0.00000,-1.00000,513.7
quat7,0.00000,0.00000,0.00000,-1.00000,513.7
quat8,0.00000,0.00000,0.00000,-1.00000,513.7
quat0,-0.49145,-0.78143,-0.38299,-0.03409,513.72
quat1,-0.36546,0.30044,-0.88090,0.01374,513.72
quat2,0.21781,-0.38355,0.47056,-0.76421,513.72
quat3,0.03024,-0.65537,0.18224,-0.73237,513.72
quat4,0.23837,-0.75478,0.01413,-0.61097,513.72
quat5,0.00000,0.00000,0.00000,-1.00000,513.72
quat6,0.00000,0.00000,0.00000,-1.00000,513.72
quat7,0.00000,0.00000,0.00000,-1.00000,513.72
quat8,0.00000,0.00000,0.00000,-1.00000,513.72
quat0,-0.50228,-0.77825,-0.37613,-0.02380,513.74
quat1,-0.35675,0.28596,-0.88866,0.03512,513.74
quat2,0.19668,-0.38092,0.46425,-0.77504,513.74
quat3,0.02980,-0.64769,0.18712,-0.73796,513.74
quat4,0.24211,-0.74193,0.01352,-0.62509,513.74
quat5,0.00000,0.00000,0.00000,-1.00000,513.74
quat6,0.00000,0.00000,0.00000,-1.00000,513.74
quat7,0.00000,0.00000,0.00000,-1.00000,513.74
quat8,0.00000,0.00000,0.00000,-1.00000,513.74
quat0,-0.51390,-0.77350,-0.37050,-0.01832,513.76
quat1,-0.34659,0.27162,-0.89566,0.06237,513.76
quat2,0.17628,-0.37699,0.45284,-0.78850,513.76
quat3,0.02540,-0.63761,0.19175,-0.74568,513.76
quat4,0.24423,-0.72874,0.01513,-0.63958,513.76
quat5,0.00000,0.00000,0.00000,-1.00000,513.76
quat6,0.00000,0.00000,0.00000,-1.00000,513.76
quat7,0.00000,0.00000,0.00000,-1.00000,513.76
quat8,0.00000,0.00000,0.00000,-1.00000,513.76
quat0,-0.52857,-0.76667,-0.36426,-0.01208,513.78
quat1,-0.33372,0.25785,-0.90164,0.09590,513.78
quat2,0.15742,-0.37225,0.43653,-0.80380,513.78
quat3,0.01665,-0.62718,0.19554,-0.75374,513.78
quat4,0.24521,-0.71642,0.01920,-0.65288,513.78
quat5,0.00000,0.00000,0.00000,-1.00000,513.78
quat6,0.00000,0.00000,0.00000,-1.00000,513.78
quat7,0.00000,0.00000,0.00000,-1.00000,513.78
quat8,0.00000,0.00000,0.00000,-1.00000,513.78
quat0,-0.54460,-0.75863,-0.35755,-0.00643,513.8
quat1,-0.31918,0.24399,-0.90576,0.13491,513.8
quat2,0.14020,-0.36598,0.41597,-0.82059,513.8
quat3,0.00469,-0.61918,0.19785,-0.75990,513.8
quat4,0.24554,-0.70633,0.02500,-0.66346,513.8
quat5,0.00000,0.00000,0.00000,-1.00000,513.8
quat6,0.00000,0.00000,0.00000,-1.00000,513.8
quat7,0.00000,0.00000,0.00000,-1.00000,513.8
quat8,0.00000,0.00000,0.00000,-1.00000,513.8
quat0,-0.56237,-0.74816,-0.35212,-0.00308,513.82
quat1,-0.30339,0.23009,-0.90727,0.17852,513.82
quat2,0.12307,-0.35908,0.39132,-0.83832,513.82
quat3,-0.01022,-0.61371,0.19783,-0.76428,513.82
quat4,0.24561,-0.69975,0.03085,-0.67013,513.82
quat5,0.00000,0.00000,0.00000,-1.00000,513.82
quat6,0.00000,0.00000,0.00000,-1.00000,513.82
quat7,0.00000,0.00000,0.00000,-1.00000,513.82
quat8,0.00000,0.00000,0.00000,-1.00000,513.82
quat0,-0.57852,-0.73840,-0.34649,0.00582,513.84
quat1,-0.28769,0.21548,-0.90549,0.22560,513.84
quat2,0.10602,-0.34903,0.36384,-0.85706,513.84
quat3,-0.02860,-0.60895,0.19581,-0.76813,513.84
quat4,0.24501,-0.69608,0.03636,-0.67389,513.84
quat5,0.00000,0.00000,0.00000,-1.00000,513.84
quat6,0.00000,0.00000,0.00000,-1.00000,513.84
quat7,0.00000,0.00000,0.00000,-1.00000,513.84
quat8,0.00000,0.00000,0.00000,-1.00000,513.84
quat0,-0.60299,-0.71834,-0.34696,-0.00262,513.86
quat1,-0.27469,0.19860,-0.89901,0.27730,513.86
quat2,0.08802,-0.33199,0.33467,-0.87751,513.86
quat3,-0.04994,-0.60289,0.19283,-0.77256,513.86
quat4,0.24408,-0.69351,0.04278,-0.67649,513.86
quat5,0.00000,0.00000,0.00000,-1.00000,513.86
quat6,0.00000,0.00000,0.00000,-1.00000,513.86
quat7,0.00000,0.00000,0.00000,-1.00000,513.86
quat8,0.00000,0.00000,0.00000,-1.00000,513.86
quat0,-0.61610,-0.70802,-0.34503,0.00881,513.88
quat1,-0.26567,0.18132,-0.88757,0.32977,513.88
quat2,0.06969,-0.30708,0.30404,-0.89911,513.88
quat3,-0.07340,-0.59713,0.18897,-0.77611,513.88
quat4,0.24289,-0.68962,0.05115,-0.68030,513.88
quat5,0.00000,0.00000,0.00000,-1.00000,513.88
quat6,0.00000,0.00000,0.00000,-1.00000,513.88
quat7,0.00000,0.00000,0.00000,-1.00000,513.88
quat8,0.00000,0.00000,0.00000,-1.00000,513.88
quat0,-0.63931,-0.68592,-0.34745,0.00862,513.9
quat1,-0.26146,0.16623,-0.87036,0.38272,513.9
quat2,0.05398,-0.27670,0.27079,-0.92043,513.9
quat3,-0.09926,-0.59002,0.18468,-0.77969,513.9
quat4,0.24114,-0.68514,0.05928,-0.68478,513.9
quat5,0.00000,0.00000,0.00000,-1.00000,513.9
quat6,0.00000,0.00000,0.00000,-1.00000,513.9
quat7,0.00000,0.00000,0.00000,-1.00000,513.9
quat8,0.00000,0.00000,0.00000,-1.00000,513.9
quat0,-0.66105,-0.66483,-0.34739,0.01836,513.92
quat1,-0.26263,0.15466,-0.84831,0.43299,513.92
quat2,0.04204,-0.24205,0.23472,-0.94051,513.92
quat3,-0.12731,-0.58015,0.18095,-0.78388,513.92
quat4,0.23834,-0.68027,0.06760,-0.68983,513.92
quat5,0.00000,0.00000,0.00000,-1.00000,513.92
quat6,0.00000,0.00000,0.00000,-1.00000,513.92
quat7,0.00000,0.00000,0.00000,-1.00000,513.92
quat8,0.00000,0.00000,0.00000,-1.00000,513.92
quat0,-0.68190,-0.64309,-0.34736,0.02798,513.94
quat1,-0.26743,0.14604,-0.82245,0.48034,513.94
quat2,0.03179,-0.20510,0.19537,-0.95852,513.94
quat3,-0.15741,-0.56683,0.17807,-0.78881,513.94
quat4,0.23473,-0.67361,0.07730,-0.69655,513.94
quat5,0.00000,0.00000,0.00000,-1.00000,513.94
quat6,0.00000,0.00000,0.00000,-1.00000,513.94
quat7,0.00000,0.00000,0.00000,-1.00000,513.94
quat8,0.00000,0.00000,0.00000,-1.00000,513.94
quat0,-0.70039,-0.62631,-0.33994,0.04043,513.96
quat1,-0.27276,0.14059,-0.79364,0.52533,513.96
quat2,0.02423,-0.17142,0.15254,-0.97301,513.96
quat3,-0.19064,-0.55064,0.17463,-0.79370,513.96
quat4,0.22913,-0.66471,0.08693,-0.70576,513.96
quat5,0.00000,0.00000,0.00000,-1.00000,513.96
quat6,0.00000,0.00000,0.00000,-1.00000,513.96
quat7,0.00000,0.00000,0.00000,-1.00000,513.96
quat8,0.00000,0.00000,0.00000,-1.00000,513.96
quat0,-0.71771,-0.60793,-0.33605,0.04885,513.98
quat1,-0.27592,0.13648,-0.76237,0.56924,513.98
quat2,0.01715,-0.14390,0.10746,-0.98359,513.98
quat3,-0.22650,-0.53269,0.17135,-0.79723,513.98
quat4,0.22394,-0.65516,0.09154,-0.71570,513.98
quat5,0.00000,0.00000,0.00000,-1.00000,513.98
quat6,0.00000,0.00000,0.00000,-1.00000,513.98
quat7,0.00000,0.00000,0.00000,-1.00000,513.98
quat8,0.00000,0.00000,0.00000,-1.00000,513.98
quat0,-0.73500,-0.59350,-0.32290,0.05710,514
quat1,-0.27463,0.13035,-0.72919,0.61308,514
quat2,0.00825,-0.12468,0.06095,-0.99029,514
quat3,-0.26575,-0.51307,0.16909,-0.79847,514
quat4,0.21804,-0.64277,0.09326,-0.72843,514
quat5,0.00000,0.00000,0.00000,-1.00000,514
quat6,0.00000,0.00000,0.00000,-1.00000,514
quat7,0.00000,0.00000,0.00000,-1.00000,514
quat8,0.00000,0.00000,0.00000,-1.00000,514
quat0,-0.75031,-0.57866,-0.31349,0.06256,514.02
quat1,-0.27207,0.12220,-0.69417,0.65511,514.02
quat2,-0.00438,-0.10859,0.01618,-0.99395,514.02
quat3,-0.30751,-0.48981,0.16794,-0.79832,514.02
quat4,0.20863,-0.62460,0.09467,-0.74658,514.02
quat5,0.00000,0.00000,0.00000,-1.00000,514.02
quat6,0.00000,0.00000,0.00000,-1.00000,514.02
quat7,0.00000,0.00000,0.00000,-1.00000,514.02
quat8,0.00000,0.00000,0.00000,-1.00000,514.02
quat0,-0.76300,-0.56611,-0.30356,0.07203,514.04
quat1,-0.26831,0.11317,-0.65770,0.69471,514.04
quat2,-0.02116,-0.09177,-0.02560,-0.99523,514.04
quat3,-0.35056,-0.46234,0.16834,-0.79687,514.04
quat4,0.19435,-0.60626,0.09543,-0.76522,514.04
quat5,0.00000,0.00000,0.00000,-1.00000,514.04
quat6,0.00000,0.00000,0.00000,-1.00000,514.04
quat7,0.00000,0.00000,0.00000,-1.00000,514.04
quat8,0.00000,0.00000,0.00000,-1.00000,514.04
quat0,-0.77637,-0.55327,-0.29104,0.08024,514.06
quat1,-0.26134,0.10363,-0.62011,0.73241,514.06
quat2,-0.04231,-0.07284,-0.06392,-0.99439,514.06
quat3,-0.39453,-0.43223,0.16886,-0.79310,514.06
quat4,0.17493,-0.58993,0.09665,-0.78233,514.06
quat5,0.00000,0.00000,0.00000,-1.00000,514.06
quat6,0.00000,0.00000,0.00000,-1.00000,514.06
quat7,0.00000,0.00000,0.00000,-1.00000,514.06
quat8,0.00000,0.00000,0.00000,-1.00000,514.06
quat0,-0.78944,-0.54141,-0.27568,0.08754,514.08
quat1,-0.25005,0.09056,-0.58157,0.76880,514.08
quat2,-0.06696,-0.05193,-0.09895,-0.99148,514.08
quat3,-0.43889,-0.40192,0.16970,-0.78551,514.08
quat4,0.15149,-0.57493,0.09965,-0.79786,514.08
quat5,0.00000,0.00000,0.00000,-1.00000,514.08
quat6,0.00000,0.00000,0.00000,-1.00000,514.08
quat7,0.00000,0.00000,0.00000,-1.00000,514.08
quat8,0.00000,0.00000,0.00000,-1.00000,514.08
quat0,-0.80133,-0.52958,-0.26087,0.09681,514.1
quat1,-0.23602,0.07390,-0.54268,0.80270,514.1
quat2,-0.09284,-0.03000,-0.12932,-0.98679,514.1
quat3,-0.48289,-0.37173,0.17161,-0.77407,514.1
quat4,0.12514,-0.55949,0.10532,-0.81254,514.1
quat5,0.00000,0.00000,0.00000,-1.00000,514.1
quat6,0.00000,0.00000,0.00000,-1.00000,514.1
quat7,0.00000,0.00000,0.00000,-1.00000,514.1
quat8,0.00000,0.00000,0.00000,-1.00000,514.1
quat0,-0.80989,-0.52212,-0.24436,0.10842,514.12
quat1,-0.22072,0.05858,-0.50549,0.83207,514.12
quat2,-0.11867,-0.00914,-0.15532,-0.98067,514.12
quat3,-0.52648,-0.33966,0.17503,-0.75948,514.12
quat4,0.09585,-0.54316,0.11466,-0.82622,514.12
quat5,0.00000,0.00000,0.00000,-1.00000,514.12
quat6,0.00000,0.00000,0.00000,-1.00000,514.12
quat7,0.00000,0.00000,0.00000,-1.00000,514.12
quat8,0.00000,0.00000,0.00000,-1.00000,514.12
quat0,-0.81887,-0.51463,-0.22565,0.11704,514.14
quat1,-0.20321,0.04533,-0.47017,0.85767,514.14
quat2,-0.14431,0.01160,-0.17728,-0.97345,514.14
quat3,-0.56987,-0.30574,0.17921,-0.74139,514.14
quat4,0.06339,-0.52761,0.12785,-0.83742,514.14
quat5,0.00000,0.00000,0.00000,-1.00000,514.14
quat6,0.00000,0.00000,0.00000,-1.00000,514.14
quat7,0.00000,0.00000,0.00000,-1.00000,514.14
quat8,0.00000,0.00000,0.00000,-1.00000,514.14
quat0,-0.82537,-0.51083,-0.20411,0.12714,514.16
quat1,-0.18277,0.03075,-0.43629,0.88051,514.16
quat2,-0.17026,0.03135,-0.19506,-0.96539,514.16
quat3,-0.61214,-0.27074,0.18373,-0.71988,514.16
quat4,0.02828,-0.51111,0.14564,-0.84662,514.16
quat5,0.00000,0.00000,0.00000,-1.00000,514.16
quat6,0.00000,0.00000,0.00000,-1.00000,514.16
quat7,0.00000,0.00000,0.00000,-1.00000,514.16
quat8,0.00000,0.00000,0.00000,-1.00000,514.16
quat0,-0.83204,-0.50480,-0.18316,0.13907,514.18
quat1,-0.16087,0.01301,-0.40329,0.90073,514.18
quat2,-0.19607,0.05029,-0.20774,-0.95701,514.18
quat3,-0.65249,-0.23498,0.18922,-0.69515,514.18
quat4,-0.00904,-0.49312,0.16644,-0.85384,514.18
quat5,0.00000,0.00000,0.00000,-1.00000,514.18
quat6,0.00000,0.00000,0.00000,-1.00000,514.18
quat7,0.00000,0.00000,0.00000,-1.00000,514.18
quat8,0.00000,0.00000,0.00000,-1.00000,514.18
quat0,-0.83807,-0.49973,-0.15943,0.14997,514.2
quat1,-0.13835,-0.00634,-0.37229,0.91773,514.2
quat2,-0.22050,0.07032,-0.21770,-0.94818,514.2
quat3,-0.69085,-0.19757,0.19547,-0.66745,514.2
quat4,-0.04820,-0.47403,0.19122,-0.85814,514.2
quat5,0.00000,0.00000,0.00000,-1.00000,514.2
quat6,0.00000,0.00000,0.00000,-1.00000,514.2
quat7,0.00000,0.00000,0.00000,-1.00000,514.2
quat8,0.00000,0.00000,0.00000,-1.00000,514.2
quat0,-0.84189,-0.49718,-0.13529,0.16041,514.22
quat1,-0.11615,-0.02529,-0.34306,0.93176,514.22
quat2,-0.24268,0.09144,-0.22489,-0.93924,514.22
quat3,-0.72573,-0.15895,0.20255,-0.63799,514.22
quat4,-0.08821,-0.45229,0.21913,-0.86002,514.22
quat5,0.00000,0.00000,0.00000,-1.00000,514.22
quat6,0.00000,0.00000,0.00000,-1.00000,514.22
quat7,0.00000,0.00000,0.00000,-1.00000,514.22
quat8,0.00000,0.00000,0.00000,-1.00000,514.22
quat0,-0.84433,-0.49608,-0.11371,0.16756,514.24
quat1,-0.09395,-0.04366,-0.31666,0.94286,514.24
quat2,-0.26225,0.11283,-0.22890,-0.93064,514.24
quat3,-0.75711,-0.11935,0.21041,-0.60685,514.24
quat4,-0.12897,-0.42742,0.24963,-0.85928,514.24
quat5,0.00000,0.00000,0.00000,-1.00000,514.24
quat6,0.00000,0.00000,0.00000,-1.00000,514.24
quat7,0.00000,0.00000,0.00000,-1.00000,514.24
quat8,0.00000,0.00000,0.00000,-1.00000,514.24
quat0,-0.84073,-0.50205,-0.08980,0.18182,514.26
quat1,-0.07129,-0.06329,-0.29322,0.95128,514.26
quat2,-0.27895,0.13248,-0.22910,-0.92312,514.26
quat3,-0.78471,-0.07984,0.21876,-0.57446,514.26
quat4,-0.16952,-0.39994,0.28206,-0.85543,514.26
quat5,0.00000,0.00000,0.00000,-1.00000,514.26
quat6,0.00000,0.00000,0.00000,-1.00000,514.26
quat7,0.00000,0.00000,0.00000,-1.00000,514.26
quat8,0.00000,0.00000,0.00000,-1.00000,514.26
quat0,-0.83843,-0.50492,-0.05976,0.19624,514.28
quat1,-0.04797,-0.08308,-0.27253,0.95735,514.28
quat2,-0.29307,0.14938,-0.22666,-0.91674,514.28
quat3,-0.80992,-0.04054,0.22643,-0.53955,514.28
quat4,-0.20872,-0.36963,0.31629,-0.84839,514.28
quat5,0.00000,0.00000,0.00000,-1.00000,514.28
quat6,0.00000,0.00000,0.00000,-1.00000,514.28
quat7,0.00000,0.00000,0.00000,-1.00000,514.28
quat8,0.00000,0.00000,0.00000,-1.00000,514.28
quat0,-0.83362,-0.51074,-0.02567,0.20871,514.3
quat1,-0.02458,-0.10453,-0.25396,0.96123,514.3
quat2,-0.30405,0.16597,-0.22276,-0.91125,514.3
quat3,-0.83158,0.00047,0.23401,-0.50370,514.3
quat4,-0.24786,-0.33475,0.35095,-0.83865,514.3
quat5,0.00000,0.00000,0.00000,-1.00000,514.3
quat6,0.00000,0.00000,0.00000,-1.00000,514.3
quat7,0.00000,0.00000,0.00000,-1.00000,514.3
quat8,0.00000,0.00000,0.00000,-1.00000,514.3
quat0,-0.82785,-0.51734,-0.00350,0.21682,514.32
quat1,-0.00139,-0.12799,-0.23653,0.96316,514.32
quat2,-0.31205,0.18376,-0.21768,-0.90635,514.32
quat3,-0.84963,0.04214,0.24190,-0.46673,514.32
quat4,-0.28747,-0.29243,0.38602,-0.82634,514.32
quat5,0.00000,0.00000,0.00000,-1.00000,514.32
quat6,0.00000,0.00000,0.00000,-1.00000,514.32
quat7,0.00000,0.00000,0.00000,-1.00000,514.32
quat8,0.00000,0.00000,0.00000,-1.00000,514.32
quat0,-0.82008,-0.52382,0.02102,0.22941,514.34
quat1,0.02043,-0.15004,-0.22079,0.96349,514.34
quat2,-0.31662,0.20142,-0.21047,-0.90271,514.34
quat3,-0.86445,0.08339,0.24889,-0.42874,514.34
quat4,-0.32654,-0.24531,0.42185,-0.80947,514.34
quat5,0.00000,0.00000,0.00000,-1.00000,514.34
quat6,0.00000,0.00000,0.00000,-1.00000,514.34
quat7,0.00000,0.00000,0.00000,-1.00000,514.34
quat8,0.00000,0.00000,0.00000,-1.00000,514.34
quat0,-0.81354,-0.52658,0.04491,0.24258,514.36
quat1,0.04318,-0.16974,-0.20746,0.96244,514.36
quat2,-0.31866,0.21447,-0.20091,-0.90116,514.36
quat3,-0.87550,0.12152,0.25609,-0.39135,514.36
quat4,-0.36125,-0.19754,0.45943,-0.78702,514.36
quat5,0.00000,0.00000,0.00000,-1.00000,514.36
quat6,0.00000,0.00000,0.00000,-1.00000,514.36
quat7,0.00000,0.00000,0.00000,-1.00000,514.36
quat8,0.00000,0.00000,0.00000,-1.00000,514.36
quat0,-0.80249,-0.53788,0.06338,0.25035,514.38
quat1,0.06428,-0.18950,-0.19569,0.96003,514.38
quat2,-0.31602,0.22646,-0.18939,-0.90165,514.38
quat3,-0.88371,0.15455,0.26442,-0.35391,514.38
quat4,-0.38860,-0.15014,0.49814,-0.76046,514.38
quat5,0.00000,0.00000,0.00000,-1.00000,514.38
quat6,0.00000,0.00000,0.00000,-1.00000,514.38
quat7,0.00000,0.00000,0.00000,-1.00000,514.38
quat8,0.00000,0.00000,0.00000,-1.00000,514.38
quat0,-0.79056,-0.54632,0.08485,0.26336,514.4
quat1,0.08416,-0.20786,-0.18453,0.95690,514.4
quat2,-0.30927,0.23690,-0.17622,-0.90398,514.4
quat3,-0.88978,0.18253,0.27340,-0.31658,514.4
quat4,-0.40858,-0.10259,0.53604,-0.73158,514.4
quat5,0.00000,0.00000,0.00000,-1.00000,514.4
quat6,0.00000,0.00000,0.00000,-1.00000,514.4
quat7,0.00000,0.00000,0.00000,-1.00000,514.4
quat8,0.00000,0.00000,0.00000,-1.00000,514.4
quat0,-0.77896,-0.55682,0.10126,0.27004,514.42
quat1,0.10393,-0.22350,-0.17408,0.95339,514.42
quat2,-0.30026,0.23941,-0.15877,-0.90957,514.42
quat3,-0.89374,0.20657,0.28335,-0.27975,514.42
quat4,-0.42324,-0.05477,0.57159,-0.70082,514.42
quat5,0.00000,0.00000,0.00000,-1.00000,514.42
quat6,0.00000,0.00000,0.00000,-1.00000,514.42
quat7,0.00000,0.00000,0.00000,-1.00000,514.42
quat8,0.00000,0.00000,0.00000,-1.00000,514.42
quat0,-0.76877,-0.56733,0.11177,0.27320,514.44
quat1,0.12079,-0.23821,-0.16343,0.94971,514.44
quat2,-0.28945,0.23896,-0.14171,-0.91599,514.44
quat3,-0.89570,0.22876,0.29359,-0.24329,514.44
quat4,-0.43477,-0.00889,0.60352,-0.66833,514.44
quat5,0.00000,0.00000,0.00000,-1.00000,514.44
quat6,0.00000,0.00000,0.00000,-1.00000,514.44
quat7,0.00000,0.00000,0.00000,-1.00000,514.44
quat8,0.00000,0.00000,0.00000,-1.00000,514.44
quat0,-0.75725,-0.57447,0.13162,0.28150,514.46
quat1,0.13374,-0.24995,-0.15323,0.94666,514.46
quat2,-0.27735,0.24353,-0.12934,-0.92035,514.46
quat3,-0.89617,0.25039,0.30179,-0.20761,514.46
quat4,-0.44435,0.03321,0.63169,-0.63437,514.46
quat5,0.00000,0.00000,0.00000,-1.00000,514.46
quat6,0.00000,0.00000,0.00000,-1.00000,514.46
quat7,0.00000,0.00000,0.00000,-1.00000,514.46
quat8,0.00000,0.00000,0.00000,-1.00000,514.46
quat0,-0.73731,-0.59079,0.16633,0.28226,514.48
quat1,0.14418,-0.26543,-0.14320,0.94247,514.48
quat2,-0.26757,0.24964,-0.12161,-0.92266,514.48
quat3,-0.89614,0.27167,0.30503,-0.17342,514.48
quat4,-0.45121,0.06969,0.65622,-0.60078,514.48
quat5,0.00000,0.00000,0.00000,-1.00000,514.48
quat6,0.00000,0.00000,0.00000,-1.00000,514.48
quat7,0.00000,0.00000,0.00000,-1.00000,514.48
quat8,0.00000,0.00000,0.00000,-1.00000,514.48
quat0,-0.73271,-0.59321,0.16516,0.28975,514.5
quat1,0.14925,-0.28445,-0.13431,0.93743,514.5
quat2,-0.26177,0.25277,-0.11785,-0.92396,514.5
quat3,-0.89611,0.29057,0.30430,-0.14124,514.5
quat4,-0.45563,0.09774,0.67778,-0.56874,514.5
quat5,0.00000,0.00000,0.00000,-1.00000,514.5
quat6,0.00000,0.00000,0.00000,-1.00000,514.5
quat7,0.00000,0.00000,0.00000,-1.00000,514.5
quat8,0.00000,0.00000,0.00000,-1.00000,514.5
quat0,-0.72018,-0.60411,0.17563,0.29248,514.52
quat1,0.15220,-0.30187,-0.12909,0.93223,514.52
quat2,-0.25945,0.25711,-0.11643,-0.92359,514.52
quat3,-0.89594,0.30778,0.30011,-0.11182,514.52
quat4,-0.45912,0.11867,0.69472,-0.54082,514.52
quat5,0.00000,0.00000,0.00000,-1.00000,514.52
quat6,0.00000,0.00000,0.00000,-1.00000,514.52
quat7,0.00000,0.00000,0.00000,-1.00000,514.52
quat8,0.00000,0.00000,0.00000,-1.00000,514.52
quat0,-0.71076,-0.61103,0.18807,0.29340,514.54
quat1,0.15196,-0.31612,-0.12572,0.92799,514.54
quat2,-0.25843,0.26333,-0.11522,-0.92228,514.54
quat3,-0.89605,0.32141,0.29378,-0.08654,514.54
quat4,-0.46432,0.13601,0.70652,-0.51646,514.54
quat5,0.00000,0.00000,0.00000,-1.00000,514.54
quat6,0.00000,0.00000,0.00000,-1.00000,514.54
quat7,0.00000,0.00000,0.00000,-1.00000,514.54
quat8,0.00000,0.00000,0.00000,-1.00000,514.54
quat0,-0.70591,-0.61477,0.19087,0.29549,514.56
quat1,0.15192,-0.32923,-0.12368,0.92371,514.56
quat2,-0.25759,0.26843,-0.11343,-0.92126,514.56
quat3,-0.89635,0.32926,0.28901,-0.06790,514.56
quat4,-0.46951,0.14834,0.71379,-0.49806,514.56
quat5,0.00000,0.00000,0.00000,-1.00000,514.56
quat6,0.00000,0.00000,0.00000,-1.00000,514.56
quat7,0.00000,0.00000,0.00000,-1.00000,514.56
quat8,0.00000,0.00000,0.00000,-1.00000,514.56
quat0,-0.70004,-0.62251,0.19392,0.29124,514.58
quat1,0.15254,-0.33986,-0.12275,0.91987,514.58
quat2,-0.25561,0.27322,-0.11053,-0.92076,514.58
quat3,-0.89706,0.33072,0.28783,-0.05527,514.58
quat4,-0.47533,0.15345,0.71698,-0.48627,514.58
quat5,0.00000,0.00000,0.00000,-1.00000,514.58
quat6,0.00000,0.00000,0.00000,-1.00000,514.58
quat7,0.00000,0.00000,0.00000,-1.00000,514.58
quat8,0.00000,0.00000,0.00000,-1.00000,514.58
quat0,-0.69986,-0.62295,0.19199,0.29202,514.6
quat1,0.15382,-0.34647,-0.12352,0.91708,514.6
quat2,-0.25283,0.27715,-0.10733,-0.92073,514.6
quat3,-0.89793,0.32754,0.28994,-0.04878,514.6
quat4,-0.47877,0.14967,0.71816,-0.48231,514.6
quat5,0.00000,0.00000,0.00000,-1.00000,514.6
quat6,0.00000,0.00000,0.00000,-1.00000,514.6
quat7,0.00000,0.00000,0.00000,-1.00000,514.6
quat8,0.00000,0.00000,0.00000,-1.00000,514.6
quat0,-0.70047,-0.62724,0.18632,0.28495,514.62
quat1,0.15442,-0.34898,-0.12641,0.91564,514.62
quat2,-0.24997,0.27749,-0.10426,-0.92176,514.62
quat3,-0.89948,0.31986,0.29383,-0.04786,514.62
quat4,-0.47896,0.13698,0.71786,-0.48633,514.62
quat5,0.00000,0.00000,0.00000,-1.00000,514.62
quat6,0.00000,0.00000,0.00000,-1.00000,514.62
quat7,0.00000,0.00000,0.00000,-1.00000,514.62
quat8,0.00000,0.00000,0.00000,-1.00000,514.62
quat0,-0.70493,-0.62818,0.17720,0.27760,514.64
quat1,0.15459,-0.34766,-0.13162,0.91537,514.64
quat2,-0.24856,0.27289,-0.10126,-0.92385,514.64
quat3,-0.90228,0.30776,0.29748,-0.05180,514.64
quat4,-0.47574,0.11624,0.71606,-0.49741,514.64
quat5,0.00000,0.00000,0.00000,-1.00000,514.64
quat6,0.00000,0.00000,0.00000,-1.00000,514.64
quat7,0.00000,0.00000,0.00000,-1.00000,514.64
quat8,0.00000,0.00000,0.00000,-1.00000,514.64
quat0,-0.71081,-0.62767,0.16730,0.26980,514.66
quat1,0.15350,-0.34369,-0.13864,0.91602,514.66
quat2,-0.24909,0.26539,-0.09833,-0.92621,514.66
quat3,-0.90578,0.29192,0.30073,-0.06247,514.66
quat4,-0.47147,0.09009,0.71095,-0.51395,514.66
quat5,0.00000,0.00000,0.00000,-1.00000,514.66
quat6,0.00000,0.00000,0.00000,-1.00000,514.66
quat7,0.00000,0.00000,0.00000,-1.00000,514.66
quat8,0.00000,0.00000,0.00000,-1.00000,514.66
quat0,-0.71767,-0.62639,0.15428,0.26227,514.68
quat1,0.15091,-0.33628,-0.14812,0.91772,514.68
quat2,-0.25131,0.25777,-0.09645,-0.92795,514.68
quat3,-0.90914,0.27323,0.30406,-0.07976,514.68
quat4,-0.46623,0.05945,0.70154,-0.53566,514.68
quat5,0.00000,0.00000,0.00000,-1.00000,514.68
quat6,0.00000,0.00000,0.00000,-1.00000,514.68
quat7,0.00000,0.00000,0.00000,-1.00000,514.68
quat8,0.00000,0.00000,0.00000,-1.00000,514.68
quat0,-0.72780,-0.62045,0.14092,0.25591,514.7
quat1,0.14612,-0.32655,-0.15972,0.92006,514.7
quat2,-0.25510,0.25167,-0.09665,-0.92857,514.7
quat3,-0.91156,0.25208,0.30776,-0.10387,514.7
quat4,-0.45739,0.02275,0.68885,-0.56193,514.7
quat5,0.00000,0.00000,0.00000,-1.00000,514.7
quat6,0.00000,0.00000,0.00000,-1.00000,514.7
quat7,0.00000,0.00000,0.00000,-1.00000,514.7
quat8,0.00000,0.00000,0.00000,-1.00000,514.7
quat0,-0.73785,-0.61447,0.12517,0.24967,514.72
quat1,0.13887,-0.31546,-0.17278,0.92268,514.72
quat2,-0.26067,0.24684,-0.09977,-0.92799,514.72
quat3,-0.91270,0.22847,0.31096,-0.13448,514.72
quat4,-0.44506,-0.01841,0.67201,-0.59159,514.72
quat5,0.00000,0.00000,0.00000,-1.00000,514.72
quat6,0.00000,0.00000,0.00000,-1.00000,514.72
quat7,0.00000,0.00000,0.00000,-1.00000,514.72
quat8,0.00000,0.00000,0.00000,-1.00000,514.72
quat0,-0.75004,-0.60458,0.11039,0.24442,514.74
quat1,0.12823,-0.30296,-0.18678,0.92568,514.74
quat2,-0.26729,0.23970,-0.10609,-0.92728,514.74
quat3,-0.91226,0.20178,0.31232,-0.17181,514.74
quat4,-0.43020,-0.06269,0.65014,-0.62315,514.74
quat5,0.00000,0.00000,0.00000,-1.00000,514.74
quat6,0.00000,0.00000,0.00000,-1.00000,514.74
quat7,0.00000,0.00000,0.00000,-1.00000,514.74
quat8,0.00000,0.00000,0.00000,-1.00000,514.74
quat0,-0.76289,-0.59185,0.09645,0.24168,514.76
quat1,0.11384,-0.29071,-0.19972,0.92878,514.76
quat2,-0.27429,0.22987,-0.11532,-0.92662,514.76
quat3,-0.90937,0.17211,0.31138,-0.21556,514.76
quat4,-0.41252,-0.10865,0.62367,-0.65502,514.76
quat5,0.00000,0.00000,0.00000,-1.00000,514.76
quat6,0.00000,0.00000,0.00000,-1.00000,514.76
quat7,0.00000,0.00000,0.00000,-1.00000,514.76
quat8,0.00000,0.00000,0.00000,-1.00000,514.76
quat0,-0.77786,-0.57852,0.07839,0.23261,514.78
quat1,0.09694,-0.27950,-0.21078,0.93169,514.78
quat2,-0.28106,0.22032,-0.12726,-0.92535,514.78
quat3,-0.90297,0.13923,0.30781,-0.26553,514.78
quat4,-0.39136,-0.15720,0.59276,-0.68612,514.78
quat5,0.00000,0.00000,0.00000,-1.00000,514.78
quat6,0.00000,0.00000,0.00000,-1.00000,514.78
quat7,0.00000,0.00000,0.00000,-1.00000,514.78
quat8,0.00000,0.00000,0.00000,-1.00000,514.78
quat0,-0.79217,-0.56645,0.05971,0.21917,514.8
quat1,0.07823,-0.26778,-0.22178,0.93434,514.8
quat2,-0.28647,0.21210,-0.14007,-0.92376,514.8
quat3,-0.89247,0.10382,0.30046,-0.32008,514.8
quat4,-0.36746,-0.20766,0.55844,-0.71414,514.8
quat5,0.00000,0.00000,0.00000,-1.00000,514.8
quat6,0.00000,0.00000,0.00000,-1.00000,514.8
quat7,0.00000,0.00000,0.00000,-1.00000,514.8
quat8,0.00000,0.00000,0.00000,-1.00000,514.8
quat0,-0.80697,-0.55277,0.03970,0.20414,514.82
quat1,0.05725,-0.25454,-0.23400,0.93657,514.82
quat2,-0.28989,0.20199,-0.15143,-0.92317,514.82
quat3,-0.87732,0.06685,0.28866,-0.37751,514.82
quat4,-0.34198,-0.25794,0.52036,-0.73874,514.82
quat5,0.00000,0.00000,0.00000,-1.00000,514.82
quat6,0.00000,0.00000,0.00000,-1.00000,514.82
quat7,0.00000,0.00000,0.00000,-1.00000,514.82
quat8,0.00000,0.00000,0.00000,-1.00000,514.82
quat0,-0.82023,-0.54007,0.02089,0.18735,514.84
quat1,0.03555,-0.24099,-0.24790,0.93766,514.84
quat2,-0.29088,0.18825,-0.16121,-0.92410,514.84
quat3,-0.85827,0.02887,0.27233,-0.43403,514.84
quat4,-0.31587,-0.30458,0.47908,-0.76022,514.84
quat5,0.00000,0.00000,0.00000,-1.00000,514.84
quat6,0.00000,0.00000,0.00000,-1.00000,514.84
quat7,0.00000,0.00000,0.00000,-1.00000,514.84
quat8,0.00000,0.00000,0.00000,-1.00000,514.84
quat0,-0.82752,-0.53602,0.00138,0.16701,514.86
quat1,0.01343,-0.22540,-0.26520,0.93738,514.86
quat2,-0.28892,0.17204,-0.16917,-0.92645,514.86
quat3,-0.83501,-0.00662,0.25204,-0.48908,514.86
quat4,-0.29018,-0.34564,0.43576,-0.77874,514.86
quat5,0.00000,0.00000,0.00000,-1.00000,514.86
quat6,0.00000,0.00000,0.00000,-1.00000,514.86
quat7,0.00000,0.00000,0.00000,-1.00000,514.86
quat8,0.00000,0.00000,0.00000,-1.00000,514.86
quat0,-0.83444,-0.52977,-0.02023,0.15050,514.88
quat1,-0.00759,-0.20720,-0.28550,0.93568,514.88
quat2,-0.28346,0.15585,-0.17537,-0.92984,514.88
quat3,-0.80846,-0.03377,0.22731,-0.54183,514.88
quat4,-0.26475,-0.38018,0.39142,-0.79509,514.88
quat5,0.00000,0.00000,0.00000,-1.00000,514.88
quat6,0.00000,0.00000,0.00000,-1.00000,514.88
quat7,0.00000,0.00000,0.00000,-1.00000,514.88
quat8,0.00000,0.00000,0.00000,-1.00000,514.88
quat0,-0.83813,-0.52675,-0.04635,0.13387,514.9
quat1,-0.02922,-0.18721,-0.30700,0.93266,514.9
quat2,-0.27477,0.14062,-0.18021,-0.93395,514.9
quat3,-0.77776,-0.05595,0.20467,-0.59166,514.9
quat4,-0.23728,-0.40897,0.34789,-0.80958,514.9
quat5,0.00000,0.00000,0.00000,-1.00000,514.9
quat6,0.00000,0.00000,0.00000,-1.00000,514.9
quat7,0.00000,0.00000,0.00000,-1.00000,514.9
quat8,0.00000,0.00000,0.00000,-1.00000,514.9
quat0,-0.84031,-0.52551,-0.06691,0.11504,514.92
quat1,-0.05339,-0.16365,-0.33004,0.92814,514.92
quat2,-0.26285,0.12572,-0.18420,-0.93871,514.92
quat3,-0.74324,-0.07688,0.18642,-0.63791,514.92
quat4,-0.20578,-0.43409,0.30616,-0.82188,514.92
quat5,0.00000,0.00000,0.00000,-1.00000,514.92
quat6,0.00000,0.00000,0.00000,-1.00000,514.92
quat7,0.00000,0.00000,0.00000,-1.00000,514.92
quat8,0.00000,0.00000,0.00000,-1.00000,514.92
quat0,-0.83860,-0.52821,-0.08683,0.10101,514.94
quat1,-0.08094,-0.13702,-0.35486,0.92127,514.94
quat2,-0.24824,0.11139,-0.18714,-0.94390,514.94
quat3,-0.70471,-0.09917,0.17289,-0.68092,514.94
quat4,-0.17101,-0.45573,0.26757,-0.83155,514.94
quat5,0.00000,0.00000,0.00000,-1.00000,514.94
quat6,0.00000,0.00000,0.00000,-1.00000,514.94
quat7,0.00000,0.00000,0.00000,-1.00000,514.94
quat8,0.00000,0.00000,0.00000,-1.00000,514.94
quat0,-0.83522,-0.53201,-0.10802,0.08780,514.96
quat1,-0.11312,-0.10771,-0.38162,0.91103,514.96
quat2,-0.23038,0.09811,-0.18775,-0.94976,514.96
quat3,-0.66277,-0.12623,0.16391,-0.71968,514.96
quat4,-0.13361,-0.47464,0.23192,-0.83850,514.96
quat5,0.00000,0.00000,0.00000,-1.00000,514.96
quat6,0.00000,0.00000,0.00000,-1.00000,514.96
quat7,0.00000,0.00000,0.00000,-1.00000,514.96
quat8,0.00000,0.00000,0.00000,-1.00000,514.96
quat0,-0.83418,-0.53142,-0.12855,0.07216,514.98
quat1,-0.14882,-0.07739,-0.40952,0.89675,514.98
quat2,-0.20886,0.08688,-0.18575,-0.95621,514.98
quat3,-0.61812,-0.15735,0.15860,-0.75367,514.98
quat4,-0.09479,-0.49215,0.20022,-0.84185,514.98
quat5,0.00000,0.00000,0.00000,-1.00000,514.98
quat6,0.00000,0.00000,0.00000,-1.00000,514.98
quat7,0.00000,0.00000,0.00000,-1.00000,514.98
quat8,0.00000,0.00000,0.00000,-1.00000,514.98
quat0,-0.83127,-0.53205,-0.15060,0.05688,515
quat1,-0.18588,-0.04791,-0.43940,0.87754,515
quat2,-0.18341,0.07768,-0.17980,-0.96333,515
quat3,-0.57131,-0.18962,0.15503,-0.78333,515
quat4,-0.05551,-0.50878,0.17173,-0.84177,515
quat5,0.00000,0.00000,0.00000,-1.00000,515
quat6,0.00000,0.00000,0.00000,-1.00000,515
quat7,0.00000,0.00000,0.00000,-1.00000,515
quat8,0.00000,0.00000,0.00000,-1.00000,515
quat0,-0.82734,-0.53277,-0.17252,0.04361,515.02
quat1,-0.22247,-0.02176,-0.47073,0.85349,515.02
quat2,-0.15456,0.06905,-0.16985,-0.97082,515.02
quat3,-0.52327,-0.22179,0.15200,-0.80863,515.02
quat4,-0.01696,-0.52474,0.14758,-0.83820,515.02
quat5,0.00000,0.00000,0.00000,-1.00000,515.02
quat6,0.00000,0.00000,0.00000,-1.00000,515.02
quat7,0.00000,0.00000,0.00000,-1.00000,515.02
quat8,0.00000,0.00000,0.00000,-1.00000,515.02
quat0,-0.82371,-0.53290,-0.19021,0.03651,515.04
quat1,-0.25723,0.00050,-0.50366,0.82472,515.04
quat2,-0.12251,0.05993,-0.15535,-0.97840,515.04
quat3,-0.47460,-0.25450,0.14941,-0.82925,515.04
quat4,0.01954,-0.54032,0.12638,-0.83168,515.04
quat5,0.00000,0.00000,0.00000,-1.00000,515.04
quat6,0.00000,0.00000,0.00000,-1.00000,515.04
quat7,0.00000,0.00000,0.00000,-1.00000,515.04
quat8,0.00000,0.00000,0.00000,-1.00000,515.04
quat0,-0.81438,-0.53936,-0.21340,0.01852,515.06
quat1,-0.28839,0.02120,-0.53650,0.79281,515.06
quat2,-0.08712,0.05201,-0.13559,-0.98556,515.06
quat3,-0.42772,-0.28430,0.14615,-0.84550,515.06
quat4,0.05216,-0.55339,0.10796,-0.82424,515.06
quat5,0.00000,0.00000,0.00000,-1.00000,515.06
quat6,0.00000,0.00000,0.00000,-1.00000,515.06
quat7,0.00000,0.00000,0.00000,-1.00000,515.06
quat8,0.00000,0.00000,0.00000,-1.00000,515.06
quat0,-0.81283,-0.53685,-0.22602,0.00357,515.08
quat1,-0.31664,0.04360,-0.56698,0.75919,515.08
quat2,-0.04892,0.04673,-0.11024,-0.99160,515.08
quat3,-0.38238,-0.30897,0.14286,-0.85902,515.08
quat4,0.08125,-0.56187,0.09141,-0.81814,515.08
quat5,0.00000,0.00000,0.00000,-1.00000,515.08
quat6,0.00000,0.00000,0.00000,-1.00000,515.08
quat7,0.00000,0.00000,0.00000,-1.00000,515.08
quat8,0.00000,0.00000,0.00000,-1.00000,515.08
quat0,-0.79647,-0.55157,-0.24744,-0.01352,515.1
quat1,-0.34299,0.06860,-0.59492,0.72369,515.1
quat2,-0.00936,0.04473,-0.08031,-0.99572,515.1
quat3,-0.33891,-0.33013,0.14180,-0.86951,515.1
quat4,0.10739,-0.56492,0.07933,-0.81427,515.1
quat5,0.00000,0.00000,0.00000,-1.00000,515.1
quat6,0.00000,0.00000,0.00000,-1.00000,515.1
quat7,0.00000,0.00000,0.00000,-1.00000,515.1
quat8,0.00000,0.00000,0.00000,-1.00000,515.1
quat0,-0.78605,-0.55833,-0.26433,-0.02278,515.12
quat1,-0.36799,0.09358,-0.62079,0.68589,515.12
quat2,0.02997,0.04458,-0.04699,-0.99745,515.12
quat3,-0.29848,-0.35273,0.14112,-0.87554,515.12
quat4,0.13087,-0.56716,0.06993,-0.81013,515.12
quat5,0.00000,0.00000,0.00000,-1.00000,515.12
quat6,0.00000,0.00000,0.00000,-1.00000,515.12
quat7,0.00000,0.00000,0.00000,-1.00000,515.12
quat8,0.00000,0.00000,0.00000,-1.00000,515.12
quat0,-0.77288,-0.56719,-0.28231,-0.03539,515.14
quat1,-0.39020,0.11799,-0.64526,0.64611,515.14
quat2,0.06842,0.04329,-0.01136,-0.99665,515.14
quat3,-0.26058,-0.37725,0.14096,-0.87745,515.14
quat4,0.15172,-0.57179,0.06134,-0.80391,515.14
quat5,0.00000,0.00000,0.00000,-1.00000,515.14
quat6,0.00000,0.00000,0.00000,-1.00000,515.14
quat7,0.00000,0.00000,0.00000,-1.00000,515.14
quat8,0.00000,0.00000,0.00000,-1.00000,515.14
quat0,-0.75144,-0.58379,-0.30366,-0.04806,515.16
quat1,-0.40946,0.14187,-0.66824,0.60470,515.16
quat2,0.10609,0.03867,0.02604,-0.99326,515.16
quat3,-0.22449,-0.40407,0.14206,-0.87530,515.16
quat4,0.16991,-0.58027,0.05298,-0.79474,515.16
quat5,0.00000,0.00000,0.00000,-1.00000,515.16
quat6,0.00000,0.00000,0.00000,-1.00000,515.16
quat7,0.00000,0.00000,0.00000,-1.00000,515.16
quat8,0.00000,0.00000,0.00000,-1.00000,515.16
quat0,-0.73460,-0.59636,-0.31921,-0.05324,515.18
quat1,-0.42622,0.16654,-0.68945,0.56148,515.18
quat2,0.14294,0.02869,0.06389,-0.98725,515.18
quat3,-0.19156,-0.43068,0.14343,-0.87020,515.18
quat4,0.18607,-0.59220,0.04701,-0.78261,515.18
quat5,0.00000,0.00000,0.00000,-1.00000,515.18
quat6,0.00000,0.00000,0.00000,-1.00000,515.18
quat7,0.00000,0.00000,0.00000,-1.00000,515.18
quat8,0.00000,0.00000,0.00000,-1.00000,515.18
quat0,-0.71623,-0.60832,-0.33663,-0.06039,515.2
quat1,-0.44121,0.19196,-0.70852,0.51622,515.2
quat2,0.17823,0.01414,0.10201,-0.97859,515.2
quat3,-0.16201,-0.45664,0.14366,-0.86290,515.2
quat4,0.20235,-0.60471,0.04238,-0.76914,515.2
quat5,0.00000,0.00000,0.00000,-1.00000,515.2
quat6,0.00000,0.00000,0.00000,-1.00000,515.2
quat7,0.00000,0.00000,0.00000,-1.00000,515.2
quat8,0.00000,0.00000,0.00000,-1.00000,515.2
quat0,-0.70490,-0.61869,-0.34213,-0.05741,515.22
quat1,-0.45398,0.21640,-0.72597,0.46908,515.22
quat2,0.21221,-0.00439,0.13994,-0.96714,515.22
quat3,-0.13502,-0.48173,0.14388,-0.85382,515.22
quat4,0.21647,-0.61759,0.03857,-0.75514,515.22
quat5,0.00000,0.00000,0.00000,-1.00000,515.22
quat6,0.00000,0.00000,0.00000,-1.00000,515.22
quat7,0.00000,0.00000,0.00000,-1.00000,515.22
quat8,0.00000,0.00000,0.00000,-1.00000,515.22
quat0,-0.68131,-0.63563,-0.35829,-0.05855,515.24
quat1,-0.46332,0.23870,-0.74180,0.42201,515.24
quat2,0.24559,-0.02630,0.17701,-0.95271,515.24
quat3,-0.11114,-0.50557,0.14448,-0.84331,515.24
quat4,0.22741,-0.63106,0.03430,-0.74086,515.24
quat5,0.00000,0.00000,0.00000,-1.00000,515.24
quat6,0.00000,0.00000,0.00000,-1.00000,515.24
quat7,0.00000,0.00000,0.00000,-1.00000,515.24
quat8,0.00000,0.00000,0.00000,-1.00000,515.24
quat0,-0.66622,-0.64916,-0.36301,-0.05449,515.26
quat1,-0.47038,0.25901,-0.75563,0.37506,515.26
quat2,0.27878,-0.05105,0.21336,-0.93496,515.26
quat3,-0.08922,-0.52793,0.14562,-0.83194,515.26
quat4,0.23557,-0.64345,0.02983,-0.72773,515.26
quat5,0.00000,0.00000,0.00000,-1.00000,515.26
quat6,0.00000,0.00000,0.00000,-1.00000,515.26
quat7,0.00000,0.00000,0.00000,-1.00000,515.26
quat8,0.00000,0.00000,0.00000,-1.00000,515.26
quat0,-0.65028,-0.66418,-0.36536,-0.05011,515.28
quat1,-0.47792,0.28121,-0.76539,0.32665,515.28
quat2,0.31178,-0.07786,0.24944,-0.91351,515.28
quat3,-0.06941,-0.54730,0.14637,-0.82111,515.28
quat4,0.24110,-0.65547,0.02442,-0.71529,515.28
quat5,0.00000,0.00000,0.00000,-1.00000,515.28
quat6,0.00000,0.00000,0.00000,-1.00000,515.28
quat7,0.00000,0.00000,0.00000,-1.00000,515.28
quat8,0.00000,0.00000,0.00000,-1.00000,515.28
quat0,-0.62940,-0.68060,-0.37044,-0.05844,515.3
quat1,-0.48672,0.30418,-0.77098,0.27597,515.3
quat2,0.34406,-0.10641,0.28572,-0.88807,515.3
quat3,-0.05217,-0.56129,0.14797,-0.81261,515.3
quat4,0.24305,-0.66445,0.01925,-0.70644,515.3
quat5,0.00000,0.00000,0.00000,-1.00000,515.3
quat6,0.00000,0.00000,0.00000,-1.00000,515.3
quat7,0.00000,0.00000,0.00000,-1.00000,515.3
quat8,0.00000,0.00000,0.00000,-1.00000,515.3
quat0,-0.61374,-0.69798,-0.36534,-0.05176,515.32
quat1,-0.49210,0.32545,-0.77503,0.22637,515.32
quat2,0.37590,-0.13634,0.32179,-0.85823,515.32
quat3,-0.03395,-0.57105,0.15242,-0.80593,515.32
quat4,0.24210,-0.66909,0.01469,-0.70248,515.32
quat5,0.00000,0.00000,0.00000,-1.00000,515.32
quat6,0.00000,0.00000,0.00000,-1.00000,515.32
quat7,0.00000,0.00000,0.00000,-1.00000,515.32
quat8,0.00000,0.00000,0.00000,-1.00000,515.32
quat0,-0.59024,-0.71503,-0.37139,-0.04913,515.34
quat1,-0.49007,0.34508,-0.77961,0.18153,515.34
quat2,0.40685,-0.16722,0.35629,-0.82436,515.34
quat3,-0.01597,-0.57703,0.15773,-0.80119,515.34
quat4,0.23928,-0.67017,0.00964,-0.70251,515.34
quat5,0.00000,0.00000,0.00000,-1.00000,515.34
quat6,0.00000,0.00000,0.00000,-1.00000,515.34
quat7,0.00000,0.00000,0.00000,-1.00000,515.34
quat8,0.00000,0.00000,0.00000,-1.00000,515.34
quat0,-0.57472,-0.72923,-0.36910,-0.04103,515.36
quat1,-0.47907,0.36170,-0.78655,0.14491,515.36
quat2,0.43395,-0.19644,0.38901,-0.78853,515.36
quat3,0.00128,-0.57729,0.16431,-0.79983,515.36
quat4,0.23562,-0.66807,0.00464,-0.70580,515.36
quat5,0.00000,0.00000,0.00000,-1.00000,515.36
quat6,0.00000,0.00000,0.00000,-1.00000,515.36
quat7,0.00000,0.00000,0.00000,-1.00000,515.36
quat8,0.00000,0.00000,0.00000,-1.00000,515.36
quat0,-0.55742,-0.74442,-0.36639,-0.02965,515.38
quat1,-0.46333,0.37485,-0.79440,0.11722,515.38
quat2,0.45131,-0.22074,0.42114,-0.75514,515.38
quat3,0.01624,-0.57490,0.16987,-0.80023,515.38
quat4,0.23291,-0.66102,0.00050,-0.71330,515.38
quat5,0.00000,0.00000,0.00000,-1.00000,515.38
quat6,0.00000,0.00000,0.00000,-1.00000,515.38
quat7,0.00000,0.00000,0.00000,-1.00000,515.38
quat8,0.00000,0.00000,0.00000,-1.00000,515.38
quat0,-0.54501,-0.75223,-0.36970,-0.02107,515.4
quat1,-0.44696,0.38134,-0.80354,0.09549,515.4
quat2,0.45414,-0.23982,0.45328,-0.72855,515.4
quat3,0.02756,-0.57289,0.17313,-0.80066,515.4
quat4,0.23260,-0.64992,-0.00368,-0.72352,515.4
quat5,0.00000,0.00000,0.00000,-1.00000,515.4
quat6,0.00000,0.00000,0.00000,-1.00000,515.4
quat7,0.00000,0.00000,0.00000,-1.00000,515.4
quat8,0.00000,0.00000,0.00000,-1.00000,515.4
quat0,-0.53007,-0.76062,-0.37442,-0.01728,515.42
quat1,-0.43051,0.37902,-0.81530,0.07928,515.42
quat2,0.44306,-0.25381,0.48416,-0.71054,515.42
quat3,0.03474,-0.57204,0.17469,-0.80065,515.42
quat4,0.23470,-0.63666,-0.00650,-0.73454,515.42
quat5,0.00000,0.00000,0.00000,-1.00000,515.42
quat6,0.00000,0.00000,0.00000,-1.00000,515.42
quat7,0.00000,0.00000,0.00000,-1.00000,515.42
quat8,0.00000,0.00000,0.00000,-1.00000,515.42
quat0,-0.52264,-0.76505,-0.37603,-0.01234,515.44
quat1,-0.41666,0.37003,-0.82763,0.06718,515.44
quat2,0.42220,-0.26265,0.51083,-0.70130,515.44
quat3,0.03863,-0.57276,0.17623,-0.79963,515.44
quat4,0.23812,-0.62604,-0.00820,-0.74250,515.44
quat5,0.00000,0.00000,0.00000,-1.00000,515.44
quat6,0.00000,0.00000,0.00000,-1.00000,515.44
quat7,0.00000,0.00000,0.00000,-1.00000,515.44
quat8,0.00000,0.00000,0.00000,-1.00000,515.44
quat0,-0.51337,-0.76946,-0.37985,-0.00983,515.46
quat1,-0.40550,0.35718,-0.83919,0.06126,515.46
quat2,0.39601,-0.26770,0.53121,-0.69952,515.46
quat3,0.03934,-0.57597,0.17701,-0.79711,515.46
quat4,0.24125,-0.62239,-0.00948,-0.74454,515.46
quat5,0.00000,0.00000,0.00000,-1.00000,515.46
quat6,0.00000,0.00000,0.00000,-1.00000,515.46
quat7,0.00000,0.00000,0.00000,-1.00000,515.46
quat8,0.00000,0.00000,0.00000,-1.00000,515.46
quat0,-0.50917,-0.77185,-0.38079,-0.00009,515.48
quat1,-0.39457,0.34283,-0.85024,0.06232,515.48
quat2,0.36857,-0.26999,0.54394,-0.70384,515.48
quat3,0.03695,-0.58271,0.17695,-0.79232,515.48
quat4,0.24314,-0.62537,-0.01023,-0.74141,515.48
quat5,0.00000,0.00000,0.00000,-1.00000,515.48
quat6,0.00000,0.00000,0.00000,-1.00000,515.48
quat7,0.00000,0.00000,0.00000,-1.00000,515.48
quat8,0.00000,0.00000,0.00000,-1.00000,515.48
quat0,-0.50960,-0.77215,-0.37952,0.00738,515.5
quat1,-0.38318,0.32914,-0.86023,0.06954,515.5
quat2,0.34306,-0.26859,0.54857,-0.71361,515.5
quat3,0.03260,-0.59097,0.17637,-0.78650,515.5
quat4,0.24337,-0.63233,-0.00936,-0.73542,515.5
quat5,0.00000,0.00000,0.00000,-1.00000,515.5
quat6,0.00000,0.00000,0.00000,-1.00000,515.5
quat7,0.00000,0.00000,0.00000,-1.00000,515.5
quat8,0.00000,0.00000,0.00000,-1.00000,515.5
quat0,-0.51682,-0.76850,-0.37665,0.02075,515.52
quat1,-0.37130,0.31671,-0.86899,0.08177,515.52
quat2,0.32182,-0.26341,0.54587,-0.72737,515.52
quat3,0.02652,-0.59845,0.17642,-0.78104,515.52
quat4,0.24223,-0.63936,-0.00642,-0.72973,515.52
quat5,0.00000,0.00000,0.00000,-1.00000,515.52
quat6,0.00000,0.00000,0.00000,-1.00000,515.52
quat7,0.00000,0.00000,0.00000,-1.00000,515.52
quat8,0.00000,0.00000,0.00000,-1.00000,515.52
quat0,-0.52666,-0.76319,-0.37303,0.03199,515.54
quat1,-0.35864,0.30558,-0.87645,0.09915,515.54
quat2,0.30662,-0.25722,0.53551,-0.74367,515.54
quat3,0.01795,-0.60278,0.17744,-0.77772,515.54
quat4,0.24057,-0.64268,-0.00122,-0.72739,515.54
quat5,0.00000,0.00000,0.00000,-1.00000,515.54
quat6,0.00000,0.00000,0.00000,-1.00000,515.54
quat7,0.00000,0.00000,0.00000,-1.00000,515.54
quat8,0.00000,0.00000,0.00000,-1.00000,515.54
quat0,-0.54112,-0.75434,-0.36904,0.04432,515.56
quat1,-0.34630,0.29613,-0.88188,0.12115,515.56
quat2,0.29723,-0.25233,0.51809,-0.76129,515.56
quat3,0.00715,-0.60335,0.18023,-0.77681,515.56
quat4,0.23885,-0.64022,0.00639,-0.73009,515.56
quat5,0.00000,0.00000,0.00000,-1.00000,515.56
quat6,0.00000,0.00000,0.00000,-1.00000,515.56
quat7,0.00000,0.00000,0.00000,-1.00000,515.56
quat8,0.00000,0.00000,0.00000,-1.00000,515.56
quat0,-0.55636,-0.74455,-0.36497,0.05394,515.58
quat1,-0.33389,0.28757,-0.88527,0.14870,515.58
quat2,0.29169,-0.24875,0.49468,-0.77996,515.58
quat3,-0.00547,-0.60081,0.18414,-0.77787,515.58
quat4,0.23729,-0.63234,0.01568,-0.73729,515.58
quat5,0.00000,0.00000,0.00000,-1.00000,515.58
quat6,0.00000,0.00000,0.00000,-1.00000,515.58
quat7,0.00000,0.00000,0.00000,-1.00000,515.58
quat8,0.00000,0.00000,0.00000,-1.00000,515.58
quat0,-0.57263,-0.73328,-0.36121,0.06266,515.6
quat1,-0.32171,0.27966,-0.88611,0.18191,515.6
quat2,0.28813,-0.24555,0.46613,-0.79963,515.6
quat3,-0.02123,-0.59693,0.18702,-0.77990,515.6
quat4,0.23689,-0.62062,0.02563,-0.74703,515.6
quat5,0.00000,0.00000,0.00000,-1.00000,515.6
quat6,0.00000,0.00000,0.00000,-1.00000,515.6
quat7,0.00000,0.00000,0.00000,-1.00000,515.6
quat8,0.00000,0.00000,0.00000,-1.00000,515.6
quat0,-0.58943,-0.71901,-0.36184,0.06837,515.62
quat1,-0.31125,0.27162,-0.88356,0.22060,515.62
quat2,0.28436,-0.24167,0.43353,-0.82023,515.62
quat3,-0.04021,-0.59277,0.18784,-0.78213,515.62
quat4,0.23786,-0.60807,0.03517,-0.75660,515.62
quat5,0.00000,0.00000,0.00000,-1.00000,515.62
quat6,0.00000,0.00000,0.00000,-1.00000,515.62
quat7,0.00000,0.00000,0.00000,-1.00000,515.62
quat8,0.00000,0.00000,0.00000,-1.00000,515.62
quat0,-0.60757,-0.70307,-0.36224,0.07309,515.64
quat1,-0.30350,0.26200,-0.87725,0.26397,515.64
quat2,0.27832,-0.23491,0.39810,-0.84195,515.64
quat3,-0.06128,-0.58734,0.18809,-0.78479,515.64
quat4,0.23925,-0.59890,0.04323,-0.76302,515.64
quat5,0.00000,0.00000,0.00000,-1.00000,515.64
quat6,0.00000,0.00000,0.00000,-1.00000,515.64
quat7,0.00000,0.00000,0.00000,-1.00000,515.64
quat8,0.00000,0.00000,0.00000,-1.00000,515.64
quat0,-0.62351,-0.68696,-0.36430,0.08124,515.66
quat1,-0.29896,0.25145,-0.86659,0.31050,515.66
quat2,0.26884,-0.22402,0.36055,-0.86460,515.66
quat3,-0.08343,-0.58167,0.18852,-0.78686,515.66
quat4,0.24040,-0.59516,0.04938,-0.76522,515.66
quat5,0.00000,0.00000,0.00000,-1.00000,515.66
quat6,0.00000,0.00000,0.00000,-1.00000,515.66
quat7,0.00000,0.00000,0.00000,-1.00000,515.66
quat8,0.00000,0.00000,0.00000,-1.00000,515.66
quat0,-0.63986,-0.66882,-0.36785,0.08918,515.68
quat1,-0.29828,0.24032,-0.85180,0.35736,515.68
quat2,0.25662,-0.20985,0.32252,-0.88662,515.68
quat3,-0.10780,-0.57627,0.18803,-0.78799,515.68
quat4,0.24116,-0.59507,0.05512,-0.76466,515.68
quat5,0.00000,0.00000,0.00000,-1.00000,515.68
quat6,0.00000,0.00000,0.00000,-1.00000,515.68
quat7,0.00000,0.00000,0.00000,-1.00000,515.68
quat8,0.00000,0.00000,0.00000,-1.00000,515.68
quat0,-0.65615,-0.64932,-0.37220,0.09657,515.7
quat1,-0.29750,0.22940,-0.83335,0.40547,515.7
quat2,0.24271,-0.19334,0.28426,-0.90714,515.7
quat3,-0.13407,-0.56970,0.18649,-0.78910,515.7
quat4,0.24071,-0.59797,0.06081,-0.76210,515.7
quat5,0.00000,0.00000,0.00000,-1.00000,515.7
quat6,0.00000,0.00000,0.00000,-1.00000,515.7
quat7,0.00000,0.00000,0.00000,-1.00000,515.7
quat8,0.00000,0.00000,0.00000,-1.00000,515.7
quat0,-0.67362,-0.62975,-0.37170,0.10719,515.72
quat1,-0.29708,0.21819,-0.81129,0.45380,515.72
quat2,0.22579,-0.17507,0.24477,-0.92653,515.72
quat3,-0.16092,-0.56240,0.18429,-0.78984,515.72
quat4,0.23842,-0.60330,0.06597,-0.75817,515.72
quat5,0.00000,0.00000,0.00000,-1.00000,515.72
quat6,0.00000,0.00000,0.00000,-1.00000,515.72
quat7,0.00000,0.00000,0.00000,-1.00000,515.72
quat8,0.00000,0.00000,0.00000,-1.00000,515.72
quat0,-0.69064,-0.61129,-0.36770,0.11890,515.74
quat1,-0.29752,0.20896,-0.78636,0.49946,515.74
quat2,0.20754,-0.15531,0.20353,-0.94413,515.74
quat3,-0.18947,-0.55294,0.18163,-0.79081,515.74
quat4,0.23459,-0.60843,0.07051,-0.75486,515.74
quat5,0.00000,0.00000,0.00000,-1.00000,515.74
quat6,0.00000,0.00000,0.00000,-1.00000,515.74
quat7,0.00000,0.00000,0.00000,-1.00000,515.74
quat8,0.00000,0.00000,0.00000,-1.00000,515.74
quat0,-0.70607,-0.59575,-0.36020,0.12962,515.76
quat1,-0.29635,0.19839,-0.76004,0.54328,515.76
quat2,0.18763,-0.13589,0.16079,-0.95941,515.76
quat3,-0.21926,-0.54043,0.17945,-0.79225,515.76
quat4,0.22876,-0.61055,0.07470,-0.75453,515.76
quat5,0.00000,0.00000,0.00000,-1.00000,515.76
quat6,0.00000,0.00000,0.00000,-1.00000,515.76
quat7,0.00000,0.00000,0.00000,-1.00000,515.76
quat8,0.00000,0.00000,0.00000,-1.00000,515.76
quat0,-0.72349,-0.57753,-0.35277,0.13634,515.78
quat1,-0.29204,0.18648,-0.73253,0.58595,515.78
quat2,0.16664,-0.11822,0.11705,-0.97188,515.78
quat3,-0.25037,-0.52588,0.17738,-0.79328,515.78
quat4,0.22193,-0.60948,0.07785,-0.75711,515.78
quat5,0.00000,0.00000,0.00000,-1.00000,515.78
quat6,0.00000,0.00000,0.00000,-1.00000,515.78
quat7,0.00000,0.00000,0.00000,-1.00000,515.78
quat8,0.00000,0.00000,0.00000,-1.00000,515.78
quat0,-0.73845,-0.56203,-0.34377,0.14365,515.8
quat1,-0.28651,0.17552,-0.70325,0.62654,515.8
quat2,0.14425,-0.10344,0.07231,-0.98146,515.8
quat3,-0.28454,-0.50815,0.17495,-0.79386,515.8
quat4,0.21369,-0.60734,0.07926,-0.76105,515.8
quat5,0.00000,0.00000,0.00000,-1.00000,515.8
quat6,0.00000,0.00000,0.00000,-1.00000,515.8
quat7,0.00000,0.00000,0.00000,-1.00000,515.8
quat8,0.00000,0.00000,0.00000,-1.00000,515.8
quat0,-0.75375,-0.54684,-0.33223,0.14983,515.82
quat1,-0.27985,0.16538,-0.67283,0.66455,515.82
quat2,0.11978,-0.09159,0.02797,-0.98817,515.82
quat3,-0.32153,-0.48692,0.17202,-0.79369,515.82
quat4,0.20414,-0.60453,0.07899,-0.76592,515.82
quat5,0.00000,0.00000,0.00000,-1.00000,515.82
quat6,0.00000,0.00000,0.00000,-1.00000,515.82
quat7,0.00000,0.00000,0.00000,-1.00000,515.82
quat8,0.00000,0.00000,0.00000,-1.00000,515.82
quat0,-0.76866,-0.53409,-0.31740,0.15220,515.84
quat1,-0.27014,0.15392,-0.64209,0.70076,515.84
quat2,0.09224,-0.08114,-0.01440,-0.99232,515.84
quat3,-0.35970,-0.46291,0.17005,-0.79210,515.84
quat4,0.19246,-0.59954,0.07753,-0.77298,515.84
quat5,0.00000,0.00000,0.00000,-1.00000,515.84
quat6,0.00000,0.00000,0.00000,-1.00000,515.84
quat7,0.00000,0.00000,0.00000,-1.00000,515.84
quat8,0.00000,0.00000,0.00000,-1.00000,515.84
quat0,-0.77893,-0.52348,-0.30713,0.15782,515.86
quat1,-0.25737,0.13969,-0.61079,0.73565,515.86
quat2,0.06200,-0.06933,-0.05269,-0.99427,515.86
quat3,-0.40007,-0.43327,0.16903,-0.78972,515.86
quat4,0.17741,-0.59136,0.07603,-0.78297,515.86
quat5,0.00000,0.00000,0.00000,-1.00000,515.86
quat6,0.00000,0.00000,0.00000,-1.00000,515.86
quat7,0.00000,0.00000,0.00000,-1.00000,515.86
quat8,0.00000,0.00000,0.00000,-1.00000,515.86
quat0,-0.79223,-0.51235,-0.28727,0.16534,515.88
quat1,-0.24330,0.12493,-0.57898,0.76811,515.88
quat2,0.02966,-0.05475,-0.08696,-0.99426,515.88
quat3,-0.44338,-0.39877,0.16851,-0.78486,515.88
quat4,0.15697,-0.58034,0.07654,-0.79543,515.88
quat5,0.00000,0.00000,0.00000,-1.00000,515.88
quat6,0.00000,0.00000,0.00000,-1.00000,515.88
quat7,0.00000,0.00000,0.00000,-1.00000,515.88
quat8,0.00000,0.00000,0.00000,-1.00000,515.88
quat0,-0.80278,-0.50236,-0.27243,0.17015,515.9
quat1,-0.22895,0.11161,-0.54635,0.79789,515.9
quat2,-0.00455,-0.03901,-0.11770,-0.99227,515.9
quat3,-0.48716,-0.36088,0.16721,-0.77748,515.9
quat4,0.13130,-0.56704,0.07852,-0.80936,515.9
quat5,0.00000,0.00000,0.00000,-1.00000,515.9
quat6,0.00000,0.00000,0.00000,-1.00000,515.9
quat7,0.00000,0.00000,0.00000,-1.00000,515.9
quat8,0.00000,0.00000,0.00000,-1.00000,515.9
quat0,-0.81579,-0.48945,-0.25372,0.17479,515.92
quat1,-0.21369,0.09667,-0.51359,0.82536,515.92
quat2,-0.04091,-0.02391,-0.14512,-0.98828,515.92
quat3,-0.52924,-0.32122,0.16719,-0.76731,515.92
quat4,0.10123,-0.54988,0.08212,-0.82501,515.92
quat5,0.00000,0.00000,0.00000,-1.00000,515.92
quat6,0.00000,0.00000,0.00000,-1.00000,515.92
quat7,0.00000,0.00000,0.00000,-1.00000,515.92
quat8,0.00000,0.00000,0.00000,-1.00000,515.92
quat0,-0.82402,-0.48363,-0.23430,0.17944,515.94
quat1,-0.19677,0.08016,-0.48015,0.85106,515.94
quat2,-0.07816,-0.00904,-0.16770,-0.98269,515.94
quat3,-0.56941,-0.27931,0.16975,-0.75428,515.94
quat4,0.06740,-0.53109,0.08686,-0.84015,515.94
quat5,0.00000,0.00000,0.00000,-1.00000,515.94
quat6,0.00000,0.00000,0.00000,-1.00000,515.94
quat7,0.00000,0.00000,0.00000,-1.00000,515.94
quat8,0.00000,0.00000,0.00000,-1.00000,515.94
quat0,-0.83127,-0.47717,-0.21222,0.19044,515.96
quat1,-0.17864,0.06169,-0.44707,0.87431,515.96
quat2,-0.11457,0.00875,-0.18490,-0.97602,515.96
quat3,-0.60742,-0.23332,0.17423,-0.73908,515.96
quat4,0.02935,-0.51285,0.09537,-0.85266,515.96
quat5,0.00000,0.00000,0.00000,-1.00000,515.96
quat6,0.00000,0.00000,0.00000,-1.00000,515.96
quat7,0.00000,0.00000,0.00000,-1.00000,515.96
quat8,0.00000,0.00000,0.00000,-1.00000,515.96
quat0,-0.83835,-0.47151,-0.19122,0.19566,515.98
quat1,-0.15927,0.03982,-0.41440,0.89516,515.98
quat2,-0.14897,0.02968,-0.19809,-0.96834,515.98
quat3,-0.64502,-0.18284,0.17933,-0.71998,515.98
quat4,-0.01035,-0.49092,0.10877,-0.86433,515.98
quat5,0.00000,0.00000,0.00000,-1.00000,515.98
quat6,0.00000,0.00000,0.00000,-1.00000,515.98
quat7,0.00000,0.00000,0.00000,-1.00000,515.98
quat8,0.00000,0.00000,0.00000,-1.00000,515.98
quat0,-0.84254,-0.46910,-0.16428,0.20757,516
quat1,-0.13794,0.01704,-0.38263,0.91339,516
quat2,-0.18110,0.05338,-0.20819,-0.95969,516
quat3,-0.68308,-0.13081,0.18451,-0.69444,516
quat4,-0.04824,-0.46555,0.12871,-0.87428,516
quat5,0.00000,0.00000,0.00000,-1.00000,516
quat6,0.00000,0.00000,0.00000,-1.00000,516
quat7,0.00000,0.00000,0.00000,-1.00000,516
quat8,0.00000,0.00000,0.00000,-1.00000,516
quat0,-0.84863,-0.46114,-0.13898,0.21878,516.02
quat1,-0.11659,-0.00403,-0.35268,0.92845,516.02
quat2,-0.21088,0.07867,-0.21408,-0.95053,516.02
quat3,-0.72025,-0.08144,0.19211,-0.66158,516.02
quat4,-0.08374,-0.43770,0.15354,-0.88195,516.02
quat5,0.00000,0.00000,0.00000,-1.00000,516.02
quat6,0.00000,0.00000,0.00000,-1.00000,516.02
quat7,0.00000,0.00000,0.00000,-1.00000,516.02
quat8,0.00000,0.00000,0.00000,-1.00000,516.02
quat0,-0.85030,-0.46173,-0.11221,0.22628,516.04
quat1,-0.09542,-0.02343,-0.32499,0.94060,516.04
quat2,-0.23834,0.10431,-0.21589,-0.94112,516.04
quat3,-0.75332,-0.03467,0.20353,-0.62441,516.04
quat4,-0.11666,-0.40601,0.18266,-0.88779,516.04
quat5,0.00000,0.00000,0.00000,-1.00000,516.04
quat6,0.00000,0.00000,0.00000,-1.00000,516.04
quat7,0.00000,0.00000,0.00000,-1.00000,516.04
quat8,0.00000,0.00000,0.00000,-1.00000,516.04
quat0,-0.84846,-0.46436,-0.08477,0.23937,516.06
quat1,-0.07401,-0.04596,-0.29959,0.95008,516.06
quat2,-0.26319,0.13019,-0.21491,-0.93145,516.06
quat3,-0.78190,0.00910,0.21787,-0.58402,516.06
quat4,-0.14825,-0.37003,0.21380,-0.89185,516.06
quat5,0.00000,0.00000,0.00000,-1.00000,516.06
quat6,0.00000,0.00000,0.00000,-1.00000,516.06
quat7,0.00000,0.00000,0.00000,-1.00000,516.06
quat8,0.00000,0.00000,0.00000,-1.00000,516.06
quat0,-0.84619,-0.46937,-0.05730,0.24571,516.08
quat1,-0.05314,-0.07141,-0.27593,0.95705,516.08
quat2,-0.28527,0.15544,-0.21293,-0.92148,516.08
quat3,-0.80594,0.05390,0.23322,-0.54145,516.08
quat4,-0.17747,-0.33312,0.24952,-0.89178,516.08
quat5,0.00000,0.00000,0.00000,-1.00000,516.08
quat6,0.00000,0.00000,0.00000,-1.00000,516.08
quat7,0.00000,0.00000,0.00000,-1.00000,516.08
quat8,0.00000,0.00000,0.00000,-1.00000,516.08
quat0,-0.84312,-0.47351,-0.02855,0.25321,516.1
quat1,-0.03306,-0.09914,-0.25478,0.96133,516.1
quat2,-0.30394,0.18109,-0.20971,-0.91151,516.1
quat3,-0.82580,0.10104,0.24689,-0.49689,516.1
quat4,-0.20809,-0.29046,0.28626,-0.88904,516.1
quat5,0.00000,0.00000,0.00000,-1.00000,516.1
quat6,0.00000,0.00000,0.00000,-1.00000,516.1
quat7,0.00000,0.00000,0.00000,-1.00000,516.1
quat8,0.00000,0.00000,0.00000,-1.00000,516.1
quat0,-0.83725,-0.48184,-0.00179,0.25854,516.12
quat1,-0.01384,-0.12874,-0.23495,0.96335,516.12
quat2,-0.31910,0.20739,-0.20486,-0.90178,516.12
quat3,-0.84110,0.14718,0.25863,-0.45166,516.12
quat4,-0.23881,-0.24397,0.32297,-0.88269,516.12
quat5,0.00000,0.00000,0.00000,-1.00000,516.12
quat6,0.00000,0.00000,0.00000,-1.00000,516.12
quat7,0.00000,0.00000,0.00000,-1.00000,516.12
quat8,0.00000,0.00000,0.00000,-1.00000,516.12
quat0,-0.82607,-0.49326,0.02580,0.27136,516.14
quat1,0.00573,-0.15868,-0.21686,0.96320,516.14
quat2,-0.32995,0.23203,-0.19840,-0.89327,516.14
quat3,-0.85297,0.19200,0.26859,-0.40427,516.14
quat4,-0.26823,-0.19540,0.35828,-0.87264,516.14
quat5,0.00000,0.00000,0.00000,-1.00000,516.14
quat6,0.00000,0.00000,0.00000,-1.00000,516.14
quat7,0.00000,0.00000,0.00000,-1.00000,516.14
quat8,0.00000,0.00000,0.00000,-1.00000,516.14
quat0,-0.82027,-0.49909,0.04508,0.27574,516.16
quat1,0.02580,-0.18574,-0.20048,0.96158,516.16
quat2,-0.33667,0.25357,-0.18986,-0.88674,516.16
quat3,-0.86060,0.23534,0.27639,-0.35721,516.16
quat4,-0.29647,-0.14380,0.39132,-0.85924,516.16
quat5,0.00000,0.00000,0.00000,-1.00000,516.16
quat6,0.00000,0.00000,0.00000,-1.00000,516.16
quat7,0.00000,0.00000,0.00000,-1.00000,516.16
quat8,0.00000,0.00000,0.00000,-1.00000,516.16
quat0,-0.80794,-0.50887,0.07334,0.28794,516.18
quat1,0.04364,-0.20836,-0.18458,0.95949,516.18
quat2,-0.33876,0.27021,-0.17914,-0.88325,516.18
quat3,-0.86468,0.27586,0.28210,-0.31089,516.18
quat4,-0.32341,-0.09041,0.42085,-0.84269,516.18
quat5,0.00000,0.00000,0.00000,-1.00000,516.18
quat6,0.00000,0.00000,0.00000,-1.00000,516.18
quat7,0.00000,0.00000,0.00000,-1.00000,516.18
quat8,0.00000,0.00000,0.00000,-1.00000,516.18
quat0,-0.79721,-0.51997,0.09005,0.29323,516.2
quat1,0.06281,-0.22689,-0.17083,0.95676,516.2
quat2,-0.33630,0.28453,-0.16702,-0.88207,516.2
quat3,-0.86595,0.31328,0.28602,-0.26490,516.2
quat4,-0.34907,-0.03638,0.44587,-0.82342,516.2
quat5,0.00000,0.00000,0.00000,-1.00000,516.2
quat6,0.00000,0.00000,0.00000,-1.00000,516.2
quat7,0.00000,0.00000,0.00000,-1.00000,516.2
quat8,0.00000,0.00000,0.00000,-1.00000,516.2
quat0,-0.78630,-0.52856,0.11103,0.30006,516.22
quat1,0.08119,-0.24385,-0.15716,0.95354,516.22
quat2,-0.32926,0.29432,-0.15227,-0.88418,516.22
quat3,-0.86486,0.34662,0.28821,-0.22094,516.22
quat4,-0.37176,0.01585,0.46755,-0.80183,516.22
quat5,0.00000,0.00000,0.00000,-1.00000,516.22
quat6,0.00000,0.00000,0.00000,-1.00000,516.22
quat7,0.00000,0.00000,0.00000,-1.00000,516.22
quat8,0.00000,0.00000,0.00000,-1.00000,516.22
quat0,-0.77597,-0.53676,0.13136,0.30416,516.24
quat1,0.09984,-0.26060,-0.14269,0.94961,516.24
quat2,-0.31873,0.30061,-0.13562,-0.88863,516.24
quat3,-0.86151,0.37580,0.29013,-0.17999,516.24
quat4,-0.38996,0.06558,0.48666,-0.77897,516.24
quat5,0.00000,0.00000,0.00000,-1.00000,516.24
quat6,0.00000,0.00000,0.00000,-1.00000,516.24
quat7,0.00000,0.00000,0.00000,-1.00000,516.24
quat8,0.00000,0.00000,0.00000,-1.00000,516.24
quat0,-0.76525,-0.54567,0.14494,0.30923,516.26
quat1,0.11741,-0.27902,-0.12753,0.94451,516.26
quat2,-0.30519,0.31084,-0.12200,-0.89183,516.26
quat3,-0.85661,0.40042,0.29218,-0.14326,516.26
quat4,-0.40312,0.11283,0.50475,-0.75498,516.26
quat5,0.00000,0.00000,0.00000,-1.00000,516.26
quat6,0.00000,0.00000,0.00000,-1.00000,516.26
quat7,0.00000,0.00000,0.00000,-1.00000,516.26
quat8,0.00000,0.00000,0.00000,-1.00000,516.26
quat0,-0.75393,-0.55560,0.15775,0.31306,516.28
quat1,0.13250,-0.29747,-0.11336,0.93867,516.28
quat2,-0.28952,0.32730,-0.11332,-0.89231,516.28
quat3,-0.85045,0.41928,0.29678,-0.11344,516.28
quat4,-0.40975,0.15508,0.52247,-0.73149,516.28
quat5,0.00000,0.00000,0.00000,-1.00000,516.28
quat6,0.00000,0.00000,0.00000,-1.00000,516.28
quat7,0.00000,0.00000,0.00000,-1.00000,516.28
quat8,0.00000,0.00000,0.00000,-1.00000,516.28
quat0,-0.74572,-0.56751,0.16585,0.30714,516.3
quat1,0.14554,-0.31494,-0.10290,0.93222,516.3
quat2,-0.27548,0.34235,-0.10863,-0.89169,516.3
quat3,-0.84381,0.43252,0.30429,-0.09124,516.3
quat4,-0.40703,0.18885,0.54144,-0.71099,516.3
quat5,0.00000,0.00000,0.00000,-1.00000,516.3
quat6,0.00000,0.00000,0.00000,-1.00000,516.3
quat7,0.00000,0.00000,0.00000,-1.00000,516.3
quat8,0.00000,0.00000,0.00000,-1.00000,516.3
quat0,-0.73798,-0.57662,0.17307,0.30486,516.32
quat1,0.15496,-0.33025,-0.09588,0.92614,516.32
quat2,-0.26717,0.35077,-0.10637,-0.89122,516.32
quat3,-0.83863,0.43920,0.31315,-0.07571,516.32
quat4,-0.39193,0.21170,0.56217,-0.69681,516.32
quat5,0.00000,0.00000,0.00000,-1.00000,516.32
quat6,0.00000,0.00000,0.00000,-1.00000,516.32
quat7,0.00000,0.00000,0.00000,-1.00000,516.32
quat8,0.00000,0.00000,0.00000,-1.00000,516.32
quat0,-0.73156,-0.58331,0.17720,0.30524,516.34
quat1,0.16080,-0.34246,-0.09220,0.92107,516.34
quat2,-0.26453,0.35263,-0.10517,-0.89141,516.34
quat3,-0.83478,0.44000,0.32380,-0.06853,516.34
quat4,-0.36547,0.22218,0.58434,-0.68965,516.34
quat5,0.00000,0.00000,0.00000,-1.00000,516.34
quat6,0.00000,0.00000,0.00000,-1.00000,516.34
quat7,0.00000,0.00000,0.00000,-1.00000,516.34
quat8,0.00000,0.00000,0.00000,-1.00000,516.34
quat0,-0.72666,-0.59245,0.17677,0.29953,516.36
quat1,0.16433,-0.34856,-0.09219,0.91815,516.36
quat2,-0.26535,0.34958,-0.10407,-0.89250,516.36
quat3,-0.83156,0.43639,0.33685,-0.06786,516.36
quat4,-0.33105,0.21828,0.60509,-0.69038,516.36
quat5,0.00000,0.00000,0.00000,-1.00000,516.36
quat6,0.00000,0.00000,0.00000,-1.00000,516.36
quat7,0.00000,0.00000,0.00000,-1.00000,516.36
quat8,0.00000,0.00000,0.00000,-1.00000,516.36
quat0,-0.72572,-0.59657,0.17313,0.29574,516.38
quat1,0.16732,-0.34967,-0.09537,0.91687,516.38
quat2,-0.26649,0.34448,-0.10257,-0.89431,516.38
quat3,-0.82826,0.42996,0.35188,-0.07285,516.38
quat4,-0.29452,0.20412,0.62047,-0.69757,516.38
quat5,0.00000,0.00000,0.00000,-1.00000,516.38
quat6,0.00000,0.00000,0.00000,-1.00000,516.38
quat7,0.00000,0.00000,0.00000,-1.00000,516.38
quat8,0.00000,0.00000,0.00000,-1.00000,516.38
quat0,-0.72646,-0.60240,0.16442,0.28695,516.4
quat1,0.16976,-0.34568,-0.10101,0.91732,516.4
quat2,-0.26693,0.33924,-0.10061,-0.89641,516.4
quat3,-0.82502,0.42076,0.36806,-0.08276,516.4
quat4,-0.26272,0.18728,0.62695,-0.70911,516.4
quat5,0.00000,0.00000,0.00000,-1.00000,516.4
quat6,0.00000,0.00000,0.00000,-1.00000,516.4
quat7,0.00000,0.00000,0.00000,-1.00000,516.4
quat8,0.00000,0.00000,0.00000,-1.00000,516.4
quat0,-0.72884,-0.60564,0.15597,0.27868,516.42
quat1,0.17053,-0.33936,-0.10879,0.91865,516.42
quat2,-0.26684,0.33306,-0.09823,-0.89901,516.42
quat3,-0.82304,0.40792,0.38312,-0.09709,516.42
quat4,-0.23837,0.17056,0.62561,-0.72298,516.42
quat5,0.00000,0.00000,0.00000,-1.00000,516.42
quat6,0.00000,0.00000,0.00000,-1.00000,516.42
quat7,0.00000,0.00000,0.00000,-1.00000,516.42
quat8,0.00000,0.00000,0.00000,-1.00000,516.42
quat0,-0.73340,-0.60665,0.14529,0.27017,516.44
quat1,0.16794,-0.33387,-0.11724,0.92010,516.44
quat2,-0.26659,0.32668,-0.09520,-0.90175,516.44
quat3,-0.82198,0.39131,0.39727,-0.11579,516.44
quat4,-0.22102,0.15184,0.61815,-0.73891,516.44
quat5,0.00000,0.00000,0.00000,-1.00000,516.44
quat6,0.00000,0.00000,0.00000,-1.00000,516.44
quat7,0.00000,0.00000,0.00000,-1.00000,516.44
quat8,0.00000,0.00000,0.00000,-1.00000,516.44
quat0,-0.73740,-0.60972,0.13130,0.25932,516.46
quat1,0.16251,-0.32697,-0.12700,0.92225,516.46
quat2,-0.26642,0.32115,-0.09238,-0.90407,516.46
quat3,-0.82069,0.37230,0.41041,-0.13938,516.46
quat4,-0.20931,0.12833,0.60484,-0.75756,516.46
quat5,0.00000,0.00000,0.00000,-1.00000,516.46
quat6,0.00000,0.00000,0.00000,-1.00000,516.46
quat7,0.00000,0.00000,0.00000,-1.00000,516.46
quat8,0.00000,0.00000,0.00000,-1.00000,516.46
quat0,-0.74655,-0.60203,0.12017,0.25648,516.48
quat1,0.15477,-0.31711,-0.13852,0.92536,516.48
quat2,-0.26724,0.31583,-0.09074,-0.90587,516.48
quat3,-0.81819,0.35110,0.42310,-0.16817,516.48
quat4,-0.20099,0.09848,0.58558,-0.77910,516.48
quat5,0.00000,0.00000,0.00000,-1.00000,516.48
quat6,0.00000,0.00000,0.00000,-1.00000,516.48
quat7,0.00000,0.00000,0.00000,-1.00000,516.48
quat8,0.00000,0.00000,0.00000,-1.00000,516.48
quat0,-0.75579,-0.59571,0.10690,0.24998,516.5
quat1,0.14499,-0.30600,-0.15112,0.92871,516.5
quat2,-0.26959,0.30906,-0.09089,-0.90749,516.5
quat3,-0.81400,0.32640,0.43602,-0.20185,516.5
quat4,-0.19416,0.06485,0.56057,-0.80240,516.5
quat5,0.00000,0.00000,0.00000,-1.00000,516.5
quat6,0.00000,0.00000,0.00000,-1.00000,516.5
quat7,0.00000,0.00000,0.00000,-1.00000,516.5
quat8,0.00000,0.00000,0.00000,-1.00000,516.5
quat0,-0.76626,-0.58808,0.09242,0.24180,516.52
quat1,0.13158,-0.29474,-0.16418,0.93213,516.52
quat2,-0.27330,0.29699,-0.09358,-0.91014,516.52
quat3,-0.80785,0.29759,0.44795,-0.24117,516.52
quat4,-0.18825,0.02995,0.52986,-0.82638,516.52
quat5,0.00000,0.00000,0.00000,-1.00000,516.52
quat6,0.00000,0.00000,0.00000,-1.00000,516.52
quat7,0.00000,0.00000,0.00000,-1.00000,516.52
quat8,0.00000,0.00000,0.00000,-1.00000,516.52
quat0,-0.77808,-0.57763,0.07764,0.23432,516.54
quat1,0.11394,-0.28363,-0.17677,0.93559,516.54
quat2,-0.27770,0.27944,-0.09994,-0.91368,516.54
quat3,-0.80008,0.26553,0.45593,-0.28547,516.54
quat4,-0.18237,-0.00504,0.49433,-0.84991,516.54
quat5,0.00000,0.00000,0.00000,-1.00000,516.54
quat6,0.00000,0.00000,0.00000,-1.00000,516.54
quat7,0.00000,0.00000,0.00000,-1.00000,516.54
quat8,0.00000,0.00000,0.00000,-1.00000,516.54
quat0,-0.78983,-0.56729,0.06269,0.22455,516.56
quat1,0.09248,-0.27188,-0.18883,0.93908,516.56
quat2,-0.28228,0.26191,-0.10982,-0.91633,516.56
quat3,-0.79042,0.23113,0.45856,-0.33397,516.56
quat4,-0.17555,-0.04166,0.45514,-0.87195,516.56
quat5,0.00000,0.00000,0.00000,-1.00000,516.56
quat6,0.00000,0.00000,0.00000,-1.00000,516.56
quat7,0.00000,0.00000,0.00000,-1.00000,516.56
quat8,0.00000,0.00000,0.00000,-1.00000,516.56
quat0,-0.80180,-0.55609,0.04716,0.21367,516.58
quat1,0.06866,-0.26044,-0.20092,0.94185,516.58
quat2,-0.28644,0.24773,-0.12263,-0.91736,516.58
quat3,-0.77862,0.19655,0.45469,-0.38520,516.58
quat4,-0.16825,-0.08125,0.41356,-0.89110,516.58
quat5,0.00000,0.00000,0.00000,-1.00000,516.58
quat6,0.00000,0.00000,0.00000,-1.00000,516.58
quat7,0.00000,0.00000,0.00000,-1.00000,516.58
quat8,0.00000,0.00000,0.00000,-1.00000,516.58
quat0,-0.81692,-0.53974,0.03103,0.20090,516.6
quat1,0.04277,-0.24918,-0.21328,0.94371,516.6
quat2,-0.28942,0.23532,-0.13548,-0.91788,516.6
quat3,-0.76428,0.16418,0.44437,-0.43756,516.6
quat4,-0.16184,-0.12252,0.37095,-0.90620,516.6
quat5,0.00000,0.00000,0.00000,-1.00000,516.6
quat6,0.00000,0.00000,0.00000,-1.00000,516.6
quat7,0.00000,0.00000,0.00000,-1.00000,516.6
quat8,0.00000,0.00000,0.00000,-1.00000,516.6
quat0,-0.82606,-0.53258,0.01333,0.18389,516.62
quat1,0.01577,-0.23799,-0.22708,0.94422,516.62
quat2,-0.29086,0.22398,-0.14744,-0.91842,516.62
quat3,-0.74761,0.13600,0.42653,-0.49057,516.62
quat4,-0.15418,-0.16373,0.32854,-0.91732,516.62
quat5,0.00000,0.00000,0.00000,-1.00000,516.62
quat6,0.00000,0.00000,0.00000,-1.00000,516.62
quat7,0.00000,0.00000,0.00000,-1.00000,516.62
quat8,0.00000,0.00000,0.00000,-1.00000,516.62
quat0,-0.83465,-0.52504,-0.00612,0.16629,516.64
quat1,-0.01049,-0.22574,-0.24223,0.94353,516.64
quat2,-0.29061,0.21274,-0.15820,-0.91938,516.64
quat3,-0.72844,0.11026,0.40464,-0.54174,516.64
quat4,-0.14567,-0.20285,0.28807,-0.92447,516.64
quat5,0.00000,0.00000,0.00000,-1.00000,516.64
quat6,0.00000,0.00000,0.00000,-1.00000,516.64
quat7,0.00000,0.00000,0.00000,-1.00000,516.64
quat8,0.00000,0.00000,0.00000,-1.00000,516.64
quat0,-0.84126,-0.51857,-0.02827,0.15021,516.66
quat1,-0.03485,-0.21237,-0.25968,0.94141,516.66
quat2,-0.28869,0.20056,-0.16742,-0.92109,516.66
quat3,-0.70805,0.08612,0.38111,-0.58822,516.66
quat4,-0.13593,-0.23691,0.24793,-0.92948,516.66
quat5,0.00000,0.00000,0.00000,-1.00000,516.66
quat6,0.00000,0.00000,0.00000,-1.00000,516.66
quat7,0.00000,0.00000,0.00000,-1.00000,516.66
quat8,0.00000,0.00000,0.00000,-1.00000,516.66
quat0,-0.84549,-0.51454,-0.05184,0.13308,516.68
quat1,-0.05858,-0.19636,-0.28011,0.93784,516.68
quat2,-0.28409,0.18682,-0.17471,-0.92405,516.68
quat3,-0.68627,0.06366,0.35952,-0.62906,516.68
quat4,-0.12323,-0.26441,0.20712,-0.93381,516.68
quat5,0.00000,0.00000,0.00000,-1.00000,516.68
quat6,0.00000,0.00000,0.00000,-1.00000,516.68
quat7,0.00000,0.00000,0.00000,-1.00000,516.68
quat8,0.00000,0.00000,0.00000,-1.00000,516.68
quat0,-0.84712,-0.51254,-0.07657,0.11757,516.7
quat1,-0.08120,-0.17952,-0.30273,0.93249,516.7
quat2,-0.27681,0.17052,-0.18040,-0.92831,516.7
quat3,-0.66257,0.03768,0.34172,-0.66544,516.7
quat4,-0.10288,-0.28540,0.16698,-0.93813,516.7
quat5,0.00000,0.00000,0.00000,-1.00000,516.7
quat6,0.00000,0.00000,0.00000,-1.00000,516.7
quat7,0.00000,0.00000,0.00000,-1.00000,516.7
quat8,0.00000,0.00000,0.00000,-1.00000,516.7
quat0,-0.84794,-0.51085,-0.09726,0.10280,516.72
quat1,-0.10315,-0.16216,-0.32837,0.92479,516.72
quat2,-0.26645,0.15240,-0.18536,-0.93350,516.72
quat3,-0.63698,0.00420,0.32708,-0.69804,516.72
quat4,-0.07378,-0.30932,0.12912,-0.93926,516.72
quat5,0.00000,0.00000,0.00000,-1.00000,516.72
quat6,0.00000,0.00000,0.00000,-1.00000,516.72
quat7,0.00000,0.00000,0.00000,-1.00000,516.72
quat8,0.00000,0.00000,0.00000,-1.00000,516.72
quat0,-0.84741,-0.50994,-0.11980,0.08666,516.74
quat1,-0.12644,-0.14051,-0.35827,0.91428,516.74
quat2,-0.25319,0.13297,-0.18912,-0.93939,516.74
quat3,-0.61007,-0.03590,0.31261,-0.72719,516.74
quat4,-0.03886,-0.34017,0.09509,-0.93473,516.74
quat5,0.00000,0.00000,0.00000,-1.00000,516.74
quat6,0.00000,0.00000,0.00000,-1.00000,516.74
quat7,0.00000,0.00000,0.00000,-1.00000,516.74
quat8,0.00000,0.00000,0.00000,-1.00000,516.74
quat0,-0.84508,-0.51092,-0.13967,0.07282,516.76
quat1,-0.15180,-0.11571,-0.39079,0.90047,516.76
quat2,-0.23687,0.11293,-0.18996,-0.94607,516.76
quat3,-0.58288,-0.07746,0.29498,-0.75315,516.76
quat4,-0.00105,-0.37472,0.06394,-0.92493,516.76
quat5,0.00000,0.00000,0.00000,-1.00000,516.76
quat6,0.00000,0.00000,0.00000,-1.00000,516.76
quat7,0.00000,0.00000,0.00000,-1.00000,516.76
quat8,0.00000,0.00000,0.00000,-1.00000,516.76
quat0,-0.84247,-0.51076,-0.15948,0.06274,516.78
quat1,-0.17963,-0.08868,-0.42516,0.88267,516.78
quat2,-0.21739,0.09385,-0.18746,-0.95331,516.78
quat3,-0.55494,-0.11643,0.27472,-0.77654,516.78
quat4,0.03838,-0.40944,0.03683,-0.91078,516.78
quat5,0.00000,0.00000,0.00000,-1.00000,516.78
quat6,0.00000,0.00000,0.00000,-1.00000,516.78
quat7,0.00000,0.00000,0.00000,-1.00000,516.78
quat8,0.00000,0.00000,0.00000,-1.00000,516.78
quat0,-0.83904,-0.51057,-0.18001,0.05408,516.8
quat1,-0.20853,-0.06079,-0.46091,0.86045,516.8
quat2,-0.19406,0.07612,-0.18154,-0.96104,516.8
quat3,-0.52586,-0.15259,0.25409,-0.79726,516.8
quat4,0.07734,-0.44231,0.01435,-0.89340,516.8
quat5,0.00000,0.00000,0.00000,-1.00000,516.8
quat6,0.00000,0.00000,0.00000,-1.00000,516.8
quat7,0.00000,0.00000,0.00000,-1.00000,516.8
quat8,0.00000,0.00000,0.00000,-1.00000,516.8
quat0,-0.83265,-0.51412,-0.20196,0.03980,516.82
quat1,-0.23633,-0.03242,-0.49817,0.83362,516.82
quat2,-0.16710,0.05809,-0.17103,-0.96925,516.82
quat3,-0.49575,-0.18896,0.23434,-0.81462,516.82
quat4,0.11420,-0.47161,-0.00261,-0.87438,516.82
quat5,0.00000,0.00000,0.00000,-1.00000,516.82
quat6,0.00000,0.00000,0.00000,-1.00000,516.82
quat7,0.00000,0.00000,0.00000,-1.00000,516.82
quat8,0.00000,0.00000,0.00000,-1.00000,516.82
quat0,-0.82549,-0.51751,-0.22286,0.03281,516.84
quat1,-0.26354,-0.00281,-0.53634,0.80180,516.84
quat2,-0.13660,0.03840,-0.15507,-0.97766,516.84
quat3,-0.46386,-0.22501,0.21507,-0.82943,516.84
quat4,0.14779,-0.49973,-0.01582,-0.85333,516.84
quat5,0.00000,0.00000,0.00000,-1.00000,516.84
quat6,0.00000,0.00000,0.00000,-1.00000,516.84
quat7,0.00000,0.00000,0.00000,-1.00000,516.84
quat8,0.00000,0.00000,0.00000,-1.00000,516.84
quat0,-0.81861,-0.52085,-0.24109,0.02178,516.86
quat1,-0.28746,0.02712,-0.57351,0.76663,516.86
quat2,-0.10334,0.01915,-0.13451,-0.98532,516.86
quat3,-0.42938,-0.26135,0.19658,-0.84183,516.86
quat4,0.17627,-0.52819,-0.02386,-0.83029,516.86
quat5,0.00000,0.00000,0.00000,-1.00000,516.86
quat6,0.00000,0.00000,0.00000,-1.00000,516.86
quat7,0.00000,0.00000,0.00000,-1.00000,516.86
quat8,0.00000,0.00000,0.00000,-1.00000,516.86
quat0,-0.81003,-0.52646,-0.25791,0.01313,516.88
quat1,-0.30681,0.05518,-0.60958,0.72885,516.88
quat2,-0.06785,0.00220,-0.10981,-0.99163,516.88
quat3,-0.39214,-0.29722,0.17927,-0.85191,516.88
quat4,0.19808,-0.55829,-0.02876,-0.80514,516.88
quat5,0.00000,0.00000,0.00000,-1.00000,516.88
quat6,0.00000,0.00000,0.00000,-1.00000,516.88
quat7,0.00000,0.00000,0.00000,-1.00000,516.88
quat8,0.00000,0.00000,0.00000,-1.00000,516.88
quat0,-0.79881,-0.53554,-0.27400,0.00476,516.9
quat1,-0.32242,0.08195,-0.64376,0.68913,516.9
quat2,-0.03021,-0.01460,-0.08081,-0.99616,516.9
quat3,-0.35520,-0.32784,0.16291,-0.86012,516.9
quat4,0.21449,-0.58869,-0.02988,-0.77881,516.9
quat5,0.00000,0.00000,0.00000,-1.00000,516.9
quat6,0.00000,0.00000,0.00000,-1.00000,516.9
quat7,0.00000,0.00000,0.00000,-1.00000,516.9
quat8,0.00000,0.00000,0.00000,-1.00000,516.9
quat0,-0.78649,-0.54378,-0.29279,-0.00175,516.92
quat1,-0.33548,0.11203,-0.67498,0.64754,516.92
quat2,0.00837,-0.03303,-0.04789,-0.99827,516.92
quat3,-0.31879,-0.35584,0.14663,-0.86617,516.92
quat4,0.22615,-0.62053,-0.02746,-0.75037,516.92
quat5,0.00000,0.00000,0.00000,-1.00000,516.92
quat6,0.00000,0.00000,0.00000,-1.00000,516.92
quat7,0.00000,0.00000,0.00000,-1.00000,516.92
quat8,0.00000,0.00000,0.00000,-1.00000,516.92
quat0,-0.77091,-0.55613,-0.31028,-0.01155,516.94
quat1,-0.34659,0.14318,-0.70300,0.60429,516.94
quat2,0.04608,-0.05037,-0.01201,-0.99759,516.94
quat3,-0.28284,-0.38439,0.13342,-0.86859,516.94
quat4,0.23165,-0.65459,-0.02242,-0.71927,516.94
quat5,0.00000,0.00000,0.00000,-1.00000,516.94
quat6,0.00000,0.00000,0.00000,-1.00000,516.94
quat7,0.00000,0.00000,0.00000,-1.00000,516.94
quat8,0.00000,0.00000,0.00000,-1.00000,516.94
quat0,-0.75220,-0.56983,-0.33009,-0.02289,516.96
quat1,-0.35640,0.17351,-0.72788,0.55952,516.96
quat2,0.08279,-0.06568,0.02602,-0.99406,516.96
quat3,-0.24860,-0.41266,0.12432,-0.86744,516.96
quat4,0.23150,-0.68572,-0.01476,-0.68991,516.96
quat5,0.00000,0.00000,0.00000,-1.00000,516.96
quat6,0.00000,0.00000,0.00000,-1.00000,516.96
quat7,0.00000,0.00000,0.00000,-1.00000,516.96
quat8,0.00000,0.00000,0.00000,-1.00000,516.96
quat0,-0.73488,-0.58498,-0.34221,-0.02526,516.98
quat1,-0.36406,0.20098,-0.74974,0.51474,516.98
quat2,0.11990,-0.08072,0.06413,-0.98742,516.98
quat3,-0.21581,-0.44289,0.11943,-0.86198,516.98
quat4,0.22654,-0.71209,-0.00460,-0.66452,516.98
quat5,0.00000,0.00000,0.00000,-1.00000,516.98
quat6,0.00000,0.00000,0.00000,-1.00000,516.98
quat7,0.00000,0.00000,0.00000,-1.00000,516.98
quat8,0.00000,0.00000,0.00000,-1.00000,516.98
quat0,-0.71867,-0.59565,-0.35772,-0.02733,517
quat1,-0.37049,0.22775,-0.76836,0.46957,517
quat2,0.15833,-0.09666,0.10123,-0.97741,517
quat3,-0.18446,-0.47879,0.11612,-0.85044,517
quat4,0.21735,-0.73534,0.00537,-0.64188,517
quat5,0.00000,0.00000,0.00000,-1.00000,517
quat6,0.00000,0.00000,0.00000,-1.00000,517
quat7,0.00000,0.00000,0.00000,-1.00000,517
quat8,0.00000,0.00000,0.00000,-1.00000,517
quat0,-0.69617,-0.61924,-0.36231,-0.02476,517.02
quat1,-0.37688,0.25449,-0.78318,0.42405,517.02
quat2,0.19725,-0.11092,0.13645,-0.96445,517.02
quat3,-0.15481,-0.51588,0.11561,-0.83459,517.02
quat4,0.20505,-0.75494,0.01480,-0.62273,517.02
quat5,0.00000,0.00000,0.00000,-1.00000,517.02
quat6,0.00000,0.00000,0.00000,-1.00000,517.02
quat7,0.00000,0.00000,0.00000,-1.00000,517.02
quat8,0.00000,0.00000,0.00000,-1.00000,517.02
quat0,-0.67151,-0.63657,-0.37874,-0.02036,517.04
quat1,-0.38575,0.28061,-0.79362,0.37765,517.04
quat2,0.23547,-0.12249,0.16911,-0.94919,517.04
quat3,-0.12802,-0.54518,0.11948,-0.81982,517.04
quat4,0.19218,-0.76995,0.02202,-0.60808,517.04
quat5,0.00000,0.00000,0.00000,-1.00000,517.04
quat6,0.00000,0.00000,0.00000,-1.00000,517.04
quat7,0.00000,0.00000,0.00000,-1.00000,517.04
quat8,0.00000,0.00000,0.00000,-1.00000,517.04
quat0,-0.64517,-0.65435,-0.39355,-0.02645,517.06
quat1,-0.39602,0.30531,-0.80075,0.32977,517.06
quat2,0.27236,-0.13269,0.19897,-0.93200,517.06
quat3,-0.10491,-0.57225,0.12275,-0.80403,517.06
quat4,0.18108,-0.78258,0.02652,-0.59504,517.06
quat5,0.00000,0.00000,0.00000,-1.00000,517.06
quat6,0.00000,0.00000,0.00000,-1.00000,517.06
quat7,0.00000,0.00000,0.00000,-1.00000,517.06
quat8,0.00000,0.00000,0.00000,-1.00000,517.06
quat0,-0.62738,-0.66673,-0.40138,-0.02761,517.08
quat1,-0.40576,0.32600,-0.80604,0.28175,517.08
quat2,0.30651,-0.14247,0.22597,-0.91361,517.08
quat3,-0.08495,-0.59588,0.12476,-0.78876,517.08
quat4,0.17245,-0.79220,0.02677,-0.58478,517.08
quat5,0.00000,0.00000,0.00000,-1.00000,517.08
quat6,0.00000,0.00000,0.00000,-1.00000,517.08
quat7,0.00000,0.00000,0.00000,-1.00000,517.08
quat8,0.00000,0.00000,0.00000,-1.00000,517.08
quat0,-0.60240,-0.68789,-0.40423,-0.02272,517.1
quat1,-0.41368,0.34292,-0.81004,0.23477,517.1
quat2,0.33718,-0.15192,0.25116,-0.89451,517.1
quat3,-0.06825,-0.61637,0.12584,-0.77434,517.1
quat4,0.16647,-0.79671,0.02400,-0.58048,517.1
quat5,0.00000,0.00000,0.00000,-1.00000,517.1
quat6,0.00000,0.00000,0.00000,-1.00000,517.1
quat7,0.00000,0.00000,0.00000,-1.00000,517.1
quat8,0.00000,0.00000,0.00000,-1.00000,517.1
quat0,-0.57939,-0.70160,-0.41429,-0.02081,517.12
quat1,-0.42032,0.35604,-0.81303,0.18855,517.12
quat2,0.36461,-0.16160,0.27480,-0.87489,517.12
quat3,-0.05250,-0.63293,0.12891,-0.76159,517.12
quat4,0.16203,-0.79731,0.01937,-0.58109,517.12
quat5,0.00000,0.00000,0.00000,-1.00000,517.12
quat6,0.00000,0.00000,0.00000,-1.00000,517.12
quat7,0.00000,0.00000,0.00000,-1.00000,517.12
quat8,0.00000,0.00000,0.00000,-1.00000,517.12
quat0,-0.55317,-0.71887,-0.42070,-0.01553,517.14
quat1,-0.42450,0.36604,-0.81529,0.14533,517.14
quat2,0.38837,-0.17210,0.29700,-0.85519,517.14
quat3,-0.03765,-0.64449,0.13267,-0.75207,517.14
quat4,0.16001,-0.79367,0.01503,-0.58674,517.14
quat5,0.00000,0.00000,0.00000,-1.00000,517.14
quat6,0.00000,0.00000,0.00000,-1.00000,517.14
quat7,0.00000,0.00000,0.00000,-1.00000,517.14
quat8,0.00000,0.00000,0.00000,-1.00000,517.14
quat0,-0.53657,-0.72981,-0.42349,-0.01130,517.16
quat1,-0.42416,0.37331,-0.81797,0.10798,517.16
quat2,0.40694,-0.18308,0.31708,-0.83686,517.16
quat3,-0.02440,-0.65319,0.13566,-0.74455,517.16
quat4,0.16082,-0.78740,0.01051,-0.59500,517.16
quat5,0.00000,0.00000,0.00000,-1.00000,517.16
quat6,0.00000,0.00000,0.00000,-1.00000,517.16
quat7,0.00000,0.00000,0.00000,-1.00000,517.16
quat8,0.00000,0.00000,0.00000,-1.00000,517.16
quat0,-0.51367,-0.74035,-0.43342,-0.01345,517.18
quat1,-0.42019,0.37595,-0.82217,0.07836,517.18
quat2,0.41838,-0.19233,0.33477,-0.82213,517.18
quat3,-0.01384,-0.65948,0.13706,-0.73899,517.18
quat4,0.16384,-0.78107,0.00651,-0.60253,517.18
quat5,0.00000,0.00000,0.00000,-1.00000,517.18
quat6,0.00000,0.00000,0.00000,-1.00000,517.18
quat7,0.00000,0.00000,0.00000,-1.00000,517.18
quat8,0.00000,0.00000,0.00000,-1.00000,517.18
quat0,-0.50135,-0.74940,-0.43223,-0.01477,517.2
quat1,-0.41473,0.37229,-0.82836,0.05678,517.2
quat2,0.42142,-0.19719,0.34906,-0.81344,517.2
quat3,-0.00466,-0.66467,0.13853,-0.73417,517.2
quat4,0.16702,-0.77659,0.00291,-0.60745,517.2
quat5,0.00000,0.00000,0.00000,-1.00000,517.2
quat6,0.00000,0.00000,0.00000,-1.00000,517.2
quat7,0.00000,0.00000,0.00000,-1.00000,517.2
quat8,0.00000,0.00000,0.00000,-1.00000,517.2
quat0,-0.48885,-0.75691,-0.43328,-0.01926,517.22
quat1,-0.40916,0.36397,-0.83557,0.04397,517.22
quat2,0.41679,-0.19931,0.35817,-0.81134,517.22
quat3,0.00252,-0.66842,0.13817,-0.73083,517.22
quat4,0.16852,-0.77481,-0.00054,-0.60932,517.22
quat5,0.00000,0.00000,0.00000,-1.00000,517.22
quat6,0.00000,0.00000,0.00000,-1.00000,517.22
quat7,0.00000,0.00000,0.00000,-1.00000,517.22
quat8,0.00000,0.00000,0.00000,-1.00000,517.22
quat0,-0.48435,-0.76061,-0.43172,-0.02231,517.24
quat1,-0.40457,0.35218,-0.84298,0.04096,517.24
quat2,0.40515,-0.19931,0.36117,-0.81590,517.24
quat3,0.00878,-0.67100,0.13850,-0.72836,517.24
quat4,0.16923,-0.77349,-0.00350,-0.61079,517.24
quat5,0.00000,0.00000,0.00000,-1.00000,517.24
quat6,0.00000,0.00000,0.00000,-1.00000,517.24
quat7,0.00000,0.00000,0.00000,-1.00000,517.24
quat8,0.00000,0.00000,0.00000,-1.00000,517.24
quat0,-0.48153,-0.76432,-0.42841,-0.02020,517.26
quat1,-0.40164,0.33735,-0.85010,0.04712,517.26
quat2,0.38770,-0.19602,0.35860,-0.82624,517.26
quat3,0.01351,-0.67222,0.14001,-0.72687,517.26
quat4,0.16995,-0.76950,-0.00493,-0.61559,517.26
quat5,0.00000,0.00000,0.00000,-1.00000,517.26
quat6,0.00000,0.00000,0.00000,-1.00000,517.26
quat7,0.00000,0.00000,0.00000,-1.00000,517.26
quat8,0.00000,0.00000,0.00000,-1.00000,517.26
quat0,-0.48585,-0.76466,-0.42301,-0.01737,517.28
quat1,-0.39882,0.32085,-0.85682,0.06212,517.28
quat2,0.36707,-0.19061,0.34928,-0.84079,517.28
quat3,0.01612,-0.67180,0.14212,-0.72679,517.28
quat4,0.17149,-0.76200,-0.00505,-0.62444,517.28
quat5,0.00000,0.00000,0.00000,-1.00000,517.28
quat6,0.00000,0.00000,0.00000,-1.00000,517.28
quat7,0.00000,0.00000,0.00000,-1.00000,517.28
quat8,0.00000,0.00000,0.00000,-1.00000,517.28
quat0,-0.49315,-0.76274,-0.41808,-0.01550,517.3
quat1,-0.39566,0.30381,-0.86248,0.08533,517.3
quat2,0.34501,-0.18426,0.33260,-0.85813,517.3
quat3,0.01602,-0.66921,0.14479,-0.72865,517.3
quat4,0.17339,-0.75297,-0.00371,-0.63479,517.3
quat5,0.00000,0.00000,0.00000,-1.00000,517.3
quat6,0.00000,0.00000,0.00000,-1.00000,517.3
quat7,0.00000,0.00000,0.00000,-1.00000,517.3
quat8,0.00000,0.00000,0.00000,-1.00000,517.3
quat0,-0.50746,-0.75814,-0.40949,-0.00551,517.32
quat1,-0.39208,0.28578,-0.86681,0.11507,517.32
quat2,0.32166,-0.17692,0.30883,-0.87742,517.32
quat3,0.01244,-0.66434,0.14808,-0.73251,517.32
quat4,0.17553,-0.74433,-0.00136,-0.64433,517.32
quat5,0.00000,0.00000,0.00000,-1.00000,517.32
quat6,0.00000,0.00000,0.00000,-1.00000,517.32
quat7,0.00000,0.00000,0.00000,-1.00000,517.32
quat8,0.00000,0.00000,0.00000,-1.00000,517.32
quat0,-0.52338,-0.75008,-0.40430,-0.00037,517.34
quat1,-0.38848,0.26599,-0.86928,0.15063,517.34
quat2,0.29749,-0.16877,0.27840,-0.89750,517.34
quat3,0.00531,-0.65722,0.15042,-0.73852,517.34
quat4,0.17794,-0.73637,0.00255,-0.65275,517.34
quat5,0.00000,0.00000,0.00000,-1.00000,517.34
quat6,0.00000,0.00000,0.00000,-1.00000,517.34
quat7,0.00000,0.00000,0.00000,-1.00000,517.34
quat8,0.00000,0.00000,0.00000,-1.00000,517.34
quat0,-0.54067,-0.74228,-0.39581,0.00531,517.36
quat1,-0.38486,0.24542,-0.86884,0.19176,517.36
quat2,0.27158,-0.15895,0.24288,-0.91760,517.36
quat3,-0.00543,-0.64889,0.15234,-0.74545,517.36
quat4,0.18003,-0.72919,0.00774,-0.66016,517.36
quat5,0.00000,0.00000,0.00000,-1.00000,517.36
quat6,0.00000,0.00000,0.00000,-1.00000,517.36
quat7,0.00000,0.00000,0.00000,-1.00000,517.36
quat8,0.00000,0.00000,0.00000,-1.00000,517.36
quat0,-0.55788,-0.73188,-0.39121,0.00908,517.38
quat1,-0.38155,0.22377,-0.86472,0.23791,517.38
quat2,0.24440,-0.14823,0.20307,-0.93651,517.38
quat3,-0.01836,-0.63958,0.15502,-0.75271,517.38
quat4,0.18185,-0.72278,0.01395,-0.66658,517.38
quat5,0.00000,0.00000,0.00000,-1.00000,517.38
quat6,0.00000,0.00000,0.00000,-1.00000,517.38
quat7,0.00000,0.00000,0.00000,-1.00000,517.38
quat8,0.00000,0.00000,0.00000,-1.00000,517.38
quat0,-0.57524,-0.72011,-0.38780,0.01248,517.4
quat1,-0.37882,0.20242,-0.85575,0.28845,517.4
quat2,0.21700,-0.13628,0.16145,-0.95303,517.4
quat3,-0.03369,-0.63037,0.15767,-0.75936,517.4
quat4,0.18317,-0.71756,0.02072,-0.67166,517.4
quat5,0.00000,0.00000,0.00000,-1.00000,517.4
quat6,0.00000,0.00000,0.00000,-1.00000,517.4
quat7,0.00000,0.00000,0.00000,-1.00000,517.4
quat8,0.00000,0.00000,0.00000,-1.00000,517.4
quat0,-0.59709,-0.70493,-0.38230,0.02004,517.42
quat1,-0.37628,0.18223,-0.84132,0.34263,517.42
quat2,0.19136,-0.12333,0.11905,-0.96644,517.42
quat3,-0.05110,-0.62228,0.15962,-0.76465,517.42
quat4,0.18347,-0.71324,0.02764,-0.67592,517.42
quat5,0.00000,0.00000,0.00000,-1.00000,517.42
quat6,0.00000,0.00000,0.00000,-1.00000,517.42
quat7,0.00000,0.00000,0.00000,-1.00000,517.42
quat8,0.00000,0.00000,0.00000,-1.00000,517.42
quat0,-0.61630,-0.68937,-0.37998,0.02354,517.44
quat1,-0.37638,0.16292,-0.82061,0.39799,517.44
quat2,0.16774,-0.11051,0.07703,-0.97659,517.44
quat3,-0.07018,-0.61247,0.16158,-0.77061,517.44
quat4,0.18216,-0.70905,0.03553,-0.68030,517.44
quat5,0.00000,0.00000,0.00000,-1.00000,517.44
quat6,0.00000,0.00000,0.00000,-1.00000,517.44
quat7,0.00000,0.00000,0.00000,-1.00000,517.44
quat8,0.00000,0.00000,0.00000,-1.00000,517.44
quat0,-0.63828,-0.67056,-0.37693,0.02956,517.46
quat1,-0.37670,0.14934,-0.79360,0.45386,517.46
quat2,0.14657,-0.09759,0.03709,-0.98368,517.46
quat3,-0.09084,-0.60189,0.16196,-0.77669,517.46
quat4,0.17873,-0.70634,0.04425,-0.68350,517.46
quat5,0.00000,0.00000,0.00000,-1.00000,517.46
quat6,0.00000,0.00000,0.00000,-1.00000,517.46
quat7,0.00000,0.00000,0.00000,-1.00000,517.46
quat8,0.00000,0.00000,0.00000,-1.00000,517.46
quat0,-0.66076,-0.64907,-0.37548,0.03356,517.48
quat1,-0.37677,0.13865,-0.76281,0.50689,517.48
quat2,0.12804,-0.07894,0.00110,-0.98862,517.48
quat3,-0.11365,-0.59065,0.16014,-0.78267,517.48
quat4,0.17360,-0.70596,0.05320,-0.68458,517.48
quat5,0.00000,0.00000,0.00000,-1.00000,517.48
quat6,0.00000,0.00000,0.00000,-1.00000,517.48
quat7,0.00000,0.00000,0.00000,-1.00000,517.48
quat8,0.00000,0.00000,0.00000,-1.00000,517.48
quat0,-0.68493,-0.62568,-0.37072,0.04436,517.5
quat1,-0.37351,0.13022,-0.73087,0.55621,517.5
quat2,0.11136,-0.05831,-0.03087,-0.99159,517.5
quat3,-0.13850,-0.57869,0.15730,-0.78816,517.5
quat4,0.16690,-0.70608,0.06164,-0.68542,517.5
quat5,0.00000,0.00000,0.00000,-1.00000,517.5
quat6,0.00000,0.00000,0.00000,-1.00000,517.5
quat7,0.00000,0.00000,0.00000,-1.00000,517.5
quat8,0.00000,0.00000,0.00000,-1.00000,517.5
quat0,-0.70650,-0.60545,-0.36190,0.05758,517.52
quat1,-0.36757,0.12242,-0.69783,0.60245,517.52
quat2,0.09479,-0.03954,-0.06059,-0.99286,517.52
quat3,-0.16544,-0.56574,0.15339,-0.79312,517.52
quat4,0.15828,-0.70490,0.07070,-0.68780,517.52
quat5,0.00000,0.00000,0.00000,-1.00000,517.52
quat6,0.00000,0.00000,0.00000,-1.00000,517.52
quat7,0.00000,0.00000,0.00000,-1.00000,517.52
quat8,0.00000,0.00000,0.00000,-1.00000,517.52
quat0,-0.72388,-0.58484,-0.36026,0.06464,517.54
quat1,-0.36025,0.11568,-0.66429,0.64464,517.54
quat2,0.07911,-0.02140,-0.08726,-0.99281,517.54
quat3,-0.19404,-0.55114,0.14839,-0.79785,517.54
quat4,0.14775,-0.70234,0.07971,-0.69176,517.54
quat5,0.00000,0.00000,0.00000,-1.00000,517.54
quat6,0.00000,0.00000,0.00000,-1.00000,517.54
quat7,0.00000,0.00000,0.00000,-1.00000,517.54
quat8,0.00000,0.00000,0.00000,-1.00000,517.54
quat0,-0.74130,-0.56402,-0.35708,0.06967,517.56
quat1,-0.34879,0.10953,-0.63211,0.68322,517.56
quat2,0.06481,-0.00403,-0.11259,-0.99152,517.56
quat3,-0.22422,-0.53344,0.14274,-0.80299,517.56
quat4,0.13534,-0.69766,0.08887,-0.69790,517.56
quat5,0.00000,0.00000,0.00000,-1.00000,517.56
quat6,0.00000,0.00000,0.00000,-1.00000,517.56
quat7,0.00000,0.00000,0.00000,-1.00000,517.56
quat8,0.00000,0.00000,0.00000,-1.00000,517.56
quat0,-0.76211,-0.54678,-0.33675,0.08260,517.58
quat1,-0.33427,0.10241,-0.60106,0.71869,517.58
quat2,0.04928,0.00805,-0.13645,-0.98939,517.58
quat3,-0.25674,-0.51263,0.13665,-0.80785,517.58
quat4,0.12043,-0.69178,0.09718,-0.70533,517.58
quat5,0.00000,0.00000,0.00000,-1.00000,517.58
quat6,0.00000,0.00000,0.00000,-1.00000,517.58
quat7,0.00000,0.00000,0.00000,-1.00000,517.58
quat8,0.00000,0.00000,0.00000,-1.00000,517.58
quat0,-0.77732,-0.53313,-0.32142,0.09072,517.6
quat1,-0.32180,0.09870,-0.56933,0.75004,517.6
quat2,0.03234,0.01447,-0.15841,-0.98674,517.6
quat3,-0.29154,-0.48985,0.13090,-0.81112,517.6
quat4,0.10310,-0.68435,0.10518,-0.71413,517.6
quat5,0.00000,0.00000,0.00000,-1.00000,517.6
quat6,0.00000,0.00000,0.00000,-1.00000,517.6
quat7,0.00000,0.00000,0.00000,-1.00000,517.6
quat8,0.00000,0.00000,0.00000,-1.00000,517.6
quat0,-0.79157,-0.51733,-0.31176,0.09274,517.62
quat1,-0.31033,0.09623,-0.53741,0.77822,517.62
quat2,0.01489,0.01872,-0.17768,-0.98380,517.62
quat3,-0.32823,-0.46492,0.12560,-0.81261,517.62
quat4,0.08321,-0.67453,0.11254,-0.72486,517.62
quat5,0.00000,0.00000,0.00000,-1.00000,517.62
quat6,0.00000,0.00000,0.00000,-1.00000,517.62
quat7,0.00000,0.00000,0.00000,-1.00000,517.62
quat8,0.00000,0.00000,0.00000,-1.00000,517.62
quat0,-0.80196,-0.50465,-0.30554,0.09396,517.64
quat1,-0.29558,0.09393,-0.50631,0.80465,517.64
quat2,-0.00260,0.02417,-0.19555,-0.98039,517.64
quat3,-0.36639,-0.43858,0.12094,-0.81165,517.64
quat4,0.06126,-0.66269,0.11973,-0.73671,517.64
quat5,0.00000,0.00000,0.00000,-1.00000,517.64
quat6,0.00000,0.00000,0.00000,-1.00000,517.64
quat7,0.00000,0.00000,0.00000,-1.00000,517.64
quat8,0.00000,0.00000,0.00000,-1.00000,517.64
quat0,-0.81465,-0.49225,-0.28897,0.10261,517.66
quat1,-0.27910,0.09105,-0.47620,0.82888,517.66
quat2,-0.01989,0.03282,-0.21277,-0.97635,517.66
quat3,-0.40581,-0.41206,0.11647,-0.80744,517.66
quat4,0.03781,-0.65118,0.12706,-0.74725,517.66
quat5,0.00000,0.00000,0.00000,-1.00000,517.66
quat6,0.00000,0.00000,0.00000,-1.00000,517.66
quat7,0.00000,0.00000,0.00000,-1.00000,517.66
quat8,0.00000,0.00000,0.00000,-1.00000,517.66
quat0,-0.82504,-0.48182,-0.27398,0.10994,517.68
quat1,-0.26273,0.08857,-0.44667,0.85065,517.68
quat2,-0.03801,0.04332,-0.22824,-0.97190,517.68
quat3,-0.44632,-0.38427,0.11275,-0.80026,517.68
quat4,0.01336,-0.63914,0.13601,-0.75686,517.68
quat5,0.00000,0.00000,0.00000,-1.00000,517.68
quat6,0.00000,0.00000,0.00000,-1.00000,517.68
quat7,0.00000,0.00000,0.00000,-1.00000,517.68
quat8,0.00000,0.00000,0.00000,-1.00000,517.68
quat0,-0.83348,-0.47328,-0.26119,0.11439,517.7
quat1,-0.24559,0.08765,-0.41787,0.87028,517.7
quat2,-0.05692,0.05453,-0.23922,-0.96776,517.7
quat3,-0.48704,-0.35511,0.11027,-0.79027,517.7
quat4,-0.01227,-0.62525,0.14632,-0.76649,517.7
quat5,0.00000,0.00000,0.00000,-1.00000,517.7
quat6,0.00000,0.00000,0.00000,-1.00000,517.7
quat7,0.00000,0.00000,0.00000,-1.00000,517.7
quat8,0.00000,0.00000,0.00000,-1.00000,517.7
quat0,-0.83885,-0.46934,-0.24721,0.12220,517.72
quat1,-0.22621,0.08429,-0.39053,0.88838,517.72
quat2,-0.07589,0.06779,-0.24648,-0.96379,517.72
quat3,-0.52838,-0.32448,0.10933,-0.77690,517.72
quat4,-0.03892,-0.60870,0.15875,-0.77638,517.72
quat5,0.00000,0.00000,0.00000,-1.00000,517.72
quat6,0.00000,0.00000,0.00000,-1.00000,517.72
quat7,0.00000,0.00000,0.00000,-1.00000,517.72
quat8,0.00000,0.00000,0.00000,-1.00000,517.72
quat0,-0.84662,-0.46413,-0.22520,0.13078,517.74
quat1,-0.20579,0.07732,-0.36488,0.90473,517.74
quat2,-0.09492,0.08010,-0.25155,-0.95984,517.74
quat3,-0.56951,-0.29322,0.11074,-0.75988,517.74
quat4,-0.06662,-0.59177,0.17338,-0.78442,517.74
quat5,0.00000,0.00000,0.00000,-1.00000,517.74
quat6,0.00000,0.00000,0.00000,-1.00000,517.74
quat7,0.00000,0.00000,0.00000,-1.00000,517.74
quat8,0.00000,0.00000,0.00000,-1.00000,517.74
quat0,-0.85224,-0.46021,-0.20603,0.13947,517.76
quat1,-0.18379,0.06763,-0.34048,0.91963,517.76
quat2,-0.11500,0.09062,-0.25425,-0.95599,517.76
quat3,-0.60901,-0.26135,0.11512,-0.73997,517.76
quat4,-0.09549,-0.57279,0.19132,-0.79132,517.76
quat5,0.00000,0.00000,0.00000,-1.00000,517.76
quat6,0.00000,0.00000,0.00000,-1.00000,517.76
quat7,0.00000,0.00000,0.00000,-1.00000,517.76
quat8,0.00000,0.00000,0.00000,-1.00000,517.76
quat0,-0.85579,-0.45971,-0.18621,0.14703,517.78
quat1,-0.15978,0.05724,-0.31779,0.93285,517.78
quat2,-0.13618,0.10025,-0.25332,-0.95249,517.78
quat3,-0.64612,-0.22939,0.12302,-0.71748,517.78
quat4,-0.12491,-0.55043,0.21170,-0.79788,517.78
quat5,0.00000,0.00000,0.00000,-1.00000,517.78
quat6,0.00000,0.00000,0.00000,-1.00000,517.78
quat7,0.00000,0.00000,0.00000,-1.00000,517.78
quat8,0.00000,0.00000,0.00000,-1.00000,517.78
quat0,-0.85795,-0.46008,-0.16894,0.15395,517.8
quat1,-0.13485,0.04598,-0.29744,0.94405,517.8
quat2,-0.15744,0.11060,-0.24943,-0.94909,517.8
quat3,-0.68087,-0.19694,0.13402,-0.69258,517.8
quat4,-0.15399,-0.52605,0.23567,-0.80251,517.8
quat5,0.00000,0.00000,0.00000,-1.00000,517.8
quat6,0.00000,0.00000,0.00000,-1.00000,517.8
quat7,0.00000,0.00000,0.00000,-1.00000,517.8
quat8,0.00000,0.00000,0.00000,-1.00000,517.8
quat0,-0.85656,-0.46652,-0.14881,0.16286,517.82
quat1,-0.10888,0.03138,-0.27886,0.95362,517.82
quat2,-0.17854,0.12199,-0.24297,-0.94563,517.82
quat3,-0.71346,-0.16356,0.14658,-0.66538,517.82
quat4,-0.18220,-0.49919,0.26229,-0.80549,517.82
quat5,0.00000,0.00000,0.00000,-1.00000,517.82
quat6,0.00000,0.00000,0.00000,-1.00000,517.82
quat7,0.00000,0.00000,0.00000,-1.00000,517.82
quat8,0.00000,0.00000,0.00000,-1.00000,517.82
quat0,-0.85597,-0.47134,-0.12617,0.17096,517.84
quat1,-0.08152,0.01245,-0.26186,0.96158,517.84
quat2,-0.19922,0.13474,-0.23486,-0.94181,517.84
quat3,-0.74296,-0.12972,0.16070,-0.63668,517.84
quat4,-0.20948,-0.47064,0.29067,-0.80630,517.84
quat5,0.00000,0.00000,0.00000,-1.00000,517.84
quat6,0.00000,0.00000,0.00000,-1.00000,517.84
quat7,0.00000,0.00000,0.00000,-1.00000,517.84
quat8,0.00000,0.00000,0.00000,-1.00000,517.84
quat0,-0.85080,-0.48145,-0.10072,0.18493,517.86
quat1,-0.05487,-0.00962,-0.24715,0.96738,517.86
quat2,-0.21873,0.14658,-0.22532,-0.93803,517.86
quat3,-0.76961,-0.09493,0.17557,-0.60652,517.86
quat4,-0.23586,-0.44012,0.32064,-0.80489,517.86
quat5,0.00000,0.00000,0.00000,-1.00000,517.86
quat6,0.00000,0.00000,0.00000,-1.00000,517.86
quat7,0.00000,0.00000,0.00000,-1.00000,517.86
quat8,0.00000,0.00000,0.00000,-1.00000,517.86
quat0,-0.84481,-0.49397,-0.08022,0.18935,517.88
quat1,-0.02804,-0.03367,-0.23433,0.97117,517.88
quat2,-0.23753,0.15648,-0.21410,-0.93448,517.88
quat3,-0.79387,-0.05962,0.19136,-0.57410,517.88
quat4,-0.26037,-0.40713,0.35264,-0.80131,517.88
quat5,0.00000,0.00000,0.00000,-1.00000,517.88
quat6,0.00000,0.00000,0.00000,-1.00000,517.88
quat7,0.00000,0.00000,0.00000,-1.00000,517.88
quat8,0.00000,0.00000,0.00000,-1.00000,517.88
quat0,-0.83480,-0.50916,-0.05564,0.20193,517.9
quat1,-0.00115,-0.05746,-0.22301,0.97312,517.9
quat2,-0.25385,0.16408,-0.20268,-0.93143,517.9
quat3,-0.81518,-0.02522,0.20860,-0.53975,517.9
quat4,-0.28242,-0.37186,0.38597,-0.79560,517.9
quat5,0.00000,0.00000,0.00000,-1.00000,517.9
quat6,0.00000,0.00000,0.00000,-1.00000,517.9
quat7,0.00000,0.00000,0.00000,-1.00000,517.9
quat8,0.00000,0.00000,0.00000,-1.00000,517.9
quat0,-0.82619,-0.52156,-0.03276,0.21052,517.92
quat1,0.02639,-0.08035,-0.21325,0.97333,517.92
quat2,-0.26706,0.17074,-0.19076,-0.92905,517.92
quat3,-0.83227,0.00734,0.22796,-0.50527,517.92
quat4,-0.30177,-0.33469,0.42056,-0.78743,517.92
quat5,0.00000,0.00000,0.00000,-1.00000,517.92
quat6,0.00000,0.00000,0.00000,-1.00000,517.92
quat7,0.00000,0.00000,0.00000,-1.00000,517.92
quat8,0.00000,0.00000,0.00000,-1.00000,517.92
quat0,-0.81530,-0.53742,-0.01334,0.21515,517.94
quat1,0.05496,-0.09987,-0.20568,0.97196,517.94
quat2,-0.27672,0.17555,-0.17829,-0.92781,517.94
quat3,-0.84511,0.03828,0.24926,-0.47137,517.94
quat4,-0.31832,-0.29469,0.45582,-0.77721,517.94
quat5,0.00000,0.00000,0.00000,-1.00000,517.94
quat6,0.00000,0.00000,0.00000,-1.00000,517.94
quat7,0.00000,0.00000,0.00000,-1.00000,517.94
quat8,0.00000,0.00000,0.00000,-1.00000,517.94
quat0,-0.80445,-0.54897,0.01068,0.22667,517.96
quat1,0.08067,-0.12005,-0.19769,0.96954,517.96
quat2,-0.28247,0.17754,-0.16513,-0.92813,517.96
quat3,-0.85448,0.06734,0.27003,-0.43865,517.96
quat4,-0.33051,-0.25168,0.49153,-0.76538,517.96
quat5,0.00000,0.00000,0.00000,-1.00000,517.96
quat6,0.00000,0.00000,0.00000,-1.00000,517.96
quat7,0.00000,0.00000,0.00000,-1.00000,517.96
quat8,0.00000,0.00000,0.00000,-1.00000,517.96
quat0,-0.79777,-0.55530,0.02942,0.23311,517.98
quat1,0.10438,-0.13987,-0.18790,0.96656,517.98
quat2,-0.28444,0.17624,-0.15129,-0.93013,517.98
quat3,-0.86067,0.09313,0.29059,-0.40760,517.98
quat4,-0.33720,-0.20734,0.52682,-0.75217,517.98
quat5,0.00000,0.00000,0.00000,-1.00000,517.98
quat6,0.00000,0.00000,0.00000,-1.00000,517.98
quat7,0.00000,0.00000,0.00000,-1.00000,517.98
quat8,0.00000,0.00000,0.00000,-1.00000,517.98
quat0,-0.78491,-0.56682,0.05065,0.24508,518
quat1,0.12702,-0.15679,-0.17617,0.96346,518
quat2,-0.28326,0.17340,-0.13835,-0.93304,518
quat3,-0.86460,0.11557,0.31075,-0.37755,518
quat4,-0.33909,-0.16209,0.56007,-0.73829,518
quat5,0.00000,0.00000,0.00000,-1.00000,518
quat6,0.00000,0.00000,0.00000,-1.00000,518
quat7,0.00000,0.00000,0.00000,-1.00000,518
quat8,0.00000,0.00000,0.00000,-1.00000,518
quat0,-0.77206,-0.57721,0.07313,0.25574,518.02
quat1,0.14787,-0.16968,-0.16501,0.96027,518.02
quat2,-0.28047,0.17275,-0.12832,-0.93543,518.02
quat3,-0.86666,0.13561,0.32959,-0.34911,518.02
quat4,-0.33829,-0.11540,0.59014,-0.72386,518.02
quat5,0.00000,0.00000,0.00000,-1.00000,518.02
quat6,0.00000,0.00000,0.00000,-1.00000,518.02
quat7,0.00000,0.00000,0.00000,-1.00000,518.02
quat8,0.00000,0.00000,0.00000,-1.00000,518.02
quat0,-0.75950,-0.58847,0.08937,0.26244,518.04
quat1,0.16734,-0.17993,-0.15533,0.95682,518.04
quat2,-0.27814,0.17236,-0.12188,-0.93706,518.04
quat3,-0.86803,0.15477,0.34534,-0.32142,518.04
quat4,-0.33616,-0.06818,0.61616,-0.70901,518.04
quat5,0.00000,0.00000,0.00000,-1.00000,518.04
quat6,0.00000,0.00000,0.00000,-1.00000,518.04
quat7,0.00000,0.00000,0.00000,-1.00000,518.04
quat8,0.00000,0.00000,0.00000,-1.00000,518.04
quat0,-0.74094,-0.60674,0.11408,0.26430,518.06
quat1,0.18379,-0.18992,-0.14680,0.95321,518.06
quat2,-0.27795,0.17011,-0.11792,-0.93803,518.06
quat3,-0.86769,0.17377,0.36026,-0.29517,518.06
quat4,-0.33398,-0.02232,0.63751,-0.69393,518.06
quat5,0.00000,0.00000,0.00000,-1.00000,518.06
quat6,0.00000,0.00000,0.00000,-1.00000,518.06
quat7,0.00000,0.00000,0.00000,-1.00000,518.06
quat8,0.00000,0.00000,0.00000,-1.00000,518.06
quat0,-0.73556,-0.60858,0.12236,0.27132,518.08
quat1,0.19588,-0.19923,-0.13926,0.95002,518.08
quat2,-0.27989,0.16877,-0.11558,-0.93799,518.08
quat3,-0.86562,0.19236,0.37467,-0.27080,518.08
quat4,-0.32988,0.01737,0.65525,-0.67936,518.08
quat5,0.00000,0.00000,0.00000,-1.00000,518.08
quat6,0.00000,0.00000,0.00000,-1.00000,518.08
quat7,0.00000,0.00000,0.00000,-1.00000,518.08
quat8,0.00000,0.00000,0.00000,-1.00000,518.08
quat0,-0.72400,-0.61910,0.13388,0.27315,518.1
quat1,0.20474,-0.20867,-0.13282,0.94705,518.1
quat2,-0.28284,0.17126,-0.11563,-0.93664,518.1
quat3,-0.86227,0.20909,0.38820,-0.24913,518.1
quat4,-0.32161,0.04839,0.67143,-0.66588,518.1
quat5,0.00000,0.00000,0.00000,-1.00000,518.1
quat6,0.00000,0.00000,0.00000,-1.00000,518.1
quat7,0.00000,0.00000,0.00000,-1.00000,518.1
quat8,0.00000,0.00000,0.00000,-1.00000,518.1
quat0,-0.71801,-0.62300,0.14051,0.27676,518.12
quat1,0.21120,-0.21676,-0.12880,0.94436,518.12
quat2,-0.28647,0.17365,-0.11692,-0.93494,518.12
quat3,-0.85797,0.22369,0.40077,-0.23075,518.12
quat4,-0.31003,0.07193,0.68555,-0.65478,518.12
quat5,0.00000,0.00000,0.00000,-1.00000,518.12
quat6,0.00000,0.00000,0.00000,-1.00000,518.12
quat7,0.00000,0.00000,0.00000,-1.00000,518.12
quat8,0.00000,0.00000,0.00000,-1.00000,518.12
quat0,-0.71239,-0.63161,0.14184,0.27102,518.14
quat1,0.21633,-0.22254,-0.12713,0.94208,518.14
quat2,-0.28933,0.17724,-0.11761,-0.93330,518.14
quat3,-0.85337,0.23632,0.41132,-0.21616,518.14
quat4,-0.29784,0.09103,0.69697,-0.64594,518.14
quat5,0.00000,0.00000,0.00000,-1.00000,518.14
quat6,0.00000,0.00000,0.00000,-1.00000,518.14
quat7,0.00000,0.00000,0.00000,-1.00000,518.14
quat8,0.00000,0.00000,0.00000,-1.00000,518.14
quat0,-0.70915,-0.63513,0.14150,0.27147,518.16
quat1,0.22007,-0.22723,-0.12683,0.94013,518.16
quat2,-0.29078,0.18291,-0.11784,-0.93172,518.16
quat3,-0.84897,0.24633,0.41998,-0.20541,518.16
quat4,-0.28625,0.10610,0.70524,-0.63987,518.16
quat5,0.00000,0.00000,0.00000,-1.00000,518.16
quat6,0.00000,0.00000,0.00000,-1.00000,518.16
quat7,0.00000,0.00000,0.00000,-1.00000,518.16
quat8,0.00000,0.00000,0.00000,-1.00000,518.16
quat0,-0.70824,-0.63598,0.14024,0.27251,518.18
quat1,0.22154,-0.23113,-0.12719,0.93879,518.18
quat2,-0.29073,0.18848,-0.11713,-0.93072,518.18
quat3,-0.84439,0.25307,0.42855,-0.19828,518.18
quat4,-0.27537,0.11692,0.71040,-0.63705,518.18
quat5,0.00000,0.00000,0.00000,-1.00000,518.18
quat6,0.00000,0.00000,0.00000,-1.00000,518.18
quat7,0.00000,0.00000,0.00000,-1.00000,518.18
quat8,0.00000,0.00000,0.00000,-1.00000,518.18
quat0,-0.70960,-0.63794,0.13224,0.26836,518.2
quat1,0.22152,-0.23289,-0.12961,0.93803,518.2
quat2,-0.28949,0.19179,-0.11576,-0.93060,518.2
quat3,-0.83997,0.25636,0.43650,-0.19542,518.2
quat4,-0.26471,0.12354,0.71293,-0.63749,518.2
quat5,0.00000,0.00000,0.00000,-1.00000,518.2
quat6,0.00000,0.00000,0.00000,-1.00000,518.2
quat7,0.00000,0.00000,0.00000,-1.00000,518.2
quat8,0.00000,0.00000,0.00000,-1.00000,518.2
quat0,-0.71388,-0.63609,0.12410,0.26526,518.22
quat1,0.21978,-0.23293,-0.13387,0.93783,518.22
quat2,-0.28779,0.19183,-0.11363,-0.93138,518.22
quat3,-0.83626,0.25601,0.44314,-0.19687,518.22
quat4,-0.25409,0.12448,0.71293,-0.64161,518.22
quat5,0.00000,0.00000,0.00000,-1.00000,518.22
quat6,0.00000,0.00000,0.00000,-1.00000,518.22
quat7,0.00000,0.00000,0.00000,-1.00000,518.22
quat8,0.00000,0.00000,0.00000,-1.00000,518.22
quat0,-0.71965,-0.63339,0.11409,0.26059,518.24
quat1,0.21605,-0.23212,-0.14011,0.93798,518.24
quat2,-0.28611,0.18950,-0.11086,-0.93271,518.24
quat3,-0.83375,0.25295,0.44695,-0.20278,518.24
quat4,-0.24337,0.11899,0.71060,-0.64935,518.24
quat5,0.00000,0.00000,0.00000,-1.00000,518.24
quat6,0.00000,0.00000,0.00000,-1.00000,518.24
quat7,0.00000,0.00000,0.00000,-1.00000,518.24
quat8,0.00000,0.00000,0.00000,-1.00000,518.24
quat0,-0.72708,-0.62858,0.10351,0.25598,518.26
quat1,0.21038,-0.23178,-0.14813,0.93812,518.26
quat2,-0.28498,0.18514,-0.10836,-0.93422,518.26
quat3,-0.83171,0.24717,0.44928,-0.21288,518.26
quat4,-0.23403,0.10858,0.70472,-0.66091,518.26
quat5,0.00000,0.00000,0.00000,-1.00000,518.26
quat6,0.00000,0.00000,0.00000,-1.00000,518.26
quat7,0.00000,0.00000,0.00000,-1.00000,518.26
quat8,0.00000,0.00000,0.00000,-1.00000,518.26
quat0,-0.73613,-0.62119,0.09199,0.25254,518.28
quat1,0.20112,-0.23151,-0.15779,0.93864,518.28
quat2,-0.28508,0.17863,-0.10745,-0.93556,518.28
quat3,-0.82991,0.23870,0.45040,-0.22675,518.28
quat4,-0.22694,0.09467,0.69465,-0.67602,518.28
quat5,0.00000,0.00000,0.00000,-1.00000,518.28
quat6,0.00000,0.00000,0.00000,-1.00000,518.28
quat7,0.00000,0.00000,0.00000,-1.00000,518.28
quat8,0.00000,0.00000,0.00000,-1.00000,518.28
quat0,-0.74674,-0.61232,0.08073,0.24684,518.3
quat1,0.18985,-0.23103,-0.16923,0.93912,518.3
quat2,-0.28645,0.17102,-0.10905,-0.93638,518.3
quat3,-0.82851,0.22746,0.44996,-0.24367,518.3
quat4,-0.22229,0.07806,0.67996,-0.69437,518.3
quat5,0.00000,0.00000,0.00000,-1.00000,518.3
quat6,0.00000,0.00000,0.00000,-1.00000,518.3
quat7,0.00000,0.00000,0.00000,-1.00000,518.3
quat8,0.00000,0.00000,0.00000,-1.00000,518.3
quat0,-0.75750,-0.60306,0.06689,0.24091,518.32
quat1,0.17706,-0.22779,-0.18241,0.93994,518.32
quat2,-0.28874,0.16203,-0.11339,-0.93676,518.32
quat3,-0.82696,0.21390,0.44790,-0.26413,518.32
quat4,-0.21949,0.05965,0.66037,-0.71567,518.32
quat5,0.00000,0.00000,0.00000,-1.00000,518.32
quat6,0.00000,0.00000,0.00000,-1.00000,518.32
quat7,0.00000,0.00000,0.00000,-1.00000,518.32
quat8,0.00000,0.00000,0.00000,-1.00000,518.32
quat0,-0.76921,-0.59167,0.05296,0.23546,518.34
quat1,0.16198,-0.22209,-0.19668,0.94115,518.34
quat2,-0.29212,0.15208,-0.12048,-0.93650,518.34
quat3,-0.82465,0.19767,0.44475,-0.28822,518.34
quat4,-0.21741,0.03979,0.63644,-0.73898,518.34
quat5,0.00000,0.00000,0.00000,-1.00000,518.34
quat6,0.00000,0.00000,0.00000,-1.00000,518.34
quat7,0.00000,0.00000,0.00000,-1.00000,518.34
quat8,0.00000,0.00000,0.00000,-1.00000,518.34
quat0,-0.78205,-0.57805,0.03884,0.22967,518.36
quat1,0.14293,-0.21612,-0.21033,0.94267,518.36
quat2,-0.29574,0.14300,-0.12995,-0.93552,518.36
quat3,-0.82130,0.17867,0.44000,-0.31613,518.36
quat4,-0.21474,0.01756,0.60867,-0.76361,518.36
quat5,0.00000,0.00000,0.00000,-1.00000,518.36
quat6,0.00000,0.00000,0.00000,-1.00000,518.36
quat7,0.00000,0.00000,0.00000,-1.00000,518.36
quat8,0.00000,0.00000,0.00000,-1.00000,518.36
quat0,-0.79586,-0.56327,0.02321,0.22090,518.38
quat1,0.12084,-0.20998,-0.22270,0.94430,518.38
quat2,-0.29857,0.13608,-0.14108,-0.93404,518.38
quat3,-0.81660,0.15814,0.43269,-0.34775,518.38
quat4,-0.21043,-0.00871,0.57718,-0.78899,518.38
quat5,0.00000,0.00000,0.00000,-1.00000,518.38
quat6,0.00000,0.00000,0.00000,-1.00000,518.38
quat7,0.00000,0.00000,0.00000,-1.00000,518.38
quat8,0.00000,0.00000,0.00000,-1.00000,518.38
quat0,-0.80837,-0.55043,0.00556,0.20866,518.4
quat1,0.09525,-0.20309,-0.23451,0.94588,518.4
quat2,-0.29916,0.12958,-0.15318,-0.93287,518.4
quat3,-0.80969,0.13656,0.42281,-0.38339,518.4
quat4,-0.20443,-0.03941,0.54253,-0.81383,518.4
quat5,0.00000,0.00000,0.00000,-1.00000,518.4
quat6,0.00000,0.00000,0.00000,-1.00000,518.4
quat7,0.00000,0.00000,0.00000,-1.00000,518.4
quat8,0.00000,0.00000,0.00000,-1.00000,518.4
quat0,-0.81958,-0.53865,-0.01274,0.19489,518.42
quat1,0.06848,-0.19503,-0.24769,0.94653,518.42
quat2,-0.29727,0.12049,-0.16493,-0.93269,518.42
quat3,-0.80022,0.11324,0.41031,-0.42245,518.42
quat4,-0.19658,-0.07410,0.50495,-0.83720,518.42
quat5,0.00000,0.00000,0.00000,-1.00000,518.42
quat6,0.00000,0.00000,0.00000,-1.00000,518.42
quat7,0.00000,0.00000,0.00000,-1.00000,518.42
quat8,0.00000,0.00000,0.00000,-1.00000,518.42
quat0,-0.82975,-0.52679,-0.03081,0.18182,518.44
quat1,0.04175,-0.18437,-0.26408,0.94580,518.44
quat2,-0.29310,0.10974,-0.17562,-0.93339,518.44
quat3,-0.78840,0.08770,0.39510,-0.46328,518.44
quat4,-0.18742,-0.11124,0.46511,-0.85800,518.44
quat5,0.00000,0.00000,0.00000,-1.00000,518.44
quat6,0.00000,0.00000,0.00000,-1.00000,518.44
quat7,0.00000,0.00000,0.00000,-1.00000,518.44
quat8,0.00000,0.00000,0.00000,-1.00000,518.44
quat0,-0.83535,-0.52048,-0.04975,0.16979,518.46
quat1,0.01599,-0.17222,-0.28350,0.94324,518.46
quat2,-0.28665,0.10023,-0.18556,-0.93453,518.46
quat3,-0.77338,0.06059,0.37727,-0.50585,518.46
quat4,-0.17733,-0.14981,0.42340,-0.87570,518.46
quat5,0.00000,0.00000,0.00000,-1.00000,518.46
quat6,0.00000,0.00000,0.00000,-1.00000,518.46
quat7,0.00000,0.00000,0.00000,-1.00000,518.46
quat8,0.00000,0.00000,0.00000,-1.00000,518.46
quat0,-0.83891,-0.51559,-0.06783,0.16063,518.48
quat1,-0.00880,-0.15986,-0.30429,0.93903,518.48
quat2,-0.27662,0.09230,-0.19481,-0.93649,518.48
quat3,-0.75380,0.03340,0.35938,-0.54910,518.48
quat4,-0.16773,-0.18745,0.37991,-0.89017,518.48
quat5,0.00000,0.00000,0.00000,-1.00000,518.48
quat6,0.00000,0.00000,0.00000,-1.00000,518.48
quat7,0.00000,0.00000,0.00000,-1.00000,518.48
quat8,0.00000,0.00000,0.00000,-1.00000,518.48
quat0,-0.84209,-0.51121,-0.08751,0.14797,518.5
quat1,-0.03326,-0.14588,-0.32677,0.93319,518.5
quat2,-0.26328,0.08355,-0.20235,-0.93955,518.5
quat3,-0.73049,0.00641,0.34076,-0.59179,518.5
quat4,-0.15913,-0.21978,0.33631,-0.90181,518.5
quat5,0.00000,0.00000,0.00000,-1.00000,518.5
quat6,0.00000,0.00000,0.00000,-1.00000,518.5
quat7,0.00000,0.00000,0.00000,-1.00000,518.5
quat8,0.00000,0.00000,0.00000,-1.00000,518.5
quat0,-0.84258,-0.50989,-0.10702,0.13644,518.52
quat1,-0.05793,-0.13004,-0.35143,0.92533,518.52
quat2,-0.24710,0.07244,-0.20727,-0.94379,518.52
quat3,-0.70506,-0.02065,0.31997,-0.63252,518.52
quat4,-0.14895,-0.24864,0.29419,-0.91074,518.52
quat5,0.00000,0.00000,0.00000,-1.00000,518.52
quat6,0.00000,0.00000,0.00000,-1.00000,518.52
quat7,0.00000,0.00000,0.00000,-1.00000,518.52
quat8,0.00000,0.00000,0.00000,-1.00000,518.52
quat0,-0.84126,-0.51047,-0.12977,0.12190,518.54
quat1,-0.08366,-0.11257,-0.37780,0.91520,518.54
quat2,-0.22833,0.06074,-0.20937,-0.94886,518.54
quat3,-0.67861,-0.04709,0.29700,-0.67012,518.54
quat4,-0.13470,-0.27697,0.25512,-0.91655,518.54
quat5,0.00000,0.00000,0.00000,-1.00000,518.54
quat6,0.00000,0.00000,0.00000,-1.00000,518.54
quat7,0.00000,0.00000,0.00000,-1.00000,518.54
quat8,0.00000,0.00000,0.00000,-1.00000,518.54
quat0,-0.83721,-0.51379,-0.15258,0.10872,518.56
quat1,-0.11087,-0.09344,-0.40540,0.90257,518.56
quat2,-0.20683,0.05053,-0.20882,-0.95450,518.56
quat3,-0.65127,-0.07432,0.27323,-0.70404,518.56
quat4,-0.11521,-0.30640,0.21860,-0.91927,518.56
quat5,0.00000,0.00000,0.00000,-1.00000,518.56
quat6,0.00000,0.00000,0.00000,-1.00000,518.56
quat7,0.00000,0.00000,0.00000,-1.00000,518.56
quat8,0.00000,0.00000,0.00000,-1.00000,518.56
quat0,-0.83239,-0.51696,-0.17563,0.09509,518.58
quat1,-0.14004,-0.07181,-0.43534,0.88640,518.58
quat2,-0.18303,0.04248,-0.20498,-0.96056,518.58
quat3,-0.62255,-0.10241,0.25066,-0.73424,518.58
quat4,-0.09211,-0.33718,0.18586,-0.91830,518.58
quat5,0.00000,0.00000,0.00000,-1.00000,518.58
quat6,0.00000,0.00000,0.00000,-1.00000,518.58
quat7,0.00000,0.00000,0.00000,-1.00000,518.58
quat8,0.00000,0.00000,0.00000,-1.00000,518.58
quat0,-0.82630,-0.52128,-0.19577,0.08467,518.6
quat1,-0.17075,-0.04890,-0.46734,0.86605,518.6
quat2,-0.15747,0.03531,-0.19635,-0.96716,518.6
quat3,-0.59179,-0.13214,0.22955,-0.76133,518.6
quat4,-0.06534,-0.36873,0.15612,-0.91400,518.6
quat5,0.00000,0.00000,0.00000,-1.00000,518.6
quat6,0.00000,0.00000,0.00000,-1.00000,518.6
quat7,0.00000,0.00000,0.00000,-1.00000,518.6
quat8,0.00000,0.00000,0.00000,-1.00000,518.6
quat0,-0.81955,-0.52545,-0.21650,0.07328,518.62
quat1,-0.20052,-0.02640,-0.50127,0.84132,518.62
quat2,-0.13063,0.02766,-0.18205,-0.97418,518.62
quat3,-0.55903,-0.16424,0.21099,-0.78485,518.62
quat4,-0.03637,-0.40064,0.13061,-0.90615,518.62
quat5,0.00000,0.00000,0.00000,-1.00000,518.62
quat6,0.00000,0.00000,0.00000,-1.00000,518.62
quat7,0.00000,0.00000,0.00000,-1.00000,518.62
quat8,0.00000,0.00000,0.00000,-1.00000,518.62
quat0,-0.81104,-0.53300,-0.23158,0.06705,518.64
quat1,-0.22792,-0.00582,-0.53631,0.81265,518.64
quat2,-0.10218,0.01989,-0.16174,-0.98133,518.64
quat3,-0.52424,-0.19968,0.19462,-0.80463,518.64
quat4,-0.00646,-0.43221,0.10877,-0.89517,518.64
quat5,0.00000,0.00000,0.00000,-1.00000,518.64
quat6,0.00000,0.00000,0.00000,-1.00000,518.64
quat7,0.00000,0.00000,0.00000,-1.00000,518.64
quat8,0.00000,0.00000,0.00000,-1.00000,518.64
quat0,-0.80498,-0.53721,-0.24455,0.06000,518.66
quat1,-0.25130,0.01413,-0.57217,0.78056,518.66
quat2,-0.07302,0.01210,-0.13596,-0.98795,518.66
quat3,-0.48841,-0.23643,0.17906,-0.82067,518.66
quat4,0.02244,-0.46344,0.09033,-0.88123,518.66
quat5,0.00000,0.00000,0.00000,-1.00000,518.66
quat6,0.00000,0.00000,0.00000,-1.00000,518.66
quat7,0.00000,0.00000,0.00000,-1.00000,518.66
quat8,0.00000,0.00000,0.00000,-1.00000,518.66
quat0,-0.79631,-0.54477,-0.25711,0.05480,518.68
quat1,-0.27101,0.03502,-0.60866,0.74489,518.68
quat2,-0.04379,0.00285,-0.10402,-0.99361,518.68
quat3,-0.45344,-0.27058,0.16370,-0.83330,518.68
quat4,0.05015,-0.49383,0.07439,-0.86492,518.68
quat5,0.00000,0.00000,0.00000,-1.00000,518.68
quat6,0.00000,0.00000,0.00000,-1.00000,518.68
quat7,0.00000,0.00000,0.00000,-1.00000,518.68
quat8,0.00000,0.00000,0.00000,-1.00000,518.68
quat0,-0.78587,-0.55036,-0.27672,0.05418,518.7
quat1,-0.28650,0.05682,-0.64437,0.70674,518.7
quat2,-0.01478,-0.00786,-0.06709,-0.99761,518.7
quat3,-0.41994,-0.30100,0.14989,-0.84296,518.7
quat4,0.07675,-0.52205,0.06172,-0.84721,518.7
quat5,0.00000,0.00000,0.00000,-1.00000,518.7
quat6,0.00000,0.00000,0.00000,-1.00000,518.7
quat7,0.00000,0.00000,0.00000,-1.00000,518.7
quat8,0.00000,0.00000,0.00000,-1.00000,518.7
quat0,-0.77730,-0.56089,-0.28116,0.04648,518.72
quat1,-0.30077,0.07802,-0.67813,0.66602,518.72
quat2,0.01311,-0.01952,-0.02591,-0.99939,518.72
quat3,-0.38806,-0.32834,0.13767,-0.85009,518.72
quat4,0.10194,-0.54919,0.05129,-0.82787,518.72
quat5,0.00000,0.00000,0.00000,-1.00000,518.72
quat6,0.00000,0.00000,0.00000,-1.00000,518.72
quat7,0.00000,0.00000,0.00000,-1.00000,518.72
quat8,0.00000,0.00000,0.00000,-1.00000,518.72
quat0,-0.76689,-0.56768,-0.29609,0.04404,518.74
quat1,-0.31186,0.09761,-0.70897,0.62496,518.74
quat2,0.03992,-0.03235,0.01751,-0.99853,518.74
quat3,-0.35758,-0.35624,0.12801,-0.85372,518.74
quat4,0.12543,-0.57515,0.04379,-0.80718,518.74
quat5,0.00000,0.00000,0.00000,-1.00000,518.74
quat6,0.00000,0.00000,0.00000,-1.00000,518.74
quat7,0.00000,0.00000,0.00000,-1.00000,518.74
quat8,0.00000,0.00000,0.00000,-1.00000,518.74
quat0,-0.75391,-0.58284,-0.30139,0.03273,518.76
quat1,-0.31953,0.11445,-0.73673,0.58483,518.76
quat2,0.06603,-0.04678,0.06196,-0.99479,518.76
quat3,-0.32680,-0.39092,0.12093,-0.85191,518.76
quat4,0.14658,-0.60040,0.03766,-0.78525,518.76
quat5,0.00000,0.00000,0.00000,-1.00000,518.76
quat6,0.00000,0.00000,0.00000,-1.00000,518.76
quat7,0.00000,0.00000,0.00000,-1.00000,518.76
quat8,0.00000,0.00000,0.00000,-1.00000,518.76
quat0,-0.73588,-0.59906,-0.31460,0.02513,518.78
quat1,-0.32602,0.13191,-0.76086,0.54534,518.78
quat2,0.09194,-0.06315,0.10681,-0.98800,518.78
quat3,-0.29622,-0.43105,0.11498,-0.84453,518.78
quat4,0.16360,-0.62484,0.03408,-0.76266,518.78
quat5,0.00000,0.00000,0.00000,-1.00000,518.78
quat6,0.00000,0.00000,0.00000,-1.00000,518.78
quat7,0.00000,0.00000,0.00000,-1.00000,518.78
quat8,0.00000,0.00000,0.00000,-1.00000,518.78
quat0,-0.70840,-0.61874,-0.33939,0.01233,518.8
quat1,-0.33179,0.15048,-0.78176,0.50608,518.8
quat2,0.11812,-0.08122,0.15179,-0.97796,518.8
quat3,-0.26645,-0.47213,0.11051,-0.83300,518.8
quat4,0.17491,-0.64807,0.03294,-0.74049,518.8
quat5,0.00000,0.00000,0.00000,-1.00000,518.8
quat6,0.00000,0.00000,0.00000,-1.00000,518.8
quat7,0.00000,0.00000,0.00000,-1.00000,518.8
quat8,0.00000,0.00000,0.00000,-1.00000,518.8
quat0,-0.68240,-0.63680,-0.35890,0.00161,518.82
quat1,-0.33636,0.17048,-0.79984,0.46696,518.82
quat2,0.14646,-0.10222,0.19585,-0.96423,518.82
quat3,-0.23653,-0.50851,0.11034,-0.82055,518.82
quat4,0.17992,-0.66898,0.03395,-0.72037,518.82
quat5,0.00000,0.00000,0.00000,-1.00000,518.82
quat6,0.00000,0.00000,0.00000,-1.00000,518.82
quat7,0.00000,0.00000,0.00000,-1.00000,518.82
quat8,0.00000,0.00000,0.00000,-1.00000,518.82
quat0,-0.66251,-0.65428,-0.36455,0.01022,518.84
quat1,-0.33804,0.19327,-0.81552,0.42815,518.84
quat2,0.17761,-0.12738,0.23897,-0.94611,518.84
quat3,-0.20657,-0.53879,0.11227,-0.80897,518.84
quat4,0.17965,-0.68594,0.03680,-0.70417,518.84
quat5,0.00000,0.00000,0.00000,-1.00000,518.84
quat6,0.00000,0.00000,0.00000,-1.00000,518.84
quat7,0.00000,0.00000,0.00000,-1.00000,518.84
quat8,0.00000,0.00000,0.00000,-1.00000,518.84
quat0,-0.64933,-0.66897,-0.36173,0.00225,518.86
quat1,-0.33805,0.21767,-0.82903,0.38865,518.86
quat2,0.21095,-0.15518,0.28152,-0.92313,518.86
quat3,-0.17595,-0.56513,0.11420,-0.79789,518.86
quat4,0.17423,-0.69770,0.04176,-0.69363,518.86
quat5,0.00000,0.00000,0.00000,-1.00000,518.86
quat6,0.00000,0.00000,0.00000,-1.00000,518.86
quat7,0.00000,0.00000,0.00000,-1.00000,518.86
quat8,0.00000,0.00000,0.00000,-1.00000,518.86
quat0,-0.62655,-0.69148,-0.35942,0.01071,518.88
quat1,-0.33816,0.24393,-0.83963,0.34810,518.88
quat2,0.24452,-0.18418,0.32310,-0.89548,518.88
quat3,-0.14316,-0.58792,0.11762,-0.78741,518.88
quat4,0.16642,-0.70423,0.04645,-0.68863,518.88
quat5,0.00000,0.00000,0.00000,-1.00000,518.88
quat6,0.00000,0.00000,0.00000,-1.00000,518.88
quat7,0.00000,0.00000,0.00000,-1.00000,518.88
quat8,0.00000,0.00000,0.00000,-1.00000,518.88
quat0,-0.60402,-0.70683,-0.36816,-0.00323,518.9
quat1,-0.33757,0.26923,-0.84762,0.30839,518.9
quat2,0.27600,-0.21423,0.36270,-0.86393,518.9
quat3,-0.11355,-0.60290,0.12376,-0.77994,518.9
quat4,0.16047,-0.70837,0.04636,-0.68579,518.9
quat5,0.00000,0.00000,0.00000,-1.00000,518.9
quat6,0.00000,0.00000,0.00000,-1.00000,518.9
quat7,0.00000,0.00000,0.00000,-1.00000,518.9
quat8,0.00000,0.00000,0.00000,-1.00000,518.9
quat0,-0.58138,-0.72144,-0.37609,-0.00857,518.92
quat1,-0.33805,0.29210,-0.85312,0.26943,518.92
quat2,0.30253,-0.24424,0.39949,-0.83020,518.92
quat3,-0.08627,-0.61484,0.13081,-0.77292,518.92
quat4,0.15824,-0.71003,0.04281,-0.68483,518.92
quat5,0.00000,0.00000,0.00000,-1.00000,518.92
quat6,0.00000,0.00000,0.00000,-1.00000,518.92
quat7,0.00000,0.00000,0.00000,-1.00000,518.92
quat8,0.00000,0.00000,0.00000,-1.00000,518.92
quat0,-0.56038,-0.73501,-0.38157,-0.01141,518.94
quat1,-0.33952,0.31004,-0.85738,0.23132,518.94
quat2,0.32146,-0.27095,0.43441,-0.79658,518.94
quat3,-0.06021,-0.62371,0.13910,-0.76682,518.94
quat4,0.16053,-0.70788,0.03870,-0.68676,518.94
quat5,0.00000,0.00000,0.00000,-1.00000,518.94
quat6,0.00000,0.00000,0.00000,-1.00000,518.94
quat7,0.00000,0.00000,0.00000,-1.00000,518.94
quat8,0.00000,0.00000,0.00000,-1.00000,518.94
quat0,-0.54054,-0.74862,-0.38382,-0.00820,518.96
quat1,-0.34060,0.32193,-0.86132,0.19619,518.96
quat2,0.33107,-0.29240,0.46882,-0.76492,518.96
quat3,-0.03911,-0.63037,0.14506,-0.76162,518.96
quat4,0.16665,-0.70588,0.03439,-0.68759,518.96
quat5,0.00000,0.00000,0.00000,-1.00000,518.96
quat6,0.00000,0.00000,0.00000,-1.00000,518.96
quat7,0.00000,0.00000,0.00000,-1.00000,518.96
quat8,0.00000,0.00000,0.00000,-1.00000,518.96
quat0,-0.52640,-0.75809,-0.38480,-0.01159,518.98
quat1,-0.34493,0.32707,-0.86452,0.16327,518.98
quat2,0.33071,-0.30980,0.50246,-0.73634,518.98
quat3,-0.02252,-0.63687,0.14769,-0.75636,518.98
quat4,0.17606,-0.70569,0.02900,-0.68568,518.98
quat5,0.00000,0.00000,0.00000,-1.00000,518.98
quat6,0.00000,0.00000,0.00000,-1.00000,518.98
quat7,0.00000,0.00000,0.00000,-1.00000,518.98
quat8,0.00000,0.00000,0.00000,-1.00000,518.98
quat0,-0.51219,-0.76370,-0.39197,-0.02803,519
quat1,-0.35381,0.32527,-0.86690,0.13227,519
quat2,0.31932,-0.32358,0.53424,-0.71269,519
quat3,-0.00829,-0.63971,0.15107,-0.75358,519
quat4,0.18700,-0.70671,0.02345,-0.68194,519
quat5,0.00000,0.00000,0.00000,-1.00000,519
quat6,0.00000,0.00000,0.00000,-1.00000,519
quat7,0.00000,0.00000,0.00000,-1.00000,519
quat8,0.00000,0.00000,0.00000,-1.00000,519
quat0,-0.50112,-0.77366,-0.38664,-0.02911,519.02
quat1,-0.36410,0.31785,-0.86913,0.10490,519.02
quat2,0.29860,-0.33194,0.56400,-0.69466,519.02
quat3,0.00383,-0.63995,0.15424,-0.75277,519.02
quat4,0.19684,-0.70890,0.01792,-0.67705,519.02
quat5,0.00000,0.00000,0.00000,-1.00000,519.02
quat6,0.00000,0.00000,0.00000,-1.00000,519.02
quat7,0.00000,0.00000,0.00000,-1.00000,519.02
quat8,0.00000,0.00000,0.00000,-1.00000,519.02
quat0,-0.49108,-0.78166,-0.38302,-0.03398,519.04
quat1,-0.37192,0.30591,-0.87258,0.08181,519.04
quat2,0.27255,-0.33429,0.58949,-0.68298,519.04
quat3,0.01452,-0.63969,0.15758,-0.75216,519.04
quat4,0.20499,-0.70846,0.01300,-0.67520,519.04
quat5,0.00000,0.00000,0.00000,-1.00000,519.04
quat6,0.00000,0.00000,0.00000,-1.00000,519.04
quat7,0.00000,0.00000,0.00000,-1.00000,519.04
quat8,0.00000,0.00000,0.00000,-1.00000,519.04
quat0,-0.48774,-0.78635,-0.37796,-0.03023,519.06
quat1,-0.37505,0.29091,-0.87781,0.06445,519.06
quat2,0.24623,-0.33402,0.60855,-0.67636,519.06
quat3,0.02355,-0.63638,0.16258,-0.75368,519.06
quat4,0.21135,-0.70434,0.00962,-0.67761,519.06
quat5,0.00000,0.00000,0.00000,-1.00000,519.06
quat6,0.00000,0.00000,0.00000,-1.00000,519.06
quat7,0.00000,0.00000,0.00000,-1.00000,519.06
quat8,0.00000,0.00000,0.00000,-1.00000,519.06
quat0,-0.48568,-0.78965,-0.37350,-0.03266,519.08
quat1,-0.37576,0.27711,-0.88276,0.05245,519.08
quat2,0.22400,-0.33257,0.62159,-0.67294,519.08
quat3,0.03074,-0.63082,0.16849,-0.75679,519.08
quat4,0.21641,-0.69577,0.00875,-0.68483,519.08
quat5,0.00000,0.00000,0.00000,-1.00000,519.08
quat6,0.00000,0.00000,0.00000,-1.00000,519.08
quat7,0.00000,0.00000,0.00000,-1.00000,519.08
quat8,0.00000,0.00000,0.00000,-1.00000,519.08
quat0,-0.48744,-0.79196,-0.36687,-0.02473,519.1
quat1,-0.37663,0.26401,-0.88677,0.04565,519.1
quat2,0.20960,-0.33109,0.62852,-0.67187,519.1
quat3,0.03574,-0.62430,0.17474,-0.76055,519.1
quat4,0.22068,-0.68419,0.00977,-0.69504,519.1
quat5,0.00000,0.00000,0.00000,-1.00000,519.1
quat6,0.00000,0.00000,0.00000,-1.00000,519.1
quat7,0.00000,0.00000,0.00000,-1.00000,519.1
quat8,0.00000,0.00000,0.00000,-1.00000,519.1
quat0,-0.49206,-0.79092,-0.36302,-0.02345,519.12
quat1,-0.37794,0.25231,-0.88967,0.04465,519.12
quat2,0.20324,-0.32914,0.62916,-0.67418,519.12
quat3,0.03784,-0.61740,0.18037,-0.76476,519.12
quat4,0.22436,-0.67277,0.01220,-0.70491,519.12
quat5,0.00000,0.00000,0.00000,-1.00000,519.12
quat6,0.00000,0.00000,0.00000,-1.00000,519.12
quat7,0.00000,0.00000,0.00000,-1.00000,519.12
quat8,0.00000,0.00000,0.00000,-1.00000,519.12
quat0,-0.49970,-0.78825,-0.35856,-0.01979,519.14
quat1,-0.37961,0.24148,-0.89167,0.05010,519.14
quat2,0.20149,-0.32527,0.62475,-0.68066,519.14
quat3,0.03669,-0.61095,0.18527,-0.76881,519.14
quat4,0.22765,-0.66298,0.01594,-0.71301,519.14
quat5,0.00000,0.00000,0.00000,-1.00000,519.14
quat6,0.00000,0.00000,0.00000,-1.00000,519.14
quat7,0.00000,0.00000,0.00000,-1.00000,519.14
quat8,0.00000,0.00000,0.00000,-1.00000,519.14
quat0,-0.50997,-0.78445,-0.35258,-0.01584,519.16
quat1,-0.38106,0.23093,-0.89307,0.06230,519.16
quat2,0.20025,-0.31791,0.61585,-0.69250,519.16
quat3,0.03269,-0.60669,0.18950,-0.77133,519.16
quat4,0.23012,-0.65630,0.02075,-0.71825,519.16
quat5,0.00000,0.00000,0.00000,-1.00000,519.16
quat6,0.00000,0.00000,0.00000,-1.00000,519.16
quat7,0.00000,0.00000,0.00000,-1.00000,519.16
quat8,0.00000,0.00000,0.00000,-1.00000,519.16
quat0,-0.52188,-0.77846,-0.34851,-0.01362,519.18
quat1,-0.38112,0.21996,-0.89429,0.08131,519.18
quat2,0.19793,-0.30613,0.60293,-0.70964,519.18
quat3,0.02598,-0.60343,0.19301,-0.77327,519.18
quat4,0.23146,-0.65300,0.02633,-0.72064,519.18
quat5,0.00000,0.00000,0.00000,-1.00000,519.18
quat6,0.00000,0.00000,0.00000,-1.00000,519.18
quat7,0.00000,0.00000,0.00000,-1.00000,519.18
quat8,0.00000,0.00000,0.00000,-1.00000,519.18
quat0,-0.53706,-0.77153,-0.34082,-0.01190,519.2
quat1,-0.37931,0.20853,-0.89508,0.10711,519.2
quat2,0.19364,-0.29045,0.58626,-0.73105,519.2
quat3,0.01679,-0.59865,0.19625,-0.77642,519.2
quat4,0.23206,-0.65201,0.03295,-0.72108,519.2
quat5,0.00000,0.00000,0.00000,-1.00000,519.2
quat6,0.00000,0.00000,0.00000,-1.00000,519.2
quat7,0.00000,0.00000,0.00000,-1.00000,519.2
quat8,0.00000,0.00000,0.00000,-1.00000,519.2
quat0,-0.55433,-0.76194,-0.33470,-0.01178,519.22
quat1,-0.37660,0.19727,-0.89436,0.13919,519.22
quat2,0.18754,-0.27226,0.56578,-0.75538,519.22
quat3,0.00579,-0.59208,0.19981,-0.78069,519.22
quat4,0.23276,-0.65106,0.04006,-0.72134,519.22
quat5,0.00000,0.00000,0.00000,-1.00000,519.22
quat6,0.00000,0.00000,0.00000,-1.00000,519.22
quat7,0.00000,0.00000,0.00000,-1.00000,519.22
quat8,0.00000,0.00000,0.00000,-1.00000,519.22
quat0,-0.57155,-0.75164,-0.32899,-0.01195,519.24
quat1,-0.37419,0.18569,-0.89117,0.17695,519.24
quat2,0.18047,-0.25121,0.54177,-0.78154,519.24
quat3,-0.00744,-0.58512,0.20184,-0.78539,519.24
quat4,0.23428,-0.64710,0.04716,-0.72398,519.24
quat5,0.00000,0.00000,0.00000,-1.00000,519.24
quat6,0.00000,0.00000,0.00000,-1.00000,519.24
quat7,0.00000,0.00000,0.00000,-1.00000,519.24
quat8,0.00000,0.00000,0.00000,-1.00000,519.24
quat0,-0.59019,-0.73885,-0.32500,-0.01229,519.26
quat1,-0.37245,0.17397,-0.88469,0.21985,519.26
quat2,0.17140,-0.22695,0.51456,-0.80892,519.26
quat3,-0.02343,-0.57775,0.20162,-0.79057,519.26
quat4,0.23667,-0.63906,0.05404,-0.72984,519.26
quat5,0.00000,0.00000,0.00000,-1.00000,519.26
quat6,0.00000,0.00000,0.00000,-1.00000,519.26
quat7,0.00000,0.00000,0.00000,-1.00000,519.26
quat8,0.00000,0.00000,0.00000,-1.00000,519.26
quat0,-0.60883,-0.72500,-0.32180,-0.01191,519.28
quat1,-0.37078,0.16124,-0.87473,0.26717,519.28
quat2,0.15966,-0.19877,0.48429,-0.83694,519.28
quat3,-0.04185,-0.56779,0.20106,-0.79715,519.28
quat4,0.23960,-0.62870,0.06006,-0.73738,519.28
quat5,0.00000,0.00000,0.00000,-1.00000,519.28
quat6,0.00000,0.00000,0.00000,-1.00000,519.28
quat7,0.00000,0.00000,0.00000,-1.00000,519.28
quat8,0.00000,0.00000,0.00000,-1.00000,519.28
quat0,-0.62823,-0.70878,-0.32070,-0.01097,519.3
quat1,-0.37201,0.14537,-0.86052,0.31621,519.3
quat2,0.14677,-0.16599,0.45143,-0.86436,519.3
quat3,-0.06246,-0.55630,0.20025,-0.80407,519.3
quat4,0.24237,-0.61821,0.06476,-0.74490,519.3
quat5,0.00000,0.00000,0.00000,-1.00000,519.3
quat6,0.00000,0.00000,0.00000,-1.00000,519.3
quat7,0.00000,0.00000,0.00000,-1.00000,519.3
quat8,0.00000,0.00000,0.00000,-1.00000,519.3
quat0,-0.64719,-0.69115,-0.32154,-0.00757,519.32
quat1,-0.37530,0.13094,-0.84202,0.36471,519.32
quat2,0.13441,-0.13019,0.41658,-0.88963,519.32
quat3,-0.08509,-0.54456,0.19928,-0.81025,519.32
quat4,0.24431,-0.60738,0.06889,-0.75276,519.32
quat5,0.00000,0.00000,0.00000,-1.00000,519.32
quat6,0.00000,0.00000,0.00000,-1.00000,519.32
quat7,0.00000,0.00000,0.00000,-1.00000,519.32
quat8,0.00000,0.00000,0.00000,-1.00000,519.32
quat0,-0.67106,-0.66966,-0.31812,0.00492,519.34
quat1,-0.38081,0.12032,-0.81945,0.41111,519.34
quat2,0.12212,-0.09504,0.37943,-0.91219,519.34
quat3,-0.11038,-0.53139,0.19805,-0.81622,519.34
quat4,0.24452,-0.59767,0.07186,-0.76016,519.34
quat5,0.00000,0.00000,0.00000,-1.00000,519.34
quat6,0.00000,0.00000,0.00000,-1.00000,519.34
quat7,0.00000,0.00000,0.00000,-1.00000,519.34
quat8,0.00000,0.00000,0.00000,-1.00000,519.34
quat0,-0.69282,-0.65139,-0.30887,0.01717,519.36
quat1,-0.38623,0.10997,-0.79469,0.45519,519.36
quat2,0.10909,-0.05971,0.33896,-0.93254,519.36
quat3,-0.13774,-0.51685,0.19600,-0.82188,519.36
quat4,0.24244,-0.58978,0.07345,-0.76681,519.36
quat5,0.00000,0.00000,0.00000,-1.00000,519.36
quat6,0.00000,0.00000,0.00000,-1.00000,519.36
quat7,0.00000,0.00000,0.00000,-1.00000,519.36
quat8,0.00000,0.00000,0.00000,-1.00000,519.36
quat0,-0.71580,-0.62992,-0.29982,0.03077,519.38
quat1,-0.38807,0.09800,-0.76961,0.49749,519.38
quat2,0.09434,-0.02476,0.29517,-0.95045,519.38
quat3,-0.16690,-0.50231,0.19264,-0.82627,519.38
quat4,0.23892,-0.58171,0.07316,-0.77407,519.38
quat5,0.00000,0.00000,0.00000,-1.00000,519.38
quat6,0.00000,0.00000,0.00000,-1.00000,519.38
quat7,0.00000,0.00000,0.00000,-1.00000,519.38
quat8,0.00000,0.00000,0.00000,-1.00000,519.38
quat0,-0.73643,-0.61257,-0.28398,0.04225,519.4
quat1,-0.38535,0.08374,-0.74447,0.53875,519.4
quat2,0.07926,0.00432,0.24788,-0.96553,519.4
quat3,-0.19940,-0.48426,0.18924,-0.83061,519.4
quat4,0.23360,-0.56892,0.07279,-0.78515,519.4
quat5,0.00000,0.00000,0.00000,-1.00000,519.4
quat6,0.00000,0.00000,0.00000,-1.00000,519.4
quat7,0.00000,0.00000,0.00000,-1.00000,519.4
quat8,0.00000,0.00000,0.00000,-1.00000,519.4
quat0,-0.75264,-0.59746,-0.27193,0.05133,519.42
quat1,-0.37933,0.06611,-0.71876,0.57890,519.42
quat2,0.06363,0.02914,0.19879,-0.97754,519.42
quat3,-0.23584,-0.46060,0.18712,-0.83499,519.42
quat4,0.22555,-0.55241,0.07220,-0.79923,519.42
quat5,0.00000,0.00000,0.00000,-1.00000,519.42
quat6,0.00000,0.00000,0.00000,-1.00000,519.42
quat7,0.00000,0.00000,0.00000,-1.00000,519.42
quat8,0.00000,0.00000,0.00000,-1.00000,519.42
quat0,-0.76518,-0.58600,-0.26028,0.05787,519.44
quat1,-0.37240,0.04936,-0.69091,0.61768,519.44
quat2,0.04721,0.05117,0.14902,-0.98638,519.44
quat3,-0.27674,-0.43159,0.18551,-0.83829,519.44
quat4,0.21367,-0.53548,0.07073,-0.81401,519.44
quat5,0.00000,0.00000,0.00000,-1.00000,519.44
quat6,0.00000,0.00000,0.00000,-1.00000,519.44
quat7,0.00000,0.00000,0.00000,-1.00000,519.44
quat8,0.00000,0.00000,0.00000,-1.00000,519.44
quat0,-0.77888,-0.57274,-0.24708,0.06526,519.46
quat1,-0.36498,0.03488,-0.66054,0.65518,519.46
quat2,0.02756,0.07157,0.10100,-0.99193,519.46
quat3,-0.32180,-0.39791,0.18373,-0.83926,519.46
quat4,0.19774,-0.51974,0.06860,-0.82829,519.46
quat5,0.00000,0.00000,0.00000,-1.00000,519.46
quat6,0.00000,0.00000,0.00000,-1.00000,519.46
quat7,0.00000,0.00000,0.00000,-1.00000,519.46
quat8,0.00000,0.00000,0.00000,-1.00000,519.46
quat0,-0.78836,-0.56405,-0.23557,0.06964,519.48
quat1,-0.35656,0.02111,-0.62704,0.69228,519.48
quat2,0.00368,0.09514,0.05635,-0.99386,519.48
quat3,-0.36897,-0.36278,0.18269,-0.83599,519.48
quat4,0.17737,-0.50405,0.06682,-0.84262,519.48
quat5,0.00000,0.00000,0.00000,-1.00000,519.48
quat6,0.00000,0.00000,0.00000,-1.00000,519.48
quat7,0.00000,0.00000,0.00000,-1.00000,519.48
quat8,0.00000,0.00000,0.00000,-1.00000,519.48
quat0,-0.79837,-0.55496,-0.22041,0.07782,519.5
quat1,-0.34683,0.00622,-0.59146,0.72790,519.5
quat2,-0.02167,0.12093,0.01682,-0.99228,519.5
quat3,-0.41610,-0.33095,0.18356,-0.82682,519.5
quat4,0.15249,-0.48846,0.06650,-0.85658,519.5
quat5,0.00000,0.00000,0.00000,-1.00000,519.5
quat6,0.00000,0.00000,0.00000,-1.00000,519.5
quat7,0.00000,0.00000,0.00000,-1.00000,519.5
quat8,0.00000,0.00000,0.00000,-1.00000,519.5
quat0,-0.80589,-0.54788,-0.20647,0.08801,519.52
quat1,-0.33491,-0.00718,-0.55568,0.76093,519.52
quat2,-0.04665,0.14262,-0.01808,-0.98851,519.52
quat3,-0.46215,-0.30273,0.18683,-0.81232,519.52
quat4,0.12309,-0.47325,0.07004,-0.86947,519.52
quat5,0.00000,0.00000,0.00000,-1.00000,519.52
quat6,0.00000,0.00000,0.00000,-1.00000,519.52
quat7,0.00000,0.00000,0.00000,-1.00000,519.52
quat8,0.00000,0.00000,0.00000,-1.00000,519.52
quat0,-0.81304,-0.54164,-0.19036,0.09674,519.54
quat1,-0.31942,-0.02127,-0.52117,0.79114,519.54
quat2,-0.07280,0.15983,-0.04875,-0.98325,519.54
quat3,-0.50780,-0.27579,0.19276,-0.79305,519.54
quat4,0.08982,-0.45875,0.07780,-0.88058,519.54
quat5,0.00000,0.00000,0.00000,-1.00000,519.54
quat6,0.00000,0.00000,0.00000,-1.00000,519.54
quat7,0.00000,0.00000,0.00000,-1.00000,519.54
quat8,0.00000,0.00000,0.00000,-1.00000,519.54
quat0,-0.81818,-0.53888,-0.17079,0.10496,519.56
quat1,-0.30024,-0.03535,-0.48676,0.81956,519.56
quat2,-0.10110,0.17690,-0.07523,-0.97613,519.56
quat3,-0.55309,-0.24730,0.20085,-0.76981,519.56
quat4,0.05275,-0.44338,0.08999,-0.89024,519.56
quat5,0.00000,0.00000,0.00000,-1.00000,519.56
quat6,0.00000,0.00000,0.00000,-1.00000,519.56
quat7,0.00000,0.00000,0.00000,-1.00000,519.56
quat8,0.00000,0.00000,0.00000,-1.00000,519.56
quat0,-0.82290,-0.53475,-0.15676,0.11092,519.58
quat1,-0.27967,-0.05183,-0.45332,0.84475,519.58
quat2,-0.12949,0.19601,-0.09640,-0.96722,519.58
quat3,-0.59710,-0.21553,0.20998,-0.74359,519.58
quat4,0.01346,-0.42578,0.10662,-0.89842,519.58
quat5,0.00000,0.00000,0.00000,-1.00000,519.58
quat6,0.00000,0.00000,0.00000,-1.00000,519.58
quat7,0.00000,0.00000,0.00000,-1.00000,519.58
quat8,0.00000,0.00000,0.00000,-1.00000,519.58
quat0,-0.82235,-0.53844,-0.13737,0.12227,519.6
quat1,-0.25641,-0.06949,-0.42231,0.86665,519.6
quat2,-0.15719,0.21423,-0.11341,-0.95736,519.6
quat3,-0.63938,-0.18336,0.22011,-0.71353,519.6
quat4,-0.02837,-0.40666,0.12807,-0.90411,519.6
quat5,0.00000,0.00000,0.00000,-1.00000,519.6
quat6,0.00000,0.00000,0.00000,-1.00000,519.6
quat7,0.00000,0.00000,0.00000,-1.00000,519.6
quat8,0.00000,0.00000,0.00000,-1.00000,519.6
quat0,-0.82502,-0.53683,-0.11495,0.13398,519.62
quat1,-0.23195,-0.08743,-0.39317,0.88542,519.62
quat2,-0.18407,0.23106,-0.12678,-0.94692,519.62
quat3,-0.67888,-0.15073,0.23187,-0.68018,519.62
quat4,-0.07169,-0.38532,0.15246,-0.90727,519.62
quat5,0.00000,0.00000,0.00000,-1.00000,519.62
quat6,0.00000,0.00000,0.00000,-1.00000,519.62
quat7,0.00000,0.00000,0.00000,-1.00000,519.62
quat8,0.00000,0.00000,0.00000,-1.00000,519.62
quat0,-0.82562,-0.53824,-0.09250,0.14178,519.64
quat1,-0.20505,-0.10593,-0.36582,0.90161,519.64
quat2,-0.20947,0.25029,-0.13638,-0.93535,519.64
quat3,-0.71469,-0.11772,0.24534,-0.64434,519.64
quat4,-0.11469,-0.36320,0.17978,-0.90698,519.64
quat5,0.00000,0.00000,0.00000,-1.00000,519.64
quat6,0.00000,0.00000,0.00000,-1.00000,519.64
quat7,0.00000,0.00000,0.00000,-1.00000,519.64
quat8,0.00000,0.00000,0.00000,-1.00000,519.64
quat0,-0.82662,-0.53710,-0.06860,0.15333,519.66
quat1,-0.17731,-0.12509,-0.34034,0.91492,519.66
quat2,-0.23212,0.26981,-0.14269,-0.92356,519.66
quat3,-0.74639,-0.08377,0.25975,-0.60697,519.66
quat4,-0.15627,-0.34068,0.20979,-0.90306,519.66
quat5,0.00000,0.00000,0.00000,-1.00000,519.66
quat6,0.00000,0.00000,0.00000,-1.00000,519.66
quat7,0.00000,0.00000,0.00000,-1.00000,519.66
quat8,0.00000,0.00000,0.00000,-1.00000,519.66
quat0,-0.81959,-0.54608,-0.04254,0.16811,519.68
quat1,-0.15057,-0.14480,-0.31650,0.92530,519.68
quat2,-0.25338,0.28715,-0.14638,-0.91210,519.68
quat3,-0.77396,-0.04972,0.27447,-0.56849,519.68
quat4,-0.19635,-0.31601,0.24242,-0.89600,519.68
quat5,0.00000,0.00000,0.00000,-1.00000,519.68
quat6,0.00000,0.00000,0.00000,-1.00000,519.68
quat7,0.00000,0.00000,0.00000,-1.00000,519.68
quat8,0.00000,0.00000,0.00000,-1.00000,519.68
quat0,-0.81290,-0.55275,-0.01328,0.18297,519.7
quat1,-0.12455,-0.16409,-0.29510,0.93299,519.7
quat2,-0.27301,0.30698,-0.14765,-0.89969,519.7
quat3,-0.79772,-0.01501,0.28916,-0.52896,519.7
quat4,-0.23484,-0.28823,0.27644,-0.88620,519.7
quat5,0.00000,0.00000,0.00000,-1.00000,519.7
quat6,0.00000,0.00000,0.00000,-1.00000,519.7
quat7,0.00000,0.00000,0.00000,-1.00000,519.7
quat8,0.00000,0.00000,0.00000,-1.00000,519.7
quat0,-0.80748,-0.55895,0.00848,0.18836,519.72
quat1,-0.09844,-0.18617,-0.27586,0.93784,519.72
quat2,-0.28990,0.33055,-0.14715,-0.88603,519.72
quat3,-0.81847,0.02246,0.30269,-0.48783,519.72
quat4,-0.27158,-0.25726,0.31067,-0.87381,519.72
quat5,0.00000,0.00000,0.00000,-1.00000,519.72
quat6,0.00000,0.00000,0.00000,-1.00000,519.72
quat7,0.00000,0.00000,0.00000,-1.00000,519.72
quat8,0.00000,0.00000,0.00000,-1.00000,519.72
quat0,-0.79981,-0.56581,0.02944,0.19822,519.74
quat1,-0.07329,-0.21013,-0.25751,0.94030,519.74
quat2,-0.30375,0.35350,-0.14519,-0.87275,519.74
quat3,-0.83628,0.06234,0.31394,-0.44520,519.74
quat4,-0.30658,-0.22176,0.34448,-0.85916,519.74
quat5,0.00000,0.00000,0.00000,-1.00000,519.74
quat6,0.00000,0.00000,0.00000,-1.00000,519.74
quat7,0.00000,0.00000,0.00000,-1.00000,519.74
quat8,0.00000,0.00000,0.00000,-1.00000,519.74
quat0,-0.79209,-0.56998,0.05522,0.21137,519.76
quat1,-0.04996,-0.23378,-0.23921,0.94108,519.76
quat2,-0.31456,0.37228,-0.14143,-0.86166,519.76
quat3,-0.85162,0.10399,0.32194,-0.40036,519.76
quat4,-0.33923,-0.18213,0.37743,-0.84220,519.76
quat5,0.00000,0.00000,0.00000,-1.00000,519.76
quat6,0.00000,0.00000,0.00000,-1.00000,519.76
quat7,0.00000,0.00000,0.00000,-1.00000,519.76
quat8,0.00000,0.00000,0.00000,-1.00000,519.76
quat0,-0.78455,-0.57490,0.07181,0.22092,519.78
quat1,-0.02570,-0.25614,-0.22181,0.94050,519.78
quat2,-0.32115,0.38943,-0.13551,-0.85255,519.78
quat3,-0.86314,0.14404,0.32966,-0.35435,519.78
quat4,-0.37016,-0.14009,0.40887,-0.82230,519.78
quat5,0.00000,0.00000,0.00000,-1.00000,519.78
quat6,0.00000,0.00000,0.00000,-1.00000,519.78
quat7,0.00000,0.00000,0.00000,-1.00000,519.78
quat8,0.00000,0.00000,0.00000,-1.00000,519.78
quat0,-0.77528,-0.58036,0.08880,0.23289,519.8
quat1,-0.00284,-0.27630,-0.20464,0.93903,519.8
quat2,-0.32240,0.40776,-0.12919,-0.84445,519.8
quat3,-0.87065,0.18156,0.33694,-0.30898,519.8
quat4,-0.39604,-0.09742,0.44064,-0.79969,519.8
quat5,0.00000,0.00000,0.00000,-1.00000,519.8
quat6,0.00000,0.00000,0.00000,-1.00000,519.8
quat7,0.00000,0.00000,0.00000,-1.00000,519.8
quat8,0.00000,0.00000,0.00000,-1.00000,519.8
quat0,-0.76375,-0.58829,0.10467,0.24420,519.82
quat1,0.01928,-0.29379,-0.18720,0.93716,519.82
quat2,-0.31832,0.42485,-0.12089,-0.83879,519.82
quat3,-0.87524,0.21529,0.34305,-0.26444,519.82
quat4,-0.41842,-0.05404,0.47130,-0.77452,519.82
quat5,0.00000,0.00000,0.00000,-1.00000,519.82
quat6,0.00000,0.00000,0.00000,-1.00000,519.82
quat7,0.00000,0.00000,0.00000,-1.00000,519.82
quat8,0.00000,0.00000,0.00000,-1.00000,519.82
quat0,-0.75512,-0.59560,0.11820,0.24715,519.84
quat1,0.04253,-0.30886,-0.16969,0.93488,519.84
quat2,-0.30862,0.44351,-0.11204,-0.83397,519.84
quat3,-0.87788,0.24492,0.34715,-0.22096,519.84
quat4,-0.43535,-0.01000,0.50011,-0.74850,519.84
quat5,0.00000,0.00000,0.00000,-1.00000,519.84
quat6,0.00000,0.00000,0.00000,-1.00000,519.84
quat7,0.00000,0.00000,0.00000,-1.00000,519.84
quat8,0.00000,0.00000,0.00000,-1.00000,519.84
quat0,-0.74284,-0.60459,0.13599,0.25330,519.86
quat1,0.05933,-0.32783,-0.15336,0.93032,519.86
quat2,-0.29581,0.46477,-0.10557,-0.82785,519.86
quat3,-0.87894,0.27072,0.34926,-0.17942,519.86
quat4,-0.44825,0.03125,0.52674,-0.72156,519.86
quat5,0.00000,0.00000,0.00000,-1.00000,519.86
quat6,0.00000,0.00000,0.00000,-1.00000,519.86
quat7,0.00000,0.00000,0.00000,-1.00000,519.86
quat8,0.00000,0.00000,0.00000,-1.00000,519.86
quat0,-0.72861,-0.61608,0.15356,0.25690,519.88
quat1,0.07493,-0.35080,-0.13851,0.92312,519.88
quat2,-0.28135,0.48746,-0.10159,-0.82031,519.88
quat3,-0.87875,0.29426,0.34816,-0.14141,519.88
quat4,-0.45774,0.06668,0.55120,-0.69441,519.88
quat5,0.00000,0.00000,0.00000,-1.00000,519.88
quat6,0.00000,0.00000,0.00000,-1.00000,519.88
quat7,0.00000,0.00000,0.00000,-1.00000,519.88
quat8,0.00000,0.00000,0.00000,-1.00000,519.88
quat0,-0.72004,-0.61426,0.17289,0.27266,519.9
quat1,0.08747,-0.37051,-0.12725,0.91590,519.9
quat2,-0.26774,0.50663,-0.09984,-0.81343,519.9
quat3,-0.87854,0.31505,0.34331,-0.10513,519.9
quat4,-0.46495,0.09497,0.57338,-0.66786,519.9
quat5,0.00000,0.00000,0.00000,-1.00000,519.9
quat6,0.00000,0.00000,0.00000,-1.00000,519.9
quat7,0.00000,0.00000,0.00000,-1.00000,519.9
quat8,0.00000,0.00000,0.00000,-1.00000,519.9
quat0,-0.71281,-0.62415,0.17685,0.26657,519.92
quat1,0.09813,-0.38650,-0.12009,0.90916,519.92
quat2,-0.25790,0.51734,-0.09885,-0.80999,519.92
quat3,-0.87742,0.33276,0.33777,-0.07294,519.92
quat4,-0.46885,0.11384,0.59342,-0.64426,519.92
quat5,0.00000,0.00000,0.00000,-1.00000,519.92
quat6,0.00000,0.00000,0.00000,-1.00000,519.92
quat7,0.00000,0.00000,0.00000,-1.00000,519.92
quat8,0.00000,0.00000,0.00000,-1.00000,519.92
quat0,-0.70938,-0.62657,0.18130,0.26705,519.94
quat1,0.10581,-0.39909,-0.11621,0.90334,519.94
quat2,-0.25361,0.51793,-0.09885,-0.81096,519.94
quat3,-0.87540,0.34804,0.33228,-0.04618,519.94
quat4,-0.46882,0.12352,0.61226,-0.62457,519.94
quat5,0.00000,0.00000,0.00000,-1.00000,519.94
quat6,0.00000,0.00000,0.00000,-1.00000,519.94
quat7,0.00000,0.00000,0.00000,-1.00000,519.94
quat8,0.00000,0.00000,0.00000,-1.00000,519.94
quat0,-0.70522,-0.63217,0.18288,0.26377,519.96
quat1,0.11029,-0.40915,-0.11409,0.89856,519.96
quat2,-0.25342,0.51648,-0.09906,-0.81192,519.96
quat3,-0.87270,0.36022,0.32854,-0.02630,519.96
quat4,-0.46402,0.12804,0.62931,-0.61014,519.96
quat5,0.00000,0.00000,0.00000,-1.00000,519.96
quat6,0.00000,0.00000,0.00000,-1.00000,519.96
quat7,0.00000,0.00000,0.00000,-1.00000,519.96
quat8,0.00000,0.00000,0.00000,-1.00000,519.96
quat0,-0.70270,-0.63381,0.18261,0.26675,519.98
quat1,0.11256,-0.41849,-0.11307,0.89410,519.98
quat2,-0.25522,0.51642,-0.09928,-0.81137,519.98
quat3,-0.87053,0.36648,0.32817,-0.01315,519.98
quat4,-0.45695,0.13081,0.64268,-0.60088,519.98
quat5,0.00000,0.00000,0.00000,-1.00000,519.98
quat6,0.00000,0.00000,0.00000,-1.00000,519.98
quat7,0.00000,0.00000,0.00000,-1.00000,519.98
quat8,0.00000,0.00000,0.00000,-1.00000,519.98
quat0,-0.70279,-0.63788,0.17817,0.25971,520
quat1,0.11357,-0.42346,-0.11415,0.89149,520
quat2,-0.25786,0.51439,-0.09885,-0.81187,520
quat3,-0.86962,0.36654,0.33069,-0.00692,520
quat4,-0.45049,0.13275,0.65018,-0.59725,520
quat5,0.00000,0.00000,0.00000,-1.00000,520
quat6,0.00000,0.00000,0.00000,-1.00000,520
quat7,0.00000,0.00000,0.00000,-1.00000,520
quat8,0.00000,0.00000,0.00000,-1.00000,520
quat0,-0.70572,-0.63794,0.17266,0.25530,520.02
quat1,0.11491,-0.42296,-0.11853,0.89098,520.02
quat2,-0.26079,0.50723,-0.09716,-0.81564,520.02
quat3,-0.87007,0.36101,0.33555,-0.00793,520.02
quat4,-0.44464,0.13132,0.65240,-0.59952,520.02
quat5,0.00000,0.00000,0.00000,-1.00000,520.02
quat6,0.00000,0.00000,0.00000,-1.00000,520.02
quat7,0.00000,0.00000,0.00000,-1.00000,520.02
quat8,0.00000,0.00000,0.00000,-1.00000,520.02
quat0,-0.70937,-0.63759,0.16483,0.25121,520.04
quat1,0.11512,-0.41853,-0.12492,0.89217,520.04
quat2,-0.26323,0.49531,-0.09450,-0.82246,520.04
quat3,-0.87162,0.35114,0.34167,-0.01511,520.04
quat4,-0.43797,0.12320,0.65064,-0.60800,520.04
quat5,0.00000,0.00000,0.00000,-1.00000,520.04
quat6,0.00000,0.00000,0.00000,-1.00000,520.04
quat7,0.00000,0.00000,0.00000,-1.00000,520.04
quat8,0.00000,0.00000,0.00000,-1.00000,520.04
quat0,-0.71422,-0.63660,0.15491,0.24623,520.06
quat1,0.11399,-0.41164,-0.13358,0.89427,520.06
quat2,-0.26564,0.47905,-0.09121,-0.83164,520.06
quat3,-0.87377,0.33796,0.34858,-0.02822,520.06
quat4,-0.42982,0.10783,0.64506,-0.62251,520.06
quat5,0.00000,0.00000,0.00000,-1.00000,520.06
quat6,0.00000,0.00000,0.00000,-1.00000,520.06
quat7,0.00000,0.00000,0.00000,-1.00000,520.06
quat8,0.00000,0.00000,0.00000,-1.00000,520.06
quat0,-0.72097,-0.63287,0.14459,0.24244,520.08
quat1,0.10992,-0.40244,-0.14402,0.89734,520.08
quat2,-0.26824,0.46014,-0.08835,-0.84173,520.08
quat3,-0.87582,0.32306,0.35550,-0.04690,520.08
quat4,-0.42095,0.08596,0.63479,-0.64222,520.08
quat5,0.00000,0.00000,0.00000,-1.00000,520.08
quat6,0.00000,0.00000,0.00000,-1.00000,520.08
quat7,0.00000,0.00000,0.00000,-1.00000,520.08
quat8,0.00000,0.00000,0.00000,-1.00000,520.08
quat0,-0.72977,-0.62716,0.13033,0.23898,520.1
quat1,0.10428,-0.38993,-0.15653,0.90143,520.1
quat2,-0.27155,0.43919,-0.08688,-0.85195,520.1
quat3,-0.87756,0.30577,0.36243,-0.07093,520.1
quat4,-0.41175,0.05882,0.61938,-0.66586,520.1
quat5,0.00000,0.00000,0.00000,-1.00000,520.1
quat6,0.00000,0.00000,0.00000,-1.00000,520.1
quat7,0.00000,0.00000,0.00000,-1.00000,520.1
quat8,0.00000,0.00000,0.00000,-1.00000,520.1
quat0,-0.73940,-0.62042,0.11492,0.23486,520.12
quat1,0.09576,-0.37456,-0.17046,0.90635,520.12
quat2,-0.27573,0.41702,-0.08731,-0.86165,520.12
quat3,-0.87873,0.28600,0.36883,-0.09999,520.12
quat4,-0.40215,0.02828,0.59840,-0.69239,520.12
quat5,0.00000,0.00000,0.00000,-1.00000,520.12
quat6,0.00000,0.00000,0.00000,-1.00000,520.12
quat7,0.00000,0.00000,0.00000,-1.00000,520.12
quat8,0.00000,0.00000,0.00000,-1.00000,520.12
quat0,-0.75085,-0.61068,0.09983,0.23095,520.14
quat1,0.08390,-0.35879,-0.18489,0.91107,520.14
quat2,-0.28108,0.39495,-0.08998,-0.87000,520.14
quat3,-0.87885,0.26350,0.37421,-0.13472,520.14
quat4,-0.39061,-0.00489,0.57180,-0.72142,520.14
quat5,0.00000,0.00000,0.00000,-1.00000,520.14
quat6,0.00000,0.00000,0.00000,-1.00000,520.14
quat7,0.00000,0.00000,0.00000,-1.00000,520.14
quat8,0.00000,0.00000,0.00000,-1.00000,520.14
quat0,-0.76149,-0.60091,0.08342,0.22820,520.16
quat1,0.06860,-0.34331,-0.19878,0.91538,520.16
quat2,-0.28641,0.37563,-0.09545,-0.87622,520.16
quat3,-0.87755,0.23800,0.37762,-0.17511,520.16
quat4,-0.37652,-0.04026,0.54026,-0.75149,520.16
quat5,0.00000,0.00000,0.00000,-1.00000,520.16
quat6,0.00000,0.00000,0.00000,-1.00000,520.16
quat7,0.00000,0.00000,0.00000,-1.00000,520.16
quat8,0.00000,0.00000,0.00000,-1.00000,520.16
quat0,-0.77340,-0.58938,0.06635,0.22381,520.18
quat1,0.05078,-0.32864,-0.21176,0.91901,520.18
quat2,-0.29129,0.35912,-0.10377,-0.88058,520.18
quat3,-0.87413,0.20930,0.37846,-0.22103,520.18
quat4,-0.35799,-0.07903,0.50456,-0.78167,520.18
quat5,0.00000,0.00000,0.00000,-1.00000,520.18
quat6,0.00000,0.00000,0.00000,-1.00000,520.18
quat7,0.00000,0.00000,0.00000,-1.00000,520.18
quat8,0.00000,0.00000,0.00000,-1.00000,520.18
quat0,-0.78431,-0.57855,0.04884,0.21853,520.2
quat1,0.03059,-0.31409,-0.22384,0.92212,520.2
quat2,-0.29515,0.34312,-0.11335,-0.88448,520.2
quat3,-0.86849,0.17705,0.37528,-0.27118,520.2
quat4,-0.33462,-0.12259,0.46639,-0.80962,520.2
quat5,0.00000,0.00000,0.00000,-1.00000,520.2
quat6,0.00000,0.00000,0.00000,-1.00000,520.2
quat7,0.00000,0.00000,0.00000,-1.00000,520.2
quat8,0.00000,0.00000,0.00000,-1.00000,520.2
quat0,-0.79646,-0.56468,0.03347,0.21370,520.22
quat1,0.00888,-0.29941,-0.23523,0.92463,520.22
quat2,-0.29855,0.32753,-0.12323,-0.88792,520.22
quat3,-0.86083,0.14163,0.36623,-0.32371,520.22
quat4,-0.30708,-0.17050,0.42554,-0.83400,520.22
quat5,0.00000,0.00000,0.00000,-1.00000,520.22
quat6,0.00000,0.00000,0.00000,-1.00000,520.22
quat7,0.00000,0.00000,0.00000,-1.00000,520.22
quat8,0.00000,0.00000,0.00000,-1.00000,520.22
quat0,-0.80655,-0.55335,0.01615,0.20742,520.24
quat1,-0.01441,-0.28462,-0.24675,0.92623,520.24
quat2,-0.30077,0.31398,-0.13388,-0.89052,520.24
quat3,-0.85008,0.10378,0.35130,-0.37840,520.24
quat4,-0.27608,-0.22002,0.38247,-0.85387,520.24
quat5,0.00000,0.00000,0.00000,-1.00000,520.24
quat6,0.00000,0.00000,0.00000,-1.00000,520.24
quat7,0.00000,0.00000,0.00000,-1.00000,520.24
quat8,0.00000,0.00000,0.00000,-1.00000,520.24
quat0,-0.81695,-0.54318,-0.00458,0.19375,520.26
quat1,-0.03888,-0.26864,-0.26042,0.92655,520.26
quat2,-0.30142,0.30159,-0.14433,-0.89295,520.26
quat3,-0.83376,0.06380,0.33236,-0.43624,520.26
quat4,-0.24160,-0.27000,0.33927,-0.86811,520.26
quat5,0.00000,0.00000,0.00000,-1.00000,520.26
quat6,0.00000,0.00000,0.00000,-1.00000,520.26
quat7,0.00000,0.00000,0.00000,-1.00000,520.26
quat8,0.00000,0.00000,0.00000,-1.00000,520.26
quat0,-0.82471,-0.53503,-0.02099,0.18210,520.28
quat1,-0.06380,-0.25221,-0.27697,0.92499,520.28
quat2,-0.30034,0.28883,-0.15295,-0.89609,520.28
quat3,-0.81023,0.02081,0.31188,-0.49581,520.28
quat4,-0.20549,-0.32024,0.29805,-0.87544,520.28
quat5,0.00000,0.00000,0.00000,-1.00000,520.28
quat6,0.00000,0.00000,0.00000,-1.00000,520.28
quat7,0.00000,0.00000,0.00000,-1.00000,520.28
quat8,0.00000,0.00000,0.00000,-1.00000,520.28
quat0,-0.83200,-0.52775,-0.03955,0.16639,520.3
quat1,-0.08786,-0.23636,-0.29609,0.92128,520.3
quat2,-0.29734,0.27347,-0.15915,-0.90082,520.3
quat3,-0.78192,-0.02391,0.28963,-0.55149,520.3
quat4,-0.17023,-0.36851,0.25924,-0.87637,520.3
quat5,0.00000,0.00000,0.00000,-1.00000,520.3
quat6,0.00000,0.00000,0.00000,-1.00000,520.3
quat7,0.00000,0.00000,0.00000,-1.00000,520.3
quat8,0.00000,0.00000,0.00000,-1.00000,520.3
quat0,-0.83394,-0.52789,-0.06096,0.14890,520.32
quat1,-0.11177,-0.22055,-0.31713,0.91558,520.32
quat2,-0.29175,0.25477,-0.16237,-0.90753,520.32
quat3,-0.75196,-0.06262,0.26251,-0.60144,520.32
quat4,-0.13634,-0.41096,0.22116,-0.87385,520.32
quat5,0.00000,0.00000,0.00000,-1.00000,520.32
quat6,0.00000,0.00000,0.00000,-1.00000,520.32
quat7,0.00000,0.00000,0.00000,-1.00000,520.32
quat8,0.00000,0.00000,0.00000,-1.00000,520.32
quat0,-0.83366,-0.52849,-0.08616,0.13522,520.34
quat1,-0.13557,-0.20276,-0.34120,0.90779,520.34
quat2,-0.28250,0.23465,-0.16322,-0.91569,520.34
quat3,-0.71845,-0.09607,0.23753,-0.64667,520.34
quat4,-0.10284,-0.44541,0.18533,-0.86988,520.34
quat5,0.00000,0.00000,0.00000,-1.00000,520.34
quat6,0.00000,0.00000,0.00000,-1.00000,520.34
quat7,0.00000,0.00000,0.00000,-1.00000,520.34
quat8,0.00000,0.00000,0.00000,-1.00000,520.34
quat0,-0.82999,-0.53316,-0.11057,0.12094,520.36
quat1,-0.15870,-0.18146,-0.36890,0.89766,520.36
quat2,-0.26872,0.21344,-0.16141,-0.92530,520.36
quat3,-0.68055,-0.12816,0.21814,-0.68763,520.36
quat4,-0.06895,-0.47228,0.15257,-0.86540,520.36
quat5,0.00000,0.00000,0.00000,-1.00000,520.36
quat6,0.00000,0.00000,0.00000,-1.00000,520.36
quat7,0.00000,0.00000,0.00000,-1.00000,520.36
quat8,0.00000,0.00000,0.00000,-1.00000,520.36
quat0,-0.82659,-0.53677,-0.13124,0.10680,520.38
quat1,-0.18124,-0.15720,-0.39991,0.88460,520.38
quat2,-0.25112,0.19103,-0.15740,-0.93577,520.38
quat3,-0.63916,-0.16138,0.20295,-0.72405,520.38
quat4,-0.03500,-0.49330,0.12403,-0.86026,520.38
quat5,0.00000,0.00000,0.00000,-1.00000,520.38
quat6,0.00000,0.00000,0.00000,-1.00000,520.38
quat7,0.00000,0.00000,0.00000,-1.00000,520.38
quat8,0.00000,0.00000,0.00000,-1.00000,520.38
quat0,-0.82130,-0.54262,-0.14742,0.09642,520.4
quat1,-0.20396,-0.13130,-0.43395,0.86767,520.4
quat2,-0.22988,0.16775,-0.15023,-0.94681,520.4
quat3,-0.59515,-0.19547,0.18961,-0.75607,520.4
quat4,-0.00046,-0.51311,0.09897,-0.85260,520.4
quat5,0.00000,0.00000,0.00000,-1.00000,520.4
quat6,0.00000,0.00000,0.00000,-1.00000,520.4
quat7,0.00000,0.00000,0.00000,-1.00000,520.4
quat8,0.00000,0.00000,0.00000,-1.00000,520.4
quat0,-0.81587,-0.54726,-0.16581,0.08592,520.42
quat1,-0.22700,-0.10381,-0.47005,0.84661,520.42
quat2,-0.20521,0.14450,-0.13918,-0.95794,520.42
quat3,-0.55045,-0.23046,0.17804,-0.78243,520.42
quat4,0.03470,-0.53454,0.07856,-0.84077,520.42
quat5,0.00000,0.00000,0.00000,-1.00000,520.42
quat6,0.00000,0.00000,0.00000,-1.00000,520.42
quat7,0.00000,0.00000,0.00000,-1.00000,520.42
quat8,0.00000,0.00000,0.00000,-1.00000,520.42
quat0,-0.80656,-0.55627,-0.18567,0.07455,520.44
quat1,-0.25046,-0.07513,-0.50767,0.82091,520.44
quat2,-0.17817,0.12086,-0.12378,-0.96867,520.44
quat3,-0.50537,-0.26620,0.16806,-0.80343,520.44
quat4,0.06888,-0.55837,0.06184,-0.82441,520.44
quat5,0.00000,0.00000,0.00000,-1.00000,520.44
quat6,0.00000,0.00000,0.00000,-1.00000,520.44
quat7,0.00000,0.00000,0.00000,-1.00000,520.44
quat8,0.00000,0.00000,0.00000,-1.00000,520.44
quat0,-0.79692,-0.56422,-0.20679,0.06181,520.46
quat1,-0.27256,-0.04612,-0.54613,0.79078,520.46
quat2,-0.14913,0.09791,-0.10417,-0.97843,520.46
quat3,-0.46009,-0.30115,0.15929,-0.81991,520.46
quat4,0.09965,-0.58148,0.04988,-0.80590,520.46
quat5,0.00000,0.00000,0.00000,-1.00000,520.46
quat6,0.00000,0.00000,0.00000,-1.00000,520.46
quat7,0.00000,0.00000,0.00000,-1.00000,520.46
quat8,0.00000,0.00000,0.00000,-1.00000,520.46
quat0,-0.78691,-0.57215,-0.22619,0.04743,520.48
quat1,-0.29134,-0.01860,-0.58472,0.75688,520.48
quat2,-0.11797,0.07573,-0.07980,-0.98691,520.48
quat3,-0.41707,-0.32958,0.15239,-0.83319,520.48
quat4,0.12598,-0.60032,0.04145,-0.78869,520.48
quat5,0.00000,0.00000,0.00000,-1.00000,520.48
quat6,0.00000,0.00000,0.00000,-1.00000,520.48
quat7,0.00000,0.00000,0.00000,-1.00000,520.48
quat8,0.00000,0.00000,0.00000,-1.00000,520.48
quat0,-0.77059,-0.58729,-0.24498,0.03567,520.5
quat1,-0.30632,0.00721,-0.62254,0.72012,520.5
quat2,-0.08385,0.05351,-0.05081,-0.99374,520.5
quat3,-0.37645,-0.35795,0.14680,-0.84179,520.5
quat4,0.14795,-0.61627,0.03743,-0.77261,520.5
quat5,0.00000,0.00000,0.00000,-1.00000,520.5
quat6,0.00000,0.00000,0.00000,-1.00000,520.5
quat7,0.00000,0.00000,0.00000,-1.00000,520.5
quat8,0.00000,0.00000,0.00000,-1.00000,520.5
quat0,-0.75244,-0.60052,-0.26955,0.02347,520.52
quat1,-0.31869,0.03494,-0.65838,0.68099,520.52
quat2,-0.04808,0.03076,-0.01813,-0.99821,520.52
quat3,-0.33662,-0.38779,0.14320,-0.84605,520.52
quat4,0.16467,-0.63157,0.03741,-0.75671,520.52
quat5,0.00000,0.00000,0.00000,-1.00000,520.52
quat6,0.00000,0.00000,0.00000,-1.00000,520.52
quat7,0.00000,0.00000,0.00000,-1.00000,520.52
quat8,0.00000,0.00000,0.00000,-1.00000,520.52
quat0,-0.73384,-0.61260,-0.29348,0.00841,520.54
quat1,-0.32866,0.06541,-0.69195,0.63946,520.54
quat2,-0.01150,0.00723,0.01720,-0.99976,520.54
quat3,-0.29667,-0.41812,0.14238,-0.84670,520.54
quat4,0.17559,-0.64519,0.04056,-0.74246,520.54
quat5,0.00000,0.00000,0.00000,-1.00000,520.54
quat6,0.00000,0.00000,0.00000,-1.00000,520.54
quat7,0.00000,0.00000,0.00000,-1.00000,520.54
quat8,0.00000,0.00000,0.00000,-1.00000,520.54
quat0,-0.70874,-0.63184,-0.31378,-0.00356,520.56
quat1,-0.33609,0.09540,-0.72407,0.59470,520.56
quat2,0.02574,-0.01635,0.05484,-0.99803,520.56
quat3,-0.25813,-0.44589,0.14460,-0.84477,520.56
quat4,0.18190,-0.66121,0.04436,-0.72646,520.56
quat5,0.00000,0.00000,0.00000,-1.00000,520.56
quat6,0.00000,0.00000,0.00000,-1.00000,520.56
quat7,0.00000,0.00000,0.00000,-1.00000,520.56
quat8,0.00000,0.00000,0.00000,-1.00000,520.56
quat0,-0.68053,-0.64970,-0.33852,-0.01316,520.58
quat1,-0.34141,0.12369,-0.75386,0.54757,520.58
quat2,0.06345,-0.04089,0.09318,-0.99278,520.58
quat3,-0.22401,-0.47070,0.14802,-0.84045,520.58
quat4,0.18454,-0.67841,0.04954,-0.70940,520.58
quat5,0.00000,0.00000,0.00000,-1.00000,520.58
quat6,0.00000,0.00000,0.00000,-1.00000,520.58
quat7,0.00000,0.00000,0.00000,-1.00000,520.58
quat8,0.00000,0.00000,0.00000,-1.00000,520.58
quat0,-0.65735,-0.66280,-0.35809,-0.01923,520.6
quat1,-0.34531,0.15288,-0.77943,0.49988,520.6
quat2,0.10044,-0.06646,0.13136,-0.98399,520.6
quat3,-0.19394,-0.49825,0.15042,-0.83157,520.6
quat4,0.18485,-0.69233,0.05480,-0.69534,520.6
quat5,0.00000,0.00000,0.00000,-1.00000,520.6
quat6,0.00000,0.00000,0.00000,-1.00000,520.6
quat7,0.00000,0.00000,0.00000,-1.00000,520.6
quat8,0.00000,0.00000,0.00000,-1.00000,520.6
quat0,-0.63228,-0.68059,-0.36916,-0.02729,520.62
quat1,-0.34886,0.18156,-0.80099,0.45139,520.62
quat2,0.13604,-0.09236,0.16961,-0.97170,520.62
quat3,-0.16615,-0.52824,0.15267,-0.81856,520.62
quat4,0.18327,-0.70015,0.06012,-0.68745,520.62
quat5,0.00000,0.00000,0.00000,-1.00000,520.62
quat6,0.00000,0.00000,0.00000,-1.00000,520.62
quat7,0.00000,0.00000,0.00000,-1.00000,520.62
quat8,0.00000,0.00000,0.00000,-1.00000,520.62
quat0,-0.61215,-0.69516,-0.37562,-0.03065,520.64
quat1,-0.35522,0.20973,-0.81766,0.40158,520.64
quat2,0.16970,-0.11857,0.20723,-0.95614,520.64
quat3,-0.14027,-0.55485,0.15574,-0.80512,520.64
quat4,0.18123,-0.70213,0.06500,-0.68553,520.64
quat5,0.00000,0.00000,0.00000,-1.00000,520.64
quat6,0.00000,0.00000,0.00000,-1.00000,520.64
quat7,0.00000,0.00000,0.00000,-1.00000,520.64
quat8,0.00000,0.00000,0.00000,-1.00000,520.64
quat0,-0.59440,-0.71002,-0.37591,-0.03544,520.66
quat1,-0.36310,0.23684,-0.83036,0.35010,520.66
quat2,0.20158,-0.14567,0.24342,-0.93749,520.66
quat3,-0.11503,-0.57606,0.15961,-0.79338,520.66
quat4,0.17910,-0.70948,0.06440,-0.67854,520.66
quat5,0.00000,0.00000,0.00000,-1.00000,520.66
quat6,0.00000,0.00000,0.00000,-1.00000,520.66
quat7,0.00000,0.00000,0.00000,-1.00000,520.66
quat8,0.00000,0.00000,0.00000,-1.00000,520.66
quat0,-0.57442,-0.72296,-0.38202,-0.03781,520.68
quat1,-0.36798,0.26179,-0.84031,0.29989,520.68
quat2,0.23156,-0.17372,0.27814,-0.91588,520.68
quat3,-0.09157,-0.59314,0.16285,-0.78312,520.68
quat4,0.17707,-0.72234,0.05949,-0.66584,520.68
quat5,0.00000,0.00000,0.00000,-1.00000,520.68
quat6,0.00000,0.00000,0.00000,-1.00000,520.68
quat7,0.00000,0.00000,0.00000,-1.00000,520.68
quat8,0.00000,0.00000,0.00000,-1.00000,520.68
quat0,-0.55252,-0.73963,-0.38288,-0.03289,520.7
quat1,-0.37033,0.28330,-0.84807,0.25172,520.7
quat2,0.25915,-0.20075,0.31166,-0.89185,520.7
quat3,-0.06949,-0.60692,0.16780,-0.77374,520.7
quat4,0.17681,-0.73224,0.05288,-0.65556,520.7
quat5,0.00000,0.00000,0.00000,-1.00000,520.7
quat6,0.00000,0.00000,0.00000,-1.00000,520.7
quat7,0.00000,0.00000,0.00000,-1.00000,520.7
quat8,0.00000,0.00000,0.00000,-1.00000,520.7
quat0,-0.53828,-0.74921,-0.38449,-0.03323,520.72
quat1,-0.37295,0.30162,-0.85311,0.20529,520.72
quat2,0.28409,-0.22489,0.34395,-0.86627,520.72
quat3,-0.05079,-0.62117,0.17157,-0.76298,520.72
quat4,0.17910,-0.73396,0.04615,-0.65352,520.72
quat5,0.00000,0.00000,0.00000,-1.00000,520.72
quat6,0.00000,0.00000,0.00000,-1.00000,520.72
quat7,0.00000,0.00000,0.00000,-1.00000,520.72
quat8,0.00000,0.00000,0.00000,-1.00000,520.72
quat0,-0.52407,-0.76081,-0.38196,-0.02509,520.74
quat1,-0.37601,0.31753,-0.85556,0.16068,520.74
quat2,0.30585,-0.24506,0.37419,-0.84047,520.74
quat3,-0.03483,-0.63248,0.17358,-0.75407,520.74
quat4,0.18432,-0.72845,0.03953,-0.65866,520.74
quat5,0.00000,0.00000,0.00000,-1.00000,520.74
quat6,0.00000,0.00000,0.00000,-1.00000,520.74
quat7,0.00000,0.00000,0.00000,-1.00000,520.74
quat8,0.00000,0.00000,0.00000,-1.00000,520.74
quat0,-0.50638,-0.77204,-0.38362,-0.01919,520.76
quat1,-0.37764,0.33097,-0.85640,0.12010,520.76
quat2,0.32282,-0.26097,0.40180,-0.81624,520.76
quat3,-0.02186,-0.63888,0.17514,-0.74879,520.76
quat4,0.19221,-0.72068,0.03242,-0.66530,520.76
quat5,0.00000,0.00000,0.00000,-1.00000,520.76
quat6,0.00000,0.00000,0.00000,-1.00000,520.76
quat7,0.00000,0.00000,0.00000,-1.00000,520.76
quat8,0.00000,0.00000,0.00000,-1.00000,520.76
quat0,-0.49664,-0.77812,-0.38413,-0.01762,520.78
quat1,-0.37610,0.34045,-0.85738,0.08687,520.78
quat2,0.33332,-0.27229,0.42696,-0.79527,520.78
quat3,-0.01245,-0.64166,0.17549,-0.74654,520.78
quat4,0.20099,-0.71154,0.02667,-0.67275,520.78
quat5,0.00000,0.00000,0.00000,-1.00000,520.78
quat6,0.00000,0.00000,0.00000,-1.00000,520.78
quat7,0.00000,0.00000,0.00000,-1.00000,520.78
quat8,0.00000,0.00000,0.00000,-1.00000,520.78
quat0,-0.48836,-0.78435,-0.38222,-0.01453,520.8
quat1,-0.37139,0.34482,-0.85979,0.06269,520.8
quat2,0.33535,-0.27829,0.44912,-0.77999,520.8
quat3,-0.00505,-0.64416,0.17608,-0.74433,520.8
quat4,0.20877,-0.70262,0.02288,-0.67986,520.8
quat5,0.00000,0.00000,0.00000,-1.00000,520.8
quat6,0.00000,0.00000,0.00000,-1.00000,520.8
quat7,0.00000,0.00000,0.00000,-1.00000,520.8
quat8,0.00000,0.00000,0.00000,-1.00000,520.8
quat0,-0.48042,-0.78894,-0.38290,-0.01293,520.82
quat1,-0.36439,0.34274,-0.86453,0.04829,520.82
quat2,0.32703,-0.27812,0.46837,-0.77223,520.82
quat3,0.00038,-0.64682,0.17710,-0.74180,520.82
quat4,0.21494,-0.69504,0.02061,-0.68578,520.82
quat5,0.00000,0.00000,0.00000,-1.00000,520.82
quat6,0.00000,0.00000,0.00000,-1.00000,520.82
quat7,0.00000,0.00000,0.00000,-1.00000,520.82
quat8,0.00000,0.00000,0.00000,-1.00000,520.82
quat0,-0.47902,-0.79075,-0.38104,-0.00792,520.84
quat1,-0.35603,0.33565,-0.87105,0.04310,520.84
quat2,0.31055,-0.27295,0.48260,-0.77211,520.84
quat3,0.00315,-0.64867,0.17943,-0.73961,520.84
quat4,0.21920,-0.68813,0.02001,-0.69140,520.84
quat5,0.00000,0.00000,0.00000,-1.00000,520.84
quat6,0.00000,0.00000,0.00000,-1.00000,520.84
quat7,0.00000,0.00000,0.00000,-1.00000,520.84
quat8,0.00000,0.00000,0.00000,-1.00000,520.84
quat0,-0.47741,-0.79102,-0.38250,-0.00812,520.86
quat1,-0.34760,0.32528,-0.87819,0.04646,520.86
quat2,0.29018,-0.26523,0.48850,-0.77899,520.86
quat3,0.00310,-0.65006,0.18175,-0.73782,520.86
quat4,0.22137,-0.68112,0.02121,-0.69758,520.86
quat5,0.00000,0.00000,0.00000,-1.00000,520.86
quat6,0.00000,0.00000,0.00000,-1.00000,520.86
quat7,0.00000,0.00000,0.00000,-1.00000,520.86
quat8,0.00000,0.00000,0.00000,-1.00000,520.86
quat0,-0.48146,-0.78946,-0.38071,-0.00464,520.88
quat1,-0.33999,0.31241,-0.88518,0.05711,520.88
quat2,0.27021,-0.25780,0.48536,-0.79054,520.88
quat3,0.00002,-0.65077,0.18395,-0.73665,520.88
quat4,0.22149,-0.67511,0.02399,-0.70328,520.88
quat5,0.00000,0.00000,0.00000,-1.00000,520.88
quat6,0.00000,0.00000,0.00000,-1.00000,520.88
quat7,0.00000,0.00000,0.00000,-1.00000,520.88
quat8,0.00000,0.00000,0.00000,-1.00000,520.88
quat0,-0.49117,-0.78583,-0.37579,0.00066,520.9
quat1,-0.33316,0.29851,-0.89127,0.07442,520.9
quat2,0.25241,-0.25073,0.47446,-0.80518,520.9
quat3,-0.00642,-0.64993,0.18620,-0.73681,520.9
quat4,0.21997,-0.66918,0.02814,-0.70923,520.9
quat5,0.00000,0.00000,0.00000,-1.00000,520.9
quat6,0.00000,0.00000,0.00000,-1.00000,520.9
quat7,0.00000,0.00000,0.00000,-1.00000,520.9
quat8,0.00000,0.00000,0.00000,-1.00000,520.9
quat0,-0.50240,-0.78146,-0.36995,0.00745,520.92
quat1,-0.32580,0.28456,-0.89629,0.09771,520.92
quat2,0.23665,-0.24267,0.45680,-0.82246,520.92
quat3,-0.01537,-0.64722,0.18854,-0.73846,520.92
quat4,0.21705,-0.66412,0.03362,-0.71464,520.92
quat5,0.00000,0.00000,0.00000,-1.00000,520.92
quat6,0.00000,0.00000,0.00000,-1.00000,520.92
quat7,0.00000,0.00000,0.00000,-1.00000,520.92
quat8,0.00000,0.00000,0.00000,-1.00000,520.92
quat0,-0.51732,-0.77444,-0.36396,0.01270,520.94
quat1,-0.31809,0.27024,-0.89987,0.12662,520.94
quat2,0.22217,-0.23212,0.43371,-0.84182,520.94
quat3,-0.02749,-0.64220,0.19030,-0.74203,520.94
quat4,0.21333,-0.65949,0.04026,-0.71968,520.94
quat5,0.00000,0.00000,0.00000,-1.00000,520.94
quat6,0.00000,0.00000,0.00000,-1.00000,520.94
quat7,0.00000,0.00000,0.00000,-1.00000,520.94
quat8,0.00000,0.00000,0.00000,-1.00000,520.94
quat0,-0.53385,-0.76652,-0.35653,0.01846,520.96
quat1,-0.31052,0.25536,-0.90143,0.16058,520.96
quat2,0.20925,-0.21905,0.40561,-0.86239,520.96
quat3,-0.04300,-0.63602,0.19173,-0.74623,520.96
quat4,0.20965,-0.65468,0.04711,-0.72472,520.96
quat5,0.00000,0.00000,0.00000,-1.00000,520.96
quat6,0.00000,0.00000,0.00000,-1.00000,520.96
quat7,0.00000,0.00000,0.00000,-1.00000,520.96
quat8,0.00000,0.00000,0.00000,-1.00000,520.96
quat0,-0.55105,-0.75622,-0.35216,0.02165,520.98
quat1,-0.30368,0.23950,-0.90037,0.19938,520.98
quat2,0.19497,-0.20418,0.37422,-0.88332,520.98
quat3,-0.06136,-0.62961,0.19214,-0.75027,520.98
quat4,0.20657,-0.64994,0.05397,-0.72938,520.98
quat5,0.00000,0.00000,0.00000,-1.00000,520.98
quat6,0.00000,0.00000,0.00000,-1.00000,520.98
quat7,0.00000,0.00000,0.00000,-1.00000,520.98
quat8,0.00000,0.00000,0.00000,-1.00000,520.98
quat0,-0.56732,-0.74668,-0.34663,0.02165,521
quat1,-0.29986,0.22263,-0.89550,0.24209,521
quat2,0.18009,-0.18939,0.33947,-0.90358,521
quat3,-0.08148,-0.62253,0.19153,-0.75441,521
quat4,0.20357,-0.64584,0.06104,-0.73330,521
quat5,0.00000,0.00000,0.00000,-1.00000,521
quat6,0.00000,0.00000,0.00000,-1.00000,521
quat7,0.00000,0.00000,0.00000,-1.00000,521
quat8,0.00000,0.00000,0.00000,-1.00000,521
quat0,-0.59045,-0.72936,-0.34482,0.02250,521.02
quat1,-0.29869,0.20574,-0.88640,0.28768,521.02
quat2,0.16333,-0.17299,0.30385,-0.92254,521.02
quat3,-0.10268,-0.61490,0.18994,-0.75847,521.02
quat4,0.20021,-0.64316,0.06831,-0.73593,521.02
quat5,0.00000,0.00000,0.00000,-1.00000,521.02
quat6,0.00000,0.00000,0.00000,-1.00000,521.02
quat7,0.00000,0.00000,0.00000,-1.00000,521.02
quat8,0.00000,0.00000,0.00000,-1.00000,521.02
quat0,-0.60663,-0.71771,-0.34060,0.02976,521.04
quat1,-0.30181,0.18658,-0.87300,0.33461,521.04
quat2,0.14482,-0.15285,0.26821,-0.94007,521.04
quat3,-0.12572,-0.60561,0.18801,-0.76294,521.04
quat4,0.19590,-0.64252,0.07578,-0.73692,521.04
quat5,0.00000,0.00000,0.00000,-1.00000,521.04
quat6,0.00000,0.00000,0.00000,-1.00000,521.04
quat7,0.00000,0.00000,0.00000,-1.00000,521.04
quat8,0.00000,0.00000,0.00000,-1.00000,521.04
quat0,-0.62547,-0.70220,-0.33843,0.03433,521.06
quat1,-0.30804,0.16879,-0.85466,0.38234,521.06
quat2,0.12562,-0.12834,0.23254,-0.95586,521.06
quat3,-0.15011,-0.59505,0.18586,-0.76736,521.06
quat4,0.19055,-0.64259,0.08260,-0.73753,521.06
quat5,0.00000,0.00000,0.00000,-1.00000,521.06
quat6,0.00000,0.00000,0.00000,-1.00000,521.06
quat7,0.00000,0.00000,0.00000,-1.00000,521.06
quat8,0.00000,0.00000,0.00000,-1.00000,521.06
quat0,-0.64463,-0.68444,-0.33839,0.03870,521.08
quat1,-0.31507,0.15381,-0.83210,0.42975,521.08
quat2,0.10747,-0.10039,0.19624,-0.96946,521.08
quat3,-0.17605,-0.58368,0.18306,-0.77124,521.08
quat4,0.18369,-0.64157,0.08962,-0.73933,521.08
quat5,0.00000,0.00000,0.00000,-1.00000,521.08
quat6,0.00000,0.00000,0.00000,-1.00000,521.08
quat7,0.00000,0.00000,0.00000,-1.00000,521.08
quat8,0.00000,0.00000,0.00000,-1.00000,521.08
quat0,-0.66365,-0.66751,-0.33463,0.04500,521.1
quat1,-0.32059,0.14013,-0.80723,0.47535,521.1
quat2,0.08917,-0.07143,0.15921,-0.98061,521.1
quat3,-0.20319,-0.57028,0.18065,-0.77515,521.1
quat4,0.17552,-0.63936,0.09668,-0.74233,521.1
quat5,0.00000,0.00000,0.00000,-1.00000,521.1
quat6,0.00000,0.00000,0.00000,-1.00000,521.1
quat7,0.00000,0.00000,0.00000,-1.00000,521.1
quat8,0.00000,0.00000,0.00000,-1.00000,521.1
quat0,-0.68117,-0.65228,-0.32816,0.05342,521.12
quat1,-0.32148,0.12537,-0.78131,0.52008,521.12
quat2,0.07097,-0.04483,0.12072,-0.98913,521.12
quat3,-0.23224,-0.55455,0.17824,-0.77896,521.12
quat4,0.16599,-0.63713,0.10375,-0.74549,521.12
quat5,0.00000,0.00000,0.00000,-1.00000,521.12
quat6,0.00000,0.00000,0.00000,-1.00000,521.12
quat7,0.00000,0.00000,0.00000,-1.00000,521.12
quat8,0.00000,0.00000,0.00000,-1.00000,521.12
quat0,-0.69866,-0.63685,-0.31986,0.06314,521.14
quat1,-0.31938,0.10957,-0.75385,0.56365,521.14
quat2,0.05245,-0.02145,0.08007,-0.99518,521.14
quat3,-0.26319,-0.53798,0.17529,-0.78140,521.14
quat4,0.15592,-0.63531,0.11092,-0.74818,521.14
quat5,0.00000,0.00000,0.00000,-1.00000,521.14
quat6,0.00000,0.00000,0.00000,-1.00000,521.14
quat7,0.00000,0.00000,0.00000,-1.00000,521.14
quat8,0.00000,0.00000,0.00000,-1.00000,521.14
quat0,-0.71469,-0.62364,-0.30918,0.06860,521.16
quat1,-0.31625,0.09293,-0.72510,0.60464,521.16
quat2,0.03451,0.00039,0.03941,-0.99863,521.16
quat3,-0.29593,-0.52043,0.17237,-0.78222,521.16
quat4,0.14542,-0.63483,0.11862,-0.74952,521.16
quat5,0.00000,0.00000,0.00000,-1.00000,521.16
quat6,0.00000,0.00000,0.00000,-1.00000,521.16
quat7,0.00000,0.00000,0.00000,-1.00000,521.16
quat8,0.00000,0.00000,0.00000,-1.00000,521.16
quat0,-0.72765,-0.61319,-0.29757,0.07728,521.18
quat1,-0.30977,0.07748,-0.69531,0.64388,521.18
quat2,0.01692,0.01931,0.00013,-0.99967,521.18
quat3,-0.32934,-0.50283,0.17034,-0.78082,521.18
quat4,0.13368,-0.63445,0.12627,-0.75077,521.18
quat5,0.00000,0.00000,0.00000,-1.00000,521.18
quat6,0.00000,0.00000,0.00000,-1.00000,521.18
quat7,0.00000,0.00000,0.00000,-1.00000,521.18
quat8,0.00000,0.00000,0.00000,-1.00000,521.18
quat0,-0.74078,-0.60310,-0.28249,0.08784,521.2
quat1,-0.30308,0.06522,-0.66321,0.68121,521.2
quat2,-0.00163,0.03454,-0.03775,-0.99869,521.2
quat3,-0.36363,-0.48414,0.17038,-0.77740,521.2
quat4,0.11985,-0.63150,0.13473,-0.75412,521.2
quat5,0.00000,0.00000,0.00000,-1.00000,521.2
quat6,0.00000,0.00000,0.00000,-1.00000,521.2
quat7,0.00000,0.00000,0.00000,-1.00000,521.2
quat8,0.00000,0.00000,0.00000,-1.00000,521.2
quat0,-0.75390,-0.59215,-0.26799,0.09577,521.22
quat1,-0.29709,0.05561,-0.62872,0.71649,521.22
quat2,-0.02254,0.04940,-0.07295,-0.99586,521.22
quat3,-0.39939,-0.46267,0.17178,-0.77261,521.22
quat4,0.10365,-0.62369,0.14368,-0.76133,521.22
quat5,0.00000,0.00000,0.00000,-1.00000,521.22
quat6,0.00000,0.00000,0.00000,-1.00000,521.22
quat7,0.00000,0.00000,0.00000,-1.00000,521.22
quat8,0.00000,0.00000,0.00000,-1.00000,521.22
quat0,-0.76098,-0.58773,-0.25666,0.09804,521.24
quat1,-0.28957,0.04641,-0.59355,0.74946,521.24
quat2,-0.04436,0.06529,-0.10402,-0.99144,521.24
quat3,-0.43656,-0.43855,0.17476,-0.76587,521.24
quat4,0.08543,-0.61095,0.15442,-0.77175,521.24
quat5,0.00000,0.00000,0.00000,-1.00000,521.24
quat6,0.00000,0.00000,0.00000,-1.00000,521.24
quat7,0.00000,0.00000,0.00000,-1.00000,521.24
quat8,0.00000,0.00000,0.00000,-1.00000,521.24
quat0,-0.77017,-0.58020,-0.24342,0.10468,521.26
quat1,-0.27773,0.03587,-0.56049,0.77938,521.26
quat2,-0.06679,0.08076,-0.13059,-0.98588,521.26
quat3,-0.47427,-0.41261,0.17945,-0.75672,521.26
quat4,0.06501,-0.59588,0.16674,-0.78288,521.26
quat5,0.00000,0.00000,0.00000,-1.00000,521.26
quat6,0.00000,0.00000,0.00000,-1.00000,521.26
quat7,0.00000,0.00000,0.00000,-1.00000,521.26
quat8,0.00000,0.00000,0.00000,-1.00000,521.26
quat0,-0.77547,-0.57722,-0.22931,0.11345,521.28
quat1,-0.26229,0.02226,-0.52893,0.80681,521.28
quat2,-0.09020,0.09472,-0.15374,-0.97942,521.28
quat3,-0.51223,-0.38513,0.18645,-0.74467,521.28
quat4,0.04229,-0.57921,0.18151,-0.79359,521.28
quat5,0.00000,0.00000,0.00000,-1.00000,521.28
quat6,0.00000,0.00000,0.00000,-1.00000,521.28
quat7,0.00000,0.00000,0.00000,-1.00000,521.28
quat8,0.00000,0.00000,0.00000,-1.00000,521.28
quat0,-0.78094,-0.57462,-0.21182,0.12276,521.3
quat1,-0.24370,0.00743,-0.49785,0.83228,521.3
quat2,-0.11497,0.10936,-0.17314,-0.97203,521.3
quat3,-0.54950,-0.35813,0.19606,-0.72894,521.3
quat4,0.01809,-0.56127,0.19834,-0.80331,521.3
quat5,0.00000,0.00000,0.00000,-1.00000,521.3
quat6,0.00000,0.00000,0.00000,-1.00000,521.3
quat7,0.00000,0.00000,0.00000,-1.00000,521.3
quat8,0.00000,0.00000,0.00000,-1.00000,521.3
quat0,-0.78770,-0.57036,-0.19295,0.13039,521.32
quat1,-0.22391,-0.00604,-0.46592,0.85601,521.32
quat2,-0.14010,0.12463,-0.18798,-0.96411,521.32
quat3,-0.58548,-0.33096,0.20852,-0.71007,521.32
quat4,-0.00731,-0.54089,0.21760,-0.81243,521.32
quat5,0.00000,0.00000,0.00000,-1.00000,521.32
quat6,0.00000,0.00000,0.00000,-1.00000,521.32
quat7,0.00000,0.00000,0.00000,-1.00000,521.32
quat8,0.00000,0.00000,0.00000,-1.00000,521.32
quat0,-0.79211,-0.56811,-0.17559,0.13778,521.34
quat1,-0.20365,-0.01776,-0.43569,0.87658,521.34
quat2,-0.16490,0.13891,-0.19831,-0.95613,521.34
quat3,-0.62004,-0.30170,0.22309,-0.68903,521.34
quat4,-0.03345,-0.51865,0.23899,-0.82023,521.34
quat5,0.00000,0.00000,0.00000,-1.00000,521.34
quat6,0.00000,0.00000,0.00000,-1.00000,521.34
quat7,0.00000,0.00000,0.00000,-1.00000,521.34
quat8,0.00000,0.00000,0.00000,-1.00000,521.34
quat0,-0.79557,-0.56654,-0.15695,0.14653,521.36
quat1,-0.18351,-0.02905,-0.40666,0.89449,521.36
quat2,-0.18967,0.15366,-0.20576,-0.94767,521.36
quat3,-0.65407,-0.26905,0.23902,-0.66533,521.36
quat4,-0.05988,-0.49332,0.26303,-0.82696,521.36
quat5,0.00000,0.00000,0.00000,-1.00000,521.36
quat6,0.00000,0.00000,0.00000,-1.00000,521.36
quat7,0.00000,0.00000,0.00000,-1.00000,521.36
quat8,0.00000,0.00000,0.00000,-1.00000,521.36
quat0,-0.79811,-0.56552,-0.13535,0.15777,521.38
quat1,-0.16236,-0.04069,-0.37962,0.90987,521.38
quat2,-0.21236,0.17149,-0.21062,-0.93869,521.38
quat3,-0.68674,-0.23389,0.25568,-0.63899,521.38
quat4,-0.08708,-0.46469,0.28805,-0.83277,521.38
quat5,0.00000,0.00000,0.00000,-1.00000,521.38
quat6,0.00000,0.00000,0.00000,-1.00000,521.38
quat7,0.00000,0.00000,0.00000,-1.00000,521.38
quat8,0.00000,0.00000,0.00000,-1.00000,521.38
quat0,-0.79885,-0.56649,-0.11105,0.16909,521.4
quat1,-0.13692,-0.05525,-0.35548,0.92295,521.4
quat2,-0.23233,0.18884,-0.21212,-0.93025,521.4
quat3,-0.71683,-0.19711,0.27277,-0.61066,521.4
quat4,-0.11447,-0.43309,0.31478,-0.83680,521.4
quat5,0.00000,0.00000,0.00000,-1.00000,521.4
quat6,0.00000,0.00000,0.00000,-1.00000,521.4
quat7,0.00000,0.00000,0.00000,-1.00000,521.4
quat8,0.00000,0.00000,0.00000,-1.00000,521.4
quat0,-0.79755,-0.56880,-0.08328,0.18288,521.42
quat1,-0.11094,-0.07293,-0.33422,0.93310,521.42
quat2,-0.25093,0.20183,-0.21092,-0.92294,521.42
quat3,-0.74300,-0.16058,0.29103,-0.58092,521.42
quat4,-0.14151,-0.40017,0.34205,-0.83835,521.42
quat5,0.00000,0.00000,0.00000,-1.00000,521.42
quat6,0.00000,0.00000,0.00000,-1.00000,521.42
quat7,0.00000,0.00000,0.00000,-1.00000,521.42
quat8,0.00000,0.00000,0.00000,-1.00000,521.42
quat0,-0.79553,-0.57163,-0.05433,0.19344,521.44
quat1,-0.08702,-0.09390,-0.31595,0.94010,521.44
quat2,-0.26849,0.21126,-0.20838,-0.91644,521.44
quat3,-0.76822,-0.12021,0.30855,-0.54789,521.44
quat4,-0.16823,-0.36486,0.36949,-0.83789,521.44
quat5,0.00000,0.00000,0.00000,-1.00000,521.44
quat6,0.00000,0.00000,0.00000,-1.00000,521.44
quat7,0.00000,0.00000,0.00000,-1.00000,521.44
quat8,0.00000,0.00000,0.00000,-1.00000,521.44
quat0,-0.79004,-0.57758,-0.02747,0.20366,521.46
quat1,-0.06343,-0.11816,-0.30101,0.94414,521.46
quat2,-0.28411,0.21789,-0.20435,-0.91107,521.46
quat3,-0.79089,-0.07824,0.32602,-0.51194,521.46
quat4,-0.19379,-0.32615,0.39656,-0.83595,521.46
quat5,0.00000,0.00000,0.00000,-1.00000,521.46
quat6,0.00000,0.00000,0.00000,-1.00000,521.46
quat7,0.00000,0.00000,0.00000,-1.00000,521.46
quat8,0.00000,0.00000,0.00000,-1.00000,521.46
quat0,-0.78741,-0.57790,0.00084,0.21450,521.48
quat1,-0.04150,-0.14441,-0.28865,0.94557,521.48
quat2,-0.29792,0.22562,-0.19899,-0.90595,521.48
quat3,-0.81091,-0.03729,0.34222,-0.47320,521.48
quat4,-0.21779,-0.28564,0.42314,-0.83182,521.48
quat5,0.00000,0.00000,0.00000,-1.00000,521.48
quat6,0.00000,0.00000,0.00000,-1.00000,521.48
quat7,0.00000,0.00000,0.00000,-1.00000,521.48
quat8,0.00000,0.00000,0.00000,-1.00000,521.48
quat0,-0.78246,-0.58223,0.02221,0.21971,521.5
quat1,-0.02089,-0.17012,-0.27770,0.94525,521.5
quat2,-0.30947,0.23361,-0.19254,-0.90143,521.5
quat3,-0.82936,0.00290,0.35507,-0.43138,521.5
quat4,-0.23934,-0.24491,0.44983,-0.82486,521.5
quat5,0.00000,0.00000,0.00000,-1.00000,521.5
quat6,0.00000,0.00000,0.00000,-1.00000,521.5
quat7,0.00000,0.00000,0.00000,-1.00000,521.5
quat8,0.00000,0.00000,0.00000,-1.00000,521.5
quat0,-0.77934,-0.58309,0.04669,0.22464,521.52
quat1,-0.00124,-0.19513,-0.26676,0.94380,521.52
quat2,-0.31719,0.24521,-0.18502,-0.89724,521.52
quat3,-0.84577,0.04127,0.36560,-0.38640,521.52
quat4,-0.26034,-0.20471,0.47518,-0.81518,521.52
quat5,0.00000,0.00000,0.00000,-1.00000,521.52
quat6,0.00000,0.00000,0.00000,-1.00000,521.52
quat7,0.00000,0.00000,0.00000,-1.00000,521.52
quat8,0.00000,0.00000,0.00000,-1.00000,521.52
quat0,-0.77062,-0.58922,0.06743,0.23327,521.54
quat1,0.01724,-0.21734,-0.25546,0.94192,521.54
quat2,-0.32048,0.25877,-0.17599,-0.89407,521.54
quat3,-0.85926,0.07865,0.37444,-0.33952,521.54
quat4,-0.28015,-0.16462,0.50046,-0.80247,521.54
quat5,0.00000,0.00000,0.00000,-1.00000,521.54
quat6,0.00000,0.00000,0.00000,-1.00000,521.54
quat7,0.00000,0.00000,0.00000,-1.00000,521.54
quat8,0.00000,0.00000,0.00000,-1.00000,521.54
quat0,-0.76405,-0.59477,0.08496,0.23506,521.56
quat1,0.03685,-0.23489,-0.24370,0.94025,521.56
quat2,-0.32034,0.27023,-0.16526,-0.89278,521.56
quat3,-0.86979,0.11547,0.38114,-0.29133,521.56
quat4,-0.29921,-0.12396,0.52498,-0.78709,521.56
quat5,0.00000,0.00000,0.00000,-1.00000,521.56
quat6,0.00000,0.00000,0.00000,-1.00000,521.56
quat7,0.00000,0.00000,0.00000,-1.00000,521.56
quat8,0.00000,0.00000,0.00000,-1.00000,521.56
quat0,-0.75708,-0.60055,0.09915,0.23737,521.58
quat1,0.05675,-0.24719,-0.23388,0.93860,521.58
quat2,-0.31668,0.27702,-0.15355,-0.89409,521.58
quat3,-0.87770,0.15126,0.38497,-0.24201,521.58
quat4,-0.31828,-0.08164,0.54863,-0.76879,521.58
quat5,0.00000,0.00000,0.00000,-1.00000,521.58
quat6,0.00000,0.00000,0.00000,-1.00000,521.58
quat7,0.00000,0.00000,0.00000,-1.00000,521.58
quat8,0.00000,0.00000,0.00000,-1.00000,521.58
quat0,-0.74812,-0.61029,0.11407,0.23423,521.6
quat1,0.07769,-0.25712,-0.22519,0.93656,521.6
quat2,-0.30950,0.27765,-0.14134,-0.89841,521.6
quat3,-0.88297,0.18655,0.38482,-0.19358,521.6
quat4,-0.33747,-0.03830,0.57090,-0.74747,521.6
quat5,0.00000,0.00000,0.00000,-1.00000,521.6
quat6,0.00000,0.00000,0.00000,-1.00000,521.6
quat7,0.00000,0.00000,0.00000,-1.00000,521.6
quat8,0.00000,0.00000,0.00000,-1.00000,521.6
quat0,-0.74250,-0.61416,0.12740,0.23508,521.62
quat1,0.09704,-0.26852,-0.21693,0.93350,521.62
quat2,-0.29988,0.27173,-0.12953,-0.90524,521.62
quat3,-0.88557,0.21991,0.38198,-0.14665,521.62
quat4,-0.35509,0.00427,0.59187,-0.72359,521.62
quat5,0.00000,0.00000,0.00000,-1.00000,521.62
quat6,0.00000,0.00000,0.00000,-1.00000,521.62
quat7,0.00000,0.00000,0.00000,-1.00000,521.62
quat8,0.00000,0.00000,0.00000,-1.00000,521.62
quat0,-0.73500,-0.61932,0.14174,0.23693,521.64
quat1,0.11384,-0.27865,-0.20929,0.93037,521.64
quat2,-0.29049,0.26073,-0.12014,-0.91280,521.64
quat3,-0.88533,0.24986,0.37849,-0.10247,521.64
quat4,-0.36961,0.04439,0.61118,-0.69848,521.64
quat5,0.00000,0.00000,0.00000,-1.00000,521.64
quat6,0.00000,0.00000,0.00000,-1.00000,521.64
quat7,0.00000,0.00000,0.00000,-1.00000,521.64
quat8,0.00000,0.00000,0.00000,-1.00000,521.64
quat0,-0.73025,-0.62120,0.15448,0.23871,521.66
quat1,0.12844,-0.28769,-0.20367,0.92696,521.66
quat2,-0.28293,0.24929,-0.11393,-0.91915,521.66
quat3,-0.88291,0.27399,0.37620,-0.06220,521.66
quat4,-0.38002,0.08184,0.62821,-0.67397,521.66
quat5,0.00000,0.00000,0.00000,-1.00000,521.66
quat6,0.00000,0.00000,0.00000,-1.00000,521.66
quat7,0.00000,0.00000,0.00000,-1.00000,521.66
quat8,0.00000,0.00000,0.00000,-1.00000,521.66
quat0,-0.72444,-0.62702,0.16342,0.23522,521.68
quat1,0.13895,-0.29618,-0.19848,0.92389,521.68
quat2,-0.27799,0.23937,-0.10957,-0.92381,521.68
quat3,-0.87913,0.29216,0.37561,-0.02618,521.68
quat4,-0.38515,0.11510,0.64332,-0.65158,521.68
quat5,0.00000,0.00000,0.00000,-1.00000,521.68
quat6,0.00000,0.00000,0.00000,-1.00000,521.68
quat7,0.00000,0.00000,0.00000,-1.00000,521.68
quat8,0.00000,0.00000,0.00000,-1.00000,521.68
quat0,-0.71750,-0.63052,0.17601,0.23803,521.7
quat1,0.14706,-0.30671,-0.19455,0.92003,521.7
quat2,-0.27483,0.23176,-0.10650,-0.92705,521.7
quat3,-0.87386,0.30635,0.37750,0.00288,521.7
quat4,-0.38398,0.14076,0.65889,-0.63136,521.7
quat5,0.00000,0.00000,0.00000,-1.00000,521.7
quat6,0.00000,0.00000,0.00000,-1.00000,521.7
quat7,0.00000,0.00000,0.00000,-1.00000,521.7
quat8,0.00000,0.00000,0.00000,-1.00000,521.7
quat0,-0.71225,-0.63535,0.18323,0.23549,521.72
quat1,0.15278,-0.31811,-0.19072,0.91602,521.72
quat2,-0.27277,0.22779,-0.10388,-0.92893,521.72
quat3,-0.86832,0.31728,0.38056,0.02316,521.72
quat4,-0.37429,0.15648,0.67571,-0.61550,521.72
quat5,0.00000,0.00000,0.00000,-1.00000,521.72
quat6,0.00000,0.00000,0.00000,-1.00000,521.72
quat7,0.00000,0.00000,0.00000,-1.00000,521.72
quat8,0.00000,0.00000,0.00000,-1.00000,521.72
quat0,-0.70931,-0.63759,0.18827,0.23434,521.74
quat1,0.15723,-0.32591,-0.18794,0.91309,521.74
quat2,-0.27114,0.22795,-0.10005,-0.92979,521.74
quat3,-0.86321,0.32506,0.38469,0.03490,521.74
quat4,-0.35914,0.16370,0.69192,-0.60454,521.74
quat5,0.00000,0.00000,0.00000,-1.00000,521.74
quat6,0.00000,0.00000,0.00000,-1.00000,521.74
quat7,0.00000,0.00000,0.00000,-1.00000,521.74
quat8,0.00000,0.00000,0.00000,-1.00000,521.74
quat0,-0.70781,-0.64419,0.18290,0.22489,521.76
quat1,0.16075,-0.32987,-0.18634,0.91138,521.76
quat2,-0.26924,0.22905,-0.09496,-0.93061,521.76
quat3,-0.85914,0.33046,0.38879,0.03892,521.76
quat4,-0.34324,0.16490,0.70477,-0.59857,521.76
quat5,0.00000,0.00000,0.00000,-1.00000,521.76
quat6,0.00000,0.00000,0.00000,-1.00000,521.76
quat7,0.00000,0.00000,0.00000,-1.00000,521.76
quat8,0.00000,0.00000,0.00000,-1.00000,521.76
quat0,-0.70678,-0.64307,0.18795,0.22717,521.78
quat1,0.16284,-0.33377,-0.18521,0.90982,521.78
quat2,-0.26678,0.23001,-0.08970,-0.93160,521.78
quat3,-0.85621,0.33291,0.39343,0.03589,521.78
quat4,-0.33020,0.16292,0.71232,-0.59751,521.78
quat5,0.00000,0.00000,0.00000,-1.00000,521.78
quat6,0.00000,0.00000,0.00000,-1.00000,521.78
quat7,0.00000,0.00000,0.00000,-1.00000,521.78
quat8,0.00000,0.00000,0.00000,-1.00000,521.78
quat0,-0.70987,-0.64638,0.17839,0.21553,521.8
quat1,0.16347,-0.33699,-0.18546,0.90847,521.8
quat2,-0.26446,0.23062,-0.08540,-0.93252,521.8
quat3,-0.85425,0.33160,0.39940,0.02769,521.8
quat4,-0.31988,0.15703,0.71427,-0.60235,521.8
quat5,0.00000,0.00000,0.00000,-1.00000,521.8
quat6,0.00000,0.00000,0.00000,-1.00000,521.8
quat7,0.00000,0.00000,0.00000,-1.00000,521.8
quat8,0.00000,0.00000,0.00000,-1.00000,521.8
quat0,-0.71302,-0.64571,0.17424,0.21047,521.82
quat1,0.16139,-0.33766,-0.18694,0.90829,521.82
quat2,-0.26251,0.23152,-0.08286,-0.93307,521.82
quat3,-0.85307,0.32638,0.40683,0.01511,521.82
quat4,-0.31016,0.14513,0.71101,-0.61417,521.82
quat5,0.00000,0.00000,0.00000,-1.00000,521.82
quat6,0.00000,0.00000,0.00000,-1.00000,521.82
quat7,0.00000,0.00000,0.00000,-1.00000,521.82
quat8,0.00000,0.00000,0.00000,-1.00000,521.82
quat0,-0.71747,-0.64444,0.16742,0.20471,521.84
quat1,0.15718,-0.33732,-0.19022,0.90848,521.84
quat2,-0.26063,0.23175,-0.08247,-0.93358,521.84
quat3,-0.85278,0.31718,0.41492,-0.00106,521.84
quat4,-0.30114,0.12703,0.70306,-0.63157,521.84
quat5,0.00000,0.00000,0.00000,-1.00000,521.84
quat6,0.00000,0.00000,0.00000,-1.00000,521.84
quat7,0.00000,0.00000,0.00000,-1.00000,521.84
quat8,0.00000,0.00000,0.00000,-1.00000,521.84
quat0,-0.72387,-0.64168,0.15834,0.19797,521.86
quat1,0.14995,-0.33588,-0.19511,0.90919,521.86
quat2,-0.25901,0.23068,-0.08495,-0.93407,521.86
quat3,-0.85322,0.30442,0.42295,-0.02139,521.86
quat4,-0.29323,0.10432,0.68989,-0.65360,521.86
quat5,0.00000,0.00000,0.00000,-1.00000,521.86
quat6,0.00000,0.00000,0.00000,-1.00000,521.86
quat7,0.00000,0.00000,0.00000,-1.00000,521.86
quat8,0.00000,0.00000,0.00000,-1.00000,521.86
quat0,-0.73080,-0.63780,0.14845,0.19264,521.88
quat1,0.14062,-0.33265,-0.20184,0.91040,521.88
quat2,-0.25790,0.22934,-0.09007,-0.93423,521.88
quat3,-0.85391,0.28839,0.43071,-0.04639,521.88
quat4,-0.28622,0.07818,0.67168,-0.67883,521.88
quat5,0.00000,0.00000,0.00000,-1.00000,521.88
quat6,0.00000,0.00000,0.00000,-1.00000,521.88
quat7,0.00000,0.00000,0.00000,-1.00000,521.88
quat8,0.00000,0.00000,0.00000,-1.00000,521.88
quat0,-0.73938,-0.63187,0.13685,0.18795,521.9
quat1,0.12922,-0.32779,-0.20959,0.91210,521.9
quat2,-0.25761,0.22753,-0.09720,-0.93403,521.9
quat3,-0.85479,0.26878,0.43736,-0.07616,521.9
quat4,-0.27830,0.04721,0.64889,-0.70658,521.9
quat5,0.00000,0.00000,0.00000,-1.00000,521.9
quat6,0.00000,0.00000,0.00000,-1.00000,521.9
quat7,0.00000,0.00000,0.00000,-1.00000,521.9
quat8,0.00000,0.00000,0.00000,-1.00000,521.9
quat0,-0.74889,-0.62413,0.12512,0.18431,521.92
quat1,0.11574,-0.32185,-0.21756,0.91416,521.92
quat2,-0.25772,0.22469,-0.10599,-0.93374,521.92
quat3,-0.85571,0.24597,0.44160,-0.11063,521.92
quat4,-0.26857,0.01196,0.62247,-0.73502,521.92
quat5,0.00000,0.00000,0.00000,-1.00000,521.92
quat6,0.00000,0.00000,0.00000,-1.00000,521.92
quat7,0.00000,0.00000,0.00000,-1.00000,521.92
quat8,0.00000,0.00000,0.00000,-1.00000,521.92
quat0,-0.75917,-0.61608,0.11123,0.17815,521.94
quat1,0.10042,-0.31504,-0.22528,0.91647,521.94
quat2,-0.25814,0.21967,-0.11667,-0.93354,521.94
quat3,-0.85634,0.22057,0.44213,-0.15018,521.94
quat4,-0.25720,-0.02640,0.59231,-0.76310,521.94
quat5,0.00000,0.00000,0.00000,-1.00000,521.94
quat6,0.00000,0.00000,0.00000,-1.00000,521.94
quat7,0.00000,0.00000,0.00000,-1.00000,521.94
quat8,0.00000,0.00000,0.00000,-1.00000,521.94
quat0,-0.76874,-0.60768,0.09668,0.17439,521.96
quat1,0.08304,-0.30761,-0.23250,0.91893,521.96
quat2,-0.25854,0.21244,-0.12838,-0.93357,521.96
quat3,-0.85555,0.19325,0.43892,-0.19506,521.96
quat4,-0.24431,-0.06720,0.55930,-0.78929,521.96
quat5,0.00000,0.00000,0.00000,-1.00000,521.96
quat6,0.00000,0.00000,0.00000,-1.00000,521.96
quat7,0.00000,0.00000,0.00000,-1.00000,521.96
quat8,0.00000,0.00000,0.00000,-1.00000,521.96
quat0,-0.77941,-0.59814,0.08128,0.16776,521.98
quat1,0.06367,-0.29845,-0.24021,0.92151,521.98
quat2,-0.25939,0.20510,-0.13941,-0.93339,521.98
quat3,-0.85236,0.16376,0.43185,-0.24530,521.98
quat4,-0.22922,-0.11050,0.52414,-0.81273,521.98
quat5,0.00000,0.00000,0.00000,-1.00000,521.98
quat6,0.00000,0.00000,0.00000,-1.00000,521.98
quat7,0.00000,0.00000,0.00000,-1.00000,521.98
quat8,0.00000,0.00000,0.00000,-1.00000,521.98
quat0,-0.78885,-0.59009,0.06422,0.15931,522
quat1,0.04313,-0.28790,-0.24916,0.92367,522
quat2,-0.25998,0.20010,-0.14915,-0.93280,522
quat3,-0.84632,0.13246,0.42069,-0.29869,522
quat4,-0.21234,-0.15565,0.48811,-0.83213,522
quat5,0.00000,0.00000,0.00000,-1.00000,522
quat6,0.00000,0.00000,0.00000,-1.00000,522
quat7,0.00000,0.00000,0.00000,-1.00000,522
quat8,0.00000,0.00000,0.00000,-1.00000,522
quat0,-0.79915,-0.58038,0.04540,0.14986,522.02
quat1,0.02184,-0.27654,-0.25952,0.92504,522.02
quat2,-0.25993,0.19615,-0.15711,-0.93235,522.02
quat3,-0.83557,0.09933,0.40637,-0.35613,522.02
quat4,-0.19455,-0.20238,0.45136,-0.84703,522.02
quat5,0.00000,0.00000,0.00000,-1.00000,522.02
quat6,0.00000,0.00000,0.00000,-1.00000,522.02
quat7,0.00000,0.00000,0.00000,-1.00000,522.02
quat8,0.00000,0.00000,0.00000,-1.00000,522.02
quat0,-0.80946,-0.57039,0.02601,0.13692,522.04
quat1,0.00021,-0.26413,-0.27168,0.92543,522.04
quat2,-0.25937,0.19183,-0.16311,-0.93237,522.04
quat3,-0.81921,0.06603,0.38939,-0.41582,522.04
quat4,-0.17779,-0.24901,0.41459,-0.85703,522.04
quat5,0.00000,0.00000,0.00000,-1.00000,522.04
quat6,0.00000,0.00000,0.00000,-1.00000,522.04
quat7,0.00000,0.00000,0.00000,-1.00000,522.04
quat8,0.00000,0.00000,0.00000,-1.00000,522.04
quat0,-0.81669,-0.56374,0.00652,0.12315,522.06
quat1,-0.02156,-0.24978,-0.28571,0.92494,522.06
quat2,-0.25817,0.18607,-0.16625,-0.93332,522.06
quat3,-0.79740,0.03401,0.37039,-0.47519,522.06
quat4,-0.16240,-0.29373,0.37851,-0.86260,522.06
quat5,0.00000,0.00000,0.00000,-1.00000,522.06
quat6,0.00000,0.00000,0.00000,-1.00000,522.06
quat7,0.00000,0.00000,0.00000,-1.00000,522.06
quat8,0.00000,0.00000,0.00000,-1.00000,522.06
quat0,-0.82270,-0.55764,-0.01161,0.10987,522.08
quat1,-0.04418,-0.23260,-0.30229,0.92335,522.08
quat2,-0.25595,0.17824,-0.16622,-0.93546,522.08
quat3,-0.77323,0.00496,0.34856,-0.52971,522.08
quat4,-0.14769,-0.33305,0.34291,-0.86584,522.08
quat5,0.00000,0.00000,0.00000,-1.00000,522.08
quat6,0.00000,0.00000,0.00000,-1.00000,522.08
quat7,0.00000,0.00000,0.00000,-1.00000,522.08
quat8,0.00000,0.00000,0.00000,-1.00000,522.08
quat0,-0.82587,-0.55484,-0.03356,0.09470,522.1
quat1,-0.06766,-0.21391,-0.31990,0.92051,522.1
quat2,-0.25189,0.16775,-0.16301,-0.93906,522.1
quat3,-0.74749,-0.01730,0.32548,-0.57881,522.1
quat4,-0.13342,-0.36257,0.30810,-0.86938,522.1
quat5,0.00000,0.00000,0.00000,-1.00000,522.1
quat6,0.00000,0.00000,0.00000,-1.00000,522.1
quat7,0.00000,0.00000,0.00000,-1.00000,522.1
quat8,0.00000,0.00000,0.00000,-1.00000,522.1
quat0,-0.82557,-0.55532,-0.05436,0.08423,522.12
quat1,-0.09168,-0.19284,-0.33938,0.91609,522.12
quat2,-0.24493,0.15445,-0.15675,-0.94424,522.12
quat3,-0.71854,-0.03631,0.30490,-0.62403,522.12
quat4,-0.11690,-0.38176,0.27395,-0.87495,522.12
quat5,0.00000,0.00000,0.00000,-1.00000,522.12
quat6,0.00000,0.00000,0.00000,-1.00000,522.12
quat7,0.00000,0.00000,0.00000,-1.00000,522.12
quat8,0.00000,0.00000,0.00000,-1.00000,522.12
quat0,-0.82343,-0.55770,-0.07779,0.06979,522.14
quat1,-0.11509,-0.17108,-0.36135,0.90935,522.14
quat2,-0.23458,0.13801,-0.14794,-0.95081,522.14
quat3,-0.68534,-0.05798,0.28830,-0.66621,522.14
quat4,-0.09523,-0.39444,0.24149,-0.88149,522.14
quat5,0.00000,0.00000,0.00000,-1.00000,522.14
quat6,0.00000,0.00000,0.00000,-1.00000,522.14
quat7,0.00000,0.00000,0.00000,-1.00000,522.14
quat8,0.00000,0.00000,0.00000,-1.00000,522.14
quat0,-0.81989,-0.56102,-0.09695,0.06037,522.16
quat1,-0.13728,-0.14861,-0.38612,0.89999,522.16
quat2,-0.22093,0.11923,-0.13674,-0.95827,522.16
quat3,-0.64873,-0.08527,0.27453,-0.70464,522.16
quat4,-0.06768,-0.40666,0.21110,-0.88628,522.16
quat5,0.00000,0.00000,0.00000,-1.00000,522.16
quat6,0.00000,0.00000,0.00000,-1.00000,522.16
quat7,0.00000,0.00000,0.00000,-1.00000,522.16
quat8,0.00000,0.00000,0.00000,-1.00000,522.16
quat0,-0.81599,-0.56417,-0.11608,0.04903,522.18
quat1,-0.16015,-0.12600,-0.41357,0.88737,522.18
quat2,-0.20341,0.10056,-0.12415,-0.96597,522.18
quat3,-0.60971,-0.11893,0.26195,-0.73857,522.18
quat4,-0.03532,-0.42538,0.18335,-0.88555,522.18
quat5,0.00000,0.00000,0.00000,-1.00000,522.18
quat6,0.00000,0.00000,0.00000,-1.00000,522.18
quat7,0.00000,0.00000,0.00000,-1.00000,522.18
quat8,0.00000,0.00000,0.00000,-1.00000,522.18
quat0,-0.81137,-0.56770,-0.13376,0.03877,522.2
quat1,-0.18359,-0.10220,-0.44450,0.87079,522.2
quat2,-0.18190,0.08250,-0.11049,-0.97360,522.2
quat3,-0.56815,-0.15785,0.24938,-0.76818,522.2
quat4,0.00019,-0.45280,0.15701,-0.87768,522.2
quat5,0.00000,0.00000,0.00000,-1.00000,522.2
quat6,0.00000,0.00000,0.00000,-1.00000,522.2
quat7,0.00000,0.00000,0.00000,-1.00000,522.2
quat8,0.00000,0.00000,0.00000,-1.00000,522.2
quat0,-0.80643,-0.57088,-0.15169,0.02764,522.22
quat1,-0.20648,-0.07722,-0.47875,0.84982,522.22
quat2,-0.15713,0.06322,-0.09542,-0.98092,522.22
quat3,-0.52492,-0.19897,0.23600,-0.79321,522.22
quat4,0.03612,-0.48391,0.13294,-0.86421,522.22
quat5,0.00000,0.00000,0.00000,-1.00000,522.22
quat6,0.00000,0.00000,0.00000,-1.00000,522.22
quat7,0.00000,0.00000,0.00000,-1.00000,522.22
quat8,0.00000,0.00000,0.00000,-1.00000,522.22
quat0,-0.79782,-0.57811,-0.16997,0.01935,522.24
quat1,-0.22862,-0.05159,-0.51554,0.82419,522.24
quat2,-0.13007,0.04189,-0.07818,-0.98753,522.24
quat3,-0.48087,-0.23849,0.22106,-0.81426,522.24
quat4,0.07049,-0.51440,0.11075,-0.84744,522.24
quat5,0.00000,0.00000,0.00000,-1.00000,522.24
quat6,0.00000,0.00000,0.00000,-1.00000,522.24
quat7,0.00000,0.00000,0.00000,-1.00000,522.24
quat8,0.00000,0.00000,0.00000,-1.00000,522.24
quat0,-0.78769,-0.58702,-0.18665,0.01067,522.26
quat1,-0.24847,-0.02560,-0.55367,0.79439,522.26
quat2,-0.10047,0.01858,-0.05774,-0.99309,522.26
quat3,-0.43780,-0.27362,0.20512,-0.83150,522.26
quat4,0.10089,-0.54119,0.09233,-0.82970,522.26
quat5,0.00000,0.00000,0.00000,-1.00000,522.26
quat6,0.00000,0.00000,0.00000,-1.00000,522.26
quat7,0.00000,0.00000,0.00000,-1.00000,522.26
quat8,0.00000,0.00000,0.00000,-1.00000,522.26
quat0,-0.77774,-0.59469,-0.20360,0.00264,522.28
quat1,-0.26730,0.00197,-0.59260,0.75985,522.28
quat2,-0.06917,-0.00654,-0.03408,-0.99700,522.28
quat3,-0.39670,-0.30161,0.19031,-0.84584,522.28
quat4,0.12636,-0.56385,0.07682,-0.81253,522.28
quat5,0.00000,0.00000,0.00000,-1.00000,522.28
quat6,0.00000,0.00000,0.00000,-1.00000,522.28
quat7,0.00000,0.00000,0.00000,-1.00000,522.28
quat8,0.00000,0.00000,0.00000,-1.00000,522.28
quat0,-0.76197,-0.60886,-0.22045,-0.00997,522.3
quat1,-0.28417,0.02966,-0.63084,0.72140,522.3
quat2,-0.03647,-0.03236,-0.00819,-0.99878,522.3
quat3,-0.35778,-0.32571,0.17804,-0.85686,522.3
quat4,0.14685,-0.58307,0.06592,-0.79632,522.3
quat5,0.00000,0.00000,0.00000,-1.00000,522.3
quat6,0.00000,0.00000,0.00000,-1.00000,522.3
quat7,0.00000,0.00000,0.00000,-1.00000,522.3
quat8,0.00000,0.00000,0.00000,-1.00000,522.3
quat0,-0.74399,-0.62277,-0.24109,-0.02267,522.32
quat1,-0.29795,0.05816,-0.66727,0.68015,522.32
quat2,-0.00233,-0.05784,0.02076,-0.99811,522.32
quat3,-0.32024,-0.35150,0.16708,-0.86370,522.32
quat4,0.16276,-0.60033,0.05735,-0.78091,522.32
quat5,0.00000,0.00000,0.00000,-1.00000,522.32
quat6,0.00000,0.00000,0.00000,-1.00000,522.32
quat7,0.00000,0.00000,0.00000,-1.00000,522.32
quat8,0.00000,0.00000,0.00000,-1.00000,522.32
quat0,-0.72209,-0.63847,-0.26496,-0.02727,522.34
quat1,-0.30961,0.08865,-0.70075,0.63658,522.34
quat2,0.03367,-0.08338,0.05319,-0.99453,522.34
quat3,-0.28344,-0.37945,0.15864,-0.86632,522.34
quat4,0.17432,-0.61759,0.05075,-0.76526,522.34
quat5,0.00000,0.00000,0.00000,-1.00000,522.34
quat6,0.00000,0.00000,0.00000,-1.00000,522.34
quat7,0.00000,0.00000,0.00000,-1.00000,522.34
quat8,0.00000,0.00000,0.00000,-1.00000,522.34
quat0,-0.70253,-0.64947,-0.28890,-0.03424,522.36
quat1,-0.31960,0.12099,-0.73080,0.59089,522.36
quat2,0.07004,-0.10919,0.08762,-0.98767,522.36
quat3,-0.24503,-0.41158,0.15390,-0.86422,522.36
quat4,0.18069,-0.63549,0.04527,-0.74930,522.36
quat5,0.00000,0.00000,0.00000,-1.00000,522.36
quat6,0.00000,0.00000,0.00000,-1.00000,522.36
quat7,0.00000,0.00000,0.00000,-1.00000,522.36
quat8,0.00000,0.00000,0.00000,-1.00000,522.36
quat0,-0.67829,-0.66401,-0.31188,-0.04176,522.38
quat1,-0.32691,0.15312,-0.75758,0.54384,522.38
quat2,0.10623,-0.13620,0.12270,-0.97730,522.38
quat3,-0.20886,-0.44426,0.15113,-0.85800,522.38
quat4,0.18305,-0.65161,0.04215,-0.73493,522.38
quat5,0.00000,0.00000,0.00000,-1.00000,522.38
quat6,0.00000,0.00000,0.00000,-1.00000,522.38
quat7,0.00000,0.00000,0.00000,-1.00000,522.38
quat8,0.00000,0.00000,0.00000,-1.00000,522.38
quat0,-0.66062,-0.67550,-0.32541,-0.03728,522.4
quat1,-0.33158,0.18507,-0.78092,0.49594,522.4
quat2,0.14187,-0.16556,0.15852,-0.96298,522.4
quat3,-0.17684,-0.47322,0.14669,-0.85045,522.4
quat4,0.18550,-0.66445,0.03989,-0.72284,522.4
quat5,0.00000,0.00000,0.00000,-1.00000,522.4
quat6,0.00000,0.00000,0.00000,-1.00000,522.4
quat7,0.00000,0.00000,0.00000,-1.00000,522.4
quat8,0.00000,0.00000,0.00000,-1.00000,522.4
quat0,-0.63932,-0.68853,-0.34009,-0.03916,522.42
quat1,-0.33453,0.21582,-0.80059,0.44785,522.42
quat2,0.17632,-0.19573,0.19407,-0.94496,522.42
quat3,-0.14721,-0.49951,0.14237,-0.84175,522.42
quat4,0.18669,-0.67446,0.03879,-0.71327,522.42
quat5,0.00000,0.00000,0.00000,-1.00000,522.42
quat6,0.00000,0.00000,0.00000,-1.00000,522.42
quat7,0.00000,0.00000,0.00000,-1.00000,522.42
quat8,0.00000,0.00000,0.00000,-1.00000,522.42
quat0,-0.62246,-0.70197,-0.34395,-0.03854,522.44
quat1,-0.33839,0.24653,-0.81568,0.39923,522.44
quat2,0.20816,-0.22337,0.23003,-0.92404,522.44
quat3,-0.11891,-0.52270,0.13970,-0.83254,522.44
quat4,0.18728,-0.68365,0.03610,-0.70445,522.44
quat5,0.00000,0.00000,0.00000,-1.00000,522.44
quat6,0.00000,0.00000,0.00000,-1.00000,522.44
quat7,0.00000,0.00000,0.00000,-1.00000,522.44
quat8,0.00000,0.00000,0.00000,-1.00000,522.44
quat0,-0.59781,-0.71900,-0.35221,-0.03999,522.46
quat1,-0.34559,0.27751,-0.82550,0.34944,522.46
quat2,0.23665,-0.24720,0.26700,-0.90089,522.46
quat3,-0.09397,-0.54225,0.13869,-0.82334,522.46
quat4,0.18728,-0.69392,0.03132,-0.69456,522.46
quat5,0.00000,0.00000,0.00000,-1.00000,522.46
quat6,0.00000,0.00000,0.00000,-1.00000,522.46
quat7,0.00000,0.00000,0.00000,-1.00000,522.46
quat8,0.00000,0.00000,0.00000,-1.00000,522.46
quat0,-0.58521,-0.72668,-0.35801,-0.03605,522.48
quat1,-0.35298,0.30507,-0.83166,0.30111,522.48
quat2,0.26067,-0.26907,0.30375,-0.87601,522.48
quat3,-0.07051,-0.56347,0.13816,-0.81144,522.48
quat4,0.18687,-0.70259,0.02493,-0.68617,522.48
quat5,0.00000,0.00000,0.00000,-1.00000,522.48
quat6,0.00000,0.00000,0.00000,-1.00000,522.48
quat7,0.00000,0.00000,0.00000,-1.00000,522.48
quat8,0.00000,0.00000,0.00000,-1.00000,522.48
quat0,-0.56266,-0.73896,-0.36859,-0.03858,522.5
quat1,-0.35802,0.32746,-0.83648,0.25476,522.5
quat2,0.27955,-0.29089,0.33919,-0.84982,522.5
quat3,-0.04945,-0.58252,0.13833,-0.79943,522.5
quat4,0.18631,-0.70720,0.01806,-0.68179,522.5
quat5,0.00000,0.00000,0.00000,-1.00000,522.5
quat6,0.00000,0.00000,0.00000,-1.00000,522.5
quat7,0.00000,0.00000,0.00000,-1.00000,522.5
quat8,0.00000,0.00000,0.00000,-1.00000,522.5
quat0,-0.54147,-0.75009,-0.37808,-0.03491,522.52
quat1,-0.36081,0.34464,-0.84061,0.21072,522.52
quat2,0.29229,-0.31292,0.37215,-0.82350,522.52
quat3,-0.03158,-0.59844,0.13813,-0.78854,522.52
quat4,0.18629,-0.71085,0.01093,-0.67814,522.52
quat5,0.00000,0.00000,0.00000,-1.00000,522.52
quat6,0.00000,0.00000,0.00000,-1.00000,522.52
quat7,0.00000,0.00000,0.00000,-1.00000,522.52
quat8,0.00000,0.00000,0.00000,-1.00000,522.52
quat0,-0.52407,-0.75972,-0.38374,-0.03035,522.54
quat1,-0.36336,0.35660,-0.84405,0.16850,522.54
quat2,0.29903,-0.33434,0.40177,-0.79836,522.54
quat3,-0.01481,-0.61132,0.14004,-0.77875,522.54
quat4,0.18847,-0.71052,0.00553,-0.67794,522.54
quat5,0.00000,0.00000,0.00000,-1.00000,522.54
quat6,0.00000,0.00000,0.00000,-1.00000,522.54
quat7,0.00000,0.00000,0.00000,-1.00000,522.54
quat8,0.00000,0.00000,0.00000,-1.00000,522.54
quat0,-0.50759,-0.76680,-0.39194,-0.02743,522.56
quat1,-0.36444,0.36418,-0.84720,0.12966,522.56
quat2,0.29990,-0.35434,0.42800,-0.77545,522.56
quat3,-0.00205,-0.62277,0.14077,-0.76964,522.56
quat4,0.19364,-0.70560,0.00118,-0.68163,522.56
quat5,0.00000,0.00000,0.00000,-1.00000,522.56
quat6,0.00000,0.00000,0.00000,-1.00000,522.56
quat7,0.00000,0.00000,0.00000,-1.00000,522.56
quat8,0.00000,0.00000,0.00000,-1.00000,522.56
quat0,-0.50179,-0.77289,-0.38791,-0.01925,522.58
quat1,-0.36130,0.36705,-0.85160,0.09752,522.58
quat2,0.29575,-0.37243,0.45051,-0.75556,522.58
quat3,0.00668,-0.63208,0.14158,-0.76183,522.58
quat4,0.20035,-0.69969,-0.00242,-0.68577,522.58
quat5,0.00000,0.00000,0.00000,-1.00000,522.58
quat6,0.00000,0.00000,0.00000,-1.00000,522.58
quat7,0.00000,0.00000,0.00000,-1.00000,522.58
quat8,0.00000,0.00000,0.00000,-1.00000,522.58
quat0,-0.49233,-0.77688,-0.39203,-0.01951,522.6
quat1,-0.35476,0.36635,-0.85712,0.07274,522.6
quat2,0.28711,-0.38815,0.46924,-0.73940,522.6
quat3,0.01351,-0.63846,0.14272,-0.75618,522.6
quat4,0.20693,-0.69546,-0.00481,-0.68811,522.6
quat5,0.00000,0.00000,0.00000,-1.00000,522.6
quat6,0.00000,0.00000,0.00000,-1.00000,522.6
quat7,0.00000,0.00000,0.00000,-1.00000,522.6
quat8,0.00000,0.00000,0.00000,-1.00000,522.6
quat0,-0.48679,-0.78075,-0.39156,-0.01228,522.62
quat1,-0.34640,0.36239,-0.86339,0.05688,522.62
quat2,0.27284,-0.40016,0.48413,-0.72873,522.62
quat3,0.01891,-0.64316,0.14424,-0.75179,522.62
quat4,0.21243,-0.69370,-0.00577,-0.68820,522.62
quat5,0.00000,0.00000,0.00000,-1.00000,522.62
quat6,0.00000,0.00000,0.00000,-1.00000,522.62
quat7,0.00000,0.00000,0.00000,-1.00000,522.62
quat8,0.00000,0.00000,0.00000,-1.00000,522.62
quat0,-0.48505,-0.78169,-0.39198,-0.00661,522.64
quat1,-0.33748,0.35626,-0.86991,0.04951,522.64
quat2,0.25338,-0.40727,0.49509,-0.72444,522.64
quat3,0.02218,-0.64755,0.14686,-0.74741,522.64
quat4,0.21631,-0.69315,-0.00450,-0.68756,522.64
quat5,0.00000,0.00000,0.00000,-1.00000,522.64
quat6,0.00000,0.00000,0.00000,-1.00000,522.64
quat7,0.00000,0.00000,0.00000,-1.00000,522.64
quat8,0.00000,0.00000,0.00000,-1.00000,522.64
quat0,-0.49059,-0.77962,-0.38921,0.00526,522.66
quat1,-0.32821,0.34832,-0.87661,0.05002,522.66
quat2,0.23041,-0.40964,0.50088,-0.72679,522.66
quat3,0.02321,-0.65116,0.15112,-0.74338,522.66
quat4,0.21874,-0.69296,-0.00079,-0.68699,522.66
quat5,0.00000,0.00000,0.00000,-1.00000,522.66
quat6,0.00000,0.00000,0.00000,-1.00000,522.66
quat7,0.00000,0.00000,0.00000,-1.00000,522.66
quat8,0.00000,0.00000,0.00000,-1.00000,522.66
quat0,-0.49485,-0.77707,-0.38880,0.01061,522.68
quat1,-0.31897,0.33817,-0.88354,0.05708,522.68
quat2,0.20635,-0.40829,0.50086,-0.73475,522.68
quat3,0.02077,-0.65346,0.15551,-0.74052,522.68
quat4,0.22022,-0.69289,0.00464,-0.68658,522.68
quat5,0.00000,0.00000,0.00000,-1.00000,522.68
quat6,0.00000,0.00000,0.00000,-1.00000,522.68
quat7,0.00000,0.00000,0.00000,-1.00000,522.68
quat8,0.00000,0.00000,0.00000,-1.00000,522.68
quat0,-0.50163,-0.77399,-0.38597,0.01836,522.7
quat1,-0.30925,0.32670,-0.89029,0.07083,522.7
quat2,0.18411,-0.40476,0.49464,-0.74673,522.7
quat3,0.01453,-0.65449,0.15950,-0.73891,522.7
quat4,0.22113,-0.69182,0.01187,-0.68728,522.7
quat5,0.00000,0.00000,0.00000,-1.00000,522.7
quat6,0.00000,0.00000,0.00000,-1.00000,522.7
quat7,0.00000,0.00000,0.00000,-1.00000,522.7
quat8,0.00000,0.00000,0.00000,-1.00000,522.7
quat0,-0.51078,-0.76934,-0.38289,0.02490,522.72
quat1,-0.29888,0.31430,-0.89652,0.09027,522.72
quat2,0.16511,-0.39956,0.48275,-0.76160,522.72
quat3,0.00502,-0.65483,0.16273,-0.73803,522.72
quat4,0.22194,-0.69033,0.02034,-0.68832,522.72
quat5,0.00000,0.00000,0.00000,-1.00000,522.72
quat6,0.00000,0.00000,0.00000,-1.00000,522.72
quat7,0.00000,0.00000,0.00000,-1.00000,522.72
quat8,0.00000,0.00000,0.00000,-1.00000,522.72
quat0,-0.52165,-0.76399,-0.37843,0.03157,522.74
quat1,-0.28770,0.30116,-0.90182,0.11513,522.74
quat2,0.14935,-0.39292,0.46584,-0.77865,522.74
quat3,-0.00735,-0.65404,0.16590,-0.73801,522.74
quat4,0.22364,-0.68785,0.02927,-0.68992,522.74
quat5,0.00000,0.00000,0.00000,-1.00000,522.74
quat6,0.00000,0.00000,0.00000,-1.00000,522.74
quat7,0.00000,0.00000,0.00000,-1.00000,522.74
quat8,0.00000,0.00000,0.00000,-1.00000,522.74
quat0,-0.53474,-0.75678,-0.37425,0.03576,522.76
quat1,-0.27661,0.28727,-0.90552,0.14491,522.76
quat2,0.13660,-0.38552,0.44428,-0.79708,522.76
quat3,-0.02213,-0.65141,0.16906,-0.73932,522.76
quat4,0.22637,-0.68478,0.03893,-0.69161,522.76
quat5,0.00000,0.00000,0.00000,-1.00000,522.76
quat6,0.00000,0.00000,0.00000,-1.00000,522.76
quat7,0.00000,0.00000,0.00000,-1.00000,522.76
quat8,0.00000,0.00000,0.00000,-1.00000,522.76
quat0,-0.54890,-0.74823,-0.37028,0.04179,522.78
quat1,-0.26717,0.27212,-0.90700,0.17867,522.78
quat2,0.12510,-0.37723,0.41931,-0.81623,522.78
quat3,-0.03842,-0.64766,0.17159,-0.74136,522.78
quat4,0.22927,-0.68153,0.04841,-0.69326,522.78
quat5,0.00000,0.00000,0.00000,-1.00000,522.78
quat6,0.00000,0.00000,0.00000,-1.00000,522.78
quat7,0.00000,0.00000,0.00000,-1.00000,522.78
quat8,0.00000,0.00000,0.00000,-1.00000,522.78
quat0,-0.56296,-0.73873,-0.36761,0.04710,522.8
quat1,-0.25997,0.25607,-0.90574,0.21558,522.8
quat2,0.11334,-0.36835,0.39150,-0.83559,522.8
quat3,-0.05616,-0.64258,0.17381,-0.74413,522.8
quat4,0.23208,-0.67810,0.05782,-0.69497,522.8
quat5,0.00000,0.00000,0.00000,-1.00000,522.8
quat6,0.00000,0.00000,0.00000,-1.00000,522.8
quat7,0.00000,0.00000,0.00000,-1.00000,522.8
quat8,0.00000,0.00000,0.00000,-1.00000,522.8
quat0,-0.58061,-0.72639,-0.36438,0.04971,522.82
quat1,-0.25515,0.23933,-0.90132,0.25543,522.82
quat2,0.10014,-0.35413,0.36277,-0.85613,522.82
quat3,-0.07518,-0.63615,0.17628,-0.74738,522.82
quat4,0.23404,-0.67339,0.06751,-0.69800,522.82
quat5,0.00000,0.00000,0.00000,-1.00000,522.82
quat6,0.00000,0.00000,0.00000,-1.00000,522.82
quat7,0.00000,0.00000,0.00000,-1.00000,522.82
quat8,0.00000,0.00000,0.00000,-1.00000,522.82
quat0,-0.59470,-0.71622,-0.36069,0.05714,522.84
quat1,-0.25486,0.22141,-0.89341,0.29639,522.84
quat2,0.08635,-0.33465,0.33304,-0.87729,522.84
quat3,-0.09614,-0.62870,0.17818,-0.75083,522.84
quat4,0.23454,-0.66686,0.07820,-0.70298,522.84
quat5,0.00000,0.00000,0.00000,-1.00000,522.84
quat6,0.00000,0.00000,0.00000,-1.00000,522.84
quat7,0.00000,0.00000,0.00000,-1.00000,522.84
quat8,0.00000,0.00000,0.00000,-1.00000,522.84
quat0,-0.60990,-0.70306,-0.35962,0.06627,522.86
quat1,-0.25768,0.20320,-0.88220,0.33768,522.86
quat2,0.07159,-0.31006,0.30282,-0.89835,522.86
quat3,-0.11898,-0.61995,0.17939,-0.75454,522.86
quat4,0.23423,-0.66076,0.08834,-0.70762,522.86
quat5,0.00000,0.00000,0.00000,-1.00000,522.86
quat6,0.00000,0.00000,0.00000,-1.00000,522.86
quat7,0.00000,0.00000,0.00000,-1.00000,522.86
quat8,0.00000,0.00000,0.00000,-1.00000,522.86
quat0,-0.62843,-0.68867,-0.35455,0.07151,522.88
quat1,-0.26263,0.18506,-0.86756,0.37962,522.88
quat2,0.05879,-0.28069,0.27185,-0.91861,522.88
quat3,-0.14365,-0.60976,0.18029,-0.75832,522.88
quat4,0.23337,-0.65608,0.09649,-0.71119,522.88
quat5,0.00000,0.00000,0.00000,-1.00000,522.88
quat6,0.00000,0.00000,0.00000,-1.00000,522.88
quat7,0.00000,0.00000,0.00000,-1.00000,522.88
quat8,0.00000,0.00000,0.00000,-1.00000,522.88
quat0,-0.64510,-0.67375,-0.35131,0.08058,522.9
quat1,-0.26908,0.16748,-0.84990,0.42097,522.9
quat2,0.04805,-0.24919,0.24102,-0.93675,522.9
quat3,-0.17030,-0.59814,0.18098,-0.76189,522.9
quat4,0.23211,-0.65219,0.10345,-0.71419,522.9
quat5,0.00000,0.00000,0.00000,-1.00000,522.9
quat6,0.00000,0.00000,0.00000,-1.00000,522.9
quat7,0.00000,0.00000,0.00000,-1.00000,522.9
quat8,0.00000,0.00000,0.00000,-1.00000,522.9
quat0,-0.66147,-0.66064,-0.34382,0.08828,522.92
quat1,-0.27596,0.15249,-0.82990,0.46028,522.92
quat2,0.03897,-0.21555,0.20951,-0.95296,522.92
quat3,-0.19836,-0.58498,0.18197,-0.76508,522.92
quat4,0.22955,-0.64847,0.10982,-0.71745,522.92
quat5,0.00000,0.00000,0.00000,-1.00000,522.92
quat6,0.00000,0.00000,0.00000,-1.00000,522.92
quat7,0.00000,0.00000,0.00000,-1.00000,522.92
quat8,0.00000,0.00000,0.00000,-1.00000,522.92
quat0,-0.67896,-0.64796,-0.33075,0.09880,522.94
quat1,-0.28392,0.13909,-0.80702,0.49877,522.94
quat2,0.03076,-0.17958,0.17712,-0.96718,522.94
quat3,-0.22822,-0.57070,0.18211,-0.76750,522.94
quat4,0.22540,-0.64404,0.11492,-0.72194,522.94
quat5,0.00000,0.00000,0.00000,-1.00000,522.94
quat6,0.00000,0.00000,0.00000,-1.00000,522.94
quat7,0.00000,0.00000,0.00000,-1.00000,522.94
quat8,0.00000,0.00000,0.00000,-1.00000,522.94
quat0,-0.69223,-0.63813,-0.31949,0.10746,522.96
quat1,-0.29204,0.12737,-0.78135,0.53664,522.96
quat2,0.02273,-0.14213,0.14264,-0.97925,522.96
quat3,-0.25964,-0.55565,0.18139,-0.76873,522.96
quat4,0.21954,-0.63726,0.11944,-0.72900,522.96
quat5,0.00000,0.00000,0.00000,-1.00000,522.96
quat6,0.00000,0.00000,0.00000,-1.00000,522.96
quat7,0.00000,0.00000,0.00000,-1.00000,522.96
quat8,0.00000,0.00000,0.00000,-1.00000,522.96
quat0,-0.70869,-0.62651,-0.30468,0.11142,522.98
quat1,-0.29971,0.11481,-0.75304,0.57439,522.98
quat2,0.01365,-0.10469,0.10581,-0.98877,522.98
quat3,-0.29372,-0.53911,0.18006,-0.76855,522.98
quat4,0.21280,-0.62796,0.12303,-0.73841,522.98
quat5,0.00000,0.00000,0.00000,-1.00000,522.98
quat6,0.00000,0.00000,0.00000,-1.00000,522.98
quat7,0.00000,0.00000,0.00000,-1.00000,522.98
quat8,0.00000,0.00000,0.00000,-1.00000,522.98
quat0,-0.71835,-0.61974,-0.29463,0.11438,523
quat1,-0.30578,0.09904,-0.72214,0.61254,523
quat2,0.00151,-0.06928,0.06718,-0.99533,523
quat3,-0.33112,-0.52056,0.17876,-0.76643,523
quat4,0.20577,-0.61737,0.12676,-0.74863,523
quat5,0.00000,0.00000,0.00000,-1.00000,523
quat6,0.00000,0.00000,0.00000,-1.00000,523
quat7,0.00000,0.00000,0.00000,-1.00000,523
quat8,0.00000,0.00000,0.00000,-1.00000,523
quat0,-0.72814,-0.61206,-0.28657,0.11433,523.02
quat1,-0.30985,0.07958,-0.68777,0.65164,523.02
quat2,-0.01600,-0.03568,0.02849,-0.99883,523.02
quat3,-0.37044,-0.49983,0.17826,-0.76234,523.02
quat4,0.19686,-0.60753,0.12983,-0.75848,523.02
quat5,0.00000,0.00000,0.00000,-1.00000,523.02
quat6,0.00000,0.00000,0.00000,-1.00000,523.02
quat7,0.00000,0.00000,0.00000,-1.00000,523.02
quat8,0.00000,0.00000,0.00000,-1.00000,523.02
quat0,-0.73817,-0.60520,-0.27497,0.11500,523.04
quat1,-0.31210,0.05504,-0.64923,0.69142,523.04
quat2,-0.03874,-0.00179,-0.00940,-0.99920,523.04
quat3,-0.41040,-0.47878,0.17930,-0.75511,523.04
quat4,0.18441,-0.59982,0.13353,-0.76705,523.04
quat5,0.00000,0.00000,0.00000,-1.00000,523.04
quat6,0.00000,0.00000,0.00000,-1.00000,523.04
quat7,0.00000,0.00000,0.00000,-1.00000,523.04
quat8,0.00000,0.00000,0.00000,-1.00000,523.04
quat0,-0.74534,-0.59909,-0.26777,0.11777,523.06
quat1,-0.31256,0.02855,-0.60823,0.72907,523.06
quat2,-0.06407,0.03366,-0.04550,-0.99634,523.06
quat3,-0.45094,-0.45744,0.18231,-0.74442,523.06
quat4,0.16809,-0.59068,0.13974,-0.77673,523.06
quat5,0.00000,0.00000,0.00000,-1.00000,523.06
quat6,0.00000,0.00000,0.00000,-1.00000,523.06
quat7,0.00000,0.00000,0.00000,-1.00000,523.06
quat8,0.00000,0.00000,0.00000,-1.00000,523.06
quat0,-0.75277,-0.59332,-0.25792,0.12160,523.08
quat1,-0.31272,0.00831,-0.56739,0.76172,523.08
quat2,-0.08878,0.06995,-0.07822,-0.99051,523.08
quat3,-0.49172,-0.43419,0.18783,-0.73104,523.08
quat4,0.14746,-0.57746,0.14893,-0.78906,523.08
quat5,0.00000,0.00000,0.00000,-1.00000,523.08
quat6,0.00000,0.00000,0.00000,-1.00000,523.08
quat7,0.00000,0.00000,0.00000,-1.00000,523.08
quat8,0.00000,0.00000,0.00000,-1.00000,523.08
quat0,-0.76487,-0.58269,-0.23848,0.13627,523.1
quat1,-0.31147,-0.00262,-0.52682,0.79085,523.1
quat2,-0.11186,0.10146,-0.10622,-0.98281,523.1
quat3,-0.53214,-0.40807,0.19438,-0.71591,523.1
quat4,0.12227,-0.56078,0.16043,-0.80302,523.1
quat5,0.00000,0.00000,0.00000,-1.00000,523.1
quat6,0.00000,0.00000,0.00000,-1.00000,523.1
quat7,0.00000,0.00000,0.00000,-1.00000,523.1
quat8,0.00000,0.00000,0.00000,-1.00000,523.1
quat0,-0.76858,-0.58400,-0.21655,0.14606,523.12
quat1,-0.30280,-0.01157,-0.48857,0.81822,523.12
quat2,-0.13483,0.12739,-0.13057,-0.97393,523.12
quat3,-0.57152,-0.37951,0.20207,-0.69893,523.12
quat4,0.09269,-0.54232,0.17405,-0.81670,523.12
quat5,0.00000,0.00000,0.00000,-1.00000,523.12
quat6,0.00000,0.00000,0.00000,-1.00000,523.12
quat7,0.00000,0.00000,0.00000,-1.00000,523.12
quat8,0.00000,0.00000,0.00000,-1.00000,523.12
quat0,-0.77696,-0.57854,-0.19574,0.15270,523.14
quat1,-0.28804,-0.02329,-0.45302,0.84336,523.14
quat2,-0.15870,0.15096,-0.15192,-0.96382,523.14
quat3,-0.60974,-0.34831,0.21043,-0.68016,523.14
quat4,0.06001,-0.52360,0.18822,-0.82874,523.14
quat5,0.00000,0.00000,0.00000,-1.00000,523.14
quat6,0.00000,0.00000,0.00000,-1.00000,523.14
quat7,0.00000,0.00000,0.00000,-1.00000,523.14
quat8,0.00000,0.00000,0.00000,-1.00000,523.14
quat0,-0.79063,-0.56647,-0.17630,0.15142,523.16
quat1,-0.26877,-0.03699,-0.41993,0.86605,523.16
quat2,-0.18304,0.17304,-0.16980,-0.95274,523.16
quat3,-0.64691,-0.31274,0.21975,-0.65986,523.16
quat4,0.02532,-0.50477,0.20374,-0.83848,523.16
quat5,0.00000,0.00000,0.00000,-1.00000,523.16
quat6,0.00000,0.00000,0.00000,-1.00000,523.16
quat7,0.00000,0.00000,0.00000,-1.00000,523.16
quat8,0.00000,0.00000,0.00000,-1.00000,523.16
quat0,-0.78885,-0.57289,-0.15248,0.16206,523.18
quat1,-0.24496,-0.05556,-0.38953,0.88610,523.18
quat2,-0.20767,0.19353,-0.18350,-0.94114,523.18
quat3,-0.68295,-0.27378,0.22900,-0.63733,523.18
quat4,-0.00966,-0.48288,0.22121,-0.84723,523.18
quat5,0.00000,0.00000,0.00000,-1.00000,523.18
quat6,0.00000,0.00000,0.00000,-1.00000,523.18
quat7,0.00000,0.00000,0.00000,-1.00000,523.18
quat8,0.00000,0.00000,0.00000,-1.00000,523.18
quat0,-0.79211,-0.57182,-0.12960,0.16966,523.2
quat1,-0.21977,-0.07620,-0.36092,0.90312,523.2
quat2,-0.23120,0.21272,-0.19334,-0.92947,523.2
quat3,-0.71722,-0.23316,0.23783,-0.61210,523.2
quat4,-0.04415,-0.45621,0.24132,-0.85539,523.2
quat5,0.00000,0.00000,0.00000,-1.00000,523.2
quat6,0.00000,0.00000,0.00000,-1.00000,523.2
quat7,0.00000,0.00000,0.00000,-1.00000,523.2
quat8,0.00000,0.00000,0.00000,-1.00000,523.2
quat0,-0.79195,-0.57395,-0.10586,0.17943,523.22
quat1,-0.19526,-0.09445,-0.33381,0.91735,523.22
quat2,-0.25329,0.22970,-0.19946,-0.91831,523.22
quat3,-0.74907,-0.19182,0.24754,-0.58380,523.22
quat4,-0.07774,-0.42511,0.26353,-0.86243,523.22
quat5,0.00000,0.00000,0.00000,-1.00000,523.22
quat6,0.00000,0.00000,0.00000,-1.00000,523.22
quat7,0.00000,0.00000,0.00000,-1.00000,523.22
quat8,0.00000,0.00000,0.00000,-1.00000,523.22
quat0,-0.78967,-0.57858,-0.08146,0.18714,523.24
quat1,-0.16833,-0.10994,-0.30864,0.92969,523.24
quat2,-0.27303,0.24225,-0.20015,-0.90923,523.24
quat3,-0.77773,-0.15191,0.25924,-0.55213,523.24
quat4,-0.11023,-0.39083,0.28890,-0.86697,523.24
quat5,0.00000,0.00000,0.00000,-1.00000,523.24
quat6,0.00000,0.00000,0.00000,-1.00000,523.24
quat7,0.00000,0.00000,0.00000,-1.00000,523.24
quat8,0.00000,0.00000,0.00000,-1.00000,523.24
quat0,-0.79080,-0.57799,-0.05720,0.19312,523.26
quat1,-0.13799,-0.12391,-0.28520,0.94036,523.26
quat2,-0.28880,0.25158,-0.19586,-0.90274,523.26
quat3,-0.80263,-0.11343,0.27256,-0.51829,523.26
quat4,-0.14151,-0.35383,0.31651,-0.86868,523.26
quat5,0.00000,0.00000,0.00000,-1.00000,523.26
quat6,0.00000,0.00000,0.00000,-1.00000,523.26
quat7,0.00000,0.00000,0.00000,-1.00000,523.26
quat8,0.00000,0.00000,0.00000,-1.00000,523.26
quat0,-0.78687,-0.58300,-0.03609,0.19913,523.28
quat1,-0.10528,-0.13757,-0.26315,0.94907,523.28
quat2,-0.29981,0.26245,-0.18888,-0.89753,523.28
quat3,-0.82326,-0.07500,0.28826,-0.48324,523.28
quat4,-0.17172,-0.31404,0.34599,-0.86728,523.28
quat5,0.00000,0.00000,0.00000,-1.00000,523.28
quat6,0.00000,0.00000,0.00000,-1.00000,523.28
quat7,0.00000,0.00000,0.00000,-1.00000,523.28
quat8,0.00000,0.00000,0.00000,-1.00000,523.28
quat0,-0.78335,-0.58649,-0.01416,0.20539,523.3
quat1,-0.07091,-0.14948,-0.24333,0.95573,523.3
quat2,-0.30528,0.27781,-0.18117,-0.89264,523.3
quat3,-0.83940,-0.03683,0.30522,-0.44822,523.3
quat4,-0.20138,-0.26992,0.37786,-0.86245,523.3
quat5,0.00000,0.00000,0.00000,-1.00000,523.3
quat6,0.00000,0.00000,0.00000,-1.00000,523.3
quat7,0.00000,0.00000,0.00000,-1.00000,523.3
quat8,0.00000,0.00000,0.00000,-1.00000,523.3
quat0,-0.78148,-0.58626,0.00776,0.21339,523.32
quat1,-0.03693,-0.16235,-0.22576,0.95985,523.32
quat2,-0.30699,0.29710,-0.17270,-0.88750,523.32
quat3,-0.85210,0.00262,0.32100,-0.41338,523.32
quat4,-0.22919,-0.22179,0.41096,-0.85405,523.32
quat5,0.00000,0.00000,0.00000,-1.00000,523.32
quat6,0.00000,0.00000,0.00000,-1.00000,523.32
quat7,0.00000,0.00000,0.00000,-1.00000,523.32
quat8,0.00000,0.00000,0.00000,-1.00000,523.32
quat0,-0.77421,-0.59134,0.02985,0.22366,523.34
quat1,-0.00431,-0.17841,-0.21036,0.96120,523.34
quat2,-0.30642,0.31473,-0.16204,-0.88363,523.34
quat3,-0.86190,0.04439,0.33325,-0.37960,523.34
quat4,-0.25575,-0.17138,0.44312,-0.84194,523.34
quat5,0.00000,0.00000,0.00000,-1.00000,523.34
quat6,0.00000,0.00000,0.00000,-1.00000,523.34
quat7,0.00000,0.00000,0.00000,-1.00000,523.34
quat8,0.00000,0.00000,0.00000,-1.00000,523.34
quat0,-0.77070,-0.59156,0.05138,0.23118,523.36
quat1,0.02670,-0.19618,-0.19615,0.96038,523.36
quat2,-0.30505,0.32593,-0.14844,-0.88243,523.36
quat3,-0.86898,0.08586,0.34248,-0.34672,523.36
quat4,-0.27803,-0.12183,0.47496,-0.82599,523.36
quat5,0.00000,0.00000,0.00000,-1.00000,523.36
quat6,0.00000,0.00000,0.00000,-1.00000,523.36
quat7,0.00000,0.00000,0.00000,-1.00000,523.36
quat8,0.00000,0.00000,0.00000,-1.00000,523.36
quat0,-0.76158,-0.59912,0.07128,0.23660,523.38
quat1,0.05566,-0.21427,-0.18328,0.95781,523.38
quat2,-0.30488,0.32991,-0.13285,-0.88349,523.38
quat3,-0.87349,0.12499,0.34996,-0.31452,523.38
quat4,-0.29520,-0.07486,0.50421,-0.80810,523.38
quat5,0.00000,0.00000,0.00000,-1.00000,523.38
quat6,0.00000,0.00000,0.00000,-1.00000,523.38
quat7,0.00000,0.00000,0.00000,-1.00000,523.38
quat8,0.00000,0.00000,0.00000,-1.00000,523.38
quat0,-0.75435,-0.60295,0.09105,0.24314,523.4
quat1,0.07949,-0.23390,-0.17058,0.95387,523.4
quat2,-0.30232,0.33495,-0.11987,-0.88433,523.4
quat3,-0.87615,0.16111,0.35600,-0.28226,523.4
quat4,-0.30771,-0.02776,0.52962,-0.78997,523.4
quat5,0.00000,0.00000,0.00000,-1.00000,523.4
quat6,0.00000,0.00000,0.00000,-1.00000,523.4
quat7,0.00000,0.00000,0.00000,-1.00000,523.4
quat8,0.00000,0.00000,0.00000,-1.00000,523.4
quat0,-0.74515,-0.60900,0.10845,0.24921,523.42
quat1,0.10032,-0.25316,-0.15965,0.94887,523.42
quat2,-0.29771,0.34613,-0.11253,-0.88255,523.42
quat3,-0.87669,0.19400,0.36193,-0.25057,523.42
quat4,-0.31869,0.01855,0.54998,-0.77176,523.42
quat5,0.00000,0.00000,0.00000,-1.00000,523.42
quat6,0.00000,0.00000,0.00000,-1.00000,523.42
quat7,0.00000,0.00000,0.00000,-1.00000,523.42
quat8,0.00000,0.00000,0.00000,-1.00000,523.42
quat0,-0.74244,-0.60767,0.12464,0.25295,523.44
quat1,0.11696,-0.27258,-0.14969,0.94319,523.44
quat2,-0.29207,0.35748,-0.10866,-0.88040,523.44
quat3,-0.87597,0.22427,0.36631,-0.21954,523.44
quat4,-0.32670,0.05916,0.56615,-0.75448,523.44
quat5,0.00000,0.00000,0.00000,-1.00000,523.44
quat6,0.00000,0.00000,0.00000,-1.00000,523.44
quat7,0.00000,0.00000,0.00000,-1.00000,523.44
quat8,0.00000,0.00000,0.00000,-1.00000,523.44
quat0,-0.73578,-0.61121,0.13730,0.25731,523.46
quat1,0.13164,-0.28689,-0.14238,0.93813,523.46
quat2,-0.28723,0.36187,-0.10648,-0.88046,523.46
quat3,-0.87470,0.25298,0.36780,-0.18875,523.46
quat4,-0.33192,0.09345,0.57899,-0.73883,523.46
quat5,0.00000,0.00000,0.00000,-1.00000,523.46
quat6,0.00000,0.00000,0.00000,-1.00000,523.46
quat7,0.00000,0.00000,0.00000,-1.00000,523.46
quat8,0.00000,0.00000,0.00000,-1.00000,523.46
quat0,-0.73042,-0.61315,0.15064,0.26048,523.48
quat1,0.14468,-0.29738,-0.13720,0.93371,523.48
quat2,-0.28315,0.36100,-0.10474,-0.88235,523.48
quat3,-0.87257,0.28021,0.36718,-0.15904,523.48
quat4,-0.33446,0.12306,0.58779,-0.72629,523.48
quat5,0.00000,0.00000,0.00000,-1.00000,523.48
quat6,0.00000,0.00000,0.00000,-1.00000,523.48
quat7,0.00000,0.00000,0.00000,-1.00000,523.48
quat8,0.00000,0.00000,0.00000,-1.00000,523.48
quat0,-0.72701,-0.61476,0.15720,0.26232,523.5
quat1,0.15624,-0.30530,-0.13384,0.92977,523.5
quat2,-0.27940,0.35350,-0.10221,-0.88686,523.5
quat3,-0.86937,0.30475,0.36607,-0.13156,523.5
quat4,-0.33677,0.15122,0.59225,-0.71622,523.5
quat5,0.00000,0.00000,0.00000,-1.00000,523.5
quat6,0.00000,0.00000,0.00000,-1.00000,523.5
quat7,0.00000,0.00000,0.00000,-1.00000,523.5
quat8,0.00000,0.00000,0.00000,-1.00000,523.5
quat0,-0.72046,-0.61996,0.16630,0.26255,523.52
quat1,0.16669,-0.31161,-0.13169,0.92616,523.52
quat2,-0.27585,0.34208,-0.09878,-0.89282,523.52
quat3,-0.86560,0.32436,0.36611,-0.10723,523.52
quat4,-0.33887,0.17801,0.59325,-0.70819,523.52
quat5,0.00000,0.00000,0.00000,-1.00000,523.52
quat6,0.00000,0.00000,0.00000,-1.00000,523.52
quat7,0.00000,0.00000,0.00000,-1.00000,523.52
quat8,0.00000,0.00000,0.00000,-1.00000,523.52
quat0,-0.71995,-0.62554,0.16154,0.25351,523.54
quat1,0.17466,-0.31548,-0.13092,0.92349,523.54
quat2,-0.27272,0.33324,-0.09498,-0.89753,523.54
quat3,-0.86050,0.33977,0.36917,-0.08836,523.54
quat4,-0.33983,0.20203,0.59219,-0.70215,523.54
quat5,0.00000,0.00000,0.00000,-1.00000,523.54
quat6,0.00000,0.00000,0.00000,-1.00000,523.54
quat7,0.00000,0.00000,0.00000,-1.00000,523.54
quat8,0.00000,0.00000,0.00000,-1.00000,523.54
quat0,-0.71481,-0.62612,0.17260,0.25928,523.56
quat1,0.18015,-0.31961,-0.13052,0.92106,523.56
quat2,-0.27036,0.33027,-0.09204,-0.89964,523.56
quat3,-0.85440,0.35061,0.37577,-0.07666,523.56
quat4,-0.33687,0.22069,0.59005,-0.69976,523.56
quat5,0.00000,0.00000,0.00000,-1.00000,523.56
quat6,0.00000,0.00000,0.00000,-1.00000,523.56
quat7,0.00000,0.00000,0.00000,-1.00000,523.56
quat8,0.00000,0.00000,0.00000,-1.00000,523.56
quat0,-0.71607,-0.63171,0.16529,0.24668,523.58
quat1,0.18253,-0.32388,-0.13150,0.91896,523.58
quat2,-0.26971,0.33080,-0.09069,-0.89978,523.58
quat3,-0.84923,0.35626,0.38312,-0.07150,523.58
quat4,-0.32844,0.23199,0.58773,-0.70206,523.58
quat5,0.00000,0.00000,0.00000,-1.00000,523.58
quat6,0.00000,0.00000,0.00000,-1.00000,523.58
quat7,0.00000,0.00000,0.00000,-1.00000,523.58
quat8,0.00000,0.00000,0.00000,-1.00000,523.58
quat0,-0.71891,-0.63168,0.16228,0.24043,523.6
quat1,0.18215,-0.32626,-0.13446,0.91777,523.6
quat2,-0.27062,0.33226,-0.09095,-0.89894,523.6
quat3,-0.84535,0.35751,0.39019,-0.07290,523.6
quat4,-0.31487,0.23477,0.58461,-0.70991,523.6
quat5,0.00000,0.00000,0.00000,-1.00000,523.6
quat6,0.00000,0.00000,0.00000,-1.00000,523.6
quat7,0.00000,0.00000,0.00000,-1.00000,523.6
quat8,0.00000,0.00000,0.00000,-1.00000,523.6
quat0,-0.72276,-0.63218,0.15553,0.23193,523.62
quat1,0.17934,-0.32721,-0.13923,0.91727,523.62
quat2,-0.27236,0.33113,-0.09132,-0.89880,523.62
quat3,-0.84165,0.35452,0.39926,-0.08079,523.62
quat4,-0.29834,0.23056,0.57940,-0.72259,523.62
quat5,0.00000,0.00000,0.00000,-1.00000,523.62
quat6,0.00000,0.00000,0.00000,-1.00000,523.62
quat7,0.00000,0.00000,0.00000,-1.00000,523.62
quat8,0.00000,0.00000,0.00000,-1.00000,523.62
quat0,-0.72748,-0.63134,0.14801,0.22424,523.64
quat1,0.17495,-0.32581,-0.14490,0.91774,523.64
quat2,-0.27354,0.32708,-0.09100,-0.89995,523.64
quat3,-0.83760,0.34730,0.41086,-0.09484,523.64
quat4,-0.28032,0.22151,0.57051,-0.73951,523.64
quat5,0.00000,0.00000,0.00000,-1.00000,523.64
quat6,0.00000,0.00000,0.00000,-1.00000,523.64
quat7,0.00000,0.00000,0.00000,-1.00000,523.64
quat8,0.00000,0.00000,0.00000,-1.00000,523.64
quat0,-0.73357,-0.62905,0.13893,0.21648,523.66
quat1,0.16893,-0.32187,-0.15230,0.91906,523.66
quat2,-0.27420,0.32181,-0.09055,-0.90169,523.66
quat3,-0.83274,0.33665,0.42407,-0.11564,523.66
quat4,-0.26192,0.20911,0.55790,-0.75922,523.66
quat5,0.00000,0.00000,0.00000,-1.00000,523.66
quat6,0.00000,0.00000,0.00000,-1.00000,523.66
quat7,0.00000,0.00000,0.00000,-1.00000,523.66
quat8,0.00000,0.00000,0.00000,-1.00000,523.66
quat0,-0.74181,-0.62479,0.12773,0.20747,523.68
quat1,0.16174,-0.31533,-0.16094,0.92114,523.68
quat2,-0.27523,0.31502,-0.09034,-0.90380,523.68
quat3,-0.82738,0.32244,0.43735,-0.14214,523.68
quat4,-0.24316,0.19224,0.54174,-0.78130,523.68
quat5,0.00000,0.00000,0.00000,-1.00000,523.68
quat6,0.00000,0.00000,0.00000,-1.00000,523.68
quat7,0.00000,0.00000,0.00000,-1.00000,523.68
quat8,0.00000,0.00000,0.00000,-1.00000,523.68
quat0,-0.75083,-0.61972,0.11438,0.19776,523.7
quat1,0.15342,-0.30620,-0.17132,0.92377,523.7
quat2,-0.27719,0.30587,-0.09110,-0.90626,523.7
quat3,-0.82130,0.30444,0.44996,-0.17413,523.7
quat4,-0.22378,0.17047,0.52192,-0.80527,523.7
quat5,0.00000,0.00000,0.00000,-1.00000,523.7
quat6,0.00000,0.00000,0.00000,-1.00000,523.7
quat7,0.00000,0.00000,0.00000,-1.00000,523.7
quat8,0.00000,0.00000,0.00000,-1.00000,523.7
quat0,-0.76051,-0.61187,0.10366,0.19102,523.72
quat1,0.14095,-0.29733,-0.18244,0.92652,523.72
quat2,-0.28075,0.29244,-0.09396,-0.90930,523.72
quat3,-0.81380,0.28223,0.46192,-0.21144,523.72
quat4,-0.20428,0.14444,0.49849,-0.83001,523.72
quat5,0.00000,0.00000,0.00000,-1.00000,523.72
quat6,0.00000,0.00000,0.00000,-1.00000,523.72
quat7,0.00000,0.00000,0.00000,-1.00000,523.72
quat8,0.00000,0.00000,0.00000,-1.00000,523.72
quat0,-0.77116,-0.60334,0.09100,0.18170,523.74
quat1,0.12364,-0.28967,-0.19277,0.92933,523.74
quat2,-0.28477,0.27924,-0.09907,-0.91166,523.74
quat3,-0.80508,0.25522,0.47127,-0.25418,523.74
quat4,-0.18332,0.11289,0.47183,-0.85500,523.74
quat5,0.00000,0.00000,0.00000,-1.00000,523.74
quat6,0.00000,0.00000,0.00000,-1.00000,523.74
quat7,0.00000,0.00000,0.00000,-1.00000,523.74
quat8,0.00000,0.00000,0.00000,-1.00000,523.74
quat0,-0.78037,-0.59674,0.07624,0.17061,523.76
quat1,0.10597,-0.28204,-0.20368,0.93152,523.76
quat2,-0.28853,0.26791,-0.10682,-0.91300,523.76
quat3,-0.79626,0.22372,0.47538,-0.29988,523.76
quat4,-0.16231,0.07657,0.44228,-0.87874,523.76
quat5,0.00000,0.00000,0.00000,-1.00000,523.76
quat6,0.00000,0.00000,0.00000,-1.00000,523.76
quat7,0.00000,0.00000,0.00000,-1.00000,523.76
quat8,0.00000,0.00000,0.00000,-1.00000,523.76
quat0,-0.78968,-0.58919,0.05993,0.16022,523.78
quat1,0.08569,-0.27429,-0.21362,0.93369,523.78
quat2,-0.29163,0.25730,-0.11589,-0.91396,523.78
quat3,-0.78698,0.18907,0.47311,-0.34796,523.78
quat4,-0.14170,0.03654,0.41065,-0.89997,523.78
quat5,0.00000,0.00000,0.00000,-1.00000,523.78
quat6,0.00000,0.00000,0.00000,-1.00000,523.78
quat7,0.00000,0.00000,0.00000,-1.00000,523.78
quat8,0.00000,0.00000,0.00000,-1.00000,523.78
quat0,-0.79874,-0.58066,0.04492,0.15111,523.8
quat1,0.06343,-0.26589,-0.22400,0.93547,523.8
quat2,-0.29350,0.24425,-0.12474,-0.91577,523.8
quat3,-0.77663,0.15308,0.46385,-0.39781,523.8
quat4,-0.12207,-0.00641,0.37851,-0.91749,523.8
quat5,0.00000,0.00000,0.00000,-1.00000,523.8
quat6,0.00000,0.00000,0.00000,-1.00000,523.8
quat7,0.00000,0.00000,0.00000,-1.00000,523.8
quat8,0.00000,0.00000,0.00000,-1.00000,523.8
quat0,-0.80597,-0.57456,0.02981,0.13932,523.82
quat1,0.03973,-0.25696,-0.23533,0.93649,523.82
quat2,-0.29451,0.23138,-0.13319,-0.91760,523.82
quat3,-0.76481,0.11423,0.44916,-0.44751,523.82
quat4,-0.10338,-0.05431,0.34655,-0.93073,523.82
quat5,0.00000,0.00000,0.00000,-1.00000,523.82
quat6,0.00000,0.00000,0.00000,-1.00000,523.82
quat7,0.00000,0.00000,0.00000,-1.00000,523.82
quat8,0.00000,0.00000,0.00000,-1.00000,523.82
quat0,-0.81458,-0.56564,0.01321,0.12783,523.84
quat1,0.01517,-0.24757,-0.24810,0.93644,523.84
quat2,-0.29408,0.22278,-0.14137,-0.91864,523.84
quat3,-0.75149,0.07544,0.42816,-0.49624,523.84
quat4,-0.08641,-0.10685,0.31564,-0.93888,523.84
quat5,0.00000,0.00000,0.00000,-1.00000,523.84
quat6,0.00000,0.00000,0.00000,-1.00000,523.84
quat7,0.00000,0.00000,0.00000,-1.00000,523.84
quat8,0.00000,0.00000,0.00000,-1.00000,523.84
quat0,-0.82051,-0.55985,-0.00494,0.11537,523.86
quat1,-0.01121,-0.23788,-0.26286,0.93498,523.86
quat2,-0.29253,0.21825,-0.14815,-0.91916,523.86
quat3,-0.73587,0.03874,0.40196,-0.54353,523.86
quat4,-0.07140,-0.15988,0.28611,-0.94206,523.86
quat5,0.00000,0.00000,0.00000,-1.00000,523.86
quat6,0.00000,0.00000,0.00000,-1.00000,523.86
quat7,0.00000,0.00000,0.00000,-1.00000,523.86
quat8,0.00000,0.00000,0.00000,-1.00000,523.86
quat0,-0.82308,-0.55845,-0.02284,0.10074,523.88
quat1,-0.03760,-0.22708,-0.28073,0.93178,523.88
quat2,-0.28930,0.21427,-0.15294,-0.92033,523.88
quat3,-0.71637,0.00269,0.37551,-0.58804,523.88
quat4,-0.06005,-0.21202,0.25697,-0.94096,523.88
quat5,0.00000,0.00000,0.00000,-1.00000,523.88
quat6,0.00000,0.00000,0.00000,-1.00000,523.88
quat7,0.00000,0.00000,0.00000,-1.00000,523.88
quat8,0.00000,0.00000,0.00000,-1.00000,523.88
quat0,-0.82478,-0.55742,-0.04412,0.08411,523.9
quat1,-0.06342,-0.21575,-0.30051,0.92689,523.9
quat2,-0.28440,0.20848,-0.15510,-0.92282,523.9
quat3,-0.69602,-0.02850,0.34773,-0.62756,523.9
quat4,-0.05092,-0.26264,0.22983,-0.93574,523.9
quat5,0.00000,0.00000,0.00000,-1.00000,523.9
quat6,0.00000,0.00000,0.00000,-1.00000,523.9
quat7,0.00000,0.00000,0.00000,-1.00000,523.9
quat8,0.00000,0.00000,0.00000,-1.00000,523.9
quat0,-0.82589,-0.55497,-0.06767,0.07302,523.92
quat1,-0.08972,-0.20278,-0.32189,0.92045,523.92
quat2,-0.27720,0.19987,-0.15438,-0.92703,523.92
quat3,-0.67693,-0.05276,0.31736,-0.66202,523.92
quat4,-0.03903,-0.30652,0.20378,-0.92897,523.92
quat5,0.00000,0.00000,0.00000,-1.00000,523.92
quat6,0.00000,0.00000,0.00000,-1.00000,523.92
quat7,0.00000,0.00000,0.00000,-1.00000,523.92
quat8,0.00000,0.00000,0.00000,-1.00000,523.92
quat0,-0.82403,-0.55543,-0.09123,0.06444,523.94
quat1,-0.11711,-0.18736,-0.34569,0.91196,523.94
quat2,-0.26746,0.19070,-0.15165,-0.93225,523.94
quat3,-0.65574,-0.07854,0.28916,-0.69298,523.94
quat4,-0.02161,-0.34479,0.18018,-0.92097,523.94
quat5,0.00000,0.00000,0.00000,-1.00000,523.94
quat6,0.00000,0.00000,0.00000,-1.00000,523.94
quat7,0.00000,0.00000,0.00000,-1.00000,523.94
quat8,0.00000,0.00000,0.00000,-1.00000,523.94
quat0,-0.81950,-0.55981,-0.10976,0.05460,523.96
quat1,-0.14480,-0.17047,-0.37248,0.90069,523.96
quat2,-0.25449,0.18466,-0.14766,-0.93773,523.96
quat3,-0.63209,-0.10762,0.26414,-0.72050,523.96
quat4,-0.00009,-0.38035,0.15807,-0.91123,523.96
quat5,0.00000,0.00000,0.00000,-1.00000,523.96
quat6,0.00000,0.00000,0.00000,-1.00000,523.96
quat7,0.00000,0.00000,0.00000,-1.00000,523.96
quat8,0.00000,0.00000,0.00000,-1.00000,523.96
quat0,-0.81427,-0.56405,-0.12905,0.04641,523.98
quat1,-0.17289,-0.15328,-0.40168,0.88615,523.98
quat2,-0.23869,0.18088,-0.14231,-0.94343,523.98
quat3,-0.60582,-0.13986,0.24163,-0.74501,523.98
quat4,0.02479,-0.41359,0.13890,-0.89947,523.98
quat5,0.00000,0.00000,0.00000,-1.00000,523.98
quat6,0.00000,0.00000,0.00000,-1.00000,523.98
quat7,0.00000,0.00000,0.00000,-1.00000,523.98
quat8,0.00000,0.00000,0.00000,-1.00000,523.98
quat0,-0.80946,-0.56806,-0.14276,0.04126,524
quat1,-0.20092,-0.13618,-0.43341,0.86790,524
quat2,-0.21980,0.17894,-0.13538,-0.94939,524
quat3,-0.57656,-0.17585,0.22091,-0.76672,524
quat4,0.05192,-0.44709,0.12130,-0.88470,524
quat5,0.00000,0.00000,0.00000,-1.00000,524
quat6,0.00000,0.00000,0.00000,-1.00000,524
quat7,0.00000,0.00000,0.00000,-1.00000,524
quat8,0.00000,0.00000,0.00000,-1.00000,524
quat0,-0.80265,-0.57212,-0.16482,0.03565,524.02
quat1,-0.22814,-0.11713,-0.46745,0.84600,524.02
quat2,-0.19909,0.17683,-0.12567,-0.95567,524.02
quat3,-0.54442,-0.21362,0.20177,-0.78566,524.02
quat4,0.07868,-0.48176,0.10638,-0.86626,524.02
quat5,0.00000,0.00000,0.00000,-1.00000,524.02
quat6,0.00000,0.00000,0.00000,-1.00000,524.02
quat7,0.00000,0.00000,0.00000,-1.00000,524.02
quat8,0.00000,0.00000,0.00000,-1.00000,524.02
quat0,-0.79630,-0.57566,-0.18358,0.02852,524.04
quat1,-0.25383,-0.09634,-0.50354,0.82021,524.04
quat2,-0.17749,0.17469,-0.11225,-0.96197,524.04
quat3,-0.50955,-0.25132,0.18446,-0.80198,524.04
quat4,0.10330,-0.51519,0.09302,-0.84573,524.04
quat5,0.00000,0.00000,0.00000,-1.00000,524.04
quat6,0.00000,0.00000,0.00000,-1.00000,524.04
quat7,0.00000,0.00000,0.00000,-1.00000,524.04
quat8,0.00000,0.00000,0.00000,-1.00000,524.04
quat0,-0.78964,-0.57995,-0.19914,0.02162,524.06
quat1,-0.27792,-0.07427,-0.54074,0.79047,524.06
quat2,-0.15420,0.17041,-0.09262,-0.96882,524.06
quat3,-0.47397,-0.28590,0.16819,-0.81567,524.06
quat4,0.12476,-0.54525,0.08172,-0.82490,524.06
quat5,0.00000,0.00000,0.00000,-1.00000,524.06
quat6,0.00000,0.00000,0.00000,-1.00000,524.06
quat7,0.00000,0.00000,0.00000,-1.00000,524.06
quat8,0.00000,0.00000,0.00000,-1.00000,524.06
quat0,-0.78350,-0.58230,-0.21617,0.01807,524.08
quat1,-0.29922,-0.05070,-0.57761,0.75781,524.08
quat2,-0.12937,0.15800,-0.06669,-0.97665,524.08
quat3,-0.43801,-0.31743,0.15295,-0.82704,524.08
quat4,0.14243,-0.57396,0.07162,-0.80322,524.08
quat5,0.00000,0.00000,0.00000,-1.00000,524.08
quat6,0.00000,0.00000,0.00000,-1.00000,524.08
quat7,0.00000,0.00000,0.00000,-1.00000,524.08
quat8,0.00000,0.00000,0.00000,-1.00000,524.08
quat0,-0.77233,-0.58999,-0.23522,0.00967,524.1
quat1,-0.31564,-0.02623,-0.61297,0.72385,524.1
quat2,-0.10508,0.14021,-0.03728,-0.98383,524.1
quat3,-0.40182,-0.34560,0.13926,-0.83649,524.1
quat4,0.15499,-0.60077,0.06307,-0.78171,524.1
quat5,0.00000,0.00000,0.00000,-1.00000,524.1
quat6,0.00000,0.00000,0.00000,-1.00000,524.1
quat7,0.00000,0.00000,0.00000,-1.00000,524.1
quat8,0.00000,0.00000,0.00000,-1.00000,524.1
quat0,-0.76125,-0.59693,-0.25326,-0.00538,524.12
quat1,-0.32851,-0.00154,-0.64681,0.68827,524.12
quat2,-0.08122,0.12160,-0.00515,-0.98924,524.12
quat3,-0.36660,-0.36781,0.12869,-0.84484,524.12
quat4,0.16333,-0.62364,0.05613,-0.76239,524.12
quat5,0.00000,0.00000,0.00000,-1.00000,524.12
quat6,0.00000,0.00000,0.00000,-1.00000,524.12
quat7,0.00000,0.00000,0.00000,-1.00000,524.12
quat8,0.00000,0.00000,0.00000,-1.00000,524.12
quat0,-0.74655,-0.60704,-0.27185,-0.01610,524.14
quat1,-0.33786,0.02355,-0.67857,0.65180,524.14
quat2,-0.05778,0.10314,0.02930,-0.99255,524.14
quat3,-0.33322,-0.38390,0.12082,-0.85264,524.14
quat4,0.16855,-0.64287,0.05189,-0.74540,524.14
quat5,0.00000,0.00000,0.00000,-1.00000,524.14
quat6,0.00000,0.00000,0.00000,-1.00000,524.14
quat7,0.00000,0.00000,0.00000,-1.00000,524.14
quat8,0.00000,0.00000,0.00000,-1.00000,524.14
quat0,-0.73090,-0.61871,-0.28720,-0.02241,524.16
quat1,-0.34558,0.05000,-0.70817,0.61366,524.16
quat2,-0.03536,0.08118,0.06524,-0.99393,524.16
quat3,-0.29995,-0.40163,0.11607,-0.85747,524.16
quat4,0.17103,-0.66093,0.04878,-0.72907,524.16
quat5,0.00000,0.00000,0.00000,-1.00000,524.16
quat6,0.00000,0.00000,0.00000,-1.00000,524.16
quat7,0.00000,0.00000,0.00000,-1.00000,524.16
quat8,0.00000,0.00000,0.00000,-1.00000,524.16
quat0,-0.71255,-0.63315,-0.30081,-0.03011,524.18
quat1,-0.35047,0.07636,-0.73620,0.57389,524.18
quat2,-0.01367,0.05596,0.10201,-0.99311,524.18
quat3,-0.26635,-0.42417,0.11527,-0.85782,524.18
quat4,0.17125,-0.67534,0.04673,-0.71583,524.18
quat5,0.00000,0.00000,0.00000,-1.00000,524.18
quat6,0.00000,0.00000,0.00000,-1.00000,524.18
quat7,0.00000,0.00000,0.00000,-1.00000,524.18
quat8,0.00000,0.00000,0.00000,-1.00000,524.18
quat0,-0.69650,-0.64650,-0.30996,-0.02915,524.2
quat1,-0.35163,0.10174,-0.76195,0.53426,524.2
quat2,0.00735,0.02808,0.13848,-0.98994,524.2
quat3,-0.23388,-0.44802,0.11772,-0.85482,524.2
quat4,0.17079,-0.68486,0.04489,-0.70695,524.2
quat5,0.00000,0.00000,0.00000,-1.00000,524.2
quat6,0.00000,0.00000,0.00000,-1.00000,524.2
quat7,0.00000,0.00000,0.00000,-1.00000,524.2
quat8,0.00000,0.00000,0.00000,-1.00000,524.2
quat0,-0.68166,-0.65911,-0.31669,-0.02487,524.22
quat1,-0.35234,0.12769,-0.78462,0.49389,524.22
quat2,0.02813,-0.00206,0.17425,-0.98430,524.22
quat3,-0.20462,-0.47122,0.12244,-0.84917,524.22
quat4,0.17104,-0.69121,0.04426,-0.70073,524.22
quat5,0.00000,0.00000,0.00000,-1.00000,524.22
quat6,0.00000,0.00000,0.00000,-1.00000,524.22
quat7,0.00000,0.00000,0.00000,-1.00000,524.22
quat8,0.00000,0.00000,0.00000,-1.00000,524.22
quat0,-0.65958,-0.67462,-0.33047,-0.02528,524.24
quat1,-0.35112,0.15315,-0.80518,0.45270,524.24
quat2,0.04813,-0.03277,0.20957,-0.97606,524.24
quat3,-0.17714,-0.49509,0.12834,-0.84085,524.24
quat4,0.17106,-0.69621,0.04441,-0.69574,524.24
quat5,0.00000,0.00000,0.00000,-1.00000,524.24
quat6,0.00000,0.00000,0.00000,-1.00000,524.24
quat7,0.00000,0.00000,0.00000,-1.00000,524.24
quat8,0.00000,0.00000,0.00000,-1.00000,524.24
quat0,-0.63689,-0.69013,-0.34269,-0.02565,524.26
quat1,-0.34693,0.17654,-0.82418,0.41133,524.26
quat2,0.06718,-0.06479,0.24405,-0.96526,524.26
quat3,-0.15102,-0.51877,0.13523,-0.83053,524.26
quat4,0.17241,-0.69870,0.04658,-0.69276,524.26
quat5,0.00000,0.00000,0.00000,-1.00000,524.26
quat6,0.00000,0.00000,0.00000,-1.00000,524.26
quat7,0.00000,0.00000,0.00000,-1.00000,524.26
quat8,0.00000,0.00000,0.00000,-1.00000,524.26
quat0,-0.62786,-0.69857,-0.34280,-0.01667,524.28
quat1,-0.34200,0.19980,-0.84046,0.36979,524.28
quat2,0.08457,-0.09791,0.27731,-0.95203,524.28
quat3,-0.12548,-0.54148,0.14094,-0.81926,524.28
quat4,0.17531,-0.70019,0.04772,-0.69045,524.28
quat5,0.00000,0.00000,0.00000,-1.00000,524.28
quat6,0.00000,0.00000,0.00000,-1.00000,524.28
quat7,0.00000,0.00000,0.00000,-1.00000,524.28
quat8,0.00000,0.00000,0.00000,-1.00000,524.28
quat0,-0.60711,-0.71377,-0.34883,-0.01655,524.3
quat1,-0.33809,0.22192,-0.85401,0.32728,524.3
quat2,0.10006,-0.13297,0.30927,-0.93630,524.3
quat3,-0.09871,-0.56238,0.14621,-0.80784,524.3
quat4,0.17948,-0.70178,0.04797,-0.68775,524.3
quat5,0.00000,0.00000,0.00000,-1.00000,524.3
quat6,0.00000,0.00000,0.00000,-1.00000,524.3
quat7,0.00000,0.00000,0.00000,-1.00000,524.3
quat8,0.00000,0.00000,0.00000,-1.00000,524.3
quat0,-0.59301,-0.72513,-0.34989,-0.00994,524.32
quat1,-0.33331,0.24124,-0.86577,0.28487,524.32
quat2,0.11238,-0.17044,0.33925,-0.91828,524.32
quat3,-0.07430,-0.58186,0.15040,-0.79580,524.32
quat4,0.18434,-0.70034,0.04726,-0.68798,524.32
quat5,0.00000,0.00000,0.00000,-1.00000,524.32
quat6,0.00000,0.00000,0.00000,-1.00000,524.32
quat7,0.00000,0.00000,0.00000,-1.00000,524.32
quat8,0.00000,0.00000,0.00000,-1.00000,524.32
quat0,-0.57414,-0.73854,-0.35339,-0.00704,524.34
quat1,-0.32396,0.25599,-0.87735,0.24449,524.34
quat2,0.12024,-0.20787,0.36796,-0.89830,524.34
quat3,-0.05399,-0.59866,0.15273,-0.78446,524.34
quat4,0.18964,-0.69713,0.04282,-0.69009,524.34
quat5,0.00000,0.00000,0.00000,-1.00000,524.34
quat6,0.00000,0.00000,0.00000,-1.00000,524.34
quat7,0.00000,0.00000,0.00000,-1.00000,524.34
quat8,0.00000,0.00000,0.00000,-1.00000,524.34
quat0,-0.55437,-0.74938,-0.36203,-0.00625,524.36
quat1,-0.30889,0.26639,-0.88875,0.20916,524.36
quat2,0.12183,-0.24287,0.39596,-0.87715,524.36
quat3,-0.03334,-0.60895,0.15616,-0.77697,524.36
quat4,0.19522,-0.69200,0.03718,-0.69401,524.36
quat5,0.00000,0.00000,0.00000,-1.00000,524.36
quat6,0.00000,0.00000,0.00000,-1.00000,524.36
quat7,0.00000,0.00000,0.00000,-1.00000,524.36
quat8,0.00000,0.00000,0.00000,-1.00000,524.36
quat0,-0.54345,-0.75811,-0.36046,0.00013,524.38
quat1,-0.29295,0.27182,-0.89893,0.17948,524.38
quat2,0.11558,-0.27625,0.42234,-0.85554,524.38
quat3,-0.01386,-0.61465,0.16126,-0.77201,524.38
quat4,0.20090,-0.68514,0.03259,-0.69940,524.38
quat5,0.00000,0.00000,0.00000,-1.00000,524.38
quat6,0.00000,0.00000,0.00000,-1.00000,524.38
quat7,0.00000,0.00000,0.00000,-1.00000,524.38
quat8,0.00000,0.00000,0.00000,-1.00000,524.38
quat0,-0.53333,-0.76343,-0.36431,-0.00060,524.4
quat1,-0.27991,0.27323,-0.90703,0.15587,524.4
quat2,0.10033,-0.30682,0.44616,-0.83471,524.4
quat3,0.00247,-0.61412,0.16652,-0.77144,524.4
quat4,0.20774,-0.67688,0.02849,-0.70559,524.4
quat5,0.00000,0.00000,0.00000,-1.00000,524.4
quat6,0.00000,0.00000,0.00000,-1.00000,524.4
quat7,0.00000,0.00000,0.00000,-1.00000,524.4
quat8,0.00000,0.00000,0.00000,-1.00000,524.4
quat0,-0.52459,-0.77023,-0.36269,0.00272,524.42
quat1,-0.26951,0.27051,-0.91368,0.13917,524.42
quat2,0.07791,-0.33685,0.46539,-0.81478,524.42
quat3,0.01565,-0.61278,0.17079,-0.77142,524.42
quat4,0.21594,-0.66778,0.02539,-0.71189,524.42
quat5,0.00000,0.00000,0.00000,-1.00000,524.42
quat6,0.00000,0.00000,0.00000,-1.00000,524.42
quat7,0.00000,0.00000,0.00000,-1.00000,524.42
quat8,0.00000,0.00000,0.00000,-1.00000,524.42
quat0,-0.52210,-0.77225,-0.36196,0.00409,524.44
quat1,-0.26001,0.26482,-0.91957,0.12907,524.44
quat2,0.05085,-0.36732,0.47907,-0.79560,524.44
quat3,0.02510,-0.61204,0.17403,-0.77103,524.44
quat4,0.22494,-0.65978,0.02292,-0.71664,524.44
quat5,0.00000,0.00000,0.00000,-1.00000,524.44
quat6,0.00000,0.00000,0.00000,-1.00000,524.44
quat7,0.00000,0.00000,0.00000,-1.00000,524.44
quat8,0.00000,0.00000,0.00000,-1.00000,524.44
quat0,-0.51592,-0.77518,-0.36458,0.00308,524.46
quat1,-0.24941,0.25638,-0.92539,0.12536,524.46
quat2,0.02163,-0.39612,0.48698,-0.77812,524.46
quat3,0.03126,-0.61148,0.17681,-0.77062,524.46
quat4,0.23299,-0.65524,0.02097,-0.71829,524.46
quat5,0.00000,0.00000,0.00000,-1.00000,524.46
quat6,0.00000,0.00000,0.00000,-1.00000,524.46
quat7,0.00000,0.00000,0.00000,-1.00000,524.46
quat8,0.00000,0.00000,0.00000,-1.00000,524.46
quat0,-0.52015,-0.77451,-0.35980,0.01123,524.48
quat1,-0.23736,0.24678,-0.93093,0.12700,524.48
quat2,-0.00771,-0.41952,0.48921,-0.76460,524.48
quat3,0.03432,-0.61128,0.18028,-0.76984,524.48
quat4,0.23947,-0.65330,0.01995,-0.71795,524.48
quat5,0.00000,0.00000,0.00000,-1.00000,524.48
quat6,0.00000,0.00000,0.00000,-1.00000,524.48
quat7,0.00000,0.00000,0.00000,-1.00000,524.48
quat8,0.00000,0.00000,0.00000,-1.00000,524.48
quat0,-0.52230,-0.77280,-0.36026,0.01389,524.5
quat1,-0.22427,0.23706,-0.93584,0.13308,524.5
quat2,-0.03300,-0.43635,0.48703,-0.75585,524.5
quat3,0.03388,-0.61061,0.18346,-0.76965,524.5
quat4,0.24387,-0.65252,0.02068,-0.71716,524.5
quat5,0.00000,0.00000,0.00000,-1.00000,524.5
quat6,0.00000,0.00000,0.00000,-1.00000,524.5
quat7,0.00000,0.00000,0.00000,-1.00000,524.5
quat8,0.00000,0.00000,0.00000,-1.00000,524.5
quat0,-0.52867,-0.77010,-0.35641,0.02071,524.52
quat1,-0.21264,0.22899,-0.93937,0.14115,524.52
quat2,-0.04988,-0.44780,0.48201,-0.75144,524.52
quat3,0.03036,-0.60938,0.18658,-0.77002,524.52
quat4,0.24667,-0.65117,0.02368,-0.71734,524.52
quat5,0.00000,0.00000,0.00000,-1.00000,524.52
quat6,0.00000,0.00000,0.00000,-1.00000,524.52
quat7,0.00000,0.00000,0.00000,-1.00000,524.52
quat8,0.00000,0.00000,0.00000,-1.00000,524.52
quat0,-0.53785,-0.76543,-0.35226,0.02721,524.54
quat1,-0.20470,0.22364,-0.94097,0.15054,524.54
quat2,-0.05732,-0.45540,0.47475,-0.75096,524.54
quat3,0.02449,-0.60876,0.18921,-0.77007,524.54
quat4,0.24805,-0.65000,0.02816,-0.71776,524.54
quat5,0.00000,0.00000,0.00000,-1.00000,524.54
quat6,0.00000,0.00000,0.00000,-1.00000,524.54
quat7,0.00000,0.00000,0.00000,-1.00000,524.54
quat8,0.00000,0.00000,0.00000,-1.00000,524.54
quat0,-0.54665,-0.76076,-0.34844,0.03162,524.56
quat1,-0.19946,0.21921,-0.94123,0.16202,524.56
quat2,-0.05694,-0.45944,0.46522,-0.75448,524.56
quat3,0.01587,-0.60786,0.19139,-0.77047,524.56
quat4,0.24874,-0.64911,0.03337,-0.71810,524.56
quat5,0.00000,0.00000,0.00000,-1.00000,524.56
quat6,0.00000,0.00000,0.00000,-1.00000,524.56
quat7,0.00000,0.00000,0.00000,-1.00000,524.56
quat8,0.00000,0.00000,0.00000,-1.00000,524.56
quat0,-0.55637,-0.75511,-0.34497,0.03566,524.58
quat1,-0.19606,0.21436,-0.94044,0.17657,524.58
quat2,-0.05267,-0.45949,0.45354,-0.76183,524.58
quat3,0.00400,-0.60601,0.19284,-0.77172,524.58
quat4,0.24894,-0.64802,0.03937,-0.71871,524.58
quat5,0.00000,0.00000,0.00000,-1.00000,524.58
quat6,0.00000,0.00000,0.00000,-1.00000,524.58
quat7,0.00000,0.00000,0.00000,-1.00000,524.58
quat8,0.00000,0.00000,0.00000,-1.00000,524.58
quat0,-0.56989,-0.74659,-0.34133,0.03640,524.6
quat1,-0.19489,0.20877,-0.93830,0.19499,524.6
quat2,-0.04714,-0.45509,0.43913,-0.77320,524.6
quat3,-0.01054,-0.60384,0.19313,-0.77329,524.6
quat4,0.24795,-0.64749,0.04605,-0.71914,524.6
quat5,0.00000,0.00000,0.00000,-1.00000,524.6
quat6,0.00000,0.00000,0.00000,-1.00000,524.6
quat7,0.00000,0.00000,0.00000,-1.00000,524.6
quat8,0.00000,0.00000,0.00000,-1.00000,524.6
quat0,-0.58245,-0.73767,-0.33942,0.03729,524.62
quat1,-0.19582,0.20221,-0.93456,0.21763,524.62
quat2,-0.04218,-0.44648,0.42218,-0.78781,524.62
quat3,-0.02692,-0.60190,0.19233,-0.77459,524.62
quat4,0.24537,-0.64795,0.05318,-0.71911,524.62
quat5,0.00000,0.00000,0.00000,-1.00000,524.62
quat6,0.00000,0.00000,0.00000,-1.00000,524.62
quat7,0.00000,0.00000,0.00000,-1.00000,524.62
quat8,0.00000,0.00000,0.00000,-1.00000,524.62
quat0,-0.59564,-0.72835,-0.33648,0.03876,524.64
quat1,-0.19861,0.19516,-0.92881,0.24452,524.64
quat2,-0.03859,-0.43273,0.40219,-0.80591,524.64
quat3,-0.04481,-0.59988,0.19050,-0.77579,524.64
quat4,0.24132,-0.65014,0.06114,-0.71787,524.64
quat5,0.00000,0.00000,0.00000,-1.00000,524.64
quat6,0.00000,0.00000,0.00000,-1.00000,524.64
quat7,0.00000,0.00000,0.00000,-1.00000,524.64
quat8,0.00000,0.00000,0.00000,-1.00000,524.64
quat0,-0.61137,-0.71616,-0.33432,0.03959,524.66
quat1,-0.20278,0.18711,-0.92089,0.27537,524.66
quat2,-0.03768,-0.41181,0.38008,-0.82736,524.66
quat3,-0.06414,-0.59756,0.18787,-0.77686,524.66
quat4,0.23659,-0.65369,0.06884,-0.71553,524.66
quat5,0.00000,0.00000,0.00000,-1.00000,524.66
quat6,0.00000,0.00000,0.00000,-1.00000,524.66
quat7,0.00000,0.00000,0.00000,-1.00000,524.66
quat8,0.00000,0.00000,0.00000,-1.00000,524.66
quat0,-0.62556,-0.70520,-0.33104,0.04221,524.68
quat1,-0.20950,0.17892,-0.91037,0.30874,524.68
quat2,-0.03864,-0.38349,0.35621,-0.85121,524.68
quat3,-0.08457,-0.59412,0.18530,-0.77816,524.68
quat4,0.23180,-0.65536,0.07658,-0.71477,524.68
quat5,0.00000,0.00000,0.00000,-1.00000,524.68
quat6,0.00000,0.00000,0.00000,-1.00000,524.68
quat7,0.00000,0.00000,0.00000,-1.00000,524.68
quat8,0.00000,0.00000,0.00000,-1.00000,524.68
quat0,-0.63956,-0.69288,-0.33020,0.04303,524.7
quat1,-0.21783,0.17148,-0.89720,0.34376,524.7
quat2,-0.04043,-0.34975,0.33052,-0.87567,524.7
quat3,-0.10685,-0.58851,0.18298,-0.78023,524.7
quat4,0.22664,-0.65411,0.08456,-0.71668,524.7
quat5,0.00000,0.00000,0.00000,-1.00000,524.7
quat6,0.00000,0.00000,0.00000,-1.00000,524.7
quat7,0.00000,0.00000,0.00000,-1.00000,524.7
quat8,0.00000,0.00000,0.00000,-1.00000,524.7
quat0,-0.65357,-0.68040,-0.32864,0.04347,524.72
quat1,-0.22574,0.16304,-0.88163,0.38103,524.72
quat2,-0.04240,-0.31154,0.30208,-0.89994,524.72
quat3,-0.13044,-0.57933,0.18134,-0.78389,524.72
quat4,0.22050,-0.65106,0.09239,-0.72039,524.72
quat5,0.00000,0.00000,0.00000,-1.00000,524.72
quat6,0.00000,0.00000,0.00000,-1.00000,524.72
quat7,0.00000,0.00000,0.00000,-1.00000,524.72
quat8,0.00000,0.00000,0.00000,-1.00000,524.72
quat0,-0.67102,-0.66493,-0.32475,0.04623,524.74
quat1,-0.23318,0.15254,-0.86314,0.42114,524.74
quat2,-0.04375,-0.26995,0.27149,-0.92277,524.74
quat3,-0.15569,-0.56569,0.18019,-0.78949,524.74
quat4,0.21357,-0.64690,0.09894,-0.72534,524.74
quat5,0.00000,0.00000,0.00000,-1.00000,524.74
quat6,0.00000,0.00000,0.00000,-1.00000,524.74
quat7,0.00000,0.00000,0.00000,-1.00000,524.74
quat8,0.00000,0.00000,0.00000,-1.00000,524.74
quat0,-0.68447,-0.65320,-0.31972,0.05104,524.76
quat1,-0.24204,0.14054,-0.84196,0.46127,524.76
quat2,-0.04402,-0.22751,0.23895,-0.94298,524.76
quat3,-0.18290,-0.54855,0.17989,-0.79579,524.76
quat4,0.20541,-0.64046,0.10491,-0.73254,524.76
quat5,0.00000,0.00000,0.00000,-1.00000,524.76
quat6,0.00000,0.00000,0.00000,-1.00000,524.76
quat7,0.00000,0.00000,0.00000,-1.00000,524.76
quat8,0.00000,0.00000,0.00000,-1.00000,524.76
quat0,-0.70062,-0.64034,-0.30964,0.05669,524.78
quat1,-0.25290,0.12978,-0.81733,0.50117,524.78
quat2,-0.04373,-0.18378,0.20520,-0.96032,524.78
quat3,-0.21109,-0.53017,0.17981,-0.80126,524.78
quat4,0.19620,-0.63145,0.11039,-0.74202,524.78
quat5,0.00000,0.00000,0.00000,-1.00000,524.78
quat6,0.00000,0.00000,0.00000,-1.00000,524.78
quat7,0.00000,0.00000,0.00000,-1.00000,524.78
quat8,0.00000,0.00000,0.00000,-1.00000,524.78
quat0,-0.71304,-0.63009,-0.30159,0.06007,524.8
quat1,-0.26348,0.12072,-0.78996,0.54033,524.8
quat2,-0.04347,-0.14038,0.17046,-0.97435,524.8
quat3,-0.24067,-0.51105,0.17939,-0.80543,524.8
quat4,0.18571,-0.62041,0.11586,-0.75311,524.8
quat5,0.00000,0.00000,0.00000,-1.00000,524.8
quat6,0.00000,0.00000,0.00000,-1.00000,524.8
quat7,0.00000,0.00000,0.00000,-1.00000,524.8
quat8,0.00000,0.00000,0.00000,-1.00000,524.8
quat0,-0.72788,-0.61809,-0.29031,0.06226,524.82
quat1,-0.27201,0.10679,-0.76146,0.57861,524.82
quat2,-0.04404,-0.09730,0.13619,-0.98491,524.82
quat3,-0.27132,-0.49192,0.17973,-0.80753,524.82
quat4,0.17407,-0.60746,0.12023,-0.76566,524.82
quat5,0.00000,0.00000,0.00000,-1.00000,524.82
quat6,0.00000,0.00000,0.00000,-1.00000,524.82
quat7,0.00000,0.00000,0.00000,-1.00000,524.82
quat8,0.00000,0.00000,0.00000,-1.00000,524.82
quat0,-0.73853,-0.61075,-0.27694,0.06983,524.84
quat1,-0.27841,0.09168,-0.73120,0.61598,524.84
quat2,-0.04596,-0.05663,0.10213,-0.99209,524.84
quat3,-0.30402,-0.47121,0.18124,-0.80789,524.84
quat4,0.16061,-0.59251,0.12462,-0.77949,524.84
quat5,0.00000,0.00000,0.00000,-1.00000,524.84
quat6,0.00000,0.00000,0.00000,-1.00000,524.84
quat7,0.00000,0.00000,0.00000,-1.00000,524.84
quat8,0.00000,0.00000,0.00000,-1.00000,524.84
quat0,-0.74960,-0.60361,-0.25945,0.08029,524.86
quat1,-0.28310,0.07518,-0.69945,0.65190,524.86
quat2,-0.05019,-0.01991,0.06798,-0.99622,524.86
quat3,-0.33784,-0.44835,0.18446,-0.80674,524.86
quat4,0.14479,-0.57720,0.12874,-0.79329,524.86
quat5,0.00000,0.00000,0.00000,-1.00000,524.86
quat6,0.00000,0.00000,0.00000,-1.00000,524.86
quat7,0.00000,0.00000,0.00000,-1.00000,524.86
quat8,0.00000,0.00000,0.00000,-1.00000,524.86
quat0,-0.76200,-0.59442,-0.24205,0.08623,524.88
quat1,-0.28604,0.05688,-0.66573,0.68684,524.88
quat2,-0.05810,0.01261,0.03398,-0.99765,524.88
quat3,-0.37308,-0.42278,0.18914,-0.80392,524.88
quat4,0.12583,-0.56148,0.13293,-0.80700,524.88
quat5,0.00000,0.00000,0.00000,-1.00000,524.88
quat6,0.00000,0.00000,0.00000,-1.00000,524.88
quat7,0.00000,0.00000,0.00000,-1.00000,524.88
quat8,0.00000,0.00000,0.00000,-1.00000,524.88
quat0,-0.76870,-0.58985,-0.23014,0.09065,524.9
quat1,-0.28752,0.03882,-0.63025,0.72015,524.9
quat2,-0.06968,0.04239,0.00311,-0.99666,524.9
quat3,-0.40905,-0.39536,0.19498,-0.79897,524.9
quat4,0.10497,-0.54464,0.13820,-0.82051,524.9
quat5,0.00000,0.00000,0.00000,-1.00000,524.9
quat6,0.00000,0.00000,0.00000,-1.00000,524.9
quat7,0.00000,0.00000,0.00000,-1.00000,524.9
quat8,0.00000,0.00000,0.00000,-1.00000,524.9
quat0,-0.77656,-0.58454,-0.21458,0.09604,524.92
quat1,-0.28725,0.02133,-0.59497,0.75037,524.92
quat2,-0.08446,0.06862,-0.02527,-0.99374,524.92
quat3,-0.44622,-0.36566,0.20251,-0.79131,524.92
quat4,0.08289,-0.52696,0.14575,-0.83318,524.92
quat5,0.00000,0.00000,0.00000,-1.00000,524.92
quat6,0.00000,0.00000,0.00000,-1.00000,524.92
quat7,0.00000,0.00000,0.00000,-1.00000,524.92
quat8,0.00000,0.00000,0.00000,-1.00000,524.92
quat0,-0.78082,-0.58234,-0.20233,0.10128,524.94
quat1,-0.28461,0.00451,-0.56073,0.77753,524.94
quat2,-0.10381,0.09044,-0.05189,-0.98912,524.94
quat3,-0.48470,-0.33414,0.21015,-0.78055,524.94
quat4,0.06059,-0.50999,0.15526,-0.84388,524.94
quat5,0.00000,0.00000,0.00000,-1.00000,524.94
quat6,0.00000,0.00000,0.00000,-1.00000,524.94
quat7,0.00000,0.00000,0.00000,-1.00000,524.94
quat8,0.00000,0.00000,0.00000,-1.00000,524.94
quat0,-0.78594,-0.58084,-0.18345,0.10616,524.96
quat1,-0.27958,-0.01348,-0.52735,0.80222,524.96
quat2,-0.12693,0.11088,-0.07660,-0.98271,524.96
quat3,-0.52533,-0.30039,0.21859,-0.76551,524.96
quat4,0.03884,-0.49083,0.16790,-0.85404,524.96
quat5,0.00000,0.00000,0.00000,-1.00000,524.96
quat6,0.00000,0.00000,0.00000,-1.00000,524.96
quat7,0.00000,0.00000,0.00000,-1.00000,524.96
quat8,0.00000,0.00000,0.00000,-1.00000,524.96
quat0,-0.78808,-0.58259,-0.16390,0.11245,524.98
quat1,-0.27101,-0.03413,-0.49582,0.82435,524.98
quat2,-0.15295,0.13156,-0.09825,-0.97450,524.98
quat3,-0.56652,-0.26691,0.22905,-0.74522,524.98
quat4,0.01846,-0.46975,0.18294,-0.86344,524.98
quat5,0.00000,0.00000,0.00000,-1.00000,524.98
quat6,0.00000,0.00000,0.00000,-1.00000,524.98
quat7,0.00000,0.00000,0.00000,-1.00000,524.98
quat8,0.00000,0.00000,0.00000,-1.00000,524.98
quat0,-0.79063,-0.58387,-0.14363,0.11562,525
quat1,-0.25913,-0.05711,-0.46531,0.84444,525
quat2,-0.18069,0.15335,-0.11788,-0.96433,525
quat3,-0.60668,-0.23588,0.24319,-0.71914,525
quat4,-0.00191,-0.44869,0.20130,-0.87072,525
quat5,0.00000,0.00000,0.00000,-1.00000,525
quat6,0.00000,0.00000,0.00000,-1.00000,525
quat7,0.00000,0.00000,0.00000,-1.00000,525
quat8,0.00000,0.00000,0.00000,-1.00000,525
quat0,-0.79336,-0.58430,-0.12213,0.11943,525.02
quat1,-0.24537,-0.08109,-0.43614,0.86198,525.02
quat2,-0.20894,0.17459,-0.13478,-0.95273,525.02
quat3,-0.64473,-0.20592,0.26221,-0.68787,525.02
quat4,-0.02342,-0.42593,0.22265,-0.87662,525.02
quat5,0.00000,0.00000,0.00000,-1.00000,525.02
quat6,0.00000,0.00000,0.00000,-1.00000,525.02
quat7,0.00000,0.00000,0.00000,-1.00000,525.02
quat8,0.00000,0.00000,0.00000,-1.00000,525.02
quat0,-0.79479,-0.58525,-0.09844,0.12687,525.04
quat1,-0.23043,-0.10457,-0.40803,0.87720,525.04
quat2,-0.23711,0.19469,-0.14910,-0.94002,525.04
quat3,-0.68031,-0.17391,0.28471,-0.65259,525.04
quat4,-0.04687,-0.39807,0.24741,-0.88212,525.04
quat5,0.00000,0.00000,0.00000,-1.00000,525.04
quat6,0.00000,0.00000,0.00000,-1.00000,525.04
quat7,0.00000,0.00000,0.00000,-1.00000,525.04
quat8,0.00000,0.00000,0.00000,-1.00000,525.04
quat0,-0.78992,-0.59388,-0.07368,0.13382,525.06
quat1,-0.21229,-0.12768,-0.38158,0.89052,525.06
quat2,-0.26313,0.21538,-0.16078,-0.92656,525.06
quat3,-0.71375,-0.13800,0.30681,-0.61432,525.06
quat4,-0.07297,-0.36499,0.27535,-0.88637,525.06
quat5,0.00000,0.00000,0.00000,-1.00000,525.06
quat6,0.00000,0.00000,0.00000,-1.00000,525.06
quat7,0.00000,0.00000,0.00000,-1.00000,525.06
quat8,0.00000,0.00000,0.00000,-1.00000,525.06
quat0,-0.78617,-0.59995,-0.04573,0.14110,525.08
quat1,-0.19139,-0.15032,-0.35585,0.90230,525.08
quat2,-0.28667,0.23631,-0.17060,-0.91262,525.08
quat3,-0.74474,-0.09829,0.32682,-0.57349,525.08
quat4,-0.10228,-0.32840,0.30650,-0.88755,525.08
quat5,0.00000,0.00000,0.00000,-1.00000,525.08
quat6,0.00000,0.00000,0.00000,-1.00000,525.08
quat7,0.00000,0.00000,0.00000,-1.00000,525.08
quat8,0.00000,0.00000,0.00000,-1.00000,525.08
quat0,-0.78349,-0.60355,-0.01603,0.14701,525.1
quat1,-0.16695,-0.17294,-0.33178,0.91222,525.1
quat2,-0.30708,0.25722,-0.17746,-0.89892,525.1
quat3,-0.77220,-0.05536,0.34537,-0.53044,525.1
quat4,-0.13487,-0.29000,0.33960,-0.88452,525.1
quat5,0.00000,0.00000,0.00000,-1.00000,525.1
quat6,0.00000,0.00000,0.00000,-1.00000,525.1
quat7,0.00000,0.00000,0.00000,-1.00000,525.1
quat8,0.00000,0.00000,0.00000,-1.00000,525.1
quat0,-0.77569,-0.61233,0.00503,0.15275,525.12
quat1,-0.13973,-0.19591,-0.30884,0.92017,525.12
quat2,-0.32367,0.27856,-0.18071,-0.88599,525.12
quat3,-0.79457,-0.01127,0.36362,-0.48612,525.12
quat4,-0.16855,-0.24865,0.37377,-0.87753,525.12
quat5,0.00000,0.00000,0.00000,-1.00000,525.12
quat6,0.00000,0.00000,0.00000,-1.00000,525.12
quat7,0.00000,0.00000,0.00000,-1.00000,525.12
quat8,0.00000,0.00000,0.00000,-1.00000,525.12
quat0,-0.77221,-0.61434,0.02877,0.15955,525.14
quat1,-0.11058,-0.21806,-0.28701,0.92620,525.14
quat2,-0.33570,0.30026,-0.18050,-0.87440,525.14
quat3,-0.81189,0.03129,0.38019,-0.44193,525.14
quat4,-0.20203,-0.20583,0.40845,-0.86602,525.14
quat5,0.00000,0.00000,0.00000,-1.00000,525.14
quat6,0.00000,0.00000,0.00000,-1.00000,525.14
quat7,0.00000,0.00000,0.00000,-1.00000,525.14
quat8,0.00000,0.00000,0.00000,-1.00000,525.14
quat0,-0.76965,-0.61375,0.05227,0.16794,525.16
quat1,-0.08204,-0.23916,-0.26521,0.93045,525.16
quat2,-0.34367,0.32207,-0.17741,-0.86411,525.16
quat3,-0.82523,0.07295,0.39372,-0.39832,525.16
quat4,-0.22946,-0.16999,0.44696,-0.84775,525.16
quat5,0.00000,0.00000,0.00000,-1.00000,525.16
quat6,0.00000,0.00000,0.00000,-1.00000,525.16
quat7,0.00000,0.00000,0.00000,-1.00000,525.16
quat8,0.00000,0.00000,0.00000,-1.00000,525.16
quat0,-0.76366,-0.61539,0.07690,0.17946,525.18
quat1,-0.05451,-0.25962,-0.24342,0.93294,525.18
quat2,-0.34760,0.34418,-0.17118,-0.85523,525.18
quat3,-0.83501,0.11488,0.40321,-0.35635,525.18
quat4,-0.25488,-0.13213,0.48561,-0.82569,525.18
quat5,0.00000,0.00000,0.00000,-1.00000,525.18
quat6,0.00000,0.00000,0.00000,-1.00000,525.18
quat7,0.00000,0.00000,0.00000,-1.00000,525.18
quat8,0.00000,0.00000,0.00000,-1.00000,525.18
quat0,-0.75480,-0.62178,0.09523,0.18600,525.2
quat1,-0.02593,-0.27967,-0.22176,0.93377,525.2
quat2,-0.34759,0.36591,-0.16148,-0.84806,525.2
quat3,-0.84046,0.15745,0.41001,-0.31739,525.2
quat4,-0.27794,-0.09039,0.52349,-0.80034,525.2
quat5,0.00000,0.00000,0.00000,-1.00000,525.2
quat6,0.00000,0.00000,0.00000,-1.00000,525.2
quat7,0.00000,0.00000,0.00000,-1.00000,525.2
quat8,0.00000,0.00000,0.00000,-1.00000,525.2
quat0,-0.74856,-0.62242,0.11473,0.19772,525.22
quat1,0.00030,-0.30116,-0.20171,0.93200,525.22
quat2,-0.34263,0.38652,-0.15124,-0.84281,525.22
quat3,-0.83970,0.20007,0.41732,-0.28410,525.22
quat4,-0.30230,-0.04310,0.56113,-0.76934,525.22
quat5,0.00000,0.00000,0.00000,-1.00000,525.22
quat6,0.00000,0.00000,0.00000,-1.00000,525.22
quat7,0.00000,0.00000,0.00000,-1.00000,525.22
quat8,0.00000,0.00000,0.00000,-1.00000,525.22
quat0,-0.74046,-0.62531,0.13513,0.20601,525.24
quat1,0.02343,-0.32234,-0.18262,0.92855,525.24
quat2,-0.33468,0.40415,-0.14272,-0.83922,525.24
quat3,-0.83641,0.24525,0.41791,-0.25617,525.24
quat4,-0.33021,0.01123,0.59550,-0.73226,525.24
quat5,0.00000,0.00000,0.00000,-1.00000,525.24
quat6,0.00000,0.00000,0.00000,-1.00000,525.24
quat7,0.00000,0.00000,0.00000,-1.00000,525.24
quat8,0.00000,0.00000,0.00000,-1.00000,525.24
quat0,-0.73324,-0.62922,0.14949,0.21000,525.26
quat1,0.04795,-0.34000,-0.16490,0.92461,525.26
quat2,-0.32506,0.41688,-0.13423,-0.83817,525.26
quat3,-0.83281,0.28713,0.41337,-0.23046,525.26
quat4,-0.35369,0.06573,0.62595,-0.69193,525.26
quat5,0.00000,0.00000,0.00000,-1.00000,525.26
quat6,0.00000,0.00000,0.00000,-1.00000,525.26
quat7,0.00000,0.00000,0.00000,-1.00000,525.26
quat8,0.00000,0.00000,0.00000,-1.00000,525.26
quat0,-0.72652,-0.63341,0.16275,0.21088,525.28
quat1,0.07124,-0.35091,-0.15064,0.92146,525.28
quat2,-0.31344,0.42741,-0.12570,-0.83862,525.28
quat3,-0.82986,0.32251,0.40663,-0.20486,525.28
quat4,-0.36567,0.11505,0.65302,-0.65316,525.28
quat5,0.00000,0.00000,0.00000,-1.00000,525.28
quat6,0.00000,0.00000,0.00000,-1.00000,525.28
quat7,0.00000,0.00000,0.00000,-1.00000,525.28
quat8,0.00000,0.00000,0.00000,-1.00000,525.28
quat0,-0.71882,-0.63666,0.17516,0.21743,525.3
quat1,0.09047,-0.36152,-0.13844,0.91758,525.3
quat2,-0.30062,0.43495,-0.11821,-0.84052,525.3
quat3,-0.82761,0.35288,0.39892,-0.17719,525.3
quat4,-0.37063,0.16222,0.67494,-0.61707,525.3
quat5,0.00000,0.00000,0.00000,-1.00000,525.3
quat6,0.00000,0.00000,0.00000,-1.00000,525.3
quat7,0.00000,0.00000,0.00000,-1.00000,525.3
quat8,0.00000,0.00000,0.00000,-1.00000,525.3
quat0,-0.71384,-0.64001,0.18508,0.21578,525.32
quat1,0.10612,-0.37262,-0.12861,0.91288,525.32
quat2,-0.28925,0.43858,-0.11324,-0.84330,525.32
quat3,-0.82463,0.37690,0.39400,-0.15065,525.32
quat4,-0.37033,0.20626,0.69211,-0.58421,525.32
quat5,0.00000,0.00000,0.00000,-1.00000,525.32
quat6,0.00000,0.00000,0.00000,-1.00000,525.32
quat7,0.00000,0.00000,0.00000,-1.00000,525.32
quat8,0.00000,0.00000,0.00000,-1.00000,525.32
quat0,-0.70997,-0.64041,0.19424,0.21928,525.34
quat1,0.11972,-0.37929,-0.12310,0.90921,525.34
quat2,-0.28185,0.43755,-0.11054,-0.84670,525.34
quat3,-0.82006,0.39555,0.39325,-0.12804,525.34
quat4,-0.36275,0.24377,0.70756,-0.55529,525.34
quat5,0.00000,0.00000,0.00000,-1.00000,525.34
quat6,0.00000,0.00000,0.00000,-1.00000,525.34
quat7,0.00000,0.00000,0.00000,-1.00000,525.34
quat8,0.00000,0.00000,0.00000,-1.00000,525.34
quat0,-0.70364,-0.64424,0.20167,0.22177,525.36
quat1,0.13002,-0.38346,-0.11988,0.90647,525.36
quat2,-0.27617,0.43641,-0.10903,-0.84935,525.36
quat3,-0.81502,0.40865,0.39584,-0.10981,525.36
quat4,-0.34912,0.27267,0.72181,-0.53175,525.36
quat5,0.00000,0.00000,0.00000,-1.00000,525.36
quat6,0.00000,0.00000,0.00000,-1.00000,525.36
quat7,0.00000,0.00000,0.00000,-1.00000,525.36
quat8,0.00000,0.00000,0.00000,-1.00000,525.36
quat0,-0.70312,-0.64597,0.20229,0.21779,525.38
quat1,0.13733,-0.38768,-0.11865,0.90375,525.38
quat2,-0.27303,0.43437,-0.10772,-0.85157,525.38
quat3,-0.81042,0.41938,0.39808,-0.09418,525.38
quat4,-0.33483,0.29433,0.73346,-0.51312,525.38
quat5,0.00000,0.00000,0.00000,-1.00000,525.38
quat6,0.00000,0.00000,0.00000,-1.00000,525.38
quat7,0.00000,0.00000,0.00000,-1.00000,525.38
quat8,0.00000,0.00000,0.00000,-1.00000,525.38
quat0,-0.70242,-0.64785,0.20406,0.21275,525.4
quat1,0.14169,-0.39235,-0.11896,0.90102,525.4
quat2,-0.27195,0.43100,-0.10608,-0.85383,525.4
quat3,-0.80482,0.42971,0.40096,-0.08270,525.4
quat4,-0.32530,0.31175,0.74055,-0.49858,525.4
quat5,0.00000,0.00000,0.00000,-1.00000,525.4
quat6,0.00000,0.00000,0.00000,-1.00000,525.4
quat7,0.00000,0.00000,0.00000,-1.00000,525.4
quat8,0.00000,0.00000,0.00000,-1.00000,525.4
quat0,-0.70476,-0.64746,0.20261,0.20749,525.42
quat1,0.14317,-0.39595,-0.12092,0.89895,525.42
quat2,-0.27193,0.42767,-0.10442,-0.85571,525.42
quat3,-0.79927,0.43791,0.40459,-0.07556,525.42
quat4,-0.32076,0.32632,0.74339,-0.48785,525.42
quat5,0.00000,0.00000,0.00000,-1.00000,525.42
quat6,0.00000,0.00000,0.00000,-1.00000,525.42
quat7,0.00000,0.00000,0.00000,-1.00000,525.42
quat8,0.00000,0.00000,0.00000,-1.00000,525.42
quat0,-0.70625,-0.64963,0.19911,0.19886,525.44
quat1,0.14168,-0.39769,-0.12495,0.89786,525.44
quat2,-0.27282,0.42484,-0.10353,-0.85695,525.44
quat3,-0.79452,0.44238,0.40968,-0.07214,525.44
quat4,-0.31784,0.33519,0.74362,-0.48339,525.44
quat5,0.00000,0.00000,0.00000,-1.00000,525.44
quat6,0.00000,0.00000,0.00000,-1.00000,525.44
quat7,0.00000,0.00000,0.00000,-1.00000,525.44
quat8,0.00000,0.00000,0.00000,-1.00000,525.44
quat0,-0.70931,-0.64905,0.19544,0.19341,525.46
quat1,0.13717,-0.39911,-0.13017,0.89719,525.46
quat2,-0.27409,0.42041,-0.10245,-0.85886,525.46
quat3,-0.79105,0.44290,0.41571,-0.07251,525.46
quat4,-0.31447,0.33678,0.74227,-0.48654,525.46
quat5,0.00000,0.00000,0.00000,-1.00000,525.46
quat6,0.00000,0.00000,0.00000,-1.00000,525.46
quat7,0.00000,0.00000,0.00000,-1.00000,525.46
quat8,0.00000,0.00000,0.00000,-1.00000,525.46
quat0,-0.71335,-0.64865,0.18951,0.18567,525.48
quat1,0.12971,-0.39930,-0.13633,0.89730,525.48
quat2,-0.27489,0.41576,-0.10134,-0.86099,525.48
quat3,-0.78890,0.44007,0.42193,-0.07714,525.48
quat4,-0.30962,0.33114,0.73964,-0.49741,525.48
quat5,0.00000,0.00000,0.00000,-1.00000,525.48
quat6,0.00000,0.00000,0.00000,-1.00000,525.48
quat7,0.00000,0.00000,0.00000,-1.00000,525.48
quat8,0.00000,0.00000,0.00000,-1.00000,525.48
quat0,-0.72048,-0.64488,0.18226,0.17837,525.5
quat1,0.12001,-0.39728,-0.14439,0.89828,525.5
quat2,-0.27584,0.41075,-0.10066,-0.86317,525.5
quat3,-0.78753,0.43357,0.42928,-0.08678,525.5
quat4,-0.30297,0.31869,0.73568,-0.51518,525.5
quat5,0.00000,0.00000,0.00000,-1.00000,525.5
quat6,0.00000,0.00000,0.00000,-1.00000,525.5
quat7,0.00000,0.00000,0.00000,-1.00000,525.5
quat8,0.00000,0.00000,0.00000,-1.00000,525.5
quat0,-0.72567,-0.64306,0.17462,0.17141,525.52
quat1,0.10907,-0.39331,-0.15451,0.89974,525.52
quat2,-0.27742,0.40528,-0.10102,-0.86521,525.52
quat3,-0.78607,0.42411,0.43806,-0.10164,525.52
quat4,-0.29535,0.30013,0.72971,-0.53871,525.52
quat5,0.00000,0.00000,0.00000,-1.00000,525.52
quat6,0.00000,0.00000,0.00000,-1.00000,525.52
quat7,0.00000,0.00000,0.00000,-1.00000,525.52
quat8,0.00000,0.00000,0.00000,-1.00000,525.52
quat0,-0.73462,-0.63712,0.16521,0.16468,525.54
quat1,0.09646,-0.38819,-0.16582,0.90139,525.54
quat2,-0.28047,0.39930,-0.10242,-0.86684,525.54
quat3,-0.78420,0.41185,0.44789,-0.12166,525.54
quat4,-0.28677,0.27777,0.72031,-0.56723,525.54
quat5,0.00000,0.00000,0.00000,-1.00000,525.54
quat6,0.00000,0.00000,0.00000,-1.00000,525.54
quat7,0.00000,0.00000,0.00000,-1.00000,525.54
quat8,0.00000,0.00000,0.00000,-1.00000,525.54
quat0,-0.74369,-0.63135,0.15410,0.15676,525.56
quat1,0.08074,-0.38120,-0.17793,0.90361,525.56
quat2,-0.28485,0.39322,-0.10527,-0.86784,525.56
quat3,-0.78203,0.39687,0.45764,-0.14660,525.56
quat4,-0.27973,0.25223,0.70664,-0.59899,525.56
quat5,0.00000,0.00000,0.00000,-1.00000,525.56
quat6,0.00000,0.00000,0.00000,-1.00000,525.56
quat7,0.00000,0.00000,0.00000,-1.00000,525.56
quat8,0.00000,0.00000,0.00000,-1.00000,525.56
quat0,-0.75481,-0.62224,0.14222,0.15119,525.58
quat1,0.06249,-0.37381,-0.18978,0.90573,525.58
quat2,-0.29021,0.38720,-0.10933,-0.86827,525.58
quat3,-0.77868,0.37833,0.46816,-0.17703,525.58
quat4,-0.27288,0.22372,0.68837,-0.63375,525.58
quat5,0.00000,0.00000,0.00000,-1.00000,525.58
quat6,0.00000,0.00000,0.00000,-1.00000,525.58
quat7,0.00000,0.00000,0.00000,-1.00000,525.58
quat8,0.00000,0.00000,0.00000,-1.00000,525.58
quat0,-0.76466,-0.61432,0.12976,0.14516,525.6
quat1,0.04218,-0.36652,-0.20082,0.90750,525.6
quat2,-0.29716,0.38108,-0.11480,-0.86792,525.6
quat3,-0.77402,0.35579,0.47870,-0.21249,525.6
quat4,-0.26559,0.19250,0.66564,-0.67032,525.6
quat5,0.00000,0.00000,0.00000,-1.00000,525.6
quat6,0.00000,0.00000,0.00000,-1.00000,525.6
quat7,0.00000,0.00000,0.00000,-1.00000,525.6
quat8,0.00000,0.00000,0.00000,-1.00000,525.6
quat0,-0.77508,-0.60521,0.11788,0.13809,525.62
quat1,0.01940,-0.35871,-0.21152,0.90896,525.62
quat2,-0.30585,0.37621,-0.12108,-0.86618,525.62
quat3,-0.76799,0.32895,0.48814,-0.25239,525.62
quat4,-0.25654,0.15722,0.63849,-0.70837,525.62
quat5,0.00000,0.00000,0.00000,-1.00000,525.62
quat6,0.00000,0.00000,0.00000,-1.00000,525.62
quat7,0.00000,0.00000,0.00000,-1.00000,525.62
quat8,0.00000,0.00000,0.00000,-1.00000,525.62
quat0,-0.78500,-0.59657,0.10384,0.13078,525.64
quat1,-0.00462,-0.35135,-0.22284,0.90933,525.64
quat2,-0.31458,0.37291,-0.12744,-0.86356,525.64
quat3,-0.76106,0.29727,0.49505,-0.29552,525.64
quat4,-0.24513,0.11808,0.60747,-0.74629,525.64
quat5,0.00000,0.00000,0.00000,-1.00000,525.64
quat6,0.00000,0.00000,0.00000,-1.00000,525.64
quat7,0.00000,0.00000,0.00000,-1.00000,525.64
quat8,0.00000,0.00000,0.00000,-1.00000,525.64
quat0,-0.79452,-0.58803,0.08994,0.12195,525.66
quat1,-0.02973,-0.34464,-0.23484,0.90840,525.66
quat2,-0.32368,0.36850,-0.13289,-0.86126,525.66
quat3,-0.75338,0.26112,0.49773,-0.34131,525.66
quat4,-0.23197,0.07524,0.57318,-0.78230,525.66
quat5,0.00000,0.00000,0.00000,-1.00000,525.66
quat6,0.00000,0.00000,0.00000,-1.00000,525.66
quat7,0.00000,0.00000,0.00000,-1.00000,525.66
quat8,0.00000,0.00000,0.00000,-1.00000,525.66
quat0,-0.80180,-0.58220,0.07465,0.11218,525.68
quat1,-0.05585,-0.33812,-0.24899,0.90584,525.68
quat2,-0.33207,0.36195,-0.13704,-0.86020,525.68
quat3,-0.74450,0.22244,0.49426,-0.38980,525.68
quat4,-0.21804,0.02963,0.53617,-0.81492,525.68
quat5,0.00000,0.00000,0.00000,-1.00000,525.68
quat6,0.00000,0.00000,0.00000,-1.00000,525.68
quat7,0.00000,0.00000,0.00000,-1.00000,525.68
quat8,0.00000,0.00000,0.00000,-1.00000,525.68
quat0,-0.81172,-0.57171,0.05967,0.10340,525.7
quat1,-0.08136,-0.33172,-0.26549,0.90159,525.7
quat2,-0.33949,0.35349,-0.13955,-0.86042,525.7
quat3,-0.73376,0.18460,0.48332,-0.44037,525.7
quat4,-0.20414,-0.01778,0.49682,-0.84331,525.7
quat5,0.00000,0.00000,0.00000,-1.00000,525.7
quat6,0.00000,0.00000,0.00000,-1.00000,525.7
quat7,0.00000,0.00000,0.00000,-1.00000,525.7
quat8,0.00000,0.00000,0.00000,-1.00000,525.7
quat0,-0.81785,-0.56627,0.04333,0.09264,525.72
quat1,-0.10651,-0.32408,-0.28424,0.89601,525.72
quat2,-0.34484,0.34322,-0.13965,-0.86243,525.72
quat3,-0.72085,0.14806,0.46575,-0.49146,525.72
quat4,-0.19064,-0.06481,0.45593,-0.86694,525.72
quat5,0.00000,0.00000,0.00000,-1.00000,525.72
quat6,0.00000,0.00000,0.00000,-1.00000,525.72
quat7,0.00000,0.00000,0.00000,-1.00000,525.72
quat8,0.00000,0.00000,0.00000,-1.00000,525.72
quat0,-0.82473,-0.55900,0.02531,0.08182,525.74
quat1,-0.13026,-0.31572,-0.30491,0.88903,525.74
quat2,-0.34764,0.33088,-0.13814,-0.86636,525.74
quat3,-0.70402,0.11225,0.44517,-0.54183,525.74
quat4,-0.17797,-0.11090,0.41458,-0.88552,525.74
quat5,0.00000,0.00000,0.00000,-1.00000,525.74
quat6,0.00000,0.00000,0.00000,-1.00000,525.74
quat7,0.00000,0.00000,0.00000,-1.00000,525.74
quat8,0.00000,0.00000,0.00000,-1.00000,525.74
quat0,-0.82709,-0.55776,0.00479,0.06932,525.76
quat1,-0.15160,-0.30656,-0.32876,0.88032,525.76
quat2,-0.34647,0.31819,-0.13582,-0.87193,525.76
quat3,-0.68584,0.07917,0.42095,-0.58835,525.76
quat4,-0.16519,-0.15480,0.37340,-0.89962,525.76
quat5,0.00000,0.00000,0.00000,-1.00000,525.76
quat6,0.00000,0.00000,0.00000,-1.00000,525.76
quat7,0.00000,0.00000,0.00000,-1.00000,525.76
quat8,0.00000,0.00000,0.00000,-1.00000,525.76
quat0,-0.83043,-0.55378,-0.01751,0.05837,525.78
quat1,-0.17185,-0.29443,-0.35554,0.87027,525.78
quat2,-0.34151,0.30365,-0.13277,-0.87951,525.78
quat3,-0.66734,0.04935,0.39401,-0.63006,525.78
quat4,-0.14989,-0.19469,0.33293,-0.91038,525.78
quat5,0.00000,0.00000,0.00000,-1.00000,525.78
quat6,0.00000,0.00000,0.00000,-1.00000,525.78
quat7,0.00000,0.00000,0.00000,-1.00000,525.78
quat8,0.00000,0.00000,0.00000,-1.00000,525.78
quat0,-0.82876,-0.55606,-0.04385,0.04512,525.8
quat1,-0.19189,-0.27918,-0.38423,0.85884,525.8
quat2,-0.33255,0.28626,-0.12879,-0.88931,525.8
quat3,-0.64674,0.01963,0.36750,-0.66804,525.8
quat4,-0.12946,-0.23110,0.29298,-0.91869,525.8
quat5,0.00000,0.00000,0.00000,-1.00000,525.8
quat6,0.00000,0.00000,0.00000,-1.00000,525.8
quat7,0.00000,0.00000,0.00000,-1.00000,525.8
quat8,0.00000,0.00000,0.00000,-1.00000,525.8
quat0,-0.82633,-0.55794,-0.06933,0.03285,525.82
quat1,-0.21173,-0.25963,-0.41499,0.84590,525.82
quat2,-0.31922,0.26669,-0.12433,-0.90084,525.82
quat3,-0.62359,-0.01411,0.34257,-0.70256,525.82
quat4,-0.10497,-0.26555,0.25444,-0.92397,525.82
quat5,0.00000,0.00000,0.00000,-1.00000,525.82
quat6,0.00000,0.00000,0.00000,-1.00000,525.82
quat7,0.00000,0.00000,0.00000,-1.00000,525.82
quat8,0.00000,0.00000,0.00000,-1.00000,525.82
quat0,-0.82280,-0.56064,-0.08998,0.02433,525.84
quat1,-0.23286,-0.23360,-0.44740,0.83129,525.84
quat2,-0.30195,0.24463,-0.11862,-0.91373,525.84
quat3,-0.59800,-0.05049,0.31779,-0.73407,525.84
quat4,-0.07621,-0.30109,0.21753,-0.92532,525.84
quat5,0.00000,0.00000,0.00000,-1.00000,525.84
quat6,0.00000,0.00000,0.00000,-1.00000,525.84
quat7,0.00000,0.00000,0.00000,-1.00000,525.84
quat8,0.00000,0.00000,0.00000,-1.00000,525.84
quat0,-0.81774,-0.56426,-0.11241,0.01679,525.86
quat1,-0.25558,-0.20285,-0.48082,0.81385,525.86
quat2,-0.28116,0.21956,-0.11039,-0.92766,525.86
quat3,-0.56935,-0.08830,0.29415,-0.76257,525.86
quat4,-0.04477,-0.33842,0.18354,-0.92184,525.86
quat5,0.00000,0.00000,0.00000,-1.00000,525.86
quat6,0.00000,0.00000,0.00000,-1.00000,525.86
quat7,0.00000,0.00000,0.00000,-1.00000,525.86
quat8,0.00000,0.00000,0.00000,-1.00000,525.86
quat0,-0.81377,-0.56605,-0.13144,0.00898,525.88
quat1,-0.27906,-0.16978,-0.51516,0.79241,525.88
quat2,-0.25665,0.19267,-0.09970,-0.94184,525.88
quat3,-0.53943,-0.12541,0.27142,-0.78716,525.88
quat4,-0.01275,-0.37515,0.15242,-0.91426,525.88
quat5,0.00000,0.00000,0.00000,-1.00000,525.88
quat6,0.00000,0.00000,0.00000,-1.00000,525.88
quat7,0.00000,0.00000,0.00000,-1.00000,525.88
quat8,0.00000,0.00000,0.00000,-1.00000,525.88
quat0,-0.80812,-0.56898,-0.15228,0.00237,525.9
quat1,-0.30166,-0.13699,-0.54983,0.76676,525.9
quat2,-0.22963,0.16763,-0.08649,-0.95482,525.9
quat3,-0.50897,-0.16086,0.24939,-0.80801,525.9
quat4,0.01842,-0.40973,0.12543,-0.90336,525.9
quat5,0.00000,0.00000,0.00000,-1.00000,525.9
quat6,0.00000,0.00000,0.00000,-1.00000,525.9
quat7,0.00000,0.00000,0.00000,-1.00000,525.9
quat8,0.00000,0.00000,0.00000,-1.00000,525.9
quat0,-0.80039,-0.57451,-0.17121,-0.00288,525.92
quat1,-0.32230,-0.10610,-0.58502,0.73663,525.92
quat2,-0.20060,0.14397,-0.06936,-0.96655,525.92
quat3,-0.47735,-0.19467,0.22777,-0.82605,525.92
quat4,0.04785,-0.44266,0.10231,-0.88955,525.92
quat5,0.00000,0.00000,0.00000,-1.00000,525.92
quat6,0.00000,0.00000,0.00000,-1.00000,525.92
quat7,0.00000,0.00000,0.00000,-1.00000,525.92
quat8,0.00000,0.00000,0.00000,-1.00000,525.92
quat0,-0.79127,-0.58015,-0.19279,-0.01194,525.94
quat1,-0.33867,-0.07647,-0.61982,0.70376,525.94
quat2,-0.17016,0.12070,-0.04868,-0.97678,525.94
quat3,-0.44456,-0.22758,0.20725,-0.84120,525.94
quat4,0.07433,-0.47393,0.08464,-0.87333,525.94
quat5,0.00000,0.00000,0.00000,-1.00000,525.94
quat6,0.00000,0.00000,0.00000,-1.00000,525.94
quat7,0.00000,0.00000,0.00000,-1.00000,525.94
quat8,0.00000,0.00000,0.00000,-1.00000,525.94
quat0,-0.78149,-0.58587,-0.21373,-0.01888,525.96
quat1,-0.35217,-0.04550,-0.65333,0.66863,525.96
quat2,-0.13912,0.09624,-0.02483,-0.98527,525.96
quat3,-0.40912,-0.26041,0.18829,-0.85402,525.96
quat4,0.09717,-0.50578,0.07019,-0.85430,525.96
quat5,0.00000,0.00000,0.00000,-1.00000,525.96
quat6,0.00000,0.00000,0.00000,-1.00000,525.96
quat7,0.00000,0.00000,0.00000,-1.00000,525.96
quat8,0.00000,0.00000,0.00000,-1.00000,525.96
quat0,-0.77027,-0.59299,-0.23310,-0.02643,525.98
quat1,-0.36397,-0.01389,-0.68535,0.63058,525.98
quat2,-0.10857,0.07050,0.00119,-0.99159,525.98
quat3,-0.37314,-0.29233,0.17122,-0.86371,525.98
quat4,0.11589,-0.53858,0.06058,-0.83237,525.98
quat5,0.00000,0.00000,0.00000,-1.00000,525.98
quat6,0.00000,0.00000,0.00000,-1.00000,525.98
quat7,0.00000,0.00000,0.00000,-1.00000,525.98
quat8,0.00000,0.00000,0.00000,-1.00000,525.98
quat0,-0.75740,-0.60158,-0.25132,-0.03584,526
quat1,-0.37384,0.01617,-0.71512,0.59041,526
quat2,-0.07874,0.04439,0.02923,-0.99548,526
quat3,-0.33615,-0.32405,0.15646,-0.87035,526
quat4,0.13066,-0.57078,0.05436,-0.80882,526
quat5,0.00000,0.00000,0.00000,-1.00000,526
quat6,0.00000,0.00000,0.00000,-1.00000,526
quat7,0.00000,0.00000,0.00000,-1.00000,526
quat8,0.00000,0.00000,0.00000,-1.00000,526
quat0,-0.73980,-0.61496,-0.26874,-0.04793,526.02
quat1,-0.38179,0.04649,-0.74206,0.54902,526.02
quat2,-0.04943,0.01573,0.05909,-0.99690,526.02
quat3,-0.29969,-0.35560,0.14433,-0.87344,526.02
quat4,0.14139,-0.60075,0.05047,-0.78521,526.02
quat5,0.00000,0.00000,0.00000,-1.00000,526.02
quat6,0.00000,0.00000,0.00000,-1.00000,526.02
quat7,0.00000,0.00000,0.00000,-1.00000,526.02
quat8,0.00000,0.00000,0.00000,-1.00000,526.02
quat0,-0.71948,-0.62706,-0.29229,-0.06088,526.04
quat1,-0.38794,0.07691,-0.76612,0.50661,526.04
quat2,-0.02075,-0.01481,0.09001,-0.99561,526.04
quat3,-0.26485,-0.38587,0.13738,-0.87298,526.04
quat4,0.14895,-0.62737,0.04759,-0.76286,526.04
quat5,0.00000,0.00000,0.00000,-1.00000,526.04
quat6,0.00000,0.00000,0.00000,-1.00000,526.04
quat7,0.00000,0.00000,0.00000,-1.00000,526.04
quat8,0.00000,0.00000,0.00000,-1.00000,526.04
quat0,-0.69540,-0.64304,-0.31349,-0.06808,526.06
quat1,-0.39100,0.10723,-0.78740,0.46435,526.06
quat2,0.00781,-0.04591,0.12111,-0.99155,526.06
quat3,-0.23298,-0.41832,0.13419,-0.86759,526.06
quat4,0.15370,-0.64940,0.04745,-0.74324,526.06
quat5,0.00000,0.00000,0.00000,-1.00000,526.06
quat6,0.00000,0.00000,0.00000,-1.00000,526.06
quat7,0.00000,0.00000,0.00000,-1.00000,526.06
quat8,0.00000,0.00000,0.00000,-1.00000,526.06
quat0,-0.66903,-0.66155,-0.33236,-0.06550,526.08
quat1,-0.39255,0.13720,-0.80611,0.42103,526.08
quat2,0.03632,-0.07787,0.15245,-0.98457,526.08
quat3,-0.20225,-0.45381,0.13239,-0.85768,526.08
quat4,0.15604,-0.66902,0.04801,-0.72509,526.08
quat5,0.00000,0.00000,0.00000,-1.00000,526.08
quat6,0.00000,0.00000,0.00000,-1.00000,526.08
quat7,0.00000,0.00000,0.00000,-1.00000,526.08
quat8,0.00000,0.00000,0.00000,-1.00000,526.08
quat0,-0.64781,-0.67735,-0.34211,-0.06708,526.1
quat1,-0.39456,0.16600,-0.82222,0.37513,526.1
quat2,0.06461,-0.11125,0.18361,-0.97454,526.1
quat3,-0.17270,-0.48791,0.13207,-0.84538,526.1
quat4,0.15695,-0.68690,0.04904,-0.70790,526.1
quat5,0.00000,0.00000,0.00000,-1.00000,526.1
quat6,0.00000,0.00000,0.00000,-1.00000,526.1
quat7,0.00000,0.00000,0.00000,-1.00000,526.1
quat8,0.00000,0.00000,0.00000,-1.00000,526.1
quat0,-0.63158,-0.68919,-0.34892,-0.06619,526.12
quat1,-0.39354,0.19336,-0.83630,0.32914,526.12
quat2,0.09298,-0.14604,0.21493,-0.96116,526.12
quat3,-0.14528,-0.51716,0.13125,-0.83319,526.12
quat4,0.15714,-0.70300,0.05006,-0.69181,526.12
quat5,0.00000,0.00000,0.00000,-1.00000,526.12
quat6,0.00000,0.00000,0.00000,-1.00000,526.12
quat7,0.00000,0.00000,0.00000,-1.00000,526.12
quat8,0.00000,0.00000,0.00000,-1.00000,526.12
quat0,-0.61766,-0.70388,-0.34452,-0.06609,526.14
quat1,-0.39013,0.21859,-0.84826,0.28366,526.14
quat2,0.12077,-0.18194,0.24632,-0.94427,526.14
quat3,-0.11671,-0.54294,0.13207,-0.82107,526.14
quat4,0.15758,-0.71924,0.04819,-0.67494,526.14
quat5,0.00000,0.00000,0.00000,-1.00000,526.14
quat6,0.00000,0.00000,0.00000,-1.00000,526.14
quat7,0.00000,0.00000,0.00000,-1.00000,526.14
quat8,0.00000,0.00000,0.00000,-1.00000,526.14
quat0,-0.60101,-0.72028,-0.34122,-0.05961,526.16
quat1,-0.38665,0.24076,-0.85761,0.23883,526.16
quat2,0.14711,-0.21734,0.27765,-0.92414,526.16
quat3,-0.08574,-0.56716,0.13434,-0.80804,526.16
quat4,0.15887,-0.73563,0.04355,-0.65705,526.16
quat5,0.00000,0.00000,0.00000,-1.00000,526.16
quat6,0.00000,0.00000,0.00000,-1.00000,526.16
quat7,0.00000,0.00000,0.00000,-1.00000,526.16
quat8,0.00000,0.00000,0.00000,-1.00000,526.16
quat0,-0.58257,-0.73393,-0.34393,-0.06064,526.18
quat1,-0.38192,0.25949,-0.86516,0.19570,526.18
quat2,0.17141,-0.25019,0.30880,-0.90148,526.18
quat3,-0.05711,-0.58684,0.13691,-0.79600,526.18
quat4,0.16153,-0.74889,0.03579,-0.64171,526.18
quat5,0.00000,0.00000,0.00000,-1.00000,526.18
quat6,0.00000,0.00000,0.00000,-1.00000,526.18
quat7,0.00000,0.00000,0.00000,-1.00000,526.18
quat8,0.00000,0.00000,0.00000,-1.00000,526.18
quat0,-0.55762,-0.74710,-0.35705,-0.05847,526.2
quat1,-0.37533,0.27544,-0.87108,0.15646,526.2
quat2,0.19239,-0.27856,0.33921,-0.87768,526.2
quat3,-0.03335,-0.60302,0.13722,-0.78513,526.2
quat4,0.16727,-0.75681,0.02501,-0.63137,526.2
quat5,0.00000,0.00000,0.00000,-1.00000,526.2
quat6,0.00000,0.00000,0.00000,-1.00000,526.2
quat7,0.00000,0.00000,0.00000,-1.00000,526.2
quat8,0.00000,0.00000,0.00000,-1.00000,526.2
quat0,-0.54605,-0.75637,-0.35582,-0.05594,526.22
quat1,-0.36779,0.28931,-0.87513,0.12320,526.22
quat2,0.20758,-0.30152,0.36799,-0.85474,526.22
quat3,-0.01269,-0.61493,0.13762,-0.77638,526.22
quat4,0.17723,-0.75755,0.01498,-0.62808,526.22
quat5,0.00000,0.00000,0.00000,-1.00000,526.22
quat6,0.00000,0.00000,0.00000,-1.00000,526.22
quat7,0.00000,0.00000,0.00000,-1.00000,526.22
quat8,0.00000,0.00000,0.00000,-1.00000,526.22
quat0,-0.53366,-0.76484,-0.35712,-0.05191,526.24
quat1,-0.35929,0.29745,-0.87917,0.09745,526.24
quat2,0.21474,-0.31775,0.39432,-0.83513,526.24
quat3,0.00449,-0.62253,0.13785,-0.77035,526.24
quat4,0.19020,-0.75282,0.00639,-0.63012,526.24
quat5,0.00000,0.00000,0.00000,-1.00000,526.24
quat6,0.00000,0.00000,0.00000,-1.00000,526.24
quat7,0.00000,0.00000,0.00000,-1.00000,526.24
quat8,0.00000,0.00000,0.00000,-1.00000,526.24
quat0,-0.52542,-0.77249,-0.35364,-0.04624,526.26
quat1,-0.35146,0.29765,-0.88416,0.07838,526.26
quat2,0.21401,-0.32775,0.41648,-0.82056,526.26
quat3,0.01935,-0.62519,0.14076,-0.76743,526.26
quat4,0.20367,-0.74601,-0.00086,-0.63402,526.26
quat5,0.00000,0.00000,0.00000,-1.00000,526.26
quat6,0.00000,0.00000,0.00000,-1.00000,526.26
quat7,0.00000,0.00000,0.00000,-1.00000,526.26
quat8,0.00000,0.00000,0.00000,-1.00000,526.26
quat0,-0.51881,-0.77854,-0.35056,-0.04265,526.28
quat1,-0.34426,0.29346,-0.88931,0.06702,526.28
quat2,0.20573,-0.33273,0.43309,-0.81204,526.28
quat3,0.03185,-0.62278,0.14664,-0.76787,526.28
quat4,0.21550,-0.73739,-0.00585,-0.64014,526.28
quat5,0.00000,0.00000,0.00000,-1.00000,526.28
quat6,0.00000,0.00000,0.00000,-1.00000,526.28
quat7,0.00000,0.00000,0.00000,-1.00000,526.28
quat8,0.00000,0.00000,0.00000,-1.00000,526.28
quat0,-0.51288,-0.78151,-0.35241,-0.04479,526.3
quat1,-0.33836,0.28453,-0.89475,0.06311,526.3
quat2,0.19127,-0.33416,0.44440,-0.80887,526.3
quat3,0.04166,-0.61850,0.15380,-0.76946,526.3
quat4,0.22520,-0.72771,-0.00824,-0.64781,526.3
quat5,0.00000,0.00000,0.00000,-1.00000,526.3
quat6,0.00000,0.00000,0.00000,-1.00000,526.3
quat7,0.00000,0.00000,0.00000,-1.00000,526.3
quat8,0.00000,0.00000,0.00000,-1.00000,526.3
quat0,-0.51244,-0.78358,-0.34957,-0.03484,526.32
quat1,-0.33228,0.27209,-0.90068,0.06587,526.32
quat2,0.17379,-0.33397,0.45012,-0.80972,526.32
quat3,0.04793,-0.61479,0.16091,-0.77062,526.32
quat4,0.23296,-0.71886,-0.00870,-0.65490,526.32
quat5,0.00000,0.00000,0.00000,-1.00000,526.32
quat6,0.00000,0.00000,0.00000,-1.00000,526.32
quat7,0.00000,0.00000,0.00000,-1.00000,526.32
quat8,0.00000,0.00000,0.00000,-1.00000,526.32
quat0,-0.51718,-0.78215,-0.34626,-0.02947,526.34
quat1,-0.32637,0.25702,-0.90651,0.07525,526.34
quat2,0.15613,-0.33203,0.44999,-0.81418,526.34
quat3,0.05008,-0.61242,0.16717,-0.77103,526.34
quat4,0.23844,-0.71203,-0.00684,-0.66039,526.34
quat5,0.00000,0.00000,0.00000,-1.00000,526.34
quat6,0.00000,0.00000,0.00000,-1.00000,526.34
quat7,0.00000,0.00000,0.00000,-1.00000,526.34
quat8,0.00000,0.00000,0.00000,-1.00000,526.34
quat0,-0.52471,-0.77923,-0.34205,-0.02172,526.36
quat1,-0.32057,0.24141,-0.91150,0.09013,526.36
quat2,0.13934,-0.32570,0.44458,-0.82271,526.36
quat3,0.04787,-0.61021,0.17207,-0.77184,526.36
quat4,0.24166,-0.70680,-0.00304,-0.66484,526.36
quat5,0.00000,0.00000,0.00000,-1.00000,526.36
quat6,0.00000,0.00000,0.00000,-1.00000,526.36
quat7,0.00000,0.00000,0.00000,-1.00000,526.36
quat8,0.00000,0.00000,0.00000,-1.00000,526.36
quat0,-0.53543,-0.77411,-0.33740,-0.01504,526.38
quat1,-0.31584,0.22576,-0.91495,0.11020,526.38
quat2,0.12415,-0.31434,0.43444,-0.83488,526.38
quat3,0.04154,-0.60732,0.17621,-0.77355,526.38
quat4,0.24269,-0.70362,0.00228,-0.66784,526.38
quat5,0.00000,0.00000,0.00000,-1.00000,526.38
quat6,0.00000,0.00000,0.00000,-1.00000,526.38
quat7,0.00000,0.00000,0.00000,-1.00000,526.38
quat8,0.00000,0.00000,0.00000,-1.00000,526.38
quat0,-0.54863,-0.76778,-0.33080,-0.00904,526.4
quat1,-0.31200,0.21044,-0.91659,0.13504,526.4
quat2,0.11008,-0.29928,0.42015,-0.84958,526.4
quat3,0.03072,-0.60386,0.17957,-0.77599,526.4
quat4,0.24282,-0.70122,0.00874,-0.67026,526.4
quat5,0.00000,0.00000,0.00000,-1.00000,526.4
quat6,0.00000,0.00000,0.00000,-1.00000,526.4
quat7,0.00000,0.00000,0.00000,-1.00000,526.4
quat8,0.00000,0.00000,0.00000,-1.00000,526.4
quat0,-0.56442,-0.75912,-0.32431,-0.00144,526.42
quat1,-0.30893,0.19528,-0.91613,0.16472,526.42
quat2,0.09731,-0.28101,0.40176,-0.86612,526.42
quat3,0.01529,-0.60058,0.18121,-0.77861,526.42
quat4,0.24304,-0.69887,0.01604,-0.67250,526.42
quat5,0.00000,0.00000,0.00000,-1.00000,526.42
quat6,0.00000,0.00000,0.00000,-1.00000,526.42
quat7,0.00000,0.00000,0.00000,-1.00000,526.42
quat8,0.00000,0.00000,0.00000,-1.00000,526.42
quat0,-0.57960,-0.74993,-0.31882,0.00420,526.44
quat1,-0.30687,0.17995,-0.91316,0.19896,526.44
quat2,0.08412,-0.26170,0.37897,-0.88364,526.44
quat3,-0.00343,-0.59733,0.18202,-0.78106,526.44
quat4,0.24356,-0.69709,0.02344,-0.67394,526.44
quat5,0.00000,0.00000,0.00000,-1.00000,526.44
quat6,0.00000,0.00000,0.00000,-1.00000,526.44
quat7,0.00000,0.00000,0.00000,-1.00000,526.44
quat8,0.00000,0.00000,0.00000,-1.00000,526.44
quat0,-0.59630,-0.73784,-0.31615,0.00819,526.46
quat1,-0.30595,0.16382,-0.90713,0.23805,526.46
quat2,0.07072,-0.23994,0.35220,-0.90188,526.46
quat3,-0.02485,-0.59405,0.18100,-0.78341,526.46
quat4,0.24348,-0.69513,0.03124,-0.67567,526.46
quat5,0.00000,0.00000,0.00000,-1.00000,526.46
quat6,0.00000,0.00000,0.00000,-1.00000,526.46
quat7,0.00000,0.00000,0.00000,-1.00000,526.46
quat8,0.00000,0.00000,0.00000,-1.00000,526.46
quat0,-0.61679,-0.72280,-0.31153,0.00880,526.48
quat1,-0.30620,0.14644,-0.89754,0.28144,526.48
quat2,0.05708,-0.21498,0.32260,-0.92003,526.48
quat3,-0.04805,-0.58860,0.18066,-0.78652,526.48
quat4,0.24215,-0.69169,0.04014,-0.67920,526.48
quat5,0.00000,0.00000,0.00000,-1.00000,526.48
quat6,0.00000,0.00000,0.00000,-1.00000,526.48
quat7,0.00000,0.00000,0.00000,-1.00000,526.48
quat8,0.00000,0.00000,0.00000,-1.00000,526.48
quat0,-0.63348,-0.70815,-0.31122,0.01913,526.5
quat1,-0.30950,0.12833,-0.88349,0.32740,526.5
quat2,0.04337,-0.18679,0.29053,-0.93746,526.5
quat3,-0.07328,-0.58070,0.18071,-0.79042,526.5
quat4,0.23945,-0.68690,0.04963,-0.68437,526.5
quat5,0.00000,0.00000,0.00000,-1.00000,526.5
quat6,0.00000,0.00000,0.00000,-1.00000,526.5
quat7,0.00000,0.00000,0.00000,-1.00000,526.5
quat8,0.00000,0.00000,0.00000,-1.00000,526.5
quat0,-0.65164,-0.69184,-0.31023,0.02200,526.52
quat1,-0.31659,0.11196,-0.86451,0.37399,526.52
quat2,0.03150,-0.15713,0.25532,-0.95348,526.52
quat3,-0.10007,-0.57177,0.18043,-0.79405,526.52
quat4,0.23516,-0.68169,0.05909,-0.69030,526.52
quat5,0.00000,0.00000,0.00000,-1.00000,526.52
quat6,0.00000,0.00000,0.00000,-1.00000,526.52
quat7,0.00000,0.00000,0.00000,-1.00000,526.52
quat8,0.00000,0.00000,0.00000,-1.00000,526.52
quat0,-0.66900,-0.67465,-0.31031,0.03158,526.54
quat1,-0.32497,0.09803,-0.84127,0.42077,526.54
quat2,0.01877,-0.12409,0.21810,-0.96782,526.54
quat3,-0.12859,-0.56113,0.17980,-0.79767,526.54
quat4,0.22947,-0.67603,0.06817,-0.69691,526.54
quat5,0.00000,0.00000,0.00000,-1.00000,526.54
quat6,0.00000,0.00000,0.00000,-1.00000,526.54
quat7,0.00000,0.00000,0.00000,-1.00000,526.54
quat8,0.00000,0.00000,0.00000,-1.00000,526.54
quat0,-0.68640,-0.65735,-0.30882,0.03704,526.56
quat1,-0.33251,0.08530,-0.81450,0.46770,526.56
quat2,0.00563,-0.08701,0.17820,-0.98012,526.56
quat3,-0.15958,-0.54846,0.17818,-0.80124,526.56
quat4,0.22259,-0.66994,0.07718,-0.70405,526.56
quat5,0.00000,0.00000,0.00000,-1.00000,526.56
quat6,0.00000,0.00000,0.00000,-1.00000,526.56
quat7,0.00000,0.00000,0.00000,-1.00000,526.56
quat8,0.00000,0.00000,0.00000,-1.00000,526.56
quat0,-0.70345,-0.63915,-0.30753,0.04554,526.58
quat1,-0.33792,0.07372,-0.78495,0.51403,526.58
quat2,-0.00733,-0.04974,0.13591,-0.98944,526.58
quat3,-0.19215,-0.53397,0.17625,-0.80430,526.58
quat4,0.21447,-0.66370,0.08545,-0.71148,526.58
quat5,0.00000,0.00000,0.00000,-1.00000,526.58
quat6,0.00000,0.00000,0.00000,-1.00000,526.58
quat7,0.00000,0.00000,0.00000,-1.00000,526.58
quat8,0.00000,0.00000,0.00000,-1.00000,526.58
quat0,-0.71877,-0.62511,-0.29948,0.05398,526.6
quat1,-0.34047,0.06281,-0.75358,0.55880,526.6
quat2,-0.02036,-0.01446,0.09276,-0.99538,526.6
quat3,-0.22598,-0.51751,0.17468,-0.80660,526.6
quat4,0.20391,-0.65650,0.09387,-0.72015,526.6
quat5,0.00000,0.00000,0.00000,-1.00000,526.6
quat6,0.00000,0.00000,0.00000,-1.00000,526.6
quat7,0.00000,0.00000,0.00000,-1.00000,526.6
quat8,0.00000,0.00000,0.00000,-1.00000,526.6
quat0,-0.73363,-0.61060,-0.29169,0.06229,526.62
quat1,-0.33954,0.05112,-0.72136,0.60145,526.62
quat2,-0.03396,0.01896,0.05082,-0.99795,526.62
quat3,-0.26130,-0.49805,0.17305,-0.80853,526.62
quat4,0.19010,-0.64799,0.10213,-0.73044,526.62
quat5,0.00000,0.00000,0.00000,-1.00000,526.62
quat6,0.00000,0.00000,0.00000,-1.00000,526.62
quat7,0.00000,0.00000,0.00000,-1.00000,526.62
quat8,0.00000,0.00000,0.00000,-1.00000,526.62
quat0,-0.74750,-0.59902,-0.27876,0.06862,526.64
quat1,-0.33641,0.04066,-0.68837,0.64135,526.64
quat2,-0.04825,0.04719,0.01036,-0.99767,526.64
quat3,-0.29811,-0.47656,0.17173,-0.80903,526.64
quat4,0.17298,-0.63749,0.11058,-0.74260,526.64
quat5,0.00000,0.00000,0.00000,-1.00000,526.64
quat6,0.00000,0.00000,0.00000,-1.00000,526.64
quat7,0.00000,0.00000,0.00000,-1.00000,526.64
quat8,0.00000,0.00000,0.00000,-1.00000,526.64
quat0,-0.76198,-0.58648,-0.26261,0.08046,526.66
quat1,-0.33141,0.03024,-0.65433,0.67904,526.66
quat2,-0.06546,0.06756,-0.02855,-0.99516,526.66
quat3,-0.33677,-0.45274,0.17093,-0.80771,526.66
quat4,0.15309,-0.62590,0.11826,-0.75553,526.66
quat5,0.00000,0.00000,0.00000,-1.00000,526.66
quat6,0.00000,0.00000,0.00000,-1.00000,526.66
quat7,0.00000,0.00000,0.00000,-1.00000,526.66
quat8,0.00000,0.00000,0.00000,-1.00000,526.66
quat0,-0.77377,-0.57727,-0.24524,0.08893,526.68
quat1,-0.32336,0.01942,-0.61863,0.71579,526.68
quat2,-0.08688,0.08407,-0.06556,-0.99050,526.68
quat3,-0.37668,-0.42724,0.17070,-0.80401,526.68
quat4,0.13137,-0.61414,0.12558,-0.76799,526.68
quat5,0.00000,0.00000,0.00000,-1.00000,526.68
quat6,0.00000,0.00000,0.00000,-1.00000,526.68
quat7,0.00000,0.00000,0.00000,-1.00000,526.68
quat8,0.00000,0.00000,0.00000,-1.00000,526.68
quat0,-0.78422,-0.56851,-0.22869,0.09747,526.7
quat1,-0.31357,0.00722,-0.58115,0.75093,526.7
quat2,-0.11207,0.10133,-0.09865,-0.98359,526.7
quat3,-0.41750,-0.40158,0.17116,-0.79695,526.7
quat4,0.10939,-0.60100,0.13316,-0.78045,526.7
quat5,0.00000,0.00000,0.00000,-1.00000,526.7
quat6,0.00000,0.00000,0.00000,-1.00000,526.7
quat7,0.00000,0.00000,0.00000,-1.00000,526.7
quat8,0.00000,0.00000,0.00000,-1.00000,526.7
quat0,-0.79393,-0.55991,-0.21215,0.10567,526.72
quat1,-0.30164,-0.00487,-0.54329,0.78347,526.72
quat2,-0.13926,0.11809,-0.12717,-0.97493,526.72
quat3,-0.45975,-0.37429,0.17278,-0.78656,526.72
quat4,0.08661,-0.58676,0.14185,-0.79252,526.72
quat5,0.00000,0.00000,0.00000,-1.00000,526.72
quat6,0.00000,0.00000,0.00000,-1.00000,526.72
quat7,0.00000,0.00000,0.00000,-1.00000,526.72
quat8,0.00000,0.00000,0.00000,-1.00000,526.72
quat0,-0.80346,-0.55068,-0.19703,0.11126,526.74
quat1,-0.28576,-0.01841,-0.50639,0.81337,526.74
quat2,-0.16769,0.13282,-0.15059,-0.96517,526.74
quat3,-0.50339,-0.34338,0.17528,-0.77328,526.74
quat4,0.06199,-0.57171,0.15194,-0.80388,526.74
quat5,0.00000,0.00000,0.00000,-1.00000,526.74
quat6,0.00000,0.00000,0.00000,-1.00000,526.74
quat7,0.00000,0.00000,0.00000,-1.00000,526.74
quat8,0.00000,0.00000,0.00000,-1.00000,526.74
quat0,-0.80969,-0.54635,-0.17573,0.12254,526.76
quat1,-0.26678,-0.03176,-0.47019,0.84068,526.76
quat2,-0.19562,0.14744,-0.16903,-0.95468,526.76
quat3,-0.54745,-0.31061,0.17915,-0.75613,526.76
quat4,0.03468,-0.55367,0.16478,-0.81554,526.76
quat5,0.00000,0.00000,0.00000,-1.00000,526.76
quat6,0.00000,0.00000,0.00000,-1.00000,526.76
quat7,0.00000,0.00000,0.00000,-1.00000,526.76
quat8,0.00000,0.00000,0.00000,-1.00000,526.76
quat0,-0.81412,-0.54372,-0.15667,0.13050,526.78
quat1,-0.24532,-0.04279,-0.43531,0.86515,526.78
quat2,-0.22192,0.16232,-0.18246,-0.94399,526.78
quat3,-0.59095,-0.27686,0.18446,-0.73491,526.78
quat4,0.00541,-0.53292,0.18026,-0.82672,526.78
quat5,0.00000,0.00000,0.00000,-1.00000,526.78
quat6,0.00000,0.00000,0.00000,-1.00000,526.78
quat7,0.00000,0.00000,0.00000,-1.00000,526.78
quat8,0.00000,0.00000,0.00000,-1.00000,526.78
quat0,-0.81796,-0.54121,-0.13306,0.14258,526.8
quat1,-0.22079,-0.05467,-0.40285,0.88655,526.8
quat2,-0.24634,0.17669,-0.19095,-0.93362,526.8
quat3,-0.63335,-0.24259,0.19202,-0.70933,526.8
quat4,-0.02611,-0.51014,0.19951,-0.83622,526.8
quat5,0.00000,0.00000,0.00000,-1.00000,526.8
quat6,0.00000,0.00000,0.00000,-1.00000,526.8
quat7,0.00000,0.00000,0.00000,-1.00000,526.8
quat8,0.00000,0.00000,0.00000,-1.00000,526.8
quat0,-0.81827,-0.54326,-0.11117,0.15151,526.82
quat1,-0.19272,-0.06779,-0.37228,0.90536,526.82
quat2,-0.26847,0.19274,-0.19528,-0.92338,526.82
quat3,-0.67369,-0.20945,0.20167,-0.67942,526.82
quat4,-0.05920,-0.48658,0.22172,-0.84296,526.82
quat5,0.00000,0.00000,0.00000,-1.00000,526.82
quat6,0.00000,0.00000,0.00000,-1.00000,526.82
quat7,0.00000,0.00000,0.00000,-1.00000,526.82
quat8,0.00000,0.00000,0.00000,-1.00000,526.82
quat0,-0.81955,-0.54305,-0.08644,0.16113,526.84
quat1,-0.16137,-0.08249,-0.34389,0.92136,526.84
quat2,-0.28779,0.21155,-0.19625,-0.91319,526.84
quat3,-0.71156,-0.17542,0.21356,-0.64599,526.84
quat4,-0.09332,-0.46119,0.24705,-0.84709,526.84
quat5,0.00000,0.00000,0.00000,-1.00000,526.84
quat6,0.00000,0.00000,0.00000,-1.00000,526.84
quat7,0.00000,0.00000,0.00000,-1.00000,526.84
quat8,0.00000,0.00000,0.00000,-1.00000,526.84
quat0,-0.81643,-0.54869,-0.06043,0.16952,526.86
quat1,-0.12924,-0.09823,-0.31789,0.93413,526.86
quat2,-0.30365,0.23144,-0.19470,-0.90351,526.86
quat3,-0.74729,-0.13859,0.22655,-0.60912,526.86
quat4,-0.12787,-0.43425,0.27437,-0.84841,526.86
quat5,0.00000,0.00000,0.00000,-1.00000,526.86
quat6,0.00000,0.00000,0.00000,-1.00000,526.86
quat7,0.00000,0.00000,0.00000,-1.00000,526.86
quat8,0.00000,0.00000,0.00000,-1.00000,526.86
quat0,-0.81257,-0.55322,-0.03319,0.18050,526.88
quat1,-0.09813,-0.11490,-0.29433,0.94368,526.88
quat2,-0.31667,0.25199,-0.19115,-0.89425,526.88
quat3,-0.78065,-0.09875,0.23955,-0.56873,526.88
quat4,-0.16261,-0.40402,0.30451,-0.84712,526.88
quat5,0.00000,0.00000,0.00000,-1.00000,526.88
quat6,0.00000,0.00000,0.00000,-1.00000,526.88
quat7,0.00000,0.00000,0.00000,-1.00000,526.88
quat8,0.00000,0.00000,0.00000,-1.00000,526.88
quat0,-0.80673,-0.56010,-0.00929,0.18810,526.9
quat1,-0.06588,-0.13417,-0.27354,0.95017,526.9
quat2,-0.32603,0.27235,-0.18646,-0.88587,526.9
quat3,-0.81090,-0.05622,0.25213,-0.52508,526.9
quat4,-0.19723,-0.36922,0.33725,-0.84323,526.9
quat5,0.00000,0.00000,0.00000,-1.00000,526.9
quat6,0.00000,0.00000,0.00000,-1.00000,526.9
quat7,0.00000,0.00000,0.00000,-1.00000,526.9
quat8,0.00000,0.00000,0.00000,-1.00000,526.9
quat0,-0.80215,-0.56360,0.01568,0.19664,526.92
quat1,-0.03482,-0.15465,-0.25636,0.95350,526.92
quat2,-0.33211,0.29133,-0.18057,-0.87876,526.92
quat3,-0.83652,-0.01283,0.26597,-0.47889,526.92
quat4,-0.23108,-0.32945,0.37205,-0.83645,526.92
quat5,0.00000,0.00000,0.00000,-1.00000,526.92
quat6,0.00000,0.00000,0.00000,-1.00000,526.92
quat7,0.00000,0.00000,0.00000,-1.00000,526.92
quat8,0.00000,0.00000,0.00000,-1.00000,526.92
quat0,-0.79713,-0.56484,0.04317,0.20901,526.94
quat1,-0.00737,-0.17670,-0.24107,0.95426,526.94
quat2,-0.33449,0.30934,-0.17232,-0.87334,526.94
quat3,-0.85667,0.03296,0.28019,-0.43190,526.94
quat4,-0.26494,-0.28417,0.40745,-0.82646,526.94
quat5,0.00000,0.00000,0.00000,-1.00000,526.94
quat6,0.00000,0.00000,0.00000,-1.00000,526.94
quat7,0.00000,0.00000,0.00000,-1.00000,526.94
quat8,0.00000,0.00000,0.00000,-1.00000,526.94
quat0,-0.78861,-0.57191,0.06372,0.21667,526.96
quat1,0.01698,-0.20003,-0.22533,0.95338,526.96
quat2,-0.33210,0.32784,-0.16167,-0.86954,526.96
quat3,-0.87098,0.07688,0.29387,-0.38616,526.96
quat4,-0.29475,-0.23566,0.44566,-0.81177,526.96
quat5,0.00000,0.00000,0.00000,-1.00000,526.96
quat6,0.00000,0.00000,0.00000,-1.00000,526.96
quat7,0.00000,0.00000,0.00000,-1.00000,526.96
quat8,0.00000,0.00000,0.00000,-1.00000,526.96
quat0,-0.78017,-0.57669,0.08607,0.22661,526.98
quat1,0.03992,-0.22149,-0.20876,0.95172,526.98
quat2,-0.32429,0.34439,-0.14868,-0.86841,526.98
quat3,-0.88214,0.11808,0.30389,-0.33990,526.98
quat4,-0.32201,-0.18546,0.48201,-0.79346,526.98
quat5,0.00000,0.00000,0.00000,-1.00000,526.98
quat6,0.00000,0.00000,0.00000,-1.00000,526.98
quat7,0.00000,0.00000,0.00000,-1.00000,526.98
quat8,0.00000,0.00000,0.00000,-1.00000,526.98
quat0,-0.77197,-0.58166,0.10761,0.23271,527
quat1,0.06332,-0.23793,-0.19243,0.94992,527
quat2,-0.31179,0.35479,-0.13265,-0.87139,527
quat3,-0.89084,0.15576,0.31066,-0.29262,527
quat4,-0.34293,-0.13689,0.51694,-0.77229,527
quat5,0.00000,0.00000,0.00000,-1.00000,527
quat6,0.00000,0.00000,0.00000,-1.00000,527
quat7,0.00000,0.00000,0.00000,-1.00000,527
quat8,0.00000,0.00000,0.00000,-1.00000,527
quat0,-0.76204,-0.59081,0.12193,0.23533,527.02
quat1,0.08992,-0.24928,-0.17731,0.94781,527.02
quat2,-0.29693,0.36121,-0.11698,-0.87617,527.02
quat3,-0.89637,0.18907,0.31720,-0.24528,527.02
quat4,-0.35734,-0.09159,0.55020,-0.74914,527.02
quat5,0.00000,0.00000,0.00000,-1.00000,527.02
quat6,0.00000,0.00000,0.00000,-1.00000,527.02
quat7,0.00000,0.00000,0.00000,-1.00000,527.02
quat8,0.00000,0.00000,0.00000,-1.00000,527.02
quat0,-0.75262,-0.59371,0.14547,0.24475,527.04
quat1,0.11286,-0.25973,-0.16359,0.94501,527.04
quat2,-0.28028,0.37054,-0.10534,-0.87923,527.04
quat3,-0.89839,0.21861,0.32436,-0.19974,527.04
quat4,-0.36806,-0.04706,0.57998,-0.72522,527.04
quat5,0.00000,0.00000,0.00000,-1.00000,527.04
quat6,0.00000,0.00000,0.00000,-1.00000,527.04
quat7,0.00000,0.00000,0.00000,-1.00000,527.04
quat8,0.00000,0.00000,0.00000,-1.00000,527.04
quat0,-0.74483,-0.59659,0.16110,0.25169,527.06
quat1,0.13088,-0.27576,-0.15007,0.94037,527.06
quat2,-0.26471,0.38341,-0.09844,-0.87934,527.06
quat3,-0.89760,0.24581,0.33028,-0.15752,527.06
quat4,-0.37614,-0.00404,0.60679,-0.70022,527.06
quat5,0.00000,0.00000,0.00000,-1.00000,527.06
quat6,0.00000,0.00000,0.00000,-1.00000,527.06
quat7,0.00000,0.00000,0.00000,-1.00000,527.06
quat8,0.00000,0.00000,0.00000,-1.00000,527.06
quat0,-0.73512,-0.60117,0.17925,0.25703,527.08
quat1,0.14382,-0.29663,-0.13720,0.93408,527.08
quat2,-0.25392,0.39519,-0.09604,-0.87757,527.08
quat3,-0.89538,0.27156,0.33249,-0.11831,527.08
quat4,-0.38162,0.03637,0.62996,-0.67542,527.08
quat5,0.00000,0.00000,0.00000,-1.00000,527.08
quat6,0.00000,0.00000,0.00000,-1.00000,527.08
quat7,0.00000,0.00000,0.00000,-1.00000,527.08
quat8,0.00000,0.00000,0.00000,-1.00000,527.08
quat0,-0.72545,-0.60678,0.19171,0.26228,527.1
quat1,0.15247,-0.31590,-0.12750,0.92774,527.1
quat2,-0.24882,0.40145,-0.09699,-0.87608,527.1
quat3,-0.89226,0.29603,0.33101,-0.08169,527.1
quat4,-0.38731,0.07497,0.64727,-0.65224,527.1
quat5,0.00000,0.00000,0.00000,-1.00000,527.1
quat6,0.00000,0.00000,0.00000,-1.00000,527.1
quat7,0.00000,0.00000,0.00000,-1.00000,527.1
quat8,0.00000,0.00000,0.00000,-1.00000,527.1
quat0,-0.72012,-0.61213,0.19707,0.26057,527.12
quat1,0.15869,-0.33145,-0.12052,0.92219,527.12
quat2,-0.24832,0.40220,-0.09935,-0.87561,527.12
quat3,-0.88785,0.31836,0.32870,-0.04818,527.12
quat4,-0.39495,0.11045,0.65807,-0.63147,527.12
quat5,0.00000,0.00000,0.00000,-1.00000,527.12
quat6,0.00000,0.00000,0.00000,-1.00000,527.12
quat7,0.00000,0.00000,0.00000,-1.00000,527.12
quat8,0.00000,0.00000,0.00000,-1.00000,527.12
quat0,-0.71441,-0.61714,0.20287,0.26001,527.14
quat1,0.16393,-0.34188,-0.11617,0.91801,527.14
quat2,-0.25055,0.39828,-0.10061,-0.87663,527.14
quat3,-0.88188,0.33882,0.32724,-0.01999,527.14
quat4,-0.40311,0.14255,0.66384,-0.61360,527.14
quat5,0.00000,0.00000,0.00000,-1.00000,527.14
quat6,0.00000,0.00000,0.00000,-1.00000,527.14
quat7,0.00000,0.00000,0.00000,-1.00000,527.14
quat8,0.00000,0.00000,0.00000,-1.00000,527.14
quat0,-0.71102,-0.61971,0.20801,0.25910,527.16
quat1,0.16835,-0.34892,-0.11389,0.91485,527.16
quat2,-0.25330,0.39326,-0.10061,-0.87810,527.16
quat3,-0.87435,0.35686,0.32890,-0.00076,527.16
quat4,-0.40864,0.17118,0.66619,-0.59992,527.16
quat5,0.00000,0.00000,0.00000,-1.00000,527.16
quat6,0.00000,0.00000,0.00000,-1.00000,527.16
quat7,0.00000,0.00000,0.00000,-1.00000,527.16
quat8,0.00000,0.00000,0.00000,-1.00000,527.16
quat0,-0.71021,-0.62717,0.19971,0.24977,527.18
quat1,0.17213,-0.35379,-0.11411,0.91224,527.18
quat2,-0.25582,0.38896,-0.10003,-0.87935,527.18
quat3,-0.86708,0.36895,0.33455,0.01078,527.18
quat4,-0.40922,0.19526,0.66617,-0.59215,527.18
quat5,0.00000,0.00000,0.00000,-1.00000,527.18
quat6,0.00000,0.00000,0.00000,-1.00000,527.18
quat7,0.00000,0.00000,0.00000,-1.00000,527.18
quat8,0.00000,0.00000,0.00000,-1.00000,527.18
quat0,-0.70984,-0.62880,0.19997,0.24650,527.2
quat1,0.17432,-0.35638,-0.11667,0.91049,527.2
quat2,-0.25800,0.38447,-0.09951,-0.88075,527.2
quat3,-0.86166,0.37363,0.34306,0.01592,527.2
quat4,-0.40269,0.21141,0.66518,-0.59219,527.2
quat5,0.00000,0.00000,0.00000,-1.00000,527.2
quat6,0.00000,0.00000,0.00000,-1.00000,527.2
quat7,0.00000,0.00000,0.00000,-1.00000,527.2
quat8,0.00000,0.00000,0.00000,-1.00000,527.2
quat0,-0.71256,-0.63025,0.19396,0.23962,527.22
quat1,0.17389,-0.35651,-0.12145,0.90990,527.22
quat2,-0.26059,0.37813,-0.09920,-0.88276,527.22
quat3,-0.85773,0.37290,0.35363,0.01380,527.22
quat4,-0.38763,0.21606,0.66475,-0.60097,527.22
quat5,0.00000,0.00000,0.00000,-1.00000,527.22
quat6,0.00000,0.00000,0.00000,-1.00000,527.22
quat7,0.00000,0.00000,0.00000,-1.00000,527.22
quat8,0.00000,0.00000,0.00000,-1.00000,527.22
quat0,-0.71692,-0.63057,0.18606,0.23192,527.24
quat1,0.17107,-0.35589,-0.12832,0.90973,527.24
quat2,-0.26330,0.37075,-0.09887,-0.88512,527.24
quat3,-0.85502,0.36788,0.36548,0.00520,527.24
quat4,-0.36575,0.20807,0.66389,-0.61821,527.24
quat5,0.00000,0.00000,0.00000,-1.00000,527.24
quat6,0.00000,0.00000,0.00000,-1.00000,527.24
quat7,0.00000,0.00000,0.00000,-1.00000,527.24
quat8,0.00000,0.00000,0.00000,-1.00000,527.24
quat0,-0.72345,-0.62872,0.17650,0.22401,527.26
quat1,0.16548,-0.35354,-0.13711,0.91040,527.26
quat2,-0.26530,0.36333,-0.09895,-0.88759,527.26
quat3,-0.85309,0.35922,0.37831,-0.00948,527.26
quat4,-0.34152,0.19081,0.65891,-0.64249,527.26
quat5,0.00000,0.00000,0.00000,-1.00000,527.26
quat6,0.00000,0.00000,0.00000,-1.00000,527.26
quat7,0.00000,0.00000,0.00000,-1.00000,527.26
quat8,0.00000,0.00000,0.00000,-1.00000,527.26
quat0,-0.73167,-0.62441,0.16628,0.21709,527.28
quat1,0.15664,-0.34857,-0.14719,0.91230,527.28
quat2,-0.26661,0.35860,-0.10001,-0.88900,527.28
quat3,-0.85136,0.34739,0.39192,-0.03009,527.28
quat4,-0.31826,0.16718,0.64896,-0.67053,527.28
quat5,0.00000,0.00000,0.00000,-1.00000,527.28
quat6,0.00000,0.00000,0.00000,-1.00000,527.28
quat7,0.00000,0.00000,0.00000,-1.00000,527.28
quat8,0.00000,0.00000,0.00000,-1.00000,527.28
quat0,-0.74126,-0.61913,0.15351,0.20893,527.3
quat1,0.14657,-0.34154,-0.15869,0.91471,527.3
quat2,-0.26791,0.35416,-0.10213,-0.89015,527.3
quat3,-0.84920,0.33247,0.40640,-0.05624,527.3
quat4,-0.29826,0.13997,0.63282,-0.70071,527.3
quat5,0.00000,0.00000,0.00000,-1.00000,527.3
quat6,0.00000,0.00000,0.00000,-1.00000,527.3
quat7,0.00000,0.00000,0.00000,-1.00000,527.3
quat8,0.00000,0.00000,0.00000,-1.00000,527.3
quat0,-0.75310,-0.60902,0.14285,0.20379,527.32
quat1,0.13308,-0.33346,-0.17049,0.91762,527.32
quat2,-0.26944,0.34821,-0.10554,-0.89164,527.32
quat3,-0.84680,0.31382,0.42044,-0.08762,527.32
quat4,-0.28163,0.11124,0.61041,-0.73192,527.32
quat5,0.00000,0.00000,0.00000,-1.00000,527.32
quat6,0.00000,0.00000,0.00000,-1.00000,527.32
quat7,0.00000,0.00000,0.00000,-1.00000,527.32
quat8,0.00000,0.00000,0.00000,-1.00000,527.32
quat0,-0.76265,-0.60341,0.12799,0.19464,527.34
quat1,0.11724,-0.32530,-0.18197,0.92050,527.34
quat2,-0.27109,0.34123,-0.11046,-0.89324,527.34
quat3,-0.84371,0.29148,0.43308,-0.12500,527.34
quat4,-0.26833,0.08272,0.58192,-0.76323,527.34
quat5,0.00000,0.00000,0.00000,-1.00000,527.34
quat6,0.00000,0.00000,0.00000,-1.00000,527.34
quat7,0.00000,0.00000,0.00000,-1.00000,527.34
quat8,0.00000,0.00000,0.00000,-1.00000,527.34
quat0,-0.77387,-0.59330,0.11673,0.18839,527.36
quat1,0.09851,-0.31787,-0.19250,0.92315,527.36
quat2,-0.27255,0.33511,-0.11736,-0.89423,527.36
quat3,-0.83944,0.26599,0.44302,-0.16831,527.36
quat4,-0.25621,0.05319,0.54899,-0.79381,527.36
quat5,0.00000,0.00000,0.00000,-1.00000,527.36
quat6,0.00000,0.00000,0.00000,-1.00000,527.36
quat7,0.00000,0.00000,0.00000,-1.00000,527.36
quat8,0.00000,0.00000,0.00000,-1.00000,527.36
quat0,-0.78541,-0.58280,0.10187,0.18192,527.38
quat1,0.07720,-0.31028,-0.20189,0.92575,527.38
quat2,-0.27435,0.33134,-0.12590,-0.89392,527.38
quat3,-0.83413,0.23690,0.44841,-0.21688,527.38
quat4,-0.24265,0.02049,0.51256,-0.82340,527.38
quat5,0.00000,0.00000,0.00000,-1.00000,527.38
quat6,0.00000,0.00000,0.00000,-1.00000,527.38
quat7,0.00000,0.00000,0.00000,-1.00000,527.38
quat8,0.00000,0.00000,0.00000,-1.00000,527.38
quat0,-0.79554,-0.57379,0.08691,0.17414,527.4
quat1,0.05378,-0.30283,-0.21075,0.92789,527.4
quat2,-0.27644,0.32972,-0.13416,-0.89267,527.4
quat3,-0.82751,0.20460,0.44817,-0.26929,527.4
quat4,-0.22719,-0.01651,0.47460,-0.85022,527.4
quat5,0.00000,0.00000,0.00000,-1.00000,527.4
quat6,0.00000,0.00000,0.00000,-1.00000,527.4
quat7,0.00000,0.00000,0.00000,-1.00000,527.4
quat8,0.00000,0.00000,0.00000,-1.00000,527.4
quat0,-0.80623,-0.56354,0.07105,0.16545,527.42
quat1,0.02870,-0.29536,-0.21976,0.92932,527.42
quat2,-0.27911,0.32811,-0.14157,-0.89129,527.42
quat3,-0.81926,0.16884,0.44174,-0.32429,527.42
quat4,-0.20847,-0.05983,0.43664,-0.87310,527.42
quat5,0.00000,0.00000,0.00000,-1.00000,527.42
quat6,0.00000,0.00000,0.00000,-1.00000,527.42
quat7,0.00000,0.00000,0.00000,-1.00000,527.42
quat8,0.00000,0.00000,0.00000,-1.00000,527.42
quat0,-0.81461,-0.55645,0.05591,0.15380,527.44
quat1,0.00255,-0.28764,-0.23050,0.92958,527.44
quat2,-0.28128,0.32559,-0.14740,-0.89059,527.44
quat3,-0.80960,0.13244,0.42706,-0.38030,527.44
quat4,-0.18721,-0.10777,0.39978,-0.89079,527.44
quat5,0.00000,0.00000,0.00000,-1.00000,527.44
quat6,0.00000,0.00000,0.00000,-1.00000,527.44
quat7,0.00000,0.00000,0.00000,-1.00000,527.44
quat8,0.00000,0.00000,0.00000,-1.00000,527.44
quat0,-0.82518,-0.54595,0.03791,0.13993,527.46
quat1,-0.02387,-0.27951,-0.24333,0.92849,527.46
quat2,-0.28308,0.32237,-0.15191,-0.89043,527.46
quat3,-0.79699,0.09629,0.40646,-0.43626,527.46
quat4,-0.16557,-0.15712,0.36346,-0.90322,527.46
quat5,0.00000,0.00000,0.00000,-1.00000,527.46
quat6,0.00000,0.00000,0.00000,-1.00000,527.46
quat7,0.00000,0.00000,0.00000,-1.00000,527.46
quat8,0.00000,0.00000,0.00000,-1.00000,527.46
quat0,-0.83225,-0.53973,0.01927,0.12523,527.48
quat1,-0.05016,-0.27062,-0.25729,0.92631,527.48
quat2,-0.28371,0.31870,-0.15524,-0.89098,527.48
quat3,-0.78002,0.06271,0.38235,-0.49137,527.48
quat4,-0.14641,-0.20493,0.32812,-0.91044,527.48
quat5,0.00000,0.00000,0.00000,-1.00000,527.48
quat6,0.00000,0.00000,0.00000,-1.00000,527.48
quat7,0.00000,0.00000,0.00000,-1.00000,527.48
quat8,0.00000,0.00000,0.00000,-1.00000,527.48
quat0,-0.83838,-0.53359,-0.00140,0.11135,527.5
quat1,-0.07592,-0.25983,-0.27275,0.92322,527.5
quat2,-0.28297,0.31359,-0.15728,-0.89267,527.5
quat3,-0.75971,0.03059,0.35635,-0.54306,527.5
quat4,-0.12885,-0.25007,0.29408,-0.91344,527.5
quat5,0.00000,0.00000,0.00000,-1.00000,527.5
quat6,0.00000,0.00000,0.00000,-1.00000,527.5
quat7,0.00000,0.00000,0.00000,-1.00000,527.5
quat8,0.00000,0.00000,0.00000,-1.00000,527.5
quat0,-0.84173,-0.53092,-0.02263,0.09542,527.52
quat1,-0.10199,-0.24619,-0.29003,0.91917,527.52
quat2,-0.27998,0.30676,-0.15858,-0.89575,527.52
quat3,-0.73771,0.00146,0.33006,-0.58894,527.52
quat4,-0.11025,-0.29290,0.26053,-0.91333,527.52
quat5,0.00000,0.00000,0.00000,-1.00000,527.52
quat6,0.00000,0.00000,0.00000,-1.00000,527.52
quat7,0.00000,0.00000,0.00000,-1.00000,527.52
quat8,0.00000,0.00000,0.00000,-1.00000,527.52
quat0,-0.84313,-0.52942,-0.04607,0.08196,527.54
quat1,-0.12912,-0.22997,-0.30921,0.91369,527.54
quat2,-0.27518,0.29824,-0.15944,-0.89995,527.54
quat3,-0.71329,-0.02606,0.30517,-0.63041,527.54
quat4,-0.08720,-0.32965,0.22849,-0.91188,527.54
quat5,0.00000,0.00000,0.00000,-1.00000,527.54
quat6,0.00000,0.00000,0.00000,-1.00000,527.54
quat7,0.00000,0.00000,0.00000,-1.00000,527.54
quat8,0.00000,0.00000,0.00000,-1.00000,527.54
quat0,-0.84183,-0.53104,-0.06636,0.07018,527.56
quat1,-0.15729,-0.21251,-0.33077,0.90592,527.56
quat2,-0.26827,0.28747,-0.16011,-0.90541,527.56
quat3,-0.68498,-0.05536,0.28368,-0.66877,527.56
quat4,-0.06046,-0.35786,0.19721,-0.91071,527.56
quat5,0.00000,0.00000,0.00000,-1.00000,527.56
quat6,0.00000,0.00000,0.00000,-1.00000,527.56
quat7,0.00000,0.00000,0.00000,-1.00000,527.56
quat8,0.00000,0.00000,0.00000,-1.00000,527.56
quat0,-0.83958,-0.53321,-0.08557,0.05888,527.58
quat1,-0.18575,-0.19371,-0.35502,0.89551,527.58
quat2,-0.25928,0.27343,-0.15938,-0.91248,527.58
quat3,-0.65362,-0.08748,0.26538,-0.70335,527.58
quat4,-0.02990,-0.38337,0.16721,-0.90784,527.58
quat5,0.00000,0.00000,0.00000,-1.00000,527.58
quat6,0.00000,0.00000,0.00000,-1.00000,527.58
quat7,0.00000,0.00000,0.00000,-1.00000,527.58
quat8,0.00000,0.00000,0.00000,-1.00000,527.58
quat0,-0.83606,-0.53669,-0.10387,0.04675,527.6
quat1,-0.21487,-0.17249,-0.38251,0.88191,527.6
quat2,-0.24786,0.25627,-0.15660,-0.92107,527.6
quat3,-0.61979,-0.12024,0.24851,-0.73461,527.6
quat4,0.00395,-0.41043,0.13845,-0.90131,527.6
quat5,0.00000,0.00000,0.00000,-1.00000,527.6
quat6,0.00000,0.00000,0.00000,-1.00000,527.6
quat7,0.00000,0.00000,0.00000,-1.00000,527.6
quat8,0.00000,0.00000,0.00000,-1.00000,527.6
quat0,-0.83137,-0.54137,-0.11997,0.03673,527.62
quat1,-0.24327,-0.15076,-0.41342,0.86439,527.62
quat2,-0.23416,0.23781,-0.15171,-0.93038,527.62
quat3,-0.58354,-0.15365,0.23317,-0.76257,527.62
quat4,0.03949,-0.43917,0.11247,-0.89046,527.62
quat5,0.00000,0.00000,0.00000,-1.00000,527.62
quat6,0.00000,0.00000,0.00000,-1.00000,527.62
quat7,0.00000,0.00000,0.00000,-1.00000,527.62
quat8,0.00000,0.00000,0.00000,-1.00000,527.62
quat0,-0.82490,-0.54734,-0.13837,0.02844,527.64
quat1,-0.27053,-0.12938,-0.44766,0.84243,527.64
quat2,-0.21744,0.21845,-0.14313,-0.94049,527.64
quat3,-0.54488,-0.18791,0.21915,-0.78725,527.64
quat4,0.07462,-0.46681,0.08862,-0.87674,527.64
quat5,0.00000,0.00000,0.00000,-1.00000,527.64
quat6,0.00000,0.00000,0.00000,-1.00000,527.64
quat7,0.00000,0.00000,0.00000,-1.00000,527.64
quat8,0.00000,0.00000,0.00000,-1.00000,527.64
quat0,-0.81747,-0.55390,-0.15673,0.01951,527.66
quat1,-0.29367,-0.10827,-0.48452,0.81687,527.66
quat2,-0.19733,0.19762,-0.13062,-0.95129,527.66
quat3,-0.50364,-0.22255,0.20593,-0.80896,527.66
quat4,0.10718,-0.49146,0.06816,-0.86159,527.66
quat5,0.00000,0.00000,0.00000,-1.00000,527.66
quat6,0.00000,0.00000,0.00000,-1.00000,527.66
quat7,0.00000,0.00000,0.00000,-1.00000,527.66
quat8,0.00000,0.00000,0.00000,-1.00000,527.66
quat0,-0.80802,-0.56254,-0.17488,0.00850,527.68
quat1,-0.31374,-0.08692,-0.52392,0.78709,527.68
quat2,-0.17436,0.17789,-0.11408,-0.96174,527.68
quat3,-0.46161,-0.25432,0.19213,-0.82784,527.68
quat4,0.13583,-0.51405,0.05065,-0.84542,527.68
quat5,0.00000,0.00000,0.00000,-1.00000,527.68
quat6,0.00000,0.00000,0.00000,-1.00000,527.68
quat7,0.00000,0.00000,0.00000,-1.00000,527.68
quat8,0.00000,0.00000,0.00000,-1.00000,527.68
quat0,-0.79631,-0.56908,-0.20498,-0.00482,527.7
quat1,-0.33087,-0.06550,-0.56385,0.75387,527.7
quat2,-0.14994,0.16065,-0.09367,-0.97105,527.7
quat3,-0.41962,-0.28146,0.18038,-0.84390,527.7
quat4,0.15988,-0.53459,0.03714,-0.82902,527.7
quat5,0.00000,0.00000,0.00000,-1.00000,527.7
quat6,0.00000,0.00000,0.00000,-1.00000,527.7
quat7,0.00000,0.00000,0.00000,-1.00000,527.7
quat8,0.00000,0.00000,0.00000,-1.00000,527.7
quat0,-0.78596,-0.58036,-0.21290,-0.01158,527.72
quat1,-0.34491,-0.04351,-0.60268,0.71827,527.72
quat2,-0.12575,0.14279,-0.06998,-0.97924,527.72
quat3,-0.37752,-0.30563,0.16956,-0.85750,527.72
quat4,0.18105,-0.55566,0.02635,-0.81103,527.72
quat5,0.00000,0.00000,0.00000,-1.00000,527.72
quat6,0.00000,0.00000,0.00000,-1.00000,527.72
quat7,0.00000,0.00000,0.00000,-1.00000,527.72
quat8,0.00000,0.00000,0.00000,-1.00000,527.72
quat0,-0.77316,-0.58913,-0.23353,-0.02475,527.74
quat1,-0.35628,-0.01982,-0.64001,0.68049,527.74
quat2,-0.10200,0.12162,-0.04303,-0.98638,527.74
quat3,-0.33694,-0.33090,0.15874,-0.86705,527.74
quat4,0.19876,-0.57870,0.01804,-0.79075,527.74
quat5,0.00000,0.00000,0.00000,-1.00000,527.74
quat6,0.00000,0.00000,0.00000,-1.00000,527.74
quat7,0.00000,0.00000,0.00000,-1.00000,527.74
quat8,0.00000,0.00000,0.00000,-1.00000,527.74
quat0,-0.75727,-0.60269,-0.24945,-0.03304,527.76
quat1,-0.36500,0.00441,-0.67514,0.64105,527.76
quat2,-0.07917,0.09730,-0.01357,-0.99201,527.76
quat3,-0.29827,-0.35607,0.15060,-0.87268,527.76
quat4,0.21331,-0.60178,0.01011,-0.76959,527.76
quat5,0.00000,0.00000,0.00000,-1.00000,527.76
quat6,0.00000,0.00000,0.00000,-1.00000,527.76
quat7,0.00000,0.00000,0.00000,-1.00000,527.76
quat8,0.00000,0.00000,0.00000,-1.00000,527.76
quat0,-0.73651,-0.61923,-0.26872,-0.04360,527.78
quat1,-0.37145,0.02746,-0.70761,0.60047,527.78
quat2,-0.05668,0.07220,0.01710,-0.99563,527.78
quat3,-0.26083,-0.38149,0.14757,-0.87445,527.78
quat4,0.22359,-0.62116,0.00548,-0.75109,527.78
quat5,0.00000,0.00000,0.00000,-1.00000,527.78
quat6,0.00000,0.00000,0.00000,-1.00000,527.78
quat7,0.00000,0.00000,0.00000,-1.00000,527.78
quat8,0.00000,0.00000,0.00000,-1.00000,527.78
quat0,-0.71044,-0.63752,-0.29371,-0.05072,527.8
quat1,-0.37612,0.05129,-0.73681,0.55948,527.8
quat2,-0.03391,0.04594,0.04721,-0.99725,527.8
quat3,-0.22654,-0.40927,0.14586,-0.87172,527.8
quat4,0.23087,-0.63852,0.00339,-0.73415,527.8
quat5,0.00000,0.00000,0.00000,-1.00000,527.8
quat6,0.00000,0.00000,0.00000,-1.00000,527.8
quat7,0.00000,0.00000,0.00000,-1.00000,527.8
quat8,0.00000,0.00000,0.00000,-1.00000,527.8
quat0,-0.69131,-0.65334,-0.30496,-0.04718,527.82
quat1,-0.37873,0.07588,-0.76299,0.51831,527.82
quat2,-0.01052,0.01615,0.07672,-0.99687,527.82
quat3,-0.19373,-0.43898,0.14439,-0.86540,527.82
quat4,0.23455,-0.65834,0.00346,-0.71524,527.82
quat5,0.00000,0.00000,0.00000,-1.00000,527.82
quat6,0.00000,0.00000,0.00000,-1.00000,527.82
quat7,0.00000,0.00000,0.00000,-1.00000,527.82
quat8,0.00000,0.00000,0.00000,-1.00000,527.82
quat0,-0.66074,-0.67276,-0.32818,-0.05582,527.84
quat1,-0.37823,0.09846,-0.78674,0.47780,527.84
quat2,0.01456,-0.01810,0.10524,-0.99418,527.84
quat3,-0.16150,-0.46849,0.14372,-0.85661,527.84
quat4,0.23382,-0.68061,0.00381,-0.69432,527.84
quat5,0.00000,0.00000,0.00000,-1.00000,527.84
quat6,0.00000,0.00000,0.00000,-1.00000,527.84
quat7,0.00000,0.00000,0.00000,-1.00000,527.84
quat8,0.00000,0.00000,0.00000,-1.00000,527.84
quat0,-0.64185,-0.68717,-0.33556,-0.05681,527.86
quat1,-0.37634,0.12082,-0.80718,0.43843,527.86
quat2,0.04255,-0.05539,0.13158,-0.98884,527.86
quat3,-0.13042,-0.49396,0.14614,-0.84713,527.86
quat4,0.23238,-0.69879,0.00533,-0.67651,527.86
quat5,0.00000,0.00000,0.00000,-1.00000,527.86
quat6,0.00000,0.00000,0.00000,-1.00000,527.86
quat7,0.00000,0.00000,0.00000,-1.00000,527.86
quat8,0.00000,0.00000,0.00000,-1.00000,527.86
quat0,-0.62319,-0.70018,-0.34343,-0.05865,527.88
quat1,-0.37501,0.14479,-0.82352,0.40027,527.88
quat2,0.07285,-0.09023,0.15486,-0.98111,527.88
quat3,-0.10049,-0.51599,0.15020,-0.83731,527.88
quat4,0.23197,-0.71335,0.00741,-0.66126,527.88
quat5,0.00000,0.00000,0.00000,-1.00000,527.88
quat6,0.00000,0.00000,0.00000,-1.00000,527.88
quat7,0.00000,0.00000,0.00000,-1.00000,527.88
quat8,0.00000,0.00000,0.00000,-1.00000,527.88
quat0,-0.60119,-0.71624,-0.34905,-0.06105,527.9
quat1,-0.37386,0.16948,-0.83579,0.36464,527.9
quat2,0.10432,-0.12020,0.17543,-0.97154,527.9
quat3,-0.07358,-0.53772,0.15368,-0.82573,527.9
quat4,0.23260,-0.72315,0.01006,-0.65027,527.9
quat5,0.00000,0.00000,0.00000,-1.00000,527.9
quat6,0.00000,0.00000,0.00000,-1.00000,527.9
quat7,0.00000,0.00000,0.00000,-1.00000,527.9
quat8,0.00000,0.00000,0.00000,-1.00000,527.9
quat0,-0.58542,-0.72968,-0.34820,-0.06008,527.92
quat1,-0.37539,0.19421,-0.84372,0.33091,527.92
quat2,0.13612,-0.14542,0.19274,-0.96082,527.92
quat3,-0.05008,-0.55960,0.15557,-0.81249,527.92
quat4,0.23281,-0.73045,0.00892,-0.64200,527.92
quat5,0.00000,0.00000,0.00000,-1.00000,527.92
quat6,0.00000,0.00000,0.00000,-1.00000,527.92
quat7,0.00000,0.00000,0.00000,-1.00000,527.92
quat8,0.00000,0.00000,0.00000,-1.00000,527.92
quat0,-0.56811,-0.74329,-0.34887,-0.05541,527.94
quat1,-0.37726,0.21833,-0.84853,0.30001,527.94
quat2,0.16627,-0.16718,0.20756,-0.94938,527.94
quat3,-0.02768,-0.57894,0.15784,-0.79947,527.94
quat4,0.23245,-0.73638,0.00470,-0.63536,527.94
quat5,0.00000,0.00000,0.00000,-1.00000,527.94
quat6,0.00000,0.00000,0.00000,-1.00000,527.94
quat7,0.00000,0.00000,0.00000,-1.00000,527.94
quat8,0.00000,0.00000,0.00000,-1.00000,527.94
quat0,-0.55651,-0.74977,-0.35289,-0.06013,527.96
quat1,-0.37535,0.24003,-0.85224,0.27419,527.96
quat2,0.19295,-0.18550,0.22026,-0.93800,527.96
quat3,-0.00639,-0.59121,0.16034,-0.79039,527.96
quat4,0.23249,-0.74079,-0.00098,-0.63022,527.96
quat5,0.00000,0.00000,0.00000,-1.00000,527.96
quat6,0.00000,0.00000,0.00000,-1.00000,527.96
quat7,0.00000,0.00000,0.00000,-1.00000,527.96
quat8,0.00000,0.00000,0.00000,-1.00000,527.96
quat0,-0.54957,-0.75670,-0.34978,-0.05506,527.98
quat1,-0.36916,0.25762,-0.85584,0.25475,527.98
quat2,0.21483,-0.20044,0.23040,-0.92768,527.98
quat3,0.01277,-0.59597,0.16406,-0.78597,527.98
quat4,0.23535,-0.73991,-0.00589,-0.63017,527.98
quat5,0.00000,0.00000,0.00000,-1.00000,527.98
quat6,0.00000,0.00000,0.00000,-1.00000,527.98
quat7,0.00000,0.00000,0.00000,-1.00000,527.98
quat8,0.00000,0.00000,0.00000,-1.00000,527.98
quat0,-0.54347,-0.76106,-0.35036,-0.05170,528
quat1,-0.36128,0.26935,-0.85973,0.24040,528
quat2,0.22999,-0.21155,0.23761,-0.91973,528
quat3,0.02741,-0.59951,0.16584,-0.78252,528
quat4,0.24181,-0.73231,-0.00937,-0.63652,528
quat5,0.00000,0.00000,0.00000,-1.00000,528
quat6,0.00000,0.00000,0.00000,-1.00000,528
quat7,0.00000,0.00000,0.00000,-1.00000,528
quat8,0.00000,0.00000,0.00000,-1.00000,528
quat0,-0.54146,-0.76438,-0.34710,-0.04543,528.02
quat1,-0.35422,0.27460,-0.86390,0.22978,528.02
quat2,0.23624,-0.21816,0.24167,-0.91553,528.02
quat3,0.03800,-0.60269,0.16732,-0.77931,528.02
quat4,0.24999,-0.72319,-0.01170,-0.64371,528.02
quat5,0.00000,0.00000,0.00000,-1.00000,528.02
quat6,0.00000,0.00000,0.00000,-1.00000,528.02
quat7,0.00000,0.00000,0.00000,-1.00000,528.02
quat8,0.00000,0.00000,0.00000,-1.00000,528.02
quat0,-0.53686,-0.76687,-0.34888,-0.04459,528.04
quat1,-0.34727,0.27381,-0.86849,0.22398,528.04
quat2,0.23354,-0.22060,0.24258,-0.91539,528.04
quat3,0.04510,-0.60348,0.16819,-0.77813,528.04
quat4,0.25729,-0.72018,-0.01488,-0.64415,528.04
quat5,0.00000,0.00000,0.00000,-1.00000,528.04
quat6,0.00000,0.00000,0.00000,-1.00000,528.04
quat7,0.00000,0.00000,0.00000,-1.00000,528.04
quat8,0.00000,0.00000,0.00000,-1.00000,528.04
quat0,-0.53905,-0.76684,-0.34621,-0.03885,528.06
quat1,-0.34172,0.26762,-0.87288,0.22292,528.06
quat2,0.22381,-0.22079,0.24010,-0.91843,528.06
quat3,0.04823,-0.60341,0.16881,-0.77787,528.06
quat4,0.26218,-0.72052,-0.01775,-0.64171,528.06
quat5,0.00000,0.00000,0.00000,-1.00000,528.06
quat6,0.00000,0.00000,0.00000,-1.00000,528.06
quat7,0.00000,0.00000,0.00000,-1.00000,528.06
quat8,0.00000,0.00000,0.00000,-1.00000,528.06
quat0,-0.54349,-0.76469,-0.34457,-0.03379,528.08
quat1,-0.33833,0.25686,-0.87639,0.22694,528.08
quat2,0.20925,-0.22020,0.23374,-0.92363,528.08
quat3,0.04736,-0.60304,0.17021,-0.77790,528.08
quat4,0.26460,-0.72049,-0.01885,-0.64073,528.08
quat5,0.00000,0.00000,0.00000,-1.00000,528.08
quat6,0.00000,0.00000,0.00000,-1.00000,528.08
quat7,0.00000,0.00000,0.00000,-1.00000,528.08
quat8,0.00000,0.00000,0.00000,-1.00000,528.08
quat0,-0.54984,-0.76130,-0.34254,-0.02774,528.1
quat1,-0.33612,0.24363,-0.87861,0.23605,528.1
quat2,0.19196,-0.21965,0.22316,-0.93011,528.1
quat3,0.04345,-0.60226,0.17195,-0.77835,528.1
quat4,0.26546,-0.71895,-0.01753,-0.64213,528.1
quat5,0.00000,0.00000,0.00000,-1.00000,528.1
quat6,0.00000,0.00000,0.00000,-1.00000,528.1
quat7,0.00000,0.00000,0.00000,-1.00000,528.1
quat8,0.00000,0.00000,0.00000,-1.00000,528.1
quat0,-0.55915,-0.75668,-0.33814,-0.02115,528.12
quat1,-0.33402,0.22896,-0.87960,0.24962,528.12
quat2,0.17328,-0.21843,0.20876,-0.93738,528.12
quat3,0.03563,-0.60096,0.17288,-0.77955,528.12
quat4,0.26541,-0.71614,-0.01360,-0.64538,528.12
quat5,0.00000,0.00000,0.00000,-1.00000,528.12
quat6,0.00000,0.00000,0.00000,-1.00000,528.12
quat7,0.00000,0.00000,0.00000,-1.00000,528.12
quat8,0.00000,0.00000,0.00000,-1.00000,528.12
quat0,-0.57200,-0.74914,-0.33379,-0.01379,528.14
quat1,-0.33223,0.21325,-0.87910,0.26709,528.14
quat2,0.15367,-0.21635,0.19068,-0.94510,528.14
quat3,0.02381,-0.59829,0.17356,-0.78190,528.14
quat4,0.26487,-0.71294,-0.00881,-0.64922,528.14
quat5,0.00000,0.00000,0.00000,-1.00000,528.14
quat6,0.00000,0.00000,0.00000,-1.00000,528.14
quat7,0.00000,0.00000,0.00000,-1.00000,528.14
quat8,0.00000,0.00000,0.00000,-1.00000,528.14
quat0,-0.58649,-0.74021,-0.32873,-0.00778,528.16
quat1,-0.33071,0.19776,-0.87676,0.28778,528.16
quat2,0.13321,-0.21415,0.16992,-0.95264,528.16
quat3,0.00869,-0.59509,0.17377,-0.78460,528.16
quat4,0.26506,-0.70936,-0.00342,-0.65310,528.16
quat5,0.00000,0.00000,0.00000,-1.00000,528.16
quat6,0.00000,0.00000,0.00000,-1.00000,528.16
quat7,0.00000,0.00000,0.00000,-1.00000,528.16
quat8,0.00000,0.00000,0.00000,-1.00000,528.16
quat0,-0.60231,-0.72950,-0.32412,-0.00164,528.18
quat1,-0.33032,0.18202,-0.87219,0.31150,528.18
quat2,0.11178,-0.21140,0.14780,-0.95967,528.18
quat3,-0.00962,-0.59210,0.17314,-0.78699,528.18
quat4,0.26637,-0.70507,0.00246,-0.65721,528.18
quat5,0.00000,0.00000,0.00000,-1.00000,528.18
quat6,0.00000,0.00000,0.00000,-1.00000,528.18
quat7,0.00000,0.00000,0.00000,-1.00000,528.18
quat8,0.00000,0.00000,0.00000,-1.00000,528.18
quat0,-0.61795,-0.71898,-0.31810,0.00455,528.2
quat1,-0.33029,0.16514,-0.86570,0.33794,528.2
quat2,0.08950,-0.20725,0.12416,-0.96624,528.2
quat3,-0.03076,-0.58973,0.17079,-0.78874,528.2
quat4,0.26819,-0.70101,0.00890,-0.66074,528.2
quat5,0.00000,0.00000,0.00000,-1.00000,528.2
quat6,0.00000,0.00000,0.00000,-1.00000,528.2
quat7,0.00000,0.00000,0.00000,-1.00000,528.2
quat8,0.00000,0.00000,0.00000,-1.00000,528.2
quat0,-0.63490,-0.70608,-0.31341,0.01131,528.22
quat1,-0.33030,0.14702,-0.85669,0.36792,528.22
quat2,0.06609,-0.20073,0.09945,-0.97234,528.22
quat3,-0.05391,-0.58657,0.16744,-0.79057,528.22
quat4,0.26954,-0.69764,0.01612,-0.66362,528.22
quat5,0.00000,0.00000,0.00000,-1.00000,528.22
quat6,0.00000,0.00000,0.00000,-1.00000,528.22
quat7,0.00000,0.00000,0.00000,-1.00000,528.22
quat8,0.00000,0.00000,0.00000,-1.00000,528.22
quat0,-0.65090,-0.69324,-0.30898,0.01691,528.24
quat1,-0.33267,0.12844,-0.84399,0.40063,528.24
quat2,0.04207,-0.18909,0.07454,-0.97822,528.24
quat3,-0.07855,-0.58225,0.16401,-0.79241,528.24
quat4,0.26987,-0.69507,0.02442,-0.66592,528.24
quat5,0.00000,0.00000,0.00000,-1.00000,528.24
quat6,0.00000,0.00000,0.00000,-1.00000,528.24
quat7,0.00000,0.00000,0.00000,-1.00000,528.24
quat8,0.00000,0.00000,0.00000,-1.00000,528.24
quat0,-0.66937,-0.67621,-0.30691,0.02231,528.26
quat1,-0.33621,0.11155,-0.82761,0.43541,528.26
quat2,0.01901,-0.17285,0.04974,-0.98351,528.26
quat3,-0.10397,-0.57519,0.16232,-0.79499,528.26
quat4,0.27022,-0.69198,0.03249,-0.66865,528.26
quat5,0.00000,0.00000,0.00000,-1.00000,528.26
quat6,0.00000,0.00000,0.00000,-1.00000,528.26
quat7,0.00000,0.00000,0.00000,-1.00000,528.26
quat8,0.00000,0.00000,0.00000,-1.00000,528.26
quat0,-0.68495,-0.66063,-0.30584,0.02975,528.28
quat1,-0.33984,0.09704,-0.80815,0.47116,528.28
quat2,-0.00306,-0.15186,0.02514,-0.98808,528.28
quat3,-0.13202,-0.56543,0.16140,-0.79800,528.28
quat4,0.27089,-0.68575,0.04112,-0.67430,528.28
quat5,0.00000,0.00000,0.00000,-1.00000,528.28
quat6,0.00000,0.00000,0.00000,-1.00000,528.28
quat7,0.00000,0.00000,0.00000,-1.00000,528.28
quat8,0.00000,0.00000,0.00000,-1.00000,528.28
quat0,-0.70097,-0.64438,-0.30343,0.03668,528.3
quat1,-0.34277,0.08295,-0.78546,0.50860,528.3
quat2,-0.02476,-0.12683,-0.00040,-0.99161,528.3
quat3,-0.16229,-0.55353,0.16143,-0.80075,528.3
quat4,0.27081,-0.67665,0.05008,-0.68286,528.3
quat5,0.00000,0.00000,0.00000,-1.00000,528.3
quat6,0.00000,0.00000,0.00000,-1.00000,528.3
quat7,0.00000,0.00000,0.00000,-1.00000,528.3
quat8,0.00000,0.00000,0.00000,-1.00000,528.3
quat0,-0.71700,-0.63039,-0.29396,0.04577,528.32
quat1,-0.34400,0.06850,-0.75925,0.54818,528.32
quat2,-0.04709,-0.09869,-0.02816,-0.99360,528.32
quat3,-0.19431,-0.53937,0.16244,-0.80308,528.32
quat4,0.26898,-0.66605,0.05839,-0.69326,528.32
quat5,0.00000,0.00000,0.00000,-1.00000,528.32
quat6,0.00000,0.00000,0.00000,-1.00000,528.32
quat7,0.00000,0.00000,0.00000,-1.00000,528.32
quat8,0.00000,0.00000,0.00000,-1.00000,528.32
quat0,-0.73226,-0.61675,-0.28358,0.05480,528.34
quat1,-0.34145,0.05274,-0.73036,0.58924,528.34
quat2,-0.06897,-0.06792,-0.05702,-0.99367,528.34
quat3,-0.22769,-0.52262,0.16525,-0.80481,528.34
quat4,0.26442,-0.65420,0.06495,-0.70562,528.34
quat5,0.00000,0.00000,0.00000,-1.00000,528.34
quat6,0.00000,0.00000,0.00000,-1.00000,528.34
quat7,0.00000,0.00000,0.00000,-1.00000,528.34
quat8,0.00000,0.00000,0.00000,-1.00000,528.34
quat0,-0.74609,-0.60553,-0.27034,0.05992,528.36
quat1,-0.33458,0.03470,-0.69840,0.63173,528.36
quat2,-0.08874,-0.03419,-0.08726,-0.99164,528.36
quat3,-0.26370,-0.50136,0.17066,-0.80621,528.36
quat4,0.25628,-0.63931,0.07159,-0.72145,528.36
quat5,0.00000,0.00000,0.00000,-1.00000,528.36
quat6,0.00000,0.00000,0.00000,-1.00000,528.36
quat7,0.00000,0.00000,0.00000,-1.00000,528.36
quat8,0.00000,0.00000,0.00000,-1.00000,528.36
quat0,-0.75769,-0.59517,-0.25844,0.06993,528.38
quat1,-0.32919,0.01904,-0.66266,0.67242,528.38
quat2,-0.10655,0.00100,-0.11698,-0.98740,528.38
quat3,-0.30271,-0.47629,0.17768,-0.80620,528.38
quat4,0.24456,-0.62081,0.07896,-0.74064,528.38
quat5,0.00000,0.00000,0.00000,-1.00000,528.38
quat6,0.00000,0.00000,0.00000,-1.00000,528.38
quat7,0.00000,0.00000,0.00000,-1.00000,528.38
quat8,0.00000,0.00000,0.00000,-1.00000,528.38
quat0,-0.76659,-0.58796,-0.24587,0.07869,528.4
quat1,-0.32320,0.00703,-0.62478,0.71074,528.4
quat2,-0.12374,0.03422,-0.14371,-0.98126,528.4
quat3,-0.34400,-0.44802,0.18538,-0.80410,528.4
quat4,0.22873,-0.60010,0.08803,-0.76146,528.4
quat5,0.00000,0.00000,0.00000,-1.00000,528.4
quat6,0.00000,0.00000,0.00000,-1.00000,528.4
quat7,0.00000,0.00000,0.00000,-1.00000,528.4
quat8,0.00000,0.00000,0.00000,-1.00000,528.4
quat0,-0.77601,-0.57919,-0.23426,0.08641,528.42
quat1,-0.31890,0.00007,-0.58616,0.74479,528.42
quat2,-0.14007,0.06482,-0.16489,-0.97416,528.42
quat3,-0.38737,-0.41702,0.19360,-0.79910,528.42
quat4,0.20860,-0.57978,0.09789,-0.78151,528.42
quat5,0.00000,0.00000,0.00000,-1.00000,528.42
quat6,0.00000,0.00000,0.00000,-1.00000,528.42
quat7,0.00000,0.00000,0.00000,-1.00000,528.42
quat8,0.00000,0.00000,0.00000,-1.00000,528.42
quat0,-0.78157,-0.57535,-0.22032,0.09783,528.44
quat1,-0.31223,-0.00501,-0.54710,0.77664,528.44
quat2,-0.15531,0.09337,-0.18153,-0.96655,528.44
quat3,-0.43162,-0.38552,0.20368,-0.78968,528.44
quat4,0.18400,-0.55988,0.10862,-0.80055,528.44
quat5,0.00000,0.00000,0.00000,-1.00000,528.44
quat6,0.00000,0.00000,0.00000,-1.00000,528.44
quat7,0.00000,0.00000,0.00000,-1.00000,528.44
quat8,0.00000,0.00000,0.00000,-1.00000,528.44
quat0,-0.79219,-0.56738,-0.19649,0.10908,528.46
quat1,-0.30065,-0.01174,-0.50953,0.80613,528.46
quat2,-0.16940,0.12050,-0.19568,-0.95838,528.46
quat3,-0.47607,-0.35502,0.21466,-0.77540,528.46
quat4,0.15546,-0.53951,0.12079,-0.81864,528.46
quat5,0.00000,0.00000,0.00000,-1.00000,528.46
quat6,0.00000,0.00000,0.00000,-1.00000,528.46
quat7,0.00000,0.00000,0.00000,-1.00000,528.46
quat8,0.00000,0.00000,0.00000,-1.00000,528.46
quat0,-0.79708,-0.56566,-0.17507,0.11851,528.48
quat1,-0.28250,-0.02162,-0.47428,0.83354,528.48
quat2,-0.18209,0.14648,-0.20576,-0.95029,528.48
quat3,-0.52068,-0.32378,0.22620,-0.75689,528.48
quat4,0.12362,-0.51839,0.13646,-0.83509,528.48
quat5,0.00000,0.00000,0.00000,-1.00000,528.48
quat6,0.00000,0.00000,0.00000,-1.00000,528.48
quat7,0.00000,0.00000,0.00000,-1.00000,528.48
quat8,0.00000,0.00000,0.00000,-1.00000,528.48
quat0,-0.80053,-0.56490,-0.15381,0.12800,528.5
quat1,-0.25847,-0.03415,-0.44195,0.85832,528.5
quat2,-0.19496,0.16741,-0.21072,-0.94317,528.5
quat3,-0.56509,-0.29057,0.23859,-0.73438,528.5
quat4,0.08905,-0.49598,0.15467,-0.84979,528.5
quat5,0.00000,0.00000,0.00000,-1.00000,528.5
quat6,0.00000,0.00000,0.00000,-1.00000,528.5
quat7,0.00000,0.00000,0.00000,-1.00000,528.5
quat8,0.00000,0.00000,0.00000,-1.00000,528.5
quat0,-0.80281,-0.56632,-0.12893,0.13477,528.52
quat1,-0.23184,-0.04995,-0.41184,0.87985,528.52
quat2,-0.20805,0.18476,-0.21275,-0.93665,528.52
quat3,-0.60879,-0.25529,0.25148,-0.70779,528.52
quat4,0.05223,-0.47157,0.17603,-0.86250,528.52
quat5,0.00000,0.00000,0.00000,-1.00000,528.52
quat6,0.00000,0.00000,0.00000,-1.00000,528.52
quat7,0.00000,0.00000,0.00000,-1.00000,528.52
quat8,0.00000,0.00000,0.00000,-1.00000,528.52
quat0,-0.80592,-0.56439,-0.10748,0.14282,528.54
quat1,-0.20580,-0.06611,-0.38357,0.89786,528.54
quat2,-0.21997,0.20109,-0.21341,-0.93039,528.54
quat3,-0.65084,-0.21956,0.26490,-0.67677,528.54
quat4,0.01414,-0.44566,0.20075,-0.87229,528.54
quat5,0.00000,0.00000,0.00000,-1.00000,528.54
quat6,0.00000,0.00000,0.00000,-1.00000,528.54
quat7,0.00000,0.00000,0.00000,-1.00000,528.54
quat8,0.00000,0.00000,0.00000,-1.00000,528.54
quat0,-0.80705,-0.56477,-0.08176,0.15174,528.56
quat1,-0.18028,-0.08160,-0.35755,0.91269,528.56
quat2,-0.23047,0.21656,-0.21364,-0.92430,528.56
quat3,-0.69158,-0.18368,0.27793,-0.64089,528.56
quat4,-0.02421,-0.41902,0.22933,-0.87820,528.56
quat5,0.00000,0.00000,0.00000,-1.00000,528.56
quat6,0.00000,0.00000,0.00000,-1.00000,528.56
quat7,0.00000,0.00000,0.00000,-1.00000,528.56
quat8,0.00000,0.00000,0.00000,-1.00000,528.56
quat0,-0.80205,-0.57224,-0.05427,0.16222,528.58
quat1,-0.15377,-0.09848,-0.33469,0.92447,528.58
quat2,-0.24002,0.22818,-0.21208,-0.91943,528.58
quat3,-0.73031,-0.14752,0.29098,-0.60018,528.58
quat4,-0.06206,-0.39255,0.26062,-0.87985,528.58
quat5,0.00000,0.00000,0.00000,-1.00000,528.58
quat6,0.00000,0.00000,0.00000,-1.00000,528.58
quat7,0.00000,0.00000,0.00000,-1.00000,528.58
quat8,0.00000,0.00000,0.00000,-1.00000,528.58
quat0,-0.79567,-0.57952,-0.02365,0.17467,528.6
quat1,-0.12608,-0.11849,-0.31390,0.93356,528.6
quat2,-0.24832,0.23709,-0.20862,-0.91576,528.6
quat3,-0.76467,-0.11437,0.30630,-0.55532,528.6
quat4,-0.09941,-0.36577,0.29394,-0.87746,528.6
quat5,0.00000,0.00000,0.00000,-1.00000,528.6
quat6,0.00000,0.00000,0.00000,-1.00000,528.6
quat7,0.00000,0.00000,0.00000,-1.00000,528.6
quat8,0.00000,0.00000,0.00000,-1.00000,528.6
quat0,-0.79439,-0.57897,0.00281,0.18367,528.62
quat1,-0.09861,-0.14080,-0.29467,0.94001,528.62
quat2,-0.25445,0.24633,-0.20402,-0.91266,528.62
quat3,-0.79343,-0.08171,0.32315,-0.50928,528.62
quat4,-0.13581,-0.33868,0.32898,-0.87099,528.62
quat5,0.00000,0.00000,0.00000,-1.00000,528.62
quat6,0.00000,0.00000,0.00000,-1.00000,528.62
quat7,0.00000,0.00000,0.00000,-1.00000,528.62
quat8,0.00000,0.00000,0.00000,-1.00000,528.62
quat0,-0.78851,-0.58386,0.02527,0.19166,528.64
quat1,-0.07225,-0.16296,-0.27615,0.94444,528.64
quat2,-0.25667,0.25936,-0.19991,-0.90933,528.64
quat3,-0.81777,-0.04970,0.34019,-0.46157,528.64
quat4,-0.17084,-0.31075,0.36525,-0.86072,528.64
quat5,0.00000,0.00000,0.00000,-1.00000,528.64
quat6,0.00000,0.00000,0.00000,-1.00000,528.64
quat7,0.00000,0.00000,0.00000,-1.00000,528.64
quat8,0.00000,0.00000,0.00000,-1.00000,528.64
quat0,-0.78176,-0.58983,0.04476,0.19734,528.66
quat1,-0.04741,-0.18300,-0.25844,0.94735,528.66
quat2,-0.25608,0.27390,-0.19513,-0.90627,528.66
quat3,-0.83855,-0.01781,0.35455,-0.41328,528.66
quat4,-0.20206,-0.28276,0.40264,-0.84682,528.66
quat5,0.00000,0.00000,0.00000,-1.00000,528.66
quat6,0.00000,0.00000,0.00000,-1.00000,528.66
quat7,0.00000,0.00000,0.00000,-1.00000,528.66
quat8,0.00000,0.00000,0.00000,-1.00000,528.66
quat0,-0.77581,-0.59300,0.06558,0.20534,528.68
quat1,-0.02312,-0.19943,-0.24226,0.94921,528.68
quat2,-0.25549,0.28451,-0.18847,-0.90457,528.68
quat3,-0.85580,0.01385,0.36598,-0.36533,528.68
quat4,-0.23036,-0.25165,0.43978,-0.83078,528.68
quat5,0.00000,0.00000,0.00000,-1.00000,528.68
quat6,0.00000,0.00000,0.00000,-1.00000,528.68
quat7,0.00000,0.00000,0.00000,-1.00000,528.68
quat8,0.00000,0.00000,0.00000,-1.00000,528.68
quat0,-0.76749,-0.59695,0.08701,0.21690,528.7
quat1,0.00094,-0.21434,-0.22720,0.94997,528.7
quat2,-0.25476,0.29090,-0.17869,-0.90474,528.7
quat3,-0.86926,0.04437,0.37547,-0.31850,528.7
quat4,-0.25655,-0.21776,0.47522,-0.81297,528.7
quat5,0.00000,0.00000,0.00000,-1.00000,528.7
quat6,0.00000,0.00000,0.00000,-1.00000,528.7
quat7,0.00000,0.00000,0.00000,-1.00000,528.7
quat8,0.00000,0.00000,0.00000,-1.00000,528.7
quat0,-0.75811,-0.60339,0.10718,0.22296,528.72
quat1,0.02248,-0.22948,-0.21228,0.94962,528.72
quat2,-0.25441,0.29549,-0.16531,-0.90589,528.72
quat3,-0.87942,0.07251,0.38275,-0.27360,528.72
quat4,-0.27840,-0.18240,0.50893,-0.79386,528.72
quat5,0.00000,0.00000,0.00000,-1.00000,528.72
quat6,0.00000,0.00000,0.00000,-1.00000,528.72
quat7,0.00000,0.00000,0.00000,-1.00000,528.72
quat8,0.00000,0.00000,0.00000,-1.00000,528.72
quat0,-0.74614,-0.61299,0.12362,0.22858,528.74
quat1,0.03791,-0.24996,-0.19691,0.94726,528.74
quat2,-0.25275,0.30433,-0.15029,-0.90605,528.74
quat3,-0.88682,0.09709,0.38902,-0.22975,528.74
quat4,-0.29591,-0.14596,0.53999,-0.77430,528.74
quat5,0.00000,0.00000,0.00000,-1.00000,528.74
quat6,0.00000,0.00000,0.00000,-1.00000,528.74
quat7,0.00000,0.00000,0.00000,-1.00000,528.74
quat8,0.00000,0.00000,0.00000,-1.00000,528.74
quat0,-0.73396,-0.62301,0.14139,0.23060,528.76
quat1,0.05219,-0.27549,-0.18043,0.94277,528.76
quat2,-0.24757,0.32361,-0.13663,-0.90295,528.76
quat3,-0.89253,0.11920,0.39283,-0.18673,528.76
quat4,-0.31123,-0.10911,0.56681,-0.75496,528.76
quat5,0.00000,0.00000,0.00000,-1.00000,528.76
quat6,0.00000,0.00000,0.00000,-1.00000,528.76
quat7,0.00000,0.00000,0.00000,-1.00000,528.76
quat8,0.00000,0.00000,0.00000,-1.00000,528.76
quat0,-0.72280,-0.62921,0.15957,0.23706,528.78
quat1,0.06418,-0.29943,-0.16403,0.93772,528.78
quat2,-0.23932,0.35200,-0.12416,-0.89633,528.78
quat3,-0.89691,0.13924,0.39447,-0.14338,528.78
quat4,-0.32625,-0.07085,0.58986,-0.73527,528.78
quat5,0.00000,0.00000,0.00000,-1.00000,528.78
quat6,0.00000,0.00000,0.00000,-1.00000,528.78
quat7,0.00000,0.00000,0.00000,-1.00000,528.78
quat8,0.00000,0.00000,0.00000,-1.00000,528.78
quat0,-0.71750,-0.63181,0.17299,0.23682,528.8
quat1,0.07547,-0.32436,-0.14764,0.93129,528.8
quat2,-0.22900,0.38743,-0.11490,-0.88558,528.8
quat3,-0.90022,0.15765,0.39324,-0.10059,528.8
quat4,-0.34130,-0.03239,0.60915,-0.71512,528.8
quat5,0.00000,0.00000,0.00000,-1.00000,528.8
quat6,0.00000,0.00000,0.00000,-1.00000,528.8
quat7,0.00000,0.00000,0.00000,-1.00000,528.8
quat8,0.00000,0.00000,0.00000,-1.00000,528.8
quat0,-0.71026,-0.63445,0.18485,0.24257,528.82
quat1,0.08622,-0.34923,-0.13219,0.92365,528.82
quat2,-0.21856,0.42175,-0.10920,-0.87317,528.82
quat3,-0.90171,0.17275,0.39181,-0.05969,528.82
quat4,-0.35517,0.00406,0.62559,-0.69461,528.82
quat5,0.00000,0.00000,0.00000,-1.00000,528.82
quat6,0.00000,0.00000,0.00000,-1.00000,528.82
quat7,0.00000,0.00000,0.00000,-1.00000,528.82
quat8,0.00000,0.00000,0.00000,-1.00000,528.82
quat0,-0.70231,-0.63974,0.19482,0.24402,528.84
quat1,0.09553,-0.37240,-0.11875,0.91547,528.84
quat2,-0.21075,0.45051,-0.10642,-0.86099,528.84
quat3,-0.90134,0.18363,0.39162,-0.02245,528.84
quat4,-0.36681,0.03717,0.63971,-0.67443,528.84
quat5,0.00000,0.00000,0.00000,-1.00000,528.84
quat6,0.00000,0.00000,0.00000,-1.00000,528.84
quat7,0.00000,0.00000,0.00000,-1.00000,528.84
quat8,0.00000,0.00000,0.00000,-1.00000,528.84
quat0,-0.69575,-0.64672,0.19610,0.24338,528.86
quat1,0.10216,-0.39163,-0.10877,0.90794,528.86
quat2,-0.20680,0.47026,-0.10674,-0.85129,528.86
quat3,-0.89959,0.19098,0.39265,0.00994,528.86
quat4,-0.37545,0.06603,0.65231,-0.65511,528.86
quat5,0.00000,0.00000,0.00000,-1.00000,528.86
quat6,0.00000,0.00000,0.00000,-1.00000,528.86
quat7,0.00000,0.00000,0.00000,-1.00000,528.86
quat8,0.00000,0.00000,0.00000,-1.00000,528.86
quat0,-0.68671,-0.65160,0.20245,0.25072,528.88
quat1,0.10674,-0.40605,-0.10264,0.90177,528.88
quat2,-0.20720,0.47977,-0.10924,-0.84555,528.88
quat3,-0.89811,0.19375,0.39312,0.03628,528.88
quat4,-0.37880,0.08772,0.66458,-0.63808,528.88
quat5,0.00000,0.00000,0.00000,-1.00000,528.88
quat6,0.00000,0.00000,0.00000,-1.00000,528.88
quat7,0.00000,0.00000,0.00000,-1.00000,528.88
quat8,0.00000,0.00000,0.00000,-1.00000,528.88
quat0,-0.68365,-0.65542,0.20238,0.24916,528.9
quat1,0.11091,-0.41375,-0.10039,0.89802,528.9
quat2,-0.21049,0.48075,-0.11182,-0.84384,528.9
quat3,-0.89716,0.19281,0.39350,0.05548,528.9
quat4,-0.37537,0.10192,0.67698,-0.62483,528.9
quat5,0.00000,0.00000,0.00000,-1.00000,528.9
quat6,0.00000,0.00000,0.00000,-1.00000,528.9
quat7,0.00000,0.00000,0.00000,-1.00000,528.9
quat8,0.00000,0.00000,0.00000,-1.00000,528.9
quat0,-0.68110,-0.65874,0.20138,0.24822,528.92
quat1,0.11512,-0.41764,-0.10083,0.89563,528.92
quat2,-0.21452,0.47762,-0.11352,-0.84438,528.92
quat3,-0.89637,0.18898,0.39534,0.06712,528.92
quat4,-0.36668,0.11064,0.68803,-0.61638,528.92
quat5,0.00000,0.00000,0.00000,-1.00000,528.92
quat6,0.00000,0.00000,0.00000,-1.00000,528.92
quat7,0.00000,0.00000,0.00000,-1.00000,528.92
quat8,0.00000,0.00000,0.00000,-1.00000,528.92
quat0,-0.68117,-0.66448,0.19208,0.23997,528.94
quat1,0.11875,-0.41823,-0.10375,0.89455,528.94
quat2,-0.21835,0.47283,-0.11466,-0.84594,528.94
quat3,-0.89555,0.18312,0.39909,0.07202,528.94
quat4,-0.35578,0.11350,0.69603,-0.61326,528.94
quat5,0.00000,0.00000,0.00000,-1.00000,528.94
quat6,0.00000,0.00000,0.00000,-1.00000,528.94
quat7,0.00000,0.00000,0.00000,-1.00000,528.94
quat8,0.00000,0.00000,0.00000,-1.00000,528.94
quat0,-0.68204,-0.66608,0.18770,0.23651,528.96
quat1,0.12103,-0.41523,-0.10875,0.89505,528.96
quat2,-0.22197,0.46605,-0.11415,-0.84882,528.96
quat3,-0.89524,0.17609,0.40314,0.07086,528.96
quat4,-0.34446,0.10991,0.69971,-0.61618,528.96
quat5,0.00000,0.00000,0.00000,-1.00000,528.96
quat6,0.00000,0.00000,0.00000,-1.00000,528.96
quat7,0.00000,0.00000,0.00000,-1.00000,528.96
quat8,0.00000,0.00000,0.00000,-1.00000,528.96
quat0,-0.68529,-0.66647,0.18108,0.23109,528.98
quat1,0.12136,-0.41052,-0.11537,0.89635,528.98
quat2,-0.22530,0.45844,-0.11106,-0.85249,528.98
quat3,-0.89500,0.16804,0.40829,0.06358,528.98
quat4,-0.33396,0.10036,0.69824,-0.62519,528.98
quat5,0.00000,0.00000,0.00000,-1.00000,528.98
quat6,0.00000,0.00000,0.00000,-1.00000,528.98
quat7,0.00000,0.00000,0.00000,-1.00000,528.98
quat8,0.00000,0.00000,0.00000,-1.00000,528.98
quat0,-0.69012,-0.66567,0.17321,0.22498,529
quat1,0.11937,-0.40487,-0.12336,0.89812,529
quat2,-0.22795,0.45156,-0.10606,-0.85608,529
quat3,-0.89511,0.15824,0.41371,0.05085,529
quat4,-0.32427,0.08676,0.69121,-0.63996,529
quat5,0.00000,0.00000,0.00000,-1.00000,529
quat6,0.00000,0.00000,0.00000,-1.00000,529
quat7,0.00000,0.00000,0.00000,-1.00000,529
quat8,0.00000,0.00000,0.00000,-1.00000,529
quat0,-0.69639,-0.66321,0.16387,0.21985,529.02
quat1,0.11474,-0.39778,-0.13349,0.90044,529.02
quat2,-0.23077,0.44475,-0.10052,-0.85956,529.02
quat3,-0.89544,0.14616,0.41923,0.03274,529.02
quat4,-0.31490,0.06911,0.67854,-0.66004,529.02
quat5,0.00000,0.00000,0.00000,-1.00000,529.02
quat6,0.00000,0.00000,0.00000,-1.00000,529.02
quat7,0.00000,0.00000,0.00000,-1.00000,529.02
quat8,0.00000,0.00000,0.00000,-1.00000,529.02
quat0,-0.70380,-0.65882,0.15442,0.21627,529.04
quat1,0.10754,-0.38869,-0.14562,0.90341,529.04
quat2,-0.23471,0.43747,-0.09565,-0.86277,529.04
quat3,-0.89580,0.13177,0.42437,0.00931,529.04
quat4,-0.30430,0.04694,0.66062,-0.68468,529.04
quat5,0.00000,0.00000,0.00000,-1.00000,529.04
quat6,0.00000,0.00000,0.00000,-1.00000,529.04
quat7,0.00000,0.00000,0.00000,-1.00000,529.04
quat8,0.00000,0.00000,0.00000,-1.00000,529.04
quat0,-0.71246,-0.65363,0.14308,0.21140,529.06
quat1,0.09837,-0.37883,-0.15918,0.90635,529.06
quat2,-0.24012,0.42896,-0.09208,-0.86594,529.06
quat3,-0.89588,0.11523,0.42863,-0.01978,529.06
quat4,-0.29114,0.01958,0.63745,-0.71310,529.06
quat5,0.00000,0.00000,0.00000,-1.00000,529.06
quat6,0.00000,0.00000,0.00000,-1.00000,529.06
quat7,0.00000,0.00000,0.00000,-1.00000,529.06
quat8,0.00000,0.00000,0.00000,-1.00000,529.06
quat0,-0.72165,-0.64765,0.13072,0.20660,529.08
quat1,0.08604,-0.36861,-0.17352,0.90918,529.08
quat2,-0.24689,0.41701,-0.09101,-0.86998,529.08
quat3,-0.89572,0.09644,0.43059,-0.05459,529.08
quat4,-0.27545,-0.01223,0.60959,-0.74322,529.08
quat5,0.00000,0.00000,0.00000,-1.00000,529.08
quat6,0.00000,0.00000,0.00000,-1.00000,529.08
quat7,0.00000,0.00000,0.00000,-1.00000,529.08
quat8,0.00000,0.00000,0.00000,-1.00000,529.08
quat0,-0.73320,-0.63836,0.11764,0.20267,529.1
quat1,0.07024,-0.35826,-0.18796,0.91180,529.1
quat2,-0.25499,0.40160,-0.09176,-0.87480,529.1
quat3,-0.89466,0.07649,0.42957,-0.09598,529.1
quat4,-0.25813,-0.04752,0.57682,-0.77355,529.1
quat5,0.00000,0.00000,0.00000,-1.00000,529.1
quat6,0.00000,0.00000,0.00000,-1.00000,529.1
quat7,0.00000,0.00000,0.00000,-1.00000,529.1
quat8,0.00000,0.00000,0.00000,-1.00000,529.1
quat0,-0.74407,-0.62843,0.10655,0.20021,529.12
quat1,0.05226,-0.34769,-0.20207,0.91408,529.12
quat2,-0.26400,0.38500,-0.09438,-0.87930,529.12
quat3,-0.89204,0.05536,0.42487,-0.14380,529.12
quat4,-0.23922,-0.08554,0.53991,-0.80246,529.12
quat5,0.00000,0.00000,0.00000,-1.00000,529.12
quat6,0.00000,0.00000,0.00000,-1.00000,529.12
quat7,0.00000,0.00000,0.00000,-1.00000,529.12
quat8,0.00000,0.00000,0.00000,-1.00000,529.12
quat0,-0.75501,-0.61962,0.09283,0.19343,529.14
quat1,0.03301,-0.33767,-0.21514,0.91576,529.14
quat2,-0.27363,0.37009,-0.09896,-0.88225,529.14
quat3,-0.88728,0.03302,0.41526,-0.19799,529.14
quat4,-0.21840,-0.12669,0.49965,-0.82861,529.14
quat5,0.00000,0.00000,0.00000,-1.00000,529.14
quat6,0.00000,0.00000,0.00000,-1.00000,529.14
quat7,0.00000,0.00000,0.00000,-1.00000,529.14
quat8,0.00000,0.00000,0.00000,-1.00000,529.14
quat0,-0.76620,-0.60995,0.07950,0.18595,529.16
quat1,0.01172,-0.32755,-0.22830,0.91676,529.16
quat2,-0.28301,0.35748,-0.10474,-0.88382,529.16
quat3,-0.88019,0.00966,0.39951,-0.25604,529.16
quat4,-0.19549,-0.17137,0.45733,-0.85045,529.16
quat5,0.00000,0.00000,0.00000,-1.00000,529.16
quat6,0.00000,0.00000,0.00000,-1.00000,529.16
quat7,0.00000,0.00000,0.00000,-1.00000,529.16
quat8,0.00000,0.00000,0.00000,-1.00000,529.16
quat0,-0.77779,-0.59966,0.06467,0.17683,529.18
quat1,-0.01075,-0.31709,-0.24227,0.91687,529.18
quat2,-0.29188,0.34522,-0.11031,-0.88514,529.18
quat3,-0.86932,-0.01462,0.37873,-0.31724,529.18
quat4,-0.17031,-0.21965,0.41359,-0.86700,529.18
quat5,0.00000,0.00000,0.00000,-1.00000,529.18
quat6,0.00000,0.00000,0.00000,-1.00000,529.18
quat7,0.00000,0.00000,0.00000,-1.00000,529.18
quat8,0.00000,0.00000,0.00000,-1.00000,529.18
quat0,-0.78898,-0.58934,0.05012,0.16638,529.2
quat1,-0.03396,-0.30659,-0.25771,0.91566,529.2
quat2,-0.29967,0.33307,-0.11476,-0.88662,529.2
quat3,-0.85353,-0.04010,0.35441,-0.37984,529.2
quat4,-0.14391,-0.26968,0.36919,-0.87765,529.2
quat5,0.00000,0.00000,0.00000,-1.00000,529.2
quat6,0.00000,0.00000,0.00000,-1.00000,529.2
quat7,0.00000,0.00000,0.00000,-1.00000,529.2
quat8,0.00000,0.00000,0.00000,-1.00000,529.2
quat0,-0.79753,-0.58297,0.03554,0.15109,529.22
quat1,-0.05786,-0.29602,-0.27482,0.91296,529.22
quat2,-0.30595,0.32115,-0.11793,-0.88846,529.22
quat3,-0.83213,-0.06441,0.33008,-0.44097,529.22
quat4,-0.11863,-0.31832,0.32475,-0.88269,529.22
quat5,0.00000,0.00000,0.00000,-1.00000,529.22
quat6,0.00000,0.00000,0.00000,-1.00000,529.22
quat7,0.00000,0.00000,0.00000,-1.00000,529.22
quat8,0.00000,0.00000,0.00000,-1.00000,529.22
quat0,-0.80678,-0.57558,0.01853,0.13219,529.24
quat1,-0.08291,-0.28577,-0.29397,0.90832,529.24
quat2,-0.30969,0.31009,-0.11979,-0.89083,529.24
quat3,-0.80647,-0.08367,0.30802,-0.49773,529.24
quat4,-0.09731,-0.35927,0.28230,-0.88417,529.24
quat5,0.00000,0.00000,0.00000,-1.00000,529.24
quat6,0.00000,0.00000,0.00000,-1.00000,529.24
quat7,0.00000,0.00000,0.00000,-1.00000,529.24
quat8,0.00000,0.00000,0.00000,-1.00000,529.24
quat0,-0.81091,-0.57419,-0.00227,0.11283,529.26
quat1,-0.10790,-0.27432,-0.31620,0.90174,529.26
quat2,-0.31046,0.29933,-0.12047,-0.89415,529.26
quat3,-0.77901,-0.09641,0.28664,-0.54925,529.26
quat4,-0.07703,-0.38269,0.24134,-0.88847,529.26
quat5,0.00000,0.00000,0.00000,-1.00000,529.26
quat6,0.00000,0.00000,0.00000,-1.00000,529.26
quat7,0.00000,0.00000,0.00000,-1.00000,529.26
quat8,0.00000,0.00000,0.00000,-1.00000,529.26
quat0,-0.81191,-0.57516,-0.02659,0.09640,529.28
quat1,-0.13226,-0.26183,-0.34069,0.89324,529.28
quat2,-0.30780,0.28722,-0.12005,-0.89908,529.28
quat3,-0.74759,-0.10850,0.26765,-0.59808,529.28
quat4,-0.05151,-0.39527,0.20314,-0.89434,529.28
quat5,0.00000,0.00000,0.00000,-1.00000,529.28
quat6,0.00000,0.00000,0.00000,-1.00000,529.28
quat7,0.00000,0.00000,0.00000,-1.00000,529.28
quat8,0.00000,0.00000,0.00000,-1.00000,529.28
quat0,-0.81136,-0.57638,-0.04703,0.08522,529.3
quat1,-0.15592,-0.24800,-0.36728,0.88277,529.3
quat2,-0.30146,0.27594,-0.11965,-0.90480,529.3
quat3,-0.71124,-0.12661,0.25201,-0.64389,529.3
quat4,-0.01924,-0.41166,0.16951,-0.89523,529.3
quat5,0.00000,0.00000,0.00000,-1.00000,529.3
quat6,0.00000,0.00000,0.00000,-1.00000,529.3
quat7,0.00000,0.00000,0.00000,-1.00000,529.3
quat8,0.00000,0.00000,0.00000,-1.00000,529.3
quat0,-0.80912,-0.57911,-0.06346,0.07700,529.32
quat1,-0.18012,-0.23143,-0.39664,0.86987,529.32
quat2,-0.29194,0.26556,-0.11845,-0.91116,529.32
quat3,-0.67057,-0.15190,0.23941,-0.68553,529.32
quat4,0.01759,-0.43544,0.13986,-0.88912,529.32
quat5,0.00000,0.00000,0.00000,-1.00000,529.32
quat6,0.00000,0.00000,0.00000,-1.00000,529.32
quat7,0.00000,0.00000,0.00000,-1.00000,529.32
quat8,0.00000,0.00000,0.00000,-1.00000,529.32
quat0,-0.80802,-0.58027,-0.07903,0.06436,529.34
quat1,-0.20568,-0.21131,-0.42894,0.85384,529.34
quat2,-0.27947,0.25384,-0.11502,-0.91882,529.34
quat3,-0.62739,-0.18133,0.22991,-0.72156,529.34
quat4,0.05623,-0.45941,0.11373,-0.87912,529.34
quat5,0.00000,0.00000,0.00000,-1.00000,529.34
quat6,0.00000,0.00000,0.00000,-1.00000,529.34
quat7,0.00000,0.00000,0.00000,-1.00000,529.34
quat8,0.00000,0.00000,0.00000,-1.00000,529.34
quat0,-0.80508,-0.58310,-0.09444,0.05407,529.36
quat1,-0.23253,-0.18967,-0.46406,0.83343,529.36
quat2,-0.26419,0.23890,-0.10809,-0.92814,529.36
quat3,-0.58164,-0.21343,0.22306,-0.75259,529.36
quat4,0.09528,-0.47893,0.09028,-0.86798,529.36
quat5,0.00000,0.00000,0.00000,-1.00000,529.36
quat6,0.00000,0.00000,0.00000,-1.00000,529.36
quat7,0.00000,0.00000,0.00000,-1.00000,529.36
quat8,0.00000,0.00000,0.00000,-1.00000,529.36
quat0,-0.80250,-0.58478,-0.10901,0.04625,529.38
quat1,-0.25906,-0.16758,-0.50125,0.80843,529.38
quat2,-0.24527,0.22181,-0.09682,-0.93876,529.38
quat3,-0.53385,-0.24710,0.21670,-0.77909,529.38
quat4,0.13315,-0.49473,0.07176,-0.85578,529.38
quat5,0.00000,0.00000,0.00000,-1.00000,529.38
quat6,0.00000,0.00000,0.00000,-1.00000,529.38
quat7,0.00000,0.00000,0.00000,-1.00000,529.38
quat8,0.00000,0.00000,0.00000,-1.00000,529.38
quat0,-0.79621,-0.59020,-0.12913,0.03224,529.4
quat1,-0.28455,-0.14434,-0.54009,0.77878,529.4
quat2,-0.22330,0.20186,-0.08082,-0.95019,529.4
quat3,-0.48493,-0.27813,0.20957,-0.80222,529.4
quat4,0.16785,-0.51012,0.05736,-0.84161,529.4
quat5,0.00000,0.00000,0.00000,-1.00000,529.4
quat6,0.00000,0.00000,0.00000,-1.00000,529.4
quat7,0.00000,0.00000,0.00000,-1.00000,529.4
quat8,0.00000,0.00000,0.00000,-1.00000,529.4
quat0,-0.78804,-0.59732,-0.14792,0.01804,529.42
quat1,-0.30700,-0.12036,-0.57983,0.74502,529.42
quat2,-0.19900,0.18030,-0.06076,-0.96135,529.42
quat3,-0.43747,-0.30284,0.20175,-0.82232,529.42
quat4,0.19682,-0.52671,0.04697,-0.82561,529.42
quat5,0.00000,0.00000,0.00000,-1.00000,529.42
quat6,0.00000,0.00000,0.00000,-1.00000,529.42
quat7,0.00000,0.00000,0.00000,-1.00000,529.42
quat8,0.00000,0.00000,0.00000,-1.00000,529.42
quat0,-0.77872,-0.60410,-0.16925,0.00388,529.44
quat1,-0.32610,-0.09584,-0.61928,0.70779,529.44
quat2,-0.17298,0.15904,-0.03699,-0.97130,529.44
quat3,-0.39184,-0.32209,0.19550,-0.83934,529.44
quat4,0.21991,-0.54332,0.03923,-0.80926,529.44
quat5,0.00000,0.00000,0.00000,-1.00000,529.44
quat6,0.00000,0.00000,0.00000,-1.00000,529.44
quat7,0.00000,0.00000,0.00000,-1.00000,529.44
quat8,0.00000,0.00000,0.00000,-1.00000,529.44
quat0,-0.76618,-0.61417,-0.18887,-0.00930,529.46
quat1,-0.34163,-0.07065,-0.65665,0.66867,529.46
quat2,-0.14465,0.13702,-0.00979,-0.97990,529.46
quat3,-0.34974,-0.33892,0.19096,-0.85226,529.46
quat4,0.23677,-0.55718,0.03519,-0.79515,529.46
quat5,0.00000,0.00000,0.00000,-1.00000,529.46
quat6,0.00000,0.00000,0.00000,-1.00000,529.46
quat7,0.00000,0.00000,0.00000,-1.00000,529.46
quat8,0.00000,0.00000,0.00000,-1.00000,529.46
quat0,-0.75223,-0.62424,-0.20974,-0.02210,529.48
quat1,-0.35527,-0.04214,-0.69096,0.62816,529.48
quat2,-0.11471,0.11243,0.02032,-0.98681,529.48
quat3,-0.30831,-0.35492,0.19028,-0.86184,529.48
quat4,0.24918,-0.56655,0.03356,-0.78473,529.48
quat5,0.00000,0.00000,0.00000,-1.00000,529.48
quat6,0.00000,0.00000,0.00000,-1.00000,529.48
quat7,0.00000,0.00000,0.00000,-1.00000,529.48
quat8,0.00000,0.00000,0.00000,-1.00000,529.48
quat0,-0.73372,-0.63606,-0.23599,-0.03730,529.5
quat1,-0.36758,-0.01104,-0.72181,0.58631,529.5
quat2,-0.08359,0.08688,0.05134,-0.99138,529.5
quat3,-0.26857,-0.37302,0.19198,-0.86710,529.5
quat4,0.25966,-0.57325,0.03418,-0.77640,529.5
quat5,0.00000,0.00000,0.00000,-1.00000,529.5
quat6,0.00000,0.00000,0.00000,-1.00000,529.5
quat7,0.00000,0.00000,0.00000,-1.00000,529.5
quat8,0.00000,0.00000,0.00000,-1.00000,529.5
quat0,-0.71958,-0.64403,-0.25454,-0.05141,529.52
quat1,-0.37828,0.02059,-0.74917,0.54334,529.52
quat2,-0.05175,0.05996,0.08241,-0.99345,529.52
quat3,-0.23205,-0.39305,0.19317,-0.86853,529.52
quat4,0.27197,-0.58010,0.03357,-0.76706,529.52
quat5,0.00000,0.00000,0.00000,-1.00000,529.52
quat6,0.00000,0.00000,0.00000,-1.00000,529.52
quat7,0.00000,0.00000,0.00000,-1.00000,529.52
quat8,0.00000,0.00000,0.00000,-1.00000,529.52
quat0,-0.70123,-0.65786,-0.26793,-0.06088,529.54
quat1,-0.38671,0.04967,-0.77361,0.49953,529.54
quat2,-0.01925,0.03072,0.11321,-0.99291,529.54
quat3,-0.19918,-0.41332,0.19433,-0.86702,529.54
quat4,0.28429,-0.58749,0.03258,-0.75695,529.54
quat5,0.00000,0.00000,0.00000,-1.00000,529.54
quat6,0.00000,0.00000,0.00000,-1.00000,529.54
quat7,0.00000,0.00000,0.00000,-1.00000,529.54
quat8,0.00000,0.00000,0.00000,-1.00000,529.54
quat0,-0.68012,-0.67198,-0.28529,-0.06701,529.56
quat1,-0.39412,0.07959,-0.79430,0.45543,529.56
quat2,0.01467,0.00022,0.14358,-0.98953,529.56
quat3,-0.17003,-0.43212,0.19551,-0.86379,529.56
quat4,0.29688,-0.59520,0.03297,-0.74600,529.56
quat5,0.00000,0.00000,0.00000,-1.00000,529.56
quat6,0.00000,0.00000,0.00000,-1.00000,529.56
quat7,0.00000,0.00000,0.00000,-1.00000,529.56
quat8,0.00000,0.00000,0.00000,-1.00000,529.56
quat0,-0.65964,-0.68465,-0.30226,-0.06911,529.58
quat1,-0.39995,0.11191,-0.81158,0.41093,529.58
quat2,0.05044,-0.03108,0.17287,-0.98316,529.58
quat3,-0.14348,-0.45030,0.19672,-0.85904,529.58
quat4,0.30694,-0.60317,0.03496,-0.73536,529.58
quat5,0.00000,0.00000,0.00000,-1.00000,529.58
quat6,0.00000,0.00000,0.00000,-1.00000,529.58
quat7,0.00000,0.00000,0.00000,-1.00000,529.58
quat8,0.00000,0.00000,0.00000,-1.00000,529.58
quat0,-0.64495,-0.69254,-0.31520,-0.07126,529.6
quat1,-0.40540,0.14532,-0.82514,0.36562,529.6
quat2,0.08803,-0.06482,0.20143,-0.97338,529.6
quat3,-0.11796,-0.46990,0.19759,-0.85219,529.6
quat4,0.31291,-0.61217,0.03650,-0.72526,529.6
quat5,0.00000,0.00000,0.00000,-1.00000,529.6
quat6,0.00000,0.00000,0.00000,-1.00000,529.6
quat7,0.00000,0.00000,0.00000,-1.00000,529.6
quat8,0.00000,0.00000,0.00000,-1.00000,529.6
quat0,-0.63011,-0.70171,-0.32442,-0.07290,529.62
quat1,-0.41006,0.17856,-0.83520,0.32003,529.62
quat2,0.12640,-0.10194,0.22887,-0.95982,529.62
quat3,-0.09288,-0.48974,0.19855,-0.84386,529.62
quat4,0.31453,-0.62241,0.03693,-0.71576,529.62
quat5,0.00000,0.00000,0.00000,-1.00000,529.62
quat6,0.00000,0.00000,0.00000,-1.00000,529.62
quat7,0.00000,0.00000,0.00000,-1.00000,529.62
quat8,0.00000,0.00000,0.00000,-1.00000,529.62
quat0,-0.61851,-0.71224,-0.32470,-0.06878,529.64
quat1,-0.41203,0.21094,-0.84270,0.27494,529.64
quat2,0.16502,-0.14277,0.25490,-0.94202,529.64
quat3,-0.06802,-0.50631,0.20025,-0.83602,529.64
quat4,0.31271,-0.63342,0.03649,-0.70686,529.64
quat5,0.00000,0.00000,0.00000,-1.00000,529.64
quat6,0.00000,0.00000,0.00000,-1.00000,529.64
quat7,0.00000,0.00000,0.00000,-1.00000,529.64
quat8,0.00000,0.00000,0.00000,-1.00000,529.64
quat0,-0.60436,-0.72440,-0.32555,-0.06335,529.66
quat1,-0.41126,0.24033,-0.84801,0.23236,529.66
quat2,0.20234,-0.18479,0.27897,-0.92037,529.66
quat3,-0.04456,-0.51980,0.20254,-0.82873,529.66
quat4,0.30858,-0.64382,0.03536,-0.69930,529.66
quat5,0.00000,0.00000,0.00000,-1.00000,529.66
quat6,0.00000,0.00000,0.00000,-1.00000,529.66
quat7,0.00000,0.00000,0.00000,-1.00000,529.66
quat8,0.00000,0.00000,0.00000,-1.00000,529.66
quat0,-0.59124,-0.73601,-0.32447,-0.05877,529.68
quat1,-0.40959,0.26597,-0.85115,0.19246,529.68
quat2,0.23663,-0.22225,0.30102,-0.89666,529.68
quat3,-0.02214,-0.53030,0.20597,-0.82211,529.68
quat4,0.30289,-0.65422,0.03217,-0.69226,529.68
quat5,0.00000,0.00000,0.00000,-1.00000,529.68
quat6,0.00000,0.00000,0.00000,-1.00000,529.68
quat7,0.00000,0.00000,0.00000,-1.00000,529.68
quat8,0.00000,0.00000,0.00000,-1.00000,529.68
quat0,-0.57442,-0.74824,-0.32763,-0.05323,529.7
quat1,-0.40513,0.28836,-0.85305,0.15817,529.7
quat2,0.26507,-0.25161,0.32151,-0.87354,529.7
quat3,0.00073,-0.53875,0.21041,-0.81577,529.7
quat4,0.29704,-0.66144,0.02823,-0.68809,529.7
quat5,0.00000,0.00000,0.00000,-1.00000,529.7
quat6,0.00000,0.00000,0.00000,-1.00000,529.7
quat7,0.00000,0.00000,0.00000,-1.00000,529.7
quat8,0.00000,0.00000,0.00000,-1.00000,529.7
quat0,-0.55867,-0.75715,-0.33434,-0.05320,529.72
quat1,-0.39763,0.30637,-0.85495,0.13074,529.72
quat2,0.28402,-0.26960,0.34170,-0.85434,529.72
quat3,0.01906,-0.54619,0.21365,-0.80973,529.72
quat4,0.29232,-0.66240,0.02404,-0.68935,529.72
quat5,0.00000,0.00000,0.00000,-1.00000,529.72
quat6,0.00000,0.00000,0.00000,-1.00000,529.72
quat7,0.00000,0.00000,0.00000,-1.00000,529.72
quat8,0.00000,0.00000,0.00000,-1.00000,529.72
quat0,-0.54222,-0.76796,-0.33762,-0.04736,529.74
quat1,-0.38885,0.31843,-0.85750,0.10993,529.74
quat2,0.29262,-0.27502,0.36125,-0.84157,529.74
quat3,0.03415,-0.55243,0.21552,-0.80449,529.74
quat4,0.28914,-0.65770,0.02087,-0.69527,529.74
quat5,0.00000,0.00000,0.00000,-1.00000,529.74
quat6,0.00000,0.00000,0.00000,-1.00000,529.74
quat7,0.00000,0.00000,0.00000,-1.00000,529.74
quat8,0.00000,0.00000,0.00000,-1.00000,529.74
quat0,-0.52738,-0.77476,-0.34499,-0.05109,529.76
quat1,-0.38013,0.32410,-0.86102,0.09545,529.76
quat2,0.29204,-0.27178,0.37833,-0.83529,529.76
quat3,0.04655,-0.55739,0.21657,-0.80016,529.76
quat4,0.28736,-0.65119,0.01860,-0.70216,529.76
quat5,0.00000,0.00000,0.00000,-1.00000,529.76
quat6,0.00000,0.00000,0.00000,-1.00000,529.76
quat7,0.00000,0.00000,0.00000,-1.00000,529.76
quat8,0.00000,0.00000,0.00000,-1.00000,529.76
quat0,-0.51597,-0.78122,-0.34797,-0.04881,529.78
quat1,-0.37053,0.32364,-0.86621,0.08741,529.78
quat2,0.28298,-0.26399,0.39135,-0.83491,529.78
quat3,0.05590,-0.55875,0.21755,-0.79834,529.78
quat4,0.28561,-0.64522,0.01742,-0.70839,529.78
quat5,0.00000,0.00000,0.00000,-1.00000,529.78
quat6,0.00000,0.00000,0.00000,-1.00000,529.78
quat7,0.00000,0.00000,0.00000,-1.00000,529.78
quat8,0.00000,0.00000,0.00000,-1.00000,529.78
quat0,-0.50776,-0.78723,-0.34742,-0.04182,529.8
quat1,-0.36098,0.31770,-0.87260,0.08565,529.8
quat2,0.26763,-0.25365,0.39945,-0.83933,529.8
quat3,0.06263,-0.56137,0.21761,-0.79598,529.8
quat4,0.28242,-0.64368,0.01666,-0.71108,529.8
quat5,0.00000,0.00000,0.00000,-1.00000,529.8
quat6,0.00000,0.00000,0.00000,-1.00000,529.8
quat7,0.00000,0.00000,0.00000,-1.00000,529.8
quat8,0.00000,0.00000,0.00000,-1.00000,529.8
quat0,-0.50561,-0.78915,-0.34656,-0.03861,529.82
quat1,-0.35229,0.30746,-0.87938,0.08974,529.82
quat2,0.25065,-0.24516,0.40095,-0.84635,529.82
quat3,0.06721,-0.56374,0.21765,-0.79392,529.82
quat4,0.27769,-0.64677,0.01701,-0.71013,529.82
quat5,0.00000,0.00000,0.00000,-1.00000,529.82
quat6,0.00000,0.00000,0.00000,-1.00000,529.82
quat7,0.00000,0.00000,0.00000,-1.00000,529.82
quat8,0.00000,0.00000,0.00000,-1.00000,529.82
quat0,-0.50597,-0.78834,-0.34810,-0.03665,529.84
quat1,-0.34517,0.29436,-0.88560,0.09965,529.84
quat2,0.23509,-0.24039,0.39521,-0.85484,529.84
quat3,0.06909,-0.56623,0.21863,-0.79171,529.84
quat4,0.27227,-0.65200,0.01819,-0.70741,529.84
quat5,0.00000,0.00000,0.00000,-1.00000,529.84
quat6,0.00000,0.00000,0.00000,-1.00000,529.84
quat7,0.00000,0.00000,0.00000,-1.00000,529.84
quat8,0.00000,0.00000,0.00000,-1.00000,529.84
quat0,-0.51619,-0.78532,-0.34114,-0.02089,529.86
quat1,-0.33883,0.27934,-0.89098,0.11544,529.86
quat2,0.22086,-0.23745,0.38329,-0.86483,529.86
quat3,0.06680,-0.56858,0.22007,-0.78982,529.86
quat4,0.26709,-0.65632,0.02062,-0.70532,529.86
quat5,0.00000,0.00000,0.00000,-1.00000,529.86
quat6,0.00000,0.00000,0.00000,-1.00000,529.86
quat7,0.00000,0.00000,0.00000,-1.00000,529.86
quat8,0.00000,0.00000,0.00000,-1.00000,529.86
quat0,-0.52519,-0.78040,-0.33898,-0.01551,529.88
quat1,-0.33254,0.26353,-0.89521,0.13626,529.88
quat2,0.20769,-0.23335,0.36637,-0.87646,529.88
quat3,0.06016,-0.57031,0.22162,-0.78868,529.88
quat4,0.26273,-0.65860,0.02443,-0.70472,529.88
quat5,0.00000,0.00000,0.00000,-1.00000,529.88
quat6,0.00000,0.00000,0.00000,-1.00000,529.88
quat7,0.00000,0.00000,0.00000,-1.00000,529.88
quat8,0.00000,0.00000,0.00000,-1.00000,529.88
quat0,-0.53695,-0.77455,-0.33421,-0.00723,529.9
quat1,-0.32741,0.24634,-0.89773,0.16188,529.9
quat2,0.19429,-0.22676,0.34514,-0.88978,529.9
quat3,0.04965,-0.57077,0.22337,-0.78858,529.9
quat4,0.25874,-0.66016,0.02925,-0.70455,529.9
quat5,0.00000,0.00000,0.00000,-1.00000,529.9
quat6,0.00000,0.00000,0.00000,-1.00000,529.9
quat7,0.00000,0.00000,0.00000,-1.00000,529.9
quat8,0.00000,0.00000,0.00000,-1.00000,529.9
quat0,-0.55024,-0.76667,-0.33083,-0.00077,529.92
quat1,-0.32470,0.22833,-0.89753,0.19202,529.92
quat2,0.18067,-0.21671,0.32095,-0.90410,529.92
quat3,0.03527,-0.57107,0.22333,-0.78915,529.92
quat4,0.25472,-0.66187,0.03484,-0.70415,529.92
quat5,0.00000,0.00000,0.00000,-1.00000,529.92
quat6,0.00000,0.00000,0.00000,-1.00000,529.92
quat7,0.00000,0.00000,0.00000,-1.00000,529.92
quat8,0.00000,0.00000,0.00000,-1.00000,529.92
quat0,-0.56570,-0.75715,-0.32663,0.00532,529.94
quat1,-0.32533,0.20981,-0.89405,0.22543,529.94
quat2,0.16608,-0.20529,0.29499,-0.91829,529.94
quat3,0.01707,-0.57079,0.22202,-0.79033,529.94
quat4,0.25034,-0.66430,0.04095,-0.70311,529.94
quat5,0.00000,0.00000,0.00000,-1.00000,529.94
quat6,0.00000,0.00000,0.00000,-1.00000,529.94
quat7,0.00000,0.00000,0.00000,-1.00000,529.94
quat8,0.00000,0.00000,0.00000,-1.00000,529.94
quat0,-0.58229,-0.74628,-0.32225,0.01296,529.96
quat1,-0.32829,0.19129,-0.88741,0.26101,529.96
quat2,0.15114,-0.19228,0.26849,-0.93172,529.96
quat3,-0.00380,-0.57044,0.21959,-0.79143,529.96
quat4,0.24549,-0.66708,0.04782,-0.70175,529.96
quat5,0.00000,0.00000,0.00000,-1.00000,529.96
quat6,0.00000,0.00000,0.00000,-1.00000,529.96
quat7,0.00000,0.00000,0.00000,-1.00000,529.96
quat8,0.00000,0.00000,0.00000,-1.00000,529.96
quat0,-0.59775,-0.73463,-0.32036,0.01945,529.98
quat1,-0.33288,0.17335,-0.87734,0.29904,529.98
quat2,0.13654,-0.17813,0.24124,-0.94416,529.98
quat3,-0.02636,-0.56988,0.21580,-0.79245,529.98
quat4,0.24034,-0.67135,0.05535,-0.69890,529.98
quat5,0.00000,0.00000,0.00000,-1.00000,529.98
quat6,0.00000,0.00000,0.00000,-1.00000,529.98
quat7,0.00000,0.00000,0.00000,-1.00000,529.98
quat8,0.00000,0.00000,0.00000,-1.00000,529.98
quat0,-0.61622,-0.71992,-0.31831,0.02563,530
quat1,-0.33769,0.15684,-0.86407,0.33876,530
quat2,0.12274,-0.16232,0.21352,-0.95551,530
quat3,-0.05025,-0.56870,0.21145,-0.79331,530
quat4,0.23559,-0.67738,0.06318,-0.69402,530
quat5,0.00000,0.00000,0.00000,-1.00000,530
quat6,0.00000,0.00000,0.00000,-1.00000,530
quat7,0.00000,0.00000,0.00000,-1.00000,530
quat8,0.00000,0.00000,0.00000,-1.00000,530
quat0,-0.63290,-0.70531,-0.31749,0.03434,530.02
quat1,-0.34230,0.14115,-0.84780,0.37967,530.02
quat2,0.10755,-0.14208,0.18570,-0.96631,530.02
quat3,-0.07499,-0.56705,0.20688,-0.79375,530.02
quat4,0.23096,-0.68444,0.07109,-0.68786,530.02
quat5,0.00000,0.00000,0.00000,-1.00000,530.02
quat6,0.00000,0.00000,0.00000,-1.00000,530.02
quat7,0.00000,0.00000,0.00000,-1.00000,530.02
quat8,0.00000,0.00000,0.00000,-1.00000,530.02
quat0,-0.64925,-0.69083,-0.31563,0.04005,530.04
quat1,-0.34771,0.12501,-0.82793,0.42191,530.04
quat2,0.08975,-0.11652,0.15636,-0.97669,530.04
quat3,-0.10090,-0.56459,0.20207,-0.79387,530.04
quat4,0.22637,-0.68951,0.07926,-0.68341,530.04
quat5,0.00000,0.00000,0.00000,-1.00000,530.04
quat6,0.00000,0.00000,0.00000,-1.00000,530.04
quat7,0.00000,0.00000,0.00000,-1.00000,530.04
quat8,0.00000,0.00000,0.00000,-1.00000,530.04
quat0,-0.66521,-0.67407,-0.31763,0.04738,530.06
quat1,-0.35200,0.10930,-0.80529,0.46439,530.06
quat2,0.07264,-0.08598,0.12617,-0.98560,530.06
quat3,-0.12823,-0.56012,0.19781,-0.79416,530.06
quat4,0.22248,-0.69101,0.08656,-0.68228,530.06
quat5,0.00000,0.00000,0.00000,-1.00000,530.06
quat6,0.00000,0.00000,0.00000,-1.00000,530.06
quat7,0.00000,0.00000,0.00000,-1.00000,530.06
quat8,0.00000,0.00000,0.00000,-1.00000,530.06
quat0,-0.67917,-0.65890,-0.31872,0.05476,530.08
quat1,-0.35442,0.09624,-0.78080,0.50545,530.08
quat2,0.05745,-0.05387,0.09485,-0.99237,530.08
quat3,-0.15797,-0.55203,0.19464,-0.79525,530.08
quat4,0.21851,-0.68804,0.09354,-0.68564,530.08
quat5,0.00000,0.00000,0.00000,-1.00000,530.08
quat6,0.00000,0.00000,0.00000,-1.00000,530.08
quat7,0.00000,0.00000,0.00000,-1.00000,530.08
quat8,0.00000,0.00000,0.00000,-1.00000,530.08
quat0,-0.69441,-0.64433,-0.31370,0.06502,530.1
quat1,-0.35666,0.08334,-0.75405,0.54522,530.1
quat2,0.04139,-0.02308,0.06186,-0.99696,530.1
quat3,-0.18977,-0.54099,0.19245,-0.79641,530.1
quat4,0.21353,-0.68217,0.09984,-0.69216,530.1
quat5,0.00000,0.00000,0.00000,-1.00000,530.1
quat6,0.00000,0.00000,0.00000,-1.00000,530.1
quat7,0.00000,0.00000,0.00000,-1.00000,530.1
quat8,0.00000,0.00000,0.00000,-1.00000,530.1
quat0,-0.70872,-0.63386,-0.30073,0.07412,530.12
quat1,-0.35780,0.06978,-0.72557,0.58365,530.12
quat2,0.02542,0.00635,0.02825,-0.99926,530.12
quat3,-0.22259,-0.52696,0.19047,-0.79780,530.12
quat4,0.20684,-0.67465,0.10536,-0.70069,530.12
quat5,0.00000,0.00000,0.00000,-1.00000,530.12
quat6,0.00000,0.00000,0.00000,-1.00000,530.12
quat7,0.00000,0.00000,0.00000,-1.00000,530.12
quat8,0.00000,0.00000,0.00000,-1.00000,530.12
quat0,-0.72426,-0.62149,-0.28697,0.08266,530.14
quat1,-0.35533,0.05697,-0.69627,0.62104,530.14
quat2,0.01119,0.03352,-0.00503,-0.99936,530.14
quat3,-0.25621,-0.51100,0.18855,-0.79855,530.14
quat4,0.19771,-0.66516,0.10967,-0.71165,530.14
quat5,0.00000,0.00000,0.00000,-1.00000,530.14
quat6,0.00000,0.00000,0.00000,-1.00000,530.14
quat7,0.00000,0.00000,0.00000,-1.00000,530.14
quat8,0.00000,0.00000,0.00000,-1.00000,530.14
quat0,-0.73658,-0.61049,-0.27432,0.09752,530.16
quat1,-0.35058,0.04551,-0.66578,0.65709,530.16
quat2,-0.00272,0.05668,-0.03748,-0.99768,530.16
quat3,-0.29082,-0.49262,0.18755,-0.79848,530.16
quat4,0.18560,-0.65272,0.11334,-0.72571,530.16
quat5,0.00000,0.00000,0.00000,-1.00000,530.16
quat6,0.00000,0.00000,0.00000,-1.00000,530.16
quat7,0.00000,0.00000,0.00000,-1.00000,530.16
quat8,0.00000,0.00000,0.00000,-1.00000,530.16
quat0,-0.74927,-0.59986,-0.25946,0.10698,530.18
quat1,-0.34439,0.03536,-0.63382,0.69168,530.18
quat2,-0.01834,0.07459,-0.06985,-0.99460,530.18
quat3,-0.32652,-0.47084,0.18634,-0.79810,530.18
quat4,0.17068,-0.63853,0.11549,-0.74150,530.18
quat5,0.00000,0.00000,0.00000,-1.00000,530.18
quat6,0.00000,0.00000,0.00000,-1.00000,530.18
quat7,0.00000,0.00000,0.00000,-1.00000,530.18
quat8,0.00000,0.00000,0.00000,-1.00000,530.18
quat0,-0.75871,-0.59205,-0.24881,0.10922,530.2
quat1,-0.33875,0.02542,-0.60113,0.72335,530.2
quat2,-0.03514,0.09205,-0.09948,-0.99015,530.2
quat3,-0.36354,-0.44592,0.18525,-0.79666,530.2
quat4,0.15294,-0.62353,0.11705,-0.75771,530.2
quat5,0.00000,0.00000,0.00000,-1.00000,530.2
quat6,0.00000,0.00000,0.00000,-1.00000,530.2
quat7,0.00000,0.00000,0.00000,-1.00000,530.2
quat8,0.00000,0.00000,0.00000,-1.00000,530.2
quat0,-0.76676,-0.58543,-0.23648,0.11585,530.22
quat1,-0.32891,0.01422,-0.56940,0.75326,530.22
quat2,-0.05164,0.10988,-0.12459,-0.98475,530.22
quat3,-0.40163,-0.41859,0.18414,-0.79345,530.22
quat4,0.13282,-0.60811,0.11839,-0.77366,530.22
quat5,0.00000,0.00000,0.00000,-1.00000,530.22
quat6,0.00000,0.00000,0.00000,-1.00000,530.22
quat7,0.00000,0.00000,0.00000,-1.00000,530.22
quat8,0.00000,0.00000,0.00000,-1.00000,530.22
quat0,-0.77419,-0.57966,-0.22027,0.12692,530.24
quat1,-0.31630,0.00376,-0.53893,0.78070,530.24
quat2,-0.06879,0.12451,-0.14594,-0.97901,530.24
quat3,-0.44096,-0.38920,0.18363,-0.78763,530.24
quat4,0.10983,-0.59161,0.12070,-0.78954,530.24
quat5,0.00000,0.00000,0.00000,-1.00000,530.24
quat6,0.00000,0.00000,0.00000,-1.00000,530.24
quat7,0.00000,0.00000,0.00000,-1.00000,530.24
quat8,0.00000,0.00000,0.00000,-1.00000,530.24
quat0,-0.78136,-0.57502,-0.20410,0.13100,530.26
quat1,-0.30057,-0.00690,-0.50924,0.80640,530.26
quat2,-0.08733,0.13738,-0.16461,-0.97283,530.26
quat3,-0.48074,-0.35908,0.18404,-0.77851,530.26
quat4,0.08412,-0.57439,0.12456,-0.80467,530.26
quat5,0.00000,0.00000,0.00000,-1.00000,530.26
quat6,0.00000,0.00000,0.00000,-1.00000,530.26
quat7,0.00000,0.00000,0.00000,-1.00000,530.26
quat8,0.00000,0.00000,0.00000,-1.00000,530.26
quat0,-0.78634,-0.57275,-0.18533,0.13885,530.28
quat1,-0.28297,-0.01870,-0.47946,0.83048,530.28
quat2,-0.10587,0.15197,-0.17992,-0.96609,530.28
quat3,-0.52016,-0.32946,0.18666,-0.76554,530.28
quat4,0.05660,-0.55629,0.13115,-0.81862,530.28
quat5,0.00000,0.00000,0.00000,-1.00000,530.28
quat6,0.00000,0.00000,0.00000,-1.00000,530.28
quat7,0.00000,0.00000,0.00000,-1.00000,530.28
quat8,0.00000,0.00000,0.00000,-1.00000,530.28
quat0,-0.79257,-0.56773,-0.16845,0.14536,530.3
quat1,-0.26256,-0.03142,-0.45115,0.85237,530.3
quat2,-0.12353,0.16669,-0.19072,-0.95947,530.3
quat3,-0.55859,-0.30031,0.19163,-0.74905,530.3
quat4,0.02767,-0.53817,0.14071,-0.83055,530.3
quat5,0.00000,0.00000,0.00000,-1.00000,530.3
quat6,0.00000,0.00000,0.00000,-1.00000,530.3
quat7,0.00000,0.00000,0.00000,-1.00000,530.3
quat8,0.00000,0.00000,0.00000,-1.00000,530.3
quat0,-0.79714,-0.56461,-0.14980,0.15278,530.32
quat1,-0.24079,-0.04284,-0.42412,0.87196,530.32
quat2,-0.14090,0.17908,-0.19686,-0.95359,530.32
quat3,-0.59735,-0.26907,0.19877,-0.72888,530.32
quat4,-0.00255,-0.51992,0.15446,-0.84013,530.32
quat5,0.00000,0.00000,0.00000,-1.00000,530.32
quat6,0.00000,0.00000,0.00000,-1.00000,530.32
quat7,0.00000,0.00000,0.00000,-1.00000,530.32
quat8,0.00000,0.00000,0.00000,-1.00000,530.32
quat0,-0.79924,-0.56466,-0.13289,0.15724,530.34
quat1,-0.21709,-0.05240,-0.39825,0.88968,530.34
quat2,-0.15720,0.18986,-0.19872,-0.94855,530.34
quat3,-0.63506,-0.23651,0.20845,-0.70520,530.34
quat4,-0.03355,-0.50104,0.17180,-0.84754,530.34
quat5,0.00000,0.00000,0.00000,-1.00000,530.34
quat6,0.00000,0.00000,0.00000,-1.00000,530.34
quat7,0.00000,0.00000,0.00000,-1.00000,530.34
quat8,0.00000,0.00000,0.00000,-1.00000,530.34
quat0,-0.80310,-0.56210,-0.11238,0.16263,530.36
quat1,-0.19058,-0.06461,-0.37322,0.90565,530.36
quat2,-0.17162,0.20188,-0.19537,-0.94426,530.36
quat3,-0.67035,-0.20421,0.22070,-0.67839,530.36
quat4,-0.06466,-0.48146,0.19403,-0.85227,530.36
quat5,0.00000,0.00000,0.00000,-1.00000,530.36
quat6,0.00000,0.00000,0.00000,-1.00000,530.36
quat7,0.00000,0.00000,0.00000,-1.00000,530.36
quat8,0.00000,0.00000,0.00000,-1.00000,530.36
quat0,-0.79868,-0.56884,-0.09135,0.17375,530.38
quat1,-0.16321,-0.08004,-0.34935,0.91919,530.38
quat2,-0.18344,0.21686,-0.18837,-0.94013,530.38
quat3,-0.70239,-0.17480,0.23573,-0.64848,530.38
quat4,-0.09477,-0.46155,0.22058,-0.85401,530.38
quat5,0.00000,0.00000,0.00000,-1.00000,530.38
quat6,0.00000,0.00000,0.00000,-1.00000,530.38
quat7,0.00000,0.00000,0.00000,-1.00000,530.38
quat8,0.00000,0.00000,0.00000,-1.00000,530.38
quat0,-0.79771,-0.57152,-0.06919,0.17952,530.4
quat1,-0.13500,-0.09460,-0.32748,0.93037,530.4
quat2,-0.19345,0.23315,-0.17897,-0.93605,530.4
quat3,-0.73096,-0.14600,0.25240,-0.61699,530.4
quat4,-0.12424,-0.44194,0.25101,-0.85220,530.4
quat5,0.00000,0.00000,0.00000,-1.00000,530.4
quat6,0.00000,0.00000,0.00000,-1.00000,530.4
quat7,0.00000,0.00000,0.00000,-1.00000,530.4
quat8,0.00000,0.00000,0.00000,-1.00000,530.4
quat0,-0.79321,-0.57783,-0.04765,0.18617,530.42
quat1,-0.10616,-0.10923,-0.30832,0.93901,530.42
quat2,-0.20185,0.24903,-0.16816,-0.93218,530.42
quat3,-0.75676,-0.11597,0.26826,-0.58472,530.42
quat4,-0.15136,-0.42321,0.28401,-0.84695,530.42
quat5,0.00000,0.00000,0.00000,-1.00000,530.42
quat6,0.00000,0.00000,0.00000,-1.00000,530.42
quat7,0.00000,0.00000,0.00000,-1.00000,530.42
quat8,0.00000,0.00000,0.00000,-1.00000,530.42
quat0,-0.78788,-0.58386,-0.02560,0.19417,530.44
quat1,-0.07645,-0.12594,-0.29106,0.94529,530.44
quat2,-0.20879,0.26291,-0.15653,-0.92886,530.44
quat3,-0.77955,-0.08572,0.28257,-0.55237,530.44
quat4,-0.17560,-0.40362,0.31971,-0.83907,530.44
quat5,0.00000,0.00000,0.00000,-1.00000,530.44
quat6,0.00000,0.00000,0.00000,-1.00000,530.44
quat7,0.00000,0.00000,0.00000,-1.00000,530.44
quat8,0.00000,0.00000,0.00000,-1.00000,530.44
quat0,-0.78412,-0.58732,-0.00341,0.20049,530.46
quat1,-0.04810,-0.14460,-0.27485,0.94933,530.46
quat2,-0.21448,0.27425,-0.14339,-0.92640,530.46
quat3,-0.79899,-0.05658,0.29592,-0.52043,530.46
quat4,-0.19795,-0.38185,0.35633,-0.82948,530.46
quat5,0.00000,0.00000,0.00000,-1.00000,530.46
quat6,0.00000,0.00000,0.00000,-1.00000,530.46
quat7,0.00000,0.00000,0.00000,-1.00000,530.46
quat8,0.00000,0.00000,0.00000,-1.00000,530.46
quat0,-0.77860,-0.59443,0.01365,0.20060,530.48
quat1,-0.02172,-0.16257,-0.25976,0.95164,530.48
quat2,-0.22056,0.28132,-0.13065,-0.92474,530.48
quat3,-0.81654,-0.02737,0.30746,-0.48784,530.48
quat4,-0.21861,-0.35801,0.39264,-0.81846,530.48
quat5,0.00000,0.00000,0.00000,-1.00000,530.48
quat6,0.00000,0.00000,0.00000,-1.00000,530.48
quat7,0.00000,0.00000,0.00000,-1.00000,530.48
quat8,0.00000,0.00000,0.00000,-1.00000,530.48
quat0,-0.76908,-0.60283,0.03394,0.20967,530.5
quat1,0.00157,-0.18070,-0.24585,0.95231,530.5
quat2,-0.22602,0.29211,-0.11946,-0.92159,530.5
quat3,-0.83181,0.00305,0.31771,-0.45513,530.5
quat4,-0.23692,-0.33154,0.42795,-0.80673,530.5
quat5,0.00000,0.00000,0.00000,-1.00000,530.5
quat6,0.00000,0.00000,0.00000,-1.00000,530.5
quat7,0.00000,0.00000,0.00000,-1.00000,530.5
quat8,0.00000,0.00000,0.00000,-1.00000,530.5
quat0,-0.75883,-0.61146,0.05585,0.21722,530.52
quat1,0.02274,-0.20025,-0.23278,0.95142,530.52
quat2,-0.23215,0.30278,-0.10950,-0.91785,530.52
quat3,-0.84513,0.03316,0.32650,-0.42196,530.52
quat4,-0.25263,-0.30155,0.46192,-0.79491,530.52
quat5,0.00000,0.00000,0.00000,-1.00000,530.52
quat6,0.00000,0.00000,0.00000,-1.00000,530.52
quat7,0.00000,0.00000,0.00000,-1.00000,530.52
quat8,0.00000,0.00000,0.00000,-1.00000,530.52
quat0,-0.75394,-0.61531,0.06986,0.21930,530.54
quat1,0.04162,-0.22043,-0.22018,0.94932,530.54
quat2,-0.23665,0.31365,-0.10129,-0.91398,530.54
quat3,-0.85613,0.05995,0.33552,-0.38843,530.54
quat4,-0.26540,-0.26975,0.49348,-0.78312,530.54
quat5,0.00000,0.00000,0.00000,-1.00000,530.54
quat6,0.00000,0.00000,0.00000,-1.00000,530.54
quat7,0.00000,0.00000,0.00000,-1.00000,530.54
quat8,0.00000,0.00000,0.00000,-1.00000,530.54
quat0,-0.74034,-0.62522,0.09030,0.22987,530.56
quat1,0.05763,-0.24104,-0.20588,0.94667,530.56
quat2,-0.23896,0.32940,-0.09444,-0.90856,530.56
quat3,-0.86514,0.08297,0.34503,-0.35440,530.56
quat4,-0.27446,-0.23846,0.52220,-0.77144,530.56
quat5,0.00000,0.00000,0.00000,-1.00000,530.56
quat6,0.00000,0.00000,0.00000,-1.00000,530.56
quat7,0.00000,0.00000,0.00000,-1.00000,530.56
quat8,0.00000,0.00000,0.00000,-1.00000,530.56
quat0,-0.73022,-0.63395,0.10154,0.23362,530.58
quat1,0.07619,-0.25846,-0.18692,0.94470,530.58
quat2,-0.23885,0.34856,-0.08888,-0.90197,530.58
quat3,-0.87222,0.10380,0.35440,-0.32071,530.58
quat4,-0.27994,-0.20828,0.54839,-0.75995,530.58
quat5,0.00000,0.00000,0.00000,-1.00000,530.58
quat6,0.00000,0.00000,0.00000,-1.00000,530.58
quat7,0.00000,0.00000,0.00000,-1.00000,530.58
quat8,0.00000,0.00000,0.00000,-1.00000,530.58
quat0,-0.72020,-0.64261,0.10997,0.23721,530.6
quat1,0.08845,-0.27706,-0.17027,0.94150,530.6
quat2,-0.23660,0.37037,-0.08702,-0.89402,530.6
quat3,-0.87655,0.12313,0.36468,-0.28897,530.6
quat4,-0.28277,-0.17813,0.57176,-0.74926,530.6
quat5,0.00000,0.00000,0.00000,-1.00000,530.6
quat6,0.00000,0.00000,0.00000,-1.00000,530.6
quat7,0.00000,0.00000,0.00000,-1.00000,530.6
quat8,0.00000,0.00000,0.00000,-1.00000,530.6
quat0,-0.71557,-0.64615,0.11964,0.23691,530.62
quat1,0.10163,-0.29639,-0.15549,0.93683,530.62
quat2,-0.23231,0.39180,-0.08832,-0.88585,530.62
quat3,-0.87848,0.14107,0.37505,-0.26021,530.62
quat4,-0.28474,-0.14863,0.59220,-0.73901,530.62
quat5,0.00000,0.00000,0.00000,-1.00000,530.62
quat6,0.00000,0.00000,0.00000,-1.00000,530.62
quat7,0.00000,0.00000,0.00000,-1.00000,530.62
quat8,0.00000,0.00000,0.00000,-1.00000,530.62
quat0,-0.70906,-0.64811,0.13332,0.24375,530.64
quat1,0.11304,-0.31345,-0.14425,0.93175,530.64
quat2,-0.22858,0.40724,-0.09215,-0.87944,530.64
quat3,-0.87912,0.15778,0.38394,-0.23418,530.64
quat4,-0.28582,-0.12055,0.60868,-0.73026,530.64
quat5,0.00000,0.00000,0.00000,-1.00000,530.64
quat6,0.00000,0.00000,0.00000,-1.00000,530.64
quat7,0.00000,0.00000,0.00000,-1.00000,530.64
quat8,0.00000,0.00000,0.00000,-1.00000,530.64
quat0,-0.70424,-0.65206,0.13903,0.24399,530.66
quat1,0.12347,-0.32216,-0.13655,0.92861,530.66
quat2,-0.22801,0.41275,-0.09556,-0.87665,530.66
quat3,-0.87933,0.17357,0.39042,-0.21031,530.66
quat4,-0.28619,-0.09504,0.62141,-0.72312,530.66
quat5,0.00000,0.00000,0.00000,-1.00000,530.66
quat6,0.00000,0.00000,0.00000,-1.00000,530.66
quat7,0.00000,0.00000,0.00000,-1.00000,530.66
quat8,0.00000,0.00000,0.00000,-1.00000,530.66
quat0,-0.69910,-0.65706,0.14212,0.24356,530.68
quat1,0.13267,-0.32798,-0.13055,0.92616,530.68
quat2,-0.23033,0.41051,-0.09849,-0.87677,530.68
quat3,-0.87832,0.18848,0.39627,-0.18975,530.68
quat4,-0.28483,-0.07262,0.63052,-0.71836,530.68
quat5,0.00000,0.00000,0.00000,-1.00000,530.68
quat6,0.00000,0.00000,0.00000,-1.00000,530.68
quat7,0.00000,0.00000,0.00000,-1.00000,530.68
quat8,0.00000,0.00000,0.00000,-1.00000,530.68
quat0,-0.69753,-0.65646,0.14841,0.24595,530.7
quat1,0.14049,-0.33271,-0.12705,0.92381,530.7
quat2,-0.23359,0.40564,-0.10153,-0.87783,530.7
quat3,-0.87566,0.20135,0.40333,-0.17322,530.7
quat4,-0.28165,-0.05312,0.63667,-0.71589,530.7
quat5,0.00000,0.00000,0.00000,-1.00000,530.7
quat6,0.00000,0.00000,0.00000,-1.00000,530.7
quat7,0.00000,0.00000,0.00000,-1.00000,530.7
quat8,0.00000,0.00000,0.00000,-1.00000,530.7
quat0,-0.69556,-0.66095,0.14697,0.24029,530.72
quat1,0.14615,-0.33523,-0.12536,0.92225,530.72
quat2,-0.23680,0.40158,-0.10380,-0.87857,530.72
quat3,-0.87155,0.21104,0.41200,-0.16163,530.72
quat4,-0.27688,-0.03588,0.63941,-0.71639,530.72
quat5,0.00000,0.00000,0.00000,-1.00000,530.72
quat6,0.00000,0.00000,0.00000,-1.00000,530.72
quat7,0.00000,0.00000,0.00000,-1.00000,530.72
quat8,0.00000,0.00000,0.00000,-1.00000,530.72
quat0,-0.69695,-0.66098,0.14642,0.23648,530.74
quat1,0.15037,-0.33744,-0.12468,0.92086,530.74
quat2,-0.23937,0.39962,-0.10462,-0.87867,530.74
quat3,-0.86746,0.21719,0.41984,-0.15516,530.74
quat4,-0.26973,-0.02243,0.63911,-0.71992,530.74
quat5,0.00000,0.00000,0.00000,-1.00000,530.74
quat6,0.00000,0.00000,0.00000,-1.00000,530.74
quat7,0.00000,0.00000,0.00000,-1.00000,530.74
quat8,0.00000,0.00000,0.00000,-1.00000,530.74
quat0,-0.69974,-0.65931,0.14510,0.23370,530.76
quat1,0.15261,-0.33794,-0.12627,0.92009,530.76
quat2,-0.24162,0.39820,-0.10447,-0.87872,530.76
quat3,-0.86360,0.22002,0.42673,-0.15393,530.76
quat4,-0.25969,-0.01392,0.63596,-0.72658,530.76
quat5,0.00000,0.00000,0.00000,-1.00000,530.76
quat6,0.00000,0.00000,0.00000,-1.00000,530.76
quat7,0.00000,0.00000,0.00000,-1.00000,530.76
quat8,0.00000,0.00000,0.00000,-1.00000,530.76
quat0,-0.70445,-0.65612,0.14145,0.23075,530.78
quat1,0.15239,-0.33824,-0.12941,0.91958,530.78
quat2,-0.24349,0.39579,-0.10318,-0.87944,530.78
quat3,-0.85926,0.21999,0.43354,-0.15913,530.78
quat4,-0.24683,-0.01175,0.62994,-0.73628,530.78
quat5,0.00000,0.00000,0.00000,-1.00000,530.78
quat6,0.00000,0.00000,0.00000,-1.00000,530.78
quat7,0.00000,0.00000,0.00000,-1.00000,530.78
quat8,0.00000,0.00000,0.00000,-1.00000,530.78
quat0,-0.70941,-0.65302,0.13671,0.22719,530.8
quat1,0.14933,-0.33853,-0.13299,0.91946,530.8
quat2,-0.24438,0.39299,-0.10026,-0.88078,530.8
quat3,-0.85428,0.21705,0.44060,-0.17019,530.8
quat4,-0.23276,-0.01435,0.62032,-0.74888,530.8
quat5,0.00000,0.00000,0.00000,-1.00000,530.8
quat6,0.00000,0.00000,0.00000,-1.00000,530.8
quat7,0.00000,0.00000,0.00000,-1.00000,530.8
quat8,0.00000,0.00000,0.00000,-1.00000,530.8
quat0,-0.71614,-0.64836,0.12969,0.22351,530.82
quat1,0.14378,-0.33853,-0.13716,0.91974,530.82
quat2,-0.24392,0.39181,-0.09700,-0.88180,530.82
quat3,-0.84851,0.21123,0.44796,-0.18639,530.82
quat4,-0.21852,-0.02087,0.60663,-0.76408,530.82
quat5,0.00000,0.00000,0.00000,-1.00000,530.82
quat6,0.00000,0.00000,0.00000,-1.00000,530.82
quat7,0.00000,0.00000,0.00000,-1.00000,530.82
quat8,0.00000,0.00000,0.00000,-1.00000,530.82
quat0,-0.72416,-0.64259,0.12206,0.21859,530.84
quat1,0.13565,-0.33681,-0.14284,0.92074,530.84
quat2,-0.24262,0.39236,-0.09397,-0.88225,530.84
quat3,-0.84196,0.20316,0.45476,-0.20742,530.84
quat4,-0.20424,-0.03133,0.58892,-0.78133,530.84
quat5,0.00000,0.00000,0.00000,-1.00000,530.84
quat6,0.00000,0.00000,0.00000,-1.00000,530.84
quat7,0.00000,0.00000,0.00000,-1.00000,530.84
quat8,0.00000,0.00000,0.00000,-1.00000,530.84
quat0,-0.73287,-0.63617,0.11188,0.21371,530.86
quat1,0.12572,-0.33261,-0.15053,0.92245,530.86
quat2,-0.24179,0.39350,-0.09225,-0.88215,530.86
quat3,-0.83505,0.19275,0.45975,-0.23274,530.86
quat4,-0.19011,-0.04547,0.56733,-0.79996,530.86
quat5,0.00000,0.00000,0.00000,-1.00000,530.86
quat6,0.00000,0.00000,0.00000,-1.00000,530.86
quat7,0.00000,0.00000,0.00000,-1.00000,530.86
quat8,0.00000,0.00000,0.00000,-1.00000,530.86
quat0,-0.74303,-0.62661,0.10479,0.21043,530.88
quat1,0.11244,-0.32685,-0.15978,0.92466,530.88
quat2,-0.24247,0.39350,-0.09202,-0.88199,530.88
quat3,-0.82721,0.18002,0.46320,-0.26222,530.88
quat4,-0.17641,-0.06271,0.54215,-0.81916,530.88
quat5,0.00000,0.00000,0.00000,-1.00000,530.88
quat6,0.00000,0.00000,0.00000,-1.00000,530.88
quat7,0.00000,0.00000,0.00000,-1.00000,530.88
quat8,0.00000,0.00000,0.00000,-1.00000,530.88
quat0,-0.75404,-0.61683,0.09450,0.20500,530.9
quat1,0.09539,-0.32116,-0.16959,0.92682,530.9
quat2,-0.24534,0.39316,-0.09390,-0.88115,530.9
quat3,-0.81782,0.16482,0.46526,-0.29586,530.9
quat4,-0.16266,-0.08240,0.51347,-0.83851,530.9
quat5,0.00000,0.00000,0.00000,-1.00000,530.9
quat6,0.00000,0.00000,0.00000,-1.00000,530.9
quat7,0.00000,0.00000,0.00000,-1.00000,530.9
quat8,0.00000,0.00000,0.00000,-1.00000,530.9
quat0,-0.76490,-0.60683,0.08400,0.19907,530.92
quat1,0.07505,-0.31610,-0.17918,0.92862,530.92
quat2,-0.24971,0.39224,-0.09783,-0.87990,530.92
quat3,-0.80734,0.14672,0.46510,-0.33219,530.92
quat4,-0.14835,-0.10521,0.48197,-0.85711,530.92
quat5,0.00000,0.00000,0.00000,-1.00000,530.92
quat6,0.00000,0.00000,0.00000,-1.00000,530.92
quat7,0.00000,0.00000,0.00000,-1.00000,530.92
quat8,0.00000,0.00000,0.00000,-1.00000,530.92
quat0,-0.77639,-0.59704,0.07068,0.18914,530.94
quat1,0.05228,-0.31133,-0.18890,0.92987,530.94
quat2,-0.25483,0.38817,-0.10406,-0.87952,530.94
quat3,-0.79589,0.12603,0.46158,-0.37098,530.94
quat4,-0.13275,-0.13144,0.44810,-0.87425,530.94
quat5,0.00000,0.00000,0.00000,-1.00000,530.94
quat6,0.00000,0.00000,0.00000,-1.00000,530.94
quat7,0.00000,0.00000,0.00000,-1.00000,530.94
quat8,0.00000,0.00000,0.00000,-1.00000,530.94
quat0,-0.78653,-0.58829,0.05865,0.17847,530.96
quat1,0.02805,-0.30475,-0.19965,0.93085,530.96
quat2,-0.26026,0.37999,-0.11145,-0.88060,530.96
quat3,-0.78375,0.10395,0.45372,-0.41117,530.96
quat4,-0.11663,-0.16065,0.41267,-0.88899,530.96
quat5,0.00000,0.00000,0.00000,-1.00000,530.96
quat6,0.00000,0.00000,0.00000,-1.00000,530.96
quat7,0.00000,0.00000,0.00000,-1.00000,530.96
quat8,0.00000,0.00000,0.00000,-1.00000,530.96
quat0,-0.79643,-0.57968,0.04354,0.16667,530.98
quat1,0.00315,-0.29622,-0.21171,0.93136,530.98
quat2,-0.26529,0.37100,-0.11855,-0.88200,530.98
quat3,-0.77052,0.08152,0.44172,-0.45226,530.98
quat4,-0.09959,-0.19354,0.37644,-0.90051,530.98
quat5,0.00000,0.00000,0.00000,-1.00000,530.98
quat6,0.00000,0.00000,0.00000,-1.00000,530.98
quat7,0.00000,0.00000,0.00000,-1.00000,530.98
quat8,0.00000,0.00000,0.00000,-1.00000,530.98
quat0,-0.80538,-0.57103,0.02819,0.15652,531
quat1,-0.02338,-0.28617,-0.22439,0.93124,531
quat2,-0.26828,0.36400,-0.12528,-0.88308,531
quat3,-0.75530,0.05622,0.42857,-0.49263,531
quat4,-0.08329,-0.22793,0.33986,-0.90863,531
quat5,0.00000,0.00000,0.00000,-1.00000,531
quat6,0.00000,0.00000,0.00000,-1.00000,531
quat7,0.00000,0.00000,0.00000,-1.00000,531
quat8,0.00000,0.00000,0.00000,-1.00000,531
quat0,-0.81009,-0.56840,0.01270,0.14320,531.02
quat1,-0.05041,-0.27335,-0.23935,0.93030,531.02
quat2,-0.26880,0.35581,-0.13081,-0.88546,531.02
quat3,-0.73698,0.02956,0.41533,-0.53244,531.02
quat4,-0.06862,-0.26060,0.30384,-0.91381,531.02
quat5,0.00000,0.00000,0.00000,-1.00000,531.02
quat6,0.00000,0.00000,0.00000,-1.00000,531.02
quat7,0.00000,0.00000,0.00000,-1.00000,531.02
quat8,0.00000,0.00000,0.00000,-1.00000,531.02
quat0,-0.81131,-0.56978,-0.00264,0.13085,531.04
quat1,-0.07683,-0.25810,-0.25791,0.92788,531.04
quat2,-0.26700,0.34194,-0.13473,-0.89086,531.04
quat3,-0.71658,0.00433,0.40143,-0.57040,531.04
quat4,-0.05312,-0.28974,0.26973,-0.91677,531.04
quat5,0.00000,0.00000,0.00000,-1.00000,531.04
quat6,0.00000,0.00000,0.00000,-1.00000,531.04
quat7,0.00000,0.00000,0.00000,-1.00000,531.04
quat8,0.00000,0.00000,0.00000,-1.00000,531.04
quat0,-0.81285,-0.57085,-0.02617,0.11280,531.06
quat1,-0.10283,-0.24068,-0.28004,0.92362,531.06
quat2,-0.26262,0.32376,-0.13721,-0.89855,531.06
quat3,-0.69489,-0.02193,0.38575,-0.60650,531.06
quat4,-0.03463,-0.31732,0.23919,-0.91700,531.06
quat5,0.00000,0.00000,0.00000,-1.00000,531.06
quat6,0.00000,0.00000,0.00000,-1.00000,531.06
quat7,0.00000,0.00000,0.00000,-1.00000,531.06
quat8,0.00000,0.00000,0.00000,-1.00000,531.06
quat0,-0.81332,-0.57116,-0.04525,0.10119,531.08
quat1,-0.12991,-0.22120,-0.30519,0.91709,531.08
quat2,-0.25517,0.30417,-0.13781,-0.90740,531.08
quat3,-0.67189,-0.05182,0.36867,-0.64028,531.08
quat4,-0.01392,-0.34361,0.21193,-0.91478,531.08
quat5,0.00000,0.00000,0.00000,-1.00000,531.08
quat6,0.00000,0.00000,0.00000,-1.00000,531.08
quat7,0.00000,0.00000,0.00000,-1.00000,531.08
quat8,0.00000,0.00000,0.00000,-1.00000,531.08
quat0,-0.81031,-0.57583,-0.06531,0.08687,531.1
quat1,-0.15738,-0.20157,-0.33328,0.90748,531.1
quat2,-0.24419,0.28402,-0.13532,-0.91728,531.1
quat3,-0.64677,-0.08442,0.35136,-0.67165,531.1
quat4,0.00824,-0.37077,0.18788,-0.90948,531.1
quat5,0.00000,0.00000,0.00000,-1.00000,531.1
quat6,0.00000,0.00000,0.00000,-1.00000,531.1
quat7,0.00000,0.00000,0.00000,-1.00000,531.1
quat8,0.00000,0.00000,0.00000,-1.00000,531.1
quat0,-0.80947,-0.57663,-0.08051,0.07597,531.12
quat1,-0.18545,-0.18202,-0.36464,0.89416,531.12
quat2,-0.22970,0.26279,-0.12946,-0.92813,531.12
quat3,-0.61992,-0.11743,0.33412,-0.70020,531.12
quat4,0.03155,-0.39939,0.16637,-0.90101,531.12
quat5,0.00000,0.00000,0.00000,-1.00000,531.12
quat6,0.00000,0.00000,0.00000,-1.00000,531.12
quat7,0.00000,0.00000,0.00000,-1.00000,531.12
quat8,0.00000,0.00000,0.00000,-1.00000,531.12
quat0,-0.80444,-0.58230,-0.09853,0.06397,531.14
quat1,-0.21306,-0.16364,-0.39872,0.87684,531.14
quat2,-0.21229,0.24105,-0.12027,-0.93934,531.14
quat3,-0.59178,-0.15010,0.31695,-0.72582,531.14
quat4,0.05537,-0.42916,0.14883,-0.88916,531.14
quat5,0.00000,0.00000,0.00000,-1.00000,531.14
quat6,0.00000,0.00000,0.00000,-1.00000,531.14
quat7,0.00000,0.00000,0.00000,-1.00000,531.14
quat8,0.00000,0.00000,0.00000,-1.00000,531.14
quat0,-0.80172,-0.58348,-0.11771,0.05416,531.16
quat1,-0.23909,-0.14412,-0.43559,0.85576,531.16
quat2,-0.19158,0.21984,-0.10699,-0.95054,531.16
quat3,-0.56195,-0.18248,0.29977,-0.74904,531.16
quat4,0.07891,-0.45831,0.13395,-0.87509,531.16
quat5,0.00000,0.00000,0.00000,-1.00000,531.16
quat6,0.00000,0.00000,0.00000,-1.00000,531.16
quat7,0.00000,0.00000,0.00000,-1.00000,531.16
quat8,0.00000,0.00000,0.00000,-1.00000,531.16
quat0,-0.80011,-0.58252,-0.13597,0.04475,531.18
quat1,-0.26333,-0.12299,-0.47429,0.83102,531.18
quat2,-0.16872,0.19924,-0.08917,-0.96119,531.18
quat3,-0.53141,-0.21331,0.28246,-0.76962,531.18
quat4,0.10165,-0.48512,0.12237,-0.85986,531.18
quat5,0.00000,0.00000,0.00000,-1.00000,531.18
quat6,0.00000,0.00000,0.00000,-1.00000,531.18
quat7,0.00000,0.00000,0.00000,-1.00000,531.18
quat8,0.00000,0.00000,0.00000,-1.00000,531.18
quat0,-0.79288,-0.58884,-0.15306,0.03444,531.2
quat1,-0.28593,-0.10093,-0.51370,0.80260,531.2
quat2,-0.14452,0.17834,-0.06658,-0.97102,531.2
quat3,-0.50046,-0.24226,0.26473,-0.78789,531.2
quat4,0.12299,-0.50928,0.11318,-0.84421,531.2
quat5,0.00000,0.00000,0.00000,-1.00000,531.2
quat6,0.00000,0.00000,0.00000,-1.00000,531.2
quat7,0.00000,0.00000,0.00000,-1.00000,531.2
quat8,0.00000,0.00000,0.00000,-1.00000,531.2
quat0,-0.78468,-0.59509,-0.17187,0.02470,531.22
quat1,-0.30668,-0.07671,-0.55298,0.77089,531.22
quat2,-0.11906,0.15693,-0.03939,-0.97962,531.22
quat3,-0.46856,-0.26971,0.24779,-0.80393,531.22
quat4,0.14163,-0.53273,0.10735,-0.82742,531.22
quat5,0.00000,0.00000,0.00000,-1.00000,531.22
quat6,0.00000,0.00000,0.00000,-1.00000,531.22
quat7,0.00000,0.00000,0.00000,-1.00000,531.22
quat8,0.00000,0.00000,0.00000,-1.00000,531.22
quat0,-0.77526,-0.60151,-0.19226,0.01404,531.24
quat1,-0.32586,-0.05176,-0.59118,0.73596,531.24
quat2,-0.09241,0.13502,-0.00788,-0.98649,531.24
quat3,-0.43533,-0.29672,0.23262,-0.81752,531.24
quat4,0.15712,-0.55553,0.10376,-0.80989,531.24
quat5,0.00000,0.00000,0.00000,-1.00000,531.24
quat6,0.00000,0.00000,0.00000,-1.00000,531.24
quat7,0.00000,0.00000,0.00000,-1.00000,531.24
quat8,0.00000,0.00000,0.00000,-1.00000,531.24
quat0,-0.76509,-0.60840,-0.21086,0.00486,531.26
quat1,-0.34385,-0.02535,-0.62712,0.69846,531.26
quat2,-0.06561,0.11359,0.02630,-0.99101,531.26
quat3,-0.40171,-0.32333,0.21973,-0.82813,531.26
quat4,0.16913,-0.57691,0.10266,-0.79248,531.26
quat5,0.00000,0.00000,0.00000,-1.00000,531.26
quat6,0.00000,0.00000,0.00000,-1.00000,531.26
quat7,0.00000,0.00000,0.00000,-1.00000,531.26
quat8,0.00000,0.00000,0.00000,-1.00000,531.26
quat0,-0.75315,-0.61631,-0.22985,-0.00941,531.28
quat1,-0.35960,0.00131,-0.66012,0.65949,531.28
quat2,-0.03973,0.09268,0.06264,-0.99293,531.28
quat3,-0.36781,-0.35033,0.20838,-0.83580,531.28
quat4,0.17793,-0.59594,0.10282,-0.77629,531.28
quat5,0.00000,0.00000,0.00000,-1.00000,531.28
quat6,0.00000,0.00000,0.00000,-1.00000,531.28
quat7,0.00000,0.00000,0.00000,-1.00000,531.28
quat8,0.00000,0.00000,0.00000,-1.00000,531.28
quat0,-0.73807,-0.62759,-0.24684,-0.02145,531.3
quat1,-0.37302,0.02522,-0.69050,0.61922,531.3
quat2,-0.01443,0.07138,0.09948,-0.99237,531.3
quat3,-0.33436,-0.37648,0.20028,-0.84045,531.3
quat4,0.18333,-0.60915,0.10494,-0.76440,531.3
quat5,0.00000,0.00000,0.00000,-1.00000,531.3
quat6,0.00000,0.00000,0.00000,-1.00000,531.3
quat7,0.00000,0.00000,0.00000,-1.00000,531.3
quat8,0.00000,0.00000,0.00000,-1.00000,531.3
quat0,-0.72227,-0.63946,-0.26179,-0.02982,531.32
quat1,-0.38411,0.04874,-0.71853,0.57776,531.32
quat2,0.01084,0.04867,0.13583,-0.98948,531.32
quat3,-0.30254,-0.40168,0.19421,-0.84226,531.32
quat4,0.18661,-0.61607,0.10814,-0.75759,531.32
quat5,0.00000,0.00000,0.00000,-1.00000,531.32
quat6,0.00000,0.00000,0.00000,-1.00000,531.32
quat7,0.00000,0.00000,0.00000,-1.00000,531.32
quat8,0.00000,0.00000,0.00000,-1.00000,531.32
quat0,-0.70406,-0.65270,-0.27705,-0.03894,531.34
quat1,-0.39271,0.07266,-0.74489,0.53445,531.34
quat2,0.03685,0.02355,0.17124,-0.98426,531.34
quat3,-0.27215,-0.42545,0.19058,-0.84179,531.34
quat4,0.18803,-0.61793,0.11094,-0.75532,531.34
quat5,0.00000,0.00000,0.00000,-1.00000,531.34
quat6,0.00000,0.00000,0.00000,-1.00000,531.34
quat7,0.00000,0.00000,0.00000,-1.00000,531.34
quat8,0.00000,0.00000,0.00000,-1.00000,531.34
quat0,-0.68582,-0.66409,-0.29438,-0.04436,531.36
quat1,-0.39790,0.09759,-0.76951,0.48991,531.36
quat2,0.06405,-0.00453,0.20558,-0.97653,531.36
quat3,-0.24383,-0.44628,0.18938,-0.83995,531.36
quat4,0.18818,-0.62126,0.11050,-0.75261,531.36
quat5,0.00000,0.00000,0.00000,-1.00000,531.36
quat6,0.00000,0.00000,0.00000,-1.00000,531.36
quat7,0.00000,0.00000,0.00000,-1.00000,531.36
quat8,0.00000,0.00000,0.00000,-1.00000,531.36
quat0,-0.66234,-0.68182,-0.30710,-0.04605,531.38
quat1,-0.40061,0.12249,-0.79183,0.44443,531.38
quat2,0.09287,-0.03526,0.23832,-0.96609,531.38
quat3,-0.21847,-0.46474,0.18890,-0.83702,531.38
quat4,0.18827,-0.62804,0.10803,-0.74729,531.38
quat5,0.00000,0.00000,0.00000,-1.00000,531.38
quat6,0.00000,0.00000,0.00000,-1.00000,531.38
quat7,0.00000,0.00000,0.00000,-1.00000,531.38
quat8,0.00000,0.00000,0.00000,-1.00000,531.38
quat0,-0.64355,-0.69309,-0.32097,-0.04950,531.4
quat1,-0.40275,0.14747,-0.81092,0.39807,531.4
quat2,0.12269,-0.06866,0.26939,-0.95271,531.4
quat3,-0.19321,-0.48498,0.18919,-0.83167,531.4
quat4,0.18884,-0.63380,0.10424,-0.74282,531.4
quat5,0.00000,0.00000,0.00000,-1.00000,531.4
quat6,0.00000,0.00000,0.00000,-1.00000,531.4
quat7,0.00000,0.00000,0.00000,-1.00000,531.4
quat8,0.00000,0.00000,0.00000,-1.00000,531.4
quat0,-0.62608,-0.70739,-0.32473,-0.04658,531.42
quat1,-0.40477,0.17427,-0.82604,0.35135,531.42
quat2,0.15248,-0.10344,0.29875,-0.93637,531.42
quat3,-0.16826,-0.50395,0.19093,-0.82539,531.42
quat4,0.18988,-0.63548,0.10117,-0.74153,531.42
quat5,0.00000,0.00000,0.00000,-1.00000,531.42
quat6,0.00000,0.00000,0.00000,-1.00000,531.42
quat7,0.00000,0.00000,0.00000,-1.00000,531.42
quat8,0.00000,0.00000,0.00000,-1.00000,531.42
quat0,-0.61241,-0.71731,-0.32831,-0.05141,531.44
quat1,-0.40599,0.20076,-0.83736,0.30610,531.44
quat2,0.18055,-0.13806,0.32688,-0.91733,531.44
quat3,-0.14451,-0.51902,0.19356,-0.81992,531.44
quat4,0.19200,-0.63332,0.09722,-0.74336,531.44
quat5,0.00000,0.00000,0.00000,-1.00000,531.44
quat6,0.00000,0.00000,0.00000,-1.00000,531.44
quat7,0.00000,0.00000,0.00000,-1.00000,531.44
quat8,0.00000,0.00000,0.00000,-1.00000,531.44
quat0,-0.59461,-0.73398,-0.32495,-0.04599,531.46
quat1,-0.40586,0.22318,-0.84615,0.26362,531.46
quat2,0.20558,-0.17125,0.35335,-0.89641,531.46
quat3,-0.12167,-0.53164,0.19529,-0.81512,531.46
quat4,0.19440,-0.63310,0.09208,-0.74358,531.46
quat5,0.00000,0.00000,0.00000,-1.00000,531.46
quat6,0.00000,0.00000,0.00000,-1.00000,531.46
quat7,0.00000,0.00000,0.00000,-1.00000,531.46
quat8,0.00000,0.00000,0.00000,-1.00000,531.46
quat0,-0.57768,-0.74645,-0.32709,-0.04587,531.48
quat1,-0.40593,0.24023,-0.85284,0.22402,531.48
quat2,0.22644,-0.20158,0.37747,-0.87499,531.48
quat3,-0.09761,-0.54402,0.19683,-0.80980,531.48
quat4,0.19695,-0.63577,0.08517,-0.74145,531.48
quat5,0.00000,0.00000,0.00000,-1.00000,531.48
quat6,0.00000,0.00000,0.00000,-1.00000,531.48
quat7,0.00000,0.00000,0.00000,-1.00000,531.48
quat8,0.00000,0.00000,0.00000,-1.00000,531.48
quat0,-0.55796,-0.75995,-0.33056,-0.04346,531.5
quat1,-0.40610,0.25278,-0.85801,0.18707,531.5
quat2,0.24248,-0.22759,0.39942,-0.85433,531.5
quat3,-0.07217,-0.55514,0.20075,-0.80394,531.5
quat4,0.19990,-0.63634,0.07877,-0.74088,531.5
quat5,0.00000,0.00000,0.00000,-1.00000,531.5
quat6,0.00000,0.00000,0.00000,-1.00000,531.5
quat7,0.00000,0.00000,0.00000,-1.00000,531.5
quat8,0.00000,0.00000,0.00000,-1.00000,531.5
quat0,-0.54243,-0.77020,-0.33251,-0.04466,531.52
quat1,-0.40565,0.26154,-0.86218,0.15393,531.52
quat2,0.25233,-0.24631,0.41984,-0.83630,531.52
quat3,-0.04670,-0.56355,0.20572,-0.79869,531.52
quat4,0.20464,-0.63689,0.07265,-0.73974,531.52
quat5,0.00000,0.00000,0.00000,-1.00000,531.52
quat6,0.00000,0.00000,0.00000,-1.00000,531.52
quat7,0.00000,0.00000,0.00000,-1.00000,531.52
quat8,0.00000,0.00000,0.00000,-1.00000,531.52
quat0,-0.52386,-0.77899,-0.34165,-0.04502,531.54
quat1,-0.40389,0.26578,-0.86619,0.12631,531.54
quat2,0.25492,-0.25722,0.43864,-0.82247,531.54
quat3,-0.02497,-0.56894,0.20949,-0.79486,531.54
quat4,0.21148,-0.63777,0.06674,-0.73761,531.54
quat5,0.00000,0.00000,0.00000,-1.00000,531.54
quat6,0.00000,0.00000,0.00000,-1.00000,531.54
quat7,0.00000,0.00000,0.00000,-1.00000,531.54
quat8,0.00000,0.00000,0.00000,-1.00000,531.54
quat0,-0.51379,-0.78723,-0.33904,-0.03665,531.56
quat1,-0.40046,0.26593,-0.87056,0.10508,531.56
quat2,0.25058,-0.26263,0.45470,-0.81332,531.56
quat3,-0.00774,-0.57568,0.20948,-0.79035,531.56
quat4,0.22021,-0.63779,0.06168,-0.73547,531.56
quat5,0.00000,0.00000,0.00000,-1.00000,531.56
quat6,0.00000,0.00000,0.00000,-1.00000,531.56
quat7,0.00000,0.00000,0.00000,-1.00000,531.56
quat8,0.00000,0.00000,0.00000,-1.00000,531.56
quat0,-0.50169,-0.79273,-0.34401,-0.03923,531.58
quat1,-0.39575,0.26178,-0.87555,0.09088,531.58
quat2,0.24105,-0.26422,0.46704,-0.80867,531.58
quat3,0.00639,-0.58340,0.20902,-0.78480,531.58
quat4,0.22925,-0.63796,0.05768,-0.73289,531.58
quat5,0.00000,0.00000,0.00000,-1.00000,531.58
quat6,0.00000,0.00000,0.00000,-1.00000,531.58
quat7,0.00000,0.00000,0.00000,-1.00000,531.58
quat8,0.00000,0.00000,0.00000,-1.00000,531.58
quat0,-0.49606,-0.79570,-0.34552,-0.03733,531.6
quat1,-0.39119,0.25468,-0.88059,0.08172,531.6
quat2,0.22875,-0.26420,0.47447,-0.80793,531.6
quat3,0.01780,-0.58881,0.21051,-0.78018,531.6
quat4,0.23734,-0.64018,0.05436,-0.72861,531.6
quat5,0.00000,0.00000,0.00000,-1.00000,531.6
quat6,0.00000,0.00000,0.00000,-1.00000,531.6
quat7,0.00000,0.00000,0.00000,-1.00000,531.6
quat8,0.00000,0.00000,0.00000,-1.00000,531.6
quat0,-0.49298,-0.79928,-0.34236,-0.03005,531.62
quat1,-0.38578,0.24636,-0.88555,0.07922,531.62
quat2,0.21666,-0.26473,0.47658,-0.80984,531.62
quat3,0.02693,-0.59100,0.21461,-0.77714,531.62
quat4,0.24372,-0.64235,0.05312,-0.72468,531.62
quat5,0.00000,0.00000,0.00000,-1.00000,531.62
quat6,0.00000,0.00000,0.00000,-1.00000,531.62
quat7,0.00000,0.00000,0.00000,-1.00000,531.62
quat8,0.00000,0.00000,0.00000,-1.00000,531.62
quat0,-0.49290,-0.79908,-0.34324,-0.02661,531.64
quat1,-0.37856,0.23839,-0.89042,0.08375,531.64
quat2,0.20660,-0.26698,0.47324,-0.81368,531.64
quat3,0.03291,-0.59103,0.22050,-0.77523,531.64
quat4,0.24907,-0.64110,0.05481,-0.72384,531.64
quat5,0.00000,0.00000,0.00000,-1.00000,531.64
quat6,0.00000,0.00000,0.00000,-1.00000,531.64
quat7,0.00000,0.00000,0.00000,-1.00000,531.64
quat8,0.00000,0.00000,0.00000,-1.00000,531.64
quat0,-0.50034,-0.79538,-0.34166,-0.01727,531.66
quat1,-0.37040,0.23066,-0.89471,0.09542,531.66
quat2,0.19764,-0.26827,0.46565,-0.81984,531.66
quat3,0.03454,-0.59068,0.22702,-0.77354,531.66
quat4,0.25376,-0.63810,0.05839,-0.72459,531.66
quat5,0.00000,0.00000,0.00000,-1.00000,531.66
quat6,0.00000,0.00000,0.00000,-1.00000,531.66
quat7,0.00000,0.00000,0.00000,-1.00000,531.66
quat8,0.00000,0.00000,0.00000,-1.00000,531.66
quat0,-0.50847,-0.79132,-0.33929,-0.01230,531.68
quat1,-0.36161,0.22279,-0.89819,0.11336,531.68
quat2,0.18823,-0.26611,0.45456,-0.82893,531.68
quat3,0.03178,-0.58992,0.23303,-0.77245,531.68
quat4,0.25754,-0.63462,0.06387,-0.72585,531.68
quat5,0.00000,0.00000,0.00000,-1.00000,531.68
quat6,0.00000,0.00000,0.00000,-1.00000,531.68
quat7,0.00000,0.00000,0.00000,-1.00000,531.68
quat8,0.00000,0.00000,0.00000,-1.00000,531.68
quat0,-0.51960,-0.78559,-0.33590,-0.00585,531.7
quat1,-0.35256,0.21449,-0.90048,0.13721,531.7
quat2,0.17763,-0.25962,0.44031,-0.84094,531.7
quat3,0.02486,-0.58882,0.23759,-0.77216,531.7
quat4,0.25959,-0.63331,0.07030,-0.72567,531.7
quat5,0.00000,0.00000,0.00000,-1.00000,531.7
quat6,0.00000,0.00000,0.00000,-1.00000,531.7
quat7,0.00000,0.00000,0.00000,-1.00000,531.7
quat8,0.00000,0.00000,0.00000,-1.00000,531.7
quat0,-0.53199,-0.77861,-0.33279,-0.00182,531.72
quat1,-0.34357,0.20517,-0.90132,0.16580,531.72
quat2,0.16573,-0.25011,0.42269,-0.85517,531.72
quat3,0.01355,-0.58821,0.23979,-0.77222,531.72
quat4,0.26010,-0.63577,0.07664,-0.72269,531.72
quat5,0.00000,0.00000,0.00000,-1.00000,531.72
quat6,0.00000,0.00000,0.00000,-1.00000,531.72
quat7,0.00000,0.00000,0.00000,-1.00000,531.72
quat8,0.00000,0.00000,0.00000,-1.00000,531.72
quat0,-0.54589,-0.76952,-0.33144,0.00195,531.74
quat1,-0.33483,0.19462,-0.90028,0.19877,531.74
quat2,0.15327,-0.23962,0.40195,-0.87036,531.74
quat3,-0.00182,-0.58748,0.23993,-0.77285,531.74
quat4,0.25956,-0.64140,0.08282,-0.71720,531.74
quat5,0.00000,0.00000,0.00000,-1.00000,531.74
quat6,0.00000,0.00000,0.00000,-1.00000,531.74
quat7,0.00000,0.00000,0.00000,-1.00000,531.74
quat8,0.00000,0.00000,0.00000,-1.00000,531.74
quat0,-0.56141,-0.75899,-0.32973,0.00629,531.76
quat1,-0.32771,0.18211,-0.89661,0.23566,531.76
quat2,0.14112,-0.22759,0.37799,-0.88623,531.76
quat3,-0.01974,-0.58729,0.23851,-0.77319,531.76
quat4,0.25832,-0.64794,0.08929,-0.71097,531.76
quat5,0.00000,0.00000,0.00000,-1.00000,531.76
quat6,0.00000,0.00000,0.00000,-1.00000,531.76
quat7,0.00000,0.00000,0.00000,-1.00000,531.76
quat8,0.00000,0.00000,0.00000,-1.00000,531.76
quat0,-0.57934,-0.74623,-0.32770,0.01073,531.78
quat1,-0.32459,0.16922,-0.88868,0.27615,531.78
quat2,0.12665,-0.21314,0.35171,-0.90268,531.78
quat3,-0.03977,-0.58735,0.23534,-0.77334,531.78
quat4,0.25611,-0.65421,0.09606,-0.70512,531.78
quat5,0.00000,0.00000,0.00000,-1.00000,531.78
quat6,0.00000,0.00000,0.00000,-1.00000,531.78
quat7,0.00000,0.00000,0.00000,-1.00000,531.78
quat8,0.00000,0.00000,0.00000,-1.00000,531.78
quat0,-0.59334,-0.73555,-0.32679,0.01059,531.8
quat1,-0.32422,0.15785,-0.87628,0.31952,531.8
quat2,0.11125,-0.19385,0.32371,-0.91938,531.8
quat3,-0.06115,-0.58668,0.23104,-0.77375,531.8
quat4,0.25243,-0.65924,0.10329,-0.70073,531.8
quat5,0.00000,0.00000,0.00000,-1.00000,531.8
quat6,0.00000,0.00000,0.00000,-1.00000,531.8
quat7,0.00000,0.00000,0.00000,-1.00000,531.8
quat8,0.00000,0.00000,0.00000,-1.00000,531.8
quat0,-0.61466,-0.71637,-0.32985,0.01439,531.82
quat1,-0.32428,0.14630,-0.86007,0.36567,531.82
quat2,0.09561,-0.16952,0.29399,-0.93578,531.82
quat3,-0.08418,-0.58412,0.22644,-0.77488,531.82
quat4,0.24735,-0.66252,0.11061,-0.69832,531.82
quat5,0.00000,0.00000,0.00000,-1.00000,531.82
quat6,0.00000,0.00000,0.00000,-1.00000,531.82
quat7,0.00000,0.00000,0.00000,-1.00000,531.82
quat8,0.00000,0.00000,0.00000,-1.00000,531.82
quat0,-0.63085,-0.70183,-0.33024,0.01992,531.84
quat1,-0.32475,0.13669,-0.84022,0.41216,531.84
quat2,0.08059,-0.14123,0.26151,-0.95141,531.84
quat3,-0.10912,-0.57832,0.22267,-0.77721,531.84
quat4,0.24105,-0.66305,0.11852,-0.69873,531.84
quat5,0.00000,0.00000,0.00000,-1.00000,531.84
quat6,0.00000,0.00000,0.00000,-1.00000,531.84
quat7,0.00000,0.00000,0.00000,-1.00000,531.84
quat8,0.00000,0.00000,0.00000,-1.00000,531.84
quat0,-0.65016,-0.68255,-0.33304,0.02241,531.86
quat1,-0.32559,0.12910,-0.81649,0.45900,531.86
quat2,0.06483,-0.11336,0.22523,-0.96551,531.86
quat3,-0.13612,-0.56960,0.21929,-0.78035,531.86
quat4,0.23400,-0.66194,0.12550,-0.70095,531.86
quat5,0.00000,0.00000,0.00000,-1.00000,531.86
quat6,0.00000,0.00000,0.00000,-1.00000,531.86
quat7,0.00000,0.00000,0.00000,-1.00000,531.86
quat8,0.00000,0.00000,0.00000,-1.00000,531.86
quat0,-0.66661,-0.66735,-0.33065,0.03067,531.88
quat1,-0.32507,0.12044,-0.79032,0.50518,531.88
quat2,0.04912,-0.08334,0.18701,-0.97758,531.88
quat3,-0.16490,-0.55879,0.21551,-0.78366,531.88
quat4,0.22550,-0.66015,0.13260,-0.70411,531.88
quat5,0.00000,0.00000,0.00000,-1.00000,531.88
quat6,0.00000,0.00000,0.00000,-1.00000,531.88
quat7,0.00000,0.00000,0.00000,-1.00000,531.88
quat8,0.00000,0.00000,0.00000,-1.00000,531.88
quat0,-0.68342,-0.65266,-0.32474,0.03898,531.9
quat1,-0.32284,0.10928,-0.76278,0.54955,531.9
quat2,0.03586,-0.05277,0.14704,-0.98707,531.9
quat3,-0.19537,-0.54564,0.21192,-0.78689,531.9
quat4,0.21552,-0.65673,0.14024,-0.70893,531.9
quat5,0.00000,0.00000,0.00000,-1.00000,531.9
quat6,0.00000,0.00000,0.00000,-1.00000,531.9
quat7,0.00000,0.00000,0.00000,-1.00000,531.9
quat8,0.00000,0.00000,0.00000,-1.00000,531.9
quat0,-0.70011,-0.63845,-0.31577,0.05019,531.92
quat1,-0.31985,0.10131,-0.73327,0.59140,531.92
quat2,0.02555,-0.02761,0.10618,-0.99364,531.92
quat3,-0.22756,-0.53050,0.20891,-0.78940,531.92
quat4,0.20310,-0.65092,0.14878,-0.71618,531.92
quat5,0.00000,0.00000,0.00000,-1.00000,531.92
quat6,0.00000,0.00000,0.00000,-1.00000,531.92
quat7,0.00000,0.00000,0.00000,-1.00000,531.92
quat8,0.00000,0.00000,0.00000,-1.00000,531.92
quat0,-0.71723,-0.62350,-0.30559,0.05861,531.94
quat1,-0.31541,0.09928,-0.70166,0.63114,531.94
quat2,0.01508,-0.01103,0.06516,-0.99770,531.94
quat3,-0.26159,-0.51324,0.20617,-0.79098,531.94
quat4,0.18879,-0.64383,0.15658,-0.72479,531.94
quat5,0.00000,0.00000,0.00000,-1.00000,531.94
quat6,0.00000,0.00000,0.00000,-1.00000,531.94
quat7,0.00000,0.00000,0.00000,-1.00000,531.94
quat8,0.00000,0.00000,0.00000,-1.00000,531.94
quat0,-0.73277,-0.61137,-0.29112,0.06724,531.96
quat1,-0.30828,0.09686,-0.66871,0.66963,531.96
quat2,0.00193,0.00252,0.02531,-0.99967,531.96
quat3,-0.29824,-0.49378,0.20443,-0.79085,531.96
quat4,0.17231,-0.63503,0.16388,-0.73497,531.96
quat5,0.00000,0.00000,0.00000,-1.00000,531.96
quat6,0.00000,0.00000,0.00000,-1.00000,531.96
quat7,0.00000,0.00000,0.00000,-1.00000,531.96
quat8,0.00000,0.00000,0.00000,-1.00000,531.96
quat0,-0.74527,-0.59977,-0.28153,0.07476,531.98
quat1,-0.29741,0.08984,-0.63410,0.70809,531.98
quat2,-0.01372,0.01778,-0.01204,-0.99968,531.98
quat3,-0.33663,-0.47239,0.20512,-0.78833,531.98
quat4,0.15404,-0.62323,0.17101,-0.74740,531.98
quat5,0.00000,0.00000,0.00000,-1.00000,531.98
quat6,0.00000,0.00000,0.00000,-1.00000,531.98
quat7,0.00000,0.00000,0.00000,-1.00000,531.98
quat8,0.00000,0.00000,0.00000,-1.00000,531.98
quat0,-0.75509,-0.59269,-0.26734,0.08412,532
quat1,-0.28439,0.08120,-0.59756,0.74529,532
quat2,-0.03132,0.03405,-0.04538,-0.99790,532
quat3,-0.37674,-0.44938,0.20720,-0.78306,532
quat4,0.13340,-0.60843,0.18026,-0.76126,532
quat5,0.00000,0.00000,0.00000,-1.00000,532
quat6,0.00000,0.00000,0.00000,-1.00000,532
quat7,0.00000,0.00000,0.00000,-1.00000,532
quat8,0.00000,0.00000,0.00000,-1.00000,532
quat0,-0.76378,-0.58548,-0.25508,0.09377,532.02
quat1,-0.26953,0.07355,-0.56062,0.77952,532.02
quat2,-0.05124,0.04788,-0.07340,-0.99483,532.02
quat3,-0.41822,-0.42357,0.21033,-0.77553,532.02
quat4,0.11047,-0.59277,0.19088,-0.77459,532.02
quat5,0.00000,0.00000,0.00000,-1.00000,532.02
quat6,0.00000,0.00000,0.00000,-1.00000,532.02
quat7,0.00000,0.00000,0.00000,-1.00000,532.02
quat8,0.00000,0.00000,0.00000,-1.00000,532.02
quat0,-0.77535,-0.57598,-0.23659,0.10538,532.04
quat1,-0.25272,0.06619,-0.52414,0.81058,532.04
quat2,-0.07344,0.06078,-0.09595,-0.99081,532.04
quat3,-0.46076,-0.39499,0.21418,-0.76538,532.04
quat4,0.08510,-0.57653,0.20365,-0.78670,532.04
quat5,0.00000,0.00000,0.00000,-1.00000,532.04
quat6,0.00000,0.00000,0.00000,-1.00000,532.04
quat7,0.00000,0.00000,0.00000,-1.00000,532.04
quat8,0.00000,0.00000,0.00000,-1.00000,532.04
quat0,-0.78266,-0.57036,-0.22060,0.11605,532.06
quat1,-0.23300,0.05855,-0.48838,0.83891,532.06
quat2,-0.09644,0.07648,-0.11342,-0.98589,532.06
quat3,-0.50322,-0.36581,0.21888,-0.75169,532.06
quat4,0.05792,-0.55985,0.21864,-0.79713,532.06
quat5,0.00000,0.00000,0.00000,-1.00000,532.06
quat6,0.00000,0.00000,0.00000,-1.00000,532.06
quat7,0.00000,0.00000,0.00000,-1.00000,532.06
quat8,0.00000,0.00000,0.00000,-1.00000,532.06
quat0,-0.79030,-0.56629,-0.19681,0.12650,532.08
quat1,-0.21097,0.04746,-0.45323,0.86477,532.08
quat2,-0.11981,0.09369,-0.12620,-0.98028,532.08
quat3,-0.54526,-0.33661,0.22411,-0.73427,532.08
quat4,0.02968,-0.54334,0.23677,-0.80489,532.08
quat5,0.00000,0.00000,0.00000,-1.00000,532.08
quat6,0.00000,0.00000,0.00000,-1.00000,532.08
quat7,0.00000,0.00000,0.00000,-1.00000,532.08
quat8,0.00000,0.00000,0.00000,-1.00000,532.08
quat0,-0.79672,-0.56153,-0.17557,0.13817,532.1
quat1,-0.18610,0.03474,-0.42057,0.88729,532.1
quat2,-0.14383,0.10882,-0.13425,-0.97440,532.1
quat3,-0.58645,-0.30686,0.23086,-0.71317,532.1
quat4,0.00042,-0.52653,0.25757,-0.81020,532.1
quat5,0.00000,0.00000,0.00000,-1.00000,532.1
quat6,0.00000,0.00000,0.00000,-1.00000,532.1
quat7,0.00000,0.00000,0.00000,-1.00000,532.1
quat8,0.00000,0.00000,0.00000,-1.00000,532.1
quat0,-0.79908,-0.56141,-0.15264,0.15163,532.12
quat1,-0.15860,0.01916,-0.39082,0.90650,532.12
quat2,-0.16804,0.12319,-0.13760,-0.96832,532.12
quat3,-0.62667,-0.27617,0.23990,-0.68808,532.12
quat4,-0.03005,-0.50669,0.28153,-0.81431,532.12
quat5,0.00000,0.00000,0.00000,-1.00000,532.12
quat6,0.00000,0.00000,0.00000,-1.00000,532.12
quat7,0.00000,0.00000,0.00000,-1.00000,532.12
quat8,0.00000,0.00000,0.00000,-1.00000,532.12
quat0,-0.80085,-0.56163,-0.12603,0.16532,532.14
quat1,-0.13020,-0.00032,-0.36353,0.92244,532.14
quat2,-0.19205,0.13917,-0.13716,-0.96174,532.14
quat3,-0.66631,-0.24551,0.25011,-0.65818,532.14
quat4,-0.06101,-0.48503,0.30803,-0.81617,532.14
quat5,0.00000,0.00000,0.00000,-1.00000,532.14
quat6,0.00000,0.00000,0.00000,-1.00000,532.14
quat7,0.00000,0.00000,0.00000,-1.00000,532.14
quat8,0.00000,0.00000,0.00000,-1.00000,532.14
quat0,-0.80024,-0.56333,-0.10094,0.17911,532.16
quat1,-0.10254,-0.02340,-0.33827,0.93515,532.16
quat2,-0.21587,0.15784,-0.13415,-0.95420,532.16
quat3,-0.70469,-0.21379,0.26113,-0.62412,532.16
quat4,-0.09178,-0.46304,0.33834,-0.81406,532.16
quat5,0.00000,0.00000,0.00000,-1.00000,532.16
quat6,0.00000,0.00000,0.00000,-1.00000,532.16
quat7,0.00000,0.00000,0.00000,-1.00000,532.16
quat8,0.00000,0.00000,0.00000,-1.00000,532.16
quat0,-0.79842,-0.56578,-0.07756,0.19079,532.18
quat1,-0.07487,-0.05069,-0.31437,0.94499,532.18
quat2,-0.23808,0.17779,-0.12809,-0.94620,532.18
quat3,-0.74059,-0.18321,0.27246,-0.58628,532.18
quat4,-0.12048,-0.44160,0.37201,-0.80752,532.18
quat5,0.00000,0.00000,0.00000,-1.00000,532.18
quat6,0.00000,0.00000,0.00000,-1.00000,532.18
quat7,0.00000,0.00000,0.00000,-1.00000,532.18
quat8,0.00000,0.00000,0.00000,-1.00000,532.18
quat0,-0.78965,-0.57742,-0.05452,0.20016,532.2
quat1,-0.04635,-0.08107,-0.29138,0.95204,532.2
quat2,-0.25843,0.19700,-0.11929,-0.93818,532.2
quat3,-0.77230,-0.15665,0.28394,-0.54626,532.2
quat4,-0.14549,-0.42149,0.40924,-0.79606,532.2
quat5,0.00000,0.00000,0.00000,-1.00000,532.2
quat6,0.00000,0.00000,0.00000,-1.00000,532.2
quat7,0.00000,0.00000,0.00000,-1.00000,532.2
quat8,0.00000,0.00000,0.00000,-1.00000,532.2
quat0,-0.77926,-0.59016,-0.03126,0.20854,532.22
quat1,-0.01841,-0.11077,-0.26963,0.95640,532.22
quat2,-0.27652,0.21477,-0.10830,-0.93042,532.22
quat3,-0.79932,-0.13450,0.29657,-0.50502,532.22
quat4,-0.16644,-0.40238,0.44883,-0.78035,532.22
quat5,0.00000,0.00000,0.00000,-1.00000,532.22
quat6,0.00000,0.00000,0.00000,-1.00000,532.22
quat7,0.00000,0.00000,0.00000,-1.00000,532.22
quat8,0.00000,0.00000,0.00000,-1.00000,532.22
quat0,-0.77434,-0.59575,-0.00639,0.21316,532.24
quat1,0.00889,-0.13955,-0.24901,0.95835,532.24
quat2,-0.29148,0.23510,-0.09815,-0.92203,532.24
quat3,-0.82209,-0.11490,0.31021,-0.46339,532.24
quat4,-0.18388,-0.38212,0.48868,-0.76247,532.24
quat5,0.00000,0.00000,0.00000,-1.00000,532.24
quat6,0.00000,0.00000,0.00000,-1.00000,532.24
quat7,0.00000,0.00000,0.00000,-1.00000,532.24
quat8,0.00000,0.00000,0.00000,-1.00000,532.24
quat0,-0.76201,-0.60931,0.01611,0.21866,532.26
quat1,0.03461,-0.16813,-0.23016,0.95790,532.26
quat2,-0.30161,0.25915,-0.08994,-0.91312,532.26
quat3,-0.84084,-0.09518,0.32441,-0.42272,532.26
quat4,-0.19931,-0.35869,0.52575,-0.74512,532.26
quat5,0.00000,0.00000,0.00000,-1.00000,532.26
quat6,0.00000,0.00000,0.00000,-1.00000,532.26
quat7,0.00000,0.00000,0.00000,-1.00000,532.26
quat8,0.00000,0.00000,0.00000,-1.00000,532.26
quat0,-0.74651,-0.62400,0.03662,0.22806,532.28
quat1,0.05938,-0.19442,-0.21289,0.95570,532.28
quat2,-0.30681,0.28392,-0.08279,-0.90466,532.28
quat3,-0.85626,-0.07608,0.33865,-0.38254,532.28
quat4,-0.21256,-0.33223,0.55953,-0.72895,532.28
quat5,0.00000,0.00000,0.00000,-1.00000,532.28
quat6,0.00000,0.00000,0.00000,-1.00000,532.28
quat7,0.00000,0.00000,0.00000,-1.00000,532.28
quat8,0.00000,0.00000,0.00000,-1.00000,532.28
quat0,-0.73771,-0.63172,0.05385,0.23198,532.3
quat1,0.08060,-0.22074,-0.19469,0.95230,532.3
quat2,-0.30785,0.30369,-0.07700,-0.89837,532.3
quat3,-0.86976,-0.05597,0.35087,-0.34244,532.3
quat4,-0.22358,-0.30294,0.58939,-0.71474,532.3
quat5,0.00000,0.00000,0.00000,-1.00000,532.3
quat6,0.00000,0.00000,0.00000,-1.00000,532.3
quat7,0.00000,0.00000,0.00000,-1.00000,532.3
quat8,0.00000,0.00000,0.00000,-1.00000,532.3
quat0,-0.73647,-0.63193,0.06646,0.23208,532.32
quat1,0.10100,-0.24281,-0.17598,0.94862,532.32
quat2,-0.30447,0.32204,-0.07393,-0.89338,532.32
quat3,-0.88135,-0.03603,0.36120,-0.30241,532.32
quat4,-0.23251,-0.27095,0.61545,-0.70267,532.32
quat5,0.00000,0.00000,0.00000,-1.00000,532.32
quat6,0.00000,0.00000,0.00000,-1.00000,532.32
quat7,0.00000,0.00000,0.00000,-1.00000,532.32
quat8,0.00000,0.00000,0.00000,-1.00000,532.32
quat0,-0.71733,-0.64704,0.09157,0.24164,532.34
quat1,0.12193,-0.26101,-0.15925,0.94427,532.34
quat2,-0.29809,0.34011,-0.07314,-0.88889,532.34
quat3,-0.88987,-0.01785,0.37188,-0.26366,532.34
quat4,-0.23930,-0.23882,0.63846,-0.69143,532.34
quat5,0.00000,0.00000,0.00000,-1.00000,532.34
quat6,0.00000,0.00000,0.00000,-1.00000,532.34
quat7,0.00000,0.00000,0.00000,-1.00000,532.34
quat8,0.00000,0.00000,0.00000,-1.00000,532.34
quat0,-0.70973,-0.65176,0.10401,0.24632,532.36
quat1,0.14154,-0.27556,-0.14417,0.93981,532.36
quat2,-0.29115,0.35588,-0.07543,-0.88481,532.36
quat3,-0.89556,-0.00180,0.38286,-0.22668,532.36
quat4,-0.24231,-0.20817,0.65908,-0.68085,532.36
quat5,0.00000,0.00000,0.00000,-1.00000,532.36
quat6,0.00000,0.00000,0.00000,-1.00000,532.36
quat7,0.00000,0.00000,0.00000,-1.00000,532.36
quat8,0.00000,0.00000,0.00000,-1.00000,532.36
quat0,-0.70021,-0.66026,0.11200,0.24741,532.38
quat1,0.15717,-0.29052,-0.13153,0.93467,532.38
quat2,-0.28605,0.36483,-0.08079,-0.88235,532.38
quat3,-0.89840,0.01132,0.39499,-0.19166,532.38
quat4,-0.24248,-0.18036,0.67751,-0.67056,532.38
quat5,0.00000,0.00000,0.00000,-1.00000,532.38
quat6,0.00000,0.00000,0.00000,-1.00000,532.38
quat7,0.00000,0.00000,0.00000,-1.00000,532.38
quat8,0.00000,0.00000,0.00000,-1.00000,532.38
quat0,-0.68784,-0.66918,0.12388,0.25245,532.4
quat1,0.17094,-0.30029,-0.12171,0.93048,532.4
quat2,-0.28446,0.36224,-0.08685,-0.88336,532.4
quat3,-0.89869,0.02140,0.40706,-0.16185,532.4
quat4,-0.24016,-0.15554,0.69347,-0.66124,532.4
quat5,0.00000,0.00000,0.00000,-1.00000,532.4
quat6,0.00000,0.00000,0.00000,-1.00000,532.4
quat7,0.00000,0.00000,0.00000,-1.00000,532.4
quat8,0.00000,0.00000,0.00000,-1.00000,532.4
quat0,-0.68229,-0.67755,0.12139,0.24631,532.42
quat1,0.18293,-0.30253,-0.11686,0.92809,532.42
quat2,-0.28674,0.34871,-0.09293,-0.88744,532.42
quat3,-0.89698,0.02959,0.41894,-0.13796,532.42
quat4,-0.23732,-0.13197,0.70704,-0.65296,532.42
quat5,0.00000,0.00000,0.00000,-1.00000,532.42
quat6,0.00000,0.00000,0.00000,-1.00000,532.42
quat7,0.00000,0.00000,0.00000,-1.00000,532.42
quat8,0.00000,0.00000,0.00000,-1.00000,532.42
quat0,-0.68071,-0.67704,0.12385,0.25083,532.44
quat1,0.19371,-0.29907,-0.11562,0.92718,532.44
quat2,-0.29123,0.32945,-0.09728,-0.89285,532.44
quat3,-0.89448,0.03701,0.42912,-0.11998,532.44
quat4,-0.23632,-0.10892,0.71732,-0.64632,532.44
quat5,0.00000,0.00000,0.00000,-1.00000,532.44
quat6,0.00000,0.00000,0.00000,-1.00000,532.44
quat7,0.00000,0.00000,0.00000,-1.00000,532.44
quat8,0.00000,0.00000,0.00000,-1.00000,532.44
quat0,-0.67692,-0.68275,0.12281,0.24608,532.46
quat1,0.20244,-0.29449,-0.11606,0.92673,532.46
quat2,-0.29735,0.31032,-0.10039,-0.89733,532.46
quat3,-0.89222,0.04270,0.43655,-0.10742,532.46
quat4,-0.23518,-0.08881,0.72478,-0.64149,532.46
quat5,0.00000,0.00000,0.00000,-1.00000,532.46
quat6,0.00000,0.00000,0.00000,-1.00000,532.46
quat7,0.00000,0.00000,0.00000,-1.00000,532.46
quat8,0.00000,0.00000,0.00000,-1.00000,532.46
quat0,-0.68046,-0.68348,0.11274,0.23900,532.48
quat1,0.20867,-0.28981,-0.11865,0.92649,532.48
quat2,-0.30408,0.29644,-0.10316,-0.89946,532.48
quat3,-0.89103,0.04466,0.44059,-0.09979,532.48
quat4,-0.23033,-0.07553,0.73023,-0.63876,532.48
quat5,0.00000,0.00000,0.00000,-1.00000,532.48
quat6,0.00000,0.00000,0.00000,-1.00000,532.48
quat7,0.00000,0.00000,0.00000,-1.00000,532.48
quat8,0.00000,0.00000,0.00000,-1.00000,532.48
quat0,-0.68146,-0.68397,0.10821,0.23684,532.5
quat1,0.21184,-0.28562,-0.12220,0.92661,532.5
quat2,-0.30961,0.28640,-0.10493,-0.90061,532.5
quat3,-0.88981,0.04237,0.44367,-0.09799,532.5
quat4,-0.22086,-0.07083,0.73361,-0.63877,532.5
quat5,0.00000,0.00000,0.00000,-1.00000,532.5
quat6,0.00000,0.00000,0.00000,-1.00000,532.5
quat7,0.00000,0.00000,0.00000,-1.00000,532.5
quat8,0.00000,0.00000,0.00000,-1.00000,532.5
quat0,-0.68532,-0.68244,0.09993,0.23372,532.52
quat1,0.21265,-0.28173,-0.12675,0.92701,532.52
quat2,-0.31318,0.27656,-0.10431,-0.90253,532.52
quat3,-0.88774,0.03605,0.44730,-0.10264,532.52
quat4,-0.20865,-0.07350,0.73420,-0.64188,532.52
quat5,0.00000,0.00000,0.00000,-1.00000,532.52
quat6,0.00000,0.00000,0.00000,-1.00000,532.52
quat7,0.00000,0.00000,0.00000,-1.00000,532.52
quat8,0.00000,0.00000,0.00000,-1.00000,532.52
quat0,-0.69115,-0.67934,0.09063,0.22934,532.54
quat1,0.21164,-0.27736,-0.13277,0.92771,532.54
quat2,-0.31535,0.26510,-0.10158,-0.90552,532.54
quat3,-0.88518,0.02627,0.45038,-0.11365,532.54
quat4,-0.19495,-0.08242,0.73125,-0.64844,532.54
quat5,0.00000,0.00000,0.00000,-1.00000,532.54
quat6,0.00000,0.00000,0.00000,-1.00000,532.54
quat7,0.00000,0.00000,0.00000,-1.00000,532.54
quat8,0.00000,0.00000,0.00000,-1.00000,532.54
quat0,-0.69816,-0.67452,0.08022,0.22620,532.56
quat1,0.20701,-0.27207,-0.14034,0.92921,532.56
quat2,-0.31647,0.25378,-0.09808,-0.90875,532.56
quat3,-0.88245,0.01382,0.45171,-0.13062,532.56
quat4,-0.18084,-0.09685,0.72416,-0.65841,532.56
quat5,0.00000,0.00000,0.00000,-1.00000,532.56
quat6,0.00000,0.00000,0.00000,-1.00000,532.56
quat7,0.00000,0.00000,0.00000,-1.00000,532.56
quat8,0.00000,0.00000,0.00000,-1.00000,532.56
quat0,-0.70755,-0.66684,0.06905,0.22346,532.58
quat1,0.19960,-0.26503,-0.14986,0.93138,532.58
quat2,-0.31739,0.24493,-0.09519,-0.91116,532.58
quat3,-0.87989,-0.00074,0.44982,-0.15314,532.58
quat4,-0.16813,-0.11518,0.71233,-0.67160,532.58
quat5,0.00000,0.00000,0.00000,-1.00000,532.58
quat6,0.00000,0.00000,0.00000,-1.00000,532.58
quat7,0.00000,0.00000,0.00000,-1.00000,532.58
quat8,0.00000,0.00000,0.00000,-1.00000,532.58
quat0,-0.71747,-0.65842,0.05615,0.22040,532.6
quat1,0.18951,-0.25701,-0.16092,0.93388,532.6
quat2,-0.31883,0.23900,-0.09438,-0.91232,532.6
quat3,-0.87704,-0.01612,0.44472,-0.18100,532.6
quat4,-0.15713,-0.13673,0.69588,-0.68729,532.6
quat5,0.00000,0.00000,0.00000,-1.00000,532.6
quat6,0.00000,0.00000,0.00000,-1.00000,532.6
quat7,0.00000,0.00000,0.00000,-1.00000,532.6
quat8,0.00000,0.00000,0.00000,-1.00000,532.6
quat0,-0.73013,-0.64690,0.04285,0.21585,532.62
quat1,0.17376,-0.25040,-0.17232,0.93670,532.62
quat2,-0.32110,0.23351,-0.09675,-0.91269,532.62
quat3,-0.87319,-0.03217,0.43664,-0.21413,532.62
quat4,-0.14641,-0.16268,0.67525,-0.70437,532.62
quat5,0.00000,0.00000,0.00000,-1.00000,532.62
quat6,0.00000,0.00000,0.00000,-1.00000,532.62
quat7,0.00000,0.00000,0.00000,-1.00000,532.62
quat8,0.00000,0.00000,0.00000,-1.00000,532.62
quat0,-0.74248,-0.63562,0.02728,0.20970,532.64
quat1,0.15420,-0.24446,-0.18378,0.93951,532.64
quat2,-0.32352,0.22830,-0.10181,-0.91261,532.64
quat3,-0.86730,-0.04850,0.42600,-0.25290,532.64
quat4,-0.13509,-0.19374,0.65074,-0.72164,532.64
quat5,0.00000,0.00000,0.00000,-1.00000,532.64
quat6,0.00000,0.00000,0.00000,-1.00000,532.64
quat7,0.00000,0.00000,0.00000,-1.00000,532.64
quat8,0.00000,0.00000,0.00000,-1.00000,532.64
quat0,-0.75474,-0.62412,0.00999,0.20182,532.66
quat1,0.13216,-0.23710,-0.19513,0.94247,532.66
quat2,-0.32695,0.22402,-0.10906,-0.91161,532.66
quat3,-0.85893,-0.06537,0.41248,-0.29636,532.66
quat4,-0.12364,-0.22929,0.62207,-0.73835,532.66
quat5,0.00000,0.00000,0.00000,-1.00000,532.66
quat6,0.00000,0.00000,0.00000,-1.00000,532.66
quat7,0.00000,0.00000,0.00000,-1.00000,532.66
quat8,0.00000,0.00000,0.00000,-1.00000,532.66
quat0,-0.76676,-0.61273,-0.00854,0.19124,532.68
quat1,0.10673,-0.22741,-0.20731,0.94547,532.68
quat2,-0.33097,0.22021,-0.11700,-0.91010,532.68
quat3,-0.84730,-0.08164,0.39614,-0.34423,532.68
quat4,-0.11327,-0.26741,0.58928,-0.75393,532.68
quat5,0.00000,0.00000,0.00000,-1.00000,532.68
quat6,0.00000,0.00000,0.00000,-1.00000,532.68
quat7,0.00000,0.00000,0.00000,-1.00000,532.68
quat8,0.00000,0.00000,0.00000,-1.00000,532.68
quat0,-0.77875,-0.60052,-0.02760,0.17933,532.7
quat1,0.07900,-0.21723,-0.22064,0.94757,532.7
quat2,-0.33440,0.21749,-0.12471,-0.90847,532.7
quat3,-0.83192,-0.09678,0.37675,-0.39573,532.7
quat4,-0.10412,-0.30597,0.55289,-0.76802,532.7
quat5,0.00000,0.00000,0.00000,-1.00000,532.7
quat6,0.00000,0.00000,0.00000,-1.00000,532.7
quat7,0.00000,0.00000,0.00000,-1.00000,532.7
quat8,0.00000,0.00000,0.00000,-1.00000,532.7
quat0,-0.78724,-0.59192,-0.04438,0.16706,532.72
quat1,0.04891,-0.20671,-0.23619,0.94820,532.72
quat2,-0.33652,0.21376,-0.13147,-0.90762,532.72
quat3,-0.81227,-0.11056,0.35582,-0.44875,532.72
quat4,-0.09777,-0.34191,0.51359,-0.78087,532.72
quat5,0.00000,0.00000,0.00000,-1.00000,532.72
quat6,0.00000,0.00000,0.00000,-1.00000,532.72
quat7,0.00000,0.00000,0.00000,-1.00000,532.72
quat8,0.00000,0.00000,0.00000,-1.00000,532.72
quat0,-0.79590,-0.58274,-0.06267,0.15176,532.74
quat1,0.01899,-0.19654,-0.25457,0.94668,532.74
quat2,-0.33776,0.20784,-0.13639,-0.90781,532.74
quat3,-0.78655,-0.12203,0.33773,-0.50238,532.74
quat4,-0.09560,-0.36961,0.47341,-0.79381,532.74
quat5,0.00000,0.00000,0.00000,-1.00000,532.74
quat6,0.00000,0.00000,0.00000,-1.00000,532.74
quat7,0.00000,0.00000,0.00000,-1.00000,532.74
quat8,0.00000,0.00000,0.00000,-1.00000,532.74
quat0,-0.79853,-0.58064,-0.07978,0.13730,532.76
quat1,-0.01237,-0.18696,-0.27553,0.94286,532.76
quat2,-0.33771,0.20240,-0.13882,-0.90869,532.76
quat3,-0.75666,-0.12961,0.31990,-0.55528,532.76
quat4,-0.09792,-0.38466,0.43429,-0.80860,532.76
quat5,0.00000,0.00000,0.00000,-1.00000,532.76
quat6,0.00000,0.00000,0.00000,-1.00000,532.76
quat7,0.00000,0.00000,0.00000,-1.00000,532.76
quat8,0.00000,0.00000,0.00000,-1.00000,532.76
quat0,-0.79754,-0.58236,-0.10164,0.12026,532.78
quat1,-0.04398,-0.17916,-0.30017,0.93588,532.78
quat2,-0.33530,0.20095,-0.13852,-0.90995,532.78
quat3,-0.72182,-0.13807,0.30434,-0.60605,532.78
quat4,-0.10233,-0.38473,0.39659,-0.82718,532.78
quat5,0.00000,0.00000,0.00000,-1.00000,532.78
quat6,0.00000,0.00000,0.00000,-1.00000,532.78
quat7,0.00000,0.00000,0.00000,-1.00000,532.78
quat8,0.00000,0.00000,0.00000,-1.00000,532.78
quat0,-0.79475,-0.58454,-0.12527,0.10486,532.8
quat1,-0.07417,-0.17166,-0.32852,0.92580,532.8
quat2,-0.33111,0.20226,-0.13519,-0.91169,532.8
quat3,-0.68197,-0.15025,0.29146,-0.65376,532.8
quat4,-0.10520,-0.37843,0.35878,-0.84676,532.8
quat5,0.00000,0.00000,0.00000,-1.00000,532.8
quat6,0.00000,0.00000,0.00000,-1.00000,532.8
quat7,0.00000,0.00000,0.00000,-1.00000,532.8
quat8,0.00000,0.00000,0.00000,-1.00000,532.8
quat0,-0.79144,-0.58694,-0.14656,0.08739,532.82
quat1,-0.10167,-0.16346,-0.35996,0.91289,532.82
quat2,-0.32471,0.19841,-0.12801,-0.91587,532.82
quat3,-0.63820,-0.16884,0.28170,-0.69630,532.82
quat4,-0.10145,-0.37516,0.32670,-0.86153,532.82
quat5,0.00000,0.00000,0.00000,-1.00000,532.82
quat6,0.00000,0.00000,0.00000,-1.00000,532.82
quat7,0.00000,0.00000,0.00000,-1.00000,532.82
quat8,0.00000,0.00000,0.00000,-1.00000,532.82
quat0,-0.78663,-0.59059,-0.16573,0.07039,532.84
quat1,-0.12468,-0.15410,-0.39451,0.89726,532.84
quat2,-0.31510,0.18233,-0.11812,-0.92386,532.84
quat3,-0.59272,-0.19136,0.27291,-0.73320,532.84
quat4,-0.09465,-0.38064,0.29730,-0.87050,532.84
quat5,0.00000,0.00000,0.00000,-1.00000,532.84
quat6,0.00000,0.00000,0.00000,-1.00000,532.84
quat7,0.00000,0.00000,0.00000,-1.00000,532.84
quat8,0.00000,0.00000,0.00000,-1.00000,532.84
quat0,-0.77865,-0.59708,-0.18452,0.05611,532.86
quat1,-0.14378,-0.13895,-0.43240,0.87923,532.86
quat2,-0.30280,0.15986,-0.10611,-0.93354,532.86
quat3,-0.54724,-0.21524,0.26377,-0.76461,532.86
quat4,-0.08176,-0.38962,0.27318,-0.87572,532.86
quat5,0.00000,0.00000,0.00000,-1.00000,532.86
quat6,0.00000,0.00000,0.00000,-1.00000,532.86
quat7,0.00000,0.00000,0.00000,-1.00000,532.86
quat8,0.00000,0.00000,0.00000,-1.00000,532.86
quat0,-0.77132,-0.60249,-0.20042,0.04361,532.88
quat1,-0.16343,-0.11877,-0.47161,0.85835,532.88
quat2,-0.28792,0.13608,-0.09273,-0.94339,532.88
quat3,-0.50211,-0.24148,0.25401,-0.79061,532.88
quat4,-0.06262,-0.40466,0.25336,-0.87643,532.88
quat5,0.00000,0.00000,0.00000,-1.00000,532.88
quat6,0.00000,0.00000,0.00000,-1.00000,532.88
quat7,0.00000,0.00000,0.00000,-1.00000,532.88
quat8,0.00000,0.00000,0.00000,-1.00000,532.88
quat0,-0.76526,-0.60573,-0.21532,0.03314,532.9
quat1,-0.18452,-0.09380,-0.51191,0.83373,532.9
quat2,-0.27100,0.11150,-0.07816,-0.95290,532.9
quat3,-0.45924,-0.27027,0.24263,-0.81067,532.9
quat4,-0.03885,-0.42945,0.24071,-0.86955,532.9
quat5,0.00000,0.00000,0.00000,-1.00000,532.9
quat6,0.00000,0.00000,0.00000,-1.00000,532.9
quat7,0.00000,0.00000,0.00000,-1.00000,532.9
quat8,0.00000,0.00000,0.00000,-1.00000,532.9
quat0,-0.75941,-0.60713,-0.23304,0.01954,532.92
quat1,-0.20553,-0.06483,-0.55322,0.80468,532.92
quat2,-0.25131,0.08353,-0.06125,-0.96235,532.92
quat3,-0.41589,-0.30459,0.23084,-0.82521,532.92
quat4,-0.01331,-0.46235,0.23025,-0.85618,532.92
quat5,0.00000,0.00000,0.00000,-1.00000,532.92
quat6,0.00000,0.00000,0.00000,-1.00000,532.92
quat7,0.00000,0.00000,0.00000,-1.00000,532.92
quat8,0.00000,0.00000,0.00000,-1.00000,532.92
quat0,-0.74403,-0.61649,-0.25758,0.00250,532.94
quat1,-0.22462,-0.03318,-0.59451,0.77137,532.94
quat2,-0.22848,0.05090,-0.04206,-0.97131,532.94
quat3,-0.37106,-0.34302,0.21954,-0.83454,532.94
quat4,0.01044,-0.49929,0.22066,-0.83780,532.94
quat5,0.00000,0.00000,0.00000,-1.00000,532.94
quat6,0.00000,0.00000,0.00000,-1.00000,532.94
quat7,0.00000,0.00000,0.00000,-1.00000,532.94
quat8,0.00000,0.00000,0.00000,-1.00000,532.94
quat0,-0.72741,-0.63083,-0.26983,-0.01074,532.96
quat1,-0.24245,-0.00019,-0.63594,0.73267,532.96
quat2,-0.20196,0.01676,-0.02017,-0.97904,532.96
quat3,-0.32608,-0.38172,0.20927,-0.83915,532.96
quat4,0.02995,-0.53571,0.21141,-0.81696,532.96
quat5,0.00000,0.00000,0.00000,-1.00000,532.96
quat6,0.00000,0.00000,0.00000,-1.00000,532.96
quat7,0.00000,0.00000,0.00000,-1.00000,532.96
quat8,0.00000,0.00000,0.00000,-1.00000,532.96
quat0,-0.70555,-0.64630,-0.28961,-0.02492,532.98
quat1,-0.25923,0.03106,-0.67677,0.68834,532.98
quat2,-0.17195,-0.01759,0.00474,-0.98494,532.98
quat3,-0.28300,-0.41619,0.20247,-0.84006,532.98
quat4,0.04463,-0.56633,0.20230,-0.79771,532.98
quat5,0.00000,0.00000,0.00000,-1.00000,532.98
quat6,0.00000,0.00000,0.00000,-1.00000,532.98
quat7,0.00000,0.00000,0.00000,-1.00000,532.98
quat8,0.00000,0.00000,0.00000,-1.00000,532.98
quat0,-0.68256,-0.66018,-0.31141,-0.03612,533
quat1,-0.27377,0.06233,-0.71638,0.63872,533
quat2,-0.13903,-0.05158,0.03237,-0.98841,533
quat3,-0.24283,-0.44561,0.19752,-0.83872,533
quat4,0.05675,-0.59164,0.19163,-0.78103,533
quat5,0.00000,0.00000,0.00000,-1.00000,533
quat6,0.00000,0.00000,0.00000,-1.00000,533
quat7,0.00000,0.00000,0.00000,-1.00000,533
quat8,0.00000,0.00000,0.00000,-1.00000,533
quat0,-0.65919,-0.67478,-0.32907,-0.04311,533.02
quat1,-0.28653,0.09353,-0.75351,0.58427,533.02
quat2,-0.10416,-0.08514,0.06263,-0.98893,533.02
quat3,-0.20510,-0.47335,0.19325,-0.83458,533.02
quat4,0.06996,-0.61836,0.18043,-0.76169,533.02
quat5,0.00000,0.00000,0.00000,-1.00000,533.02
quat6,0.00000,0.00000,0.00000,-1.00000,533.02
quat7,0.00000,0.00000,0.00000,-1.00000,533.02
quat8,0.00000,0.00000,0.00000,-1.00000,533.02
quat0,-0.64101,-0.68665,-0.33953,-0.04829,533.04
quat1,-0.29694,0.12415,-0.78653,0.52705,533.04
quat2,-0.06828,-0.11835,0.09651,-0.98591,533.04
quat3,-0.16952,-0.50173,0.18748,-0.82727,533.04
quat4,0.08576,-0.65016,0.16715,-0.73620,533.04
quat5,0.00000,0.00000,0.00000,-1.00000,533.04
quat6,0.00000,0.00000,0.00000,-1.00000,533.04
quat7,0.00000,0.00000,0.00000,-1.00000,533.04
quat8,0.00000,0.00000,0.00000,-1.00000,533.04
quat0,-0.62003,-0.70118,-0.34775,-0.05458,533.06
quat1,-0.30268,0.15184,-0.81530,0.46970,533.06
quat2,-0.03282,-0.15091,0.13306,-0.97900,533.06
quat3,-0.13482,-0.53051,0.18278,-0.81669,533.06
quat4,0.10115,-0.68080,0.15136,-0.70949,533.06
quat5,0.00000,0.00000,0.00000,-1.00000,533.06
quat6,0.00000,0.00000,0.00000,-1.00000,533.06
quat7,0.00000,0.00000,0.00000,-1.00000,533.06
quat8,0.00000,0.00000,0.00000,-1.00000,533.06
quat0,-0.60083,-0.71226,-0.35767,-0.06128,533.08
quat1,-0.30617,0.17673,-0.83926,0.41312,533.08
quat2,0.00028,-0.18230,0.17116,-0.96823,533.08
quat3,-0.10419,-0.55753,0.17924,-0.80385,533.08
quat4,0.11773,-0.70776,0.13178,-0.68399,533.08
quat5,0.00000,0.00000,0.00000,-1.00000,533.08
quat6,0.00000,0.00000,0.00000,-1.00000,533.08
quat7,0.00000,0.00000,0.00000,-1.00000,533.08
quat8,0.00000,0.00000,0.00000,-1.00000,533.08
quat0,-0.58011,-0.72810,-0.35968,-0.06302,533.1
quat1,-0.30778,0.19733,-0.85897,0.35849,533.1
quat2,0.03066,-0.21210,0.20894,-0.95416,533.1
quat3,-0.07858,-0.58155,0.17560,-0.79043,533.1
quat4,0.13576,-0.73230,0.11138,-0.65795,533.1
quat5,0.00000,0.00000,0.00000,-1.00000,533.1
quat6,0.00000,0.00000,0.00000,-1.00000,533.1
quat7,0.00000,0.00000,0.00000,-1.00000,533.1
quat8,0.00000,0.00000,0.00000,-1.00000,533.1
quat0,-0.56608,-0.74145,-0.35561,-0.05787,533.12
quat1,-0.30732,0.21398,-0.87502,0.30678,533.12
quat2,0.05775,-0.23905,0.24471,-0.93789,533.12
quat3,-0.05608,-0.60040,0.17264,-0.77883,533.12
quat4,0.15406,-0.74877,0.09083,-0.63824,533.12
quat5,0.00000,0.00000,0.00000,-1.00000,533.12
quat6,0.00000,0.00000,0.00000,-1.00000,533.12
quat7,0.00000,0.00000,0.00000,-1.00000,533.12
quat8,0.00000,0.00000,0.00000,-1.00000,533.12
quat0,-0.54874,-0.75350,-0.35658,-0.06307,533.14
quat1,-0.30709,0.22900,-0.88724,0.25701,533.14
quat2,0.08173,-0.26185,0.27830,-0.92049,533.14
quat3,-0.03364,-0.61506,0.17119,-0.76894,533.14
quat4,0.17083,-0.75415,0.07243,-0.62994,533.14
quat5,0.00000,0.00000,0.00000,-1.00000,533.14
quat6,0.00000,0.00000,0.00000,-1.00000,533.14
quat7,0.00000,0.00000,0.00000,-1.00000,533.14
quat8,0.00000,0.00000,0.00000,-1.00000,533.14
quat0,-0.53669,-0.76163,-0.35818,-0.05999,533.16
quat1,-0.31007,0.24165,-0.89552,0.20860,533.16
quat2,0.10237,-0.28164,0.30829,-0.90286,533.16
quat3,-0.01235,-0.62082,0.17113,-0.76495,533.16
quat4,0.18635,-0.75124,0.05660,-0.63064,533.16
quat5,0.00000,0.00000,0.00000,-1.00000,533.16
quat6,0.00000,0.00000,0.00000,-1.00000,533.16
quat7,0.00000,0.00000,0.00000,-1.00000,533.16
quat8,0.00000,0.00000,0.00000,-1.00000,533.16
quat0,-0.52564,-0.77057,-0.35554,-0.05932,533.18
quat1,-0.31298,0.25194,-0.90111,0.16301,533.18
quat2,0.12105,-0.29915,0.33420,-0.88553,533.18
quat3,0.00768,-0.61823,0.17324,-0.76663,533.18
quat4,0.20068,-0.74268,0.04347,-0.63739,533.18
quat5,0.00000,0.00000,0.00000,-1.00000,533.18
quat6,0.00000,0.00000,0.00000,-1.00000,533.18
quat7,0.00000,0.00000,0.00000,-1.00000,533.18
quat8,0.00000,0.00000,0.00000,-1.00000,533.18
quat0,-0.51918,-0.77779,-0.34944,-0.05828,533.2
quat1,-0.31383,0.25922,-0.90498,0.12378,533.2
quat2,0.13766,-0.31439,0.35495,-0.86961,533.2
quat3,0.02679,-0.61321,0.17715,-0.76933,533.2
quat4,0.21317,-0.73156,0.03308,-0.64675,533.2
quat5,0.00000,0.00000,0.00000,-1.00000,533.2
quat6,0.00000,0.00000,0.00000,-1.00000,533.2
quat7,0.00000,0.00000,0.00000,-1.00000,533.2
quat8,0.00000,0.00000,0.00000,-1.00000,533.2
quat0,-0.51137,-0.78450,-0.34652,-0.05467,533.22
quat1,-0.31485,0.26265,-0.90738,0.09250,533.22
quat2,0.14969,-0.32698,0.37008,-0.85657,533.22
quat3,0.04300,-0.60663,0.18210,-0.77265,533.22
quat4,0.22471,-0.71958,0.02515,-0.65656,533.22
quat5,0.00000,0.00000,0.00000,-1.00000,533.22
quat6,0.00000,0.00000,0.00000,-1.00000,533.22
quat7,0.00000,0.00000,0.00000,-1.00000,533.22
quat8,0.00000,0.00000,0.00000,-1.00000,533.22
quat0,-0.50802,-0.78951,-0.34091,-0.04872,533.24
quat1,-0.31477,0.26134,-0.90966,0.07176,533.24
quat2,0.15503,-0.33527,0.37945,-0.84828,533.24
quat3,0.05536,-0.59992,0.18748,-0.77581,533.24
quat4,0.23588,-0.70734,0.01957,-0.66607,533.24
quat5,0.00000,0.00000,0.00000,-1.00000,533.24
quat6,0.00000,0.00000,0.00000,-1.00000,533.24
quat7,0.00000,0.00000,0.00000,-1.00000,533.24
quat8,0.00000,0.00000,0.00000,-1.00000,533.24
quat0,-0.50522,-0.79096,-0.34144,-0.05058,533.26
quat1,-0.31530,0.25422,-0.91221,0.06184,533.26
quat2,0.15358,-0.33760,0.38263,-0.84619,533.26
quat3,0.06381,-0.59356,0.19312,-0.77867,533.26
quat4,0.24607,-0.69500,0.01734,-0.67537,533.26
quat5,0.00000,0.00000,0.00000,-1.00000,533.26
quat6,0.00000,0.00000,0.00000,-1.00000,533.26
quat7,0.00000,0.00000,0.00000,-1.00000,533.26
quat8,0.00000,0.00000,0.00000,-1.00000,533.26
quat0,-0.51055,-0.78957,-0.33750,-0.04480,533.28
quat1,-0.31576,0.24471,-0.91455,0.06334,533.28
quat2,0.14685,-0.33424,0.37938,-0.85017,533.28
quat3,0.06832,-0.58924,0.19918,-0.78003,533.28
quat4,0.25396,-0.68588,0.01797,-0.68172,533.28
quat5,0.00000,0.00000,0.00000,-1.00000,533.28
quat6,0.00000,0.00000,0.00000,-1.00000,533.28
quat7,0.00000,0.00000,0.00000,-1.00000,533.28
quat8,0.00000,0.00000,0.00000,-1.00000,533.28
quat0,-0.51756,-0.78649,-0.33457,-0.04042,533.3
quat1,-0.31474,0.23339,-0.91695,0.07531,533.3
quat2,0.13660,-0.32547,0.36979,-0.85946,533.3
quat3,0.06859,-0.58548,0.20410,-0.78157,533.3
quat4,0.25860,-0.68083,0.02089,-0.68495,533.3
quat5,0.00000,0.00000,0.00000,-1.00000,533.3
quat6,0.00000,0.00000,0.00000,-1.00000,533.3
quat7,0.00000,0.00000,0.00000,-1.00000,533.3
quat8,0.00000,0.00000,0.00000,-1.00000,533.3
quat0,-0.52687,-0.78275,-0.32911,-0.03735,533.32
quat1,-0.31232,0.22094,-0.91884,0.09687,533.32
quat2,0.12394,-0.31240,0.35411,-0.87273,533.32
quat3,0.06550,-0.58185,0.20890,-0.78328,533.32
quat4,0.26007,-0.67842,0.02630,-0.68660,533.32
quat5,0.00000,0.00000,0.00000,-1.00000,533.32
quat6,0.00000,0.00000,0.00000,-1.00000,533.32
quat7,0.00000,0.00000,0.00000,-1.00000,533.32
quat8,0.00000,0.00000,0.00000,-1.00000,533.32
quat0,-0.53796,-0.77632,-0.32643,-0.03695,533.34
quat1,-0.30918,0.20858,-0.91906,0.12740,533.34
quat2,0.11039,-0.29654,0.33279,-0.88833,533.34
quat3,0.05863,-0.57837,0.21295,-0.78531,533.34
quat4,0.25935,-0.67686,0.03354,-0.68810,533.34
quat5,0.00000,0.00000,0.00000,-1.00000,533.34
quat6,0.00000,0.00000,0.00000,-1.00000,533.34
quat7,0.00000,0.00000,0.00000,-1.00000,533.34
quat8,0.00000,0.00000,0.00000,-1.00000,533.34
quat0,-0.55330,-0.76970,-0.31688,-0.03188,533.36
quat1,-0.30560,0.19610,-0.91675,0.16650,533.36
quat2,0.09581,-0.27845,0.30678,-0.90508,533.36
quat3,0.04682,-0.57333,0.21627,-0.78887,533.36
quat4,0.25749,-0.67517,0.04212,-0.68998,533.36
quat5,0.00000,0.00000,0.00000,-1.00000,533.36
quat6,0.00000,0.00000,0.00000,-1.00000,533.36
quat7,0.00000,0.00000,0.00000,-1.00000,533.36
quat8,0.00000,0.00000,0.00000,-1.00000,533.36
quat0,-0.56953,-0.75963,-0.31245,-0.03115,533.38
quat1,-0.30182,0.18381,-0.91071,0.21386,533.38
quat2,0.07978,-0.25773,0.27673,-0.92230,533.38
quat3,0.03059,-0.56832,0.21857,-0.79266,533.38
quat4,0.25504,-0.67369,0.05107,-0.69173,533.38
quat5,0.00000,0.00000,0.00000,-1.00000,533.38
quat6,0.00000,0.00000,0.00000,-1.00000,533.38
quat7,0.00000,0.00000,0.00000,-1.00000,533.38
quat8,0.00000,0.00000,0.00000,-1.00000,533.38
quat0,-0.58754,-0.74832,-0.30657,-0.02888,533.4
quat1,-0.29825,0.17064,-0.90011,0.26782,533.4
quat2,0.06276,-0.23358,0.24245,-0.93953,533.4
quat3,0.01155,-0.56349,0.22077,-0.79600,533.4
quat4,0.25202,-0.67219,0.06082,-0.69350,533.4
quat5,0.00000,0.00000,0.00000,-1.00000,533.4
quat6,0.00000,0.00000,0.00000,-1.00000,533.4
quat7,0.00000,0.00000,0.00000,-1.00000,533.4
quat8,0.00000,0.00000,0.00000,-1.00000,533.4
quat0,-0.60286,-0.73757,-0.30339,-0.02239,533.42
quat1,-0.29506,0.15497,-0.88411,0.32752,533.42
quat2,0.04332,-0.20426,0.20582,-0.95605,533.42
quat3,-0.01005,-0.55842,0.22157,-0.79936,533.42
quat4,0.24719,-0.67107,0.07082,-0.69538,533.42
quat5,0.00000,0.00000,0.00000,-1.00000,533.42
quat6,0.00000,0.00000,0.00000,-1.00000,533.42
quat7,0.00000,0.00000,0.00000,-1.00000,533.42
quat8,0.00000,0.00000,0.00000,-1.00000,533.42
quat0,-0.62583,-0.71925,-0.30112,-0.01833,533.44
quat1,-0.29428,0.13572,-0.86173,0.39038,533.44
quat2,0.02327,-0.16994,0.16748,-0.97084,533.44
quat3,-0.03384,-0.55135,0.22268,-0.80329,533.44
quat4,0.24073,-0.66909,0.08178,-0.69835,533.44
quat5,0.00000,0.00000,0.00000,-1.00000,533.44
quat6,0.00000,0.00000,0.00000,-1.00000,533.44
quat7,0.00000,0.00000,0.00000,-1.00000,533.44
quat8,0.00000,0.00000,0.00000,-1.00000,533.44
quat0,-0.64459,-0.70226,-0.30199,-0.01190,533.46
quat1,-0.29631,0.11893,-0.83313,0.45162,533.46
quat2,0.00493,-0.13263,0.12771,-0.98289,533.46
quat3,-0.06025,-0.54217,0.22344,-0.80777,533.46
quat4,0.23337,-0.66465,0.09294,-0.70367,533.46
quat5,0.00000,0.00000,0.00000,-1.00000,533.46
quat6,0.00000,0.00000,0.00000,-1.00000,533.46
quat7,0.00000,0.00000,0.00000,-1.00000,533.46
quat8,0.00000,0.00000,0.00000,-1.00000,533.46
quat0,-0.66375,-0.68342,-0.30392,-0.00333,533.48
quat1,-0.29612,0.10562,-0.80078,0.50980,533.48
quat2,-0.01089,-0.09517,0.08936,-0.99138,533.48
quat3,-0.08965,-0.53116,0.22351,-0.81233,533.48
quat4,0.22546,-0.65843,0.10366,-0.71056,533.48
quat5,0.00000,0.00000,0.00000,-1.00000,533.48
quat6,0.00000,0.00000,0.00000,-1.00000,533.48
quat7,0.00000,0.00000,0.00000,-1.00000,533.48
quat8,0.00000,0.00000,0.00000,-1.00000,533.48
quat0,-0.68451,-0.66427,-0.30007,0.01232,533.5
quat1,-0.29481,0.09497,-0.76643,0.56272,533.5
quat2,-0.02303,-0.05969,0.05508,-0.99643,533.5
quat3,-0.12151,-0.51893,0.22292,-0.81624,533.5
quat4,0.21654,-0.65123,0.11305,-0.71849,533.5
quat5,0.00000,0.00000,0.00000,-1.00000,533.5
quat6,0.00000,0.00000,0.00000,-1.00000,533.5
quat7,0.00000,0.00000,0.00000,-1.00000,533.5
quat8,0.00000,0.00000,0.00000,-1.00000,533.5
quat0,-0.70413,-0.64676,-0.29185,0.02707,533.52
quat1,-0.29260,0.08835,-0.72979,0.61154,533.52
quat2,-0.03566,-0.03069,0.02238,-0.99864,533.52
quat3,-0.15596,-0.50374,0.22178,-0.82020,533.52
quat4,0.20565,-0.64400,0.12151,-0.72678,533.52
quat5,0.00000,0.00000,0.00000,-1.00000,533.52
quat6,0.00000,0.00000,0.00000,-1.00000,533.52
quat7,0.00000,0.00000,0.00000,-1.00000,533.52
quat8,0.00000,0.00000,0.00000,-1.00000,533.52
quat0,-0.72567,-0.62933,-0.27518,0.04037,533.54
quat1,-0.28499,0.07980,-0.69288,0.65751,533.54
quat2,-0.05177,-0.00740,-0.01025,-0.99858,533.54
quat3,-0.19255,-0.48658,0.21930,-0.82345,533.54
quat4,0.19260,-0.63749,0.12896,-0.73476,533.54
quat5,0.00000,0.00000,0.00000,-1.00000,533.54
quat6,0.00000,0.00000,0.00000,-1.00000,533.54
quat7,0.00000,0.00000,0.00000,-1.00000,533.54
quat8,0.00000,0.00000,0.00000,-1.00000,533.54
quat0,-0.74191,-0.61668,-0.25722,0.05585,533.56
quat1,-0.27355,0.06631,-0.65570,0.70059,533.56
quat2,-0.06953,0.01134,-0.04078,-0.99668,533.56
quat3,-0.23129,-0.46734,0.21692,-0.82525,533.56
quat4,0.17741,-0.62912,0.13608,-0.74445,533.56
quat5,0.00000,0.00000,0.00000,-1.00000,533.56
quat6,0.00000,0.00000,0.00000,-1.00000,533.56
quat7,0.00000,0.00000,0.00000,-1.00000,533.56
quat8,0.00000,0.00000,0.00000,-1.00000,533.56
quat0,-0.75529,-0.60452,-0.24458,0.06537,533.58
quat1,-0.26048,0.05191,-0.61824,0.73975,533.58
quat2,-0.08770,0.02601,-0.06787,-0.99349,533.58
quat3,-0.27160,-0.44611,0.21459,-0.82533,533.58
quat4,0.15905,-0.61845,0.14236,-0.75628,533.58
quat5,0.00000,0.00000,0.00000,-1.00000,533.58
quat6,0.00000,0.00000,0.00000,-1.00000,533.58
quat7,0.00000,0.00000,0.00000,-1.00000,533.58
quat8,0.00000,0.00000,0.00000,-1.00000,533.58
quat0,-0.76600,-0.59479,-0.23234,0.07398,533.6
quat1,-0.24623,0.03999,-0.58191,0.77405,533.6
quat2,-0.10795,0.03977,-0.09289,-0.98901,533.6
quat3,-0.31346,-0.42269,0.21185,-0.82352,533.6
quat4,0.13749,-0.60666,0.14892,-0.76869,533.6
quat5,0.00000,0.00000,0.00000,-1.00000,533.6
quat6,0.00000,0.00000,0.00000,-1.00000,533.6
quat7,0.00000,0.00000,0.00000,-1.00000,533.6
quat8,0.00000,0.00000,0.00000,-1.00000,533.6
quat0,-0.77664,-0.58569,-0.21646,0.08327,533.62
quat1,-0.23092,0.02918,-0.54654,0.80444,533.62
quat2,-0.13128,0.05569,-0.11556,-0.98301,533.62
quat3,-0.35644,-0.39686,0.20965,-0.81945,533.62
quat4,0.11338,-0.59476,0.15614,-0.78040,533.62
quat5,0.00000,0.00000,0.00000,-1.00000,533.62
quat6,0.00000,0.00000,0.00000,-1.00000,533.62
quat7,0.00000,0.00000,0.00000,-1.00000,533.62
quat8,0.00000,0.00000,0.00000,-1.00000,533.62
quat0,-0.78432,-0.57923,-0.20156,0.09335,533.64
quat1,-0.21415,0.01786,-0.51212,0.83160,533.64
quat2,-0.15669,0.07314,-0.13475,-0.97567,533.64
quat3,-0.40083,-0.36907,0.20833,-0.81223,533.64
quat4,0.08745,-0.58278,0.16518,-0.79085,533.64
quat5,0.00000,0.00000,0.00000,-1.00000,533.64
quat6,0.00000,0.00000,0.00000,-1.00000,533.64
quat7,0.00000,0.00000,0.00000,-1.00000,533.64
quat8,0.00000,0.00000,0.00000,-1.00000,533.64
quat0,-0.79156,-0.57425,-0.18160,0.10342,533.66
quat1,-0.19574,0.00584,-0.47795,0.85628,533.66
quat2,-0.18250,0.09064,-0.14931,-0.96757,533.66
quat3,-0.44688,-0.34054,0.20732,-0.80084,533.66
quat4,0.06033,-0.57168,0.17673,-0.79894,533.66
quat5,0.00000,0.00000,0.00000,-1.00000,533.66
quat6,0.00000,0.00000,0.00000,-1.00000,533.66
quat7,0.00000,0.00000,0.00000,-1.00000,533.66
quat8,0.00000,0.00000,0.00000,-1.00000,533.66
quat0,-0.79790,-0.56846,-0.16480,0.11424,533.68
quat1,-0.17517,-0.00703,-0.44486,0.87827,533.68
quat2,-0.20744,0.10819,-0.15915,-0.95913,533.68
quat3,-0.49297,-0.31282,0.20816,-0.78472,533.68
quat4,0.03200,-0.56034,0.19243,-0.80496,533.68
quat5,0.00000,0.00000,0.00000,-1.00000,533.68
quat6,0.00000,0.00000,0.00000,-1.00000,533.68
quat7,0.00000,0.00000,0.00000,-1.00000,533.68
quat8,0.00000,0.00000,0.00000,-1.00000,533.68
quat0,-0.80292,-0.56439,-0.14520,0.12529,533.7
quat1,-0.15433,-0.02295,-0.41183,0.89781,533.7
quat2,-0.23072,0.12578,-0.16481,-0.95068,533.7
quat3,-0.53805,-0.28509,0.21248,-0.76425,533.7
quat4,0.00302,-0.54769,0.21282,-0.80915,533.7
quat5,0.00000,0.00000,0.00000,-1.00000,533.7
quat6,0.00000,0.00000,0.00000,-1.00000,533.7
quat7,0.00000,0.00000,0.00000,-1.00000,533.7
quat8,0.00000,0.00000,0.00000,-1.00000,533.7
quat0,-0.80559,-0.56290,-0.12515,0.13603,533.72
quat1,-0.13211,-0.03735,-0.38037,0.91459,533.72
quat2,-0.25090,0.14628,-0.16708,-0.94220,533.72
quat3,-0.58305,-0.25571,0.22039,-0.73898,533.72
quat4,-0.02586,-0.53213,0.23887,-0.81186,533.72
quat5,0.00000,0.00000,0.00000,-1.00000,533.72
quat6,0.00000,0.00000,0.00000,-1.00000,533.72
quat7,0.00000,0.00000,0.00000,-1.00000,533.72
quat8,0.00000,0.00000,0.00000,-1.00000,533.72
quat0,-0.80623,-0.56290,-0.10356,0.14973,533.74
quat1,-0.10901,-0.05083,-0.35185,0.92830,533.74
quat2,-0.26722,0.17079,-0.16615,-0.93371,533.74
quat3,-0.62790,-0.22495,0.23132,-0.70826,533.74
quat4,-0.05387,-0.51159,0.27127,-0.81350,533.74
quat5,0.00000,0.00000,0.00000,-1.00000,533.74
quat6,0.00000,0.00000,0.00000,-1.00000,533.74
quat7,0.00000,0.00000,0.00000,-1.00000,533.74
quat8,0.00000,0.00000,0.00000,-1.00000,533.74
quat0,-0.80447,-0.56465,-0.07806,0.16705,533.76
quat1,-0.08364,-0.06668,-0.32487,0.93969,533.76
quat2,-0.27947,0.19826,-0.16271,-0.92526,533.76
quat3,-0.67044,-0.19742,0.24479,-0.67202,533.76
quat4,-0.08155,-0.48656,0.30795,-0.81350,533.76
quat5,0.00000,0.00000,0.00000,-1.00000,533.76
quat6,0.00000,0.00000,0.00000,-1.00000,533.76
quat7,0.00000,0.00000,0.00000,-1.00000,533.76
quat8,0.00000,0.00000,0.00000,-1.00000,533.76
quat0,-0.80012,-0.56979,-0.05460,0.17935,533.78
quat1,-0.05501,-0.08420,-0.29935,0.94883,533.78
quat2,-0.28684,0.22670,-0.15674,-0.91747,533.78
quat3,-0.70921,-0.17121,0.26240,-0.63155,533.78
quat4,-0.10955,-0.45817,0.34590,-0.81144,533.78
quat5,0.00000,0.00000,0.00000,-1.00000,533.78
quat6,0.00000,0.00000,0.00000,-1.00000,533.78
quat7,0.00000,0.00000,0.00000,-1.00000,533.78
quat8,0.00000,0.00000,0.00000,-1.00000,533.78
quat0,-0.79728,-0.57203,-0.03025,0.19026,533.8
quat1,-0.02498,-0.10274,-0.27611,0.95529,533.8
quat2,-0.29138,0.25210,-0.14908,-0.91067,533.8
quat3,-0.74372,-0.14434,0.28257,-0.58838,533.8
quat4,-0.13634,-0.42866,0.38512,-0.80582,533.8
quat5,0.00000,0.00000,0.00000,-1.00000,533.8
quat6,0.00000,0.00000,0.00000,-1.00000,533.8
quat7,0.00000,0.00000,0.00000,-1.00000,533.8
quat8,0.00000,0.00000,0.00000,-1.00000,533.8
quat0,-0.79154,-0.57685,-0.00496,0.20171,533.82
quat1,0.00433,-0.12306,-0.25598,0.95881,533.82
quat2,-0.29525,0.27580,-0.13928,-0.90408,533.82
quat3,-0.77361,-0.11813,0.30307,-0.54380,533.82
quat4,-0.16075,-0.39969,0.42514,-0.79603,533.82
quat5,0.00000,0.00000,0.00000,-1.00000,533.82
quat6,0.00000,0.00000,0.00000,-1.00000,533.82
quat7,0.00000,0.00000,0.00000,-1.00000,533.82
quat8,0.00000,0.00000,0.00000,-1.00000,533.82
quat0,-0.78465,-0.58171,0.02260,0.21312,533.84
quat1,0.03085,-0.14561,-0.23924,0.95949,533.84
quat2,-0.29795,0.29798,-0.12707,-0.89793,533.84
quat3,-0.79946,-0.09114,0.32120,-0.49938,533.84
quat4,-0.18354,-0.36752,0.46456,-0.78449,533.84
quat5,0.00000,0.00000,0.00000,-1.00000,533.84
quat6,0.00000,0.00000,0.00000,-1.00000,533.84
quat7,0.00000,0.00000,0.00000,-1.00000,533.84
quat8,0.00000,0.00000,0.00000,-1.00000,533.84
quat0,-0.76983,-0.59849,0.04782,0.21651,533.86
quat1,0.05322,-0.17334,-0.22446,0.95747,533.86
quat2,-0.29849,0.31812,-0.11462,-0.89251,533.86
quat3,-0.82161,-0.06369,0.33645,-0.45575,533.86
quat4,-0.20617,-0.33471,0.50044,-0.77138,533.86
quat5,0.00000,0.00000,0.00000,-1.00000,533.86
quat6,0.00000,0.00000,0.00000,-1.00000,533.86
quat7,0.00000,0.00000,0.00000,-1.00000,533.86
quat8,0.00000,0.00000,0.00000,-1.00000,533.86
quat0,-0.75874,-0.60690,0.06553,0.22737,533.88
quat1,0.07158,-0.20597,-0.20891,0.95331,533.88
quat2,-0.29756,0.33457,-0.10295,-0.88821,533.88
quat3,-0.84048,-0.03502,0.34875,-0.41321,533.88
quat4,-0.22628,-0.30511,0.53415,-0.75524,533.88
quat5,0.00000,0.00000,0.00000,-1.00000,533.88
quat6,0.00000,0.00000,0.00000,-1.00000,533.88
quat7,0.00000,0.00000,0.00000,-1.00000,533.88
quat8,0.00000,0.00000,0.00000,-1.00000,533.88
quat0,-0.74676,-0.61658,0.08741,0.23354,533.9
quat1,0.09016,-0.23350,-0.19325,0.94868,533.9
quat2,-0.29421,0.34894,-0.09167,-0.88503,533.9
quat3,-0.85628,-0.00741,0.35816,-0.37209,533.9
quat4,-0.24337,-0.27643,0.56528,-0.73812,533.9
quat5,0.00000,0.00000,0.00000,-1.00000,533.9
quat6,0.00000,0.00000,0.00000,-1.00000,533.9
quat7,0.00000,0.00000,0.00000,-1.00000,533.9
quat8,0.00000,0.00000,0.00000,-1.00000,533.9
quat0,-0.73897,-0.62106,0.10582,0.23877,533.92
quat1,0.10771,-0.25544,-0.17690,0.94438,533.92
quat2,-0.28844,0.36374,-0.08328,-0.88180,533.92
quat3,-0.87000,0.01870,0.36455,-0.33144,533.92
quat4,-0.25931,-0.24580,0.59216,-0.72228,533.92
quat5,0.00000,0.00000,0.00000,-1.00000,533.92
quat6,0.00000,0.00000,0.00000,-1.00000,533.92
quat7,0.00000,0.00000,0.00000,-1.00000,533.92
quat8,0.00000,0.00000,0.00000,-1.00000,533.92
quat0,-0.72584,-0.62912,0.12323,0.24938,533.94
quat1,0.12212,-0.27423,-0.16178,0.94006,533.94
quat2,-0.27873,0.38006,-0.07856,-0.87846,533.94
quat3,-0.88089,0.04333,0.37036,-0.29154,533.94
quat4,-0.27810,-0.21059,0.61358,-0.70841,533.94
quat5,0.00000,0.00000,0.00000,-1.00000,533.94
quat6,0.00000,0.00000,0.00000,-1.00000,533.94
quat7,0.00000,0.00000,0.00000,-1.00000,533.94
quat8,0.00000,0.00000,0.00000,-1.00000,533.94
quat0,-0.72086,-0.63191,0.13196,0.25227,533.96
quat1,0.13443,-0.28891,-0.14840,0.93618,533.96
quat2,-0.26739,0.39590,-0.07722,-0.87510,533.96
quat3,-0.88931,0.06691,0.37555,-0.25223,533.96
quat4,-0.30068,-0.17126,0.62881,-0.69632,533.96
quat5,0.00000,0.00000,0.00000,-1.00000,533.96
quat6,0.00000,0.00000,0.00000,-1.00000,533.96
quat7,0.00000,0.00000,0.00000,-1.00000,533.96
quat8,0.00000,0.00000,0.00000,-1.00000,533.96
quat0,-0.71068,-0.64028,0.13974,0.25583,533.98
quat1,0.14416,-0.30141,-0.13713,0.93250,533.98
quat2,-0.25804,0.40574,-0.07952,-0.87319,533.98
quat3,-0.89556,0.09001,0.37934,-0.21441,533.98
quat4,-0.32575,-0.13061,0.63866,-0.68480,533.98
quat5,0.00000,0.00000,0.00000,-1.00000,533.98
quat6,0.00000,0.00000,0.00000,-1.00000,533.98
quat7,0.00000,0.00000,0.00000,-1.00000,533.98
quat8,0.00000,0.00000,0.00000,-1.00000,533.98
quat0,-0.70672,-0.64661,0.14121,0.25001,534
quat1,0.15246,-0.30944,-0.12876,0.92974,534
quat2,-0.25324,0.40740,-0.08437,-0.87337,534
quat3,-0.90012,0.11143,0.38121,-0.17902,534
quat4,-0.35037,-0.09308,0.64430,-0.67339,534
quat5,0.00000,0.00000,0.00000,-1.00000,534
quat6,0.00000,0.00000,0.00000,-1.00000,534
quat7,0.00000,0.00000,0.00000,-1.00000,534
quat8,0.00000,0.00000,0.00000,-1.00000,534
quat0,-0.70101,-0.65289,0.14424,0.24804,534.02
quat1,0.15800,-0.31417,-0.12369,0.92792,534.02
quat2,-0.25286,0.39958,-0.08901,-0.87663,534.02
quat3,-0.90313,0.13093,0.38120,-0.14800,534.02
quat4,-0.37247,-0.06164,0.64727,-0.66220,534.02
quat5,0.00000,0.00000,0.00000,-1.00000,534.02
quat6,0.00000,0.00000,0.00000,-1.00000,534.02
quat7,0.00000,0.00000,0.00000,-1.00000,534.02
quat8,0.00000,0.00000,0.00000,-1.00000,534.02
quat0,-0.69739,-0.65616,0.14497,0.24917,534.04
quat1,0.16249,-0.31606,-0.12147,0.92680,534.04
quat2,-0.25529,0.38856,-0.09307,-0.88045,534.04
quat3,-0.90508,0.14740,0.37977,-0.12197,534.04
quat4,-0.38965,-0.03726,0.64890,-0.65246,534.04
quat5,0.00000,0.00000,0.00000,-1.00000,534.04
quat6,0.00000,0.00000,0.00000,-1.00000,534.04
quat7,0.00000,0.00000,0.00000,-1.00000,534.04
quat8,0.00000,0.00000,0.00000,-1.00000,534.04
quat0,-0.69936,-0.65974,0.13695,0.23850,534.06
quat1,0.16546,-0.31613,-0.12203,0.92617,534.06
quat2,-0.25904,0.37881,-0.09627,-0.88325,534.06
quat3,-0.90575,0.15801,0.37984,-0.10185,534.06
quat4,-0.39939,-0.02105,0.65037,-0.64581,534.06
quat5,0.00000,0.00000,0.00000,-1.00000,534.06
quat6,0.00000,0.00000,0.00000,-1.00000,534.06
quat7,0.00000,0.00000,0.00000,-1.00000,534.06
quat8,0.00000,0.00000,0.00000,-1.00000,534.06
quat0,-0.69992,-0.66066,0.13449,0.23569,534.08
quat1,0.16625,-0.31586,-0.12421,0.92583,534.08
quat2,-0.26300,0.37247,-0.09852,-0.88453,534.08
quat3,-0.90546,0.16217,0.38188,-0.08947,534.08
quat4,-0.40193,-0.01376,0.65109,-0.64369,534.08
quat5,0.00000,0.00000,0.00000,-1.00000,534.08
quat6,0.00000,0.00000,0.00000,-1.00000,534.08
quat7,0.00000,0.00000,0.00000,-1.00000,534.08
quat8,0.00000,0.00000,0.00000,-1.00000,534.08
quat0,-0.70165,-0.66103,0.12902,0.23255,534.1
quat1,0.16425,-0.31628,-0.12756,0.92559,534.1
quat2,-0.26594,0.36887,-0.09903,-0.88510,534.1
quat3,-0.90469,0.15949,0.38590,-0.08470,534.1
quat4,-0.39818,-0.01452,0.64992,-0.64718,534.1
quat5,0.00000,0.00000,0.00000,-1.00000,534.1
quat6,0.00000,0.00000,0.00000,-1.00000,534.1
quat7,0.00000,0.00000,0.00000,-1.00000,534.1
quat8,0.00000,0.00000,0.00000,-1.00000,534.1
quat0,-0.70549,-0.65939,0.12200,0.22937,534.12
quat1,0.16076,-0.31544,-0.13263,0.92578,534.12
quat2,-0.26780,0.36690,-0.09839,-0.88543,534.12
quat3,-0.90411,0.15118,0.39001,-0.08729,534.12
quat4,-0.38915,-0.02203,0.64541,-0.65691,534.12
quat5,0.00000,0.00000,0.00000,-1.00000,534.12
quat6,0.00000,0.00000,0.00000,-1.00000,534.12
quat7,0.00000,0.00000,0.00000,-1.00000,534.12
quat8,0.00000,0.00000,0.00000,-1.00000,534.12
quat0,-0.71058,-0.65718,0.11132,0.22540,534.14
quat1,0.15528,-0.31279,-0.13980,0.92656,534.14
quat2,-0.26994,0.36350,-0.09786,-0.88624,534.14
quat3,-0.90359,0.13778,0.39381,-0.09725,534.14
quat4,-0.37557,-0.03567,0.63718,-0.67207,534.14
quat5,0.00000,0.00000,0.00000,-1.00000,534.14
quat6,0.00000,0.00000,0.00000,-1.00000,534.14
quat7,0.00000,0.00000,0.00000,-1.00000,534.14
quat8,0.00000,0.00000,0.00000,-1.00000,534.14
quat0,-0.71811,-0.65144,0.10147,0.22282,534.16
quat1,0.14783,-0.30795,-0.14939,0.92790,534.16
quat2,-0.27269,0.35823,-0.09767,-0.88757,534.16
quat3,-0.90264,0.11964,0.39735,-0.11418,534.16
quat4,-0.35921,-0.05392,0.62446,-0.69145,534.16
quat5,0.00000,0.00000,0.00000,-1.00000,534.16
quat6,0.00000,0.00000,0.00000,-1.00000,534.16
quat7,0.00000,0.00000,0.00000,-1.00000,534.16
quat8,0.00000,0.00000,0.00000,-1.00000,534.16
quat0,-0.72697,-0.64466,0.08832,0.21940,534.18
quat1,0.13709,-0.30082,-0.16083,0.92997,534.18
quat2,-0.27714,0.34843,-0.09890,-0.88995,534.18
quat3,-0.90092,0.09828,0.39939,-0.13847,534.18
quat4,-0.34116,-0.07596,0.60680,-0.71389,534.18
quat5,0.00000,0.00000,0.00000,-1.00000,534.18
quat6,0.00000,0.00000,0.00000,-1.00000,534.18
quat7,0.00000,0.00000,0.00000,-1.00000,534.18
quat8,0.00000,0.00000,0.00000,-1.00000,534.18
quat0,-0.73650,-0.63662,0.07369,0.21645,534.2
quat1,0.12306,-0.29126,-0.17385,0.93263,534.2
quat2,-0.28253,0.33318,-0.10189,-0.89375,534.2
quat3,-0.89777,0.07511,0.39932,-0.17003,534.2
quat4,-0.32214,-0.10054,0.58494,-0.73754,534.2
quat5,0.00000,0.00000,0.00000,-1.00000,534.2
quat6,0.00000,0.00000,0.00000,-1.00000,534.2
quat7,0.00000,0.00000,0.00000,-1.00000,534.2
quat8,0.00000,0.00000,0.00000,-1.00000,534.2
quat0,-0.74780,-0.62666,0.05754,0.21164,534.22
quat1,0.10548,-0.27993,-0.18739,0.93563,534.22
quat2,-0.28846,0.31516,-0.10706,-0.89778,534.22
quat3,-0.89298,0.05077,0.39581,-0.20820,534.22
quat4,-0.30198,-0.12800,0.55955,-0.76114,534.22
quat5,0.00000,0.00000,0.00000,-1.00000,534.22
quat6,0.00000,0.00000,0.00000,-1.00000,534.22
quat7,0.00000,0.00000,0.00000,-1.00000,534.22
quat8,0.00000,0.00000,0.00000,-1.00000,534.22
quat0,-0.75865,-0.61638,0.04105,0.20699,534.24
quat1,0.08576,-0.26821,-0.20107,0.93823,534.24
quat2,-0.29496,0.29822,-0.11474,-0.90050,534.24
quat3,-0.88591,0.02549,0.38833,-0.25241,534.24
quat4,-0.28055,-0.15938,0.53175,-0.78303,534.24
quat5,0.00000,0.00000,0.00000,-1.00000,534.24
quat6,0.00000,0.00000,0.00000,-1.00000,534.24
quat7,0.00000,0.00000,0.00000,-1.00000,534.24
quat8,0.00000,0.00000,0.00000,-1.00000,534.24
quat0,-0.77117,-0.60391,0.02396,0.20005,534.26
quat1,0.06426,-0.25657,-0.21422,0.94029,534.26
quat2,-0.30140,0.28501,-0.12336,-0.90151,534.26
quat3,-0.87610,-0.00023,0.37580,-0.30202,534.26
quat4,-0.25798,-0.19663,0.50189,-0.80180,534.26
quat5,0.00000,0.00000,0.00000,-1.00000,534.26
quat6,0.00000,0.00000,0.00000,-1.00000,534.26
quat7,0.00000,0.00000,0.00000,-1.00000,534.26
quat8,0.00000,0.00000,0.00000,-1.00000,534.26
quat0,-0.78088,-0.59530,0.00615,0.18921,534.28
quat1,0.04062,-0.24474,-0.22806,0.94151,534.28
quat2,-0.30713,0.27437,-0.13201,-0.90165,534.28
quat3,-0.86334,-0.02596,0.35809,-0.35460,534.28
quat4,-0.23385,-0.24235,0.47122,-0.81519,534.28
quat5,0.00000,0.00000,0.00000,-1.00000,534.28
quat6,0.00000,0.00000,0.00000,-1.00000,534.28
quat7,0.00000,0.00000,0.00000,-1.00000,534.28
quat8,0.00000,0.00000,0.00000,-1.00000,534.28
quat0,-0.79119,-0.58596,-0.01311,0.17462,534.3
quat1,0.01501,-0.23288,-0.24332,0.94145,534.3
quat2,-0.31157,0.26328,-0.13991,-0.90224,534.3
quat3,-0.84711,-0.05117,0.33599,-0.40853,534.3
quat4,-0.20949,-0.29460,0.43934,-0.82238,534.3
quat5,0.00000,0.00000,0.00000,-1.00000,534.3
quat6,0.00000,0.00000,0.00000,-1.00000,534.3
quat7,0.00000,0.00000,0.00000,-1.00000,534.3
quat8,0.00000,0.00000,0.00000,-1.00000,534.3
quat0,-0.79816,-0.58007,-0.03255,0.15940,534.32
quat1,-0.01110,-0.22184,-0.26191,0.93918,534.32
quat2,-0.31403,0.25032,-0.14666,-0.90400,534.32
quat3,-0.82760,-0.07393,0.31091,-0.46146,534.32
quat4,-0.18734,-0.34875,0.40417,-0.82458,534.32
quat5,0.00000,0.00000,0.00000,-1.00000,534.32
quat6,0.00000,0.00000,0.00000,-1.00000,534.32
quat7,0.00000,0.00000,0.00000,-1.00000,534.32
quat8,0.00000,0.00000,0.00000,-1.00000,534.32
quat0,-0.80639,-0.57165,-0.05457,0.14134,534.34
quat1,-0.03581,-0.21119,-0.28372,0.93468,534.34
quat2,-0.31400,0.23645,-0.15100,-0.90702,534.34
quat3,-0.80387,-0.09319,0.28682,-0.51267,534.34
quat4,-0.16946,-0.39783,0.36676,-0.82372,534.34
quat5,0.00000,0.00000,0.00000,-1.00000,534.34
quat6,0.00000,0.00000,0.00000,-1.00000,534.34
quat7,0.00000,0.00000,0.00000,-1.00000,534.34
quat8,0.00000,0.00000,0.00000,-1.00000,534.34
quat0,-0.80595,-0.57346,-0.07559,0.12602,534.36
quat1,-0.06133,-0.19808,-0.30869,0.92829,534.36
quat2,-0.31078,0.22169,-0.15364,-0.91141,534.36
quat3,-0.77572,-0.11122,0.26624,-0.56125,534.36
quat4,-0.15440,-0.43614,0.32965,-0.82296,534.36
quat5,0.00000,0.00000,0.00000,-1.00000,534.36
quat6,0.00000,0.00000,0.00000,-1.00000,534.36
quat7,0.00000,0.00000,0.00000,-1.00000,534.36
quat8,0.00000,0.00000,0.00000,-1.00000,534.36
quat0,-0.80608,-0.57276,-0.09866,0.11160,534.38
quat1,-0.08731,-0.18209,-0.33647,0.91979,534.38
quat2,-0.30423,0.20498,-0.15425,-0.91741,534.38
quat3,-0.74414,-0.12687,0.24969,-0.60647,534.38
quat4,-0.14000,-0.45854,0.29462,-0.82665,534.38
quat5,0.00000,0.00000,0.00000,-1.00000,534.38
quat6,0.00000,0.00000,0.00000,-1.00000,534.38
quat7,0.00000,0.00000,0.00000,-1.00000,534.38
quat8,0.00000,0.00000,0.00000,-1.00000,534.38
quat0,-0.80468,-0.57319,-0.11786,0.10029,534.4
quat1,-0.11402,-0.16380,-0.36669,0.90869,534.4
quat2,-0.29418,0.18560,-0.15199,-0.92515,534.4
quat3,-0.70935,-0.14269,0.23600,-0.64867,534.4
quat4,-0.12338,-0.46706,0.26227,-0.83537,534.4
quat5,0.00000,0.00000,0.00000,-1.00000,534.4
quat6,0.00000,0.00000,0.00000,-1.00000,534.4
quat7,0.00000,0.00000,0.00000,-1.00000,534.4
quat8,0.00000,0.00000,0.00000,-1.00000,534.4
quat0,-0.80005,-0.57616,-0.14176,0.08861,534.42
quat1,-0.14146,-0.14315,-0.39937,0.89443,534.42
quat2,-0.28088,0.16465,-0.14685,-0.93404,534.42
quat3,-0.66997,-0.16360,0.22584,-0.68802,534.42
quat4,-0.10241,-0.47091,0.23453,-0.84425,534.42
quat5,0.00000,0.00000,0.00000,-1.00000,534.42
quat6,0.00000,0.00000,0.00000,-1.00000,534.42
quat7,0.00000,0.00000,0.00000,-1.00000,534.42
quat8,0.00000,0.00000,0.00000,-1.00000,534.42
quat0,-0.79485,-0.57978,-0.16455,0.07070,534.44
quat1,-0.16964,-0.12145,-0.43434,0.87625,534.44
quat2,-0.26393,0.14447,-0.13847,-0.94355,534.44
quat3,-0.62732,-0.19050,0.21770,-0.72304,534.44
quat4,-0.07631,-0.47526,0.21183,-0.85055,534.44
quat5,0.00000,0.00000,0.00000,-1.00000,534.44
quat6,0.00000,0.00000,0.00000,-1.00000,534.44
quat7,0.00000,0.00000,0.00000,-1.00000,534.44
quat8,0.00000,0.00000,0.00000,-1.00000,534.44
quat0,-0.78733,-0.58551,-0.18461,0.05665,534.46
quat1,-0.19730,-0.09972,-0.47160,0.85365,534.46
quat2,-0.24363,0.12523,-0.12538,-0.95354,534.46
quat3,-0.58305,-0.22233,0.21041,-0.75256,534.46
quat4,-0.04625,-0.48401,0.19354,-0.85213,534.46
quat5,0.00000,0.00000,0.00000,-1.00000,534.46
quat6,0.00000,0.00000,0.00000,-1.00000,534.46
quat7,0.00000,0.00000,0.00000,-1.00000,534.46
quat8,0.00000,0.00000,0.00000,-1.00000,534.46
quat0,-0.78049,-0.58948,-0.20331,0.04491,534.48
quat1,-0.22453,-0.07901,-0.51031,0.82640,534.48
quat2,-0.22040,0.10653,-0.10597,-0.96377,534.48
quat3,-0.53764,-0.25711,0.20359,-0.77678,534.48
quat4,-0.01339,-0.50084,0.17811,-0.84691,534.48
quat5,0.00000,0.00000,0.00000,-1.00000,534.48
quat6,0.00000,0.00000,0.00000,-1.00000,534.48
quat7,0.00000,0.00000,0.00000,-1.00000,534.48
quat8,0.00000,0.00000,0.00000,-1.00000,534.48
quat0,-0.76995,-0.59792,-0.22026,0.03401,534.5
quat1,-0.24971,-0.06158,-0.54946,0.79495,534.5
quat2,-0.19478,0.09050,-0.08115,-0.97329,534.5
quat3,-0.49061,-0.29336,0.19732,-0.79643,534.5
quat4,0.01986,-0.52304,0.16543,-0.83586,534.5
quat5,0.00000,0.00000,0.00000,-1.00000,534.5
quat6,0.00000,0.00000,0.00000,-1.00000,534.5
quat7,0.00000,0.00000,0.00000,-1.00000,534.5
quat8,0.00000,0.00000,0.00000,-1.00000,534.5
quat0,-0.76100,-0.60479,-0.23365,0.02291,534.52
quat1,-0.27131,-0.04363,-0.58888,0.76007,534.52
quat2,-0.16690,0.07977,-0.05187,-0.98137,534.52
quat3,-0.44348,-0.32932,0.19075,-0.81147,534.52
quat4,0.05158,-0.54419,0.15435,-0.82303,534.52
quat5,0.00000,0.00000,0.00000,-1.00000,534.52
quat6,0.00000,0.00000,0.00000,-1.00000,534.52
quat7,0.00000,0.00000,0.00000,-1.00000,534.52
quat8,0.00000,0.00000,0.00000,-1.00000,534.52
quat0,-0.75087,-0.61253,-0.24654,0.01477,534.54
quat1,-0.29040,-0.02586,-0.62751,0.72196,534.54
quat2,-0.13845,0.07182,-0.01713,-0.98761,534.54
quat3,-0.39925,-0.35961,0.18207,-0.82349,534.54
quat4,0.07918,-0.56243,0.14544,-0.81009,534.54
quat5,0.00000,0.00000,0.00000,-1.00000,534.54
quat6,0.00000,0.00000,0.00000,-1.00000,534.54
quat7,0.00000,0.00000,0.00000,-1.00000,534.54
quat8,0.00000,0.00000,0.00000,-1.00000,534.54
quat0,-0.73764,-0.62188,-0.26296,0.00276,534.56
quat1,-0.30903,-0.00665,-0.66385,0.68100,534.56
quat2,-0.11081,0.06389,0.02174,-0.99155,534.56
quat3,-0.35738,-0.38190,0.17405,-0.83435,534.56
quat4,0.10111,-0.57955,0.13666,-0.79701,534.56
quat5,0.00000,0.00000,0.00000,-1.00000,534.56
quat6,0.00000,0.00000,0.00000,-1.00000,534.56
quat7,0.00000,0.00000,0.00000,-1.00000,534.56
quat8,0.00000,0.00000,0.00000,-1.00000,534.56
quat0,-0.72317,-0.63086,-0.28096,-0.00984,534.58
quat1,-0.32710,0.01348,-0.69756,0.63737,534.58
quat2,-0.08451,0.05370,0.06442,-0.99289,534.58
quat3,-0.31655,-0.39889,0.17053,-0.84356,534.58
quat4,0.11749,-0.59699,0.12823,-0.78317,534.58
quat5,0.00000,0.00000,0.00000,-1.00000,534.58
quat6,0.00000,0.00000,0.00000,-1.00000,534.58
quat7,0.00000,0.00000,0.00000,-1.00000,534.58
quat8,0.00000,0.00000,0.00000,-1.00000,534.58
quat0,-0.70395,-0.64683,-0.29258,-0.02181,534.6
quat1,-0.34341,0.03248,-0.72814,0.59231,534.6
quat2,-0.05858,0.03968,0.10934,-0.99148,534.6
quat3,-0.27835,-0.41508,0.17057,-0.84920,534.6
quat4,0.13015,-0.61356,0.12029,-0.76950,534.6
quat5,0.00000,0.00000,0.00000,-1.00000,534.6
quat6,0.00000,0.00000,0.00000,-1.00000,534.6
quat7,0.00000,0.00000,0.00000,-1.00000,534.6
quat8,0.00000,0.00000,0.00000,-1.00000,534.6
quat0,-0.68215,-0.66301,-0.30699,-0.02893,534.62
quat1,-0.35689,0.04977,-0.75591,0.54659,534.62
quat2,-0.03298,0.02286,0.15470,-0.98715,534.62
quat3,-0.24216,-0.43798,0.17225,-0.84845,534.62
quat4,0.14112,-0.62798,0.11404,-0.75678,534.62
quat5,0.00000,0.00000,0.00000,-1.00000,534.62
quat6,0.00000,0.00000,0.00000,-1.00000,534.62
quat7,0.00000,0.00000,0.00000,-1.00000,534.62
quat8,0.00000,0.00000,0.00000,-1.00000,534.62
quat0,-0.65940,-0.67952,-0.31971,-0.03523,534.64
quat1,-0.36745,0.06598,-0.78113,0.50047,534.64
quat2,-0.00866,0.00438,0.19982,-0.97978,534.64
quat3,-0.20723,-0.46771,0.17331,-0.84159,534.64
quat4,0.15051,-0.64154,0.10801,-0.74438,534.64
quat5,0.00000,0.00000,0.00000,-1.00000,534.64
quat6,0.00000,0.00000,0.00000,-1.00000,534.64
quat7,0.00000,0.00000,0.00000,-1.00000,534.64
quat8,0.00000,0.00000,0.00000,-1.00000,534.64
quat0,-0.63748,-0.69712,-0.32624,-0.03466,534.66
quat1,-0.37545,0.08148,-0.80346,0.45480,534.66
quat2,0.01429,-0.01521,0.24400,-0.96955,534.66
quat3,-0.17342,-0.49978,0.17372,-0.83064,534.66
quat4,0.15872,-0.65597,0.10146,-0.73090,534.66
quat5,0.00000,0.00000,0.00000,-1.00000,534.66
quat6,0.00000,0.00000,0.00000,-1.00000,534.66
quat7,0.00000,0.00000,0.00000,-1.00000,534.66
quat8,0.00000,0.00000,0.00000,-1.00000,534.66
quat0,-0.61644,-0.71159,-0.33496,-0.03797,534.68
quat1,-0.38024,0.09578,-0.82345,0.41009,534.68
quat2,0.03521,-0.03598,0.28657,-0.95674,534.68
quat3,-0.14069,-0.52732,0.17368,-0.81975,534.68
quat4,0.16552,-0.67355,0.09273,-0.71438,534.68
quat5,0.00000,0.00000,0.00000,-1.00000,534.68
quat6,0.00000,0.00000,0.00000,-1.00000,534.68
quat7,0.00000,0.00000,0.00000,-1.00000,534.68
quat8,0.00000,0.00000,0.00000,-1.00000,534.68
quat0,-0.59527,-0.72910,-0.33556,-0.03831,534.7
quat1,-0.38470,0.10858,-0.84033,0.36613,534.7
quat2,0.05430,-0.05836,0.32663,-0.94178,534.7
quat3,-0.10842,-0.54953,0.17352,-0.81003,534.7
quat4,0.17014,-0.69365,0.08172,-0.69515,534.7
quat5,0.00000,0.00000,0.00000,-1.00000,534.7
quat6,0.00000,0.00000,0.00000,-1.00000,534.7
quat7,0.00000,0.00000,0.00000,-1.00000,534.7
quat8,0.00000,0.00000,0.00000,-1.00000,534.7
quat0,-0.57706,-0.74235,-0.33781,-0.04255,534.72
quat1,-0.38836,0.12036,-0.85447,0.32337,534.72
quat2,0.07228,-0.08287,0.36374,-0.92499,534.72
quat3,-0.07526,-0.56846,0.17420,-0.80052,534.72
quat4,0.17311,-0.71075,0.06940,-0.67828,534.72
quat5,0.00000,0.00000,0.00000,-1.00000,534.72
quat6,0.00000,0.00000,0.00000,-1.00000,534.72
quat7,0.00000,0.00000,0.00000,-1.00000,534.72
quat8,0.00000,0.00000,0.00000,-1.00000,534.72
quat0,-0.56020,-0.75637,-0.33566,-0.03744,534.74
quat1,-0.38974,0.13106,-0.86685,0.28195,534.74
quat2,0.08979,-0.11039,0.39790,-0.90633,534.74
quat3,-0.04303,-0.58195,0.17627,-0.79272,534.74
quat4,0.17627,-0.72090,0.05704,-0.66782,534.74
quat5,0.00000,0.00000,0.00000,-1.00000,534.74
quat6,0.00000,0.00000,0.00000,-1.00000,534.74
quat7,0.00000,0.00000,0.00000,-1.00000,534.74
quat8,0.00000,0.00000,0.00000,-1.00000,534.74
quat0,-0.54395,-0.76734,-0.33758,-0.03685,534.76
quat1,-0.38822,0.14132,-0.87769,0.24286,534.76
quat2,0.10706,-0.14112,0.42894,-0.88579,534.76
quat3,-0.01401,-0.58700,0.17839,-0.78957,534.76
quat4,0.18257,-0.72306,0.04473,-0.66471,534.76
quat5,0.00000,0.00000,0.00000,-1.00000,534.76
quat6,0.00000,0.00000,0.00000,-1.00000,534.76
quat7,0.00000,0.00000,0.00000,-1.00000,534.76
quat8,0.00000,0.00000,0.00000,-1.00000,534.76
quat0,-0.53032,-0.77906,-0.33313,-0.02923,534.78
quat1,-0.38427,0.15216,-0.88676,0.20700,534.78
quat2,0.12364,-0.17357,0.45666,-0.86374,534.78
quat3,0.01085,-0.58521,0.18270,-0.78996,534.78
quat4,0.19303,-0.71587,0.03372,-0.67017,534.78
quat5,0.00000,0.00000,0.00000,-1.00000,534.78
quat6,0.00000,0.00000,0.00000,-1.00000,534.78
quat7,0.00000,0.00000,0.00000,-1.00000,534.78
quat8,0.00000,0.00000,0.00000,-1.00000,534.78
quat0,-0.51931,-0.78587,-0.33468,-0.02689,534.8
quat1,-0.37803,0.16239,-0.89438,0.17554,534.8
quat2,0.13883,-0.20579,0.48016,-0.84132,534.8
quat3,0.02891,-0.58007,0.18519,-0.79271,534.8
quat4,0.20718,-0.70112,0.02438,-0.68184,534.8
quat5,0.00000,0.00000,0.00000,-1.00000,534.8
quat6,0.00000,0.00000,0.00000,-1.00000,534.8
quat7,0.00000,0.00000,0.00000,-1.00000,534.8
quat8,0.00000,0.00000,0.00000,-1.00000,534.8
quat0,-0.51141,-0.79293,-0.33045,-0.02307,534.82
quat1,-0.37223,0.17017,-0.90033,0.14796,534.82
quat2,0.15100,-0.23448,0.49821,-0.82098,534.82
quat3,0.04458,-0.57409,0.18909,-0.79541,534.82
quat4,0.22236,-0.68675,0.01718,-0.69183,534.82
quat5,0.00000,0.00000,0.00000,-1.00000,534.82
quat6,0.00000,0.00000,0.00000,-1.00000,534.82
quat7,0.00000,0.00000,0.00000,-1.00000,534.82
quat8,0.00000,0.00000,0.00000,-1.00000,534.82
quat0,-0.50933,-0.79559,-0.32764,-0.01629,534.84
quat1,-0.36659,0.17582,-0.90501,0.12509,534.84
quat2,0.15781,-0.25761,0.51075,-0.80490,534.84
quat3,0.05737,-0.56791,0.19372,-0.79791,534.84
quat4,0.23619,-0.67904,0.01103,-0.69498,534.84
quat5,0.00000,0.00000,0.00000,-1.00000,534.84
quat6,0.00000,0.00000,0.00000,-1.00000,534.84
quat7,0.00000,0.00000,0.00000,-1.00000,534.84
quat8,0.00000,0.00000,0.00000,-1.00000,534.84
quat0,-0.50353,-0.80011,-0.32576,-0.01317,534.86
quat1,-0.36004,0.17888,-0.90917,0.10856,534.86
quat2,0.15788,-0.27436,0.51849,-0.79433,534.86
quat3,0.06598,-0.56419,0.19732,-0.79900,534.86
quat4,0.24692,-0.67821,0.00587,-0.69211,534.86
quat5,0.00000,0.00000,0.00000,-1.00000,534.86
quat6,0.00000,0.00000,0.00000,-1.00000,534.86
quat7,0.00000,0.00000,0.00000,-1.00000,534.86
quat8,0.00000,0.00000,0.00000,-1.00000,534.86
quat0,-0.50630,-0.79971,-0.32262,-0.00657,534.88
quat1,-0.35353,0.17859,-0.91290,0.09867,534.88
quat2,0.15163,-0.28533,0.52132,-0.78982,534.88
quat3,0.07169,-0.56320,0.20110,-0.79827,534.88
quat4,0.25464,-0.68092,0.00252,-0.68666,534.88
quat5,0.00000,0.00000,0.00000,-1.00000,534.88
quat6,0.00000,0.00000,0.00000,-1.00000,534.88
quat7,0.00000,0.00000,0.00000,-1.00000,534.88
quat8,0.00000,0.00000,0.00000,-1.00000,534.88
quat0,-0.50779,-0.79893,-0.32225,-0.00315,534.9
quat1,-0.34676,0.17454,-0.91651,0.09642,534.9
quat2,0.14084,-0.29066,0.51930,-0.79121,534.9
quat3,0.07343,-0.56299,0.20467,-0.79735,534.9
quat4,0.25986,-0.68300,0.00240,-0.68263,534.9
quat5,0.00000,0.00000,0.00000,-1.00000,534.9
quat6,0.00000,0.00000,0.00000,-1.00000,534.9
quat7,0.00000,0.00000,0.00000,-1.00000,534.9
quat8,0.00000,0.00000,0.00000,-1.00000,534.9
quat0,-0.51381,-0.79510,-0.32221,0.00141,534.92
quat1,-0.33929,0.16850,-0.91981,0.10217,534.92
quat2,0.12834,-0.29293,0.51243,-0.79696,534.92
quat3,0.07115,-0.56261,0.20854,-0.79682,534.92
quat4,0.26302,-0.68283,0.00577,-0.68156,534.92
quat5,0.00000,0.00000,0.00000,-1.00000,534.92
quat6,0.00000,0.00000,0.00000,-1.00000,534.92
quat7,0.00000,0.00000,0.00000,-1.00000,534.92
quat8,0.00000,0.00000,0.00000,-1.00000,534.92
quat0,-0.52094,-0.79095,-0.32095,0.00395,534.94
quat1,-0.33219,0.16117,-0.92207,0.11599,534.94
quat2,0.11528,-0.29243,0.50074,-0.80651,534.94
quat3,0.06558,-0.56251,0.21309,-0.79616,534.94
quat4,0.26423,-0.68088,0.01220,-0.68296,534.94
quat5,0.00000,0.00000,0.00000,-1.00000,534.94
quat6,0.00000,0.00000,0.00000,-1.00000,534.94
quat7,0.00000,0.00000,0.00000,-1.00000,534.94
quat8,0.00000,0.00000,0.00000,-1.00000,534.94
quat0,-0.53176,-0.78491,-0.31799,0.00498,534.96
quat1,-0.32593,0.15215,-0.92291,0.13728,534.96
quat2,0.10170,-0.28745,0.48483,-0.81974,534.96
quat3,0.05629,-0.56180,0.21752,-0.79618,534.96
quat4,0.26408,-0.67929,0.02039,-0.68440,534.96
quat5,0.00000,0.00000,0.00000,-1.00000,534.96
quat6,0.00000,0.00000,0.00000,-1.00000,534.96
quat7,0.00000,0.00000,0.00000,-1.00000,534.96
quat8,0.00000,0.00000,0.00000,-1.00000,534.96
quat0,-0.54540,-0.77664,-0.31515,0.00771,534.98
quat1,-0.32212,0.14180,-0.92132,0.16524,534.98
quat2,0.08870,-0.27811,0.46468,-0.83598,534.98
quat3,0.04415,-0.56099,0.22123,-0.79650,534.98
quat4,0.26292,-0.67978,0.02957,-0.68403,534.98
quat5,0.00000,0.00000,0.00000,-1.00000,534.98
quat6,0.00000,0.00000,0.00000,-1.00000,534.98
quat7,0.00000,0.00000,0.00000,-1.00000,534.98
quat8,0.00000,0.00000,0.00000,-1.00000,534.98
quat0,-0.55995,-0.76703,-0.31312,0.00933,535
quat1,-0.32023,0.13147,-0.91673,0.19941,535
quat2,0.07642,-0.26424,0.44063,-0.85451,535
quat3,0.03016,-0.56081,0.22456,-0.79634,535
quat4,0.26006,-0.68172,0.03949,-0.68269,535
quat5,0.00000,0.00000,0.00000,-1.00000,535
quat6,0.00000,0.00000,0.00000,-1.00000,535
quat7,0.00000,0.00000,0.00000,-1.00000,535
quat8,0.00000,0.00000,0.00000,-1.00000,535
quat0,-0.57516,-0.75559,-0.31331,0.01038,535.02
quat1,-0.31982,0.12187,-0.90853,0.23966,535.02
quat2,0.06447,-0.24590,0.41353,-0.87428,535.02
quat3,0.01370,-0.56017,0.22750,-0.79641,535.02
quat4,0.25551,-0.68263,0.05045,-0.68278,535.02
quat5,0.00000,0.00000,0.00000,-1.00000,535.02
quat6,0.00000,0.00000,0.00000,-1.00000,535.02
quat7,0.00000,0.00000,0.00000,-1.00000,535.02
quat8,0.00000,0.00000,0.00000,-1.00000,535.02
quat0,-0.59077,-0.74383,-0.31232,0.01295,535.04
quat1,-0.32130,0.11202,-0.89626,0.28448,535.04
quat2,0.05194,-0.22222,0.38387,-0.89474,535.04
quat3,-0.00513,-0.55729,0.23045,-0.79768,535.04
quat4,0.24924,-0.68155,0.06273,-0.68515,535.04
quat5,0.00000,0.00000,0.00000,-1.00000,535.04
quat6,0.00000,0.00000,0.00000,-1.00000,535.04
quat7,0.00000,0.00000,0.00000,-1.00000,535.04
quat8,0.00000,0.00000,0.00000,-1.00000,535.04
quat0,-0.60688,-0.73012,-0.31373,0.01412,535.06
quat1,-0.32407,0.10095,-0.87967,0.33312,535.06
quat2,0.03900,-0.19276,0.35221,-0.91503,535.06
quat3,-0.02642,-0.55266,0.23175,-0.80010,535.06
quat4,0.24115,-0.68170,0.07556,-0.68660,535.06
quat5,0.00000,0.00000,0.00000,-1.00000,535.06
quat6,0.00000,0.00000,0.00000,-1.00000,535.06
quat7,0.00000,0.00000,0.00000,-1.00000,535.06
quat8,0.00000,0.00000,0.00000,-1.00000,535.06
quat0,-0.62503,-0.71391,-0.31526,0.01681,535.08
quat1,-0.32822,0.08989,-0.85841,0.38383,535.08
quat2,0.02755,-0.15992,0.31849,-0.93393,535.08
quat3,-0.04990,-0.54630,0.23161,-0.80338,535.08
quat4,0.23100,-0.68386,0.08919,-0.68631,535.08
quat5,0.00000,0.00000,0.00000,-1.00000,535.08
quat6,0.00000,0.00000,0.00000,-1.00000,535.08
quat7,0.00000,0.00000,0.00000,-1.00000,535.08
quat8,0.00000,0.00000,0.00000,-1.00000,535.08
quat0,-0.64412,-0.69658,-0.31508,0.02450,535.1
quat1,-0.33283,0.08373,-0.83249,0.43495,535.1
quat2,0.02065,-0.12540,0.28348,-0.95052,535.1
quat3,-0.07507,-0.53818,0.23101,-0.80707,535.1
quat4,0.21938,-0.68578,0.10286,-0.68629,535.1
quat5,0.00000,0.00000,0.00000,-1.00000,535.1
quat6,0.00000,0.00000,0.00000,-1.00000,535.1
quat7,0.00000,0.00000,0.00000,-1.00000,535.1
quat8,0.00000,0.00000,0.00000,-1.00000,535.1
quat0,-0.66177,-0.67986,-0.31404,0.03501,535.12
quat1,-0.33566,0.08123,-0.80325,0.48531,535.12
quat2,0.01699,-0.09275,0.24806,-0.96415,535.12
quat3,-0.10250,-0.52943,0.22942,-0.81029,535.12
quat4,0.20697,-0.68546,0.11707,-0.68819,535.12
quat5,0.00000,0.00000,0.00000,-1.00000,535.12
quat6,0.00000,0.00000,0.00000,-1.00000,535.12
quat7,0.00000,0.00000,0.00000,-1.00000,535.12
quat8,0.00000,0.00000,0.00000,-1.00000,535.12
quat0,-0.67960,-0.66353,-0.30948,0.04561,535.14
quat1,-0.33615,0.07916,-0.77131,0.53462,535.14
quat2,0.01281,-0.06153,0.21071,-0.97553,535.14
quat3,-0.13189,-0.51967,0.22716,-0.81299,535.14
quat4,0.19424,-0.68359,0.13071,-0.69130,535.14
quat5,0.00000,0.00000,0.00000,-1.00000,535.14
quat6,0.00000,0.00000,0.00000,-1.00000,535.14
quat7,0.00000,0.00000,0.00000,-1.00000,535.14
quat8,0.00000,0.00000,0.00000,-1.00000,535.14
quat0,-0.69600,-0.64879,-0.30296,0.05351,535.16
quat1,-0.33288,0.07518,-0.73804,0.58209,535.16
quat2,0.00817,-0.03099,0.17193,-0.98459,535.16
quat3,-0.16405,-0.50965,0.22359,-0.81447,535.16
quat4,0.18120,-0.68204,0.14378,-0.69377,535.16
quat5,0.00000,0.00000,0.00000,-1.00000,535.16
quat6,0.00000,0.00000,0.00000,-1.00000,535.16
quat7,0.00000,0.00000,0.00000,-1.00000,535.16
quat8,0.00000,0.00000,0.00000,-1.00000,535.16
quat0,-0.71094,-0.63479,-0.29515,0.06703,535.18
quat1,-0.32622,0.07217,-0.70370,0.62703,535.18
quat2,0.00255,-0.00374,0.13375,-0.99100,535.18
quat3,-0.19897,-0.49954,0.22003,-0.81392,535.18
quat4,0.16815,-0.68125,0.15575,-0.69524,535.18
quat5,0.00000,0.00000,0.00000,-1.00000,535.18
quat6,0.00000,0.00000,0.00000,-1.00000,535.18
quat7,0.00000,0.00000,0.00000,-1.00000,535.18
quat8,0.00000,0.00000,0.00000,-1.00000,535.18
quat0,-0.72628,-0.62125,-0.28425,0.07595,535.2
quat1,-0.31748,0.07019,-0.66802,0.66935,535.2
quat2,-0.00432,0.01745,0.09663,-0.99516,535.2
quat3,-0.23753,-0.48723,0.21665,-0.81195,535.2
quat4,0.15451,-0.67935,0.16806,-0.69740,535.2
quat5,0.00000,0.00000,0.00000,-1.00000,535.2
quat6,0.00000,0.00000,0.00000,-1.00000,535.2
quat7,0.00000,0.00000,0.00000,-1.00000,535.2
quat8,0.00000,0.00000,0.00000,-1.00000,535.2
quat0,-0.73937,-0.61022,-0.27046,0.08845,535.22
quat1,-0.30582,0.06969,-0.63130,0.70928,535.22
quat2,-0.01324,0.03074,0.06237,-0.99749,535.22
quat3,-0.27955,-0.47272,0.21383,-0.80788,535.22
quat4,0.13925,-0.67529,0.18083,-0.70135,535.22
quat5,0.00000,0.00000,0.00000,-1.00000,535.22
quat6,0.00000,0.00000,0.00000,-1.00000,535.22
quat7,0.00000,0.00000,0.00000,-1.00000,535.22
quat8,0.00000,0.00000,0.00000,-1.00000,535.22
quat0,-0.75002,-0.60069,-0.25920,0.09721,535.24
quat1,-0.28988,0.06874,-0.59385,0.74738,535.24
quat2,-0.02425,0.04012,0.03110,-0.99842,535.24
quat3,-0.32455,-0.45568,0.21200,-0.80130,535.24
quat4,0.12053,-0.66755,0.19481,-0.70845,535.24
quat5,0.00000,0.00000,0.00000,-1.00000,535.24
quat6,0.00000,0.00000,0.00000,-1.00000,535.24
quat7,0.00000,0.00000,0.00000,-1.00000,535.24
quat8,0.00000,0.00000,0.00000,-1.00000,535.24
quat0,-0.75940,-0.59246,-0.24635,0.10779,535.26
quat1,-0.27007,0.06490,-0.55786,0.78208,535.26
quat2,-0.03756,0.05028,0.00137,-0.99803,535.26
quat3,-0.37207,-0.43611,0.21106,-0.79172,535.26
quat4,0.09857,-0.65711,0.20980,-0.71727,535.26
quat5,0.00000,0.00000,0.00000,-1.00000,535.26
quat6,0.00000,0.00000,0.00000,-1.00000,535.26
quat7,0.00000,0.00000,0.00000,-1.00000,535.26
quat8,0.00000,0.00000,0.00000,-1.00000,535.26
quat0,-0.76758,-0.58523,-0.23048,0.12330,535.28
quat1,-0.24696,0.05817,-0.52349,0.81338,535.28
quat2,-0.05312,0.06092,-0.02722,-0.99636,535.28
quat3,-0.42134,-0.41434,0.21140,-0.77853,535.28
quat4,0.07319,-0.64516,0.22713,-0.72583,535.28
quat5,0.00000,0.00000,0.00000,-1.00000,535.28
quat6,0.00000,0.00000,0.00000,-1.00000,535.28
quat7,0.00000,0.00000,0.00000,-1.00000,535.28
quat8,0.00000,0.00000,0.00000,-1.00000,535.28
quat0,-0.77547,-0.57863,-0.21355,0.13499,535.3
quat1,-0.22113,0.04938,-0.49018,0.84166,535.3
quat2,-0.07070,0.07266,-0.05179,-0.99350,535.3
quat3,-0.47099,-0.39053,0.21264,-0.76186,535.3
quat4,0.04408,-0.63328,0.24628,-0.73237,535.3
quat5,0.00000,0.00000,0.00000,-1.00000,535.3
quat6,0.00000,0.00000,0.00000,-1.00000,535.3
quat7,0.00000,0.00000,0.00000,-1.00000,535.3
quat8,0.00000,0.00000,0.00000,-1.00000,535.3
quat0,-0.78125,-0.57407,-0.19415,0.14963,535.32
quat1,-0.19214,0.04162,-0.45628,0.86785,535.32
quat2,-0.08977,0.08526,-0.07172,-0.98971,535.32
quat3,-0.52147,-0.36308,0.21371,-0.74200,535.32
quat4,0.01170,-0.62141,0.26881,-0.73583,535.32
quat5,0.00000,0.00000,0.00000,-1.00000,535.32
quat6,0.00000,0.00000,0.00000,-1.00000,535.32
quat7,0.00000,0.00000,0.00000,-1.00000,535.32
quat8,0.00000,0.00000,0.00000,-1.00000,535.32
quat0,-0.78603,-0.57133,-0.17562,0.15777,535.34
quat1,-0.16449,0.03161,-0.42433,0.88988,535.34
quat2,-0.11100,0.09759,-0.08741,-0.98515,535.34
quat3,-0.57242,-0.33387,0.21416,-0.71763,535.34
quat4,-0.02203,-0.60890,0.29525,-0.73592,535.34
quat5,0.00000,0.00000,0.00000,-1.00000,535.34
quat6,0.00000,0.00000,0.00000,-1.00000,535.34
quat7,0.00000,0.00000,0.00000,-1.00000,535.34
quat8,0.00000,0.00000,0.00000,-1.00000,535.34
quat0,-0.78963,-0.56759,-0.15796,0.17139,535.36
quat1,-0.13608,0.01916,-0.39400,0.90878,535.36
quat2,-0.13241,0.11121,-0.09936,-0.97991,535.36
quat3,-0.62225,-0.30371,0.21551,-0.68856,535.36
quat4,-0.05692,-0.59371,0.32550,-0.73370,535.36
quat5,0.00000,0.00000,0.00000,-1.00000,535.36
quat6,0.00000,0.00000,0.00000,-1.00000,535.36
quat7,0.00000,0.00000,0.00000,-1.00000,535.36
quat8,0.00000,0.00000,0.00000,-1.00000,535.36
quat0,-0.79320,-0.56376,-0.13758,0.18461,535.38
quat1,-0.10834,0.00499,-0.36503,0.92466,535.38
quat2,-0.15435,0.12649,-0.10720,-0.97400,535.38
quat3,-0.66837,-0.27504,0.21958,-0.65530,535.38
quat4,-0.09335,-0.57598,0.35847,-0.72872,535.38
quat5,0.00000,0.00000,0.00000,-1.00000,535.38
quat6,0.00000,0.00000,0.00000,-1.00000,535.38
quat7,0.00000,0.00000,0.00000,-1.00000,535.38
quat8,0.00000,0.00000,0.00000,-1.00000,535.38
quat0,-0.79312,-0.56418,-0.11890,0.19626,535.4
quat1,-0.08078,-0.00960,-0.33776,0.93771,535.4
quat2,-0.17652,0.14315,-0.11147,-0.96743,535.4
quat3,-0.71011,-0.24823,0.22698,-0.61856,535.4
quat4,-0.12951,-0.55469,0.39483,-0.72087,535.4
quat5,0.00000,0.00000,0.00000,-1.00000,535.4
quat6,0.00000,0.00000,0.00000,-1.00000,535.4
quat7,0.00000,0.00000,0.00000,-1.00000,535.4
quat8,0.00000,0.00000,0.00000,-1.00000,535.4
quat0,-0.79324,-0.56409,-0.09593,0.20828,535.42
quat1,-0.05271,-0.02575,-0.31288,0.94798,535.42
quat2,-0.19764,0.16262,-0.11368,-0.95998,535.42
quat3,-0.74862,-0.22162,0.23512,-0.57894,535.42
quat4,-0.16316,-0.53137,0.43331,-0.70942,535.42
quat5,0.00000,0.00000,0.00000,-1.00000,535.42
quat6,0.00000,0.00000,0.00000,-1.00000,535.42
quat7,0.00000,0.00000,0.00000,-1.00000,535.42
quat8,0.00000,0.00000,0.00000,-1.00000,535.42
quat0,-0.79041,-0.56637,-0.07001,0.22264,535.44
quat1,-0.02483,-0.04422,-0.29011,0.95565,535.44
quat2,-0.21707,0.18393,-0.11519,-0.95172,535.44
quat3,-0.78324,-0.19445,0.24270,-0.53835,535.44
quat4,-0.19266,-0.50655,0.47304,-0.69464,535.44
quat5,0.00000,0.00000,0.00000,-1.00000,535.44
quat6,0.00000,0.00000,0.00000,-1.00000,535.44
quat7,0.00000,0.00000,0.00000,-1.00000,535.44
quat8,0.00000,0.00000,0.00000,-1.00000,535.44
quat0,-0.78554,-0.57019,-0.04342,0.23649,535.46
quat1,0.00246,-0.06684,-0.26927,0.96074,535.46
quat2,-0.23460,0.20489,-0.11634,-0.94311,535.46
quat3,-0.81361,-0.16811,0.24984,-0.49735,535.46
quat4,-0.21690,-0.48157,0.51199,-0.67744,535.46
quat5,0.00000,0.00000,0.00000,-1.00000,535.46
quat6,0.00000,0.00000,0.00000,-1.00000,535.46
quat7,0.00000,0.00000,0.00000,-1.00000,535.46
quat8,0.00000,0.00000,0.00000,-1.00000,535.46
quat0,-0.77732,-0.57853,-0.01952,0.24638,535.48
quat1,0.02742,-0.09213,-0.25019,0.96341,535.48
quat2,-0.25061,0.22402,-0.11711,-0.93450,535.48
quat3,-0.83991,-0.14205,0.25724,-0.45629,535.48
quat4,-0.23648,-0.45606,0.54975,-0.65868,535.48
quat5,0.00000,0.00000,0.00000,-1.00000,535.48
quat6,0.00000,0.00000,0.00000,-1.00000,535.48
quat7,0.00000,0.00000,0.00000,-1.00000,535.48
quat8,0.00000,0.00000,0.00000,-1.00000,535.48
quat0,-0.77340,-0.58065,0.00238,0.25434,535.5
quat1,0.05082,-0.11709,-0.23320,0.96402,535.5
quat2,-0.26364,0.24025,-0.11790,-0.92675,535.5
quat3,-0.86220,-0.11678,0.26567,-0.41521,535.5
quat4,-0.25253,-0.42812,0.58546,-0.64045,535.5
quat5,0.00000,0.00000,0.00000,-1.00000,535.5
quat6,0.00000,0.00000,0.00000,-1.00000,535.5
quat7,0.00000,0.00000,0.00000,-1.00000,535.5
quat8,0.00000,0.00000,0.00000,-1.00000,535.5
quat0,-0.75804,-0.59482,0.02951,0.26588,535.52
quat1,0.07251,-0.14064,-0.21707,0.96325,535.52
quat2,-0.27392,0.25322,-0.11773,-0.92032,535.52
quat3,-0.88061,-0.09270,0.27489,-0.37467,535.52
quat4,-0.26649,-0.39742,0.61767,-0.62413,535.52
quat5,0.00000,0.00000,0.00000,-1.00000,535.52
quat6,0.00000,0.00000,0.00000,-1.00000,535.52
quat7,0.00000,0.00000,0.00000,-1.00000,535.52
quat8,0.00000,0.00000,0.00000,-1.00000,535.52
quat0,-0.74958,-0.60366,0.04041,0.26849,535.54
quat1,0.09503,-0.16103,-0.19832,0.96214,535.54
quat2,-0.28047,0.26321,-0.11655,-0.91568,535.54
quat3,-0.89575,-0.06735,0.28372,-0.33556,535.54
quat4,-0.27973,-0.36456,0.64570,-0.60985,535.54
quat5,0.00000,0.00000,0.00000,-1.00000,535.54
quat6,0.00000,0.00000,0.00000,-1.00000,535.54
quat7,0.00000,0.00000,0.00000,-1.00000,535.54
quat8,0.00000,0.00000,0.00000,-1.00000,535.54
quat0,-0.73939,-0.61003,0.06267,0.27792,535.56
quat1,0.11343,-0.17975,-0.18067,0.96030,535.56
quat2,-0.28328,0.26956,-0.11642,-0.91298,535.56
quat3,-0.90915,-0.04034,0.28991,-0.29626,535.56
quat4,-0.29337,-0.32875,0.66908,-0.59849,535.56
quat5,0.00000,0.00000,0.00000,-1.00000,535.56
quat6,0.00000,0.00000,0.00000,-1.00000,535.56
quat7,0.00000,0.00000,0.00000,-1.00000,535.56
quat8,0.00000,0.00000,0.00000,-1.00000,535.56
quat0,-0.73079,-0.61823,0.07412,0.27972,535.58
quat1,0.13124,-0.19484,-0.16616,0.95771,535.58
quat2,-0.28290,0.27108,-0.11744,-0.91252,535.58
quat3,-0.92010,-0.01459,0.29520,-0.25703,535.58
quat4,-0.30910,-0.29170,0.68690,-0.58952,535.58
quat5,0.00000,0.00000,0.00000,-1.00000,535.58
quat6,0.00000,0.00000,0.00000,-1.00000,535.58
quat7,0.00000,0.00000,0.00000,-1.00000,535.58
quat8,0.00000,0.00000,0.00000,-1.00000,535.58
quat0,-0.72247,-0.62292,0.08978,0.28626,535.6
quat1,0.14853,-0.20742,-0.15393,0.95458,535.6
quat2,-0.28067,0.26420,-0.11908,-0.91501,535.6
quat3,-0.92871,0.00958,0.30053,-0.21699,535.6
quat4,-0.32791,-0.25384,0.69939,-0.58215,535.6
quat5,0.00000,0.00000,0.00000,-1.00000,535.6
quat6,0.00000,0.00000,0.00000,-1.00000,535.6
quat7,0.00000,0.00000,0.00000,-1.00000,535.6
quat8,0.00000,0.00000,0.00000,-1.00000,535.6
quat0,-0.71067,-0.62854,0.10900,0.29666,535.62
quat1,0.16515,-0.21720,-0.14446,0.95115,535.62
quat2,-0.27856,0.24873,-0.12140,-0.91967,535.62
quat3,-0.93468,0.03251,0.30596,-0.17807,535.62
quat4,-0.34891,-0.21505,0.70803,-0.57507,535.62
quat5,0.00000,0.00000,0.00000,-1.00000,535.62
quat6,0.00000,0.00000,0.00000,-1.00000,535.62
quat7,0.00000,0.00000,0.00000,-1.00000,535.62
quat8,0.00000,0.00000,0.00000,-1.00000,535.62
quat0,-0.70184,-0.63765,0.11853,0.29456,535.64
quat1,0.18035,-0.22392,-0.13744,0.94786,535.64
quat2,-0.27817,0.22798,-0.12434,-0.92476,535.64
quat3,-0.93847,0.05376,0.31049,-0.14136,535.64
quat4,-0.36977,-0.17790,0.71368,-0.56770,535.64
quat5,0.00000,0.00000,0.00000,-1.00000,535.64
quat6,0.00000,0.00000,0.00000,-1.00000,535.64
quat7,0.00000,0.00000,0.00000,-1.00000,535.64
quat8,0.00000,0.00000,0.00000,-1.00000,535.64
quat0,-0.69485,-0.64498,0.12467,0.29264,535.66
quat1,0.19337,-0.22823,-0.13226,0.94500,535.66
quat2,-0.28001,0.20954,-0.12655,-0.92826,535.66
quat3,-0.94092,0.07065,0.31322,-0.10755,535.66
quat4,-0.38678,-0.14694,0.71885,-0.55862,535.66
quat5,0.00000,0.00000,0.00000,-1.00000,535.66
quat6,0.00000,0.00000,0.00000,-1.00000,535.66
quat7,0.00000,0.00000,0.00000,-1.00000,535.66
quat8,0.00000,0.00000,0.00000,-1.00000,535.66
quat0,-0.69242,-0.64583,0.12975,0.29433,535.68
quat1,0.20182,-0.23482,-0.12743,0.94228,535.68
quat2,-0.28412,0.19849,-0.12826,-0.92921,535.68
quat3,-0.94220,0.08414,0.31456,-0.07898,535.68
quat4,-0.39770,-0.12451,0.72554,-0.54765,535.68
quat5,0.00000,0.00000,0.00000,-1.00000,535.68
quat6,0.00000,0.00000,0.00000,-1.00000,535.68
quat7,0.00000,0.00000,0.00000,-1.00000,535.68
quat8,0.00000,0.00000,0.00000,-1.00000,535.68
quat0,-0.68970,-0.64716,0.13532,0.29527,535.7
quat1,0.20618,-0.24401,-0.12331,0.93955,535.7
quat2,-0.28955,0.19810,-0.12966,-0.92742,535.7
quat3,-0.94275,0.09443,0.31466,-0.05738,535.7
quat4,-0.40267,-0.10916,0.73423,-0.53558,535.7
quat5,0.00000,0.00000,0.00000,-1.00000,535.7
quat6,0.00000,0.00000,0.00000,-1.00000,535.7
quat7,0.00000,0.00000,0.00000,-1.00000,535.7
quat8,0.00000,0.00000,0.00000,-1.00000,535.7
quat0,-0.68734,-0.65525,0.13015,0.28507,535.72
quat1,0.20738,-0.25242,-0.12118,0.93733,535.72
quat2,-0.29493,0.20784,-0.13103,-0.92339,535.72
quat3,-0.94284,0.10098,0.31478,-0.04211,535.72
quat4,-0.40368,-0.10033,0.74258,-0.52492,535.72
quat5,0.00000,0.00000,0.00000,-1.00000,535.72
quat6,0.00000,0.00000,0.00000,-1.00000,535.72
quat7,0.00000,0.00000,0.00000,-1.00000,535.72
quat8,0.00000,0.00000,0.00000,-1.00000,535.72
quat0,-0.68943,-0.65503,0.12747,0.28175,535.74
quat1,0.20740,-0.25837,-0.12139,0.93568,535.74
quat2,-0.29905,0.22185,-0.13120,-0.91877,535.74
quat3,-0.94248,0.10522,0.31555,-0.03304,535.74
quat4,-0.40262,-0.09750,0.74849,-0.51783,535.74
quat5,0.00000,0.00000,0.00000,-1.00000,535.74
quat6,0.00000,0.00000,0.00000,-1.00000,535.74
quat7,0.00000,0.00000,0.00000,-1.00000,535.74
quat8,0.00000,0.00000,0.00000,-1.00000,535.74
quat0,-0.69245,-0.65484,0.12272,0.27684,535.76
quat1,0.20643,-0.26271,-0.12362,0.93439,535.76
quat2,-0.30224,0.23310,-0.12958,-0.91516,535.76
quat3,-0.94163,0.10759,0.31747,-0.03109,535.76
quat4,-0.40160,-0.09820,0.74992,-0.51643,535.76
quat5,0.00000,0.00000,0.00000,-1.00000,535.76
quat6,0.00000,0.00000,0.00000,-1.00000,535.76
quat7,0.00000,0.00000,0.00000,-1.00000,535.76
quat8,0.00000,0.00000,0.00000,-1.00000,535.76
quat0,-0.69657,-0.65373,0.11560,0.27215,535.78
quat1,0.20411,-0.26511,-0.12845,0.93357,535.78
quat2,-0.30467,0.23784,-0.12618,-0.91361,535.78
quat3,-0.94077,0.10631,0.32001,-0.03516,535.78
quat4,-0.39936,-0.10246,0.74683,-0.52179,535.78
quat5,0.00000,0.00000,0.00000,-1.00000,535.78
quat6,0.00000,0.00000,0.00000,-1.00000,535.78
quat7,0.00000,0.00000,0.00000,-1.00000,535.78
quat8,0.00000,0.00000,0.00000,-1.00000,535.78
quat0,-0.70233,-0.65118,0.10635,0.26718,535.8
quat1,0.19942,-0.26483,-0.13612,0.93358,535.8
quat2,-0.30630,0.23690,-0.12222,-0.91385,535.8
quat3,-0.93996,0.10027,0.32325,-0.04403,535.8
quat4,-0.39490,-0.11198,0.73925,-0.53387,535.8
quat5,0.00000,0.00000,0.00000,-1.00000,535.8
quat6,0.00000,0.00000,0.00000,-1.00000,535.8
quat7,0.00000,0.00000,0.00000,-1.00000,535.8
quat8,0.00000,0.00000,0.00000,-1.00000,535.8
quat0,-0.71016,-0.64585,0.09572,0.26342,535.82
quat1,0.19227,-0.26169,-0.14673,0.93436,535.82
quat2,-0.30805,0.23295,-0.11952,-0.91463,535.82
quat3,-0.93921,0.09029,0.32611,-0.05810,535.82
quat4,-0.38617,-0.12937,0.72793,-0.55159,535.82
quat5,0.00000,0.00000,0.00000,-1.00000,535.82
quat6,0.00000,0.00000,0.00000,-1.00000,535.82
quat7,0.00000,0.00000,0.00000,-1.00000,535.82
quat8,0.00000,0.00000,0.00000,-1.00000,535.82
quat0,-0.71911,-0.63854,0.08568,0.26039,535.84
quat1,0.18171,-0.25681,-0.15986,0.93567,535.84
quat2,-0.31055,0.22871,-0.12025,-0.91476,535.84
quat3,-0.93843,0.07684,0.32767,-0.07796,535.84
quat4,-0.37291,-0.15403,0.71297,-0.57350,535.84
quat5,0.00000,0.00000,0.00000,-1.00000,535.84
quat6,0.00000,0.00000,0.00000,-1.00000,535.84
quat7,0.00000,0.00000,0.00000,-1.00000,535.84
quat8,0.00000,0.00000,0.00000,-1.00000,535.84
quat0,-0.72927,-0.63037,0.07229,0.25607,535.86
quat1,0.16665,-0.25183,-0.17492,0.93713,535.86
quat2,-0.31428,0.22299,-0.12499,-0.91426,535.86
quat3,-0.93741,0.06055,0.32681,-0.10388,535.86
quat4,-0.35683,-0.18395,0.69302,-0.59880,535.86
quat5,0.00000,0.00000,0.00000,-1.00000,535.86
quat6,0.00000,0.00000,0.00000,-1.00000,535.86
quat7,0.00000,0.00000,0.00000,-1.00000,535.86
quat8,0.00000,0.00000,0.00000,-1.00000,535.86
quat0,-0.74071,-0.61997,0.05963,0.25185,535.88
quat1,0.14737,-0.24570,-0.19112,0.93882,535.88
quat2,-0.31830,0.21560,-0.13176,-0.91370,535.88
quat3,-0.93569,0.04257,0.32287,-0.13578,535.88
quat4,-0.33932,-0.21683,0.66776,-0.62606,535.88
quat5,0.00000,0.00000,0.00000,-1.00000,535.88
quat6,0.00000,0.00000,0.00000,-1.00000,535.88
quat7,0.00000,0.00000,0.00000,-1.00000,535.88
quat8,0.00000,0.00000,0.00000,-1.00000,535.88
quat0,-0.75340,-0.60777,0.04426,0.24707,535.9
quat1,0.12526,-0.23916,-0.20717,0.94031,535.9
quat2,-0.32218,0.20844,-0.13952,-0.91285,535.9
quat3,-0.93210,0.02317,0.31696,-0.17376,535.9
quat4,-0.31983,-0.25207,0.63732,-0.65421,535.9
quat5,0.00000,0.00000,0.00000,-1.00000,535.9
quat6,0.00000,0.00000,0.00000,-1.00000,535.9
quat7,0.00000,0.00000,0.00000,-1.00000,535.9
quat8,0.00000,0.00000,0.00000,-1.00000,535.9
quat0,-0.76492,-0.59750,0.02809,0.23896,535.92
quat1,0.10046,-0.23231,-0.22256,0.94149,535.92
quat2,-0.32547,0.20307,-0.14651,-0.91179,535.92
quat3,-0.92563,0.00240,0.30959,-0.21762,535.92
quat4,-0.29774,-0.28868,0.60331,-0.68120,535.92
quat5,0.00000,0.00000,0.00000,-1.00000,535.92
quat6,0.00000,0.00000,0.00000,-1.00000,535.92
quat7,0.00000,0.00000,0.00000,-1.00000,535.92
quat8,0.00000,0.00000,0.00000,-1.00000,535.92
quat0,-0.77629,-0.58795,0.01103,0.22711,535.94
quat1,0.07413,-0.22470,-0.23881,0.94180,535.94
quat2,-0.32746,0.19909,-0.15265,-0.91095,535.94
quat3,-0.91529,-0.02006,0.30064,-0.26732,535.94
quat4,-0.27223,-0.32684,0.56713,-0.70529,535.94
quat5,0.00000,0.00000,0.00000,-1.00000,535.94
quat6,0.00000,0.00000,0.00000,-1.00000,535.94
quat7,0.00000,0.00000,0.00000,-1.00000,535.94
quat8,0.00000,0.00000,0.00000,-1.00000,535.94
quat0,-0.78391,-0.58338,-0.00670,0.21238,535.96
quat1,0.04732,-0.21567,-0.25784,0.94062,535.96
quat2,-0.32672,0.19421,-0.15701,-0.91153,535.96
quat3,-0.90045,-0.04418,0.28942,-0.32168,535.96
quat4,-0.24446,-0.36632,0.52954,-0.72501,535.96
quat5,0.00000,0.00000,0.00000,-1.00000,535.96
quat6,0.00000,0.00000,0.00000,-1.00000,535.96
quat7,0.00000,0.00000,0.00000,-1.00000,535.96
quat8,0.00000,0.00000,0.00000,-1.00000,535.96
quat0,-0.79631,-0.57112,-0.02526,0.19768,535.98
quat1,0.02156,-0.20463,-0.28087,0.93743,535.98
quat2,-0.32367,0.18515,-0.15771,-0.91438,535.98
quat3,-0.88075,-0.06932,0.27583,-0.37868,535.98
quat4,-0.21589,-0.40570,0.49070,-0.74028,535.98
quat5,0.00000,0.00000,0.00000,-1.00000,535.98
quat6,0.00000,0.00000,0.00000,-1.00000,535.98
quat7,0.00000,0.00000,0.00000,-1.00000,535.98
quat8,0.00000,0.00000,0.00000,-1.00000,535.98
quat0,-0.79908,-0.57116,-0.04122,0.18317,536
quat1,-0.00407,-0.19152,-0.30855,0.93172,536
quat2,-0.31750,0.17115,-0.15431,-0.91983,536
quat3,-0.85537,-0.09388,0.26149,-0.43720,536
quat4,-0.18794,-0.44251,0.45161,-0.75161,536
quat5,0.00000,0.00000,0.00000,-1.00000,536
quat6,0.00000,0.00000,0.00000,-1.00000,536
quat7,0.00000,0.00000,0.00000,-1.00000,536
quat8,0.00000,0.00000,0.00000,-1.00000,536
quat0,-0.80209,-0.56966,-0.05875,0.16940,536.02
quat1,-0.02903,-0.17777,-0.33928,0.92328,536.02
quat2,-0.30791,0.15388,-0.14751,-0.92723,536.02
quat3,-0.82488,-0.11765,0.24809,-0.49416,536.02
quat4,-0.16061,-0.47419,0.41208,-0.76127,536.02
quat5,0.00000,0.00000,0.00000,-1.00000,536.02
quat6,0.00000,0.00000,0.00000,-1.00000,536.02
quat7,0.00000,0.00000,0.00000,-1.00000,536.02
quat8,0.00000,0.00000,0.00000,-1.00000,536.02
quat0,-0.80049,-0.57422,-0.07641,0.15379,536.04
quat1,-0.05306,-0.16316,-0.37280,0.91191,536.04
quat2,-0.29384,0.13385,-0.13709,-0.93646,536.04
quat3,-0.78960,-0.13880,0.23737,-0.54856,536.04
quat4,-0.13213,-0.49979,0.37375,-0.77011,536.04
quat5,0.00000,0.00000,0.00000,-1.00000,536.04
quat6,0.00000,0.00000,0.00000,-1.00000,536.04
quat7,0.00000,0.00000,0.00000,-1.00000,536.04
quat8,0.00000,0.00000,0.00000,-1.00000,536.04
quat0,-0.79905,-0.57721,-0.09755,0.13723,536.06
quat1,-0.07586,-0.14740,-0.40884,0.89743,536.06
quat2,-0.27574,0.11187,-0.12327,-0.94671,536.06
quat3,-0.75016,-0.15964,0.22835,-0.59970,536.06
quat4,-0.10133,-0.52045,0.33757,-0.77776,536.06
quat5,0.00000,0.00000,0.00000,-1.00000,536.06
quat6,0.00000,0.00000,0.00000,-1.00000,536.06
quat7,0.00000,0.00000,0.00000,-1.00000,536.06
quat8,0.00000,0.00000,0.00000,-1.00000,536.06
quat0,-0.79569,-0.58097,-0.11798,0.12422,536.08
quat1,-0.09908,-0.12859,-0.44702,0.87967,536.08
quat2,-0.25360,0.08977,-0.10675,-0.95720,536.08
quat3,-0.70477,-0.18376,0.22190,-0.64830,536.08
quat4,-0.06948,-0.53990,0.30407,-0.78181,536.08
quat5,0.00000,0.00000,0.00000,-1.00000,536.08
quat6,0.00000,0.00000,0.00000,-1.00000,536.08
quat7,0.00000,0.00000,0.00000,-1.00000,536.08
quat8,0.00000,0.00000,0.00000,-1.00000,536.08
quat0,-0.79048,-0.58710,-0.13650,0.10876,536.1
quat1,-0.12383,-0.10708,-0.48693,0.85797,536.1
quat2,-0.22758,0.06954,-0.08727,-0.96735,536.1
quat3,-0.65385,-0.21139,0.21816,-0.69297,536.1
quat4,-0.03918,-0.55765,0.27473,-0.78231,536.1
quat5,0.00000,0.00000,0.00000,-1.00000,536.1
quat6,0.00000,0.00000,0.00000,-1.00000,536.1
quat7,0.00000,0.00000,0.00000,-1.00000,536.1
quat8,0.00000,0.00000,0.00000,-1.00000,536.1
quat0,-0.78334,-0.59440,-0.15408,0.09662,536.12
quat1,-0.15290,-0.08291,-0.52709,0.83182,536.12
quat2,-0.19780,0.05065,-0.06328,-0.97689,536.12
quat3,-0.59995,-0.24283,0.21573,-0.73113,536.12
quat4,-0.01070,-0.57413,0.24840,-0.78010,536.12
quat5,0.00000,0.00000,0.00000,-1.00000,536.12
quat6,0.00000,0.00000,0.00000,-1.00000,536.12
quat7,0.00000,0.00000,0.00000,-1.00000,536.12
quat8,0.00000,0.00000,0.00000,-1.00000,536.12
quat0,-0.77404,-0.60304,-0.17402,0.08316,536.14
quat1,-0.18410,-0.05784,-0.56583,0.80162,536.14
quat2,-0.16510,0.03292,-0.03543,-0.98509,536.14
quat3,-0.54470,-0.27616,0.21257,-0.76279,536.14
quat4,0.01732,-0.59258,0.22603,-0.77296,536.14
quat5,0.00000,0.00000,0.00000,-1.00000,536.14
quat6,0.00000,0.00000,0.00000,-1.00000,536.14
quat7,0.00000,0.00000,0.00000,-1.00000,536.14
quat8,0.00000,0.00000,0.00000,-1.00000,536.14
quat0,-0.76870,-0.60720,-0.18804,0.07102,536.16
quat1,-0.21466,-0.03022,-0.60379,0.76710,536.16
quat2,-0.12890,0.01681,-0.00385,-0.99151,536.16
quat3,-0.48862,-0.31001,0.20843,-0.78848,536.16
quat4,0.04420,-0.61096,0.20676,-0.76290,536.16
quat5,0.00000,0.00000,0.00000,-1.00000,536.16
quat6,0.00000,0.00000,0.00000,-1.00000,536.16
quat7,0.00000,0.00000,0.00000,-1.00000,536.16
quat8,0.00000,0.00000,0.00000,-1.00000,536.16
quat0,-0.75796,-0.61244,-0.21658,0.05926,536.18
quat1,-0.24481,0.00012,-0.64139,0.72711,536.18
quat2,-0.08936,-0.00097,0.03185,-0.99549,536.18
quat3,-0.43477,-0.34172,0.20359,-0.80793,536.18
quat4,0.06763,-0.62593,0.18969,-0.75343,536.18
quat5,0.00000,0.00000,0.00000,-1.00000,536.18
quat6,0.00000,0.00000,0.00000,-1.00000,536.18
quat7,0.00000,0.00000,0.00000,-1.00000,536.18
quat8,0.00000,0.00000,0.00000,-1.00000,536.18
quat0,-0.74745,-0.62299,-0.22774,0.03663,536.2
quat1,-0.27276,0.02786,-0.67715,0.68285,536.2
quat2,-0.04989,-0.02098,0.07195,-0.99594,536.2
quat3,-0.38527,-0.36490,0.19792,-0.82416,536.2
quat4,0.08809,-0.63800,0.17483,-0.74474,536.2
quat5,0.00000,0.00000,0.00000,-1.00000,536.2
quat6,0.00000,0.00000,0.00000,-1.00000,536.2
quat7,0.00000,0.00000,0.00000,-1.00000,536.2
quat8,0.00000,0.00000,0.00000,-1.00000,536.2
quat0,-0.73349,-0.63108,-0.25193,0.01638,536.22
quat1,-0.29702,0.05119,-0.71017,0.63625,536.22
quat2,-0.01288,-0.03859,0.11630,-0.99238,536.22
quat3,-0.33883,-0.38630,0.19344,-0.83579,536.22
quat4,0.10536,-0.64936,0.16372,-0.73513,536.22
quat5,0.00000,0.00000,0.00000,-1.00000,536.22
quat6,0.00000,0.00000,0.00000,-1.00000,536.22
quat7,0.00000,0.00000,0.00000,-1.00000,536.22
quat8,0.00000,0.00000,0.00000,-1.00000,536.22
quat0,-0.71018,-0.64906,-0.27268,-0.00006,536.24
quat1,-0.31748,0.07068,-0.74028,0.58839,536.24
quat2,0.02157,-0.05204,0.16460,-0.98475,536.24
quat3,-0.29438,-0.41262,0.18948,-0.84094,536.24
quat4,0.11838,-0.66393,0.15411,-0.72211,536.24
quat5,0.00000,0.00000,0.00000,-1.00000,536.24
quat6,0.00000,0.00000,0.00000,-1.00000,536.24
quat7,0.00000,0.00000,0.00000,-1.00000,536.24
quat8,0.00000,0.00000,0.00000,-1.00000,536.24
quat0,-0.68919,-0.66314,-0.29190,-0.00805,536.26
quat1,-0.33473,0.08891,-0.76709,0.54002,536.26
quat2,0.05353,-0.06427,0.21551,-0.97291,536.26
quat3,-0.25130,-0.44321,0.18664,-0.83999,536.26
quat4,0.12775,-0.68177,0.14502,-0.70557,536.26
quat5,0.00000,0.00000,0.00000,-1.00000,536.26
quat6,0.00000,0.00000,0.00000,-1.00000,536.26
quat7,0.00000,0.00000,0.00000,-1.00000,536.26
quat8,0.00000,0.00000,0.00000,-1.00000,536.26
quat0,-0.66355,-0.67630,-0.31882,-0.02604,536.28
quat1,-0.34937,0.10643,-0.79043,0.49176,536.28
quat2,0.08244,-0.07533,0.26739,-0.95709,536.28
quat3,-0.21123,-0.47573,0.18542,-0.83348,536.28
quat4,0.13489,-0.70039,0.13616,-0.68755,536.28
quat5,0.00000,0.00000,0.00000,-1.00000,536.28
quat6,0.00000,0.00000,0.00000,-1.00000,536.28
quat7,0.00000,0.00000,0.00000,-1.00000,536.28
quat8,0.00000,0.00000,0.00000,-1.00000,536.28
quat0,-0.63911,-0.69059,-0.33634,-0.03884,536.3
quat1,-0.36290,0.12323,-0.80992,0.44401,536.3
quat2,0.10817,-0.08514,0.31828,-0.93795,536.3
quat3,-0.17663,-0.50829,0.18173,-0.82305,536.3
quat4,0.14241,-0.71830,0.12709,-0.66903,536.3
quat5,0.00000,0.00000,0.00000,-1.00000,536.3
quat6,0.00000,0.00000,0.00000,-1.00000,536.3
quat7,0.00000,0.00000,0.00000,-1.00000,536.3
quat8,0.00000,0.00000,0.00000,-1.00000,536.3
quat0,-0.62094,-0.70300,-0.34417,-0.04215,536.32
quat1,-0.37644,0.13790,-0.82592,0.39641,536.32
quat2,0.13090,-0.09435,0.36668,-0.91625,536.32
quat3,-0.14389,-0.53842,0.17551,-0.81154,536.32
quat4,0.14943,-0.74044,0.11503,-0.64512,536.32
quat5,0.00000,0.00000,0.00000,-1.00000,536.32
quat6,0.00000,0.00000,0.00000,-1.00000,536.32
quat7,0.00000,0.00000,0.00000,-1.00000,536.32
quat8,0.00000,0.00000,0.00000,-1.00000,536.32
quat0,-0.61056,-0.71258,-0.34241,-0.04693,536.34
quat1,-0.38901,0.15267,-0.83896,0.34858,536.34
quat2,0.15191,-0.10562,0.41232,-0.89205,536.34
quat3,-0.11148,-0.56384,0.17118,-0.80022,536.34
quat4,0.15587,-0.76373,0.09854,-0.61863,536.34
quat5,0.00000,0.00000,0.00000,-1.00000,536.34
quat6,0.00000,0.00000,0.00000,-1.00000,536.34
quat7,0.00000,0.00000,0.00000,-1.00000,536.34
quat8,0.00000,0.00000,0.00000,-1.00000,536.34
quat0,-0.58738,-0.72913,-0.34719,-0.05299,536.36
quat1,-0.40031,0.16613,-0.84951,0.30081,536.36
quat2,0.17277,-0.12070,0.45479,-0.86530,536.36
quat3,-0.08120,-0.58325,0.16965,-0.79022,536.36
quat4,0.16221,-0.78364,0.07795,-0.59457,536.36
quat5,0.00000,0.00000,0.00000,-1.00000,536.36
quat6,0.00000,0.00000,0.00000,-1.00000,536.36
quat7,0.00000,0.00000,0.00000,-1.00000,536.36
quat8,0.00000,0.00000,0.00000,-1.00000,536.36
quat0,-0.57095,-0.74265,-0.34566,-0.05480,536.38
quat1,-0.40989,0.17753,-0.85801,0.25354,536.38
quat2,0.19497,-0.13989,0.49337,-0.83606,536.38
quat3,-0.05542,-0.59936,0.16628,-0.78106,536.38
quat4,0.16891,-0.79762,0.05674,-0.57624,536.38
quat5,0.00000,0.00000,0.00000,-1.00000,536.38
quat6,0.00000,0.00000,0.00000,-1.00000,536.38
quat7,0.00000,0.00000,0.00000,-1.00000,536.38
quat8,0.00000,0.00000,0.00000,-1.00000,536.38
quat0,-0.55689,-0.75360,-0.34554,-0.05066,536.4
quat1,-0.41769,0.18702,-0.86448,0.20795,536.4
quat2,0.21799,-0.16045,0.52768,-0.80516,536.4
quat3,-0.03036,-0.61162,0.16434,-0.77330,536.4
quat4,0.17705,-0.80273,0.03594,-0.56832,536.4
quat5,0.00000,0.00000,0.00000,-1.00000,536.4
quat6,0.00000,0.00000,0.00000,-1.00000,536.4
quat7,0.00000,0.00000,0.00000,-1.00000,536.4
quat8,0.00000,0.00000,0.00000,-1.00000,536.4
quat0,-0.54229,-0.76318,-0.34803,-0.04860,536.42
quat1,-0.42492,0.19535,-0.86867,0.16338,536.42
quat2,0.24012,-0.17948,0.55859,-0.77338,536.42
quat3,-0.00914,-0.61939,0.16068,-0.76841,536.42
quat4,0.18688,-0.79963,0.01706,-0.57042,536.42
quat5,0.00000,0.00000,0.00000,-1.00000,536.42
quat6,0.00000,0.00000,0.00000,-1.00000,536.42
quat7,0.00000,0.00000,0.00000,-1.00000,536.42
quat8,0.00000,0.00000,0.00000,-1.00000,536.42
quat0,-0.53231,-0.77019,-0.34819,-0.04712,536.44
quat1,-0.43046,0.20174,-0.87128,0.12195,536.44
quat2,0.25910,-0.19414,0.58663,-0.74232,536.44
quat3,0.00883,-0.62251,0.15793,-0.76646,536.44
quat4,0.19872,-0.78972,0.00029,-0.58039,536.44
quat5,0.00000,0.00000,0.00000,-1.00000,536.44
quat6,0.00000,0.00000,0.00000,-1.00000,536.44
quat7,0.00000,0.00000,0.00000,-1.00000,536.44
quat8,0.00000,0.00000,0.00000,-1.00000,536.44
quat0,-0.52111,-0.77927,-0.34590,-0.03906,536.46
quat1,-0.43497,0.20659,-0.87233,0.08461,536.46
quat2,0.27460,-0.20317,0.61198,-0.71330,536.46
quat3,0.02464,-0.62120,0.15586,-0.76760,536.46
quat4,0.21104,-0.77526,-0.01243,-0.59521,536.46
quat5,0.00000,0.00000,0.00000,-1.00000,536.46
quat6,0.00000,0.00000,0.00000,-1.00000,536.46
quat7,0.00000,0.00000,0.00000,-1.00000,536.46
quat8,0.00000,0.00000,0.00000,-1.00000,536.46
quat0,-0.51457,-0.78384,-0.34565,-0.03659,536.48
quat1,-0.43928,0.21104,-0.87158,0.05331,536.48
quat2,0.28601,-0.20821,0.63442,-0.68729,536.48
quat3,0.03956,-0.61757,0.15641,-0.76979,536.48
quat4,0.22195,-0.76150,-0.02116,-0.60861,536.48
quat5,0.00000,0.00000,0.00000,-1.00000,536.48
quat6,0.00000,0.00000,0.00000,-1.00000,536.48
quat7,0.00000,0.00000,0.00000,-1.00000,536.48
quat8,0.00000,0.00000,0.00000,-1.00000,536.48
quat0,-0.50921,-0.78793,-0.34486,-0.03063,536.5
quat1,-0.44225,0.21348,-0.87064,0.02881,536.5
quat2,0.29208,-0.21016,0.65362,-0.66581,536.5
quat3,0.05233,-0.61362,0.15854,-0.77175,536.5
quat4,0.23101,-0.75085,-0.02671,-0.61817,536.5
quat5,0.00000,0.00000,0.00000,-1.00000,536.5
quat6,0.00000,0.00000,0.00000,-1.00000,536.5
quat7,0.00000,0.00000,0.00000,-1.00000,536.5
quat8,0.00000,0.00000,0.00000,-1.00000,536.5
quat0,-0.50483,-0.79079,-0.34479,-0.03040,536.52
quat1,-0.44445,0.21291,-0.87006,0.01140,536.52
quat2,0.29218,-0.20841,0.66870,-0.65118,536.52
quat3,0.06185,-0.61124,0.16148,-0.77233,536.52
quat4,0.23846,-0.74272,-0.02986,-0.62499,536.52
quat5,0.00000,0.00000,0.00000,-1.00000,536.52
quat6,0.00000,0.00000,0.00000,-1.00000,536.52
quat7,0.00000,0.00000,0.00000,-1.00000,536.52
quat8,0.00000,0.00000,0.00000,-1.00000,536.52
quat0,-0.50420,-0.79238,-0.34239,-0.02625,536.54
quat1,-0.44379,0.20988,-0.87120,0.00229,536.54
quat2,0.28766,-0.20458,0.67860,-0.64413,536.54
quat3,0.06735,-0.61004,0.16490,-0.77209,536.54
quat4,0.24459,-0.73695,-0.03097,-0.62938,536.54
quat5,0.00000,0.00000,0.00000,-1.00000,536.54
quat6,0.00000,0.00000,0.00000,-1.00000,536.54
quat7,0.00000,0.00000,0.00000,-1.00000,536.54
quat8,0.00000,0.00000,0.00000,-1.00000,536.54
quat0,-0.50495,-0.79292,-0.34020,-0.02354,536.56
quat1,-0.44082,0.20374,-0.87416,0.00075,536.56
quat2,0.27978,-0.19993,0.68293,-0.64448,536.56
quat3,0.06825,-0.60926,0.16914,-0.77171,536.56
quat4,0.24857,-0.73300,-0.02918,-0.63251,536.56
quat5,0.00000,0.00000,0.00000,-1.00000,536.56
quat6,0.00000,0.00000,0.00000,-1.00000,536.56
quat7,0.00000,0.00000,0.00000,-1.00000,536.56
quat8,0.00000,0.00000,0.00000,-1.00000,536.56
quat0,-0.50767,-0.79187,-0.33881,-0.02062,536.58
quat1,-0.43773,0.19554,-0.87757,0.00581,536.58
quat2,0.27033,-0.19428,0.68161,-0.65160,536.58
quat3,0.06529,-0.60901,0.17379,-0.77113,536.58
quat4,0.25066,-0.72948,-0.02450,-0.63594,536.58
quat5,0.00000,0.00000,0.00000,-1.00000,536.58
quat6,0.00000,0.00000,0.00000,-1.00000,536.58
quat7,0.00000,0.00000,0.00000,-1.00000,536.58
quat8,0.00000,0.00000,0.00000,-1.00000,536.58
quat0,-0.51490,-0.78858,-0.33575,-0.01694,536.6
quat1,-0.43493,0.18652,-0.88076,0.01721,536.6
quat2,0.26153,-0.18813,0.67396,-0.66482,536.6
quat3,0.05853,-0.60827,0.17894,-0.77108,536.6
quat4,0.25090,-0.72665,-0.01739,-0.63931,536.6
quat5,0.00000,0.00000,0.00000,-1.00000,536.6
quat6,0.00000,0.00000,0.00000,-1.00000,536.6
quat7,0.00000,0.00000,0.00000,-1.00000,536.6
quat8,0.00000,0.00000,0.00000,-1.00000,536.6
quat0,-0.52493,-0.78405,-0.33094,-0.01399,536.62
quat1,-0.43216,0.17785,-0.88338,0.03523,536.62
quat2,0.25414,-0.18116,0.66004,-0.68333,536.62
quat3,0.04796,-0.60656,0.18385,-0.77200,536.62
quat4,0.24959,-0.72449,-0.00894,-0.64245,536.62
quat5,0.00000,0.00000,0.00000,-1.00000,536.62
quat6,0.00000,0.00000,0.00000,-1.00000,536.62
quat7,0.00000,0.00000,0.00000,-1.00000,536.62
quat8,0.00000,0.00000,0.00000,-1.00000,536.62
quat0,-0.53758,-0.77836,-0.32415,-0.00942,536.64
quat1,-0.42914,0.16966,-0.88516,0.05950,536.64
quat2,0.24706,-0.17276,0.64026,-0.70653,536.64
quat3,0.03405,-0.60351,0.18866,-0.77397,536.64
quat4,0.24697,-0.72324,0.00105,-0.64492,536.64
quat5,0.00000,0.00000,0.00000,-1.00000,536.64
quat6,0.00000,0.00000,0.00000,-1.00000,536.64
quat7,0.00000,0.00000,0.00000,-1.00000,536.64
quat8,0.00000,0.00000,0.00000,-1.00000,536.64
quat0,-0.55186,-0.77091,-0.31800,-0.00511,536.66
quat1,-0.42600,0.16171,-0.88558,0.09015,536.66
quat2,0.23871,-0.16210,0.61433,-0.73439,536.66
quat3,0.01732,-0.59976,0.19255,-0.77648,536.66
quat4,0.24311,-0.72335,0.01169,-0.64616,536.66
quat5,0.00000,0.00000,0.00000,-1.00000,536.66
quat6,0.00000,0.00000,0.00000,-1.00000,536.66
quat7,0.00000,0.00000,0.00000,-1.00000,536.66
quat8,0.00000,0.00000,0.00000,-1.00000,536.66
quat0,-0.56790,-0.76196,-0.31127,-0.00318,536.68
quat1,-0.42286,0.15348,-0.88401,0.12714,536.68
quat2,0.22823,-0.14928,0.58353,-0.76493,536.68
quat3,-0.00173,-0.59503,0.19517,-0.77964,536.68
quat4,0.23830,-0.72412,0.02356,-0.64677,536.68
quat5,0.00000,0.00000,0.00000,-1.00000,536.68
quat6,0.00000,0.00000,0.00000,-1.00000,536.68
quat7,0.00000,0.00000,0.00000,-1.00000,536.68
quat8,0.00000,0.00000,0.00000,-1.00000,536.68
quat0,-0.58477,-0.75142,-0.30563,0.00028,536.7
quat1,-0.41968,0.14457,-0.87974,0.17038,536.7
quat2,0.21474,-0.13269,0.54834,-0.79725,536.7
quat3,-0.02239,-0.58966,0.19712,-0.78291,536.7
quat4,0.23274,-0.72509,0.03653,-0.64711,536.7
quat5,0.00000,0.00000,0.00000,-1.00000,536.7
quat6,0.00000,0.00000,0.00000,-1.00000,536.7
quat7,0.00000,0.00000,0.00000,-1.00000,536.7
quat8,0.00000,0.00000,0.00000,-1.00000,536.7
quat0,-0.60220,-0.73976,-0.30016,0.00421,536.72
quat1,-0.41638,0.13405,-0.87213,0.21921,536.72
quat2,0.19874,-0.11391,0.50938,-0.82949,536.72
quat3,-0.04457,-0.58365,0.19853,-0.78610,536.72
quat4,0.22615,-0.72572,0.05068,-0.64777,536.72
quat5,0.00000,0.00000,0.00000,-1.00000,536.72
quat6,0.00000,0.00000,0.00000,-1.00000,536.72
quat7,0.00000,0.00000,0.00000,-1.00000,536.72
quat8,0.00000,0.00000,0.00000,-1.00000,536.72
quat0,-0.62102,-0.72575,-0.29586,0.00908,536.74
quat1,-0.41151,0.12162,-0.86083,0.27358,536.74
quat2,0.17944,-0.09251,0.46774,-0.86050,536.74
quat3,-0.06833,-0.57680,0.19955,-0.78919,536.74
quat4,0.21933,-0.72536,0.06508,-0.64924,536.74
quat5,0.00000,0.00000,0.00000,-1.00000,536.74
quat6,0.00000,0.00000,0.00000,-1.00000,536.74
quat7,0.00000,0.00000,0.00000,-1.00000,536.74
quat8,0.00000,0.00000,0.00000,-1.00000,536.74
quat0,-0.63838,-0.71095,-0.29462,0.01479,536.76
quat1,-0.40260,0.10573,-0.84563,0.33412,536.76
quat2,0.15947,-0.06751,0.42614,-0.88793,536.76
quat3,-0.09432,-0.56909,0.20037,-0.79189,536.76
quat4,0.21249,-0.72332,0.07998,-0.65212,536.76
quat5,0.00000,0.00000,0.00000,-1.00000,536.76
quat6,0.00000,0.00000,0.00000,-1.00000,536.76
quat7,0.00000,0.00000,0.00000,-1.00000,536.76
quat8,0.00000,0.00000,0.00000,-1.00000,536.76
quat0,-0.65566,-0.69459,-0.29518,0.02269,536.78
quat1,-0.39462,0.09410,-0.82361,0.39635,536.78
quat2,0.14021,-0.04060,0.38515,-0.91124,536.78
quat3,-0.12258,-0.56044,0.20143,-0.79392,536.78
quat4,0.20633,-0.71964,0.09466,-0.65620,536.78
quat5,0.00000,0.00000,0.00000,-1.00000,536.78
quat6,0.00000,0.00000,0.00000,-1.00000,536.78
quat7,0.00000,0.00000,0.00000,-1.00000,536.78
quat8,0.00000,0.00000,0.00000,-1.00000,536.78
quat0,-0.67295,-0.67837,-0.29278,0.03494,536.8
quat1,-0.38868,0.08547,-0.79598,0.45611,536.8
quat2,0.12182,-0.01172,0.34316,-0.93127,536.8
quat3,-0.15415,-0.54949,0.20191,-0.79595,536.8
quat4,0.19963,-0.71441,0.11014,-0.66154,536.8
quat5,0.00000,0.00000,0.00000,-1.00000,536.8
quat6,0.00000,0.00000,0.00000,-1.00000,536.8
quat7,0.00000,0.00000,0.00000,-1.00000,536.8
quat8,0.00000,0.00000,0.00000,-1.00000,536.8
quat0,-0.68880,-0.66394,-0.28660,0.05098,536.82
quat1,-0.38171,0.07809,-0.76577,0.51166,536.82
quat2,0.10392,0.02047,0.29759,-0.94880,536.82
quat3,-0.18749,-0.53780,0.20119,-0.79696,536.82
quat4,0.19178,-0.70970,0.12482,-0.66631,536.82
quat5,0.00000,0.00000,0.00000,-1.00000,536.82
quat6,0.00000,0.00000,0.00000,-1.00000,536.82
quat7,0.00000,0.00000,0.00000,-1.00000,536.82
quat8,0.00000,0.00000,0.00000,-1.00000,536.82
quat0,-0.70955,-0.64743,-0.27022,0.06597,536.84
quat1,-0.37163,0.07015,-0.73405,0.56404,536.84
quat2,0.08552,0.05294,0.24881,-0.96332,536.84
quat3,-0.22282,-0.52500,0.19967,-0.79678,536.84
quat4,0.18321,-0.70472,0.13729,-0.67153,536.84
quat5,0.00000,0.00000,0.00000,-1.00000,536.84
quat6,0.00000,0.00000,0.00000,-1.00000,536.84
quat7,0.00000,0.00000,0.00000,-1.00000,536.84
quat8,0.00000,0.00000,0.00000,-1.00000,536.84
quat0,-0.72645,-0.63317,-0.25530,0.07866,536.86
quat1,-0.35592,0.05831,-0.70107,0.61515,536.86
quat2,0.06731,0.08083,0.19937,-0.97426,536.86
quat3,-0.26171,-0.50970,0.19844,-0.79519,536.86
quat4,0.17358,-0.69609,0.14722,-0.68093,536.86
quat5,0.00000,0.00000,0.00000,-1.00000,536.86
quat6,0.00000,0.00000,0.00000,-1.00000,536.86
quat7,0.00000,0.00000,0.00000,-1.00000,536.86
quat8,0.00000,0.00000,0.00000,-1.00000,536.86
quat0,-0.73783,-0.62380,-0.24187,0.08932,536.88
quat1,-0.33742,0.04629,-0.66680,0.66286,536.88
quat2,0.05102,0.10102,0.15096,-0.98204,536.88
quat3,-0.30467,-0.48921,0.19814,-0.79283,536.88
quat4,0.16182,-0.68387,0.15721,-0.69385,536.88
quat5,0.00000,0.00000,0.00000,-1.00000,536.88
quat6,0.00000,0.00000,0.00000,-1.00000,536.88
quat7,0.00000,0.00000,0.00000,-1.00000,536.88
quat8,0.00000,0.00000,0.00000,-1.00000,536.88
quat0,-0.74968,-0.61343,-0.22700,0.10078,536.9
quat1,-0.31770,0.03736,-0.63245,0.70547,536.9
quat2,0.03501,0.10972,0.10303,-0.98799,536.9
quat3,-0.35020,-0.46390,0.19865,-0.78911,536.9
quat4,0.14683,-0.67014,0.16704,-0.70814,536.9
quat5,0.00000,0.00000,0.00000,-1.00000,536.9
quat6,0.00000,0.00000,0.00000,-1.00000,536.9
quat7,0.00000,0.00000,0.00000,-1.00000,536.9
quat8,0.00000,0.00000,0.00000,-1.00000,536.9
quat0,-0.75727,-0.60688,-0.21235,0.11469,536.92
quat1,-0.29574,0.02957,-0.59783,0.74449,536.92
quat2,0.01543,0.10984,0.05466,-0.99233,536.92
quat3,-0.39817,-0.43585,0.19904,-0.78222,536.92
quat4,0.12751,-0.65474,0.17785,-0.72348,536.92
quat5,0.00000,0.00000,0.00000,-1.00000,536.92
quat6,0.00000,0.00000,0.00000,-1.00000,536.92
quat7,0.00000,0.00000,0.00000,-1.00000,536.92
quat8,0.00000,0.00000,0.00000,-1.00000,536.92
quat0,-0.76516,-0.60102,-0.19552,0.12277,536.94
quat1,-0.27311,0.02091,-0.56101,0.78118,536.94
quat2,-0.00943,0.11019,0.00887,-0.99383,536.94
quat3,-0.44645,-0.40902,0.20020,-0.77026,536.94
quat4,0.10387,-0.63808,0.18984,-0.73894,536.94
quat5,0.00000,0.00000,0.00000,-1.00000,536.94
quat6,0.00000,0.00000,0.00000,-1.00000,536.94
quat7,0.00000,0.00000,0.00000,-1.00000,536.94
quat8,0.00000,0.00000,0.00000,-1.00000,536.94
quat0,-0.77238,-0.59492,-0.18151,0.12864,536.96
quat1,-0.24981,0.01114,-0.52339,0.81457,536.96
quat2,-0.03743,0.11548,-0.03265,-0.99207,536.96
quat3,-0.49470,-0.38292,0.20383,-0.75306,536.96
quat4,0.07614,-0.62054,0.20492,-0.75309,536.96
quat5,0.00000,0.00000,0.00000,-1.00000,536.96
quat6,0.00000,0.00000,0.00000,-1.00000,536.96
quat7,0.00000,0.00000,0.00000,-1.00000,536.96
quat8,0.00000,0.00000,0.00000,-1.00000,536.96
quat0,-0.77728,-0.58999,-0.16954,0.13787,536.98
quat1,-0.22412,-0.00108,-0.48706,0.84412,536.98
quat2,-0.06736,0.12223,-0.06990,-0.98774,536.98
quat3,-0.54194,-0.35493,0.20956,-0.73240,536.98
quat4,0.04450,-0.60167,0.22401,-0.76540,536.98
quat5,0.00000,0.00000,0.00000,-1.00000,536.98
quat6,0.00000,0.00000,0.00000,-1.00000,536.98
quat7,0.00000,0.00000,0.00000,-1.00000,536.98
quat8,0.00000,0.00000,0.00000,-1.00000,536.98
quat0,-0.78186,-0.58570,-0.15087,0.15127,537
quat1,-0.19629,-0.01508,-0.45237,0.86983,537
quat2,-0.09872,0.12865,-0.10293,-0.98138,537
quat3,-0.58820,-0.32526,0.21607,-0.70820,537
quat4,0.00899,-0.58152,0.24686,-0.77512,537
quat5,0.00000,0.00000,0.00000,-1.00000,537
quat6,0.00000,0.00000,0.00000,-1.00000,537
quat7,0.00000,0.00000,0.00000,-1.00000,537
quat8,0.00000,0.00000,0.00000,-1.00000,537
quat0,-0.78395,-0.58457,-0.13569,0.15905,537.02
quat1,-0.16717,-0.03052,-0.41897,0.89196,537.02
quat2,-0.13038,0.13636,-0.13052,-0.97333,537.02
quat3,-0.63369,-0.29394,0.22321,-0.67986,537.02
quat4,-0.02846,-0.56078,0.27289,-0.78118,537.02
quat5,0.00000,0.00000,0.00000,-1.00000,537.02
quat6,0.00000,0.00000,0.00000,-1.00000,537.02
quat7,0.00000,0.00000,0.00000,-1.00000,537.02
quat8,0.00000,0.00000,0.00000,-1.00000,537.02
quat0,-0.79008,-0.57869,-0.11953,0.16311,537.04
quat1,-0.13835,-0.04559,-0.38692,0.91053,537.04
quat2,-0.16103,0.14658,-0.15242,-0.96403,537.04
quat3,-0.67671,-0.26278,0.23076,-0.64789,537.04
quat4,-0.06636,-0.53889,0.30311,-0.78314,537.04
quat5,0.00000,0.00000,0.00000,-1.00000,537.04
quat6,0.00000,0.00000,0.00000,-1.00000,537.04
quat7,0.00000,0.00000,0.00000,-1.00000,537.04
quat8,0.00000,0.00000,0.00000,-1.00000,537.04
quat0,-0.79168,-0.57773,-0.10206,0.17045,537.06
quat1,-0.10933,-0.05948,-0.35716,0.92571,537.06
quat2,-0.18963,0.15911,-0.16866,-0.95408,537.06
quat3,-0.71624,-0.23124,0.23919,-0.61344,537.06
quat4,-0.10459,-0.51547,0.33694,-0.78091,537.06
quat5,0.00000,0.00000,0.00000,-1.00000,537.06
quat6,0.00000,0.00000,0.00000,-1.00000,537.06
quat7,0.00000,0.00000,0.00000,-1.00000,537.06
quat8,0.00000,0.00000,0.00000,-1.00000,537.06
quat0,-0.78837,-0.58297,-0.08294,0.17815,537.08
quat1,-0.07934,-0.07333,-0.32970,0.93789,537.08
quat2,-0.21562,0.17308,-0.18001,-0.94401,537.08
quat3,-0.75139,-0.19956,0.25013,-0.57709,537.08
quat4,-0.14396,-0.48839,0.37345,-0.77543,537.08
quat5,0.00000,0.00000,0.00000,-1.00000,537.08
quat6,0.00000,0.00000,0.00000,-1.00000,537.08
quat7,0.00000,0.00000,0.00000,-1.00000,537.08
quat8,0.00000,0.00000,0.00000,-1.00000,537.08
quat0,-0.78172,-0.59156,-0.05868,0.18848,537.1
quat1,-0.04719,-0.08868,-0.30463,0.94716,537.1
quat2,-0.23766,0.18742,-0.18584,-0.93480,537.1
quat3,-0.78347,-0.16558,0.26101,-0.53911,537.1
quat4,-0.18345,-0.45726,0.41090,-0.76709,537.1
quat5,0.00000,0.00000,0.00000,-1.00000,537.1
quat6,0.00000,0.00000,0.00000,-1.00000,537.1
quat7,0.00000,0.00000,0.00000,-1.00000,537.1
quat8,0.00000,0.00000,0.00000,-1.00000,537.1
quat0,-0.77518,-0.59906,-0.03172,0.19804,537.12
quat1,-0.01419,-0.10684,-0.28154,0.95348,537.12
quat2,-0.25593,0.20036,-0.18617,-0.92720,537.12
quat3,-0.81276,-0.12748,0.27146,-0.49948,537.12
quat4,-0.22097,-0.42225,0.45058,-0.75489,537.12
quat5,0.00000,0.00000,0.00000,-1.00000,537.12
quat6,0.00000,0.00000,0.00000,-1.00000,537.12
quat7,0.00000,0.00000,0.00000,-1.00000,537.12
quat8,0.00000,0.00000,0.00000,-1.00000,537.12
quat0,-0.76668,-0.60632,-0.00799,0.21101,537.14
quat1,0.01732,-0.12480,-0.26012,0.95732,537.14
quat2,-0.27030,0.21281,-0.18206,-0.92114,537.14
quat3,-0.83789,-0.08757,0.28301,-0.45846,537.14
quat4,-0.25768,-0.38160,0.49114,-0.73944,537.14
quat5,0.00000,0.00000,0.00000,-1.00000,537.14
quat6,0.00000,0.00000,0.00000,-1.00000,537.14
quat7,0.00000,0.00000,0.00000,-1.00000,537.14
quat8,0.00000,0.00000,0.00000,-1.00000,537.14
quat0,-0.76259,-0.60853,0.01623,0.21883,537.16
quat1,0.04577,-0.14528,-0.23832,0.95917,537.16
quat2,-0.28023,0.22656,-0.17496,-0.91626,537.16
quat3,-0.85838,-0.04785,0.29520,-0.41683,537.16
quat4,-0.29280,-0.33525,0.53073,-0.72126,537.16
quat5,0.00000,0.00000,0.00000,-1.00000,537.16
quat6,0.00000,0.00000,0.00000,-1.00000,537.16
quat7,0.00000,0.00000,0.00000,-1.00000,537.16
quat8,0.00000,0.00000,0.00000,-1.00000,537.16
quat0,-0.74929,-0.61921,0.04590,0.23029,537.18
quat1,0.07299,-0.16473,-0.21747,0.95929,537.18
quat2,-0.28671,0.23955,-0.16295,-0.91316,537.18
quat3,-0.87418,-0.00934,0.30871,-0.37473,537.18
quat4,-0.32447,-0.28518,0.56961,-0.69924,537.18
quat5,0.00000,0.00000,0.00000,-1.00000,537.18
quat6,0.00000,0.00000,0.00000,-1.00000,537.18
quat7,0.00000,0.00000,0.00000,-1.00000,537.18
quat8,0.00000,0.00000,0.00000,-1.00000,537.18
quat0,-0.74072,-0.62517,0.06150,0.23816,537.2
quat1,0.09977,-0.18027,-0.19737,0.95843,537.2
quat2,-0.28896,0.25121,-0.14870,-0.91175,537.2
quat3,-0.88643,0.02804,0.32081,-0.33248,537.2
quat4,-0.35158,-0.23209,0.60745,-0.67345,537.2
quat5,0.00000,0.00000,0.00000,-1.00000,537.2
quat6,0.00000,0.00000,0.00000,-1.00000,537.2
quat7,0.00000,0.00000,0.00000,-1.00000,537.2
quat8,0.00000,0.00000,0.00000,-1.00000,537.2
quat0,-0.73116,-0.62785,0.08850,0.25176,537.22
quat1,0.12575,-0.19579,-0.17615,0.95646,537.22
quat2,-0.28725,0.26628,-0.13624,-0.90996,537.22
quat3,-0.89510,0.06450,0.33079,-0.29191,537.22
quat4,-0.37229,-0.17854,0.64352,-0.64451,537.22
quat5,0.00000,0.00000,0.00000,-1.00000,537.22
quat6,0.00000,0.00000,0.00000,-1.00000,537.22
quat7,0.00000,0.00000,0.00000,-1.00000,537.22
quat8,0.00000,0.00000,0.00000,-1.00000,537.22
quat0,-0.71976,-0.63291,0.11072,0.26289,537.24
quat1,0.14712,-0.21003,-0.15790,0.95358,537.24
quat2,-0.28317,0.28297,-0.12765,-0.90744,537.24
quat3,-0.90071,0.09771,0.33880,-0.25375,537.24
quat4,-0.38417,-0.12826,0.67811,-0.61329,537.24
quat5,0.00000,0.00000,0.00000,-1.00000,537.24
quat6,0.00000,0.00000,0.00000,-1.00000,537.24
quat7,0.00000,0.00000,0.00000,-1.00000,537.24
quat8,0.00000,0.00000,0.00000,-1.00000,537.24
quat0,-0.70807,-0.63833,0.13183,0.27164,537.26
quat1,0.16383,-0.23121,-0.14294,0.94830,537.26
quat2,-0.27816,0.29830,-0.12343,-0.90466,537.26
quat3,-0.90490,0.12655,0.34433,-0.21583,537.26
quat4,-0.38706,-0.08286,0.71035,-0.58201,537.26
quat5,0.00000,0.00000,0.00000,-1.00000,537.26
quat6,0.00000,0.00000,0.00000,-1.00000,537.26
quat7,0.00000,0.00000,0.00000,-1.00000,537.26
quat8,0.00000,0.00000,0.00000,-1.00000,537.26
quat0,-0.69606,-0.64257,0.15508,0.28029,537.28
quat1,0.17947,-0.25483,-0.12816,0.94150,537.28
quat2,-0.27482,0.30686,-0.12217,-0.90299,537.28
quat3,-0.90776,0.15155,0.34860,-0.17746,537.28
quat4,-0.38591,-0.04328,0.73583,-0.55476,537.28
quat5,0.00000,0.00000,0.00000,-1.00000,537.28
quat6,0.00000,0.00000,0.00000,-1.00000,537.28
quat7,0.00000,0.00000,0.00000,-1.00000,537.28
quat8,0.00000,0.00000,0.00000,-1.00000,537.28
quat0,-0.68424,-0.64858,0.17523,0.28365,537.3
quat1,0.19112,-0.26995,-0.11924,0.93615,537.3
quat2,-0.27285,0.30935,-0.12299,-0.90262,537.3
quat3,-0.90829,0.17695,0.35191,-0.14093,537.3
quat4,-0.39010,-0.00887,0.75122,-0.53237,537.3
quat5,0.00000,0.00000,0.00000,-1.00000,537.3
quat6,0.00000,0.00000,0.00000,-1.00000,537.3
quat7,0.00000,0.00000,0.00000,-1.00000,537.3
quat8,0.00000,0.00000,0.00000,-1.00000,537.3
quat0,-0.67878,-0.65248,0.18311,0.28283,537.32
quat1,0.19856,-0.28359,-0.11336,0.93129,537.32
quat2,-0.27375,0.30427,-0.12398,-0.90394,537.32
quat3,-0.90720,0.20529,0.35113,-0.10749,537.32
quat4,-0.40398,0.02120,0.75694,-0.51322,537.32
quat5,0.00000,0.00000,0.00000,-1.00000,537.32
quat6,0.00000,0.00000,0.00000,-1.00000,537.32
quat7,0.00000,0.00000,0.00000,-1.00000,537.32
quat8,0.00000,0.00000,0.00000,-1.00000,537.32
quat0,-0.67318,-0.65442,0.19269,0.28536,537.34
quat1,0.20328,-0.29554,-0.10950,0.92701,537.34
quat2,-0.27580,0.29800,-0.12393,-0.90541,537.34
quat3,-0.90616,0.23320,0.34412,-0.07796,537.34
quat4,-0.42617,0.04911,0.75489,-0.49609,537.34
quat5,0.00000,0.00000,0.00000,-1.00000,537.34
quat6,0.00000,0.00000,0.00000,-1.00000,537.34
quat7,0.00000,0.00000,0.00000,-1.00000,537.34
quat8,0.00000,0.00000,0.00000,-1.00000,537.34
quat0,-0.66956,-0.66061,0.19457,0.27826,537.36
quat1,0.20577,-0.30655,-0.10721,0.92314,537.36
quat2,-0.27685,0.29920,-0.12366,-0.90474,537.36
quat3,-0.90496,0.25610,0.33571,-0.05251,537.36
quat4,-0.45273,0.07414,0.74724,-0.48081,537.36
quat5,0.00000,0.00000,0.00000,-1.00000,537.36
quat6,0.00000,0.00000,0.00000,-1.00000,537.36
quat7,0.00000,0.00000,0.00000,-1.00000,537.36
quat8,0.00000,0.00000,0.00000,-1.00000,537.36
quat0,-0.66869,-0.65974,0.19879,0.27942,537.38
quat1,0.20701,-0.31701,-0.10658,0.91940,537.38
quat2,-0.27702,0.30529,-0.12250,-0.90280,537.38
quat3,-0.90272,0.27401,0.32992,-0.03408,537.38
quat4,-0.47793,0.09278,0.73764,-0.46783,537.38
quat5,0.00000,0.00000,0.00000,-1.00000,537.38
quat6,0.00000,0.00000,0.00000,-1.00000,537.38
quat7,0.00000,0.00000,0.00000,-1.00000,537.38
quat8,0.00000,0.00000,0.00000,-1.00000,537.38
quat0,-0.67029,-0.66128,0.19921,0.27156,537.4
quat1,0.20645,-0.32412,-0.10865,0.91680,537.4
quat2,-0.27686,0.31224,-0.12066,-0.90072,537.4
quat3,-0.89980,0.28677,0.32793,-0.02411,537.4
quat4,-0.49662,0.10270,0.72982,-0.45846,537.4
quat5,0.00000,0.00000,0.00000,-1.00000,537.4
quat6,0.00000,0.00000,0.00000,-1.00000,537.4
quat7,0.00000,0.00000,0.00000,-1.00000,537.4
quat8,0.00000,0.00000,0.00000,-1.00000,537.4
quat0,-0.67060,-0.66475,0.19493,0.26536,537.42
quat1,0.20460,-0.32906,-0.11327,0.91489,537.42
quat2,-0.27692,0.31610,-0.11795,-0.89972,537.42
quat3,-0.89703,0.29344,0.32982,-0.02134,537.42
quat4,-0.50685,0.10448,0.72504,-0.45443,537.42
quat5,0.00000,0.00000,0.00000,-1.00000,537.42
quat6,0.00000,0.00000,0.00000,-1.00000,537.42
quat7,0.00000,0.00000,0.00000,-1.00000,537.42
quat8,0.00000,0.00000,0.00000,-1.00000,537.42
quat0,-0.67478,-0.66471,0.18961,0.25861,537.44
quat1,0.20087,-0.33157,-0.11973,0.91399,537.44
quat2,-0.27683,0.31757,-0.11391,-0.89975,537.44
quat3,-0.89482,0.29364,0.33532,-0.02505,537.44
quat4,-0.50958,0.09886,0.72217,-0.45719,537.44
quat5,0.00000,0.00000,0.00000,-1.00000,537.44
quat6,0.00000,0.00000,0.00000,-1.00000,537.44
quat7,0.00000,0.00000,0.00000,-1.00000,537.44
quat8,0.00000,0.00000,0.00000,-1.00000,537.44
quat0,-0.68079,-0.66467,0.17990,0.24975,537.46
quat1,0.19480,-0.33238,-0.12794,0.91390,537.46
quat2,-0.27649,0.31907,-0.11002,-0.89980,537.46
quat3,-0.89361,0.28788,0.34266,-0.03405,537.46
quat4,-0.50568,0.08567,0.72002,-0.46746,537.46
quat5,0.00000,0.00000,0.00000,-1.00000,537.46
quat6,0.00000,0.00000,0.00000,-1.00000,537.46
quat7,0.00000,0.00000,0.00000,-1.00000,537.46
quat8,0.00000,0.00000,0.00000,-1.00000,537.46
quat0,-0.68945,-0.66202,0.16846,0.24085,537.48
quat1,0.18608,-0.33102,-0.13788,0.91476,537.48
quat2,-0.27624,0.32130,-0.10771,-0.89936,537.48
quat3,-0.89335,0.27722,0.35048,-0.04723,537.48
quat4,-0.49662,0.06558,0.71725,-0.48437,537.48
quat5,0.00000,0.00000,0.00000,-1.00000,537.48
quat6,0.00000,0.00000,0.00000,-1.00000,537.48
quat7,0.00000,0.00000,0.00000,-1.00000,537.48
quat8,0.00000,0.00000,0.00000,-1.00000,537.48
quat0,-0.69942,-0.65752,0.15574,0.23286,537.5
quat1,0.17598,-0.32716,-0.14949,0.91632,537.5
quat2,-0.27681,0.32317,-0.10729,-0.89857,537.5
quat3,-0.89369,0.26215,0.35828,-0.06508,537.5
quat4,-0.48395,0.03960,0.71166,-0.50770,537.5
quat5,0.00000,0.00000,0.00000,-1.00000,537.5
quat6,0.00000,0.00000,0.00000,-1.00000,537.5
quat7,0.00000,0.00000,0.00000,-1.00000,537.5
quat8,0.00000,0.00000,0.00000,-1.00000,537.5
quat0,-0.71008,-0.65116,0.14177,0.22733,537.52
quat1,0.16417,-0.32143,-0.16270,0.91829,537.52
quat2,-0.27851,0.32200,-0.10921,-0.89823,537.52
quat3,-0.89413,0.24312,0.36558,-0.08818,537.52
quat4,-0.46889,0.00822,0.70181,-0.53623,537.52
quat5,0.00000,0.00000,0.00000,-1.00000,537.52
quat6,0.00000,0.00000,0.00000,-1.00000,537.52
quat7,0.00000,0.00000,0.00000,-1.00000,537.52
quat8,0.00000,0.00000,0.00000,-1.00000,537.52
quat0,-0.72293,-0.64194,0.12656,0.22195,537.54
quat1,0.14824,-0.31509,-0.17635,0.92068,537.54
quat2,-0.28153,0.31672,-0.11413,-0.89855,537.54
quat3,-0.89399,0.22011,0.37255,-0.11638,537.54
quat4,-0.45156,-0.02804,0.68692,-0.56872,537.54
quat5,0.00000,0.00000,0.00000,-1.00000,537.54
quat6,0.00000,0.00000,0.00000,-1.00000,537.54
quat7,0.00000,0.00000,0.00000,-1.00000,537.54
quat8,0.00000,0.00000,0.00000,-1.00000,537.54
quat0,-0.73586,-0.63125,0.11133,0.21826,537.56
quat1,0.12848,-0.30770,-0.19020,0.92338,537.56
quat2,-0.28448,0.30869,-0.12168,-0.89943,537.56
quat3,-0.89254,0.19426,0.37820,-0.15033,537.56
quat4,-0.43243,-0.06739,0.66620,-0.60385,537.56
quat5,0.00000,0.00000,0.00000,-1.00000,537.56
quat6,0.00000,0.00000,0.00000,-1.00000,537.56
quat7,0.00000,0.00000,0.00000,-1.00000,537.56
quat8,0.00000,0.00000,0.00000,-1.00000,537.56
quat0,-0.75014,-0.61891,0.09539,0.21247,537.58
quat1,0.10645,-0.29817,-0.20464,0.92622,537.58
quat2,-0.28667,0.29746,-0.13096,-0.90122,537.58
quat3,-0.88909,0.16529,0.38206,-0.19033,537.58
quat4,-0.41153,-0.10995,0.63925,-0.64025,537.58
quat5,0.00000,0.00000,0.00000,-1.00000,537.58
quat6,0.00000,0.00000,0.00000,-1.00000,537.58
quat7,0.00000,0.00000,0.00000,-1.00000,537.58
quat8,0.00000,0.00000,0.00000,-1.00000,537.58
quat0,-0.76211,-0.60943,0.07995,0.20342,537.6
quat1,0.08259,-0.28661,-0.22009,0.92876,537.6
quat2,-0.28815,0.28175,-0.13953,-0.90450,537.6
quat3,-0.88325,0.13321,0.38293,-0.23554,537.6
quat4,-0.38969,-0.15492,0.60657,-0.67543,537.6
quat5,0.00000,0.00000,0.00000,-1.00000,537.6
quat6,0.00000,0.00000,0.00000,-1.00000,537.6
quat7,0.00000,0.00000,0.00000,-1.00000,537.6
quat8,0.00000,0.00000,0.00000,-1.00000,537.6
quat0,-0.77318,-0.60058,0.06306,0.19371,537.62
quat1,0.05791,-0.27343,-0.23600,0.93069,537.62
quat2,-0.28839,0.26695,-0.14639,-0.90782,537.62
quat3,-0.87470,0.09899,0.37906,-0.28533,537.62
quat4,-0.36760,-0.20090,0.56778,-0.70861,537.62
quat5,0.00000,0.00000,0.00000,-1.00000,537.62
quat6,0.00000,0.00000,0.00000,-1.00000,537.62
quat7,0.00000,0.00000,0.00000,-1.00000,537.62
quat8,0.00000,0.00000,0.00000,-1.00000,537.62
quat0,-0.78612,-0.58759,0.04806,0.18558,537.64
quat1,0.03249,-0.26108,-0.25236,0.93118,537.64
quat2,-0.28596,0.25608,-0.15143,-0.91089,537.64
quat3,-0.86345,0.06568,0.36870,-0.33795,537.64
quat4,-0.34586,-0.24538,0.52352,-0.73899,537.64
quat5,0.00000,0.00000,0.00000,-1.00000,537.64
quat6,0.00000,0.00000,0.00000,-1.00000,537.64
quat7,0.00000,0.00000,0.00000,-1.00000,537.64
quat8,0.00000,0.00000,0.00000,-1.00000,537.64
quat0,-0.79653,-0.57815,0.03094,0.17414,537.66
quat1,0.00607,-0.24758,-0.27047,0.93033,537.66
quat2,-0.28169,0.24521,-0.15356,-0.91484,537.66
quat3,-0.84829,0.03495,0.35275,-0.39338,537.66
quat4,-0.32299,-0.28830,0.47531,-0.76593,537.66
quat5,0.00000,0.00000,0.00000,-1.00000,537.66
quat6,0.00000,0.00000,0.00000,-1.00000,537.66
quat7,0.00000,0.00000,0.00000,-1.00000,537.66
quat8,0.00000,0.00000,0.00000,-1.00000,537.66
quat0,-0.80361,-0.57257,0.01531,0.16169,537.68
quat1,-0.02106,-0.23122,-0.29186,0.92785,537.68
quat2,-0.27553,0.23067,-0.15278,-0.92062,537.68
quat3,-0.82869,0.00779,0.33267,-0.45004,537.68
quat4,-0.29766,-0.32982,0.42559,-0.78835,537.68
quat5,0.00000,0.00000,0.00000,-1.00000,537.68
quat6,0.00000,0.00000,0.00000,-1.00000,537.68
quat7,0.00000,0.00000,0.00000,-1.00000,537.68
quat8,0.00000,0.00000,0.00000,-1.00000,537.68
quat0,-0.80803,-0.57032,-0.00396,0.14766,537.7
quat1,-0.04732,-0.21369,-0.31601,0.92317,537.7
quat2,-0.26698,0.21436,-0.15026,-0.92747,537.7
quat3,-0.80357,-0.01721,0.31162,-0.50683,537.7
quat4,-0.27030,-0.36874,0.37606,-0.80594,537.7
quat5,0.00000,0.00000,0.00000,-1.00000,537.7
quat6,0.00000,0.00000,0.00000,-1.00000,537.7
quat7,0.00000,0.00000,0.00000,-1.00000,537.7
quat8,0.00000,0.00000,0.00000,-1.00000,537.7
quat0,-0.80857,-0.57249,-0.02205,0.13409,537.72
quat1,-0.07371,-0.19590,-0.34176,0.91618,537.72
quat2,-0.25527,0.19874,-0.14575,-0.93493,537.72
quat3,-0.77296,-0.04142,0.29217,-0.56165,537.72
quat4,-0.24138,-0.40231,0.32709,-0.82030,537.72
quat5,0.00000,0.00000,0.00000,-1.00000,537.72
quat6,0.00000,0.00000,0.00000,-1.00000,537.72
quat7,0.00000,0.00000,0.00000,-1.00000,537.72
quat8,0.00000,0.00000,0.00000,-1.00000,537.72
quat0,-0.81033,-0.57232,-0.04431,0.11770,537.74
quat1,-0.09966,-0.17789,-0.36945,0.90660,537.74
quat2,-0.23975,0.18458,-0.13868,-0.94299,537.74
quat3,-0.73703,-0.06704,0.27596,-0.61330,537.74
quat4,-0.21042,-0.42987,0.27948,-0.83237,537.74
quat5,0.00000,0.00000,0.00000,-1.00000,537.74
quat6,0.00000,0.00000,0.00000,-1.00000,537.74
quat7,0.00000,0.00000,0.00000,-1.00000,537.74
quat8,0.00000,0.00000,0.00000,-1.00000,537.74
quat0,-0.80734,-0.57742,-0.06433,0.10321,537.76
quat1,-0.12601,-0.15925,-0.39958,0.89392,537.76
quat2,-0.21990,0.17015,-0.12868,-0.95191,537.76
quat3,-0.69538,-0.09644,0.26395,-0.66142,537.76
quat4,-0.17671,-0.45142,0.23464,-0.84258,537.76
quat5,0.00000,0.00000,0.00000,-1.00000,537.76
quat6,0.00000,0.00000,0.00000,-1.00000,537.76
quat7,0.00000,0.00000,0.00000,-1.00000,537.76
quat8,0.00000,0.00000,0.00000,-1.00000,537.76
quat0,-0.80512,-0.58038,-0.08622,0.08666,537.78
quat1,-0.15291,-0.13877,-0.43205,0.87789,537.78
quat2,-0.19670,0.15442,-0.11576,-0.96128,537.78
quat3,-0.64893,-0.13031,0.25455,-0.70506,537.78
quat4,-0.14129,-0.46706,0.19455,-0.85091,537.78
quat5,0.00000,0.00000,0.00000,-1.00000,537.78
quat6,0.00000,0.00000,0.00000,-1.00000,537.78
quat7,0.00000,0.00000,0.00000,-1.00000,537.78
quat8,0.00000,0.00000,0.00000,-1.00000,537.78
quat0,-0.80254,-0.58268,-0.10726,0.07010,537.8
quat1,-0.18083,-0.11650,-0.46601,0.85823,537.8
quat2,-0.17035,0.13905,-0.09933,-0.97045,537.8
quat3,-0.60046,-0.16208,0.24500,-0.74375,537.8
quat4,-0.10493,-0.47718,0.16058,-0.85762,537.8
quat5,0.00000,0.00000,0.00000,-1.00000,537.8
quat6,0.00000,0.00000,0.00000,-1.00000,537.8
quat7,0.00000,0.00000,0.00000,-1.00000,537.8
quat8,0.00000,0.00000,0.00000,-1.00000,537.8
quat0,-0.79860,-0.58582,-0.12495,0.05868,537.82
quat1,-0.20903,-0.09450,-0.49988,0.83516,537.82
quat2,-0.14144,0.12625,-0.07896,-0.97868,537.82
quat3,-0.55162,-0.19129,0.23463,-0.77722,537.82
quat4,-0.06814,-0.48414,0.13528,-0.86178,537.82
quat5,0.00000,0.00000,0.00000,-1.00000,537.82
quat6,0.00000,0.00000,0.00000,-1.00000,537.82
quat7,0.00000,0.00000,0.00000,-1.00000,537.82
quat8,0.00000,0.00000,0.00000,-1.00000,537.82
quat0,-0.79287,-0.59089,-0.14283,0.04242,537.84
quat1,-0.23702,-0.07225,-0.53318,0.80890,537.84
quat2,-0.11102,0.11597,-0.05451,-0.98552,537.84
quat3,-0.50180,-0.21970,0.22481,-0.80585,537.84
quat4,-0.03275,-0.49316,0.11775,-0.86131,537.84
quat5,0.00000,0.00000,0.00000,-1.00000,537.84
quat6,0.00000,0.00000,0.00000,-1.00000,537.84
quat7,0.00000,0.00000,0.00000,-1.00000,537.84
quat8,0.00000,0.00000,0.00000,-1.00000,537.84
quat0,-0.78501,-0.59392,-0.17394,0.02766,537.86
quat1,-0.26561,-0.04981,-0.56589,0.77893,537.86
quat2,-0.08024,0.10702,-0.02688,-0.99065,537.86
quat3,-0.45238,-0.24586,0.21492,-0.82989,537.86
quat4,-0.00069,-0.50626,0.10754,-0.85565,537.86
quat5,0.00000,0.00000,0.00000,-1.00000,537.86
quat6,0.00000,0.00000,0.00000,-1.00000,537.86
quat7,0.00000,0.00000,0.00000,-1.00000,537.86
quat8,0.00000,0.00000,0.00000,-1.00000,537.86
quat0,-0.77474,-0.60490,-0.18385,0.00838,537.88
quat1,-0.29409,-0.02637,-0.59742,0.74559,537.88
quat2,-0.04879,0.09900,0.00304,-0.99389,537.88
quat3,-0.40376,-0.27467,0.20590,-0.84802,537.88
quat4,0.02884,-0.52360,0.10127,-0.84543,537.88
quat5,0.00000,0.00000,0.00000,-1.00000,537.88
quat6,0.00000,0.00000,0.00000,-1.00000,537.88
quat7,0.00000,0.00000,0.00000,-1.00000,537.88
quat8,0.00000,0.00000,0.00000,-1.00000,537.88
quat0,-0.76128,-0.61128,-0.21539,-0.01980,537.9
quat1,-0.32222,-0.00126,-0.62739,0.70891,537.9
quat2,-0.01735,0.08965,0.03502,-0.99521,537.9
quat3,-0.35505,-0.31016,0.20013,-0.85889,537.9
quat4,0.05522,-0.54373,0.09855,-0.83162,537.9
quat5,0.00000,0.00000,0.00000,-1.00000,537.9
quat6,0.00000,0.00000,0.00000,-1.00000,537.9
quat7,0.00000,0.00000,0.00000,-1.00000,537.9
quat8,0.00000,0.00000,0.00000,-1.00000,537.9
quat0,-0.74779,-0.62409,-0.22495,-0.02674,537.92
quat1,-0.34842,0.02275,-0.65572,0.66942,537.92
quat2,0.01353,0.07893,0.06903,-0.99439,537.92
quat3,-0.30882,-0.34751,0.19493,-0.86364,537.92
quat4,0.07764,-0.56671,0.09823,-0.81435,537.92
quat5,0.00000,0.00000,0.00000,-1.00000,537.92
quat6,0.00000,0.00000,0.00000,-1.00000,537.92
quat7,0.00000,0.00000,0.00000,-1.00000,537.92
quat8,0.00000,0.00000,0.00000,-1.00000,537.92
quat0,-0.72671,-0.63712,-0.25287,-0.04515,537.94
quat1,-0.37393,0.04513,-0.68218,0.62672,537.94
quat2,0.04380,0.06775,0.10441,-0.99126,537.94
quat3,-0.26646,-0.38182,0.19049,-0.86425,537.94
quat4,0.09535,-0.58999,0.09753,-0.79580,537.94
quat5,0.00000,0.00000,0.00000,-1.00000,537.94
quat6,0.00000,0.00000,0.00000,-1.00000,537.94
quat7,0.00000,0.00000,0.00000,-1.00000,537.94
quat8,0.00000,0.00000,0.00000,-1.00000,537.94
quat0,-0.70492,-0.64859,-0.28106,-0.05859,537.96
quat1,-0.39783,0.06758,-0.70618,0.58179,537.96
quat2,0.07353,0.05509,0.14076,-0.98577,537.96
quat3,-0.22736,-0.41260,0.18786,-0.86184,537.96
quat4,0.11157,-0.61023,0.09503,-0.77855,537.96
quat5,0.00000,0.00000,0.00000,-1.00000,537.96
quat6,0.00000,0.00000,0.00000,-1.00000,537.96
quat7,0.00000,0.00000,0.00000,-1.00000,537.96
quat8,0.00000,0.00000,0.00000,-1.00000,537.96
quat0,-0.68847,-0.65831,-0.29694,-0.06683,537.98
quat1,-0.41784,0.08914,-0.72816,0.53595,537.98
quat2,0.10258,0.04085,0.17756,-0.97790,537.98
quat3,-0.19272,-0.43864,0.18649,-0.85772,537.98
quat4,0.12579,-0.62861,0.09296,-0.76183,537.98
quat5,0.00000,0.00000,0.00000,-1.00000,537.98
quat6,0.00000,0.00000,0.00000,-1.00000,537.98
quat7,0.00000,0.00000,0.00000,-1.00000,537.98
quat8,0.00000,0.00000,0.00000,-1.00000,537.98
quat0,-0.66903,-0.66959,-0.31275,-0.07898,538
quat1,-0.43558,0.10935,-0.74795,0.48875,538
quat2,0.13043,0.02644,0.21447,-0.96762,538
quat3,-0.16048,-0.46199,0.18530,-0.85234,538
quat4,0.13897,-0.64674,0.08772,-0.74480,538
quat5,0.00000,0.00000,0.00000,-1.00000,538
quat6,0.00000,0.00000,0.00000,-1.00000,538
quat7,0.00000,0.00000,0.00000,-1.00000,538
quat8,0.00000,0.00000,0.00000,-1.00000,538
quat0,-0.65260,-0.68131,-0.32019,-0.08607,538.02
quat1,-0.45199,0.12823,-0.76544,0.43974,538.02
quat2,0.15738,0.01112,0.25094,-0.95506,538.02
quat3,-0.13067,-0.48118,0.18540,-0.84677,538.02
quat4,0.15021,-0.66509,0.08052,-0.72706,538.02
quat5,0.00000,0.00000,0.00000,-1.00000,538.02
quat6,0.00000,0.00000,0.00000,-1.00000,538.02
quat7,0.00000,0.00000,0.00000,-1.00000,538.02
quat8,0.00000,0.00000,0.00000,-1.00000,538.02
quat0,-0.63517,-0.69246,-0.32954,-0.09201,538.04
quat1,-0.46664,0.14644,-0.78062,0.38915,538.04
quat2,0.18408,-0.00605,0.28698,-0.94006,538.04
quat3,-0.10172,-0.49895,0.18729,-0.84002,538.04
quat4,0.16018,-0.68146,0.07254,-0.71041,538.04
quat5,0.00000,0.00000,0.00000,-1.00000,538.04
quat6,0.00000,0.00000,0.00000,-1.00000,538.04
quat7,0.00000,0.00000,0.00000,-1.00000,538.04
quat8,0.00000,0.00000,0.00000,-1.00000,538.04
quat0,-0.61707,-0.70802,-0.33046,-0.09342,538.06
quat1,-0.47891,0.16349,-0.79367,0.33764,538.06
quat2,0.21029,-0.02440,0.32261,-0.92255,538.06
quat3,-0.07396,-0.51624,0.18884,-0.83209,538.06
quat4,0.16911,-0.69441,0.06454,-0.69644,538.06
quat5,0.00000,0.00000,0.00000,-1.00000,538.06
quat6,0.00000,0.00000,0.00000,-1.00000,538.06
quat7,0.00000,0.00000,0.00000,-1.00000,538.06
quat8,0.00000,0.00000,0.00000,-1.00000,538.06
quat0,-0.59946,-0.72360,-0.32968,-0.09140,538.08
quat1,-0.48887,0.17900,-0.80430,0.28647,538.08
quat2,0.23436,-0.04181,0.35857,-0.90264,538.08
quat3,-0.05042,-0.53342,0.18938,-0.82284,538.08
quat4,0.17740,-0.70508,0.05501,-0.68437,538.08
quat5,0.00000,0.00000,0.00000,-1.00000,538.08
quat6,0.00000,0.00000,0.00000,-1.00000,538.08
quat7,0.00000,0.00000,0.00000,-1.00000,538.08
quat8,0.00000,0.00000,0.00000,-1.00000,538.08
quat0,-0.58111,-0.74114,-0.32479,-0.08687,538.1
quat1,-0.49533,0.19311,-0.81330,0.23643,538.1
quat2,0.25542,-0.05886,0.39520,-0.88040,538.1
quat3,-0.02850,-0.54817,0.18996,-0.81401,538.1
quat4,0.18335,-0.71377,0.04590,-0.67440,538.1
quat5,0.00000,0.00000,0.00000,-1.00000,538.1
quat6,0.00000,0.00000,0.00000,-1.00000,538.1
quat7,0.00000,0.00000,0.00000,-1.00000,538.1
quat8,0.00000,0.00000,0.00000,-1.00000,538.1
quat0,-0.56153,-0.75568,-0.32776,-0.07878,538.12
quat1,-0.49652,0.20550,-0.82172,0.18980,538.12
quat2,0.27356,-0.07734,0.43134,-0.85623,538.12
quat3,-0.00293,-0.55907,0.19255,-0.80645,538.12
quat4,0.18649,-0.71805,0.03829,-0.66945,538.12
quat5,0.00000,0.00000,0.00000,-1.00000,538.12
quat6,0.00000,0.00000,0.00000,-1.00000,538.12
quat7,0.00000,0.00000,0.00000,-1.00000,538.12
quat8,0.00000,0.00000,0.00000,-1.00000,538.12
quat0,-0.54450,-0.76490,-0.33472,-0.08003,538.14
quat1,-0.49427,0.21763,-0.82871,0.14687,538.14
quat2,0.28916,-0.09861,0.46566,-0.83055,538.14
quat3,0.02075,-0.56049,0.19920,-0.80358,538.14
quat4,0.18863,-0.71701,0.03181,-0.67031,538.14
quat5,0.00000,0.00000,0.00000,-1.00000,538.14
quat6,0.00000,0.00000,0.00000,-1.00000,538.14
quat7,0.00000,0.00000,0.00000,-1.00000,538.14
quat8,0.00000,0.00000,0.00000,-1.00000,538.14
quat0,-0.53067,-0.77472,-0.33538,-0.07559,538.16
quat1,-0.48753,0.23067,-0.83484,0.11026,538.16
quat2,0.30135,-0.12062,0.49628,-0.80520,538.16
quat3,0.04108,-0.55502,0.20501,-0.80513,538.16
quat4,0.19221,-0.70953,0.02667,-0.67743,538.16
quat5,0.00000,0.00000,0.00000,-1.00000,538.16
quat6,0.00000,0.00000,0.00000,-1.00000,538.16
quat7,0.00000,0.00000,0.00000,-1.00000,538.16
quat8,0.00000,0.00000,0.00000,-1.00000,538.16
quat0,-0.51434,-0.78621,-0.33612,-0.06598,538.18
quat1,-0.47984,0.24219,-0.83949,0.07970,538.18
quat2,0.30927,-0.14199,0.52231,-0.78191,538.18
quat3,0.05636,-0.54928,0.20812,-0.80734,538.18
quat4,0.19926,-0.69643,0.02256,-0.68904,538.18
quat5,0.00000,0.00000,0.00000,-1.00000,538.18
quat6,0.00000,0.00000,0.00000,-1.00000,538.18
quat7,0.00000,0.00000,0.00000,-1.00000,538.18
quat8,0.00000,0.00000,0.00000,-1.00000,538.18
quat0,-0.49971,-0.79195,-0.34386,-0.06977,538.2
quat1,-0.47356,0.24937,-0.84295,0.05467,538.2
quat2,0.30993,-0.16061,0.54391,-0.76309,538.2
quat3,0.06683,-0.54733,0.20971,-0.80746,538.2
quat4,0.20833,-0.68748,0.01805,-0.69544,538.2
quat5,0.00000,0.00000,0.00000,-1.00000,538.2
quat6,0.00000,0.00000,0.00000,-1.00000,538.2
quat7,0.00000,0.00000,0.00000,-1.00000,538.2
quat8,0.00000,0.00000,0.00000,-1.00000,538.2
quat0,-0.49358,-0.79720,-0.34198,-0.06243,538.22
quat1,-0.46594,0.25136,-0.84756,0.03689,538.22
quat2,0.30242,-0.17532,0.56116,-0.75027,538.22
quat3,0.07324,-0.55091,0.21024,-0.80432,538.22
quat4,0.21686,-0.68773,0.01276,-0.69270,538.22
quat5,0.00000,0.00000,0.00000,-1.00000,538.22
quat6,0.00000,0.00000,0.00000,-1.00000,538.22
quat7,0.00000,0.00000,0.00000,-1.00000,538.22
quat8,0.00000,0.00000,0.00000,-1.00000,538.22
quat0,-0.48719,-0.80065,-0.34340,-0.06066,538.24
quat1,-0.45580,0.24943,-0.85399,0.02707,538.24
quat2,0.28819,-0.18747,0.57314,-0.74385,538.24
quat3,0.07665,-0.55820,0.21004,-0.79901,538.24
quat4,0.22311,-0.69525,0.00788,-0.68322,538.24
quat5,0.00000,0.00000,0.00000,-1.00000,538.24
quat6,0.00000,0.00000,0.00000,-1.00000,538.24
quat7,0.00000,0.00000,0.00000,-1.00000,538.24
quat8,0.00000,0.00000,0.00000,-1.00000,538.24
quat0,-0.48350,-0.80297,-0.34400,-0.05602,538.26
quat1,-0.44318,0.24418,-0.86217,0.02522,538.26
quat2,0.26865,-0.19722,0.57937,-0.74382,538.26
quat3,0.07773,-0.56584,0.20998,-0.79353,538.26
quat4,0.22637,-0.70585,0.00461,-0.67120,538.26
quat5,0.00000,0.00000,0.00000,-1.00000,538.26
quat6,0.00000,0.00000,0.00000,-1.00000,538.26
quat7,0.00000,0.00000,0.00000,-1.00000,538.26
quat8,0.00000,0.00000,0.00000,-1.00000,538.26
quat0,-0.48512,-0.80287,-0.34269,-0.05117,538.28
quat1,-0.43025,0.23617,-0.87075,0.03022,538.28
quat2,0.24647,-0.20354,0.57942,-0.74974,538.28
quat3,0.07569,-0.57155,0.21072,-0.78943,538.28
quat4,0.22706,-0.71334,0.00494,-0.66300,538.28
quat5,0.00000,0.00000,0.00000,-1.00000,538.28
quat6,0.00000,0.00000,0.00000,-1.00000,538.28
quat7,0.00000,0.00000,0.00000,-1.00000,538.28
quat8,0.00000,0.00000,0.00000,-1.00000,538.28
quat0,-0.48994,-0.80050,-0.34249,-0.04315,538.3
quat1,-0.41864,0.22678,-0.87839,0.04183,538.3
quat2,0.22335,-0.20568,0.57314,-0.76114,538.3
quat3,0.07110,-0.57473,0.21297,-0.78694,538.3
quat4,0.22683,-0.71533,0.00923,-0.66088,538.3
quat5,0.00000,0.00000,0.00000,-1.00000,538.3
quat6,0.00000,0.00000,0.00000,-1.00000,538.3
quat7,0.00000,0.00000,0.00000,-1.00000,538.3
quat8,0.00000,0.00000,0.00000,-1.00000,538.3
quat0,-0.50060,-0.79581,-0.33892,-0.03485,538.32
quat1,-0.40765,0.21664,-0.88503,0.06004,538.32
quat2,0.20093,-0.20344,0.56085,-0.77697,538.32
quat3,0.06326,-0.57614,0.21541,-0.78591,538.32
quat4,0.22575,-0.71556,0.01587,-0.66087,538.32
quat5,0.00000,0.00000,0.00000,-1.00000,538.32
quat6,0.00000,0.00000,0.00000,-1.00000,538.32
quat7,0.00000,0.00000,0.00000,-1.00000,538.32
quat8,0.00000,0.00000,0.00000,-1.00000,538.32
quat0,-0.51445,-0.79015,-0.33215,-0.02606,538.34
quat1,-0.39635,0.20623,-0.89067,0.08411,538.34
quat2,0.18088,-0.19749,0.54232,-0.79635,538.34
quat3,0.05218,-0.57631,0.21780,-0.78594,538.34
quat4,0.22358,-0.71719,0.02293,-0.65964,538.34
quat5,0.00000,0.00000,0.00000,-1.00000,538.34
quat6,0.00000,0.00000,0.00000,-1.00000,538.34
quat7,0.00000,0.00000,0.00000,-1.00000,538.34
quat8,0.00000,0.00000,0.00000,-1.00000,538.34
quat0,-0.53000,-0.78264,-0.32592,-0.01883,538.36
quat1,-0.38502,0.19510,-0.89482,0.11402,538.36
quat2,0.16455,-0.18931,0.51791,-0.81784,538.36
quat3,0.03820,-0.57510,0.22055,-0.78687,538.36
quat4,0.22120,-0.71996,0.03099,-0.65709,538.36
quat5,0.00000,0.00000,0.00000,-1.00000,538.36
quat6,0.00000,0.00000,0.00000,-1.00000,538.36
quat7,0.00000,0.00000,0.00000,-1.00000,538.36
quat8,0.00000,0.00000,0.00000,-1.00000,538.36
quat0,-0.54720,-0.77278,-0.32132,-0.01191,538.38
quat1,-0.37385,0.18413,-0.89676,0.14883,538.38
quat2,0.15149,-0.17777,0.48878,-0.84056,538.38
quat3,0.02169,-0.57104,0.22440,-0.78936,538.38
quat4,0.21874,-0.72150,0.04030,-0.65571,538.38
quat5,0.00000,0.00000,0.00000,-1.00000,538.38
quat6,0.00000,0.00000,0.00000,-1.00000,538.38
quat7,0.00000,0.00000,0.00000,-1.00000,538.38
quat8,0.00000,0.00000,0.00000,-1.00000,538.38
quat0,-0.56723,-0.76049,-0.31605,-0.00370,538.4
quat1,-0.36346,0.17242,-0.89581,0.18892,538.4
quat2,0.13899,-0.16513,0.45546,-0.86370,538.4
quat3,0.00293,-0.56704,0.22674,-0.79187,538.4
quat4,0.21610,-0.72174,0.05106,-0.65558,538.4
quat5,0.00000,0.00000,0.00000,-1.00000,538.4
quat6,0.00000,0.00000,0.00000,-1.00000,538.4
quat7,0.00000,0.00000,0.00000,-1.00000,538.4
quat8,0.00000,0.00000,0.00000,-1.00000,538.4
quat0,-0.58659,-0.74652,-0.31402,0.00364,538.42
quat1,-0.35457,0.16029,-0.89108,0.23357,538.42
quat2,0.12731,-0.15122,0.41813,-0.88662,538.42
quat3,-0.01765,-0.56287,0.22835,-0.79418,538.42
quat4,0.21267,-0.72155,0.06283,-0.65589,538.42
quat5,0.00000,0.00000,0.00000,-1.00000,538.42
quat6,0.00000,0.00000,0.00000,-1.00000,538.42
quat7,0.00000,0.00000,0.00000,-1.00000,538.42
quat8,0.00000,0.00000,0.00000,-1.00000,538.42
quat0,-0.60610,-0.73019,-0.31520,0.01062,538.44
quat1,-0.34736,0.14694,-0.88206,0.28236,538.44
quat2,0.11483,-0.13586,0.37834,-0.90842,538.44
quat3,-0.03939,-0.55765,0.23002,-0.79660,538.44
quat4,0.20843,-0.72040,0.07560,-0.65716,538.44
quat5,0.00000,0.00000,0.00000,-1.00000,538.44
quat6,0.00000,0.00000,0.00000,-1.00000,538.44
quat7,0.00000,0.00000,0.00000,-1.00000,538.44
quat8,0.00000,0.00000,0.00000,-1.00000,538.44
quat0,-0.62230,-0.71547,-0.31689,0.02077,538.46
quat1,-0.34249,0.13130,-0.86774,0.33540,538.46
quat2,0.10026,-0.11568,0.33775,-0.92870,538.46
quat3,-0.06213,-0.55133,0.23168,-0.79906,538.46
quat4,0.20351,-0.71725,0.08922,-0.66044,538.46
quat5,0.00000,0.00000,0.00000,-1.00000,538.46
quat6,0.00000,0.00000,0.00000,-1.00000,538.46
quat7,0.00000,0.00000,0.00000,-1.00000,538.46
quat8,0.00000,0.00000,0.00000,-1.00000,538.46
quat0,-0.64092,-0.69692,-0.32054,0.02785,538.48
quat1,-0.34334,0.11322,-0.84747,0.38871,538.48
quat2,0.08528,-0.08940,0.29704,-0.94684,538.48
quat3,-0.08692,-0.54288,0.23316,-0.80210,538.48
quat4,0.19764,-0.71177,0.10349,-0.66605,538.48
quat5,0.00000,0.00000,0.00000,-1.00000,538.48
quat6,0.00000,0.00000,0.00000,-1.00000,538.48
quat7,0.00000,0.00000,0.00000,-1.00000,538.48
quat8,0.00000,0.00000,0.00000,-1.00000,538.48
quat0,-0.66016,-0.67811,-0.32103,0.03606,538.5
quat1,-0.34774,0.09631,-0.82071,0.44299,538.5
quat2,0.06991,-0.05701,0.25599,-0.96246,538.5
quat3,-0.11385,-0.53280,0.23368,-0.80533,538.5
quat4,0.19093,-0.70608,0.11662,-0.67186,538.5
quat5,0.00000,0.00000,0.00000,-1.00000,538.5
quat6,0.00000,0.00000,0.00000,-1.00000,538.5
quat7,0.00000,0.00000,0.00000,-1.00000,538.5
quat8,0.00000,0.00000,0.00000,-1.00000,538.5
quat0,-0.67493,-0.66227,-0.32231,0.04460,538.52
quat1,-0.35376,0.08040,-0.78932,0.49534,538.52
quat2,0.05430,-0.02026,0.21518,-0.97485,538.52
quat3,-0.14339,-0.52022,0.23298,-0.80903,538.52
quat4,0.18318,-0.70182,0.12946,-0.67612,538.52
quat5,0.00000,0.00000,0.00000,-1.00000,538.52
quat6,0.00000,0.00000,0.00000,-1.00000,538.52
quat7,0.00000,0.00000,0.00000,-1.00000,538.52
quat8,0.00000,0.00000,0.00000,-1.00000,538.52
quat0,-0.69181,-0.64529,-0.31922,0.05564,538.54
quat1,-0.35630,0.06787,-0.75584,0.54511,538.54
quat2,0.04172,0.01771,0.17492,-0.98354,538.54
quat3,-0.17441,-0.50610,0.23260,-0.81200,538.54
quat4,0.17340,-0.69804,0.14219,-0.68005,538.54
quat5,0.00000,0.00000,0.00000,-1.00000,538.54
quat6,0.00000,0.00000,0.00000,-1.00000,538.54
quat7,0.00000,0.00000,0.00000,-1.00000,538.54
quat8,0.00000,0.00000,0.00000,-1.00000,538.54
quat0,-0.70718,-0.63028,-0.31304,0.06812,538.56
quat1,-0.35621,0.05802,-0.72118,0.59131,538.56
quat2,0.03147,0.04883,0.13538,-0.98909,538.56
quat3,-0.20688,-0.49149,0.23190,-0.81355,538.56
quat4,0.16119,-0.69332,0.15549,-0.68495,538.56
quat5,0.00000,0.00000,0.00000,-1.00000,538.56
quat6,0.00000,0.00000,0.00000,-1.00000,538.56
quat7,0.00000,0.00000,0.00000,-1.00000,538.56
quat8,0.00000,0.00000,0.00000,-1.00000,538.56
quat0,-0.72352,-0.61573,-0.30210,0.07829,538.58
quat1,-0.35466,0.05040,-0.68524,0.63413,538.58
quat2,0.02085,0.07073,0.09745,-0.99250,538.58
quat3,-0.24035,-0.47713,0.23033,-0.81334,538.58
quat4,0.14608,-0.68810,0.16943,-0.69027,538.58
quat5,0.00000,0.00000,0.00000,-1.00000,538.58
quat6,0.00000,0.00000,0.00000,-1.00000,538.58
quat7,0.00000,0.00000,0.00000,-1.00000,538.58
quat8,0.00000,0.00000,0.00000,-1.00000,538.58
quat0,-0.73633,-0.60534,-0.28932,0.08759,538.6
quat1,-0.35058,0.04557,-0.64890,0.67375,538.6
quat2,0.00752,0.08838,0.06261,-0.99409,538.6
quat3,-0.27393,-0.46146,0.22999,-0.81186,538.6
quat4,0.12703,-0.67996,0.18398,-0.69834,538.6
quat5,0.00000,0.00000,0.00000,-1.00000,538.6
quat6,0.00000,0.00000,0.00000,-1.00000,538.6
quat7,0.00000,0.00000,0.00000,-1.00000,538.6
quat8,0.00000,0.00000,0.00000,-1.00000,538.6
quat0,-0.75147,-0.59211,-0.27354,0.09943,538.62
quat1,-0.34163,0.04057,-0.61390,0.71047,538.62
quat2,-0.00796,0.10427,0.03096,-0.99404,538.62
quat3,-0.30865,-0.44085,0.23267,-0.81010,538.62
quat4,0.10374,-0.66755,0.19921,-0.70988,538.62
quat5,0.00000,0.00000,0.00000,-1.00000,538.62
quat6,0.00000,0.00000,0.00000,-1.00000,538.62
quat7,0.00000,0.00000,0.00000,-1.00000,538.62
quat8,0.00000,0.00000,0.00000,-1.00000,538.62
quat0,-0.76215,-0.58255,-0.25993,0.11047,538.64
quat1,-0.32869,0.03446,-0.58037,0.74428,538.64
quat2,-0.02601,0.11457,0.00177,-0.99307,538.64
quat3,-0.34430,-0.41406,0.23693,-0.80863,538.64
quat4,0.07544,-0.64947,0.21652,-0.72499,538.64
quat5,0.00000,0.00000,0.00000,-1.00000,538.64
quat6,0.00000,0.00000,0.00000,-1.00000,538.64
quat7,0.00000,0.00000,0.00000,-1.00000,538.64
quat8,0.00000,0.00000,0.00000,-1.00000,538.64
quat0,-0.77185,-0.57453,-0.24396,0.12103,538.66
quat1,-0.31068,0.02765,-0.54788,0.77624,538.66
quat2,-0.04666,0.12031,-0.02399,-0.99135,538.66
quat3,-0.38103,-0.38126,0.24118,-0.80702,538.66
quat4,0.04299,-0.62611,0.23473,-0.74232,538.66
quat5,0.00000,0.00000,0.00000,-1.00000,538.66
quat6,0.00000,0.00000,0.00000,-1.00000,538.66
quat7,0.00000,0.00000,0.00000,-1.00000,538.66
quat8,0.00000,0.00000,0.00000,-1.00000,538.66
quat0,-0.78007,-0.56768,-0.22926,0.12909,538.68
quat1,-0.28871,0.02063,-0.51582,0.80632,538.68
quat2,-0.06938,0.12105,-0.04530,-0.98918,538.68
quat3,-0.41995,-0.34268,0.24528,-0.80377,538.68
quat4,0.00694,-0.59831,0.25482,-0.75963,538.68
quat5,0.00000,0.00000,0.00000,-1.00000,538.68
quat6,0.00000,0.00000,0.00000,-1.00000,538.68
quat7,0.00000,0.00000,0.00000,-1.00000,538.68
quat8,0.00000,0.00000,0.00000,-1.00000,538.68
quat0,-0.78719,-0.56198,-0.21477,0.13559,538.7
quat1,-0.26430,0.01457,-0.48416,0.83398,538.7
quat2,-0.09231,0.11978,-0.06095,-0.98662,538.7
quat3,-0.45964,-0.30231,0.25020,-0.79671,538.7
quat4,-0.03123,-0.56854,0.27683,-0.77404,538.7
quat5,0.00000,0.00000,0.00000,-1.00000,538.7
quat6,0.00000,0.00000,0.00000,-1.00000,538.7
quat7,0.00000,0.00000,0.00000,-1.00000,538.7
quat8,0.00000,0.00000,0.00000,-1.00000,538.7
quat0,-0.79202,-0.55882,-0.20043,0.14232,538.72
quat1,-0.23526,0.01149,-0.45165,0.86054,538.72
quat2,-0.11483,0.12039,-0.07152,-0.98347,538.72
quat3,-0.49997,-0.26422,0.25615,-0.78397,538.72
quat4,-0.06922,-0.53827,0.30340,-0.78321,538.72
quat5,0.00000,0.00000,0.00000,-1.00000,538.72
quat6,0.00000,0.00000,0.00000,-1.00000,538.72
quat7,0.00000,0.00000,0.00000,-1.00000,538.72
quat8,0.00000,0.00000,0.00000,-1.00000,538.72
quat0,-0.79608,-0.55713,-0.18386,0.14854,538.74
quat1,-0.20295,0.00744,-0.42113,0.88397,538.74
quat2,-0.13692,0.12430,-0.07748,-0.97970,538.74
quat3,-0.54086,-0.23133,0.26410,-0.76433,538.74
quat4,-0.10394,-0.50945,0.33407,-0.78617,538.74
quat5,0.00000,0.00000,0.00000,-1.00000,538.74
quat6,0.00000,0.00000,0.00000,-1.00000,538.74
quat7,0.00000,0.00000,0.00000,-1.00000,538.74
quat8,0.00000,0.00000,0.00000,-1.00000,538.74
quat0,-0.80045,-0.55521,-0.16440,0.15491,538.76
quat1,-0.16959,0.00088,-0.39261,0.90393,538.76
quat2,-0.15907,0.13161,-0.08082,-0.97511,538.76
quat3,-0.58157,-0.20197,0.27648,-0.73793,538.76
quat4,-0.13494,-0.48261,0.36919,-0.78268,538.76
quat5,0.00000,0.00000,0.00000,-1.00000,538.76
quat6,0.00000,0.00000,0.00000,-1.00000,538.76
quat7,0.00000,0.00000,0.00000,-1.00000,538.76
quat8,0.00000,0.00000,0.00000,-1.00000,538.76
quat0,-0.80295,-0.55434,-0.14191,0.16683,538.78
quat1,-0.13600,-0.00887,-0.36697,0.92019,538.78
quat2,-0.18094,0.14279,-0.08241,-0.96958,538.78
quat3,-0.62107,-0.17425,0.29271,-0.70585,538.78
quat4,-0.16085,-0.45664,0.40739,-0.77437,538.78
quat5,0.00000,0.00000,0.00000,-1.00000,538.78
quat6,0.00000,0.00000,0.00000,-1.00000,538.78
quat7,0.00000,0.00000,0.00000,-1.00000,538.78
quat8,0.00000,0.00000,0.00000,-1.00000,538.78
quat0,-0.80406,-0.55530,-0.12311,0.17310,538.8
quat1,-0.10237,-0.02201,-0.34380,0.93319,538.8
quat2,-0.20282,0.15653,-0.08360,-0.96300,538.8
quat3,-0.65784,-0.14771,0.31145,-0.66964,538.8
quat4,-0.18121,-0.42967,0.44875,-0.76235,538.8
quat5,0.00000,0.00000,0.00000,-1.00000,538.8
quat6,0.00000,0.00000,0.00000,-1.00000,538.8
quat7,0.00000,0.00000,0.00000,-1.00000,538.8
quat8,0.00000,0.00000,0.00000,-1.00000,538.8
quat0,-0.80259,-0.55974,-0.10060,0.18006,538.82
quat1,-0.06863,-0.03873,-0.32367,0.94288,538.82
quat2,-0.22417,0.16980,-0.08470,-0.95590,538.82
quat3,-0.69142,-0.12083,0.33071,-0.63085,538.82
quat4,-0.19618,-0.40135,0.49113,-0.74781,538.82
quat5,0.00000,0.00000,0.00000,-1.00000,538.82
quat6,0.00000,0.00000,0.00000,-1.00000,538.82
quat7,0.00000,0.00000,0.00000,-1.00000,538.82
quat8,0.00000,0.00000,0.00000,-1.00000,538.82
quat0,-0.80093,-0.56344,-0.07544,0.18803,538.84
quat1,-0.03756,-0.06048,-0.30643,0.94923,538.84
quat2,-0.24465,0.18023,-0.08675,-0.94876,538.84
quat3,-0.72289,-0.09120,0.34828,-0.58975,538.84
quat4,-0.20553,-0.37160,0.53324,-0.73166,538.84
quat5,0.00000,0.00000,0.00000,-1.00000,538.84
quat6,0.00000,0.00000,0.00000,-1.00000,538.84
quat7,0.00000,0.00000,0.00000,-1.00000,538.84
quat8,0.00000,0.00000,0.00000,-1.00000,538.84
quat0,-0.79730,-0.56895,-0.04931,0.19540,538.86
quat1,-0.00996,-0.08595,-0.29154,0.95264,538.86
quat2,-0.26303,0.18873,-0.08910,-0.94194,538.86
quat3,-0.75137,-0.06010,0.36555,-0.54609,538.86
quat4,-0.21178,-0.33907,0.57273,-0.71566,538.86
quat5,0.00000,0.00000,0.00000,-1.00000,538.86
quat6,0.00000,0.00000,0.00000,-1.00000,538.86
quat7,0.00000,0.00000,0.00000,-1.00000,538.86
quat8,0.00000,0.00000,0.00000,-1.00000,538.86
quat0,-0.79352,-0.57265,-0.02411,0.20447,538.88
quat1,0.01597,-0.11073,-0.27792,0.95407,538.88
quat2,-0.27887,0.19882,-0.09225,-0.93498,538.88
quat3,-0.77655,-0.02770,0.38129,-0.50082,538.88
quat4,-0.21635,-0.30338,0.60869,-0.70046,538.88
quat5,0.00000,0.00000,0.00000,-1.00000,538.88
quat6,0.00000,0.00000,0.00000,-1.00000,538.88
quat7,0.00000,0.00000,0.00000,-1.00000,538.88
quat8,0.00000,0.00000,0.00000,-1.00000,538.88
quat0,-0.79052,-0.57409,0.00551,0.21321,538.9
quat1,0.04018,-0.13352,-0.26500,0.95412,538.9
quat2,-0.29175,0.20528,-0.09425,-0.92944,538.9
quat3,-0.79729,0.00299,0.39677,-0.45485,538.9
quat4,-0.21840,-0.26564,0.64180,-0.68544,538.9
quat5,0.00000,0.00000,0.00000,-1.00000,538.9
quat6,0.00000,0.00000,0.00000,-1.00000,538.9
quat7,0.00000,0.00000,0.00000,-1.00000,538.9
quat8,0.00000,0.00000,0.00000,-1.00000,538.9
quat0,-0.77893,-0.58672,0.02179,0.22033,538.92
quat1,0.06298,-0.15362,-0.25180,0.95343,538.92
quat2,-0.30099,0.20971,-0.09416,-0.92551,538.92
quat3,-0.81321,0.03231,0.41305,-0.40870,538.92
quat4,-0.21958,-0.22680,0.67221,-0.66969,538.92
quat5,0.00000,0.00000,0.00000,-1.00000,538.92
quat6,0.00000,0.00000,0.00000,-1.00000,538.92
quat7,0.00000,0.00000,0.00000,-1.00000,538.92
quat8,0.00000,0.00000,0.00000,-1.00000,538.92
quat0,-0.77006,-0.59509,0.04159,0.22614,538.94
quat1,0.08461,-0.16889,-0.23886,0.95250,538.94
quat2,-0.30741,0.20882,-0.09091,-0.92392,538.94
quat3,-0.82474,0.06273,0.42858,-0.36357,538.94
quat4,-0.22091,-0.18510,0.69953,-0.65391,538.94
quat5,0.00000,0.00000,0.00000,-1.00000,538.94
quat6,0.00000,0.00000,0.00000,-1.00000,538.94
quat7,0.00000,0.00000,0.00000,-1.00000,538.94
quat8,0.00000,0.00000,0.00000,-1.00000,538.94
quat0,-0.75789,-0.60663,0.05961,0.23248,538.96
quat1,0.10633,-0.17981,-0.22703,0.95122,538.96
quat2,-0.31147,0.20484,-0.08574,-0.92394,538.96
quat3,-0.83375,0.09233,0.44166,-0.31822,538.96
quat4,-0.22250,-0.14124,0.72318,-0.63840,538.96
quat5,0.00000,0.00000,0.00000,-1.00000,538.96
quat6,0.00000,0.00000,0.00000,-1.00000,538.96
quat7,0.00000,0.00000,0.00000,-1.00000,538.96
quat8,0.00000,0.00000,0.00000,-1.00000,538.96
quat0,-0.74460,-0.61881,0.08084,0.23688,538.98
quat1,0.12537,-0.19277,-0.21572,0.94899,538.98
quat2,-0.31223,0.20142,-0.08163,-0.92481,538.98
quat3,-0.84039,0.12082,0.45181,-0.27388,538.98
quat4,-0.22275,-0.09668,0.74348,-0.62312,538.98
quat5,0.00000,0.00000,0.00000,-1.00000,538.98
quat6,0.00000,0.00000,0.00000,-1.00000,538.98
quat7,0.00000,0.00000,0.00000,-1.00000,538.98
quat8,0.00000,0.00000,0.00000,-1.00000,538.98
quat0,-0.73103,-0.63042,0.09899,0.24158,539
quat1,0.14248,-0.20911,-0.20402,0.94570,539
quat2,-0.30954,0.20235,-0.07928,-0.92572,539
quat3,-0.84429,0.14773,0.46060,-0.23064,539
quat4,-0.22093,-0.05309,0.76054,-0.60824,539
quat5,0.00000,0.00000,0.00000,-1.00000,539
quat6,0.00000,0.00000,0.00000,-1.00000,539
quat7,0.00000,0.00000,0.00000,-1.00000,539
quat8,0.00000,0.00000,0.00000,-1.00000,539
quat0,-0.72337,-0.63523,0.11716,0.24391,539.02
quat1,0.15756,-0.22528,-0.19157,0.94219,539.02
quat2,-0.30446,0.20742,-0.07832,-0.92636,539.02
quat3,-0.84562,0.17194,0.46902,-0.18812,539.02
quat4,-0.21812,-0.01180,0.77429,-0.59394,539.02
quat5,0.00000,0.00000,0.00000,-1.00000,539.02
quat6,0.00000,0.00000,0.00000,-1.00000,539.02
quat7,0.00000,0.00000,0.00000,-1.00000,539.02
quat8,0.00000,0.00000,0.00000,-1.00000,539.02
quat0,-0.70992,-0.64517,0.13570,0.24769,539.04
quat1,0.16963,-0.23927,-0.17991,0.93894,539.04
quat2,-0.29880,0.21512,-0.07847,-0.92644,539.04
quat3,-0.84510,0.19479,0.47577,-0.14663,539.04
quat4,-0.21637,0.02737,0.78433,-0.58074,539.04
quat5,0.00000,0.00000,0.00000,-1.00000,539.04
quat6,0.00000,0.00000,0.00000,-1.00000,539.04
quat7,0.00000,0.00000,0.00000,-1.00000,539.04
quat8,0.00000,0.00000,0.00000,-1.00000,539.04
quat0,-0.70291,-0.64765,0.15249,0.25144,539.06
quat1,0.17865,-0.25218,-0.16925,0.93587,539.06
quat2,-0.29327,0.22331,-0.07902,-0.92622,539.06
quat3,-0.84359,0.21658,0.47957,-0.10709,539.06
quat4,-0.21641,0.06490,0.79208,-0.56707,539.06
quat5,0.00000,0.00000,0.00000,-1.00000,539.06
quat6,0.00000,0.00000,0.00000,-1.00000,539.06
quat7,0.00000,0.00000,0.00000,-1.00000,539.06
quat8,0.00000,0.00000,0.00000,-1.00000,539.06
quat0,-0.69600,-0.65415,0.16073,0.24869,539.08
quat1,0.18516,-0.26551,-0.15942,0.93263,539.08
quat2,-0.28842,0.22960,-0.07949,-0.92617,539.08
quat3,-0.84116,0.23630,0.48114,-0.07157,539.08
quat4,-0.21592,0.10011,0.79893,-0.55234,539.08
quat5,0.00000,0.00000,0.00000,-1.00000,539.08
quat6,0.00000,0.00000,0.00000,-1.00000,539.08
quat7,0.00000,0.00000,0.00000,-1.00000,539.08
quat8,0.00000,0.00000,0.00000,-1.00000,539.08
quat0,-0.68827,-0.66079,0.17011,0.24638,539.1
quat1,0.19035,-0.27837,-0.15083,0.92926,539.1
quat2,-0.28437,0.23540,-0.07963,-0.92595,539.1
quat3,-0.83681,0.25393,0.48316,-0.04276,539.1
quat4,-0.21427,0.13290,0.80528,-0.53661,539.1
quat5,0.00000,0.00000,0.00000,-1.00000,539.1
quat6,0.00000,0.00000,0.00000,-1.00000,539.1
quat7,0.00000,0.00000,0.00000,-1.00000,539.1
quat8,0.00000,0.00000,0.00000,-1.00000,539.1
quat0,-0.68106,-0.66475,0.18357,0.24611,539.12
quat1,0.19174,-0.29099,-0.14317,0.92632,539.12
quat2,-0.28017,0.24416,-0.08017,-0.92491,539.12
quat3,-0.83072,0.26949,0.48663,-0.02165,539.12
quat4,-0.21178,0.16295,0.81075,-0.52084,539.12
quat5,0.00000,0.00000,0.00000,-1.00000,539.12
quat6,0.00000,0.00000,0.00000,-1.00000,539.12
quat7,0.00000,0.00000,0.00000,-1.00000,539.12
quat8,0.00000,0.00000,0.00000,-1.00000,539.12
quat0,-0.67787,-0.67153,0.18050,0.23867,539.14
quat1,0.19188,-0.30292,-0.13789,0.92326,539.14
quat2,-0.27630,0.25423,-0.08094,-0.92329,539.14
quat3,-0.82265,0.28353,0.49272,-0.00944,539.14
quat4,-0.20783,0.19002,0.81565,-0.50539,539.14
quat5,0.00000,0.00000,0.00000,-1.00000,539.14
quat6,0.00000,0.00000,0.00000,-1.00000,539.14
quat7,0.00000,0.00000,0.00000,-1.00000,539.14
quat8,0.00000,0.00000,0.00000,-1.00000,539.14
quat0,-0.67321,-0.67457,0.18596,0.23909,539.16
quat1,0.19029,-0.31365,-0.13519,0.92040,539.16
quat2,-0.27310,0.26535,-0.08251,-0.92098,539.16
quat3,-0.81365,0.29434,0.50132,-0.00486,539.16
quat4,-0.20231,0.21406,0.81987,-0.49098,539.16
quat5,0.00000,0.00000,0.00000,-1.00000,539.16
quat6,0.00000,0.00000,0.00000,-1.00000,539.16
quat7,0.00000,0.00000,0.00000,-1.00000,539.16
quat8,0.00000,0.00000,0.00000,-1.00000,539.16
quat0,-0.67546,-0.67859,0.17991,0.22561,539.18
quat1,0.18721,-0.32190,-0.13584,0.91808,539.18
quat2,-0.27074,0.27467,-0.08412,-0.91880,539.18
quat3,-0.80519,0.29976,0.51164,-0.00557,539.18
quat4,-0.19452,0.23418,0.82309,-0.47942,539.18
quat5,0.00000,0.00000,0.00000,-1.00000,539.18
quat6,0.00000,0.00000,0.00000,-1.00000,539.18
quat7,0.00000,0.00000,0.00000,-1.00000,539.18
quat8,0.00000,0.00000,0.00000,-1.00000,539.18
quat0,-0.67689,-0.67953,0.17939,0.21881,539.2
quat1,0.18219,-0.32722,-0.13910,0.91673,539.2
quat2,-0.26904,0.27989,-0.08408,-0.91772,539.2
quat3,-0.79641,0.30077,0.52455,-0.01056,539.2
quat4,-0.18243,0.24710,0.82479,-0.47474,539.2
quat5,0.00000,0.00000,0.00000,-1.00000,539.2
quat6,0.00000,0.00000,0.00000,-1.00000,539.2
quat7,0.00000,0.00000,0.00000,-1.00000,539.2
quat8,0.00000,0.00000,0.00000,-1.00000,539.2
quat0,-0.68137,-0.67881,0.17487,0.21063,539.22
quat1,0.17575,-0.33016,-0.14458,0.91608,539.22
quat2,-0.26731,0.28110,-0.08139,-0.91810,539.22
quat3,-0.78817,0.29816,0.53809,-0.01861,539.22
quat4,-0.16510,0.24952,0.82480,-0.47977,539.22
quat5,0.00000,0.00000,0.00000,-1.00000,539.22
quat6,0.00000,0.00000,0.00000,-1.00000,539.22
quat7,0.00000,0.00000,0.00000,-1.00000,539.22
quat8,0.00000,0.00000,0.00000,-1.00000,539.22
quat0,-0.68720,-0.67651,0.17050,0.20255,539.24
quat1,0.16735,-0.33186,-0.15147,0.91593,539.24
quat2,-0.26506,0.28283,-0.07623,-0.91866,539.24
quat3,-0.78209,0.29159,0.54997,-0.02903,539.24
quat4,-0.14465,0.24212,0.82199,-0.49475,539.24
quat5,0.00000,0.00000,0.00000,-1.00000,539.24
quat6,0.00000,0.00000,0.00000,-1.00000,539.24
quat7,0.00000,0.00000,0.00000,-1.00000,539.24
quat8,0.00000,0.00000,0.00000,-1.00000,539.24
quat0,-0.69434,-0.67334,0.16439,0.19360,539.26
quat1,0.15701,-0.33398,-0.15951,0.91562,539.26
quat2,-0.26202,0.28714,-0.07005,-0.91869,539.26
quat3,-0.77796,0.28197,0.55992,-0.04204,539.26
quat4,-0.12266,0.22627,0.81588,-0.51779,539.26
quat5,0.00000,0.00000,0.00000,-1.00000,539.26
quat6,0.00000,0.00000,0.00000,-1.00000,539.26
quat7,0.00000,0.00000,0.00000,-1.00000,539.26
quat8,0.00000,0.00000,0.00000,-1.00000,539.26
quat0,-0.70254,-0.66864,0.15697,0.18634,539.28
quat1,0.14531,-0.33533,-0.16887,0.91538,539.28
quat2,-0.25882,0.29273,-0.06367,-0.91830,539.28
quat3,-0.77505,0.27018,0.56828,-0.05788,539.28
quat4,-0.10423,0.20555,0.80580,-0.54550,539.28
quat5,0.00000,0.00000,0.00000,-1.00000,539.28
quat6,0.00000,0.00000,0.00000,-1.00000,539.28
quat7,0.00000,0.00000,0.00000,-1.00000,539.28
quat8,0.00000,0.00000,0.00000,-1.00000,539.28
quat0,-0.71254,-0.66168,0.14870,0.17987,539.3
quat1,0.13271,-0.33524,-0.17934,0.91534,539.3
quat2,-0.25640,0.29735,-0.05782,-0.91788,539.3
quat3,-0.77267,0.25664,0.57538,-0.07777,539.3
quat4,-0.09352,0.18361,0.79162,-0.57522,539.3
quat5,0.00000,0.00000,0.00000,-1.00000,539.3
quat6,0.00000,0.00000,0.00000,-1.00000,539.3
quat7,0.00000,0.00000,0.00000,-1.00000,539.3
quat8,0.00000,0.00000,0.00000,-1.00000,539.3
quat0,-0.72322,-0.65362,0.13910,0.17432,539.32
quat1,0.11932,-0.33376,-0.19034,0.91550,539.32
quat2,-0.25504,0.29770,-0.05333,-0.91841,539.32
quat3,-0.77073,0.24160,0.58067,-0.10212,539.32
quat4,-0.09081,0.16261,0.77376,-0.60549,539.32
quat5,0.00000,0.00000,0.00000,-1.00000,539.32
quat6,0.00000,0.00000,0.00000,-1.00000,539.32
quat7,0.00000,0.00000,0.00000,-1.00000,539.32
quat8,0.00000,0.00000,0.00000,-1.00000,539.32
quat0,-0.73532,-0.64368,0.12847,0.16872,539.34
quat1,0.10453,-0.33013,-0.20213,0.91610,539.34
quat2,-0.25486,0.29225,-0.05075,-0.92036,539.34
quat3,-0.76918,0.22507,0.58345,-0.13149,539.34
quat4,-0.09393,0.14277,0.75235,-0.63621,539.34
quat5,0.00000,0.00000,0.00000,-1.00000,539.34
quat6,0.00000,0.00000,0.00000,-1.00000,539.34
quat7,0.00000,0.00000,0.00000,-1.00000,539.34
quat8,0.00000,0.00000,0.00000,-1.00000,539.34
quat0,-0.74758,-0.63293,0.11753,0.16341,539.36
quat1,0.08713,-0.32425,-0.21407,0.91730,539.36
quat2,-0.25568,0.28309,-0.05058,-0.92300,539.36
quat3,-0.76744,0.20694,0.58372,-0.16582,539.36
quat4,-0.10030,0.12348,0.72787,-0.66701,539.36
quat5,0.00000,0.00000,0.00000,-1.00000,539.36
quat6,0.00000,0.00000,0.00000,-1.00000,539.36
quat7,0.00000,0.00000,0.00000,-1.00000,539.36
quat8,0.00000,0.00000,0.00000,-1.00000,539.36
quat0,-0.76088,-0.62070,0.10563,0.15693,539.38
quat1,0.06746,-0.31784,-0.22512,0.91856,539.38
quat2,-0.25807,0.27404,-0.05245,-0.92496,539.38
quat3,-0.76463,0.18745,0.58148,-0.20513,539.38
quat4,-0.10636,0.10170,0.70055,-0.69827,539.38
quat5,0.00000,0.00000,0.00000,-1.00000,539.38
quat6,0.00000,0.00000,0.00000,-1.00000,539.38
quat7,0.00000,0.00000,0.00000,-1.00000,539.38
quat8,0.00000,0.00000,0.00000,-1.00000,539.38
quat0,-0.77328,-0.60907,0.09272,0.14995,539.4
quat1,0.04656,-0.31154,-0.23554,0.91940,539.4
quat2,-0.26169,0.26703,-0.05671,-0.92574,539.4
quat3,-0.76033,0.16627,0.57639,-0.24906,539.4
quat4,-0.10971,0.07430,0.67162,-0.72895,539.4
quat5,0.00000,0.00000,0.00000,-1.00000,539.4
quat6,0.00000,0.00000,0.00000,-1.00000,539.4
quat7,0.00000,0.00000,0.00000,-1.00000,539.4
quat8,0.00000,0.00000,0.00000,-1.00000,539.4
quat0,-0.78515,-0.59809,0.07748,0.14082,539.42
quat1,0.02367,-0.30422,-0.24707,0.91970,539.42
quat2,-0.26560,0.26049,-0.06271,-0.92611,539.42
quat3,-0.75481,0.14251,0.56775,-0.29600,539.42
quat4,-0.10923,0.03797,0.64076,-0.75898,539.42
quat5,0.00000,0.00000,0.00000,-1.00000,539.42
quat6,0.00000,0.00000,0.00000,-1.00000,539.42
quat7,0.00000,0.00000,0.00000,-1.00000,539.42
quat8,0.00000,0.00000,0.00000,-1.00000,539.42
quat0,-0.79567,-0.58815,0.06405,0.12998,539.44
quat1,-0.00064,-0.29488,-0.26141,0.91908,539.44
quat2,-0.26922,0.25167,-0.06916,-0.92704,539.44
quat3,-0.74750,0.11841,0.55504,-0.34520,539.44
quat4,-0.10817,-0.00622,0.60759,-0.78682,539.44
quat5,0.00000,0.00000,0.00000,-1.00000,539.44
quat6,0.00000,0.00000,0.00000,-1.00000,539.44
quat7,0.00000,0.00000,0.00000,-1.00000,539.44
quat8,0.00000,0.00000,0.00000,-1.00000,539.44
quat0,-0.80459,-0.58012,0.04825,0.11737,539.46
quat1,-0.02484,-0.28326,-0.27876,0.91730,539.46
quat2,-0.27220,0.23907,-0.07513,-0.92904,539.46
quat3,-0.73761,0.09806,0.53791,-0.39620,539.46
quat4,-0.10979,-0.05391,0.57210,-0.81101,539.46
quat5,0.00000,0.00000,0.00000,-1.00000,539.46
quat6,0.00000,0.00000,0.00000,-1.00000,539.46
quat7,0.00000,0.00000,0.00000,-1.00000,539.46
quat8,0.00000,0.00000,0.00000,-1.00000,539.46
quat0,-0.81056,-0.57525,0.03192,0.10517,539.48
quat1,-0.04892,-0.27048,-0.29779,0.91420,539.48
quat2,-0.27317,0.22487,-0.08021,-0.93187,539.48
quat3,-0.72473,0.08304,0.51787,-0.44685,539.48
quat4,-0.11557,-0.09768,0.53440,-0.83157,539.48
quat5,0.00000,0.00000,0.00000,-1.00000,539.48
quat6,0.00000,0.00000,0.00000,-1.00000,539.48
quat7,0.00000,0.00000,0.00000,-1.00000,539.48
quat8,0.00000,0.00000,0.00000,-1.00000,539.48
quat0,-0.81530,-0.57186,0.01029,0.09033,539.5
quat1,-0.07176,-0.25571,-0.31960,0.90957,539.5
quat2,-0.27113,0.21061,-0.08380,-0.93548,539.5
quat3,-0.70959,0.06976,0.49593,-0.49565,539.5
quat4,-0.12157,-0.13437,0.49468,-0.84998,539.5
quat5,0.00000,0.00000,0.00000,-1.00000,539.5
quat6,0.00000,0.00000,0.00000,-1.00000,539.5
quat7,0.00000,0.00000,0.00000,-1.00000,539.5
quat8,0.00000,0.00000,0.00000,-1.00000,539.5
quat0,-0.81813,-0.56997,-0.01228,0.07519,539.52
quat1,-0.09464,-0.24022,-0.34310,0.90312,539.52
quat2,-0.26531,0.19539,-0.08599,-0.94023,539.52
quat3,-0.69149,0.05361,0.47568,-0.54102,539.52
quat4,-0.12391,-0.16324,0.45230,-0.86800,539.52
quat5,0.00000,0.00000,0.00000,-1.00000,539.52
quat6,0.00000,0.00000,0.00000,-1.00000,539.52
quat7,0.00000,0.00000,0.00000,-1.00000,539.52
quat8,0.00000,0.00000,0.00000,-1.00000,539.52
quat0,-0.81841,-0.57027,-0.03337,0.06231,539.54
quat1,-0.11673,-0.22344,-0.36863,0.89474,539.54
quat2,-0.25592,0.17902,-0.08716,-0.94597,539.54
quat3,-0.67080,0.03159,0.45783,-0.58261,539.54
quat4,-0.11659,-0.18584,0.40837,-0.88606,539.54
quat5,0.00000,0.00000,0.00000,-1.00000,539.54
quat6,0.00000,0.00000,0.00000,-1.00000,539.54
quat7,0.00000,0.00000,0.00000,-1.00000,539.54
quat8,0.00000,0.00000,0.00000,-1.00000,539.54
quat0,-0.81606,-0.57319,-0.05339,0.05146,539.56
quat1,-0.13918,-0.20435,-0.39676,0.88400,539.56
quat2,-0.24317,0.16126,-0.08654,-0.95256,539.56
quat3,-0.64707,0.00322,0.44210,-0.62116,539.56
quat4,-0.09931,-0.21072,0.36373,-0.90191,539.56
quat5,0.00000,0.00000,0.00000,-1.00000,539.56
quat6,0.00000,0.00000,0.00000,-1.00000,539.56
quat7,0.00000,0.00000,0.00000,-1.00000,539.56
quat8,0.00000,0.00000,0.00000,-1.00000,539.56
quat0,-0.81388,-0.57483,-0.07357,0.04183,539.58
quat1,-0.16359,-0.18182,-0.42788,0.87012,539.58
quat2,-0.22767,0.14181,-0.08392,-0.95969,539.58
quat3,-0.62173,-0.02942,0.42596,-0.65661,539.58
quat4,-0.07242,-0.24148,0.32108,-0.91288,539.58
quat5,0.00000,0.00000,0.00000,-1.00000,539.58
quat6,0.00000,0.00000,0.00000,-1.00000,539.58
quat7,0.00000,0.00000,0.00000,-1.00000,539.58
quat8,0.00000,0.00000,0.00000,-1.00000,539.58
quat0,-0.81166,-0.57565,-0.09336,0.03335,539.6
quat1,-0.19016,-0.15683,-0.46125,0.85234,539.6
quat2,-0.20905,0.12192,-0.07884,-0.96707,539.6
quat3,-0.59477,-0.06445,0.40813,-0.68958,539.6
quat4,-0.03813,-0.27687,0.28100,-0.91811,539.6
quat5,0.00000,0.00000,0.00000,-1.00000,539.6
quat6,0.00000,0.00000,0.00000,-1.00000,539.6
quat7,0.00000,0.00000,0.00000,-1.00000,539.6
quat8,0.00000,0.00000,0.00000,-1.00000,539.6
quat0,-0.80869,-0.57739,-0.10939,0.02616,539.62
quat1,-0.21752,-0.13110,-0.49686,0.82984,539.62
quat2,-0.18765,0.10206,-0.07089,-0.97434,539.62
quat3,-0.56646,-0.09978,0.38777,-0.72028,539.62
quat4,0.00004,-0.31380,0.24387,-0.91764,539.62
quat5,0.00000,0.00000,0.00000,-1.00000,539.62
quat6,0.00000,0.00000,0.00000,-1.00000,539.62
quat7,0.00000,0.00000,0.00000,-1.00000,539.62
quat8,0.00000,0.00000,0.00000,-1.00000,539.62
quat0,-0.80352,-0.58069,-0.12942,0.02022,539.64
quat1,-0.24364,-0.10629,-0.53443,0.80232,539.64
quat2,-0.16370,0.08205,-0.05938,-0.98130,539.64
quat3,-0.53539,-0.13455,0.36569,-0.74935,539.64
quat4,0.03871,-0.34905,0.20992,-0.91247,539.64
quat5,0.00000,0.00000,0.00000,-1.00000,539.64
quat6,0.00000,0.00000,0.00000,-1.00000,539.64
quat7,0.00000,0.00000,0.00000,-1.00000,539.64
quat8,0.00000,0.00000,0.00000,-1.00000,539.64
quat0,-0.79750,-0.58447,-0.14924,0.01117,539.66
quat1,-0.26587,-0.08287,-0.57269,0.77102,539.66
quat2,-0.13784,0.06285,-0.04367,-0.98749,539.66
quat3,-0.50213,-0.16696,0.34270,-0.77624,539.66
quat4,0.07541,-0.38274,0.18057,-0.90290,539.66
quat5,0.00000,0.00000,0.00000,-1.00000,539.66
quat6,0.00000,0.00000,0.00000,-1.00000,539.66
quat7,0.00000,0.00000,0.00000,-1.00000,539.66
quat8,0.00000,0.00000,0.00000,-1.00000,539.66
quat0,-0.78936,-0.58972,-0.17066,0.00356,539.68
quat1,-0.28502,-0.05886,-0.61062,0.73651,539.68
quat2,-0.11034,0.04351,-0.02380,-0.99266,539.68
quat3,-0.46784,-0.19708,0.31924,-0.80023,539.68
quat4,0.10790,-0.41458,0.15520,-0.89016,539.68
quat5,0.00000,0.00000,0.00000,-1.00000,539.68
quat6,0.00000,0.00000,0.00000,-1.00000,539.68
quat7,0.00000,0.00000,0.00000,-1.00000,539.68
quat8,0.00000,0.00000,0.00000,-1.00000,539.68
quat0,-0.78026,-0.59587,-0.19003,-0.00479,539.7
quat1,-0.30036,-0.03495,-0.64728,0.69971,539.7
quat2,-0.08096,0.02403,-0.00141,-0.99643,539.7
quat3,-0.43147,-0.22614,0.29669,-0.82138,539.7
quat4,0.13526,-0.44746,0.13416,-0.87378,539.7
quat5,0.00000,0.00000,0.00000,-1.00000,539.7
quat6,0.00000,0.00000,0.00000,-1.00000,539.7
quat7,0.00000,0.00000,0.00000,-1.00000,539.7
quat8,0.00000,0.00000,0.00000,-1.00000,539.7
quat0,-0.76999,-0.60272,-0.20891,-0.01425,539.72
quat1,-0.31139,-0.01037,-0.68236,0.66129,539.72
quat2,-0.04928,0.00409,0.02290,-0.99851,539.72
quat3,-0.39321,-0.25510,0.27614,-0.83908,539.72
quat4,0.15855,-0.48116,0.11715,-0.85418,539.72
quat5,0.00000,0.00000,0.00000,-1.00000,539.72
quat6,0.00000,0.00000,0.00000,-1.00000,539.72
quat7,0.00000,0.00000,0.00000,-1.00000,539.72
quat8,0.00000,0.00000,0.00000,-1.00000,539.72
quat0,-0.75448,-0.61312,-0.23290,-0.02457,539.74
quat1,-0.32062,0.01839,-0.71557,0.62034,539.74
quat2,-0.01631,-0.01930,0.04848,-0.99850,539.74
quat3,-0.35407,-0.28628,0.25778,-0.85219,539.74
quat4,0.17772,-0.51535,0.10537,-0.83170,539.74
quat5,0.00000,0.00000,0.00000,-1.00000,539.74
quat6,0.00000,0.00000,0.00000,-1.00000,539.74
quat7,0.00000,0.00000,0.00000,-1.00000,539.74
quat8,0.00000,0.00000,0.00000,-1.00000,539.74
quat0,-0.73825,-0.62134,-0.26018,-0.03507,539.76
quat1,-0.33051,0.04963,-0.74584,0.57622,539.76
quat2,0.01705,-0.04549,0.07472,-0.99602,539.76
quat3,-0.31444,-0.32098,0.24076,-0.86031,539.76
quat4,0.19386,-0.54915,0.09730,-0.80709,539.76
quat5,0.00000,0.00000,0.00000,-1.00000,539.76
quat6,0.00000,0.00000,0.00000,-1.00000,539.76
quat7,0.00000,0.00000,0.00000,-1.00000,539.76
quat8,0.00000,0.00000,0.00000,-1.00000,539.76
quat0,-0.71747,-0.64007,-0.27100,-0.04590,539.78
quat1,-0.34030,0.08166,-0.77240,0.53001,539.78
quat2,0.05122,-0.07287,0.10102,-0.99089,539.78
quat3,-0.27605,-0.35746,0.22363,-0.86372,539.78
quat4,0.20587,-0.58406,0.09184,-0.77978,539.78
quat5,0.00000,0.00000,0.00000,-1.00000,539.78
quat6,0.00000,0.00000,0.00000,-1.00000,539.78
quat7,0.00000,0.00000,0.00000,-1.00000,539.78
quat8,0.00000,0.00000,0.00000,-1.00000,539.78
quat0,-0.69765,-0.65496,-0.28458,-0.05773,539.8
quat1,-0.34769,0.11246,-0.79558,0.48324,539.8
quat2,0.08629,-0.10104,0.12707,-0.98295,539.8
quat3,-0.23917,-0.39457,0.20851,-0.86234,539.8
quat4,0.21391,-0.62241,0.08786,-0.74775,539.8
quat5,0.00000,0.00000,0.00000,-1.00000,539.8
quat6,0.00000,0.00000,0.00000,-1.00000,539.8
quat7,0.00000,0.00000,0.00000,-1.00000,539.8
quat8,0.00000,0.00000,0.00000,-1.00000,539.8
quat0,-0.67535,-0.67122,-0.29742,-0.07007,539.82
quat1,-0.35180,0.14153,-0.81573,0.43679,539.82
quat2,0.12098,-0.12789,0.15351,-0.97234,539.82
quat3,-0.20379,-0.43124,0.19711,-0.85653,539.82
quat4,0.21674,-0.66254,0.08496,-0.71193,539.82
quat5,0.00000,0.00000,0.00000,-1.00000,539.82
quat6,0.00000,0.00000,0.00000,-1.00000,539.82
quat7,0.00000,0.00000,0.00000,-1.00000,539.82
quat8,0.00000,0.00000,0.00000,-1.00000,539.82
quat0,-0.64765,-0.68614,-0.32119,-0.08128,539.84
quat1,-0.35597,0.16950,-0.83182,0.39067,539.84
quat2,0.15330,-0.15105,0.18041,-0.95976,539.84
quat3,-0.17105,-0.46847,0.18842,-0.84604,539.84
quat4,0.21347,-0.69925,0.08191,-0.67733,539.84
quat5,0.00000,0.00000,0.00000,-1.00000,539.84
quat6,0.00000,0.00000,0.00000,-1.00000,539.84
quat7,0.00000,0.00000,0.00000,-1.00000,539.84
quat8,0.00000,0.00000,0.00000,-1.00000,539.84
quat0,-0.62593,-0.70128,-0.33161,-0.08036,539.86
quat1,-0.36166,0.19558,-0.84357,0.34545,539.86
quat2,0.18262,-0.17028,0.20720,-0.94590,539.86
quat3,-0.13906,-0.50405,0.18123,-0.83292,539.86
quat4,0.20604,-0.72871,0.07868,-0.64833,539.86
quat5,0.00000,0.00000,0.00000,-1.00000,539.86
quat6,0.00000,0.00000,0.00000,-1.00000,539.86
quat7,0.00000,0.00000,0.00000,-1.00000,539.86
quat8,0.00000,0.00000,0.00000,-1.00000,539.86
quat0,-0.61558,-0.71408,-0.32397,-0.07867,539.88
quat1,-0.36978,0.21824,-0.85175,0.30025,539.88
quat2,0.20829,-0.18656,0.23317,-0.93137,539.88
quat3,-0.10601,-0.53612,0.17631,-0.81869,539.88
quat4,0.19707,-0.75258,0.07313,-0.62405,539.88
quat5,0.00000,0.00000,0.00000,-1.00000,539.88
quat6,0.00000,0.00000,0.00000,-1.00000,539.88
quat7,0.00000,0.00000,0.00000,-1.00000,539.88
quat8,0.00000,0.00000,0.00000,-1.00000,539.88
quat0,-0.59414,-0.73158,-0.32368,-0.08373,539.9
quat1,-0.37681,0.23557,-0.85835,0.25644,539.9
quat2,0.22956,-0.19979,0.25863,-0.91679,539.9
quat3,-0.07316,-0.56084,0.17417,-0.80608,539.9
quat4,0.18912,-0.77478,0.06254,-0.60003,539.9
quat5,0.00000,0.00000,0.00000,-1.00000,539.9
quat6,0.00000,0.00000,0.00000,-1.00000,539.9
quat7,0.00000,0.00000,0.00000,-1.00000,539.9
quat8,0.00000,0.00000,0.00000,-1.00000,539.9
quat0,-0.57462,-0.74636,-0.32607,-0.08022,539.92
quat1,-0.38225,0.24840,-0.86395,0.21393,539.92
quat2,0.24711,-0.20995,0.28308,-0.90262,539.92
quat3,-0.04316,-0.57799,0.17439,-0.79602,539.92
quat4,0.18407,-0.78950,0.04905,-0.58344,539.92
quat5,0.00000,0.00000,0.00000,-1.00000,539.92
quat6,0.00000,0.00000,0.00000,-1.00000,539.92
quat7,0.00000,0.00000,0.00000,-1.00000,539.92
quat8,0.00000,0.00000,0.00000,-1.00000,539.92
quat0,-0.55441,-0.75868,-0.33202,-0.08243,539.94
quat1,-0.38639,0.25781,-0.86820,0.17458,539.94
quat2,0.26203,-0.21655,0.30607,-0.88925,539.94
quat3,-0.01713,-0.59038,0.17639,-0.78743,539.94
quat4,0.18325,-0.79492,0.03454,-0.57735,539.94
quat5,0.00000,0.00000,0.00000,-1.00000,539.94
quat6,0.00000,0.00000,0.00000,-1.00000,539.94
quat7,0.00000,0.00000,0.00000,-1.00000,539.94
quat8,0.00000,0.00000,0.00000,-1.00000,539.94
quat0,-0.54049,-0.76517,-0.33925,-0.08538,539.96
quat1,-0.38937,0.26470,-0.87107,0.13986,539.96
quat2,0.27507,-0.21824,0.32693,-0.87739,539.96
quat3,0.00291,-0.59834,0.17488,-0.78192,539.96
quat4,0.18784,-0.79313,0.01973,-0.57903,539.96
quat5,0.00000,0.00000,0.00000,-1.00000,539.96
quat6,0.00000,0.00000,0.00000,-1.00000,539.96
quat7,0.00000,0.00000,0.00000,-1.00000,539.96
quat8,0.00000,0.00000,0.00000,-1.00000,539.96
quat0,-0.52732,-0.77373,-0.34150,-0.08162,539.98
quat1,-0.39109,0.27060,-0.87272,0.11039,539.98
quat2,0.28721,-0.21510,0.34481,-0.86738,539.98
quat3,0.01834,-0.60408,0.17065,-0.77822,539.98
quat4,0.19629,-0.78657,0.00675,-0.58544,539.98
quat5,0.00000,0.00000,0.00000,-1.00000,539.98
quat6,0.00000,0.00000,0.00000,-1.00000,539.98
quat7,0.00000,0.00000,0.00000,-1.00000,539.98
quat8,0.00000,0.00000,0.00000,-1.00000,539.98
quat0,-0.52071,-0.77733,-0.34355,-0.08121,540
quat1,-0.39088,0.27501,-0.87394,0.08832,540
quat2,0.29705,-0.20754,0.35885,-0.86018,540
quat3,0.03171,-0.60786,0.16780,-0.77547,540
quat4,0.20493,-0.78167,-0.00417,-0.58904,540
quat5,0.00000,0.00000,0.00000,-1.00000,540
quat6,0.00000,0.00000,0.00000,-1.00000,540
quat7,0.00000,0.00000,0.00000,-1.00000,540
quat8,0.00000,0.00000,0.00000,-1.00000,540
quat0,-0.52116,-0.77904,-0.34005,-0.07650,540.02
quat1,-0.39058,0.27653,-0.87493,0.07396,540.02
quat2,0.30238,-0.19498,0.36794,-0.85742,540.02
quat3,0.04195,-0.60754,0.16805,-0.77518,540.02
quat4,0.21148,-0.77812,-0.01158,-0.59133,540.02
quat5,0.00000,0.00000,0.00000,-1.00000,540.02
quat6,0.00000,0.00000,0.00000,-1.00000,540.02
quat7,0.00000,0.00000,0.00000,-1.00000,540.02
quat8,0.00000,0.00000,0.00000,-1.00000,540.02
quat0,-0.52320,-0.77942,-0.33699,-0.07217,540.04
quat1,-0.39142,0.27385,-0.87587,0.06815,540.04
quat2,0.30324,-0.17992,0.37037,-0.85936,540.04
quat3,0.04893,-0.60459,0.17135,-0.77635,540.04
quat4,0.21566,-0.77315,-0.01388,-0.59626,540.04
quat5,0.00000,0.00000,0.00000,-1.00000,540.04
quat6,0.00000,0.00000,0.00000,-1.00000,540.04
quat7,0.00000,0.00000,0.00000,-1.00000,540.04
quat8,0.00000,0.00000,0.00000,-1.00000,540.04
quat0,-0.52845,-0.77725,-0.33508,-0.06591,540.06
quat1,-0.39245,0.26738,-0.87717,0.07120,540.06
quat2,0.30019,-0.16448,0.36475,-0.86590,540.06
quat3,0.05176,-0.60210,0.17615,-0.77702,540.06
quat4,0.21774,-0.76852,-0.01186,-0.60153,540.06
quat5,0.00000,0.00000,0.00000,-1.00000,540.06
quat6,0.00000,0.00000,0.00000,-1.00000,540.06
quat7,0.00000,0.00000,0.00000,-1.00000,540.06
quat8,0.00000,0.00000,0.00000,-1.00000,540.06
quat0,-0.53607,-0.77364,-0.33252,-0.05944,540.08
quat1,-0.39447,0.25674,-0.87851,0.08183,540.08
quat2,0.29322,-0.14912,0.35145,-0.87651,540.08
quat3,0.04954,-0.60028,0.18110,-0.77744,540.08
quat4,0.21833,-0.76463,-0.00673,-0.60632,540.08
quat5,0.00000,0.00000,0.00000,-1.00000,540.08
quat6,0.00000,0.00000,0.00000,-1.00000,540.08
quat7,0.00000,0.00000,0.00000,-1.00000,540.08
quat8,0.00000,0.00000,0.00000,-1.00000,540.08
quat0,-0.54682,-0.76857,-0.32765,-0.05419,540.1
quat1,-0.39792,0.24290,-0.87908,0.09939,540.1
quat2,0.28223,-0.13395,0.33078,-0.89050,540.1
quat3,0.04234,-0.59809,0.18588,-0.77842,540.1
quat4,0.21795,-0.76151,0.00030,-0.61040,540.1
quat5,0.00000,0.00000,0.00000,-1.00000,540.1
quat6,0.00000,0.00000,0.00000,-1.00000,540.1
quat7,0.00000,0.00000,0.00000,-1.00000,540.1
quat8,0.00000,0.00000,0.00000,-1.00000,540.1
quat0,-0.55921,-0.76249,-0.32176,-0.04862,540.12
quat1,-0.40202,0.22699,-0.87827,0.12447,540.12
quat2,0.26770,-0.11889,0.30359,-0.90666,540.12
quat3,0.03012,-0.59478,0.19013,-0.78050,540.12
quat4,0.21689,-0.75812,0.00903,-0.61493,540.12
quat5,0.00000,0.00000,0.00000,-1.00000,540.12
quat6,0.00000,0.00000,0.00000,-1.00000,540.12
quat7,0.00000,0.00000,0.00000,-1.00000,540.12
quat8,0.00000,0.00000,0.00000,-1.00000,540.12
quat0,-0.57502,-0.75344,-0.31578,-0.04420,540.14
quat1,-0.40582,0.20991,-0.87548,0.15740,540.14
quat2,0.24957,-0.10390,0.27154,-0.92368,540.14
quat3,0.01336,-0.58968,0.19435,-0.78379,540.14
quat4,0.21607,-0.75462,0.01887,-0.61928,540.14
quat5,0.00000,0.00000,0.00000,-1.00000,540.14
quat6,0.00000,0.00000,0.00000,-1.00000,540.14
quat7,0.00000,0.00000,0.00000,-1.00000,540.14
quat8,0.00000,0.00000,0.00000,-1.00000,540.14
quat0,-0.59238,-0.74272,-0.30955,-0.04025,540.16
quat1,-0.40883,0.19131,-0.87010,0.19794,540.16
quat2,0.22832,-0.08963,0.23539,-0.94044,540.16
quat3,-0.00701,-0.58521,0.19675,-0.78662,540.16
quat4,0.21549,-0.75074,0.02976,-0.62376,540.16
quat5,0.00000,0.00000,0.00000,-1.00000,540.16
quat6,0.00000,0.00000,0.00000,-1.00000,540.16
quat7,0.00000,0.00000,0.00000,-1.00000,540.16
quat8,0.00000,0.00000,0.00000,-1.00000,540.16
quat0,-0.61309,-0.72755,-0.30536,-0.03929,540.18
quat1,-0.41173,0.17128,-0.86072,0.24556,540.18
quat2,0.20467,-0.07504,0.19600,-0.95607,540.18
quat3,-0.02941,-0.57923,0.19896,-0.78996,540.18
quat4,0.21464,-0.74619,0.04105,-0.62884,540.18
quat5,0.00000,0.00000,0.00000,-1.00000,540.18
quat6,0.00000,0.00000,0.00000,-1.00000,540.18
quat7,0.00000,0.00000,0.00000,-1.00000,540.18
quat8,0.00000,0.00000,0.00000,-1.00000,540.18
quat0,-0.62865,-0.71802,-0.29709,-0.03136,540.2
quat1,-0.41393,0.14983,-0.84663,0.29904,540.2
quat2,0.17786,-0.05808,0.15513,-0.97001,540.2
quat3,-0.05388,-0.57182,0.20095,-0.79356,540.2
quat4,0.21333,-0.74034,0.05243,-0.63533,540.2
quat5,0.00000,0.00000,0.00000,-1.00000,540.2
quat6,0.00000,0.00000,0.00000,-1.00000,540.2
quat7,0.00000,0.00000,0.00000,-1.00000,540.2
quat8,0.00000,0.00000,0.00000,-1.00000,540.2
quat0,-0.64802,-0.70119,-0.29625,-0.02511,540.22
quat1,-0.41364,0.12898,-0.82811,0.35567,540.22
quat2,0.14972,-0.03729,0.11457,-0.98136,540.22
quat3,-0.08121,-0.56265,0.20242,-0.79741,540.22
quat4,0.21268,-0.73252,0.06327,-0.64357,540.22
quat5,0.00000,0.00000,0.00000,-1.00000,540.22
quat6,0.00000,0.00000,0.00000,-1.00000,540.22
quat7,0.00000,0.00000,0.00000,-1.00000,540.22
quat8,0.00000,0.00000,0.00000,-1.00000,540.22
quat0,-0.66761,-0.68266,-0.29629,-0.02204,540.24
quat1,-0.41141,0.10729,-0.80494,0.41388,540.24
quat2,0.12171,-0.01385,0.07403,-0.98970,540.24
quat3,-0.11160,-0.55097,0.20361,-0.80157,540.24
quat4,0.21237,-0.72308,0.07443,-0.65308,540.24
quat5,0.00000,0.00000,0.00000,-1.00000,540.24
quat6,0.00000,0.00000,0.00000,-1.00000,540.24
quat7,0.00000,0.00000,0.00000,-1.00000,540.24
quat8,0.00000,0.00000,0.00000,-1.00000,540.24
quat0,-0.68632,-0.66439,-0.29563,-0.01259,540.26
quat1,-0.40966,0.08663,-0.77638,0.47108,540.26
quat2,0.09431,0.01143,0.03447,-0.99488,540.26
quat3,-0.14374,-0.53743,0.20484,-0.80533,540.26
quat4,0.21106,-0.71453,0.08398,-0.66170,540.26
quat5,0.00000,0.00000,0.00000,-1.00000,540.26
quat6,0.00000,0.00000,0.00000,-1.00000,540.26
quat7,0.00000,0.00000,0.00000,-1.00000,540.26
quat8,0.00000,0.00000,0.00000,-1.00000,540.26
quat0,-0.70415,-0.64720,-0.29208,-0.00028,540.28
quat1,-0.40553,0.06657,-0.74462,0.52598,540.28
quat2,0.06790,0.04102,-0.00350,-0.99684,540.28
quat3,-0.17784,-0.52209,0.20618,-0.80826,540.28
quat4,0.20785,-0.70550,0.09264,-0.67119,540.28
quat5,0.00000,0.00000,0.00000,-1.00000,540.28
quat6,0.00000,0.00000,0.00000,-1.00000,540.28
quat7,0.00000,0.00000,0.00000,-1.00000,540.28
quat8,0.00000,0.00000,0.00000,-1.00000,540.28
quat0,-0.72046,-0.63401,-0.28074,0.01247,540.3
quat1,-0.39774,0.04846,-0.71075,0.57818,540.3
quat2,0.04367,0.07217,-0.04057,-0.99561,540.3
quat3,-0.21352,-0.50605,0.20817,-0.80931,540.3
quat4,0.20254,-0.69359,0.10080,-0.68393,540.3
quat5,0.00000,0.00000,0.00000,-1.00000,540.3
quat6,0.00000,0.00000,0.00000,-1.00000,540.3
quat7,0.00000,0.00000,0.00000,-1.00000,540.3
quat8,0.00000,0.00000,0.00000,-1.00000,540.3
quat0,-0.73888,-0.61893,-0.26521,0.02535,540.32
quat1,-0.38840,0.03205,-0.67545,0.62601,540.32
quat2,0.02112,0.10071,-0.07561,-0.99181,540.32
quat3,-0.25177,-0.48837,0.20988,-0.80873,540.32
quat4,0.19463,-0.67950,0.10927,-0.69890,540.32
quat5,0.00000,0.00000,0.00000,-1.00000,540.32
quat6,0.00000,0.00000,0.00000,-1.00000,540.32
quat7,0.00000,0.00000,0.00000,-1.00000,540.32
quat8,0.00000,0.00000,0.00000,-1.00000,540.32
quat0,-0.75312,-0.60731,-0.25020,0.03737,540.34
quat1,-0.37756,0.01720,-0.63838,0.67054,540.34
quat2,-0.00107,0.12454,-0.10679,-0.98645,540.34
quat3,-0.29195,-0.46737,0.21174,-0.80715,540.34
quat4,0.18325,-0.66598,0.11572,-0.71379,540.34
quat5,0.00000,0.00000,0.00000,-1.00000,540.34
quat6,0.00000,0.00000,0.00000,-1.00000,540.34
quat7,0.00000,0.00000,0.00000,-1.00000,540.34
quat8,0.00000,0.00000,0.00000,-1.00000,540.34
quat0,-0.76461,-0.59818,-0.23489,0.04888,540.36
quat1,-0.36568,0.00719,-0.60006,0.71144,540.36
quat2,-0.02419,0.14120,-0.13456,-0.98050,540.36
quat3,-0.33376,-0.44288,0.21447,-0.80403,540.36
quat4,0.16884,-0.65307,0.12212,-0.72807,540.36
quat5,0.00000,0.00000,0.00000,-1.00000,540.36
quat6,0.00000,0.00000,0.00000,-1.00000,540.36
quat7,0.00000,0.00000,0.00000,-1.00000,540.36
quat8,0.00000,0.00000,0.00000,-1.00000,540.36
quat0,-0.77467,-0.58981,-0.22080,0.05713,540.38
quat1,-0.34984,-0.00152,-0.56237,0.74923,540.38
quat2,-0.04811,0.15303,-0.15839,-0.97426,540.38
quat3,-0.37690,-0.41711,0.21660,-0.79815,540.38
quat4,0.15079,-0.64042,0.13057,-0.74167,540.38
quat5,0.00000,0.00000,0.00000,-1.00000,540.38
quat6,0.00000,0.00000,0.00000,-1.00000,540.38
quat7,0.00000,0.00000,0.00000,-1.00000,540.38
quat8,0.00000,0.00000,0.00000,-1.00000,540.38
quat0,-0.78200,-0.58463,-0.20563,0.06635,540.4
quat1,-0.33057,-0.01201,-0.52742,0.78256,540.4
quat2,-0.07322,0.16215,-0.17707,-0.96798,540.4
quat3,-0.42107,-0.39035,0.21885,-0.78895,540.4
quat4,0.12908,-0.62814,0.14157,-0.75415,540.4
quat5,0.00000,0.00000,0.00000,-1.00000,540.4
quat6,0.00000,0.00000,0.00000,-1.00000,540.4
quat7,0.00000,0.00000,0.00000,-1.00000,540.4
quat8,0.00000,0.00000,0.00000,-1.00000,540.4
quat0,-0.78910,-0.57968,-0.18785,0.07750,540.42
quat1,-0.30888,-0.02594,-0.49592,0.81116,540.42
quat2,-0.09844,0.16992,-0.18999,-0.96195,540.42
quat3,-0.46657,-0.36171,0.22263,-0.77583,540.42
quat4,0.10368,-0.61379,0.15582,-0.76696,540.42
quat5,0.00000,0.00000,0.00000,-1.00000,540.42
quat6,0.00000,0.00000,0.00000,-1.00000,540.42
quat7,0.00000,0.00000,0.00000,-1.00000,540.42
quat8,0.00000,0.00000,0.00000,-1.00000,540.42
quat0,-0.79321,-0.57812,-0.16797,0.09154,540.44
quat1,-0.28590,-0.03796,-0.46398,0.83758,540.44
quat2,-0.12439,0.17731,-0.19924,-0.95572,540.44
quat3,-0.51320,-0.33179,0.22834,-0.75789,540.44
quat4,0.07452,-0.59636,0.17364,-0.78016,540.44
quat5,0.00000,0.00000,0.00000,-1.00000,540.44
quat6,0.00000,0.00000,0.00000,-1.00000,540.44
quat7,0.00000,0.00000,0.00000,-1.00000,540.44
quat8,0.00000,0.00000,0.00000,-1.00000,540.44
quat0,-0.79717,-0.57635,-0.14943,0.10006,540.46
quat1,-0.26159,-0.05088,-0.43428,0.86045,540.46
quat2,-0.14936,0.18564,-0.20631,-0.94903,540.46
quat3,-0.55876,-0.30344,0.23477,-0.73525,540.46
quat4,0.04303,-0.57874,0.19560,-0.79054,540.46
quat5,0.00000,0.00000,0.00000,-1.00000,540.46
quat6,0.00000,0.00000,0.00000,-1.00000,540.46
quat7,0.00000,0.00000,0.00000,-1.00000,540.46
quat8,0.00000,0.00000,0.00000,-1.00000,540.46
quat0,-0.80105,-0.57460,-0.12638,0.11034,540.48
quat1,-0.23520,-0.06564,-0.40745,0.87998,540.48
quat2,-0.17224,0.19617,-0.21031,-0.94214,540.48
quat3,-0.60253,-0.27710,0.24230,-0.70814,540.48
quat4,0.00957,-0.56139,0.22246,-0.79704,540.48
quat5,0.00000,0.00000,0.00000,-1.00000,540.48
quat6,0.00000,0.00000,0.00000,-1.00000,540.48
quat7,0.00000,0.00000,0.00000,-1.00000,540.48
quat8,0.00000,0.00000,0.00000,-1.00000,540.48
quat0,-0.80251,-0.57507,-0.10081,0.12296,540.5
quat1,-0.20851,-0.08340,-0.38280,0.89612,540.5
quat2,-0.19262,0.20637,-0.21043,-0.93596,540.5
quat3,-0.64454,-0.24943,0.25164,-0.67752,540.5
quat4,-0.02667,-0.54268,0.25322,-0.80042,540.5
quat5,0.00000,0.00000,0.00000,-1.00000,540.5
quat6,0.00000,0.00000,0.00000,-1.00000,540.5
quat7,0.00000,0.00000,0.00000,-1.00000,540.5
quat8,0.00000,0.00000,0.00000,-1.00000,540.5
quat0,-0.80499,-0.57345,-0.07893,0.13010,540.52
quat1,-0.18155,-0.10165,-0.35900,0.90985,540.52
quat2,-0.20890,0.21775,-0.20982,-0.93001,540.52
quat3,-0.68425,-0.22021,0.26300,-0.64353,540.52
quat4,-0.06452,-0.52109,0.28723,-0.80113,540.52
quat5,0.00000,0.00000,0.00000,-1.00000,540.52
quat6,0.00000,0.00000,0.00000,-1.00000,540.52
quat7,0.00000,0.00000,0.00000,-1.00000,540.52
quat8,0.00000,0.00000,0.00000,-1.00000,540.52
quat0,-0.80593,-0.57226,-0.05678,0.14064,540.54
quat1,-0.15497,-0.11785,-0.33617,0.92146,540.54
quat2,-0.22153,0.23263,-0.21063,-0.92328,540.54
quat3,-0.72085,-0.18947,0.27572,-0.60700,540.54
quat4,-0.10201,-0.49669,0.32310,-0.79906,540.54
quat5,0.00000,0.00000,0.00000,-1.00000,540.54
quat6,0.00000,0.00000,0.00000,-1.00000,540.54
quat7,0.00000,0.00000,0.00000,-1.00000,540.54
quat8,0.00000,0.00000,0.00000,-1.00000,540.54
quat0,-0.80456,-0.57364,-0.03378,0.14995,540.56
quat1,-0.12941,-0.13151,-0.31511,0.93095,540.56
quat2,-0.23272,0.24849,-0.21044,-0.91641,540.56
quat3,-0.75440,-0.15820,0.28890,-0.56780,540.56
quat4,-0.13747,-0.46949,0.36147,-0.79374,540.56
quat5,0.00000,0.00000,0.00000,-1.00000,540.56
quat6,0.00000,0.00000,0.00000,-1.00000,540.56
quat7,0.00000,0.00000,0.00000,-1.00000,540.56
quat8,0.00000,0.00000,0.00000,-1.00000,540.56
quat0,-0.80379,-0.57203,-0.00783,0.16324,540.58
quat1,-0.10461,-0.14521,-0.29567,0.93838,540.58
quat2,-0.24298,0.26191,-0.20691,-0.91080,540.58
quat3,-0.78392,-0.12732,0.30272,-0.52689,540.58
quat4,-0.17070,-0.43889,0.40078,-0.78588,540.58
quat5,0.00000,0.00000,0.00000,-1.00000,540.58
quat6,0.00000,0.00000,0.00000,-1.00000,540.58
quat7,0.00000,0.00000,0.00000,-1.00000,540.58
quat8,0.00000,0.00000,0.00000,-1.00000,540.58
quat0,-0.80125,-0.57264,0.01548,0.17273,540.6
quat1,-0.07986,-0.16079,-0.27698,0.94396,540.6
quat2,-0.25210,0.27255,-0.20014,-0.90670,540.6
quat3,-0.80872,-0.09578,0.31702,-0.48610,540.6
quat4,-0.20158,-0.40611,0.43979,-0.77526,540.6
quat5,0.00000,0.00000,0.00000,-1.00000,540.6
quat6,0.00000,0.00000,0.00000,-1.00000,540.6
quat7,0.00000,0.00000,0.00000,-1.00000,540.6
quat8,0.00000,0.00000,0.00000,-1.00000,540.6
quat0,-0.79777,-0.57353,0.03699,0.18238,540.62
quat1,-0.05588,-0.17792,-0.25881,0.94776,540.62
quat2,-0.25857,0.28313,-0.19251,-0.90328,540.62
quat3,-0.82910,-0.06464,0.33108,-0.44588,540.62
quat4,-0.22898,-0.37159,0.47833,-0.76203,540.62
quat5,0.00000,0.00000,0.00000,-1.00000,540.62
quat6,0.00000,0.00000,0.00000,-1.00000,540.62
quat7,0.00000,0.00000,0.00000,-1.00000,540.62
quat8,0.00000,0.00000,0.00000,-1.00000,540.62
quat0,-0.79245,-0.57595,0.06096,0.19131,540.64
quat1,-0.03263,-0.19552,-0.24113,0.95003,540.64
quat2,-0.26278,0.29503,-0.18327,-0.90018,540.64
quat3,-0.84606,-0.03418,0.34364,-0.40612,540.64
quat4,-0.25192,-0.33637,0.51593,-0.74647,540.64
quat5,0.00000,0.00000,0.00000,-1.00000,540.64
quat6,0.00000,0.00000,0.00000,-1.00000,540.64
quat7,0.00000,0.00000,0.00000,-1.00000,540.64
quat8,0.00000,0.00000,0.00000,-1.00000,540.64
quat0,-0.78377,-0.58545,0.07122,0.19464,540.66
quat1,-0.00984,-0.21247,-0.22505,0.95085,540.66
quat2,-0.26451,0.30543,-0.17262,-0.89830,540.66
quat3,-0.86006,-0.00315,0.35509,-0.36632,540.66
quat4,-0.27088,-0.30026,0.55202,-0.72920,540.66
quat5,0.00000,0.00000,0.00000,-1.00000,540.66
quat6,0.00000,0.00000,0.00000,-1.00000,540.66
quat7,0.00000,0.00000,0.00000,-1.00000,540.66
quat8,0.00000,0.00000,0.00000,-1.00000,540.66
quat0,-0.77486,-0.59244,0.09018,0.20118,540.68
quat1,0.01122,-0.22750,-0.21149,0.95047,540.68
quat2,-0.26489,0.31244,-0.16128,-0.89789,540.68
quat3,-0.87128,0.02762,0.36530,-0.32660,540.68
quat4,-0.28655,-0.26177,0.58609,-0.71124,540.68
quat5,0.00000,0.00000,0.00000,-1.00000,540.68
quat6,0.00000,0.00000,0.00000,-1.00000,540.68
quat7,0.00000,0.00000,0.00000,-1.00000,540.68
quat8,0.00000,0.00000,0.00000,-1.00000,540.68
quat0,-0.76435,-0.60045,0.10924,0.20807,540.7
quat1,0.03130,-0.24122,-0.19841,0.94946,540.7
quat2,-0.26412,0.31728,-0.14869,-0.89859,540.7
quat3,-0.87993,0.05809,0.37407,-0.28709,540.7
quat4,-0.29983,-0.22089,0.61800,-0.69238,540.7
quat5,0.00000,0.00000,0.00000,-1.00000,540.7
quat6,0.00000,0.00000,0.00000,-1.00000,540.7
quat7,0.00000,0.00000,0.00000,-1.00000,540.7
quat8,0.00000,0.00000,0.00000,-1.00000,540.7
quat0,-0.75950,-0.60332,0.12406,0.20924,540.72
quat1,0.05014,-0.25822,-0.18521,0.94684,540.72
quat2,-0.26254,0.32301,-0.13687,-0.89889,540.72
quat3,-0.88636,0.08764,0.38120,-0.24772,540.72
quat4,-0.31041,-0.17857,0.64737,-0.67281,540.72
quat5,0.00000,0.00000,0.00000,-1.00000,540.72
quat6,0.00000,0.00000,0.00000,-1.00000,540.72
quat7,0.00000,0.00000,0.00000,-1.00000,540.72
quat8,0.00000,0.00000,0.00000,-1.00000,540.72
quat0,-0.74488,-0.61615,0.14158,0.21324,540.74
quat1,0.06392,-0.27852,-0.17293,0.94257,540.74
quat2,-0.25975,0.33196,-0.12759,-0.89780,540.74
quat3,-0.89077,0.11560,0.38707,-0.20819,540.74
quat4,-0.31829,-0.13475,0.67389,-0.65299,540.74
quat5,0.00000,0.00000,0.00000,-1.00000,540.74
quat6,0.00000,0.00000,0.00000,-1.00000,540.74
quat7,0.00000,0.00000,0.00000,-1.00000,540.74
quat8,0.00000,0.00000,0.00000,-1.00000,540.74
quat0,-0.73512,-0.62212,0.16129,0.21576,540.76
quat1,0.07688,-0.29996,-0.16209,0.93693,540.76
quat2,-0.25610,0.34453,-0.12171,-0.89493,540.76
quat3,-0.89302,0.14148,0.39194,-0.16996,540.76
quat4,-0.32283,-0.09120,0.69764,-0.63306,540.76
quat5,0.00000,0.00000,0.00000,-1.00000,540.76
quat6,0.00000,0.00000,0.00000,-1.00000,540.76
quat7,0.00000,0.00000,0.00000,-1.00000,540.76
quat8,0.00000,0.00000,0.00000,-1.00000,540.76
quat0,-0.72317,-0.63124,0.17917,0.21555,540.78
quat1,0.08782,-0.32058,-0.15311,0.93063,540.78
quat2,-0.25244,0.35721,-0.11748,-0.89156,540.78
quat3,-0.89336,0.16449,0.39631,-0.13339,540.78
quat4,-0.32389,-0.04975,0.71915,-0.61274,540.78
quat5,0.00000,0.00000,0.00000,-1.00000,540.78
quat6,0.00000,0.00000,0.00000,-1.00000,540.78
quat7,0.00000,0.00000,0.00000,-1.00000,540.78
quat8,0.00000,0.00000,0.00000,-1.00000,540.78
quat0,-0.71825,-0.63233,0.19346,0.21647,540.8
quat1,0.09523,-0.34316,-0.14424,0.92324,540.8
quat2,-0.24791,0.36893,-0.11513,-0.88836,540.8
quat3,-0.89172,0.18597,0.40041,-0.09965,540.8
quat4,-0.32231,-0.01116,0.73770,-0.59312,540.8
quat5,0.00000,0.00000,0.00000,-1.00000,540.8
quat6,0.00000,0.00000,0.00000,-1.00000,540.8
quat7,0.00000,0.00000,0.00000,-1.00000,540.8
quat8,0.00000,0.00000,0.00000,-1.00000,540.8
quat0,-0.70557,-0.64266,0.20465,0.21743,540.82
quat1,0.10068,-0.36400,-0.13559,0.91596,540.82
quat2,-0.24302,0.37826,-0.11335,-0.88601,540.82
quat3,-0.88952,0.20532,0.40250,-0.06779,540.82
quat4,-0.31856,0.02373,0.75350,-0.57462,540.82
quat5,0.00000,0.00000,0.00000,-1.00000,540.82
quat6,0.00000,0.00000,0.00000,-1.00000,540.82
quat7,0.00000,0.00000,0.00000,-1.00000,540.82
quat8,0.00000,0.00000,0.00000,-1.00000,540.82
quat0,-0.69738,-0.64788,0.21434,0.21901,540.84
quat1,0.10501,-0.37988,-0.12890,0.90997,540.84
quat2,-0.23780,0.38595,-0.11144,-0.88435,540.84
quat3,-0.88730,0.22185,0.40264,-0.03698,540.84
quat4,-0.31422,0.05431,0.76582,-0.55842,540.84
quat5,0.00000,0.00000,0.00000,-1.00000,540.84
quat6,0.00000,0.00000,0.00000,-1.00000,540.84
quat7,0.00000,0.00000,0.00000,-1.00000,540.84
quat8,0.00000,0.00000,0.00000,-1.00000,540.84
quat0,-0.69016,-0.65343,0.22231,0.21746,540.86
quat1,0.10680,-0.39469,-0.12270,0.90430,540.86
quat2,-0.23208,0.39427,-0.10872,-0.88254,540.86
quat3,-0.88455,0.23645,0.40197,-0.00914,540.86
quat4,-0.31197,0.08119,0.77466,-0.54405,540.86
quat5,0.00000,0.00000,0.00000,-1.00000,540.86
quat6,0.00000,0.00000,0.00000,-1.00000,540.86
quat7,0.00000,0.00000,0.00000,-1.00000,540.86
quat8,0.00000,0.00000,0.00000,-1.00000,540.86
quat0,-0.68143,-0.65992,0.23138,0.21590,540.88
quat1,0.10730,-0.41054,-0.11845,0.89773,540.88
quat2,-0.22634,0.40505,-0.10692,-0.87936,540.88
quat3,-0.88079,0.24987,0.40198,0.01340,540.88
quat4,-0.31117,0.10506,0.78096,-0.53126,540.88
quat5,0.00000,0.00000,0.00000,-1.00000,540.88
quat6,0.00000,0.00000,0.00000,-1.00000,540.88
quat7,0.00000,0.00000,0.00000,-1.00000,540.88
quat8,0.00000,0.00000,0.00000,-1.00000,540.88
quat0,-0.67540,-0.66329,0.23765,0.21772,540.9
quat1,0.10609,-0.42415,-0.11597,0.89185,540.9
quat2,-0.22079,0.41746,-0.10492,-0.87520,540.9
quat3,-0.87683,0.26084,0.40274,0.03060,540.9
quat4,-0.30923,0.12527,0.78611,-0.52031,540.9
quat5,0.00000,0.00000,0.00000,-1.00000,540.9
quat6,0.00000,0.00000,0.00000,-1.00000,540.9
quat7,0.00000,0.00000,0.00000,-1.00000,540.9
quat8,0.00000,0.00000,0.00000,-1.00000,540.9
quat0,-0.67488,-0.66503,0.23790,0.21372,540.92
quat1,0.10348,-0.43601,-0.11555,0.88647,540.92
quat2,-0.21598,0.42953,-0.10235,-0.87085,540.92
quat3,-0.87295,0.26804,0.40533,0.04269,540.92
quat4,-0.30555,0.14134,0.78975,-0.51279,540.92
quat5,0.00000,0.00000,0.00000,-1.00000,540.92
quat6,0.00000,0.00000,0.00000,-1.00000,540.92
quat7,0.00000,0.00000,0.00000,-1.00000,540.92
quat8,0.00000,0.00000,0.00000,-1.00000,540.92
quat0,-0.67532,-0.66894,0.23349,0.20483,540.94
quat1,0.09942,-0.44470,-0.11762,0.88234,540.94
quat2,-0.21207,0.43822,-0.09936,-0.86783,540.94
quat3,-0.86964,0.27180,0.40909,0.04988,540.94
quat4,-0.30154,0.15300,0.79166,-0.50886,540.94
quat5,0.00000,0.00000,0.00000,-1.00000,540.94
quat6,0.00000,0.00000,0.00000,-1.00000,540.94
quat7,0.00000,0.00000,0.00000,-1.00000,540.94
quat8,0.00000,0.00000,0.00000,-1.00000,540.94
quat0,-0.67754,-0.66907,0.23123,0.19954,540.96
quat1,0.09460,-0.44847,-0.12328,0.88019,540.96
quat2,-0.20959,0.44061,-0.09582,-0.86761,540.96
quat3,-0.86702,0.27266,0.41378,0.05213,540.96
quat4,-0.29601,0.15887,0.79220,-0.50947,540.96
quat5,0.00000,0.00000,0.00000,-1.00000,540.96
quat6,0.00000,0.00000,0.00000,-1.00000,540.96
quat7,0.00000,0.00000,0.00000,-1.00000,540.96
quat8,0.00000,0.00000,0.00000,-1.00000,540.96
quat0,-0.68074,-0.66914,0.22582,0.19455,540.98
quat1,0.08987,-0.44905,-0.13134,0.87922,540.98
quat2,-0.20874,0.43721,-0.09120,-0.87003,540.98
quat3,-0.86494,0.27050,0.41985,0.04934,540.98
quat4,-0.28811,0.15914,0.79150,-0.51497,540.98
quat5,0.00000,0.00000,0.00000,-1.00000,540.98
quat6,0.00000,0.00000,0.00000,-1.00000,540.98
quat7,0.00000,0.00000,0.00000,-1.00000,540.98
quat8,0.00000,0.00000,0.00000,-1.00000,540.98
quat0,-0.68537,-0.66910,0.21817,0.18701,541
quat1,0.08369,-0.44795,-0.14045,0.87898,541
quat2,-0.20902,0.43109,-0.08570,-0.87357,541
quat3,-0.86314,0.26550,0.42749,0.04192,541
quat4,-0.27932,0.15409,0.78913,-0.52489,541
quat5,0.00000,0.00000,0.00000,-1.00000,541
quat6,0.00000,0.00000,0.00000,-1.00000,541
quat7,0.00000,0.00000,0.00000,-1.00000,541
quat8,0.00000,0.00000,0.00000,-1.00000,541
quat0,-0.69214,-0.66675,0.20950,0.18029,541.02
quat1,0.07579,-0.44586,-0.15066,0.87907,541.02
quat2,-0.21027,0.42510,-0.08101,-0.87665,541.02
quat3,-0.86167,0.25779,0.43609,0.02989,541.02
quat4,-0.26982,0.14352,0.78420,-0.54002,541.02
quat5,0.00000,0.00000,0.00000,-1.00000,541.02
quat6,0.00000,0.00000,0.00000,-1.00000,541.02
quat7,0.00000,0.00000,0.00000,-1.00000,541.02
quat8,0.00000,0.00000,0.00000,-1.00000,541.02
quat0,-0.69925,-0.66336,0.19995,0.17615,541.04
quat1,0.06718,-0.44133,-0.16240,0.87996,541.04
quat2,-0.21232,0.42062,-0.07734,-0.87864,541.04
quat3,-0.86040,0.24737,0.44536,0.01341,541.04
quat4,-0.25989,0.12771,0.77650,-0.55964,541.04
quat5,0.00000,0.00000,0.00000,-1.00000,541.04
quat6,0.00000,0.00000,0.00000,-1.00000,541.04
quat7,0.00000,0.00000,0.00000,-1.00000,541.04
quat8,0.00000,0.00000,0.00000,-1.00000,541.04
quat0,-0.70841,-0.65785,0.18958,0.17158,541.06
quat1,0.05814,-0.43398,-0.17559,0.88173,541.06
quat2,-0.21523,0.41588,-0.07484,-0.88041,541.06
quat3,-0.85927,0.23441,0.45458,-0.00754,541.06
quat4,-0.24931,0.10637,0.76524,-0.58389,541.06
quat5,0.00000,0.00000,0.00000,-1.00000,541.06
quat6,0.00000,0.00000,0.00000,-1.00000,541.06
quat7,0.00000,0.00000,0.00000,-1.00000,541.06
quat8,0.00000,0.00000,0.00000,-1.00000,541.06
quat0,-0.71815,-0.65140,0.17826,0.16783,541.08
quat1,0.04723,-0.42436,-0.18967,0.88415,541.08
quat2,-0.21884,0.40758,-0.07363,-0.88349,541.08
quat3,-0.85819,0.21890,0.46316,-0.03270,541.08
quat4,-0.23857,0.08036,0.75021,-0.61141,541.08
quat5,0.00000,0.00000,0.00000,-1.00000,541.08
quat6,0.00000,0.00000,0.00000,-1.00000,541.08
quat7,0.00000,0.00000,0.00000,-1.00000,541.08
quat8,0.00000,0.00000,0.00000,-1.00000,541.08
quat0,-0.72910,-0.64307,0.16708,0.16421,541.1
quat1,0.03386,-0.41335,-0.20312,0.88698,541.1
quat2,-0.22281,0.39493,-0.07347,-0.88825,541.1
quat3,-0.85701,0.20089,0.47034,-0.06292,541.1
quat4,-0.22732,0.05076,0.73096,-0.64144,541.1
quat5,0.00000,0.00000,0.00000,-1.00000,541.1
quat6,0.00000,0.00000,0.00000,-1.00000,541.1
quat7,0.00000,0.00000,0.00000,-1.00000,541.1
quat8,0.00000,0.00000,0.00000,-1.00000,541.1
quat0,-0.74129,-0.63229,0.15595,0.16243,541.12
quat1,0.01928,-0.40130,-0.21548,0.89003,541.12
quat2,-0.22671,0.37989,-0.07468,-0.89371,541.12
quat3,-0.85527,0.18074,0.47546,-0.09887,541.12
quat4,-0.21621,0.01840,0.70767,-0.67240,541.12
quat5,0.00000,0.00000,0.00000,-1.00000,541.12
quat6,0.00000,0.00000,0.00000,-1.00000,541.12
quat7,0.00000,0.00000,0.00000,-1.00000,541.12
quat8,0.00000,0.00000,0.00000,-1.00000,541.12
quat0,-0.75381,-0.62117,0.14353,0.15914,541.14
quat1,0.00424,-0.38849,-0.22725,0.89298,541.14
quat2,-0.23019,0.36403,-0.07695,-0.89921,541.14
quat3,-0.85264,0.15848,0.47762,-0.14060,541.14
quat4,-0.20414,-0.01786,0.68045,-0.70356,541.14
quat5,0.00000,0.00000,0.00000,-1.00000,541.14
quat6,0.00000,0.00000,0.00000,-1.00000,541.14
quat7,0.00000,0.00000,0.00000,-1.00000,541.14
quat8,0.00000,0.00000,0.00000,-1.00000,541.14
quat0,-0.76570,-0.61010,0.13185,0.15522,541.16
quat1,-0.01128,-0.37555,-0.23857,0.89550,541.16
quat2,-0.23248,0.34865,-0.07934,-0.90449,541.16
quat3,-0.84862,0.13460,0.47622,-0.18690,541.16
quat4,-0.19075,-0.05894,0.65009,-0.73316,541.16
quat5,0.00000,0.00000,0.00000,-1.00000,541.16
quat6,0.00000,0.00000,0.00000,-1.00000,541.16
quat7,0.00000,0.00000,0.00000,-1.00000,541.16
quat8,0.00000,0.00000,0.00000,-1.00000,541.16
quat0,-0.77696,-0.59979,0.11952,0.14933,541.18
quat1,-0.02747,-0.36141,-0.25018,0.89779,541.18
quat2,-0.23378,0.33380,-0.08154,-0.90954,541.18
quat3,-0.84282,0.10876,0.47048,-0.23764,541.18
quat4,-0.17583,-0.10501,0.61627,-0.76044,541.18
quat5,0.00000,0.00000,0.00000,-1.00000,541.18
quat6,0.00000,0.00000,0.00000,-1.00000,541.18
quat7,0.00000,0.00000,0.00000,-1.00000,541.18
quat8,0.00000,0.00000,0.00000,-1.00000,541.18
quat0,-0.78713,-0.59063,0.10820,0.14096,541.2
quat1,-0.04412,-0.34685,-0.26260,0.89933,541.2
quat2,-0.23364,0.31905,-0.08284,-0.91474,541.2
quat3,-0.83564,0.08098,0.45861,-0.29126,541.2
quat4,-0.15991,-0.15388,0.57977,-0.78397,541.2
quat5,0.00000,0.00000,0.00000,-1.00000,541.2
quat6,0.00000,0.00000,0.00000,-1.00000,541.2
quat7,0.00000,0.00000,0.00000,-1.00000,541.2
quat8,0.00000,0.00000,0.00000,-1.00000,541.2
quat0,-0.79984,-0.57746,0.09579,0.13272,541.22
quat1,-0.06090,-0.33253,-0.27622,0.89968,541.22
quat2,-0.23205,0.30437,-0.08326,-0.92010,541.22
quat3,-0.82776,0.05167,0.43844,-0.34628,541.22
quat4,-0.14276,-0.20435,0.54117,-0.80312,541.22
quat5,0.00000,0.00000,0.00000,-1.00000,541.22
quat6,0.00000,0.00000,0.00000,-1.00000,541.22
quat7,0.00000,0.00000,0.00000,-1.00000,541.22
quat8,0.00000,0.00000,0.00000,-1.00000,541.22
quat0,-0.80683,-0.57095,0.08427,0.12629,541.24
quat1,-0.07750,-0.31741,-0.29123,0.89913,541.24
quat2,-0.22862,0.28820,-0.08227,-0.92623,541.24
quat3,-0.81746,0.02197,0.41096,-0.40299,541.24
quat4,-0.12391,-0.25649,0.50210,-0.81655,541.24
quat5,0.00000,0.00000,0.00000,-1.00000,541.24
quat6,0.00000,0.00000,0.00000,-1.00000,541.24
quat7,0.00000,0.00000,0.00000,-1.00000,541.24
quat8,0.00000,0.00000,0.00000,-1.00000,541.24
quat0,-0.81273,-0.56634,0.07052,0.11730,541.26
quat1,-0.09389,-0.30175,-0.30722,0.89763,541.26
quat2,-0.22335,0.27179,-0.08009,-0.93265,541.26
quat3,-0.80106,-0.00699,0.38105,-0.46158,541.26
quat4,-0.10735,-0.31067,0.46276,-0.82329,541.26
quat5,0.00000,0.00000,0.00000,-1.00000,541.26
quat6,0.00000,0.00000,0.00000,-1.00000,541.26
quat7,0.00000,0.00000,0.00000,-1.00000,541.26
quat8,0.00000,0.00000,0.00000,-1.00000,541.26
quat0,-0.81801,-0.56237,0.05391,0.10812,541.28
quat1,-0.10973,-0.28527,-0.32510,0.89492,541.28
quat2,-0.21630,0.25662,-0.07688,-0.93886,541.28
quat3,-0.78027,-0.03314,0.35204,-0.51590,541.28
quat4,-0.09694,-0.36260,0.42247,-0.82501,541.28
quat5,0.00000,0.00000,0.00000,-1.00000,541.28
quat6,0.00000,0.00000,0.00000,-1.00000,541.28
quat7,0.00000,0.00000,0.00000,-1.00000,541.28
quat8,0.00000,0.00000,0.00000,-1.00000,541.28
quat0,-0.82125,-0.56153,0.03474,0.09500,541.3
quat1,-0.12560,-0.26939,-0.34395,0.89070,541.3
quat2,-0.20733,0.24218,-0.07295,-0.94501,541.3
quat3,-0.75530,-0.05037,0.32537,-0.56667,541.3
quat4,-0.09265,-0.40670,0.38278,-0.82431,541.3
quat5,0.00000,0.00000,0.00000,-1.00000,541.3
quat6,0.00000,0.00000,0.00000,-1.00000,541.3
quat7,0.00000,0.00000,0.00000,-1.00000,541.3
quat8,0.00000,0.00000,0.00000,-1.00000,541.3
quat0,-0.82326,-0.56215,0.01357,0.07775,541.32
quat1,-0.14210,-0.25307,-0.36357,0.88520,541.32
quat2,-0.19581,0.22816,-0.06810,-0.95130,541.32
quat3,-0.72716,-0.06459,0.30114,-0.61350,541.32
quat4,-0.08878,-0.43817,0.34447,-0.82551,541.32
quat5,0.00000,0.00000,0.00000,-1.00000,541.32
quat6,0.00000,0.00000,0.00000,-1.00000,541.32
quat7,0.00000,0.00000,0.00000,-1.00000,541.32
quat8,0.00000,0.00000,0.00000,-1.00000,541.32
quat0,-0.82289,-0.56420,-0.01088,0.06635,541.34
quat1,-0.15901,-0.23455,-0.38358,0.87896,541.34
quat2,-0.18156,0.21366,-0.06256,-0.95785,541.34
quat3,-0.69585,-0.07801,0.27834,-0.65745,541.34
quat4,-0.08056,-0.46070,0.30828,-0.82839,541.34
quat5,0.00000,0.00000,0.00000,-1.00000,541.34
quat6,0.00000,0.00000,0.00000,-1.00000,541.34
quat7,0.00000,0.00000,0.00000,-1.00000,541.34
quat8,0.00000,0.00000,0.00000,-1.00000,541.34
quat0,-0.82114,-0.56654,-0.03106,0.06158,541.36
quat1,-0.17627,-0.21183,-0.40468,0.87194,541.36
quat2,-0.16476,0.19777,-0.05705,-0.96462,541.36
quat3,-0.66139,-0.09287,0.25654,-0.69866,541.36
quat4,-0.06711,-0.47882,0.27363,-0.83148,541.36
quat5,0.00000,0.00000,0.00000,-1.00000,541.36
quat6,0.00000,0.00000,0.00000,-1.00000,541.36
quat7,0.00000,0.00000,0.00000,-1.00000,541.36
quat8,0.00000,0.00000,0.00000,-1.00000,541.36
quat0,-0.81908,-0.56877,-0.05123,0.05463,541.38
quat1,-0.19474,-0.18524,-0.42703,0.86337,541.38
quat2,-0.14615,0.18049,-0.05134,-0.97130,541.38
quat3,-0.62248,-0.11317,0.23849,-0.73677,541.38
quat4,-0.04864,-0.49506,0.24129,-0.83327,541.38
quat5,0.00000,0.00000,0.00000,-1.00000,541.38
quat6,0.00000,0.00000,0.00000,-1.00000,541.38
quat7,0.00000,0.00000,0.00000,-1.00000,541.38
quat8,0.00000,0.00000,0.00000,-1.00000,541.38
quat0,-0.81570,-0.57245,-0.06862,0.04716,541.4
quat1,-0.21473,-0.15645,-0.45156,0.85177,541.4
quat2,-0.12590,0.16137,-0.04443,-0.97782,541.4
quat3,-0.57934,-0.14190,0.22466,-0.77056,541.4
quat4,-0.02539,-0.51349,0.21083,-0.83141,541.4
quat5,0.00000,0.00000,0.00000,-1.00000,541.4
quat6,0.00000,0.00000,0.00000,-1.00000,541.4
quat7,0.00000,0.00000,0.00000,-1.00000,541.4
quat8,0.00000,0.00000,0.00000,-1.00000,541.4
quat0,-0.81140,-0.57665,-0.08625,0.04083,541.42
quat1,-0.23557,-0.12760,-0.47811,0.83644,541.42
quat2,-0.10423,0.13919,-0.03574,-0.98412,541.42
quat3,-0.53325,-0.17547,0.21382,-0.79946,541.42
quat4,0.00078,-0.53452,0.18452,-0.82476,541.42
quat5,0.00000,0.00000,0.00000,-1.00000,541.42
quat6,0.00000,0.00000,0.00000,-1.00000,541.42
quat7,0.00000,0.00000,0.00000,-1.00000,541.42
quat8,0.00000,0.00000,0.00000,-1.00000,541.42
quat0,-0.80632,-0.58187,-0.10106,0.03256,541.44
quat1,-0.25546,-0.09948,-0.50702,0.81718,541.44
quat2,-0.08085,0.11507,-0.02512,-0.98974,541.44
quat3,-0.48544,-0.21219,0.20453,-0.82310,541.44
quat4,0.02763,-0.55670,0.16235,-0.81423,541.44
quat5,0.00000,0.00000,0.00000,-1.00000,541.44
quat6,0.00000,0.00000,0.00000,-1.00000,541.44
quat7,0.00000,0.00000,0.00000,-1.00000,541.44
quat8,0.00000,0.00000,0.00000,-1.00000,541.44
quat0,-0.80512,-0.58085,-0.11767,0.02347,541.46
quat1,-0.27256,-0.07272,-0.53759,0.79462,541.46
quat2,-0.05601,0.09105,-0.01200,-0.99420,541.46
quat3,-0.43918,-0.24595,0.19379,-0.84207,541.46
quat4,0.05240,-0.57772,0.14537,-0.80148,541.46
quat5,0.00000,0.00000,0.00000,-1.00000,541.46
quat6,0.00000,0.00000,0.00000,-1.00000,541.46
quat7,0.00000,0.00000,0.00000,-1.00000,541.46
quat8,0.00000,0.00000,0.00000,-1.00000,541.46
quat0,-0.79377,-0.59279,-0.13572,0.01062,541.48
quat1,-0.28607,-0.04648,-0.56893,0.76963,541.48
quat2,-0.02963,0.06665,0.00460,-0.99733,541.48
quat3,-0.39546,-0.27147,0.18303,-0.85814,541.48
quat4,0.07344,-0.59565,0.13291,-0.78876,541.48
quat5,0.00000,0.00000,0.00000,-1.00000,541.48
quat6,0.00000,0.00000,0.00000,-1.00000,541.48
quat7,0.00000,0.00000,0.00000,-1.00000,541.48
quat8,0.00000,0.00000,0.00000,-1.00000,541.48
quat0,-0.78254,-0.60188,-0.15925,-0.00254,541.5
quat1,-0.29633,-0.01994,-0.60028,0.74260,541.5
quat2,-0.00269,0.04169,0.02436,-0.99883,541.5
quat3,-0.35161,-0.29194,0.17635,-0.87181,541.5
quat4,0.08951,-0.61143,0.12448,-0.77631,541.5
quat5,0.00000,0.00000,0.00000,-1.00000,541.5
quat6,0.00000,0.00000,0.00000,-1.00000,541.5
quat7,0.00000,0.00000,0.00000,-1.00000,541.5
quat8,0.00000,0.00000,0.00000,-1.00000,541.5
quat0,-0.76695,-0.61529,-0.18174,-0.01334,541.52
quat1,-0.30573,0.00766,-0.63093,0.71302,541.52
quat2,0.02413,0.01728,0.04740,-0.99844,541.52
quat3,-0.30868,-0.31283,0.17354,-0.88133,541.52
quat4,0.10298,-0.62494,0.11713,-0.76493,541.52
quat5,0.00000,0.00000,0.00000,-1.00000,541.52
quat6,0.00000,0.00000,0.00000,-1.00000,541.52
quat7,0.00000,0.00000,0.00000,-1.00000,541.52
quat8,0.00000,0.00000,0.00000,-1.00000,541.52
quat0,-0.74700,-0.63061,-0.20913,-0.02404,541.54
quat1,-0.31448,0.03671,-0.66015,0.68114,541.54
quat2,0.05028,-0.00564,0.07340,-0.99602,541.54
quat3,-0.26748,-0.33898,0.17286,-0.88525,541.54
quat4,0.11481,-0.64200,0.11138,-0.74983,541.54
quat5,0.00000,0.00000,0.00000,-1.00000,541.54
quat6,0.00000,0.00000,0.00000,-1.00000,541.54
quat7,0.00000,0.00000,0.00000,-1.00000,541.54
quat8,0.00000,0.00000,0.00000,-1.00000,541.54
quat0,-0.72882,-0.64287,-0.23327,-0.03352,541.56
quat1,-0.32266,0.06534,-0.68824,0.64649,541.56
quat2,0.07550,-0.02797,0.10247,-0.99147,541.56
quat3,-0.22790,-0.36920,0.17248,-0.88431,541.56
quat4,0.12519,-0.66524,0.10621,-0.72836,541.56
quat5,0.00000,0.00000,0.00000,-1.00000,541.56
quat6,0.00000,0.00000,0.00000,-1.00000,541.56
quat7,0.00000,0.00000,0.00000,-1.00000,541.56
quat8,0.00000,0.00000,0.00000,-1.00000,541.56
quat0,-0.70569,-0.65955,-0.25538,-0.04217,541.58
quat1,-0.33016,0.09292,-0.71493,0.60929,541.58
quat2,0.09981,-0.05145,0.13345,-0.98467,541.58
quat3,-0.19158,-0.39940,0.17206,-0.87987,541.58
quat4,0.13412,-0.68902,0.10136,-0.70497,541.58
quat5,0.00000,0.00000,0.00000,-1.00000,541.58
quat6,0.00000,0.00000,0.00000,-1.00000,541.58
quat7,0.00000,0.00000,0.00000,-1.00000,541.58
quat8,0.00000,0.00000,0.00000,-1.00000,541.58
quat0,-0.68822,-0.67017,-0.27399,-0.04634,541.6
quat1,-0.33661,0.12035,-0.74014,0.56956,541.6
quat2,0.12381,-0.07577,0.16651,-0.97530,541.6
quat3,-0.15892,-0.42844,0.17137,-0.87282,541.6
quat4,0.14305,-0.71374,0.09277,-0.67934,541.6
quat5,0.00000,0.00000,0.00000,-1.00000,541.6
quat6,0.00000,0.00000,0.00000,-1.00000,541.6
quat7,0.00000,0.00000,0.00000,-1.00000,541.6
quat8,0.00000,0.00000,0.00000,-1.00000,541.6
quat0,-0.66459,-0.68567,-0.29138,-0.05726,541.62
quat1,-0.34134,0.14709,-0.76429,0.52699,541.62
quat2,0.14697,-0.10032,0.20158,-0.96317,541.62
quat3,-0.12847,-0.45693,0.17123,-0.86336,541.62
quat4,0.15168,-0.73706,0.08254,-0.65339,541.62
quat5,0.00000,0.00000,0.00000,-1.00000,541.62
quat6,0.00000,0.00000,0.00000,-1.00000,541.62
quat7,0.00000,0.00000,0.00000,-1.00000,541.62
quat8,0.00000,0.00000,0.00000,-1.00000,541.62
quat0,-0.64565,-0.69926,-0.30049,-0.06219,541.64
quat1,-0.34282,0.17130,-0.78709,0.48334,541.64
quat2,0.16867,-0.12524,0.23869,-0.94810,541.64
quat3,-0.09960,-0.48535,0.17053,-0.85173,541.64
quat4,0.15934,-0.75726,0.07115,-0.62937,541.64
quat5,0.00000,0.00000,0.00000,-1.00000,541.64
quat6,0.00000,0.00000,0.00000,-1.00000,541.64
quat7,0.00000,0.00000,0.00000,-1.00000,541.64
quat8,0.00000,0.00000,0.00000,-1.00000,541.64
quat0,-0.62440,-0.71468,-0.30834,-0.06550,541.66
quat1,-0.34389,0.19351,-0.80731,0.43880,541.66
quat2,0.18850,-0.15021,0.27709,-0.93012,541.66
quat3,-0.07193,-0.51225,0.17009,-0.83875,541.66
quat4,0.16559,-0.77461,0.05921,-0.60750,541.66
quat5,0.00000,0.00000,0.00000,-1.00000,541.66
quat6,0.00000,0.00000,0.00000,-1.00000,541.66
quat7,0.00000,0.00000,0.00000,-1.00000,541.66
quat8,0.00000,0.00000,0.00000,-1.00000,541.66
quat0,-0.60659,-0.72707,-0.31429,-0.06807,541.68
quat1,-0.34727,0.21564,-0.82449,0.39131,541.68
quat2,0.20680,-0.17582,0.31582,-0.90916,541.68
quat3,-0.04554,-0.53465,0.17038,-0.82647,541.68
quat4,0.17177,-0.78734,0.04599,-0.59031,541.68
quat5,0.00000,0.00000,0.00000,-1.00000,541.68
quat6,0.00000,0.00000,0.00000,-1.00000,541.68
quat7,0.00000,0.00000,0.00000,-1.00000,541.68
quat8,0.00000,0.00000,0.00000,-1.00000,541.68
quat0,-0.58433,-0.74099,-0.32351,-0.06957,541.7
quat1,-0.34931,0.23555,-0.83961,0.34287,541.7
quat2,0.22354,-0.20213,0.35449,-0.88516,541.7
quat3,-0.02613,-0.55277,0.16706,-0.81600,541.7
quat4,0.17849,-0.79173,0.03343,-0.58325,541.7
quat5,0.00000,0.00000,0.00000,-1.00000,541.7
quat6,0.00000,0.00000,0.00000,-1.00000,541.7
quat7,0.00000,0.00000,0.00000,-1.00000,541.7
quat8,0.00000,0.00000,0.00000,-1.00000,541.7
quat0,-0.56457,-0.75339,-0.32984,-0.06973,541.72
quat1,-0.34940,0.25317,-0.85257,0.29486,541.72
quat2,0.23808,-0.22785,0.39281,-0.85855,541.72
quat3,-0.00826,-0.56649,0.16505,-0.80733,541.72
quat4,0.18514,-0.79023,0.02291,-0.58373,541.72
quat5,0.00000,0.00000,0.00000,-1.00000,541.72
quat6,0.00000,0.00000,0.00000,-1.00000,541.72
quat7,0.00000,0.00000,0.00000,-1.00000,541.72
quat8,0.00000,0.00000,0.00000,-1.00000,541.72
quat0,-0.54566,-0.76518,-0.33549,-0.06490,541.74
quat1,-0.35024,0.26801,-0.86302,0.24638,541.74
quat2,0.25034,-0.25220,0.43026,-0.82982,541.74
quat3,0.00828,-0.57860,0.16370,-0.79897,541.74
quat4,0.19009,-0.78638,0.01428,-0.58759,541.74
quat5,0.00000,0.00000,0.00000,-1.00000,541.74
quat6,0.00000,0.00000,0.00000,-1.00000,541.74
quat7,0.00000,0.00000,0.00000,-1.00000,541.74
quat8,0.00000,0.00000,0.00000,-1.00000,541.74
quat0,-0.52500,-0.77626,-0.34368,-0.06072,541.76
quat1,-0.34906,0.28041,-0.87149,0.20008,541.76
quat2,0.25989,-0.27481,0.46625,-0.79971,541.76
quat3,0.02505,-0.58388,0.16623,-0.79425,541.76
quat4,0.19427,-0.78030,0.00711,-0.59443,541.76
quat5,0.00000,0.00000,0.00000,-1.00000,541.76
quat6,0.00000,0.00000,0.00000,-1.00000,541.76
quat7,0.00000,0.00000,0.00000,-1.00000,541.76
quat8,0.00000,0.00000,0.00000,-1.00000,541.76
quat0,-0.51462,-0.78154,-0.34790,-0.05770,541.78
quat1,-0.34531,0.29024,-0.87832,0.15836,541.78
quat2,0.26712,-0.29522,0.49947,-0.76943,541.78
quat3,0.03888,-0.58299,0.17017,-0.79351,541.78
quat4,0.19913,-0.76922,0.00305,-0.60716,541.78
quat5,0.00000,0.00000,0.00000,-1.00000,541.78
quat6,0.00000,0.00000,0.00000,-1.00000,541.78
quat7,0.00000,0.00000,0.00000,-1.00000,541.78
quat8,0.00000,0.00000,0.00000,-1.00000,541.78
quat0,-0.51118,-0.78514,-0.34665,-0.04567,541.8
quat1,-0.34223,0.29872,-0.88258,0.12122,541.8
quat2,0.27050,-0.31212,0.53017,-0.74049,541.8
quat3,0.05141,-0.57946,0.17666,-0.79396,541.8
quat4,0.20459,-0.75306,0.00281,-0.62533,541.8
quat5,0.00000,0.00000,0.00000,-1.00000,541.8
quat6,0.00000,0.00000,0.00000,-1.00000,541.8
quat7,0.00000,0.00000,0.00000,-1.00000,541.8
quat8,0.00000,0.00000,0.00000,-1.00000,541.8
quat0,-0.50195,-0.78835,-0.35353,-0.03954,541.82
quat1,-0.33788,0.30636,-0.88531,0.09064,541.82
quat2,0.26714,-0.32453,0.55805,-0.71547,541.82
quat3,0.06039,-0.57617,0.18360,-0.79415,541.82
quat4,0.20999,-0.73779,0.00442,-0.64152,541.82
quat5,0.00000,0.00000,0.00000,-1.00000,541.82
quat6,0.00000,0.00000,0.00000,-1.00000,541.82
quat7,0.00000,0.00000,0.00000,-1.00000,541.82
quat8,0.00000,0.00000,0.00000,-1.00000,541.82
quat0,-0.49626,-0.78999,-0.35861,-0.03214,541.84
quat1,-0.33093,0.31045,-0.88844,0.06920,541.84
quat2,0.25578,-0.33315,0.58115,-0.69703,541.84
quat3,0.06483,-0.57709,0.18858,-0.79196,541.84
quat4,0.21413,-0.72957,0.00592,-0.64949,541.84
quat5,0.00000,0.00000,0.00000,-1.00000,541.84
quat6,0.00000,0.00000,0.00000,-1.00000,541.84
quat7,0.00000,0.00000,0.00000,-1.00000,541.84
quat8,0.00000,0.00000,0.00000,-1.00000,541.84
quat0,-0.49634,-0.79009,-0.35925,-0.01848,541.86
quat1,-0.32205,0.31063,-0.89251,0.05679,541.86
quat2,0.23920,-0.34055,0.59799,-0.68500,541.86
quat3,0.06447,-0.58333,0.19099,-0.78682,541.86
quat4,0.21617,-0.73028,0.00711,-0.64800,541.86
quat5,0.00000,0.00000,0.00000,-1.00000,541.86
quat6,0.00000,0.00000,0.00000,-1.00000,541.86
quat7,0.00000,0.00000,0.00000,-1.00000,541.86
quat8,0.00000,0.00000,0.00000,-1.00000,541.86
quat0,-0.49769,-0.78767,-0.36294,-0.01269,541.88
quat1,-0.31128,0.30891,-0.89712,0.05339,541.88
quat2,0.22030,-0.34884,0.60765,-0.67863,541.88
quat3,0.05967,-0.59125,0.19162,-0.78112,541.88
quat4,0.21565,-0.73756,0.00933,-0.63985,541.88
quat5,0.00000,0.00000,0.00000,-1.00000,541.88
quat6,0.00000,0.00000,0.00000,-1.00000,541.88
quat7,0.00000,0.00000,0.00000,-1.00000,541.88
quat8,0.00000,0.00000,0.00000,-1.00000,541.88
quat0,-0.50224,-0.78414,-0.36451,-0.00315,541.9
quat1,-0.29920,0.30599,-0.90195,0.05774,541.9
quat2,0.20037,-0.35805,0.61030,-0.67763,541.9
quat3,0.05152,-0.59968,0.19187,-0.77519,541.9
quat4,0.21357,-0.74646,0.01382,-0.63008,541.9
quat5,0.00000,0.00000,0.00000,-1.00000,541.9
quat6,0.00000,0.00000,0.00000,-1.00000,541.9
quat7,0.00000,0.00000,0.00000,-1.00000,541.9
quat8,0.00000,0.00000,0.00000,-1.00000,541.9
quat0,-0.51115,-0.77845,-0.36426,0.00817,541.92
quat1,-0.28520,0.30261,-0.90679,0.06940,541.92
quat2,0.18029,-0.36659,0.60641,-0.68219,541.92
quat3,0.04052,-0.60580,0.19332,-0.77071,541.92
quat4,0.21056,-0.75358,0.02137,-0.62235,541.92
quat5,0.00000,0.00000,0.00000,-1.00000,541.92
quat6,0.00000,0.00000,0.00000,-1.00000,541.92
quat7,0.00000,0.00000,0.00000,-1.00000,541.92
quat8,0.00000,0.00000,0.00000,-1.00000,541.92
quat0,-0.52340,-0.77042,-0.36347,0.01974,541.94
quat1,-0.26976,0.29925,-0.91106,0.08741,541.94
quat2,0.16056,-0.37308,0.59676,-0.69204,541.94
quat3,0.02785,-0.60841,0.19693,-0.76830,541.94
quat4,0.20743,-0.75752,0.03120,-0.61819,541.94
quat5,0.00000,0.00000,0.00000,-1.00000,541.94
quat6,0.00000,0.00000,0.00000,-1.00000,541.94
quat7,0.00000,0.00000,0.00000,-1.00000,541.94
quat8,0.00000,0.00000,0.00000,-1.00000,541.94
quat0,-0.53860,-0.76027,-0.36194,0.02989,541.96
quat1,-0.25281,0.29598,-0.91435,0.11155,541.96
quat2,0.14220,-0.37746,0.58191,-0.70618,541.96
quat3,0.01426,-0.60833,0.20170,-0.76750,541.96
quat4,0.20489,-0.75825,0.04309,-0.61743,541.96
quat5,0.00000,0.00000,0.00000,-1.00000,541.96
quat6,0.00000,0.00000,0.00000,-1.00000,541.96
quat7,0.00000,0.00000,0.00000,-1.00000,541.96
quat8,0.00000,0.00000,0.00000,-1.00000,541.96
quat0,-0.55534,-0.74798,-0.36127,0.04006,541.98
quat1,-0.23457,0.29275,-0.91601,0.14215,541.98
quat2,0.12578,-0.38075,0.56229,-0.72321,541.98
quat3,0.00022,-0.60534,0.20821,-0.76826,541.98
quat4,0.20220,-0.75628,0.05636,-0.61966,541.98
quat5,0.00000,0.00000,0.00000,-1.00000,541.98
quat6,0.00000,0.00000,0.00000,-1.00000,541.98
quat7,0.00000,0.00000,0.00000,-1.00000,541.98
quat8,0.00000,0.00000,0.00000,-1.00000,541.98
quat0,-0.57250,-0.73406,-0.36206,0.04805,542
quat1,-0.21687,0.28895,-0.91532,0.17795,542
quat2,0.11104,-0.38282,0.53886,-0.74213,542
quat3,-0.01490,-0.60093,0.21409,-0.76995,542
quat4,0.19882,-0.75192,0.07101,-0.62454,542
quat5,0.00000,0.00000,0.00000,-1.00000,542
quat6,0.00000,0.00000,0.00000,-1.00000,542
quat7,0.00000,0.00000,0.00000,-1.00000,542
quat8,0.00000,0.00000,0.00000,-1.00000,542
quat0,-0.59160,-0.71697,-0.36461,0.05496,542.02
quat1,-0.20045,0.28410,-0.91182,0.21840,542.02
quat2,0.09768,-0.38250,0.51200,-0.76289,542.02
quat3,-0.03094,-0.59488,0.21939,-0.77268,542.02
quat4,0.19425,-0.74583,0.08606,-0.63135,542.02
quat5,0.00000,0.00000,0.00000,-1.00000,542.02
quat6,0.00000,0.00000,0.00000,-1.00000,542.02
quat7,0.00000,0.00000,0.00000,-1.00000,542.02
quat8,0.00000,0.00000,0.00000,-1.00000,542.02
quat0,-0.60959,-0.69899,-0.36894,0.06081,542.04
quat1,-0.18493,0.27989,-0.90475,0.26246,542.04
quat2,0.08801,-0.38078,0.48155,-0.78446,542.04
quat3,-0.04778,-0.58754,0.22366,-0.77621,542.04
quat4,0.18818,-0.73957,0.10064,-0.63836,542.04
quat5,0.00000,0.00000,0.00000,-1.00000,542.04
quat6,0.00000,0.00000,0.00000,-1.00000,542.04
quat7,0.00000,0.00000,0.00000,-1.00000,542.04
quat8,0.00000,0.00000,0.00000,-1.00000,542.04
quat0,-0.62996,-0.67643,-0.37585,0.06576,542.06
quat1,-0.17150,0.27787,-0.89354,0.30816,542.06
quat2,0.08350,-0.37848,0.44922,-0.80498,542.06
quat3,-0.06514,-0.57951,0.22619,-0.78023,542.06
quat4,0.18105,-0.73434,0.11414,-0.64416,542.06
quat5,0.00000,0.00000,0.00000,-1.00000,542.06
quat6,0.00000,0.00000,0.00000,-1.00000,542.06
quat7,0.00000,0.00000,0.00000,-1.00000,542.06
quat8,0.00000,0.00000,0.00000,-1.00000,542.06
quat0,-0.64781,-0.65847,-0.37701,0.06794,542.08
quat1,-0.16084,0.27836,-0.87867,0.35297,542.08
quat2,0.08412,-0.37706,0.41542,-0.82351,542.08
quat3,-0.08298,-0.57200,0.22559,-0.78425,542.08
quat4,0.17343,-0.73013,0.12640,-0.64874,542.08
quat5,0.00000,0.00000,0.00000,-1.00000,542.08
quat6,0.00000,0.00000,0.00000,-1.00000,542.08
quat7,0.00000,0.00000,0.00000,-1.00000,542.08
quat8,0.00000,0.00000,0.00000,-1.00000,542.08
quat0,-0.66668,-0.63490,-0.38284,0.07664,542.1
quat1,-0.15378,0.28086,-0.86082,0.39556,542.1
quat2,0.08801,-0.37404,0.38088,-0.84100,542.1
quat3,-0.10065,-0.56600,0.22277,-0.78733,542.1
quat4,0.16529,-0.72667,0.13732,-0.65251,542.1
quat5,0.00000,0.00000,0.00000,-1.00000,542.1
quat6,0.00000,0.00000,0.00000,-1.00000,542.1
quat7,0.00000,0.00000,0.00000,-1.00000,542.1
quat8,0.00000,0.00000,0.00000,-1.00000,542.1
quat0,-0.68427,-0.61425,-0.38544,0.07687,542.12
quat1,-0.14599,0.28587,-0.84103,0.43546,542.12
quat2,0.09040,-0.36463,0.34706,-0.85931,542.12
quat3,-0.11833,-0.56059,0.21731,-0.79026,542.12
quat4,0.15628,-0.72357,0.14624,-0.65623,542.12
quat5,0.00000,0.00000,0.00000,-1.00000,542.12
quat6,0.00000,0.00000,0.00000,-1.00000,542.12
quat7,0.00000,0.00000,0.00000,-1.00000,542.12
quat8,0.00000,0.00000,0.00000,-1.00000,542.12
quat0,-0.70541,-0.59019,-0.38395,0.08156,542.14
quat1,-0.13963,0.29111,-0.81970,0.47313,542.14
quat2,0.09221,-0.35096,0.31395,-0.87736,542.14
quat3,-0.13541,-0.55562,0.20935,-0.79318,542.14
quat4,0.14677,-0.72026,0.15223,-0.66069,542.14
quat5,0.00000,0.00000,0.00000,-1.00000,542.14
quat6,0.00000,0.00000,0.00000,-1.00000,542.14
quat7,0.00000,0.00000,0.00000,-1.00000,542.14
quat8,0.00000,0.00000,0.00000,-1.00000,542.14
quat0,-0.72306,-0.57008,-0.38065,0.08549,542.16
quat1,-0.13507,0.29532,-0.79783,0.50795,542.16
quat2,0.09229,-0.33863,0.28143,-0.89309,542.16
quat3,-0.15216,-0.54972,0.20010,-0.79663,542.16
quat4,0.13711,-0.71572,0.15562,-0.66688,542.16
quat5,0.00000,0.00000,0.00000,-1.00000,542.16
quat6,0.00000,0.00000,0.00000,-1.00000,542.16
quat7,0.00000,0.00000,0.00000,-1.00000,542.16
quat8,0.00000,0.00000,0.00000,-1.00000,542.16
quat0,-0.74411,-0.54642,-0.37502,0.08415,542.18
quat1,-0.13184,0.29874,-0.77587,0.53981,542.18
quat2,0.09012,-0.32934,0.24890,-0.90635,542.18
quat3,-0.16902,-0.54180,0.18981,-0.80116,542.18
quat4,0.12777,-0.71053,0.15641,-0.67406,542.18
quat5,0.00000,0.00000,0.00000,-1.00000,542.18
quat6,0.00000,0.00000,0.00000,-1.00000,542.18
quat7,0.00000,0.00000,0.00000,-1.00000,542.18
quat8,0.00000,0.00000,0.00000,-1.00000,542.18
quat0,-0.76254,-0.52414,-0.36994,0.08336,542.2
quat1,-0.12952,0.30218,-0.75392,0.56878,542.2
quat2,0.08644,-0.32434,0.21622,-0.91683,542.2
quat3,-0.18570,-0.53188,0.17806,-0.80679,542.2
quat4,0.11853,-0.70511,0.15441,-0.68185,542.2
quat5,0.00000,0.00000,0.00000,-1.00000,542.2
quat6,0.00000,0.00000,0.00000,-1.00000,542.2
quat7,0.00000,0.00000,0.00000,-1.00000,542.2
quat8,0.00000,0.00000,0.00000,-1.00000,542.2
quat0,-0.77925,-0.50257,-0.36591,0.07937,542.22
quat1,-0.12745,0.30507,-0.73169,0.59609,542.22
quat2,0.08135,-0.32337,0.18368,-0.92471,542.22
quat3,-0.20164,-0.52122,0.16456,-0.81277,542.22
quat4,0.10951,-0.69912,0.14898,-0.69069,542.22
quat5,0.00000,0.00000,0.00000,-1.00000,542.22
quat6,0.00000,0.00000,0.00000,-1.00000,542.22
quat7,0.00000,0.00000,0.00000,-1.00000,542.22
quat8,0.00000,0.00000,0.00000,-1.00000,542.22
quat0,-0.79653,-0.48042,-0.35921,0.07557,542.24
quat1,-0.12469,0.30720,-0.70927,0.62210,542.24
quat2,0.07514,-0.32370,0.15199,-0.93085,542.24
quat3,-0.21767,-0.50895,0.14984,-0.81923,542.24
quat4,0.10090,-0.69115,0.14087,-0.70163,542.24
quat5,0.00000,0.00000,0.00000,-1.00000,542.24
quat6,0.00000,0.00000,0.00000,-1.00000,542.24
quat7,0.00000,0.00000,0.00000,-1.00000,542.24
quat8,0.00000,0.00000,0.00000,-1.00000,542.24
quat0,-0.81082,-0.46011,-0.35479,0.07068,542.26
quat1,-0.12162,0.30912,-0.68627,0.64706,542.26
quat2,0.06846,-0.32274,0.12107,-0.93621,542.26
quat3,-0.23400,-0.49436,0.13441,-0.82631,542.26
quat4,0.09299,-0.68146,0.12959,-0.71427,542.26
quat5,0.00000,0.00000,0.00000,-1.00000,542.26
quat6,0.00000,0.00000,0.00000,-1.00000,542.26
quat7,0.00000,0.00000,0.00000,-1.00000,542.26
quat8,0.00000,0.00000,0.00000,-1.00000,542.26
quat0,-0.82758,-0.43765,-0.34569,0.06384,542.28
quat1,-0.11836,0.31144,-0.66254,0.67085,542.28
quat2,0.06150,-0.32057,0.09124,-0.94081,542.28
quat3,-0.25041,-0.47794,0.11784,-0.83366,542.28
quat4,0.08576,-0.67274,0.11488,-0.72586,542.28
quat5,0.00000,0.00000,0.00000,-1.00000,542.28
quat6,0.00000,0.00000,0.00000,-1.00000,542.28
quat7,0.00000,0.00000,0.00000,-1.00000,542.28
quat8,0.00000,0.00000,0.00000,-1.00000,542.28
quat0,-0.84182,-0.41476,-0.34052,0.05804,542.3
quat1,-0.11578,0.31446,-0.63850,0.69284,542.3
quat2,0.05523,-0.31723,0.06292,-0.94465,542.3
quat3,-0.26581,-0.45984,0.10083,-0.84127,542.3
quat4,0.07919,-0.66462,0.09723,-0.73658,542.3
quat5,0.00000,0.00000,0.00000,-1.00000,542.3
quat6,0.00000,0.00000,0.00000,-1.00000,542.3
quat7,0.00000,0.00000,0.00000,-1.00000,542.3
quat8,0.00000,0.00000,0.00000,-1.00000,542.3
quat0,-0.85625,-0.39557,-0.32843,0.04989,542.32
quat1,-0.11425,0.31746,-0.61399,0.71358,542.32
quat2,0.05006,-0.31195,0.03516,-0.94813,542.32
quat3,-0.27994,-0.44098,0.08394,-0.84860,542.32
quat4,0.07244,-0.65450,0.07798,-0.74853,542.32
quat5,0.00000,0.00000,0.00000,-1.00000,542.32
quat6,0.00000,0.00000,0.00000,-1.00000,542.32
quat7,0.00000,0.00000,0.00000,-1.00000,542.32
quat8,0.00000,0.00000,0.00000,-1.00000,542.32
quat0,-0.87110,-0.36959,-0.32045,0.04355,542.34
quat1,-0.11322,0.32062,-0.58916,0.73299,542.34
quat2,0.04575,-0.30693,0.00826,-0.95060,542.34
quat3,-0.29305,-0.41872,0.06698,-0.85692,542.34
quat4,0.06589,-0.64214,0.05664,-0.76164,542.34
quat5,0.00000,0.00000,0.00000,-1.00000,542.34
quat6,0.00000,0.00000,0.00000,-1.00000,542.34
quat7,0.00000,0.00000,0.00000,-1.00000,542.34
quat8,0.00000,0.00000,0.00000,-1.00000,542.34
quat0,-0.88357,-0.35065,-0.30827,0.03636,542.36
quat1,-0.11423,0.32297,-0.56419,0.75122,542.36
quat2,0.04237,-0.30348,-0.01867,-0.95171,542.36
quat3,-0.30483,-0.39394,0.05018,-0.86566,542.36
quat4,0.05892,-0.62861,0.03386,-0.77474,542.36
quat5,0.00000,0.00000,0.00000,-1.00000,542.36
quat6,0.00000,0.00000,0.00000,-1.00000,542.36
quat7,0.00000,0.00000,0.00000,-1.00000,542.36
quat8,0.00000,0.00000,0.00000,-1.00000,542.36
quat0,-0.89692,-0.32615,-0.29717,0.02938,542.38
quat1,-0.11541,0.32410,-0.53943,0.76854,542.38
quat2,0.03973,-0.29791,-0.04413,-0.95275,542.38
quat3,-0.31499,-0.36610,0.03418,-0.87498,542.38
quat4,0.05189,-0.61359,0.00991,-0.78785,542.38
quat5,0.00000,0.00000,0.00000,-1.00000,542.38
quat6,0.00000,0.00000,0.00000,-1.00000,542.38
quat7,0.00000,0.00000,0.00000,-1.00000,542.38
quat8,0.00000,0.00000,0.00000,-1.00000,542.38
quat0,-0.91099,-0.30367,-0.27821,0.02203,542.4
quat1,-0.11757,0.32371,-0.51501,0.78496,542.4
quat2,0.03803,-0.29275,-0.06832,-0.95299,542.4
quat3,-0.32316,-0.33646,0.01900,-0.88431,542.4
quat4,0.04519,-0.59636,-0.01488,-0.80131,542.4
quat5,0.00000,0.00000,0.00000,-1.00000,542.4
quat6,0.00000,0.00000,0.00000,-1.00000,542.4
quat7,0.00000,0.00000,0.00000,-1.00000,542.4
quat8,0.00000,0.00000,0.00000,-1.00000,542.4
quat0,-0.92228,-0.28122,-0.26479,0.01422,542.42
quat1,-0.12122,0.32263,-0.49107,0.80004,542.42
quat2,0.03578,-0.28571,-0.09143,-0.95327,542.42
quat3,-0.33001,-0.30569,0.00484,-0.89310,542.42
quat4,0.04027,-0.57762,-0.04059,-0.81430,542.42
quat5,0.00000,0.00000,0.00000,-1.00000,542.42
quat6,0.00000,0.00000,0.00000,-1.00000,542.42
quat7,0.00000,0.00000,0.00000,-1.00000,542.42
quat8,0.00000,0.00000,0.00000,-1.00000,542.42
