QUAT,w,x,y,z,timestamp
quat0,0.28479,-0.20822,0.80606,-0.47519,1876.76
quat1,-0.31940,0.85835,-0.18180,-0.35801,1876.76
quat2,0.25474,-0.83721,0.45346,-0.16899,1876.76
quat3,0.29706,-0.79955,0.09763,0.51278,1876.76
quat4,-0.56996,0.41682,-0.01678,-0.70790,1876.76
quat5,0.00000,-0.86603,0.00000,0.50000,1876.76
quat6,0.00000,-0.86603,0.00000,0.50000,1876.76
quat7,0.00000,-0.86603,0.00000,0.50000,1876.76
quat8,0.00000,-0.86603,0.00000,0.50000,1876.76
quat0,0.52439,0.16471,-0.83271,0.06695,1876.78
quat1,-0.32724,0.85581,-0.18216,-0.35682,1876.78
quat2,0.26136,-0.83526,0.45578,-0.16216,1876.78
quat3,0.30355,-0.79693,0.10024,0.51256,1876.78
quat4,-0.57558,0.41490,-0.01647,-0.70448,1876.78
quat5,0.00000,-0.86603,0.00000,0.50000,1876.78
quat6,0.00000,-0.86603,0.00000,0.50000,1876.78
quat7,0.00000,-0.86603,0.00000,0.50000,1876.78
quat8,0.00000,-0.86603,0.00000,0.50000,1876.78
quat0,0.49603,0.18975,-0.83265,0.15700,1876.8
quat1,-0.33535,0.85319,-0.18268,-0.35530,1876.8
quat2,0.26707,-0.83355,0.45749,-0.15678,1876.8
quat3,0.30921,-0.79416,0.10315,0.51288,1876.8
quat4,-0.58204,0.41447,-0.01864,-0.69936,1876.8
quat5,0.00000,-0.86603,0.00000,0.50000,1876.8
quat6,0.00000,-0.86603,0.00000,0.50000,1876.8
quat7,0.00000,-0.86603,0.00000,0.50000,1876.8
quat8,0.00000,-0.86603,0.00000,0.50000,1876.8
quat0,0.49548,0.18802,-0.83498,0.14820,1876.82
quat1,-0.34450,0.85010,-0.18431,-0.35309,1876.82
quat2,0.27113,-0.83135,0.46106,-0.15090,1876.82
quat3,0.31422,-0.79063,0.10794,0.51432,1876.82
quat4,-0.58944,0.41422,-0.02022,-0.69324,1876.82
quat5,0.00000,-0.86603,0.00000,0.50000,1876.82
quat6,0.00000,-0.86603,0.00000,0.50000,1876.82
quat7,0.00000,-0.86603,0.00000,0.50000,1876.82
quat8,0.00000,-0.86603,0.00000,0.50000,1876.82
quat0,0.49479,0.19057,-0.83446,0.15012,1876.84
quat1,-0.35457,0.84677,-0.18375,-0.35142,1876.84
quat2,0.27473,-0.82846,0.46643,-0.14362,1876.84
quat3,0.31582,-0.78636,0.11578,0.51816,1876.84
quat4,-0.59777,0.41740,-0.02431,-0.68400,1876.84
quat5,0.00000,-0.86603,0.00000,0.50000,1876.84
quat6,0.00000,-0.86603,0.00000,0.50000,1876.84
quat7,0.00000,-0.86603,0.00000,0.50000,1876.84
quat8,0.00000,-0.86603,0.00000,0.50000,1876.84
quat0,0.49332,0.19264,-0.83530,0.14766,1876.86
quat1,-0.36746,0.84338,-0.17982,-0.34835,1876.86
quat2,0.28170,-0.82522,0.47179,-0.13069,1876.86
quat3,0.31550,-0.77876,0.13041,0.52629,1876.86
quat4,-0.60716,0.42613,-0.03330,-0.66982,1876.86
quat5,0.00000,-0.86603,0.00000,0.50000,1876.86
quat6,0.00000,-0.86603,0.00000,0.50000,1876.86
quat7,0.00000,-0.86603,0.00000,0.50000,1876.86
quat8,0.00000,-0.86603,0.00000,0.50000,1876.86
quat0,0.48825,0.20143,-0.83368,0.16132,1876.88
quat1,-0.38589,0.83670,-0.17450,-0.34724,1876.88
quat2,0.28461,-0.82352,0.47633,-0.11804,1876.88
quat3,0.31330,-0.77212,0.15850,0.52966,1876.88
quat4,-0.61142,0.43959,-0.03973,-0.65677,1876.88
quat5,0.00000,-0.86603,0.00000,0.50000,1876.88
quat6,0.00000,-0.86603,0.00000,0.50000,1876.88
quat7,0.00000,-0.86603,0.00000,0.50000,1876.88
quat8,0.00000,-0.86603,0.00000,0.50000,1876.88
quat0,0.49477,0.19680,-0.83051,0.16345,1876.9
quat1,-0.40559,0.82998,-0.17365,-0.34128,1876.9
quat2,0.27633,-0.82064,0.48604,-0.11813,1876.9
quat3,0.31232,-0.76182,0.18706,0.53582,1876.9
quat4,-0.61109,0.44261,-0.03247,-0.65545,1876.9
quat5,0.00000,-0.86603,0.00000,0.50000,1876.9
quat6,0.00000,-0.86603,0.00000,0.50000,1876.9
quat7,0.00000,-0.86603,0.00000,0.50000,1876.9
quat8,0.00000,-0.86603,0.00000,0.50000,1876.9
quat0,0.49347,0.19530,-0.83284,0.15726,1876.92
quat1,-0.41982,0.82450,-0.17830,-0.33491,1876.92
quat2,0.26301,-0.81466,0.50082,-0.12781,1876.92
quat3,0.32200,-0.75019,0.19263,0.54444,1876.92
quat4,-0.60925,0.42727,-0.01261,-0.66790,1876.92
quat5,0.00000,-0.86603,0.00000,0.50000,1876.92
quat6,0.00000,-0.86603,0.00000,0.50000,1876.92
quat7,0.00000,-0.86603,0.00000,0.50000,1876.92
quat8,0.00000,-0.86603,0.00000,0.50000,1876.92
quat0,0.48803,0.20281,-0.83318,0.16279,1876.94
quat1,-0.42248,0.82343,-0.18895,-0.32828,1876.94
quat2,0.25211,-0.80742,0.51508,-0.13858,1876.94
quat3,0.33285,-0.74189,0.18155,0.55304,1876.94
quat4,-0.60878,0.41342,-0.00138,-0.67710,1876.94
quat5,0.00000,-0.86603,0.00000,0.50000,1876.94
quat6,0.00000,-0.86603,0.00000,0.50000,1876.94
quat7,0.00000,-0.86603,0.00000,0.50000,1876.94
quat8,0.00000,-0.86603,0.00000,0.50000,1876.94
quat0,0.49035,0.20381,-0.82955,0.17281,1876.96
quat1,-0.41915,0.82368,-0.19956,-0.32563,1876.96
quat2,0.24763,-0.80454,0.52016,-0.14433,1876.96
quat3,0.33204,-0.74332,0.17924,0.55235,1876.96
quat4,-0.60921,0.42000,-0.01106,-0.67256,1876.96
quat5,0.00000,-0.86603,0.00000,0.50000,1876.96
quat6,0.00000,-0.86603,0.00000,0.50000,1876.96
quat7,0.00000,-0.86603,0.00000,0.50000,1876.96
quat8,0.00000,-0.86603,0.00000,0.50000,1876.96
quat0,0.48953,0.20267,-0.83081,0.17044,1876.98
quat1,-0.41772,0.82358,-0.20223,-0.32608,1876.98
quat2,0.24306,-0.80509,0.51982,-0.15014,1876.98
quat3,0.32558,-0.74655,0.18557,0.54974,1876.98
quat4,-0.60627,0.42739,-0.01761,-0.67042,1876.98
quat5,0.00000,-0.86603,0.00000,0.50000,1876.98
quat6,0.00000,-0.86603,0.00000,0.50000,1876.98
quat7,0.00000,-0.86603,0.00000,0.50000,1876.98
quat8,0.00000,-0.86603,0.00000,0.50000,1876.98
quat0,0.49251,0.20337,-0.82853,0.17208,1877
quat1,-0.41548,0.82600,-0.19621,-0.32651,1877
quat2,0.23960,-0.80841,0.51521,-0.15370,1877
quat3,0.31905,-0.74970,0.18579,0.54922,1877
quat4,-0.60014,0.42951,-0.01685,-0.67459,1877
quat5,0.00000,-0.86603,0.00000,0.50000,1877
quat6,0.00000,-0.86603,0.00000,0.50000,1877
quat7,0.00000,-0.86603,0.00000,0.50000,1877
quat8,0.00000,-0.86603,0.00000,0.50000,1877
quat0,0.49520,0.20427,-0.82767,0.16738,1877.02
quat1,-0.41318,0.82949,-0.18734,-0.32578,1877.02
quat2,0.23917,-0.81388,0.50699,-0.15281,1877.02
quat3,0.31271,-0.75230,0.18398,0.54992,1877.02
quat4,-0.59357,0.43426,-0.01692,-0.67736,1877.02
quat5,0.00000,-0.86603,0.00000,0.50000,1877.02
quat6,0.00000,-0.86603,0.00000,0.50000,1877.02
quat7,0.00000,-0.86603,0.00000,0.50000,1877.02
quat8,0.00000,-0.86603,0.00000,0.50000,1877.02
quat0,0.49761,0.20537,-0.82615,0.16639,1877.04
quat1,-0.41189,0.83179,-0.17924,-0.32611,1877.04
quat2,0.23902,-0.81914,0.49863,-0.15248,1877.04
quat3,0.30615,-0.75509,0.18490,0.54948,1877.04
quat4,-0.58777,0.44234,-0.01895,-0.67712,1877.04
quat5,0.00000,-0.86603,0.00000,0.50000,1877.04
quat6,0.00000,-0.86603,0.00000,0.50000,1877.04
quat7,0.00000,-0.86603,0.00000,0.50000,1877.04
quat8,0.00000,-0.86603,0.00000,0.50000,1877.04
quat0,0.49978,0.20566,-0.82581,0.16112,1877.06
quat1,-0.41171,0.83256,-0.17249,-0.32801,1877.06
quat2,0.24145,-0.82227,0.49276,-0.15087,1877.06
quat3,0.30190,-0.75721,0.18721,0.54812,1877.06
quat4,-0.58478,0.44778,-0.02013,-0.67611,1877.06
quat5,0.00000,-0.86603,0.00000,0.50000,1877.06
quat6,0.00000,-0.86603,0.00000,0.50000,1877.06
quat7,0.00000,-0.86603,0.00000,0.50000,1877.06
quat8,0.00000,-0.86603,0.00000,0.50000,1877.06
quat0,0.49989,0.20734,-0.82551,0.16018,1877.08
quat1,-0.41358,0.83099,-0.16469,-0.33359,1877.08
quat2,0.24893,-0.82551,0.48581,-0.14338,1877.08
quat3,0.29906,-0.75882,0.18947,0.54668,1877.08
quat4,-0.58440,0.44976,-0.02066,-0.67510,1877.08
quat5,0.00000,-0.86603,0.00000,0.50000,1877.08
quat6,0.00000,-0.86603,0.00000,0.50000,1877.08
quat7,0.00000,-0.86603,0.00000,0.50000,1877.08
quat8,0.00000,-0.86603,0.00000,0.50000,1877.08
quat0,0.50125,0.20378,-0.82695,0.15287,1877.1
quat1,-0.41729,0.82760,-0.15915,-0.34003,1877.1
quat2,0.25701,-0.82813,0.47980,-0.13391,1877.1
quat3,0.29764,-0.75949,0.19336,0.54516,1877.1
quat4,-0.58671,0.45045,-0.02244,-0.67258,1877.1
quat5,0.00000,-0.86603,0.00000,0.50000,1877.1
quat6,0.00000,-0.86603,0.00000,0.50000,1877.1
quat7,0.00000,-0.86603,0.00000,0.50000,1877.1
quat8,0.00000,-0.86603,0.00000,0.50000,1877.1
quat0,0.50221,0.20312,-0.82714,0.14954,1877.12
quat1,-0.41902,0.82548,-0.15677,-0.34414,1877.12
quat2,0.26346,-0.83075,0.47422,-0.12476,1877.12
quat3,0.29742,-0.75899,0.19646,0.54486,1877.12
quat4,-0.58792,0.45036,-0.02295,-0.67156,1877.12
quat5,0.00000,-0.86603,0.00000,0.50000,1877.12
quat6,0.00000,-0.86603,0.00000,0.50000,1877.12
quat7,0.00000,-0.86603,0.00000,0.50000,1877.12
quat8,0.00000,-0.86603,0.00000,0.50000,1877.12
quat0,0.50422,0.19943,-0.82793,0.14322,1877.14
quat1,-0.41996,0.82410,-0.15620,-0.34655,1877.14
quat2,0.26642,-0.83113,0.47307,-0.12026,1877.14
quat3,0.29798,-0.75742,0.19884,0.54588,1877.14
quat4,-0.58927,0.44934,-0.02267,-0.67108,1877.14
quat5,0.00000,-0.86603,0.00000,0.50000,1877.14
quat6,0.00000,-0.86603,0.00000,0.50000,1877.14
quat7,0.00000,-0.86603,0.00000,0.50000,1877.14
quat8,0.00000,-0.86603,0.00000,0.50000,1877.14
quat0,0.50644,0.19965,-0.82673,0.14205,1877.16
quat1,-0.42053,0.82236,-0.15503,-0.35048,1877.16
quat2,0.27008,-0.83115,0.47182,-0.11678,1877.16
quat3,0.29815,-0.75668,0.19960,0.54654,1877.16
quat4,-0.59076,0.44822,-0.02329,-0.67050,1877.16
quat5,0.00000,-0.86603,0.00000,0.50000,1877.16
quat6,0.00000,-0.86603,0.00000,0.50000,1877.16
quat7,0.00000,-0.86603,0.00000,0.50000,1877.16
quat8,0.00000,-0.86603,0.00000,0.50000,1877.16
quat0,0.50842,0.19646,-0.82717,0.13675,1877.18
quat1,-0.42198,0.81966,-0.15477,-0.35514,1877.18
quat2,0.27662,-0.83143,0.46918,-0.10990,1877.18
quat3,0.29965,-0.75588,0.20107,0.54628,1877.18
quat4,-0.59183,0.44636,-0.02339,-0.67079,1877.18
quat5,0.00000,-0.86603,0.00000,0.50000,1877.18
quat6,0.00000,-0.86603,0.00000,0.50000,1877.18
quat7,0.00000,-0.86603,0.00000,0.50000,1877.18
quat8,0.00000,-0.86603,0.00000,0.50000,1877.18
quat0,0.50887,0.19506,-0.82770,0.13388,1877.2
quat1,-0.42354,0.81705,-0.15514,-0.35913,1877.2
quat2,0.28172,-0.83149,0.46716,-0.10494,1877.2
quat3,0.30065,-0.75565,0.20399,0.54497,1877.2
quat4,-0.59180,0.44592,-0.02371,-0.67109,1877.2
quat5,0.00000,-0.86603,0.00000,0.50000,1877.2
quat6,0.00000,-0.86603,0.00000,0.50000,1877.2
quat7,0.00000,-0.86603,0.00000,0.50000,1877.2
quat8,0.00000,-0.86603,0.00000,0.50000,1877.2
quat0,0.50969,0.19068,-0.82949,0.12570,1877.22
quat1,-0.42565,0.81504,-0.15654,-0.36060,1877.22
quat2,0.28542,-0.83052,0.46720,-0.10250,1877.22
quat3,0.30182,-0.75602,0.20686,0.54272,1877.22
quat4,-0.59237,0.44586,-0.02472,-0.67059,1877.22
quat5,0.00000,-0.86603,0.00000,0.50000,1877.22
quat6,0.00000,-0.86603,0.00000,0.50000,1877.22
quat7,0.00000,-0.86603,0.00000,0.50000,1877.22
quat8,0.00000,-0.86603,0.00000,0.50000,1877.22
quat0,0.51108,0.18686,-0.82999,0.12249,1877.24
quat1,-0.42788,0.81326,-0.15679,-0.36187,1877.24
quat2,0.28964,-0.82941,0.46699,-0.10053,1877.24
quat3,0.30258,-0.75694,0.20828,0.54046,1877.24
quat4,-0.59192,0.44624,-0.02406,-0.67076,1877.24
quat5,0.00000,-0.86603,0.00000,0.50000,1877.24
quat6,0.00000,-0.86603,0.00000,0.50000,1877.24
quat7,0.00000,-0.86603,0.00000,0.50000,1877.24
quat8,0.00000,-0.86603,0.00000,0.50000,1877.24
quat0,0.50994,0.18271,-0.83302,0.11249,1877.26
quat1,-0.43062,0.81104,-0.15709,-0.36345,1877.26
quat2,0.29377,-0.82780,0.46744,-0.09976,1877.26
quat3,0.30348,-0.75833,0.21008,0.53731,1877.26
quat4,-0.59210,0.44720,-0.02387,-0.66997,1877.26
quat5,0.00000,-0.86603,0.00000,0.50000,1877.26
quat6,0.00000,-0.86603,0.00000,0.50000,1877.26
quat7,0.00000,-0.86603,0.00000,0.50000,1877.26
quat8,0.00000,-0.86603,0.00000,0.50000,1877.26
quat0,0.51168,0.17762,-0.83370,0.10763,1877.28
quat1,-0.43247,0.80893,-0.15585,-0.36648,1877.28
quat2,0.29829,-0.82601,0.46778,-0.09961,1877.28
quat3,0.30375,-0.76119,0.21153,0.53252,1877.28
quat4,-0.59220,0.44841,-0.02556,-0.66901,1877.28
quat5,0.00000,-0.86603,0.00000,0.50000,1877.28
quat6,0.00000,-0.86603,0.00000,0.50000,1877.28
quat7,0.00000,-0.86603,0.00000,0.50000,1877.28
quat8,0.00000,-0.86603,0.00000,0.50000,1877.28
quat0,0.51219,0.17107,-0.83565,0.10048,1877.3
quat1,-0.43307,0.80691,-0.15602,-0.37014,1877.3
quat2,0.30462,-0.82408,0.46745,-0.09789,1877.3
quat3,0.30514,-0.76400,0.21312,0.52704,1877.3
quat4,-0.59355,0.44894,-0.02771,-0.66738,1877.3
quat5,0.00000,-0.86603,0.00000,0.50000,1877.3
quat6,0.00000,-0.86603,0.00000,0.50000,1877.3
quat7,0.00000,-0.86603,0.00000,0.50000,1877.3
quat8,0.00000,-0.86603,0.00000,0.50000,1877.3
quat0,0.51190,0.16779,-0.83675,0.09828,1877.32
quat1,-0.43227,0.80559,-0.15735,-0.37338,1877.32
quat2,0.31080,-0.82278,0.46608,-0.09592,1877.32
quat3,0.30576,-0.76721,0.21529,0.52111,1877.32
quat4,-0.59502,0.44776,-0.03004,-0.66675,1877.32
quat5,0.00000,-0.86603,0.00000,0.50000,1877.32
quat6,0.00000,-0.86603,0.00000,0.50000,1877.32
quat7,0.00000,-0.86603,0.00000,0.50000,1877.32
quat8,0.00000,-0.86603,0.00000,0.50000,1877.32
quat0,0.50999,0.16235,-0.83981,0.09100,1877.34
quat1,-0.43196,0.80408,-0.15970,-0.37598,1877.34
quat2,0.31455,-0.82136,0.46635,-0.09456,1877.34
quat3,0.30598,-0.77105,0.21916,0.51364,1877.34
quat4,-0.59778,0.44611,-0.03315,-0.66524,1877.34
quat5,0.00000,-0.86603,0.00000,0.50000,1877.34
quat6,0.00000,-0.86603,0.00000,0.50000,1877.34
quat7,0.00000,-0.86603,0.00000,0.50000,1877.34
quat8,0.00000,-0.86603,0.00000,0.50000,1877.34
quat0,0.51116,0.15601,-0.84104,0.08382,1877.36
quat1,-0.43009,0.80369,-0.16284,-0.37760,1877.36
quat2,0.31774,-0.81976,0.46722,-0.09348,1877.36
quat3,0.30641,-0.77474,0.22185,0.50664,1877.36
quat4,-0.59986,0.44450,-0.03671,-0.66426,1877.36
quat5,0.00000,-0.86603,0.00000,0.50000,1877.36
quat6,0.00000,-0.86603,0.00000,0.50000,1877.36
quat7,0.00000,-0.86603,0.00000,0.50000,1877.36
quat8,0.00000,-0.86603,0.00000,0.50000,1877.36
quat0,0.51260,0.14898,-0.84215,0.07627,1877.38
quat1,-0.42880,0.80195,-0.16503,-0.38181,1877.38
quat2,0.32329,-0.81812,0.46704,-0.08963,1877.38
quat3,0.30677,-0.77805,0.22598,0.49947,1877.38
quat4,-0.60228,0.44260,-0.03960,-0.66317,1877.38
quat5,0.00000,-0.86603,0.00000,0.50000,1877.38
quat6,0.00000,-0.86603,0.00000,0.50000,1877.38
quat7,0.00000,-0.86603,0.00000,0.50000,1877.38
quat8,0.00000,-0.86603,0.00000,0.50000,1877.38
quat0,0.51307,0.14653,-0.84265,0.07234,1877.4
quat1,-0.42565,0.80024,-0.16791,-0.38761,1877.4
quat2,0.32901,-0.81516,0.46852,-0.08809,1877.4
quat3,0.30580,-0.78288,0.22916,0.49098,1877.4
quat4,-0.60458,0.44033,-0.04337,-0.66235,1877.4
quat5,0.00000,-0.86603,0.00000,0.50000,1877.4
quat6,0.00000,-0.86603,0.00000,0.50000,1877.4
quat7,0.00000,-0.86603,0.00000,0.50000,1877.4
quat8,0.00000,-0.86603,0.00000,0.50000,1877.4
quat0,0.51094,0.14337,-0.84524,0.06294,1877.42
quat1,-0.42154,0.80025,-0.17243,-0.39009,1877.42
quat2,0.33410,-0.81087,0.47209,-0.08939,1877.42
quat3,0.30655,-0.78750,0.22922,0.48304,1877.42
quat4,-0.60781,0.43838,-0.04940,-0.66027,1877.42
quat5,0.00000,-0.86603,0.00000,0.50000,1877.42
quat6,0.00000,-0.86603,0.00000,0.50000,1877.42
quat7,0.00000,-0.86603,0.00000,0.50000,1877.42
quat8,0.00000,-0.86603,0.00000,0.50000,1877.42
quat0,0.50960,0.13939,-0.84723,0.05551,1877.44
quat1,-0.41806,0.79970,-0.17553,-0.39357,1877.44
quat2,0.33947,-0.80702,0.47472,-0.09013,1877.44
quat3,0.30756,-0.79193,0.22784,0.47576,1877.44
quat4,-0.61048,0.43714,-0.05547,-0.65814,1877.44
quat5,0.00000,-0.86603,0.00000,0.50000,1877.44
quat6,0.00000,-0.86603,0.00000,0.50000,1877.44
quat7,0.00000,-0.86603,0.00000,0.50000,1877.44
quat8,0.00000,-0.86603,0.00000,0.50000,1877.44
quat0,0.50812,0.13257,-0.84980,0.04558,1877.46
quat1,-0.41528,0.79815,-0.17778,-0.39862,1877.46
quat2,0.34584,-0.80232,0.47791,-0.09102,1877.46
quat3,0.30666,-0.79685,0.22782,0.46806,1877.46
quat4,-0.61435,0.43586,-0.06068,-0.65492,1877.46
quat5,0.00000,-0.86603,0.00000,0.50000,1877.46
quat6,0.00000,-0.86603,0.00000,0.50000,1877.46
quat7,0.00000,-0.86603,0.00000,0.50000,1877.46
quat8,0.00000,-0.86603,0.00000,0.50000,1877.46
quat0,0.50771,0.12916,-0.85090,0.03881,1877.48
quat1,-0.40963,0.79900,-0.18096,-0.40132,1877.48
quat2,0.35468,-0.79624,0.48171,-0.09032,1877.48
quat3,0.30525,-0.80236,0.22519,0.46079,1877.48
quat4,-0.61965,0.43407,-0.06783,-0.65040,1877.48
quat5,0.00000,-0.86603,0.00000,0.50000,1877.48
quat6,0.00000,-0.86603,0.00000,0.50000,1877.48
quat7,0.00000,-0.86603,0.00000,0.50000,1877.48
quat8,0.00000,-0.86603,0.00000,0.50000,1877.48
quat0,0.50791,0.12376,-0.85190,0.03118,1877.5
quat1,-0.40301,0.80086,-0.18305,-0.40335,1877.5
quat2,0.36553,-0.78944,0.48510,-0.08857,1877.5
quat3,0.30499,-0.80803,0.22092,0.45305,1877.5
quat4,-0.62621,0.43256,-0.07608,-0.64418,1877.5
quat5,0.00000,-0.86603,0.00000,0.50000,1877.5
quat6,0.00000,-0.86603,0.00000,0.50000,1877.5
quat7,0.00000,-0.86603,0.00000,0.50000,1877.5
quat8,0.00000,-0.86603,0.00000,0.50000,1877.5
quat0,0.50902,0.11875,-0.85221,0.02312,1877.52
quat1,-0.39886,0.80036,-0.18116,-0.40930,1877.52
quat2,0.37516,-0.78425,0.48631,-0.08775,1877.52
quat3,0.30395,-0.81341,0.21512,0.44687,1877.52
quat4,-0.63197,0.42939,-0.08116,-0.64004,1877.52
quat5,0.00000,-0.86603,0.00000,0.50000,1877.52
quat6,0.00000,-0.86603,0.00000,0.50000,1877.52
quat7,0.00000,-0.86603,0.00000,0.50000,1877.52
quat8,0.00000,-0.86603,0.00000,0.50000,1877.52
quat0,0.50921,0.11348,-0.85301,0.01413,1877.54
quat1,-0.39599,0.79922,-0.17920,-0.41512,1877.54
quat2,0.38260,-0.77988,0.48738,-0.08863,1877.54
quat3,0.30365,-0.81858,0.20924,0.44039,1877.54
quat4,-0.63665,0.42723,-0.08481,-0.63636,1877.54
quat5,0.00000,-0.86603,0.00000,0.50000,1877.54
quat6,0.00000,-0.86603,0.00000,0.50000,1877.54
quat7,0.00000,-0.86603,0.00000,0.50000,1877.54
quat8,0.00000,-0.86603,0.00000,0.50000,1877.54
quat0,0.50916,0.11033,-0.85355,0.00610,1877.56
quat1,-0.39117,0.79931,-0.17884,-0.41964,1877.56
quat2,0.38917,-0.77544,0.48892,-0.09049,1877.56
quat3,0.30286,-0.82357,0.19990,0.43595,1877.56
quat4,-0.64154,0.42539,-0.08965,-0.63200,1877.56
quat5,0.00000,-0.86603,0.00000,0.50000,1877.56
quat6,0.00000,-0.86603,0.00000,0.50000,1877.56
quat7,0.00000,-0.86603,0.00000,0.50000,1877.56
quat8,0.00000,-0.86603,0.00000,0.50000,1877.56
quat0,0.50847,0.10631,-0.85449,-0.00247,1877.58
quat1,-0.38429,0.79974,-0.17884,-0.42515,1877.58
quat2,0.39694,-0.77005,0.49079,-0.09266,1877.58
quat3,0.30244,-0.82805,0.18732,0.43333,1877.58
quat4,-0.64855,0.42008,-0.09593,-0.62747,1877.58
quat5,0.00000,-0.86603,0.00000,0.50000,1877.58
quat6,0.00000,-0.86603,0.00000,0.50000,1877.58
quat7,0.00000,-0.86603,0.00000,0.50000,1877.58
quat8,0.00000,-0.86603,0.00000,0.50000,1877.58
quat0,0.50685,0.10116,-0.85605,-0.00675,1877.6
quat1,-0.37524,0.79969,-0.17822,-0.43351,1877.6
quat2,0.40474,-0.76542,0.49124,-0.09483,1877.6
quat3,0.29979,-0.83364,0.17539,0.42943,1877.6
quat4,-0.65618,0.41325,-0.10391,-0.62278,1877.6
quat5,0.00000,-0.86603,0.00000,0.50000,1877.6
quat6,0.00000,-0.86603,0.00000,0.50000,1877.6
quat7,0.00000,-0.86603,0.00000,0.50000,1877.6
quat8,0.00000,-0.86603,0.00000,0.50000,1877.6
quat0,0.50606,0.09450,-0.85723,-0.01136,1877.62
quat1,-0.36414,0.79847,-0.18025,-0.44425,1877.62
quat2,0.41224,-0.76114,0.49116,-0.09740,1877.62
quat3,0.29459,-0.84171,0.16695,0.42056,1877.62
quat4,-0.66482,0.40466,-0.11196,-0.61784,1877.62
quat5,0.00000,-0.86603,0.00000,0.50000,1877.62
quat6,0.00000,-0.86603,0.00000,0.50000,1877.62
quat7,0.00000,-0.86603,0.00000,0.50000,1877.62
quat8,0.00000,-0.86603,0.00000,0.50000,1877.62
quat0,0.50633,0.08998,-0.85751,-0.01446,1877.64
quat1,-0.34868,0.79921,-0.18580,-0.45296,1877.64
quat2,0.41887,-0.75624,0.49216,-0.10211,1877.64
quat3,0.28906,-0.84979,0.15652,0.41207,1877.64
quat4,-0.67334,0.39265,-0.11798,-0.61524,1877.64
quat5,0.00000,-0.86603,0.00000,0.50000,1877.64
quat6,0.00000,-0.86603,0.00000,0.50000,1877.64
quat7,0.00000,-0.86603,0.00000,0.50000,1877.64
quat8,0.00000,-0.86603,0.00000,0.50000,1877.64
quat0,0.50651,0.08456,-0.85781,-0.02170,1877.66
quat1,-0.33136,0.80115,-0.19175,-0.45999,1877.66
quat2,0.42691,-0.75016,0.49369,-0.10622,1877.66
quat3,0.28532,-0.85631,0.14292,0.40608,1877.66
quat4,-0.68292,0.38025,-0.12510,-0.61104,1877.66
quat5,0.00000,-0.86603,0.00000,0.50000,1877.66
quat6,0.00000,-0.86603,0.00000,0.50000,1877.66
quat7,0.00000,-0.86603,0.00000,0.50000,1877.66
quat8,0.00000,-0.86603,0.00000,0.50000,1877.66
quat0,0.50538,0.08240,-0.85865,-0.02289,1877.68
quat1,-0.31406,0.80117,-0.19261,-0.47159,1877.68
quat2,0.43674,-0.74484,0.49290,-0.10736,1877.68
quat3,0.27944,-0.86231,0.12820,0.40237,1877.68
quat4,-0.69171,0.36917,-0.13413,-0.60602,1877.68
quat5,0.00000,-0.86603,0.00000,0.50000,1877.68
quat6,0.00000,-0.86603,0.00000,0.50000,1877.68
quat7,0.00000,-0.86603,0.00000,0.50000,1877.68
quat8,0.00000,-0.86603,0.00000,0.50000,1877.68
quat0,0.50650,0.08037,-0.85801,-0.02853,1877.7
quat1,-0.29625,0.79806,-0.19323,-0.48786,1877.7
quat2,0.44640,-0.73939,0.49203,-0.10928,1877.7
quat3,0.27225,-0.86935,0.11249,0.39680,1877.7
quat4,-0.70038,0.35710,-0.14197,-0.60149,1877.7
quat5,0.00000,-0.86603,0.00000,0.50000,1877.7
quat6,0.00000,-0.86603,0.00000,0.50000,1877.7
quat7,0.00000,-0.86603,0.00000,0.50000,1877.7
quat8,0.00000,-0.86603,0.00000,0.50000,1877.7
quat0,0.50625,0.07890,-0.85826,-0.02950,1877.72
quat1,-0.27545,0.79592,-0.19531,-0.50248,1877.72
quat2,0.45536,-0.73396,0.49111,-0.11298,1877.72
quat3,0.26229,-0.87773,0.09514,0.38954,1877.72
quat4,-0.70727,0.34631,-0.14963,-0.59787,1877.72
quat5,0.00000,-0.86603,0.00000,0.50000,1877.72
quat6,0.00000,-0.86603,0.00000,0.50000,1877.72
quat7,0.00000,-0.86603,0.00000,0.50000,1877.72
quat8,0.00000,-0.86603,0.00000,0.50000,1877.72
quat0,0.50962,0.07450,-0.85651,-0.03365,1877.74
quat1,-0.25331,0.79545,-0.19865,-0.51345,1877.74
quat2,0.46454,-0.72844,0.48999,-0.11617,1877.74
quat3,0.25071,-0.88628,0.07683,0.38177,1877.74
quat4,-0.71250,0.33863,-0.15880,-0.59368,1877.74
quat5,0.00000,-0.86603,0.00000,0.50000,1877.74
quat6,0.00000,-0.86603,0.00000,0.50000,1877.74
quat7,0.00000,-0.86603,0.00000,0.50000,1877.74
quat8,0.00000,-0.86603,0.00000,0.50000,1877.74
quat0,0.51175,0.07130,-0.85540,-0.03643,1877.76
quat1,-0.23044,0.79519,-0.20119,-0.52354,1877.76
quat2,0.47403,-0.72336,0.48770,-0.11915,1877.76
quat3,0.23936,-0.89463,0.05615,0.37307,1877.76
quat4,-0.71619,0.33153,-0.16789,-0.59074,1877.76
quat5,0.00000,-0.86603,0.00000,0.50000,1877.76
quat6,0.00000,-0.86603,0.00000,0.50000,1877.76
quat7,0.00000,-0.86603,0.00000,0.50000,1877.76
quat8,0.00000,-0.86603,0.00000,0.50000,1877.76
quat0,0.51534,0.06898,-0.85323,-0.04085,1877.78
quat1,-0.20767,0.79253,-0.20229,-0.53652,1877.78
quat2,0.48290,-0.71885,0.48485,-0.12235,1877.78
quat3,0.22601,-0.90401,0.03252,0.36142,1877.78
quat4,-0.71946,0.32502,-0.17787,-0.58745,1877.78
quat5,0.00000,-0.86603,0.00000,0.50000,1877.78
quat6,0.00000,-0.86603,0.00000,0.50000,1877.78
quat7,0.00000,-0.86603,0.00000,0.50000,1877.78
quat8,0.00000,-0.86603,0.00000,0.50000,1877.78
quat0,0.51596,0.06598,-0.85306,-0.04155,1877.8
quat1,-0.18326,0.78762,-0.20380,-0.55185,1877.8
quat2,0.49096,-0.71549,0.48115,-0.12458,1877.8
quat3,0.21000,-0.91327,0.00675,0.34899,1877.8
quat4,-0.72158,0.31991,-0.18916,-0.58413,1877.8
quat5,0.00000,-0.86603,0.00000,0.50000,1877.8
quat6,0.00000,-0.86603,0.00000,0.50000,1877.8
quat7,0.00000,-0.86603,0.00000,0.50000,1877.8
quat8,0.00000,-0.86603,0.00000,0.50000,1877.8
quat0,0.51503,0.06464,-0.85325,-0.05026,1877.82
quat1,-0.15711,0.77915,-0.20669,-0.57054,1877.82
quat2,0.49959,-0.71249,0.47651,-0.12530,1877.82
quat3,0.19311,-0.92289,-0.02182,0.33242,1877.82
quat4,-0.72291,0.31405,-0.20121,-0.58163,1877.82
quat5,0.00000,-0.86603,0.00000,0.50000,1877.82
quat6,0.00000,-0.86603,0.00000,0.50000,1877.82
quat7,0.00000,-0.86603,0.00000,0.50000,1877.82
quat8,0.00000,-0.86603,0.00000,0.50000,1877.82
quat0,0.51495,0.06795,-0.85332,-0.04536,1877.84
quat1,-0.12833,0.76868,-0.20739,-0.59131,1877.84
quat2,0.50669,-0.71218,0.46951,-0.12495,1877.84
quat3,0.17503,-0.93196,-0.05407,0.31288,1877.84
quat4,-0.72190,0.30958,-0.21308,-0.58105,1877.84
quat5,0.00000,-0.86603,0.00000,0.50000,1877.84
quat6,0.00000,-0.86603,0.00000,0.50000,1877.84
quat7,0.00000,-0.86603,0.00000,0.50000,1877.84
quat8,0.00000,-0.86603,0.00000,0.50000,1877.84
quat0,0.52234,0.06963,-0.84943,-0.02777,1877.86
quat1,-0.09455,0.75924,-0.20832,-0.60927,1877.86
quat2,0.51328,-0.71434,0.45967,-0.12236,1877.86
quat3,0.15444,-0.93796,-0.09037,0.29702,1877.86
quat4,-0.71864,0.31035,-0.22679,-0.57949,1877.86
quat5,0.00000,-0.86603,0.00000,0.50000,1877.86
quat6,0.00000,-0.86603,0.00000,0.50000,1877.86
quat7,0.00000,-0.86603,0.00000,0.50000,1877.86
quat8,0.00000,-0.86603,0.00000,0.50000,1877.86
quat0,0.52175,0.06823,-0.85002,-0.02403,1877.88
quat1,-0.05557,0.74910,-0.21154,-0.62531,1877.88
quat2,0.52119,-0.71871,0.44533,-0.11619,1877.88
quat3,0.13192,-0.94087,-0.12938,0.28395,1877.88
quat4,-0.71302,0.31557,-0.24143,-0.57769,1877.88
quat5,0.00000,-0.86603,0.00000,0.50000,1877.88
quat6,0.00000,-0.86603,0.00000,0.50000,1877.88
quat7,0.00000,-0.86603,0.00000,0.50000,1877.88
quat8,0.00000,-0.86603,0.00000,0.50000,1877.88
quat0,0.51206,0.07283,-0.85550,-0.02466,1877.9
quat1,-0.01161,0.73523,-0.21657,-0.64218,1877.9
quat2,0.53221,-0.72306,0.42713,-0.10720,1877.9
quat3,0.10777,-0.94298,-0.16725,0.26685,1877.9
quat4,-0.70645,0.32141,-0.25663,-0.57599,1877.9
quat5,0.00000,-0.86603,0.00000,0.50000,1877.9
quat6,0.00000,-0.86603,0.00000,0.50000,1877.9
quat7,0.00000,-0.86603,0.00000,0.50000,1877.9
quat8,0.00000,-0.86603,0.00000,0.50000,1877.9
quat0,0.50906,0.08017,-0.85682,-0.01690,1877.92
quat1,0.03647,0.71702,-0.22431,-0.65896,1877.92
quat2,0.54451,-0.72597,0.40896,-0.09602,1877.92
quat3,0.08386,-0.94315,-0.20713,0.24604,1877.92
quat4,-0.69813,0.32939,-0.27380,-0.57371,1877.92
quat5,0.00000,-0.86603,0.00000,0.50000,1877.92
quat6,0.00000,-0.86603,0.00000,0.50000,1877.92
quat7,0.00000,-0.86603,0.00000,0.50000,1877.92
quat8,0.00000,-0.86603,0.00000,0.50000,1877.92
quat0,0.50191,0.08607,-0.86056,-0.01084,1877.94
quat1,0.08965,0.69588,-0.23420,-0.67295,1877.94
quat2,0.55633,-0.72755,0.39244,-0.08468,1877.94
quat3,0.06287,-0.93916,-0.24981,0.22722,1877.94
quat4,-0.68869,0.33743,-0.29269,-0.57113,1877.94
quat5,0.00000,-0.86603,0.00000,0.50000,1877.94
quat6,0.00000,-0.86603,0.00000,0.50000,1877.94
quat7,0.00000,-0.86603,0.00000,0.50000,1877.94
quat8,0.00000,-0.86603,0.00000,0.50000,1877.94
quat0,0.49707,0.08631,-0.86338,-0.00629,1877.96
quat1,0.14792,0.67902,-0.24279,-0.67683,1877.96
quat2,0.56478,-0.73149,0.37513,-0.07222,1877.96
quat3,0.04168,-0.92994,-0.29506,0.21542,1877.96
quat4,-0.67709,0.34559,-0.31205,-0.56986,1877.96
quat5,0.00000,-0.86603,0.00000,0.50000,1877.96
quat6,0.00000,-0.86603,0.00000,0.50000,1877.96
quat7,0.00000,-0.86603,0.00000,0.50000,1877.96
quat8,0.00000,-0.86603,0.00000,0.50000,1877.96
quat0,0.49101,0.08551,-0.86694,-0.00269,1877.98
quat1,0.20087,0.67026,-0.24387,-0.67152,1877.98
quat2,0.56156,-0.74233,0.36045,-0.06055,1877.98
quat3,0.01632,-0.91776,-0.33690,0.20962,1877.98
quat4,-0.66463,0.35689,-0.32469,-0.57050,1877.98
quat5,0.00000,-0.86603,0.00000,0.50000,1877.98
quat6,0.00000,-0.86603,0.00000,0.50000,1877.98
quat7,0.00000,-0.86603,0.00000,0.50000,1877.98
quat8,0.00000,-0.86603,0.00000,0.50000,1877.98
quat0,0.49214,0.08999,-0.86581,0.00894,1878
quat1,0.23529,0.66338,-0.23881,-0.66898,1878
quat2,0.55112,-0.75871,0.34391,-0.04848,1878
quat3,-0.01148,-0.90756,-0.36514,0.20706,1878
quat4,-0.65339,0.37124,-0.33099,-0.57071,1878
quat5,0.00000,-0.86603,0.00000,0.50000,1878
quat6,0.00000,-0.86603,0.00000,0.50000,1878
quat7,0.00000,-0.86603,0.00000,0.50000,1878
quat8,0.00000,-0.86603,0.00000,0.50000,1878
quat0,0.49040,0.08722,-0.86711,0.00456,1878.02
quat1,0.24810,0.65846,-0.23190,-0.67164,1878.02
quat2,0.53630,-0.77422,0.33339,-0.04256,1878.02
quat3,-0.03375,-0.90311,-0.37713,0.20254,1878.02
quat4,-0.64695,0.38794,-0.33040,-0.56727,1878.02
quat5,0.00000,-0.86603,0.00000,0.50000,1878.02
quat6,0.00000,-0.86603,0.00000,0.50000,1878.02
quat7,0.00000,-0.86603,0.00000,0.50000,1878.02
quat8,0.00000,-0.86603,0.00000,0.50000,1878.02
quat0,0.48722,0.08984,-0.86864,0.00270,1878.04
quat1,0.24550,0.66183,-0.22782,-0.67067,1878.04
quat2,0.52735,-0.78265,0.32783,-0.04350,1878.04
quat3,-0.04389,-0.90489,-0.37384,0.19873,1878.04
quat4,-0.64947,0.39540,-0.32351,-0.56320,1878.04
quat5,0.00000,-0.86603,0.00000,0.50000,1878.04
quat6,0.00000,-0.86603,0.00000,0.50000,1878.04
quat7,0.00000,-0.86603,0.00000,0.50000,1878.04
quat8,0.00000,-0.86603,0.00000,0.50000,1878.04
quat0,0.48772,0.09845,-0.86740,0.00787,1878.06
quat1,0.23242,0.67594,-0.22240,-0.66304,1878.06
quat2,0.52795,-0.78194,0.32778,-0.04911,1878.06
quat3,-0.04110,-0.91071,-0.35907,0.19998,1878.06
quat4,-0.65680,0.39414,-0.31864,-0.55833,1878.06
quat5,0.00000,-0.86603,0.00000,0.50000,1878.06
quat6,0.00000,-0.86603,0.00000,0.50000,1878.06
quat7,0.00000,-0.86603,0.00000,0.50000,1878.06
quat8,0.00000,-0.86603,0.00000,0.50000,1878.06
quat0,0.48785,0.10015,-0.86715,0.00449,1878.08
quat1,0.21038,0.69434,-0.21656,-0.65325,1878.08
quat2,0.53278,-0.77395,0.33674,-0.06123,1878.08
quat3,-0.02711,-0.91850,-0.33699,0.20512,1878.08
quat4,-0.66801,0.38340,-0.31138,-0.55661,1878.08
quat5,0.00000,-0.86603,0.00000,0.50000,1878.08
quat6,0.00000,-0.86603,0.00000,0.50000,1878.08
quat7,0.00000,-0.86603,0.00000,0.50000,1878.08
quat8,0.00000,-0.86603,0.00000,0.50000,1878.08
quat0,0.48854,0.09707,-0.86712,0.00252,1878.1
quat1,0.18282,0.71370,-0.21318,-0.64169,1878.1
quat2,0.53853,-0.76156,0.35219,-0.07733,1878.1
quat3,-0.00482,-0.92662,-0.31021,0.21240,1878.1
quat4,-0.68187,0.36608,-0.30201,-0.55662,1878.1
quat5,0.00000,-0.86603,0.00000,0.50000,1878.1
quat6,0.00000,-0.86603,0.00000,0.50000,1878.1
quat7,0.00000,-0.86603,0.00000,0.50000,1878.1
quat8,0.00000,-0.86603,0.00000,0.50000,1878.1
quat0,0.48537,0.09442,-0.86919,0.00284,1878.12
quat1,0.14786,0.73102,-0.21310,-0.63114,1878.12
quat2,0.54665,-0.74478,0.37137,-0.09254,1878.12
quat3,0.02355,-0.93423,-0.28052,0.21900,1878.12
quat4,-0.69907,0.34518,-0.29331,-0.55328,1878.12
quat5,0.00000,-0.86603,0.00000,0.50000,1878.12
quat6,0.00000,-0.86603,0.00000,0.50000,1878.12
quat7,0.00000,-0.86603,0.00000,0.50000,1878.12
quat8,0.00000,-0.86603,0.00000,0.50000,1878.12
quat0,0.48369,0.09928,-0.86946,0.01480,1878.14
quat1,0.10874,0.74676,-0.21325,-0.62053,1878.14
quat2,0.55403,-0.72741,0.39073,-0.10609,1878.14
quat3,0.05194,-0.94051,-0.24959,0.22460,1878.14
quat4,-0.71679,0.32392,-0.28472,-0.54792,1878.14
quat5,0.00000,-0.86603,0.00000,0.50000,1878.14
quat6,0.00000,-0.86603,0.00000,0.50000,1878.14
quat7,0.00000,-0.86603,0.00000,0.50000,1878.14
quat8,0.00000,-0.86603,0.00000,0.50000,1878.14
quat0,0.48451,0.10142,-0.86866,0.01984,1878.16
quat1,0.06572,0.76058,-0.21306,-0.60975,1878.16
quat2,0.56046,-0.70934,0.41074,-0.11838,1878.16
quat3,0.07760,-0.94548,-0.21573,0.23130,1878.16
quat4,-0.73540,0.30099,-0.27365,-0.54195,1878.16
quat5,0.00000,-0.86603,0.00000,0.50000,1878.16
quat6,0.00000,-0.86603,0.00000,0.50000,1878.16
quat7,0.00000,-0.86603,0.00000,0.50000,1878.16
quat8,0.00000,-0.86603,0.00000,0.50000,1878.16
quat0,0.48484,0.10136,-0.86843,0.02230,1878.18
quat1,0.02710,0.77066,-0.21741,-0.59840,1878.18
quat2,0.56546,-0.69340,0.42798,-0.12758,1878.18
quat3,0.10204,-0.94812,-0.18051,0.24099,1878.18
quat4,-0.75126,0.28022,-0.26233,-0.53691,1878.18
quat5,0.00000,-0.86603,0.00000,0.50000,1878.18
quat6,0.00000,-0.86603,0.00000,0.50000,1878.18
quat7,0.00000,-0.86603,0.00000,0.50000,1878.18
quat8,0.00000,-0.86603,0.00000,0.50000,1878.18
quat0,0.48520,0.10592,-0.86749,0.02863,1878.2
quat1,-0.01142,0.77786,-0.22064,-0.58832,1878.2
quat2,0.56837,-0.67815,0.44571,-0.13567,1878.2
quat3,0.12700,-0.94767,-0.14635,0.25372,1878.2
quat4,-0.76543,0.26056,-0.25098,-0.53220,1878.2
quat5,0.00000,-0.86603,0.00000,0.50000,1878.2
quat6,0.00000,-0.86603,0.00000,0.50000,1878.2
quat7,0.00000,-0.86603,0.00000,0.50000,1878.2
quat8,0.00000,-0.86603,0.00000,0.50000,1878.2
quat0,0.48864,0.10986,-0.86475,0.03697,1878.22
quat1,-0.04748,0.78270,-0.22593,-0.57800,1878.22
quat2,0.56763,-0.66569,0.46288,-0.14282,1878.22
quat3,0.15113,-0.94456,-0.11832,0.26641,1878.22
quat4,-0.77457,0.24539,-0.24120,-0.53070,1878.22
quat5,0.00000,-0.86603,0.00000,0.50000,1878.22
quat6,0.00000,-0.86603,0.00000,0.50000,1878.22
quat7,0.00000,-0.86603,0.00000,0.50000,1878.22
quat8,0.00000,-0.86603,0.00000,0.50000,1878.22
quat0,0.49097,0.10951,-0.86357,0.03473,1878.24
quat1,-0.08095,0.78456,-0.23241,-0.56912,1878.24
quat2,0.56461,-0.65521,0.47934,-0.14881,1878.24
quat3,0.17473,-0.93984,-0.09351,0.27825,1878.24
quat4,-0.78046,0.23365,-0.23154,-0.53168,1878.24
quat5,0.00000,-0.86603,0.00000,0.50000,1878.24
quat6,0.00000,-0.86603,0.00000,0.50000,1878.24
quat7,0.00000,-0.86603,0.00000,0.50000,1878.24
quat8,0.00000,-0.86603,0.00000,0.50000,1878.24
quat0,0.48710,0.11613,-0.86439,0.04551,1878.26
quat1,-0.10976,0.78583,-0.23732,-0.56045,1878.26
quat2,0.55831,-0.64948,0.49271,-0.15396,1878.26
quat3,0.19605,-0.93422,-0.07209,0.28915,1878.26
quat4,-0.78194,0.22571,-0.22172,-0.53709,1878.26
quat5,0.00000,-0.86603,0.00000,0.50000,1878.26
quat6,0.00000,-0.86603,0.00000,0.50000,1878.26
quat7,0.00000,-0.86603,0.00000,0.50000,1878.26
quat8,0.00000,-0.86603,0.00000,0.50000,1878.26
quat0,0.49074,0.11373,-0.86258,0.04689,1878.28
quat1,-0.13684,0.78623,-0.24190,-0.55190,1878.28
quat2,0.54971,-0.64809,0.50282,-0.15802,1878.28
quat3,0.21845,-0.92804,-0.05183,0.29721,1878.28
quat4,-0.78057,0.22087,-0.21346,-0.54440,1878.28
quat5,0.00000,-0.86603,0.00000,0.50000,1878.28
quat6,0.00000,-0.86603,0.00000,0.50000,1878.28
quat7,0.00000,-0.86603,0.00000,0.50000,1878.28
quat8,0.00000,-0.86603,0.00000,0.50000,1878.28
quat0,0.49373,0.11500,-0.86011,0.05672,1878.3
quat1,-0.16152,0.78710,-0.24608,-0.54206,1878.3
quat2,0.54025,-0.65161,0.50754,-0.16108,1878.3
quat3,0.23842,-0.92203,-0.03594,0.30287,1878.3
quat4,-0.77598,0.21916,-0.20341,-0.55538,1878.3
quat5,0.00000,-0.86603,0.00000,0.50000,1878.3
quat6,0.00000,-0.86603,0.00000,0.50000,1878.3
quat7,0.00000,-0.86603,0.00000,0.50000,1878.3
quat8,0.00000,-0.86603,0.00000,0.50000,1878.3
quat0,0.49646,0.11728,-0.85790,0.06145,1878.32
quat1,-0.18517,0.78703,-0.25116,-0.53217,1878.32
quat2,0.52931,-0.65774,0.51024,-0.16390,1878.32
quat3,0.25671,-0.91536,-0.02251,0.30936,1878.32
quat4,-0.77017,0.21769,-0.18827,-0.56921,1878.32
quat5,0.00000,-0.86603,0.00000,0.50000,1878.32
quat6,0.00000,-0.86603,0.00000,0.50000,1878.32
quat7,0.00000,-0.86603,0.00000,0.50000,1878.32
quat8,0.00000,-0.86603,0.00000,0.50000,1878.32
quat0,0.49786,0.12519,-0.85539,0.06911,1878.34
quat1,-0.20547,0.78879,-0.25738,-0.51899,1878.34
quat2,0.51010,-0.66789,0.51447,-0.17043,1878.34
quat3,0.27335,-0.90628,-0.01070,0.32220,1878.34
quat4,-0.76010,0.22244,-0.17519,-0.58488,1878.34
quat5,0.00000,-0.86603,0.00000,0.50000,1878.34
quat6,0.00000,-0.86603,0.00000,0.50000,1878.34
quat7,0.00000,-0.86603,0.00000,0.50000,1878.34
quat8,0.00000,-0.86603,0.00000,0.50000,1878.34
quat0,0.49867,0.12777,-0.85460,0.06826,1878.36
quat1,-0.22702,0.79244,-0.26369,-0.50096,1878.36
quat2,0.48779,-0.68051,0.51727,-0.17721,1878.36
quat3,0.28896,-0.89633,-0.00011,0.33631,1878.36
quat4,-0.74759,0.23237,-0.16560,-0.59974,1878.36
quat5,0.00000,-0.86603,0.00000,0.50000,1878.36
quat6,0.00000,-0.86603,0.00000,0.50000,1878.36
quat7,0.00000,-0.86603,0.00000,0.50000,1878.36
quat8,0.00000,-0.86603,0.00000,0.50000,1878.36
quat0,0.50387,0.12873,-0.85129,0.06955,1878.38
quat1,-0.24759,0.79594,-0.26800,-0.48307,1878.38
quat2,0.46609,-0.69700,0.51368,-0.18189,1878.38
quat3,0.30218,-0.88543,0.00916,0.35301,1878.38
quat4,-0.73325,0.24400,-0.15357,-0.61581,1878.38
quat5,0.00000,-0.86603,0.00000,0.50000,1878.38
quat6,0.00000,-0.86603,0.00000,0.50000,1878.38
quat7,0.00000,-0.86603,0.00000,0.50000,1878.38
quat8,0.00000,-0.86603,0.00000,0.50000,1878.38
quat0,0.50522,0.13053,-0.84997,0.07262,1878.4
quat1,-0.26303,0.79963,-0.27153,-0.46657,1878.4
quat2,0.44326,-0.71340,0.50957,-0.18686,1878.4
quat3,0.31407,-0.87414,0.01658,0.37009,1878.4
quat4,-0.71905,0.25314,-0.13349,-0.63330,1878.4
quat5,0.00000,-0.86603,0.00000,0.50000,1878.4
quat6,0.00000,-0.86603,0.00000,0.50000,1878.4
quat7,0.00000,-0.86603,0.00000,0.50000,1878.4
quat8,0.00000,-0.86603,0.00000,0.50000,1878.4
quat0,0.50062,0.13472,-0.85117,0.08207,1878.42
quat1,-0.27538,0.80366,-0.27147,-0.45232,1878.42
quat2,0.41415,-0.72973,0.50807,-0.19452,1878.42
quat3,0.32239,-0.86298,0.02300,0.38833,1878.42
quat4,-0.70298,0.26350,-0.11303,-0.65086,1878.42
quat5,0.00000,-0.86603,0.00000,0.50000,1878.42
quat6,0.00000,-0.86603,0.00000,0.50000,1878.42
quat7,0.00000,-0.86603,0.00000,0.50000,1878.42
quat8,0.00000,-0.86603,0.00000,0.50000,1878.42
quat0,0.50034,0.13744,-0.85096,0.08153,1878.44
quat1,-0.28792,0.80878,-0.26648,-0.43813,1878.44
quat2,0.38484,-0.74312,0.50815,-0.20361,1878.44
quat3,0.32945,-0.85318,0.03095,0.40323,1878.44
quat4,-0.68699,0.27413,-0.09770,-0.66585,1878.44
quat5,0.00000,-0.86603,0.00000,0.50000,1878.44
quat6,0.00000,-0.86603,0.00000,0.50000,1878.44
quat7,0.00000,-0.86603,0.00000,0.50000,1878.44
quat8,0.00000,-0.86603,0.00000,0.50000,1878.44
quat0,0.50107,0.14397,-0.84818,0.09378,1878.46
quat1,-0.29859,0.81334,-0.25915,-0.42681,1878.46
quat2,0.36178,-0.75676,0.50305,-0.20827,1878.46
quat3,0.33329,-0.84691,0.03687,0.41268,1878.46
quat4,-0.67102,0.28709,-0.08598,-0.67818,1878.46
quat5,0.00000,-0.86603,0.00000,0.50000,1878.46
quat6,0.00000,-0.86603,0.00000,0.50000,1878.46
quat7,0.00000,-0.86603,0.00000,0.50000,1878.46
quat8,0.00000,-0.86603,0.00000,0.50000,1878.46
quat0,0.49715,0.14740,-0.84924,0.09957,1878.48
quat1,-0.30591,0.81621,-0.25289,-0.41985,1878.48
quat2,0.34772,-0.77136,0.49251,-0.20379,1878.48
quat3,0.33451,-0.84133,0.04272,0.42242,1878.48
quat4,-0.65590,0.30185,-0.07336,-0.68796,1878.48
quat5,0.00000,-0.86603,0.00000,0.50000,1878.48
quat6,0.00000,-0.86603,0.00000,0.50000,1878.48
quat7,0.00000,-0.86603,0.00000,0.50000,1878.48
quat8,0.00000,-0.86603,0.00000,0.50000,1878.48
quat0,0.49403,0.16043,-0.84632,0.11806,1878.5
quat1,-0.31273,0.81883,-0.24451,-0.41464,1878.5
quat2,0.33206,-0.78428,0.48434,-0.20013,1878.5
quat3,0.33465,-0.83390,0.04835,0.43622,1878.5
quat4,-0.63952,0.31789,-0.06195,-0.69722,1878.5
quat5,0.00000,-0.86603,0.00000,0.50000,1878.5
quat6,0.00000,-0.86603,0.00000,0.50000,1878.5
quat7,0.00000,-0.86603,0.00000,0.50000,1878.5
quat8,0.00000,-0.86603,0.00000,0.50000,1878.5
quat0,0.49245,0.16431,-0.84602,0.12139,1878.52
quat1,-0.31858,0.82115,-0.23558,-0.41076,1878.52
quat2,0.31330,-0.79274,0.48172,-0.20337,1878.52
quat3,0.33364,-0.82740,0.05452,0.44846,1878.52
quat4,-0.62518,0.33135,-0.05293,-0.70466,1878.52
quat5,0.00000,-0.86603,0.00000,0.50000,1878.52
quat6,0.00000,-0.86603,0.00000,0.50000,1878.52
quat7,0.00000,-0.86603,0.00000,0.50000,1878.52
quat8,0.00000,-0.86603,0.00000,0.50000,1878.52
quat0,0.49378,0.16933,-0.84303,0.12964,1878.54
quat1,-0.32130,0.82516,-0.22709,-0.40535,1878.54
quat2,0.29566,-0.79898,0.48019,-0.20891,1878.54
quat3,0.33052,-0.82328,0.05759,0.45788,1878.54
quat4,-0.61220,0.34207,-0.04320,-0.71157,1878.54
quat5,0.00000,-0.86603,0.00000,0.50000,1878.54
quat6,0.00000,-0.86603,0.00000,0.50000,1878.54
quat7,0.00000,-0.86603,0.00000,0.50000,1878.54
quat8,0.00000,-0.86603,0.00000,0.50000,1878.54
quat0,0.49305,0.17393,-0.84137,0.13696,1878.56
quat1,-0.32195,0.82971,-0.22092,-0.39890,1878.56
quat2,0.28471,-0.80484,0.47636,-0.21038,1878.56
quat3,0.32747,-0.81963,0.05737,0.46656,1878.56
quat4,-0.60255,0.34818,-0.03252,-0.71739,1878.56
quat5,0.00000,-0.86603,0.00000,0.50000,1878.56
quat6,0.00000,-0.86603,0.00000,0.50000,1878.56
quat7,0.00000,-0.86603,0.00000,0.50000,1878.56
quat8,0.00000,-0.86603,0.00000,0.50000,1878.56
quat0,0.49297,0.17989,-0.83859,0.14627,1878.58
quat1,-0.31965,0.83476,-0.21719,-0.39221,1878.58
quat2,0.27813,-0.81129,0.47024,-0.20815,1878.58
quat3,0.32314,-0.81665,0.05492,0.47502,1878.58
quat4,-0.59426,0.35517,-0.02555,-0.72115,1878.58
quat5,0.00000,-0.86603,0.00000,0.50000,1878.58
quat6,0.00000,-0.86603,0.00000,0.50000,1878.58
quat7,0.00000,-0.86603,0.00000,0.50000,1878.58
quat8,0.00000,-0.86603,0.00000,0.50000,1878.58
quat0,0.49073,0.18321,-0.83856,0.14979,1878.6
quat1,-0.31734,0.83932,-0.21402,-0.38605,1878.6
quat2,0.27229,-0.81636,0.46567,-0.20632,1878.6
quat3,0.31790,-0.81501,0.05434,0.48140,1878.6
quat4,-0.58770,0.36405,-0.02374,-0.72216,1878.6
quat5,0.00000,-0.86603,0.00000,0.50000,1878.6
quat6,0.00000,-0.86603,0.00000,0.50000,1878.6
quat7,0.00000,-0.86603,0.00000,0.50000,1878.6
quat8,0.00000,-0.86603,0.00000,0.50000,1878.6
quat0,0.49151,0.18646,-0.83575,0.15863,1878.62
quat1,-0.31548,0.84318,-0.20818,-0.38235,1878.62
quat2,0.26769,-0.82120,0.46083,-0.20397,1878.62
quat3,0.31162,-0.81538,0.05533,0.48476,1878.62
quat4,-0.58164,0.37320,-0.02577,-0.72233,1878.62
quat5,0.00000,-0.86603,0.00000,0.50000,1878.62
quat6,0.00000,-0.86603,0.00000,0.50000,1878.62
quat7,0.00000,-0.86603,0.00000,0.50000,1878.62
quat8,0.00000,-0.86603,0.00000,0.50000,1878.62
quat0,0.48831,0.18901,-0.83611,0.16356,1878.64
quat1,-0.31438,0.84521,-0.20224,-0.38195,1878.64
quat2,0.26546,-0.82571,0.45589,-0.19977,1878.64
quat3,0.30623,-0.81584,0.05678,0.48724,1878.64
quat4,-0.57719,0.37921,-0.02637,-0.72274,1878.64
quat5,0.00000,-0.86603,0.00000,0.50000,1878.64
quat6,0.00000,-0.86603,0.00000,0.50000,1878.64
quat7,0.00000,-0.86603,0.00000,0.50000,1878.64
quat8,0.00000,-0.86603,0.00000,0.50000,1878.64
quat0,0.48798,0.19251,-0.83416,0.17027,1878.66
quat1,-0.31225,0.84724,-0.19746,-0.38170,1878.66
quat2,0.26360,-0.82925,0.45262,-0.19494,1878.66
quat3,0.30148,-0.81616,0.05707,0.48962,1878.66
quat4,-0.57338,0.38221,-0.02470,-0.72425,1878.66
quat5,0.00000,-0.86603,0.00000,0.50000,1878.66
quat6,0.00000,-0.86603,0.00000,0.50000,1878.66
quat7,0.00000,-0.86603,0.00000,0.50000,1878.66
quat8,0.00000,-0.86603,0.00000,0.50000,1878.66
quat0,0.48836,0.19305,-0.83332,0.17266,1878.68
quat1,-0.30990,0.84938,-0.19384,-0.38070,1878.68
quat2,0.26296,-0.83187,0.45036,-0.18980,1878.68
quat3,0.29725,-0.81608,0.05703,0.49234,1878.68
quat4,-0.57083,0.38465,-0.02337,-0.72502,1878.68
quat5,0.00000,-0.86603,0.00000,0.50000,1878.68
quat6,0.00000,-0.86603,0.00000,0.50000,1878.68
quat7,0.00000,-0.86603,0.00000,0.50000,1878.68
quat8,0.00000,-0.86603,0.00000,0.50000,1878.68
quat0,0.48669,0.19445,-0.83302,0.17717,1878.7
quat1,-0.30792,0.85117,-0.18993,-0.38030,1878.7
quat2,0.26408,-0.83575,0.44500,-0.18372,1878.7
quat3,0.29281,-0.81635,0.05751,0.49449,1878.7
quat4,-0.56818,0.39006,-0.02551,-0.72414,1878.7
quat5,0.00000,-0.86603,0.00000,0.50000,1878.7
quat6,0.00000,-0.86603,0.00000,0.50000,1878.7
quat7,0.00000,-0.86603,0.00000,0.50000,1878.7
quat8,0.00000,-0.86603,0.00000,0.50000,1878.7
quat0,0.48537,0.19415,-0.83381,0.17743,1878.72
quat1,-0.30665,0.85292,-0.18773,-0.37850,1878.72
quat2,0.26329,-0.83961,0.43957,-0.18032,1878.72
quat3,0.28951,-0.81659,0.05931,0.49584,1878.72
quat4,-0.56564,0.39531,-0.02801,-0.72318,1878.72
quat5,0.00000,-0.86603,0.00000,0.50000,1878.72
quat6,0.00000,-0.86603,0.00000,0.50000,1878.72
quat7,0.00000,-0.86603,0.00000,0.50000,1878.72
quat8,0.00000,-0.86603,0.00000,0.50000,1878.72
quat0,0.48488,0.19748,-0.83218,0.18266,1878.74
quat1,-0.30572,0.85493,-0.18626,-0.37542,1878.74
quat2,0.25760,-0.84254,0.43712,-0.18081,1878.74
quat3,0.28747,-0.81630,0.06076,0.49731,1878.74
quat4,-0.56255,0.39837,-0.02823,-0.72391,1878.74
quat5,0.00000,-0.86603,0.00000,0.50000,1878.74
quat6,0.00000,-0.86603,0.00000,0.50000,1878.74
quat7,0.00000,-0.86603,0.00000,0.50000,1878.74
quat8,0.00000,-0.86603,0.00000,0.50000,1878.74
quat0,0.48547,0.19667,-0.83198,0.18290,1878.76
quat1,-0.30565,0.85606,-0.18408,-0.37397,1878.76
quat2,0.25281,-0.84436,0.43534,-0.18335,1878.76
quat3,0.28587,-0.81589,0.06223,0.49873,1878.76
quat4,-0.55992,0.40030,-0.02836,-0.72488,1878.76
quat5,0.00000,-0.86603,0.00000,0.50000,1878.76
quat6,0.00000,-0.86603,0.00000,0.50000,1878.76
quat7,0.00000,-0.86603,0.00000,0.50000,1878.76
quat8,0.00000,-0.86603,0.00000,0.50000,1878.76
quat0,0.48434,0.19894,-0.83219,0.18246,1878.78
quat1,-0.30569,0.85662,-0.18179,-0.37378,1878.78
quat2,0.25025,-0.84652,0.43225,-0.18423,1878.78
quat3,0.28437,-0.81524,0.06353,0.50047,1878.78
quat4,-0.55660,0.40330,-0.02780,-0.72579,1878.78
quat5,0.00000,-0.86603,0.00000,0.50000,1878.78
quat6,0.00000,-0.86603,0.00000,0.50000,1878.78
quat7,0.00000,-0.86603,0.00000,0.50000,1878.78
quat8,0.00000,-0.86603,0.00000,0.50000,1878.78
quat0,0.48463,0.19867,-0.83277,0.17935,1878.8
quat1,-0.30593,0.85714,-0.17994,-0.37328,1878.8
quat2,0.24840,-0.84847,0.42962,-0.18391,1878.8
quat3,0.28276,-0.81475,0.06561,0.50192,1878.8
quat4,-0.55362,0.40602,-0.02616,-0.72661,1878.8
quat5,0.00000,-0.86603,0.00000,0.50000,1878.8
quat6,0.00000,-0.86603,0.00000,0.50000,1878.8
quat7,0.00000,-0.86603,0.00000,0.50000,1878.8
quat8,0.00000,-0.86603,0.00000,0.50000,1878.8
quat0,0.48518,0.19865,-0.83248,0.17919,1878.82
quat1,-0.30612,0.85764,-0.17822,-0.37281,1878.82
quat2,0.24652,-0.84958,0.42848,-0.18401,1878.82
quat3,0.28107,-0.81399,0.06748,0.50385,1878.82
quat4,-0.55074,0.40858,-0.02476,-0.72742,1878.82
quat5,0.00000,-0.86603,0.00000,0.50000,1878.82
quat6,0.00000,-0.86603,0.00000,0.50000,1878.82
quat7,0.00000,-0.86603,0.00000,0.50000,1878.82
quat8,0.00000,-0.86603,0.00000,0.50000,1878.82
quat0,0.48527,0.19848,-0.83309,0.17626,1878.84
quat1,-0.30700,0.85738,-0.17665,-0.37342,1878.84
quat2,0.24666,-0.84950,0.42894,-0.18309,1878.84
quat3,0.27991,-0.81390,0.07000,0.50430,1878.84
quat4,-0.54993,0.40871,-0.02430,-0.72797,1878.84
quat5,0.00000,-0.86603,0.00000,0.50000,1878.84
quat6,0.00000,-0.86603,0.00000,0.50000,1878.84
quat7,0.00000,-0.86603,0.00000,0.50000,1878.84
quat8,0.00000,-0.86603,0.00000,0.50000,1878.84
quat0,0.48425,0.19766,-0.83456,0.17302,1878.86
quat1,-0.30831,0.85599,-0.17623,-0.37573,1878.86
quat2,0.24998,-0.84908,0.42926,-0.17976,1878.86
quat3,0.28032,-0.81443,0.07171,0.50297,1878.86
quat4,-0.55126,0.40712,-0.02442,-0.72785,1878.86
quat5,0.00000,-0.86603,0.00000,0.50000,1878.86
quat6,0.00000,-0.86603,0.00000,0.50000,1878.86
quat7,0.00000,-0.86603,0.00000,0.50000,1878.86
quat8,0.00000,-0.86603,0.00000,0.50000,1878.86
quat0,0.48285,0.19662,-0.83635,0.16948,1878.88
quat1,-0.31043,0.85386,-0.17750,-0.37821,1878.88
quat2,0.25274,-0.84837,0.42996,-0.17755,1878.88
quat3,0.28321,-0.81396,0.07126,0.50218,1878.88
quat4,-0.55339,0.40371,-0.02318,-0.72818,1878.88
quat5,0.00000,-0.86603,0.00000,0.50000,1878.88
quat6,0.00000,-0.86603,0.00000,0.50000,1878.88
quat7,0.00000,-0.86603,0.00000,0.50000,1878.88
quat8,0.00000,-0.86603,0.00000,0.50000,1878.88
quat0,0.48250,0.19564,-0.83737,0.16655,1878.9
quat1,-0.31256,0.85314,-0.18128,-0.37629,1878.9
quat2,0.25128,-0.84693,0.43336,-0.17822,1878.9
quat3,0.28809,-0.81191,0.06985,0.50292,1878.9
quat4,-0.55518,0.40015,-0.02068,-0.72885,1878.9
quat5,0.00000,-0.86603,0.00000,0.50000,1878.9
quat6,0.00000,-0.86603,0.00000,0.50000,1878.9
quat7,0.00000,-0.86603,0.00000,0.50000,1878.9
quat8,0.00000,-0.86603,0.00000,0.50000,1878.9
quat0,0.48275,0.19426,-0.83801,0.16417,1878.92
quat1,-0.31495,0.85251,-0.18453,-0.37413,1878.92
quat2,0.24830,-0.84521,0.43745,-0.18057,1878.92
quat3,0.29273,-0.80976,0.06953,0.50375,1878.92
quat4,-0.55736,0.39672,-0.01915,-0.72911,1878.92
quat5,0.00000,-0.86603,0.00000,0.50000,1878.92
quat6,0.00000,-0.86603,0.00000,0.50000,1878.92
quat7,0.00000,-0.86603,0.00000,0.50000,1878.92
quat8,0.00000,-0.86603,0.00000,0.50000,1878.92
quat0,0.48406,0.19196,-0.83890,0.15840,1878.94
quat1,-0.31849,0.85145,-0.18587,-0.37290,1878.94
quat2,0.24742,-0.84394,0.44026,-0.18090,1878.94
quat3,0.29606,-0.80828,0.07169,0.50388,1878.94
quat4,-0.55999,0.39380,-0.01821,-0.72870,1878.94
quat5,0.00000,-0.86603,0.00000,0.50000,1878.94
quat6,0.00000,-0.86603,0.00000,0.50000,1878.94
quat7,0.00000,-0.86603,0.00000,0.50000,1878.94
quat8,0.00000,-0.86603,0.00000,0.50000,1878.94
quat0,0.48407,0.19255,-0.83902,0.15700,1878.96
quat1,-0.32266,0.85032,-0.18537,-0.37214,1878.96
quat2,0.24840,-0.84326,0.44231,-0.17767,1878.96
quat3,0.29859,-0.80659,0.07499,0.50460,1878.96
quat4,-0.56279,0.39114,-0.01592,-0.72803,1878.96
quat5,0.00000,-0.86603,0.00000,0.50000,1878.96
quat6,0.00000,-0.86603,0.00000,0.50000,1878.96
quat7,0.00000,-0.86603,0.00000,0.50000,1878.96
quat8,0.00000,-0.86603,0.00000,0.50000,1878.96
quat0,0.48672,0.19017,-0.83926,0.15027,1878.98
quat1,-0.32783,0.84898,-0.18308,-0.37181,1878.98
quat2,0.25099,-0.84251,0.44485,-0.17115,1878.98
quat3,0.30037,-0.80510,0.07951,0.50524,1878.98
quat4,-0.56663,0.38935,-0.01320,-0.72606,1878.98
quat5,0.00000,-0.86603,0.00000,0.50000,1878.98
quat6,0.00000,-0.86603,0.00000,0.50000,1878.98
quat7,0.00000,-0.86603,0.00000,0.50000,1878.98
quat8,0.00000,-0.86603,0.00000,0.50000,1878.98
quat0,0.48920,0.18986,-0.83837,0.14753,1879
quat1,-0.33361,0.84730,-0.17976,-0.37213,1879
quat2,0.25504,-0.84227,0.44630,-0.16236,1879
quat3,0.30115,-0.80391,0.08508,0.50576,1879
quat4,-0.57066,0.38890,-0.01202,-0.72316,1879
quat5,0.00000,-0.86603,0.00000,0.50000,1879
quat6,0.00000,-0.86603,0.00000,0.50000,1879
quat7,0.00000,-0.86603,0.00000,0.50000,1879
quat8,0.00000,-0.86603,0.00000,0.50000,1879
quat0,0.49099,0.18717,-0.83901,0.14130,1879.02
quat1,-0.34001,0.84483,-0.17826,-0.37266,1879.02
quat2,0.25921,-0.84193,0.44760,-0.15366,1879.02
quat3,0.30381,-0.80187,0.08989,0.50658,1879.02
quat4,-0.57512,0.38816,-0.01175,-0.72002,1879.02
quat5,0.00000,-0.86603,0.00000,0.50000,1879.02
quat6,0.00000,-0.86603,0.00000,0.50000,1879.02
quat7,0.00000,-0.86603,0.00000,0.50000,1879.02
quat8,0.00000,-0.86603,0.00000,0.50000,1879.02
quat0,0.49333,0.18503,-0.83887,0.13670,1879.04
quat1,-0.34618,0.84279,-0.17816,-0.37165,1879.04
quat2,0.26220,-0.84179,0.44834,-0.14707,1879.04
quat3,0.30737,-0.79944,0.09351,0.50762,1879.04
quat4,-0.57917,0.38785,-0.01166,-0.71694,1879.04
quat5,0.00000,-0.86603,0.00000,0.50000,1879.04
quat6,0.00000,-0.86603,0.00000,0.50000,1879.04
quat7,0.00000,-0.86603,0.00000,0.50000,1879.04
quat8,0.00000,-0.86603,0.00000,0.50000,1879.04
quat0,0.49632,0.18176,-0.83907,0.12879,1879.06
quat1,-0.35295,0.84026,-0.17894,-0.37063,1879.06
quat2,0.26288,-0.84064,0.45134,-0.14324,1879.06
quat3,0.31166,-0.79666,0.09721,0.50867,1879.06
quat4,-0.58351,0.38649,-0.01035,-0.71417,1879.06
quat5,0.00000,-0.86603,0.00000,0.50000,1879.06
quat6,0.00000,-0.86603,0.00000,0.50000,1879.06
quat7,0.00000,-0.86603,0.00000,0.50000,1879.06
quat8,0.00000,-0.86603,0.00000,0.50000,1879.06
quat0,0.49905,0.18023,-0.83826,0.12567,1879.08
quat1,-0.35900,0.83774,-0.17947,-0.37027,1879.08
quat2,0.26383,-0.83872,0.45526,-0.14029,1879.08
quat3,0.31463,-0.79459,0.10188,0.50917,1879.08
quat4,-0.58772,0.38473,-0.00985,-0.71167,1879.08
quat5,0.00000,-0.86603,0.00000,0.50000,1879.08
quat6,0.00000,-0.86603,0.00000,0.50000,1879.08
quat7,0.00000,-0.86603,0.00000,0.50000,1879.08
quat8,0.00000,-0.86603,0.00000,0.50000,1879.08
quat0,0.50194,0.17799,-0.83806,0.11846,1879.1
quat1,-0.36585,0.83456,-0.18059,-0.37020,1879.1
quat2,0.26748,-0.83703,0.45734,-0.13662,1879.1
quat3,0.31737,-0.79276,0.10733,0.50920,1879.1
quat4,-0.59187,0.38300,-0.01111,-0.70914,1879.1
quat5,0.00000,-0.86603,0.00000,0.50000,1879.1
quat6,0.00000,-0.86603,0.00000,0.50000,1879.1
quat7,0.00000,-0.86603,0.00000,0.50000,1879.1
quat8,0.00000,-0.86603,0.00000,0.50000,1879.1
quat0,0.50289,0.17760,-0.83858,0.11112,1879.12
quat1,-0.37145,0.83213,-0.18332,-0.36876,1879.12
quat2,0.27034,-0.83635,0.45791,-0.13325,1879.12
quat3,0.31923,-0.79007,0.11233,0.51114,1879.12
quat4,-0.59357,0.38296,-0.01131,-0.70773,1879.12
quat5,0.00000,-0.86603,0.00000,0.50000,1879.12
quat6,0.00000,-0.86603,0.00000,0.50000,1879.12
quat7,0.00000,-0.86603,0.00000,0.50000,1879.12
quat8,0.00000,-0.86603,0.00000,0.50000,1879.12
quat0,0.50665,0.17029,-0.83945,0.09814,1879.14
quat1,-0.37754,0.83029,-0.18810,-0.36429,1879.14
quat2,0.26880,-0.83473,0.46158,-0.13382,1879.14
quat3,0.32252,-0.78733,0.11822,0.51198,1879.14
quat4,-0.59414,0.38272,-0.00774,-0.70744,1879.14
quat5,0.00000,-0.86603,0.00000,0.50000,1879.14
quat6,0.00000,-0.86603,0.00000,0.50000,1879.14
quat7,0.00000,-0.86603,0.00000,0.50000,1879.14
quat8,0.00000,-0.86603,0.00000,0.50000,1879.14
quat0,0.51018,0.16429,-0.84005,0.08393,1879.16
quat1,-0.38377,0.82751,-0.19263,-0.36172,1879.16
quat2,0.26478,-0.83401,0.46388,-0.13834,1879.16
quat3,0.32436,-0.78652,0.12541,0.51034,1879.16
quat4,-0.59326,0.38202,-0.00287,-0.70859,1879.16
quat5,0.00000,-0.86603,0.00000,0.50000,1879.16
quat6,0.00000,-0.86603,0.00000,0.50000,1879.16
quat7,0.00000,-0.86603,0.00000,0.50000,1879.16
quat8,0.00000,-0.86603,0.00000,0.50000,1879.16
quat0,0.50928,0.15507,-0.84417,0.06302,1879.18
quat1,-0.39081,0.82436,-0.19625,-0.35944,1879.18
quat2,0.26251,-0.83369,0.46417,-0.14350,1879.18
quat3,0.32662,-0.78574,0.13081,0.50875,1879.18
quat4,-0.59181,0.38265,-0.00058,-0.70946,1879.18
quat5,0.00000,-0.86603,0.00000,0.50000,1879.18
quat6,0.00000,-0.86603,0.00000,0.50000,1879.18
quat7,0.00000,-0.86603,0.00000,0.50000,1879.18
quat8,0.00000,-0.86603,0.00000,0.50000,1879.18
quat0,0.50786,0.15435,-0.84561,0.05658,1879.2
quat1,-0.39660,0.82122,-0.19871,-0.35890,1879.2
quat2,0.26408,-0.83070,0.46779,-0.14621,1879.2
quat3,0.32861,-0.78486,0.13609,0.50744,1879.2
quat4,-0.59393,0.38568,-0.00237,-0.70604,1879.2
quat5,0.00000,-0.86603,0.00000,0.50000,1879.2
quat6,0.00000,-0.86603,0.00000,0.50000,1879.2
quat7,0.00000,-0.86603,0.00000,0.50000,1879.2
quat8,0.00000,-0.86603,0.00000,0.50000,1879.2
quat0,0.50818,0.15380,-0.84574,0.05317,1879.22
quat1,-0.40445,0.81655,-0.19657,-0.36198,1879.22
quat2,0.27472,-0.82588,0.47230,-0.13926,1879.22
quat3,0.32852,-0.78436,0.14609,0.50548,1879.22
quat4,-0.60129,0.39250,-0.00926,-0.69593,1879.22
quat5,0.00000,-0.86603,0.00000,0.50000,1879.22
quat6,0.00000,-0.86603,0.00000,0.50000,1879.22
quat7,0.00000,-0.86603,0.00000,0.50000,1879.22
quat8,0.00000,-0.86603,0.00000,0.50000,1879.22
quat0,0.50563,0.15827,-0.84648,0.05254,1879.24
quat1,-0.41752,0.80817,-0.19045,-0.36915,1879.24
quat2,0.28820,-0.82199,0.47459,-0.12663,1879.24
quat3,0.32550,-0.78451,0.16462,0.50149,1879.24
quat4,-0.60821,0.40167,-0.01744,-0.68443,1879.24
quat5,0.00000,-0.86603,0.00000,0.50000,1879.24
quat6,0.00000,-0.86603,0.00000,0.50000,1879.24
quat7,0.00000,-0.86603,0.00000,0.50000,1879.24
quat8,0.00000,-0.86603,0.00000,0.50000,1879.24
quat0,0.50924,0.15015,-0.84647,0.04022,1879.26
quat1,-0.43604,0.79659,-0.18597,-0.37513,1879.26
quat2,0.29395,-0.81673,0.48111,-0.12279,1879.26
quat3,0.32643,-0.78262,0.18643,0.49618,1879.26
quat4,-0.61392,0.40332,-0.01879,-0.67829,1879.26
quat5,0.00000,-0.86603,0.00000,0.50000,1879.26
quat6,0.00000,-0.86603,0.00000,0.50000,1879.26
quat7,0.00000,-0.86603,0.00000,0.50000,1879.26
quat8,0.00000,-0.86603,0.00000,0.50000,1879.26
quat0,0.50842,0.14304,-0.84850,0.03315,1879.28
quat1,-0.44798,0.78962,-0.18680,-0.37538,1879.28
quat2,0.29363,-0.81126,0.48960,-0.12621,1879.28
quat3,0.33274,-0.77938,0.19665,0.49313,1879.28
quat4,-0.61764,0.40240,-0.01719,-0.67550,1879.28
quat5,0.00000,-0.86603,0.00000,0.50000,1879.28
quat6,0.00000,-0.86603,0.00000,0.50000,1879.28
quat7,0.00000,-0.86603,0.00000,0.50000,1879.28
quat8,0.00000,-0.86603,0.00000,0.50000,1879.28
quat0,0.50555,0.13654,-0.85152,0.02620,1879.3
quat1,-0.45400,0.78760,-0.19297,-0.36923,1879.3
quat2,0.29534,-0.80716,0.49517,-0.12679,1879.3
quat3,0.34107,-0.77525,0.20027,0.49250,1879.3
quat4,-0.62130,0.40330,-0.01681,-0.67161,1879.3
quat5,0.00000,-0.86603,0.00000,0.50000,1879.3
quat6,0.00000,-0.86603,0.00000,0.50000,1879.3
quat7,0.00000,-0.86603,0.00000,0.50000,1879.3
quat8,0.00000,-0.86603,0.00000,0.50000,1879.3
quat0,0.50618,0.13926,-0.85057,0.03027,1879.32
quat1,-0.45855,0.78678,-0.19725,-0.36305,1879.32
quat2,0.29386,-0.80401,0.50030,-0.13008,1879.32
quat3,0.34559,-0.77142,0.20415,0.49376,1879.32
quat4,-0.62279,0.40430,-0.01543,-0.66966,1879.32
quat5,0.00000,-0.86603,0.00000,0.50000,1879.32
quat6,0.00000,-0.86603,0.00000,0.50000,1879.32
quat7,0.00000,-0.86603,0.00000,0.50000,1879.32
quat8,0.00000,-0.86603,0.00000,0.50000,1879.32
quat0,0.50776,0.13502,-0.85044,0.02663,1879.34
quat1,-0.46391,0.78415,-0.19902,-0.36096,1879.34
quat2,0.29392,-0.80192,0.50345,-0.13071,1879.34
quat3,0.34921,-0.76903,0.20776,0.49344,1879.34
quat4,-0.62358,0.40577,-0.01580,-0.66802,1879.34
quat5,0.00000,-0.86603,0.00000,0.50000,1879.34
quat6,0.00000,-0.86603,0.00000,0.50000,1879.34
quat7,0.00000,-0.86603,0.00000,0.50000,1879.34
quat8,0.00000,-0.86603,0.00000,0.50000,1879.34
quat0,0.50933,0.13320,-0.84969,0.02933,1879.36
quat1,-0.46583,0.78301,-0.20100,-0.35988,1879.36
quat2,0.29716,-0.80133,0.50320,-0.12787,1879.36
quat3,0.35190,-0.76861,0.20845,0.49188,1879.36
quat4,-0.62337,0.40721,-0.01752,-0.66729,1879.36
quat5,0.00000,-0.86603,0.00000,0.50000,1879.36
quat6,0.00000,-0.86603,0.00000,0.50000,1879.36
quat7,0.00000,-0.86603,0.00000,0.50000,1879.36
quat8,0.00000,-0.86603,0.00000,0.50000,1879.36
quat0,0.50854,0.13044,-0.85064,0.02786,1879.38
quat1,-0.46651,0.78182,-0.20401,-0.35988,1879.38
quat2,0.29876,-0.79989,0.50432,-0.12875,1879.38
quat3,0.35291,-0.76960,0.21087,0.48857,1879.38
quat4,-0.62242,0.40759,-0.01793,-0.66794,1879.38
quat5,0.00000,-0.86603,0.00000,0.50000,1879.38
quat6,0.00000,-0.86603,0.00000,0.50000,1879.38
quat7,0.00000,-0.86603,0.00000,0.50000,1879.38
quat8,0.00000,-0.86603,0.00000,0.50000,1879.38
quat0,0.51017,0.12753,-0.85009,0.02862,1879.4
quat1,-0.46530,0.78107,-0.20709,-0.36131,1879.4
quat2,0.30001,-0.79871,0.50486,-0.13104,1879.4
quat3,0.35019,-0.77295,0.21546,0.48321,1879.4
quat4,-0.62067,0.41231,-0.02181,-0.66655,1879.4
quat5,0.00000,-0.86603,0.00000,0.50000,1879.4
quat6,0.00000,-0.86603,0.00000,0.50000,1879.4
quat7,0.00000,-0.86603,0.00000,0.50000,1879.4
quat8,0.00000,-0.86603,0.00000,0.50000,1879.4
quat0,0.50764,0.12149,-0.85272,0.02014,1879.42
quat1,-0.46360,0.78024,-0.20859,-0.36442,1879.42
quat2,0.30514,-0.79760,0.50391,-0.12959,1879.42
quat3,0.34463,-0.77852,0.22153,0.47545,1879.42
quat4,-0.61990,0.41869,-0.02805,-0.66305,1879.42
quat5,0.00000,-0.86603,0.00000,0.50000,1879.42
quat6,0.00000,-0.86603,0.00000,0.50000,1879.42
quat7,0.00000,-0.86603,0.00000,0.50000,1879.42
quat8,0.00000,-0.86603,0.00000,0.50000,1879.42
quat0,0.50725,0.12232,-0.85282,0.02089,1879.44
quat1,-0.46075,0.77940,-0.20829,-0.36995,1879.44
quat2,0.31053,-0.79719,0.50196,-0.12688,1879.44
quat3,0.33688,-0.78502,0.22741,0.46749,1879.44
quat4,-0.61898,0.42437,-0.03450,-0.65999,1879.44
quat5,0.00000,-0.86603,0.00000,0.50000,1879.44
quat6,0.00000,-0.86603,0.00000,0.50000,1879.44
quat7,0.00000,-0.86603,0.00000,0.50000,1879.44
quat8,0.00000,-0.86603,0.00000,0.50000,1879.44
quat0,0.50808,0.11986,-0.85278,0.01619,1879.46
quat1,-0.45791,0.77764,-0.20737,-0.37761,1879.46
quat2,0.31578,-0.79519,0.50202,-0.12620,1879.46
quat3,0.33215,-0.79174,0.22862,0.45887,1879.46
quat4,-0.62014,0.42479,-0.03897,-0.65838,1879.46
quat5,0.00000,-0.86603,0.00000,0.50000,1879.46
quat6,0.00000,-0.86603,0.00000,0.50000,1879.46
quat7,0.00000,-0.86603,0.00000,0.50000,1879.46
quat8,0.00000,-0.86603,0.00000,0.50000,1879.46
quat0,0.50621,0.11839,-0.85412,0.01456,1879.48
quat1,-0.45103,0.77773,-0.21029,-0.38405,1879.48
quat2,0.32117,-0.79260,0.50251,-0.12695,1879.48
quat3,0.32965,-0.79730,0.22487,0.45284,1879.48
quat4,-0.62149,0.42292,-0.04347,-0.65803,1879.48
quat5,0.00000,-0.86603,0.00000,0.50000,1879.48
quat6,0.00000,-0.86603,0.00000,0.50000,1879.48
quat7,0.00000,-0.86603,0.00000,0.50000,1879.48
quat8,0.00000,-0.86603,0.00000,0.50000,1879.48
quat0,0.50731,0.11104,-0.85457,0.00373,1879.5
quat1,-0.44430,0.77686,-0.21196,-0.39264,1879.5
quat2,0.32929,-0.78858,0.50355,-0.12707,1879.5
quat3,0.32582,-0.80425,0.22458,0.44338,1879.5
quat4,-0.62507,0.42184,-0.04910,-0.65492,1879.5
quat5,0.00000,-0.86603,0.00000,0.50000,1879.5
quat6,0.00000,-0.86603,0.00000,0.50000,1879.5
quat7,0.00000,-0.86603,0.00000,0.50000,1879.5
quat8,0.00000,-0.86603,0.00000,0.50000,1879.5
quat0,0.50570,0.10797,-0.85592,0.00179,1879.52
quat1,-0.43522,0.77579,-0.21163,-0.40491,1879.52
quat2,0.33912,-0.78450,0.50389,-0.12513,1879.52
quat3,0.32042,-0.81308,0.22161,0.43257,1879.52
quat4,-0.63058,0.41792,-0.05452,-0.65172,1879.52
quat5,0.00000,-0.86603,0.00000,0.50000,1879.52
quat6,0.00000,-0.86603,0.00000,0.50000,1879.52
quat7,0.00000,-0.86603,0.00000,0.50000,1879.52
quat8,0.00000,-0.86603,0.00000,0.50000,1879.52
quat0,0.50638,0.10057,-0.85638,-0.00884,1879.54
quat1,-0.42481,0.77496,-0.21082,-0.41777,1879.54
quat2,0.35254,-0.78094,0.50184,-0.11834,1879.54
quat3,0.31707,-0.82084,0.21467,0.42380,1879.54
quat4,-0.63758,0.41356,-0.06256,-0.64695,1879.54
quat5,0.00000,-0.86603,0.00000,0.50000,1879.54
quat6,0.00000,-0.86603,0.00000,0.50000,1879.54
quat7,0.00000,-0.86603,0.00000,0.50000,1879.54
quat8,0.00000,-0.86603,0.00000,0.50000,1879.54
quat0,0.50763,0.09525,-0.85617,-0.01438,1879.56
quat1,-0.41388,0.77490,-0.20916,-0.42953,1879.56
quat2,0.36467,-0.77740,0.49966,-0.11403,1879.56
quat3,0.31562,-0.82597,0.20690,0.41875,1879.56
quat4,-0.64392,0.40823,-0.06822,-0.64348,1879.56
quat5,0.00000,-0.86603,0.00000,0.50000,1879.56
quat6,0.00000,-0.86603,0.00000,0.50000,1879.56
quat7,0.00000,-0.86603,0.00000,0.50000,1879.56
quat8,0.00000,-0.86603,0.00000,0.50000,1879.56
quat0,0.50478,0.08887,-0.85825,-0.02668,1879.58
quat1,-0.40133,0.77575,-0.21173,-0.43855,1879.58
quat2,0.37561,-0.77110,0.50108,-0.11510,1879.58
quat3,0.31549,-0.83107,0.19668,0.41365,1879.58
quat4,-0.65315,0.39936,-0.07319,-0.63918,1879.58
quat5,0.00000,-0.86603,0.00000,0.50000,1879.58
quat6,0.00000,-0.86603,0.00000,0.50000,1879.58
quat7,0.00000,-0.86603,0.00000,0.50000,1879.58
quat8,0.00000,-0.86603,0.00000,0.50000,1879.58
quat0,0.50472,0.08154,-0.85866,-0.03613,1879.6
quat1,-0.38862,0.77627,-0.21166,-0.44898,1879.6
quat2,0.38767,-0.76518,0.50085,-0.11559,1879.6
quat3,0.31145,-0.83838,0.18402,0.40774,1879.6
quat4,-0.66307,0.39363,-0.08412,-0.63112,1879.6
quat5,0.00000,-0.86603,0.00000,0.50000,1879.6
quat6,0.00000,-0.86603,0.00000,0.50000,1879.6
quat7,0.00000,-0.86603,0.00000,0.50000,1879.6
quat8,0.00000,-0.86603,0.00000,0.50000,1879.6
quat0,0.50129,0.07767,-0.86067,-0.04378,1879.62
quat1,-0.37471,0.77494,-0.21119,-0.46310,1879.62
quat2,0.40138,-0.75784,0.50105,-0.11631,1879.62
quat3,0.30647,-0.84715,0.17126,0.39885,1879.62
quat4,-0.67488,0.38362,-0.09303,-0.62348,1879.62
quat5,0.00000,-0.86603,0.00000,0.50000,1879.62
quat6,0.00000,-0.86603,0.00000,0.50000,1879.62
quat7,0.00000,-0.86603,0.00000,0.50000,1879.62
quat8,0.00000,-0.86603,0.00000,0.50000,1879.62
quat0,0.50028,0.07594,-0.86102,-0.05101,1879.64
quat1,-0.35747,0.77381,-0.21156,-0.47820,1879.64
quat2,0.41415,-0.74926,0.50266,-0.12009,1879.64
quat3,0.29971,-0.85634,0.15492,0.39097,1879.64
quat4,-0.68629,0.37149,-0.10094,-0.61710,1879.64
quat5,0.00000,-0.86603,0.00000,0.50000,1879.64
quat6,0.00000,-0.86603,0.00000,0.50000,1879.64
quat7,0.00000,-0.86603,0.00000,0.50000,1879.64
quat8,0.00000,-0.86603,0.00000,0.50000,1879.64
quat0,0.49763,0.06941,-0.86264,-0.05826,1879.66
quat1,-0.33888,0.77244,-0.21254,-0.49328,1879.66
quat2,0.42892,-0.74032,0.50315,-0.12161,1879.66
quat3,0.29387,-0.86444,0.13734,0.38409,1879.66
quat4,-0.69789,0.35896,-0.11074,-0.60979,1879.66
quat5,0.00000,-0.86603,0.00000,0.50000,1879.66
quat6,0.00000,-0.86603,0.00000,0.50000,1879.66
quat7,0.00000,-0.86603,0.00000,0.50000,1879.66
quat8,0.00000,-0.86603,0.00000,0.50000,1879.66
quat0,0.49718,0.06482,-0.86262,-0.06709,1879.68
quat1,-0.31765,0.77172,-0.21413,-0.50764,1879.68
quat2,0.44296,-0.73208,0.50253,-0.12375,1879.68
quat3,0.28803,-0.87330,0.11690,0.37512,1879.68
quat4,-0.70830,0.34354,-0.11859,-0.60517,1879.68
quat5,0.00000,-0.86603,0.00000,0.50000,1879.68
quat6,0.00000,-0.86603,0.00000,0.50000,1879.68
quat7,0.00000,-0.86603,0.00000,0.50000,1879.68
quat8,0.00000,-0.86603,0.00000,0.50000,1879.68
quat0,0.49520,0.06220,-0.86336,-0.07430,1879.7
quat1,-0.29550,0.76950,-0.21619,-0.52327,1879.7
quat2,0.45573,-0.72419,0.50179,-0.12675,1879.7
quat3,0.28072,-0.88292,0.09313,0.36465,1879.7
quat4,-0.71769,0.32874,-0.12725,-0.60055,1879.7
quat5,0.00000,-0.86603,0.00000,0.50000,1879.7
quat6,0.00000,-0.86603,0.00000,0.50000,1879.7
quat7,0.00000,-0.86603,0.00000,0.50000,1879.7
quat8,0.00000,-0.86603,0.00000,0.50000,1879.7
quat0,0.49533,0.05745,-0.86225,-0.08873,1879.72
quat1,-0.27055,0.76633,-0.21866,-0.54012,1879.72
quat2,0.46902,-0.71847,0.49764,-0.12718,1879.72
quat3,0.26957,-0.89399,0.06946,0.35112,1879.72
quat4,-0.72428,0.31678,-0.13898,-0.59645,1879.72
quat5,0.00000,-0.86603,0.00000,0.50000,1879.72
quat6,0.00000,-0.86603,0.00000,0.50000,1879.72
quat7,0.00000,-0.86603,0.00000,0.50000,1879.72
quat8,0.00000,-0.86603,0.00000,0.50000,1879.72
quat0,0.49537,0.06074,-0.86317,-0.07660,1879.74
quat1,-0.24364,0.76283,-0.22039,-0.55691,1879.74
quat2,0.48153,-0.71303,0.49322,-0.12825,1879.74
quat3,0.25618,-0.90594,0.04278,0.33439,1879.74
quat4,-0.72971,0.30414,-0.15016,-0.59369,1879.74
quat5,0.00000,-0.86603,0.00000,0.50000,1879.74
quat6,0.00000,-0.86603,0.00000,0.50000,1879.74
quat7,0.00000,-0.86603,0.00000,0.50000,1879.74
quat8,0.00000,-0.86603,0.00000,0.50000,1879.74
quat0,0.49676,0.05612,-0.86001,-0.10229,1879.76
quat1,-0.21344,0.75581,-0.22110,-0.57819,1879.76
quat2,0.49265,-0.71064,0.48636,-0.12546,1879.76
quat3,0.23808,-0.91802,0.01322,0.31683,1879.76
quat4,-0.73220,0.29805,-0.16443,-0.58993,1879.76
quat5,0.00000,-0.86603,0.00000,0.50000,1879.76
quat6,0.00000,-0.86603,0.00000,0.50000,1879.76
quat7,0.00000,-0.86603,0.00000,0.50000,1879.76
quat8,0.00000,-0.86603,0.00000,0.50000,1879.76
quat0,0.49571,0.06451,-0.86167,-0.08741,1879.78
quat1,-0.18012,0.74562,-0.22097,-0.60231,1879.78
quat2,0.50399,-0.70998,0.47702,-0.11989,1879.78
quat3,0.21493,-0.92936,-0.01981,0.29951,1879.78
quat4,-0.73278,0.29743,-0.18050,-0.58480,1879.78
quat5,0.00000,-0.86603,0.00000,0.50000,1879.78
quat6,0.00000,-0.86603,0.00000,0.50000,1879.78
quat7,0.00000,-0.86603,0.00000,0.50000,1879.78
quat8,0.00000,-0.86603,0.00000,0.50000,1879.78
quat0,0.50703,0.06655,-0.85612,-0.07454,1879.8
quat1,-0.14172,0.73411,-0.21889,-0.62697,1879.8
quat2,0.51328,-0.71047,0.46763,-0.11442,1879.8
quat3,0.18412,-0.93921,-0.05612,0.28430,1879.8
quat4,-0.73067,0.30476,-0.19786,-0.57801,1879.8
quat5,0.00000,-0.86603,0.00000,0.50000,1879.8
quat6,0.00000,-0.86603,0.00000,0.50000,1879.8
quat7,0.00000,-0.86603,0.00000,0.50000,1879.8
quat8,0.00000,-0.86603,0.00000,0.50000,1879.8
quat0,0.50428,0.06533,-0.85775,-0.07552,1879.82
quat1,-0.10062,0.71967,-0.22069,-0.65057,1879.82
quat2,0.52342,-0.71080,0.45806,-0.10482,1879.82
quat3,0.15018,-0.94806,-0.09502,0.26381,1879.82
quat4,-0.72758,0.31749,-0.21720,-0.56802,1879.82
quat5,0.00000,-0.86603,0.00000,0.50000,1879.82
quat6,0.00000,-0.86603,0.00000,0.50000,1879.82
quat7,0.00000,-0.86603,0.00000,0.50000,1879.82
quat8,0.00000,-0.86603,0.00000,0.50000,1879.82
quat0,0.50891,0.06790,-0.85478,-0.07588,1879.84
quat1,-0.05405,0.69917,-0.22493,-0.67649,1879.84
quat2,0.53326,-0.71085,0.44877,-0.09450,1879.84
quat3,0.11445,-0.95537,-0.13833,0.23461,1879.84
quat4,-0.72371,0.33075,-0.23501,-0.55822,1879.84
quat5,0.00000,-0.86603,0.00000,0.50000,1879.84
quat6,0.00000,-0.86603,0.00000,0.50000,1879.84
quat7,0.00000,-0.86603,0.00000,0.50000,1879.84
quat8,0.00000,-0.86603,0.00000,0.50000,1879.84
quat0,0.51108,0.07135,-0.85421,-0.06351,1879.86
quat1,-0.00454,0.67276,-0.23352,-0.70202,1879.86
quat2,0.54053,-0.71097,0.44213,-0.08295,1879.86
quat3,0.07997,-0.95980,-0.18572,0.19467,1879.86
quat4,-0.71893,0.34554,-0.25213,-0.54788,1879.86
quat5,0.00000,-0.86603,0.00000,0.50000,1879.86
quat6,0.00000,-0.86603,0.00000,0.50000,1879.86
quat7,0.00000,-0.86603,0.00000,0.50000,1879.86
quat8,0.00000,-0.86603,0.00000,0.50000,1879.86
quat0,0.51061,0.06473,-0.85466,-0.06813,1879.88
quat1,0.05155,0.64486,-0.24321,-0.72274,1879.88
quat2,0.54740,-0.71202,0.43418,-0.06979,1879.88
quat3,0.04710,-0.95799,-0.23735,0.15395,1879.88
quat4,-0.71237,0.36184,-0.26748,-0.53856,1879.88
quat5,0.00000,-0.86603,0.00000,0.50000,1879.88
quat6,0.00000,-0.86603,0.00000,0.50000,1879.88
quat7,0.00000,-0.86603,0.00000,0.50000,1879.88
quat8,0.00000,-0.86603,0.00000,0.50000,1879.88
quat0,0.50676,0.06045,-0.85740,-0.06628,1879.9
quat1,0.11271,0.61999,-0.25291,-0.73413,1879.9
quat2,0.54723,-0.71566,0.42985,-0.05990,1879.9
quat3,0.01546,-0.94879,-0.28963,0.12517,1879.9
quat4,-0.70601,0.37772,-0.27402,-0.53272,1879.9
quat5,0.00000,-0.86603,0.00000,0.50000,1879.9
quat6,0.00000,-0.86603,0.00000,0.50000,1879.9
quat7,0.00000,-0.86603,0.00000,0.50000,1879.9
quat8,0.00000,-0.86603,0.00000,0.50000,1879.9
quat0,0.49723,0.05924,-0.86326,-0.06351,1879.92
quat1,0.17047,0.60132,-0.25777,-0.73682,1879.92
quat2,0.53837,-0.72762,0.42238,-0.04824,1879.92
quat3,-0.01725,-0.93766,-0.33047,0.10620,1879.92
quat4,-0.69848,0.39530,-0.26985,-0.53201,1879.92
quat5,0.00000,-0.86603,0.00000,0.50000,1879.92
quat6,0.00000,-0.86603,0.00000,0.50000,1879.92
quat7,0.00000,-0.86603,0.00000,0.50000,1879.92
quat8,0.00000,-0.86603,0.00000,0.50000,1879.92
quat0,0.49022,0.06014,-0.86757,-0.05813,1879.94
quat1,0.21690,0.58821,-0.25378,-0.73658,1879.94
quat2,0.52743,-0.74538,0.40648,-0.03163,1879.94
quat3,-0.04387,-0.92783,-0.35924,0.09027,1879.94
quat4,-0.69253,0.41612,-0.25519,-0.53115,1879.94
quat5,0.00000,-0.86603,0.00000,0.50000,1879.94
quat6,0.00000,-0.86603,0.00000,0.50000,1879.94
quat7,0.00000,-0.86603,0.00000,0.50000,1879.94
quat8,0.00000,-0.86603,0.00000,0.50000,1879.94
quat0,0.46050,0.05316,-0.88318,-0.07143,1879.96
quat1,0.24354,0.58115,-0.24441,-0.73703,1879.96
quat2,0.51385,-0.76280,0.39192,-0.02236,1879.96
quat3,-0.06008,-0.92476,-0.36695,0.08098,1879.96
quat4,-0.69169,0.42776,-0.23989,-0.53013,1879.96
quat5,0.00000,-0.86603,0.00000,0.50000,1879.96
quat6,0.00000,-0.86603,0.00000,0.50000,1879.96
quat7,0.00000,-0.86603,0.00000,0.50000,1879.96
quat8,0.00000,-0.86603,0.00000,0.50000,1879.96
quat0,0.51033,0.05454,-0.85684,-0.04918,1879.98
quat1,0.24990,0.58709,-0.23501,-0.73324,1879.98
quat2,0.51042,-0.77274,0.37705,-0.01327,1879.98
quat3,-0.06091,-0.92828,-0.35842,0.07822,1879.98
quat4,-0.69319,0.43287,-0.24001,-0.52394,1879.98
quat5,0.00000,-0.86603,0.00000,0.50000,1879.98
quat6,0.00000,-0.86603,0.00000,0.50000,1879.98
quat7,0.00000,-0.86603,0.00000,0.50000,1879.98
quat8,0.00000,-0.86603,0.00000,0.50000,1879.98
quat0,0.50282,0.05591,-0.86143,-0.04461,1880
quat1,0.24165,0.60664,-0.22076,-0.72448,1880
quat2,0.50768,-0.77357,0.37903,-0.01380,1880
quat3,-0.05316,-0.93353,-0.34441,0.08417,1880
quat4,-0.69942,0.42456,-0.24664,-0.51936,1880
quat5,0.00000,-0.86603,0.00000,0.50000,1880
quat6,0.00000,-0.86603,0.00000,0.50000,1880
quat7,0.00000,-0.86603,0.00000,0.50000,1880
quat8,0.00000,-0.86603,0.00000,0.50000,1880
quat0,0.49398,0.06046,-0.86630,-0.04308,1880.02
quat1,0.22291,0.62658,-0.21044,-0.71653,1880.02
quat2,0.50744,-0.77080,0.38471,-0.01915,1880.02
quat3,-0.04161,-0.93838,-0.32783,0.10123,1880.02
quat4,-0.70483,0.41146,-0.25676,-0.51767,1880.02
quat5,0.00000,-0.86603,0.00000,0.50000,1880.02
quat6,0.00000,-0.86603,0.00000,0.50000,1880.02
quat7,0.00000,-0.86603,0.00000,0.50000,1880.02
quat8,0.00000,-0.86603,0.00000,0.50000,1880.02
quat0,0.48438,0.05724,-0.87071,-0.06303,1880.04
quat1,0.19718,0.64711,-0.20698,-0.70678,1880.04
quat2,0.51073,-0.76212,0.39662,-0.03199,1880.04
quat3,-0.02682,-0.94309,-0.30630,0.12667,1880.04
quat4,-0.71274,0.39252,-0.26215,-0.51885,1880.04
quat5,0.00000,-0.86603,0.00000,0.50000,1880.04
quat6,0.00000,-0.86603,0.00000,0.50000,1880.04
quat7,0.00000,-0.86603,0.00000,0.50000,1880.04
quat8,0.00000,-0.86603,0.00000,0.50000,1880.04
quat0,0.48790,0.06476,-0.86904,-0.05023,1880.06
quat1,0.16739,0.66859,-0.20709,-0.69433,1880.06
quat2,0.51604,-0.75006,0.41100,-0.04674,1880.06
quat3,-0.00918,-0.94738,-0.28125,0.15260,1880.06
quat4,-0.72005,0.37763,-0.26821,-0.51671,1880.06
quat5,0.00000,-0.86603,0.00000,0.50000,1880.06
quat6,0.00000,-0.86603,0.00000,0.50000,1880.06
quat7,0.00000,-0.86603,0.00000,0.50000,1880.06
quat8,0.00000,-0.86603,0.00000,0.50000,1880.06
quat0,0.49061,0.06295,-0.86786,-0.04641,1880.08
quat1,0.12913,0.68986,-0.20861,-0.68110,1880.08
quat2,0.52499,-0.73314,0.42772,-0.06286,1880.08
quat3,0.01166,-0.95130,-0.25257,0.17636,1880.08
quat4,-0.73135,0.35819,-0.26645,-0.51558,1880.08
quat5,0.00000,-0.86603,0.00000,0.50000,1880.08
quat6,0.00000,-0.86603,0.00000,0.50000,1880.08
quat7,0.00000,-0.86603,0.00000,0.50000,1880.08
quat8,0.00000,-0.86603,0.00000,0.50000,1880.08
quat0,0.48871,0.06762,-0.86893,-0.03938,1880.1
quat1,0.09119,0.70902,-0.21142,-0.66655,1880.1
quat2,0.53285,-0.71628,0.44382,-0.07766,1880.1
quat3,0.03488,-0.95396,-0.22344,0.19700,1880.1
quat4,-0.74171,0.34098,-0.26429,-0.51357,1880.1
quat5,0.00000,-0.86603,0.00000,0.50000,1880.1
quat6,0.00000,-0.86603,0.00000,0.50000,1880.1
quat7,0.00000,-0.86603,0.00000,0.50000,1880.1
quat8,0.00000,-0.86603,0.00000,0.50000,1880.1
quat0,0.48756,0.07192,-0.86947,-0.03372,1880.12
quat1,0.05279,0.72706,-0.21330,-0.65046,1880.12
quat2,0.53970,-0.69848,0.46100,-0.09120,1880.12
quat3,0.05964,-0.95566,-0.19280,0.21445,1880.12
quat4,-0.75240,0.32296,-0.26119,-0.51125,1880.12
quat5,0.00000,-0.86603,0.00000,0.50000,1880.12
quat6,0.00000,-0.86603,0.00000,0.50000,1880.12
quat7,0.00000,-0.86603,0.00000,0.50000,1880.12
quat8,0.00000,-0.86603,0.00000,0.50000,1880.12
quat0,0.48653,0.07405,-0.87014,-0.02579,1880.14
quat1,0.01612,0.74421,-0.21380,-0.63260,1880.14
quat2,0.54514,-0.68290,0.47555,-0.10160,1880.14
quat3,0.08411,-0.95577,-0.16337,0.22966,1880.14
quat4,-0.76230,0.30461,-0.25637,-0.51028,1880.14
quat5,0.00000,-0.86603,0.00000,0.50000,1880.14
quat6,0.00000,-0.86603,0.00000,0.50000,1880.14
quat7,0.00000,-0.86603,0.00000,0.50000,1880.14
quat8,0.00000,-0.86603,0.00000,0.50000,1880.14
quat0,0.48589,0.07494,-0.87055,-0.02076,1880.16
quat1,-0.01864,0.75857,-0.21612,-0.61442,1880.16
quat2,0.54832,-0.66791,0.49077,-0.11124,1880.16
quat3,0.10842,-0.95435,-0.13478,0.24350,1880.16
quat4,-0.77206,0.28602,-0.25163,-0.50873,1880.16
quat5,0.00000,-0.86603,0.00000,0.50000,1880.16
quat6,0.00000,-0.86603,0.00000,0.50000,1880.16
quat7,0.00000,-0.86603,0.00000,0.50000,1880.16
quat8,0.00000,-0.86603,0.00000,0.50000,1880.16
quat0,0.48648,0.07755,-0.87019,-0.00950,1880.18
quat1,-0.05040,0.76854,-0.22039,-0.59853,1880.18
quat2,0.54818,-0.65794,0.50257,-0.11851,1880.18
quat3,0.13195,-0.95103,-0.11010,0.25693,1880.18
quat4,-0.77988,0.26937,-0.24569,-0.50878,1880.18
quat5,0.00000,-0.86603,0.00000,0.50000,1880.18
quat6,0.00000,-0.86603,0.00000,0.50000,1880.18
quat7,0.00000,-0.86603,0.00000,0.50000,1880.18
quat8,0.00000,-0.86603,0.00000,0.50000,1880.18
quat0,0.48357,0.07909,-0.87172,-0.00393,1880.2
quat1,-0.07981,0.77279,-0.22789,-0.58694,1880.2
quat2,0.54665,-0.64941,0.51348,-0.12561,1880.2
quat3,0.15729,-0.94636,-0.08728,0.26841,1880.2
quat4,-0.78700,0.25373,-0.23967,-0.50874,1880.2
quat5,0.00000,-0.86603,0.00000,0.50000,1880.2
quat6,0.00000,-0.86603,0.00000,0.50000,1880.2
quat7,0.00000,-0.86603,0.00000,0.50000,1880.2
quat8,0.00000,-0.86603,0.00000,0.50000,1880.2
quat0,0.48388,0.08374,-0.87108,0.00770,1880.22
quat1,-0.10532,0.77322,-0.23606,-0.57907,1880.22
quat2,0.54237,-0.64513,0.52164,-0.13243,1880.22
quat3,0.17980,-0.94157,-0.06679,0.27688,1880.22
quat4,-0.79090,0.24273,-0.23434,-0.51054,1880.22
quat5,0.00000,-0.86603,0.00000,0.50000,1880.22
quat6,0.00000,-0.86603,0.00000,0.50000,1880.22
quat7,0.00000,-0.86603,0.00000,0.50000,1880.22
quat8,0.00000,-0.86603,0.00000,0.50000,1880.22
quat0,0.48336,0.08500,-0.87127,0.00482,1880.24
quat1,-0.12986,0.77187,-0.24486,-0.57219,1880.24
quat2,0.53701,-0.64275,0.52836,-0.13900,1880.24
quat3,0.19997,-0.93680,-0.04687,0.28322,1880.24
quat4,-0.79372,0.23327,-0.22749,-0.51366,1880.24
quat5,0.00000,-0.86603,0.00000,0.50000,1880.24
quat6,0.00000,-0.86603,0.00000,0.50000,1880.24
quat7,0.00000,-0.86603,0.00000,0.50000,1880.24
quat8,0.00000,-0.86603,0.00000,0.50000,1880.24
quat0,0.48375,0.09423,-0.86984,0.02202,1880.26
quat1,-0.15108,0.77094,-0.25253,-0.56485,1880.26
quat2,0.52790,-0.64399,0.53407,-0.14618,1880.26
quat3,0.21761,-0.93093,-0.03094,0.29166,1880.26
quat4,-0.79404,0.22666,-0.21807,-0.52017,1880.26
quat5,0.00000,-0.86603,0.00000,0.50000,1880.26
quat6,0.00000,-0.86603,0.00000,0.50000,1880.26
quat7,0.00000,-0.86603,0.00000,0.50000,1880.26
quat8,0.00000,-0.86603,0.00000,0.50000,1880.26
quat0,0.48219,0.09370,-0.87081,0.01993,1880.28
quat1,-0.17118,0.77298,-0.25886,-0.55335,1880.28
quat2,0.51764,-0.64764,0.53819,-0.15151,1880.28
quat3,0.23425,-0.92417,-0.01608,0.30131,1880.28
quat4,-0.79266,0.22320,-0.21021,-0.52696,1880.28
quat5,0.00000,-0.86603,0.00000,0.50000,1880.28
quat6,0.00000,-0.86603,0.00000,0.50000,1880.28
quat7,0.00000,-0.86603,0.00000,0.50000,1880.28
quat8,0.00000,-0.86603,0.00000,0.50000,1880.28
quat0,0.48645,0.10109,-0.86725,0.03200,1880.3
quat1,-0.18875,0.77765,-0.26397,-0.53848,1880.3
quat2,0.50728,-0.65468,0.53856,-0.15496,1880.3
quat3,0.24846,-0.91734,-0.00320,0.31106,1880.3
quat4,-0.78770,0.22440,-0.20529,-0.53575,1880.3
quat5,0.00000,-0.86603,0.00000,0.50000,1880.3
quat6,0.00000,-0.86603,0.00000,0.50000,1880.3
quat7,0.00000,-0.86603,0.00000,0.50000,1880.3
quat8,0.00000,-0.86603,0.00000,0.50000,1880.3
quat0,0.48761,0.10512,-0.86590,0.03745,1880.32
quat1,-0.20282,0.78416,-0.26919,-0.52105,1880.32
quat2,0.49726,-0.66166,0.53862,-0.15756,1880.32
quat3,0.26200,-0.91068,0.00787,0.31930,1880.32
quat4,-0.78163,0.22634,-0.19953,-0.54591,1880.32
quat5,0.00000,-0.86603,0.00000,0.50000,1880.32
quat6,0.00000,-0.86603,0.00000,0.50000,1880.32
quat7,0.00000,-0.86603,0.00000,0.50000,1880.32
quat8,0.00000,-0.86603,0.00000,0.50000,1880.32
quat0,0.48760,0.11194,-0.86458,0.04717,1880.34
quat1,-0.21217,0.79089,-0.27340,-0.50470,1880.34
quat2,0.48370,-0.67040,0.53914,-0.16103,1880.34
quat3,0.27403,-0.90381,0.01592,0.32829,1880.34
quat4,-0.77366,0.22923,-0.18891,-0.55966,1880.34
quat5,0.00000,-0.86603,0.00000,0.50000,1880.34
quat6,0.00000,-0.86603,0.00000,0.50000,1880.34
quat7,0.00000,-0.86603,0.00000,0.50000,1880.34
quat8,0.00000,-0.86603,0.00000,0.50000,1880.34
quat0,0.48547,0.11516,-0.86517,0.05030,1880.36
quat1,-0.22105,0.79516,-0.27651,-0.49235,1880.36
quat2,0.46951,-0.67934,0.53931,-0.16495,1880.36
quat3,0.28516,-0.89634,0.02183,0.33880,1880.36
quat4,-0.76586,0.23160,-0.17795,-0.57284,1880.36
quat5,0.00000,-0.86603,0.00000,0.50000,1880.36
quat6,0.00000,-0.86603,0.00000,0.50000,1880.36
quat7,0.00000,-0.86603,0.00000,0.50000,1880.36
quat8,0.00000,-0.86603,0.00000,0.50000,1880.36
quat0,0.48402,0.12412,-0.86402,0.06150,1880.38
quat1,-0.23116,0.79726,-0.27784,-0.48348,1880.38
quat2,0.45540,-0.69005,0.53695,-0.16771,1880.38
quat3,0.29366,-0.88988,0.02617,0.34812,1880.38
quat4,-0.75637,0.23664,-0.17029,-0.58558,1880.38
quat5,0.00000,-0.86603,0.00000,0.50000,1880.38
quat6,0.00000,-0.86603,0.00000,0.50000,1880.38
quat7,0.00000,-0.86603,0.00000,0.50000,1880.38
quat8,0.00000,-0.86603,0.00000,0.50000,1880.38
quat0,0.48610,0.12776,-0.86177,0.06887,1880.4
quat1,-0.24150,0.79821,-0.27923,-0.47600,1880.4
quat2,0.44190,-0.69972,0.53491,-0.17022,1880.4
quat3,0.30151,-0.88364,0.02959,0.35693,1880.4
quat4,-0.74794,0.24097,-0.16308,-0.59659,1880.4
quat5,0.00000,-0.86603,0.00000,0.50000,1880.4
quat6,0.00000,-0.86603,0.00000,0.50000,1880.4
quat7,0.00000,-0.86603,0.00000,0.50000,1880.4
quat8,0.00000,-0.86603,0.00000,0.50000,1880.4
quat0,0.48568,0.13452,-0.86014,0.07867,1880.42
quat1,-0.24856,0.79967,-0.27967,-0.46962,1880.42
quat2,0.42769,-0.71027,0.53172,-0.17286,1880.42
quat3,0.30721,-0.87769,0.03180,0.36642,1880.42
quat4,-0.73899,0.24484,-0.15401,-0.60846,1880.42
quat5,0.00000,-0.86603,0.00000,0.50000,1880.42
quat6,0.00000,-0.86603,0.00000,0.50000,1880.42
quat7,0.00000,-0.86603,0.00000,0.50000,1880.42
quat8,0.00000,-0.86603,0.00000,0.50000,1880.42
quat0,0.48413,0.14096,-0.85919,0.08687,1880.44
quat1,-0.25526,0.80159,-0.27835,-0.46348,1880.44
quat2,0.41302,-0.72197,0.52702,-0.17444,1880.44
quat3,0.31189,-0.87248,0.03511,0.37454,1880.44
quat4,-0.72862,0.25192,-0.14681,-0.61976,1880.44
quat5,0.00000,-0.86603,0.00000,0.50000,1880.44
quat6,0.00000,-0.86603,0.00000,0.50000,1880.44
quat7,0.00000,-0.86603,0.00000,0.50000,1880.44
quat8,0.00000,-0.86603,0.00000,0.50000,1880.44
quat0,0.48456,0.14819,-0.85628,0.10012,1880.46
quat1,-0.26196,0.80565,-0.27471,-0.45480,1880.46
quat2,0.39588,-0.73483,0.52162,-0.17666,1880.46
quat3,0.31413,-0.86823,0.04033,0.38193,1880.46
quat4,-0.71565,0.26359,-0.14316,-0.63077,1880.46
quat5,0.00000,-0.86603,0.00000,0.50000,1880.46
quat6,0.00000,-0.86603,0.00000,0.50000,1880.46
quat7,0.00000,-0.86603,0.00000,0.50000,1880.46
quat8,0.00000,-0.86603,0.00000,0.50000,1880.46
quat0,0.48384,0.15651,-0.85430,0.10761,1880.48
quat1,-0.26884,0.80992,-0.27115,-0.44524,1880.48
quat2,0.37686,-0.74736,0.51662,-0.18039,1880.48
quat3,0.31592,-0.86340,0.04615,0.39065,1880.48
quat4,-0.70201,0.27325,-0.13630,-0.64338,1880.48
quat5,0.00000,-0.86603,0.00000,0.50000,1880.48
quat6,0.00000,-0.86603,0.00000,0.50000,1880.48
quat7,0.00000,-0.86603,0.00000,0.50000,1880.48
quat8,0.00000,-0.86603,0.00000,0.50000,1880.48
quat0,0.48475,0.16398,-0.85055,0.12123,1880.5
quat1,-0.27278,0.81448,-0.26718,-0.43684,1880.5
quat2,0.35946,-0.76018,0.50927,-0.18319,1880.5
quat3,0.31515,-0.85976,0.05160,0.39854,1880.5
quat4,-0.68703,0.28038,-0.12396,-0.65879,1880.5
quat5,0.00000,-0.86603,0.00000,0.50000,1880.5
quat6,0.00000,-0.86603,0.00000,0.50000,1880.5
quat7,0.00000,-0.86603,0.00000,0.50000,1880.5
quat8,0.00000,-0.86603,0.00000,0.50000,1880.5
quat0,0.48490,0.17074,-0.84791,0.12952,1880.52
quat1,-0.27526,0.81817,-0.26473,-0.42982,1880.52
quat2,0.34194,-0.77125,0.50363,-0.18603,1880.52
quat3,0.31427,-0.85612,0.05467,0.40658,1880.52
quat4,-0.67263,0.28666,-0.11052,-0.67318,1880.52
quat5,0.00000,-0.86603,0.00000,0.50000,1880.52
quat6,0.00000,-0.86603,0.00000,0.50000,1880.52
quat7,0.00000,-0.86603,0.00000,0.50000,1880.52
quat8,0.00000,-0.86603,0.00000,0.50000,1880.52
quat0,0.48399,0.17885,-0.84474,0.14205,1880.54
quat1,-0.27782,0.82179,-0.25974,-0.42427,1880.54
quat2,0.32387,-0.78119,0.49883,-0.18976,1880.54
quat3,0.31252,-0.85127,0.05634,0.41772,1880.54
quat4,-0.65764,0.29552,-0.10065,-0.68560,1880.54
quat5,0.00000,-0.86603,0.00000,0.50000,1880.54
quat6,0.00000,-0.86603,0.00000,0.50000,1880.54
quat7,0.00000,-0.86603,0.00000,0.50000,1880.54
quat8,0.00000,-0.86603,0.00000,0.50000,1880.54
quat0,0.48882,0.18442,-0.83912,0.15141,1880.56
quat1,-0.28169,0.82375,-0.25425,-0.42124,1880.56
quat2,0.30771,-0.78989,0.49401,-0.19325,1880.56
quat3,0.31187,-0.84559,0.05673,0.42953,1880.56
quat4,-0.64397,0.30673,-0.09480,-0.69443,1880.56
quat5,0.00000,-0.86603,0.00000,0.50000,1880.56
quat6,0.00000,-0.86603,0.00000,0.50000,1880.56
quat7,0.00000,-0.86603,0.00000,0.50000,1880.56
quat8,0.00000,-0.86603,0.00000,0.50000,1880.56
quat0,0.48583,0.18985,-0.83883,0.15584,1880.58
quat1,-0.28561,0.82640,-0.24700,-0.41771,1880.58
quat2,0.29095,-0.79880,0.48881,-0.19578,1880.58
quat3,0.30968,-0.84076,0.05607,0.44053,1880.58
quat4,-0.63083,0.31995,-0.08899,-0.70126,1880.58
quat5,0.00000,-0.86603,0.00000,0.50000,1880.58
quat6,0.00000,-0.86603,0.00000,0.50000,1880.58
quat7,0.00000,-0.86603,0.00000,0.50000,1880.58
quat8,0.00000,-0.86603,0.00000,0.50000,1880.58
quat0,0.49207,0.18917,-0.83416,0.16208,1880.6
quat1,-0.28987,0.83053,-0.23812,-0.41170,1880.6
quat2,0.27554,-0.80618,0.48491,-0.19751,1880.6
quat3,0.30753,-0.83624,0.05711,0.45040,1880.6
quat4,-0.61880,0.33261,-0.08076,-0.70707,1880.6
quat5,0.00000,-0.86603,0.00000,0.50000,1880.6
quat6,0.00000,-0.86603,0.00000,0.50000,1880.6
quat7,0.00000,-0.86603,0.00000,0.50000,1880.6
quat8,0.00000,-0.86603,0.00000,0.50000,1880.6
quat0,0.48580,0.19857,-0.83389,0.17090,1880.62
quat1,-0.29293,0.83604,-0.22913,-0.40340,1880.62
quat2,0.26353,-0.81242,0.48149,-0.19669,1880.62
quat3,0.30682,-0.83082,0.05643,0.46089,1880.62
quat4,-0.60618,0.34473,-0.06913,-0.71340,1880.62
quat5,0.00000,-0.86603,0.00000,0.50000,1880.62
quat6,0.00000,-0.86603,0.00000,0.50000,1880.62
quat7,0.00000,-0.86603,0.00000,0.50000,1880.62
quat8,0.00000,-0.86603,0.00000,0.50000,1880.62
quat0,0.48747,0.19926,-0.83078,0.18021,1880.64
quat1,-0.29490,0.84059,-0.22073,-0.39715,1880.64
quat2,0.25699,-0.81562,0.48118,-0.19285,1880.64
quat3,0.30725,-0.82386,0.05585,0.47301,1880.64
quat4,-0.59434,0.35376,-0.05587,-0.72006,1880.64
quat5,0.00000,-0.86603,0.00000,0.50000,1880.64
quat6,0.00000,-0.86603,0.00000,0.50000,1880.64
quat7,0.00000,-0.86603,0.00000,0.50000,1880.64
quat8,0.00000,-0.86603,0.00000,0.50000,1880.64
quat0,0.49004,0.20392,-0.82512,0.19350,1880.66
quat1,-0.29765,0.84317,-0.20889,-0.39603,1880.66
quat2,0.25618,-0.81996,0.47775,-0.18383,1880.66
quat3,0.30639,-0.81813,0.05955,0.48295,1880.66
quat4,-0.58133,0.36466,-0.04728,-0.72584,1880.66
quat5,0.00000,-0.86603,0.00000,0.50000,1880.66
quat6,0.00000,-0.86603,0.00000,0.50000,1880.66
quat7,0.00000,-0.86603,0.00000,0.50000,1880.66
quat8,0.00000,-0.86603,0.00000,0.50000,1880.66
quat0,0.48756,0.20882,-0.82421,0.19841,1880.68
quat1,-0.30132,0.84492,-0.19720,-0.39552,1880.68
quat2,0.25684,-0.82561,0.47133,-0.17392,1880.68
quat3,0.30215,-0.81459,0.06670,0.49062,1880.68
quat4,-0.56967,0.37727,-0.04333,-0.72888,1880.68
quat5,0.00000,-0.86603,0.00000,0.50000,1880.68
quat6,0.00000,-0.86603,0.00000,0.50000,1880.68
quat7,0.00000,-0.86603,0.00000,0.50000,1880.68
quat8,0.00000,-0.86603,0.00000,0.50000,1880.68
quat0,0.48773,0.21751,-0.81720,0.21681,1880.7
quat1,-0.30450,0.84814,-0.18904,-0.39014,1880.7
quat2,0.25135,-0.83101,0.46677,-0.16843,1880.7
quat3,0.29714,-0.81211,0.07400,0.49670,1880.7
quat4,-0.56057,0.38799,-0.03890,-0.73055,1880.7
quat5,0.00000,-0.86603,0.00000,0.50000,1880.7
quat6,0.00000,-0.86603,0.00000,0.50000,1880.7
quat7,0.00000,-0.86603,0.00000,0.50000,1880.7
quat8,0.00000,-0.86603,0.00000,0.50000,1880.7
quat0,0.48501,0.21030,-0.82499,0.19984,1880.72
quat1,-0.30845,0.85137,-0.18371,-0.38246,1880.72
quat2,0.24273,-0.83611,0.46351,-0.16482,1880.72
quat3,0.29257,-0.80898,0.08020,0.50352,1880.72
quat4,-0.55421,0.39781,-0.03661,-0.73025,1880.72
quat5,0.00000,-0.86603,0.00000,0.50000,1880.72
quat6,0.00000,-0.86603,0.00000,0.50000,1880.72
quat7,0.00000,-0.86603,0.00000,0.50000,1880.72
quat8,0.00000,-0.86603,0.00000,0.50000,1880.72
quat0,0.48251,0.21511,-0.82190,0.21306,1880.74
quat1,-0.31211,0.85417,-0.17807,-0.37585,1880.74
quat2,0.23686,-0.84161,0.45801,-0.16068,1880.74
quat3,0.28747,-0.80738,0.08578,0.50808,1880.74
quat4,-0.54980,0.40966,-0.03915,-0.72689,1880.74
quat5,0.00000,-0.86603,0.00000,0.50000,1880.74
quat6,0.00000,-0.86603,0.00000,0.50000,1880.74
quat7,0.00000,-0.86603,0.00000,0.50000,1880.74
quat8,0.00000,-0.86603,0.00000,0.50000,1880.74
quat0,0.48059,0.21569,-0.82352,0.21053,1880.76
quat1,-0.31692,0.85553,-0.17176,-0.37167,1880.76
quat2,0.23286,-0.84790,0.45070,-0.15397,1880.76
quat3,0.28394,-0.80613,0.09045,0.51123,1880.76
quat4,-0.54556,0.42050,-0.04040,-0.72382,1880.76
quat5,0.00000,-0.86603,0.00000,0.50000,1880.76
quat6,0.00000,-0.86603,0.00000,0.50000,1880.76
quat7,0.00000,-0.86603,0.00000,0.50000,1880.76
quat8,0.00000,-0.86603,0.00000,0.50000,1880.76
quat0,0.48158,0.21597,-0.82194,0.21412,1880.78
quat1,-0.32145,0.85626,-0.16606,-0.36867,1880.78
quat2,0.22915,-0.85396,0.44348,-0.14685,1880.78
quat3,0.28119,-0.80461,0.09343,0.51459,1880.78
quat4,-0.54176,0.42460,-0.03762,-0.72443,1880.78
quat5,0.00000,-0.86603,0.00000,0.50000,1880.78
quat6,0.00000,-0.86603,0.00000,0.50000,1880.78
quat7,0.00000,-0.86603,0.00000,0.50000,1880.78
quat8,0.00000,-0.86603,0.00000,0.50000,1880.78
quat0,0.47961,0.21633,-0.82313,0.21361,1880.8
quat1,-0.32379,0.85794,-0.16304,-0.36402,1880.8
quat2,0.22658,-0.85799,0.43904,-0.14057,1880.8
quat3,0.28026,-0.80286,0.09464,0.51760,1880.8
quat4,-0.53955,0.42044,-0.03136,-0.72879,1880.8
quat5,0.00000,-0.86603,0.00000,0.50000,1880.8
quat6,0.00000,-0.86603,0.00000,0.50000,1880.8
quat7,0.00000,-0.86603,0.00000,0.50000,1880.8
quat8,0.00000,-0.86603,0.00000,0.50000,1880.8
quat0,0.47908,0.21744,-0.82369,0.21153,1880.82
quat1,-0.32515,0.85921,-0.16152,-0.36048,1880.82
quat2,0.22697,-0.85985,0.43723,-0.13405,1880.82
quat3,0.28201,-0.80156,0.09360,0.51885,1880.82
quat4,-0.53913,0.41433,-0.02630,-0.73279,1880.82
quat5,0.00000,-0.86603,0.00000,0.50000,1880.82
quat6,0.00000,-0.86603,0.00000,0.50000,1880.82
quat7,0.00000,-0.86603,0.00000,0.50000,1880.82
quat8,0.00000,-0.86603,0.00000,0.50000,1880.82
quat0,0.47908,0.21954,-0.82321,0.21123,1880.84
quat1,-0.32740,0.85900,-0.15986,-0.35969,1880.84
quat2,0.22953,-0.86117,0.43560,-0.12633,1880.84
quat3,0.28427,-0.80066,0.09185,0.51933,1880.84
quat4,-0.54142,0.41179,-0.02562,-0.73255,1880.84
quat5,0.00000,-0.86603,0.00000,0.50000,1880.84
quat6,0.00000,-0.86603,0.00000,0.50000,1880.84
quat7,0.00000,-0.86603,0.00000,0.50000,1880.84
quat8,0.00000,-0.86603,0.00000,0.50000,1880.84
quat0,0.47881,0.22195,-0.82258,0.21175,1880.86
quat1,-0.33080,0.85790,-0.15792,-0.36006,1880.86
quat2,0.23284,-0.86170,0.43480,-0.11916,1880.86
quat3,0.28648,-0.79966,0.09130,0.51975,1880.86
quat4,-0.54483,0.41025,-0.02514,-0.73090,1880.86
quat5,0.00000,-0.86603,0.00000,0.50000,1880.86
quat6,0.00000,-0.86603,0.00000,0.50000,1880.86
quat7,0.00000,-0.86603,0.00000,0.50000,1880.86
quat8,0.00000,-0.86603,0.00000,0.50000,1880.86
quat0,0.47825,0.22374,-0.82193,0.21367,1880.88
quat1,-0.33314,0.85736,-0.15719,-0.35951,1880.88
quat2,0.23564,-0.86136,0.43511,-0.11491,1880.88
quat3,0.28870,-0.79866,0.09170,0.51998,1880.88
quat4,-0.54801,0.41019,-0.02483,-0.72857,1880.88
quat5,0.00000,-0.86603,0.00000,0.50000,1880.88
quat6,0.00000,-0.86603,0.00000,0.50000,1880.88
quat7,0.00000,-0.86603,0.00000,0.50000,1880.88
quat8,0.00000,-0.86603,0.00000,0.50000,1880.88
quat0,0.47864,0.22310,-0.82292,0.20959,1880.9
quat1,-0.33529,0.85689,-0.15721,-0.35862,1880.9
quat2,0.23870,-0.86074,0.43530,-0.11254,1880.9
quat3,0.29082,-0.79705,0.09314,0.52102,1880.9
quat4,-0.55118,0.41193,-0.02469,-0.72519,1880.9
quat5,0.00000,-0.86603,0.00000,0.50000,1880.9
quat6,0.00000,-0.86603,0.00000,0.50000,1880.9
quat7,0.00000,-0.86603,0.00000,0.50000,1880.9
quat8,0.00000,-0.86603,0.00000,0.50000,1880.9
quat0,0.48694,0.22034,-0.81891,0.20913,1880.92
quat1,-0.33714,0.85682,-0.15807,-0.35666,1880.92
quat2,0.24134,-0.85997,0.43583,-0.11069,1880.92
quat3,0.29299,-0.79537,0.09544,0.52196,1880.92
quat4,-0.55409,0.41111,-0.02137,-0.72354,1880.92
quat5,0.00000,-0.86603,0.00000,0.50000,1880.92
quat6,0.00000,-0.86603,0.00000,0.50000,1880.92
quat7,0.00000,-0.86603,0.00000,0.50000,1880.92
quat8,0.00000,-0.86603,0.00000,0.50000,1880.92
quat0,0.48599,0.21920,-0.82217,0.19952,1880.94
quat1,-0.33957,0.85627,-0.15856,-0.35546,1880.94
quat2,0.24447,-0.85803,0.43819,-0.10962,1880.94
quat3,0.29571,-0.79331,0.09773,0.52312,1880.94
quat4,-0.55826,0.40751,-0.01568,-0.72252,1880.94
quat5,0.00000,-0.86603,0.00000,0.50000,1880.94
quat6,0.00000,-0.86603,0.00000,0.50000,1880.94
quat7,0.00000,-0.86603,0.00000,0.50000,1880.94
quat8,0.00000,-0.86603,0.00000,0.50000,1880.94
quat0,0.49209,0.21722,-0.81968,0.19694,1880.96
quat1,-0.34316,0.85445,-0.15746,-0.35689,1880.96
quat2,0.24951,-0.85540,0.44091,-0.10787,1880.96
quat3,0.29837,-0.79166,0.10025,0.52364,1880.96
quat4,-0.56268,0.40275,-0.01053,-0.72185,1880.96
quat5,0.00000,-0.86603,0.00000,0.50000,1880.96
quat6,0.00000,-0.86603,0.00000,0.50000,1880.96
quat7,0.00000,-0.86603,0.00000,0.50000,1880.96
quat8,0.00000,-0.86603,0.00000,0.50000,1880.96
quat0,0.49582,0.21529,-0.82024,0.18713,1880.98
quat1,-0.34869,0.85160,-0.15740,-0.35837,1880.98
quat2,0.25647,-0.85324,0.44202,-0.10405,1880.98
quat3,0.30218,-0.79015,0.10263,0.52328,1880.98
quat4,-0.56782,0.39868,-0.00749,-0.72013,1880.98
quat5,0.00000,-0.86603,0.00000,0.50000,1880.98
quat6,0.00000,-0.86603,0.00000,0.50000,1880.98
quat7,0.00000,-0.86603,0.00000,0.50000,1880.98
quat8,0.00000,-0.86603,0.00000,0.50000,1880.98
quat0,0.50028,0.21268,-0.81945,0.18166,1881
quat1,-0.35412,0.84910,-0.15973,-0.35793,1881
quat2,0.26103,-0.85121,0.44375,-0.10195,1881
quat3,0.30710,-0.78813,0.10340,0.52331,1881
quat4,-0.57282,0.39660,-0.00666,-0.71731,1881
quat5,0.00000,-0.86603,0.00000,0.50000,1881
quat6,0.00000,-0.86603,0.00000,0.50000,1881
quat7,0.00000,-0.86603,0.00000,0.50000,1881
quat8,0.00000,-0.86603,0.00000,0.50000,1881
quat0,0.50436,0.20890,-0.82019,0.17107,1881.02
quat1,-0.36011,0.84613,-0.16320,-0.35742,1881.02
quat2,0.26428,-0.84746,0.44886,-0.10240,1881.02
quat3,0.31236,-0.78683,0.10469,0.52189,1881.02
quat4,-0.57882,0.39471,-0.00707,-0.71352,1881.02
quat5,0.00000,-0.86603,0.00000,0.50000,1881.02
quat6,0.00000,-0.86603,0.00000,0.50000,1881.02
quat7,0.00000,-0.86603,0.00000,0.50000,1881.02
quat8,0.00000,-0.86603,0.00000,0.50000,1881.02
quat0,0.50822,0.20586,-0.82005,0.16386,1881.04
quat1,-0.36638,0.84211,-0.16563,-0.35942,1881.04
quat2,0.26751,-0.84443,0.45212,-0.10471,1881.04
quat3,0.31509,-0.78725,0.10790,0.51896,1881.04
quat4,-0.58301,0.39448,-0.00955,-0.71021,1881.04
quat5,0.00000,-0.86603,0.00000,0.50000,1881.04
quat6,0.00000,-0.86603,0.00000,0.50000,1881.04
quat7,0.00000,-0.86603,0.00000,0.50000,1881.04
quat8,0.00000,-0.86603,0.00000,0.50000,1881.04
quat0,0.51186,0.19928,-0.82238,0.14825,1881.06
quat1,-0.37313,0.83789,-0.16979,-0.36039,1881.06
quat2,0.26971,-0.84146,0.45575,-0.10717,1881.06
quat3,0.31783,-0.78544,0.11244,0.51907,1881.06
quat4,-0.58541,0.39374,-0.00836,-0.70866,1881.06
quat5,0.00000,-0.86603,0.00000,0.50000,1881.06
quat6,0.00000,-0.86603,0.00000,0.50000,1881.06
quat7,0.00000,-0.86603,0.00000,0.50000,1881.06
quat8,0.00000,-0.86603,0.00000,0.50000,1881.06
quat0,0.51564,0.19352,-0.82287,0.13982,1881.08
quat1,-0.37833,0.83508,-0.17552,-0.35876,1881.08
quat2,0.26830,-0.83902,0.45954,-0.11347,1881.08
quat3,0.31895,-0.78523,0.11923,0.51717,1881.08
quat4,-0.58482,0.39394,-0.00501,-0.70906,1881.08
quat5,0.00000,-0.86603,0.00000,0.50000,1881.08
quat6,0.00000,-0.86603,0.00000,0.50000,1881.08
quat7,0.00000,-0.86603,0.00000,0.50000,1881.08
quat8,0.00000,-0.86603,0.00000,0.50000,1881.08
quat0,0.51522,0.18769,-0.82706,0.12365,1881.1
quat1,-0.38341,0.83296,-0.18446,-0.35376,1881.1
quat2,0.26480,-0.83627,0.46405,-0.12328,1881.1
quat3,0.32041,-0.78386,0.12851,0.51613,1881.1
quat4,-0.58332,0.39486,-0.00136,-0.70981,1881.1
quat5,0.00000,-0.86603,0.00000,0.50000,1881.1
quat6,0.00000,-0.86603,0.00000,0.50000,1881.1
quat7,0.00000,-0.86603,0.00000,0.50000,1881.1
quat8,0.00000,-0.86603,0.00000,0.50000,1881.1
quat0,0.51524,0.18075,-0.82996,0.11411,1881.12
quat1,-0.38824,0.82996,-0.19289,-0.35103,1881.12
quat2,0.26122,-0.83483,0.46522,-0.13565,1881.12
quat3,0.32189,-0.78328,0.13474,0.51449,1881.12
quat4,-0.58031,0.39693,-0.00218,-0.71111,1881.12
quat5,0.00000,-0.86603,0.00000,0.50000,1881.12
quat6,0.00000,-0.86603,0.00000,0.50000,1881.12
quat7,0.00000,-0.86603,0.00000,0.50000,1881.12
quat8,0.00000,-0.86603,0.00000,0.50000,1881.12
quat0,0.51046,0.17152,-0.83757,0.09209,1881.14
quat1,-0.39447,0.82741,-0.19878,-0.34680,1881.14
quat2,0.25971,-0.83179,0.46986,-0.14106,1881.14
quat3,0.32476,-0.78322,0.14235,0.51071,1881.14
quat4,-0.57987,0.40017,-0.00434,-0.70965,1881.14
quat5,0.00000,-0.86603,0.00000,0.50000,1881.14
quat6,0.00000,-0.86603,0.00000,0.50000,1881.14
quat7,0.00000,-0.86603,0.00000,0.50000,1881.14
quat8,0.00000,-0.86603,0.00000,0.50000,1881.14
quat0,0.51355,0.17133,-0.83566,0.09261,1881.16
quat1,-0.40292,0.82198,-0.20120,-0.34860,1881.16
quat2,0.26929,-0.82717,0.47455,-0.13445,1881.16
quat3,0.32514,-0.78520,0.15412,0.50398,1881.16
quat4,-0.58628,0.40160,-0.00972,-0.70349,1881.16
quat5,0.00000,-0.86603,0.00000,0.50000,1881.16
quat6,0.00000,-0.86603,0.00000,0.50000,1881.16
quat7,0.00000,-0.86603,0.00000,0.50000,1881.16
quat8,0.00000,-0.86603,0.00000,0.50000,1881.16
quat0,0.51577,0.16892,-0.83572,0.08383,1881.18
quat1,-0.41741,0.81095,-0.19587,-0.36022,1881.18
quat2,0.28809,-0.82161,0.47713,-0.11965,1881.18
quat3,0.32124,-0.78967,0.16925,0.49455,1881.18
quat4,-0.59854,0.40517,-0.01984,-0.69079,1881.18
quat5,0.00000,-0.86603,0.00000,0.50000,1881.18
quat6,0.00000,-0.86603,0.00000,0.50000,1881.18
quat7,0.00000,-0.86603,0.00000,0.50000,1881.18
quat8,0.00000,-0.86603,0.00000,0.50000,1881.18
quat0,0.51687,0.16932,-0.83516,0.08173,1881.2
quat1,-0.43451,0.79665,-0.19009,-0.37472,1881.2
quat2,0.30045,-0.81497,0.48273,-0.11195,1881.2
quat3,0.31861,-0.79156,0.18670,0.48690,1881.2
quat4,-0.60894,0.40946,-0.02704,-0.67883,1881.2
quat5,0.00000,-0.86603,0.00000,0.50000,1881.2
quat6,0.00000,-0.86603,0.00000,0.50000,1881.2
quat7,0.00000,-0.86603,0.00000,0.50000,1881.2
quat8,0.00000,-0.86603,0.00000,0.50000,1881.2
quat0,0.52053,0.15649,-0.83641,0.07057,1881.22
quat1,-0.44873,0.78541,-0.18955,-0.38190,1881.22
quat2,0.30567,-0.80708,0.49246,-0.11254,1881.22
quat3,0.31929,-0.79100,0.20497,0.47996,1881.22
quat4,-0.61588,0.41519,-0.03336,-0.66873,1881.22
quat5,0.00000,-0.86603,0.00000,0.50000,1881.22
quat6,0.00000,-0.86603,0.00000,0.50000,1881.22
quat7,0.00000,-0.86603,0.00000,0.50000,1881.22
quat8,0.00000,-0.86603,0.00000,0.50000,1881.22
quat0,0.51707,0.15025,-0.84027,0.06328,1881.24
quat1,-0.45323,0.78273,-0.19310,-0.38029,1881.24
quat2,0.30981,-0.80303,0.49705,-0.10998,1881.24
quat3,0.32281,-0.78857,0.21447,0.47745,1881.24
quat4,-0.61788,0.42197,-0.03818,-0.66236,1881.24
quat5,0.00000,-0.86603,0.00000,0.50000,1881.24
quat6,0.00000,-0.86603,0.00000,0.50000,1881.24
quat7,0.00000,-0.86603,0.00000,0.50000,1881.24
quat8,0.00000,-0.86603,0.00000,0.50000,1881.24
quat0,0.51813,0.15290,-0.83880,0.06766,1881.26
quat1,-0.45727,0.78190,-0.19819,-0.37451,1881.26
quat2,0.30921,-0.80033,0.50148,-0.11125,1881.26
quat3,0.32830,-0.78441,0.21835,0.47879,1881.26
quat4,-0.61894,0.42157,-0.03644,-0.66172,1881.26
quat5,0.00000,-0.86603,0.00000,0.50000,1881.26
quat6,0.00000,-0.86603,0.00000,0.50000,1881.26
quat7,0.00000,-0.86603,0.00000,0.50000,1881.26
quat8,0.00000,-0.86603,0.00000,0.50000,1881.26
quat0,0.52214,0.14677,-0.83773,0.06360,1881.28
quat1,-0.45937,0.78109,-0.20037,-0.37247,1881.28
quat2,0.30797,-0.79820,0.50493,-0.11439,1881.28
quat3,0.33123,-0.78357,0.21653,0.47898,1881.28
quat4,-0.61991,0.41763,-0.03310,-0.66348,1881.28
quat5,0.00000,-0.86603,0.00000,0.50000,1881.28
quat6,0.00000,-0.86603,0.00000,0.50000,1881.28
quat7,0.00000,-0.86603,0.00000,0.50000,1881.28
quat8,0.00000,-0.86603,0.00000,0.50000,1881.28
quat0,0.51874,0.14409,-0.84039,0.06239,1881.3
quat1,-0.45841,0.78005,-0.20255,-0.37465,1881.3
quat2,0.31503,-0.79621,0.50436,-0.11147,1881.3
quat3,0.33435,-0.78495,0.21584,0.47484,1881.3
quat4,-0.62219,0.41741,-0.03536,-0.66135,1881.3
quat5,0.00000,-0.86603,0.00000,0.50000,1881.3
quat6,0.00000,-0.86603,0.00000,0.50000,1881.3
quat7,0.00000,-0.86603,0.00000,0.50000,1881.3
quat8,0.00000,-0.86603,0.00000,0.50000,1881.3
quat0,0.52482,0.14077,-0.83682,0.06699,1881.32
quat1,-0.45453,0.77864,-0.20497,-0.38094,1881.32
quat2,0.32142,-0.79328,0.50459,-0.11306,1881.32
quat3,0.33254,-0.79036,0.22108,0.46462,1881.32
quat4,-0.62291,0.41758,-0.03821,-0.66042,1881.32
quat5,0.00000,-0.86603,0.00000,0.50000,1881.32
quat6,0.00000,-0.86603,0.00000,0.50000,1881.32
quat7,0.00000,-0.86603,0.00000,0.50000,1881.32
quat8,0.00000,-0.86603,0.00000,0.50000,1881.32
quat0,0.52299,0.13478,-0.83957,0.05869,1881.34
quat1,-0.45069,0.77668,-0.20603,-0.38884,1881.34
quat2,0.32567,-0.79026,0.50563,-0.11732,1881.34
quat3,0.32925,-0.79792,0.22545,0.45176,1881.34
quat4,-0.62434,0.41771,-0.04160,-0.65878,1881.34
quat5,0.00000,-0.86603,0.00000,0.50000,1881.34
quat6,0.00000,-0.86603,0.00000,0.50000,1881.34
quat7,0.00000,-0.86603,0.00000,0.50000,1881.34
quat8,0.00000,-0.86603,0.00000,0.50000,1881.34
quat0,0.52260,0.13190,-0.84032,0.05784,1881.36
quat1,-0.44420,0.77693,-0.20878,-0.39430,1881.36
quat2,0.32906,-0.78850,0.50563,-0.11969,1881.36
quat3,0.32564,-0.80454,0.22551,0.44252,1881.36
quat4,-0.62585,0.41885,-0.04640,-0.65630,1881.36
quat5,0.00000,-0.86603,0.00000,0.50000,1881.36
quat6,0.00000,-0.86603,0.00000,0.50000,1881.36
quat7,0.00000,-0.86603,0.00000,0.50000,1881.36
quat8,0.00000,-0.86603,0.00000,0.50000,1881.36
quat0,0.52405,0.12366,-0.84122,0.04937,1881.38
quat1,-0.43477,0.77929,-0.21527,-0.39667,1881.38
quat2,0.33427,-0.78379,0.50887,-0.12241,1881.38
quat3,0.32332,-0.81053,0.22154,0.43524,1881.38
quat4,-0.63010,0.41612,-0.05094,-0.65362,1881.38
quat5,0.00000,-0.86603,0.00000,0.50000,1881.38
quat6,0.00000,-0.86603,0.00000,0.50000,1881.38
quat7,0.00000,-0.86603,0.00000,0.50000,1881.38
quat8,0.00000,-0.86603,0.00000,0.50000,1881.38
quat0,0.52545,0.11834,-0.84147,0.04263,1881.4
quat1,-0.42426,0.78072,-0.21717,-0.40413,1881.4
quat2,0.34187,-0.77973,0.50985,-0.12332,1881.4
quat3,0.31967,-0.81737,0.21439,0.42867,1881.4
quat4,-0.63476,0.41489,-0.06057,-0.64907,1881.4
quat5,0.00000,-0.86603,0.00000,0.50000,1881.4
quat6,0.00000,-0.86603,0.00000,0.50000,1881.4
quat7,0.00000,-0.86603,0.00000,0.50000,1881.4
quat8,0.00000,-0.86603,0.00000,0.50000,1881.4
quat0,0.52448,0.11015,-0.84385,0.02675,1881.42
quat1,-0.41687,0.77825,-0.21620,-0.41690,1881.42
quat2,0.35067,-0.77541,0.51043,-0.12341,1881.42
quat3,0.31603,-0.82454,0.21058,0.41942,1881.42
quat4,-0.64022,0.41226,-0.06938,-0.64447,1881.42
quat5,0.00000,-0.86603,0.00000,0.50000,1881.42
quat6,0.00000,-0.86603,0.00000,0.50000,1881.42
quat7,0.00000,-0.86603,0.00000,0.50000,1881.42
quat8,0.00000,-0.86603,0.00000,0.50000,1881.42
quat0,0.52461,0.10270,-0.84497,0.01632,1881.44
quat1,-0.40626,0.77664,-0.21754,-0.42949,1881.44
quat2,0.35742,-0.77045,0.51234,-0.12714,1881.44
quat3,0.31145,-0.83188,0.20473,0.41118,1881.44
quat4,-0.64606,0.40917,-0.07834,-0.63957,1881.44
quat5,0.00000,-0.86603,0.00000,0.50000,1881.44
quat6,0.00000,-0.86603,0.00000,0.50000,1881.44
quat7,0.00000,-0.86603,0.00000,0.50000,1881.44
quat8,0.00000,-0.86603,0.00000,0.50000,1881.44
quat0,0.52067,0.09407,-0.84856,0.00118,1881.46
quat1,-0.39688,0.77675,-0.21960,-0.43695,1881.46
quat2,0.36630,-0.76524,0.51378,-0.12755,1881.46
quat3,0.30814,-0.83815,0.19579,0.40525,1881.46
quat4,-0.65542,0.40339,-0.08988,-0.63215,1881.46
quat5,0.00000,-0.86603,0.00000,0.50000,1881.46
quat6,0.00000,-0.86603,0.00000,0.50000,1881.46
quat7,0.00000,-0.86603,0.00000,0.50000,1881.46
quat8,0.00000,-0.86603,0.00000,0.50000,1881.46
quat0,0.51111,0.09268,-0.85450,-0.00405,1881.48
quat1,-0.38450,0.77843,-0.22070,-0.44440,1881.48
quat2,0.37623,-0.76008,0.51440,-0.12697,1881.48
quat3,0.30683,-0.84448,0.18033,0.40023,1881.48
quat4,-0.66850,0.38825,-0.09785,-0.62673,1881.48
quat5,0.00000,-0.86603,0.00000,0.50000,1881.48
quat6,0.00000,-0.86603,0.00000,0.50000,1881.48
quat7,0.00000,-0.86603,0.00000,0.50000,1881.48
quat8,0.00000,-0.86603,0.00000,0.50000,1881.48
quat0,0.50933,0.08261,-0.85640,-0.01824,1881.5
quat1,-0.37108,0.77744,-0.22199,-0.45674,1881.5
quat2,0.38868,-0.75394,0.51415,-0.12712,1881.5
quat3,0.30669,-0.85024,0.16463,0.39489,1881.5
quat4,-0.68354,0.37232,-0.10715,-0.61861,1881.5
quat5,0.00000,-0.86603,0.00000,0.50000,1881.5
quat6,0.00000,-0.86603,0.00000,0.50000,1881.5
quat7,0.00000,-0.86603,0.00000,0.50000,1881.5
quat8,0.00000,-0.86603,0.00000,0.50000,1881.5
quat0,0.50793,0.07762,-0.85748,-0.02674,1881.52
quat1,-0.35492,0.77505,-0.22504,-0.47190,1881.52
quat2,0.39946,-0.74698,0.51456,-0.13299,1881.52
quat3,0.30630,-0.85736,0.15191,0.38476,1881.52
quat4,-0.69677,0.35241,-0.11217,-0.61460,1881.52
quat5,0.00000,-0.86603,0.00000,0.50000,1881.52
quat6,0.00000,-0.86603,0.00000,0.50000,1881.52
quat7,0.00000,-0.86603,0.00000,0.50000,1881.52
quat8,0.00000,-0.86603,0.00000,0.50000,1881.52
quat0,0.50544,0.06886,-0.85911,-0.04152,1881.54
quat1,-0.33632,0.77302,-0.23195,-0.48531,1881.54
quat2,0.40906,-0.73858,0.51665,-0.14229,1881.54
quat3,0.30534,-0.86474,0.13738,0.37433,1881.54
quat4,-0.70827,0.32960,-0.11407,-0.61376,1881.54
quat5,0.00000,-0.86603,0.00000,0.50000,1881.54
quat6,0.00000,-0.86603,0.00000,0.50000,1881.54
quat7,0.00000,-0.86603,0.00000,0.50000,1881.54
quat8,0.00000,-0.86603,0.00000,0.50000,1881.54
quat0,0.50142,0.06246,-0.86123,-0.05453,1881.56
quat1,-0.31764,0.76962,-0.23921,-0.49956,1881.56
quat2,0.41894,-0.73163,0.51631,-0.15046,1881.56
quat3,0.30562,-0.87273,0.11573,0.36270,1881.56
quat4,-0.71662,0.30857,-0.12038,-0.61380,1881.56
quat5,0.00000,-0.86603,0.00000,0.50000,1881.56
quat6,0.00000,-0.86603,0.00000,0.50000,1881.56
quat7,0.00000,-0.86603,0.00000,0.50000,1881.56
quat8,0.00000,-0.86603,0.00000,0.50000,1881.56
quat0,0.49794,0.05570,-0.86266,-0.06906,1881.58
quat1,-0.29810,0.76423,-0.24578,-0.51641,1881.58
quat2,0.42881,-0.72484,0.51483,-0.16025,1881.58
quat3,0.30525,-0.87993,0.09040,0.35267,1881.58
quat4,-0.72364,0.28743,-0.12803,-0.61428,1881.58
quat5,0.00000,-0.86603,0.00000,0.50000,1881.58
quat6,0.00000,-0.86603,0.00000,0.50000,1881.58
quat7,0.00000,-0.86603,0.00000,0.50000,1881.58
quat8,0.00000,-0.86603,0.00000,0.50000,1881.58
quat0,0.49700,0.04758,-0.86218,-0.08590,1881.6
quat1,-0.27384,0.75774,-0.25616,-0.53407,1881.6
quat2,0.43894,-0.72004,0.51029,-0.16873,1881.6
quat3,0.30153,-0.88792,0.06234,0.34173,1881.6
quat4,-0.72815,0.27172,-0.13957,-0.61358,1881.6
quat5,0.00000,-0.86603,0.00000,0.50000,1881.6
quat6,0.00000,-0.86603,0.00000,0.50000,1881.6
quat7,0.00000,-0.86603,0.00000,0.50000,1881.6
quat8,0.00000,-0.86603,0.00000,0.50000,1881.6
quat0,0.49295,0.04957,-0.86485,-0.08112,1881.62
quat1,-0.24727,0.75090,-0.26880,-0.55023,1881.62
quat2,0.45116,-0.71366,0.50580,-0.17696,1881.62
quat3,0.29362,-0.89865,0.03402,0.32412,1881.62
quat4,-0.73227,0.25740,-0.15293,-0.61166,1881.62
quat5,0.00000,-0.86603,0.00000,0.50000,1881.62
quat6,0.00000,-0.86603,0.00000,0.50000,1881.62
quat7,0.00000,-0.86603,0.00000,0.50000,1881.62
quat8,0.00000,-0.86603,0.00000,0.50000,1881.62
quat0,0.49632,0.04174,-0.85991,-0.11167,1881.64
quat1,-0.21727,0.74242,-0.27822,-0.56939,1881.64
quat2,0.46423,-0.70848,0.49988,-0.18075,1881.64
quat3,0.27952,-0.91029,0.00418,0.30532,1881.64
quat4,-0.73477,0.24974,-0.16929,-0.60752,1881.64
quat5,0.00000,-0.86603,0.00000,0.50000,1881.64
quat6,0.00000,-0.86603,0.00000,0.50000,1881.64
quat7,0.00000,-0.86603,0.00000,0.50000,1881.64
quat8,0.00000,-0.86603,0.00000,0.50000,1881.64
quat0,0.50227,0.04915,-0.85710,-0.10336,1881.66
quat1,-0.18625,0.73110,-0.28259,-0.59241,1881.66
quat2,0.47859,-0.70438,0.49242,-0.17978,1881.66
quat3,0.25909,-0.92238,-0.02807,0.28514,1881.66
quat4,-0.73682,0.24756,-0.18747,-0.60056,1881.66
quat5,0.00000,-0.86603,0.00000,0.50000,1881.66
quat6,0.00000,-0.86603,0.00000,0.50000,1881.66
quat7,0.00000,-0.86603,0.00000,0.50000,1881.66
quat8,0.00000,-0.86603,0.00000,0.50000,1881.66
quat0,0.50451,0.05384,-0.85705,-0.08965,1881.68
quat1,-0.14988,0.72162,-0.28154,-0.61443,1881.68
quat2,0.49210,-0.70253,0.48403,-0.17322,1881.68
quat3,0.23141,-0.93348,-0.06483,0.26621,1881.68
quat4,-0.73821,0.25298,-0.20528,-0.59068,1881.68
quat5,0.00000,-0.86603,0.00000,0.50000,1881.68
quat6,0.00000,-0.86603,0.00000,0.50000,1881.68
quat7,0.00000,-0.86603,0.00000,0.50000,1881.68
quat8,0.00000,-0.86603,0.00000,0.50000,1881.68
quat0,0.51273,0.04286,-0.85205,-0.09632,1881.7
quat1,-0.11020,0.71074,-0.27888,-0.63634,1881.7
quat2,0.50741,-0.70094,0.47485,-0.16040,1881.7
quat3,0.19866,-0.94258,-0.10311,0.24789,1881.7
quat4,-0.74014,0.26501,-0.22628,-0.57512,1881.7
quat5,0.00000,-0.86603,0.00000,0.50000,1881.7
quat6,0.00000,-0.86603,0.00000,0.50000,1881.7
quat7,0.00000,-0.86603,0.00000,0.50000,1881.7
quat8,0.00000,-0.86603,0.00000,0.50000,1881.7
quat0,0.51331,0.04171,-0.85181,-0.09591,1881.72
quat1,-0.06608,0.69495,-0.27487,-0.66115,1881.72
quat2,0.52243,-0.69877,0.46700,-0.14386,1881.72
quat3,0.16031,-0.95006,-0.14236,0.22676,1881.72
quat4,-0.74284,0.27798,-0.24397,-0.55803,1881.72
quat5,0.00000,-0.86603,0.00000,0.50000,1881.72
quat6,0.00000,-0.86603,0.00000,0.50000,1881.72
quat7,0.00000,-0.86603,0.00000,0.50000,1881.72
quat8,0.00000,-0.86603,0.00000,0.50000,1881.72
quat0,0.51349,0.04475,-0.85217,-0.09023,1881.74
quat1,-0.01971,0.67079,-0.27242,-0.68952,1881.74
quat2,0.53804,-0.69543,0.46028,-0.12262,1881.74
quat3,0.12131,-0.95486,-0.18408,0.19912,1881.74
quat4,-0.74759,0.29203,-0.26098,-0.53639,1881.74
quat5,0.00000,-0.86603,0.00000,0.50000,1881.74
quat6,0.00000,-0.86603,0.00000,0.50000,1881.74
quat7,0.00000,-0.86603,0.00000,0.50000,1881.74
quat8,0.00000,-0.86603,0.00000,0.50000,1881.74
quat0,0.51289,0.04191,-0.85323,-0.08474,1881.76
quat1,0.03129,0.64059,-0.26896,-0.71855,1881.76
quat2,0.55063,-0.69333,0.45385,-0.10061,1881.76
quat3,0.08224,-0.95566,-0.22921,0.16560,1881.76
quat4,-0.75301,0.30554,-0.27390,-0.51440,1881.76
quat5,0.00000,-0.86603,0.00000,0.50000,1881.76
quat6,0.00000,-0.86603,0.00000,0.50000,1881.76
quat7,0.00000,-0.86603,0.00000,0.50000,1881.76
quat8,0.00000,-0.86603,0.00000,0.50000,1881.76
quat0,0.51007,0.04126,-0.85503,-0.08396,1881.78
quat1,0.08483,0.61231,-0.26372,-0.74049,1881.78
quat2,0.55554,-0.69627,0.44796,-0.07689,1881.78
quat3,0.04339,-0.95306,-0.26840,0.13328,1881.78
quat4,-0.75804,0.32079,-0.27771,-0.49532,1881.78
quat5,0.00000,-0.86603,0.00000,0.50000,1881.78
quat6,0.00000,-0.86603,0.00000,0.50000,1881.78
quat7,0.00000,-0.86603,0.00000,0.50000,1881.78
quat8,0.00000,-0.86603,0.00000,0.50000,1881.78
quat0,0.50538,0.03481,-0.85729,-0.09182,1881.8
quat1,0.13466,0.59109,-0.25242,-0.75416,1881.8
quat2,0.55512,-0.70500,0.43861,-0.04942,1881.8
quat3,0.01109,-0.94977,-0.29448,0.10535,1881.8
quat4,-0.76023,0.33762,-0.27403,-0.48268,1881.8
quat5,0.00000,-0.86603,0.00000,0.50000,1881.8
quat6,0.00000,-0.86603,0.00000,0.50000,1881.8
quat7,0.00000,-0.86603,0.00000,0.50000,1881.8
quat8,0.00000,-0.86603,0.00000,0.50000,1881.8
quat0,0.49954,0.03516,-0.86118,-0.08713,1881.82
quat1,0.16998,0.57955,-0.23337,-0.76208,1881.82
quat2,0.55060,-0.71663,0.42751,-0.02259,1881.82
quat3,-0.00616,-0.94814,-0.30677,0.08298,1881.82
quat4,-0.76059,0.35268,-0.26300,-0.47744,1881.82
quat5,0.00000,-0.86603,0.00000,0.50000,1881.82
quat6,0.00000,-0.86603,0.00000,0.50000,1881.82
quat7,0.00000,-0.86603,0.00000,0.50000,1881.82
quat8,0.00000,-0.86603,0.00000,0.50000,1881.82
quat0,0.50606,0.02494,-0.85691,-0.09478,1881.84
quat1,0.18417,0.57516,-0.21692,-0.76695,1881.84
quat2,0.54175,-0.72630,0.42304,-0.00641,1881.84
quat3,-0.01151,-0.94933,-0.30571,0.07193,1881.84
quat4,-0.75878,0.36338,-0.25697,-0.47558,1881.84
quat5,0.00000,-0.86603,0.00000,0.50000,1881.84
quat6,0.00000,-0.86603,0.00000,0.50000,1881.84
quat7,0.00000,-0.86603,0.00000,0.50000,1881.84
quat8,0.00000,-0.86603,0.00000,0.50000,1881.84
quat0,0.50060,0.03598,-0.86016,-0.09073,1881.86
quat1,0.18026,0.58324,-0.20544,-0.76494,1881.86
quat2,0.53902,-0.72800,0.42364,0.00180,1881.86
quat3,-0.00892,-0.95126,-0.29892,0.07535,1881.86
quat4,-0.75694,0.36668,-0.26127,-0.47363,1881.86
quat5,0.00000,-0.86603,0.00000,0.50000,1881.86
quat6,0.00000,-0.86603,0.00000,0.50000,1881.86
quat7,0.00000,-0.86603,0.00000,0.50000,1881.86
quat8,0.00000,-0.86603,0.00000,0.50000,1881.86
quat0,0.48853,0.03442,-0.86638,-0.09769,1881.88
quat1,0.16443,0.59803,-0.19844,-0.75891,1881.88
quat2,0.53878,-0.72517,0.42876,-0.00234,1881.88
quat3,-0.00401,-0.95308,-0.28909,0.08972,1881.88
quat4,-0.75785,0.36116,-0.26732,-0.47304,1881.88
quat5,0.00000,-0.86603,0.00000,0.50000,1881.88
quat6,0.00000,-0.86603,0.00000,0.50000,1881.88
quat7,0.00000,-0.86603,0.00000,0.50000,1881.88
quat8,0.00000,-0.86603,0.00000,0.50000,1881.88
quat0,0.47949,0.03806,-0.87010,-0.10752,1881.9
quat1,0.14420,0.61570,-0.19705,-0.74919,1881.9
quat2,0.53959,-0.72212,0.43268,-0.01320,1881.9
quat3,0.00443,-0.95498,-0.27542,0.11016,1881.9
quat4,-0.75928,0.35111,-0.27161,-0.47586,1881.9
quat5,0.00000,-0.86603,0.00000,0.50000,1881.9
quat6,0.00000,-0.86603,0.00000,0.50000,1881.9
quat7,0.00000,-0.86603,0.00000,0.50000,1881.9
quat8,0.00000,-0.86603,0.00000,0.50000,1881.9
quat0,0.48380,0.03699,-0.86857,-0.10080,1881.92
quat1,0.12219,0.63792,-0.19958,-0.73369,1881.92
quat2,0.54074,-0.71665,0.43944,-0.03004,1881.92
quat3,0.01934,-0.95710,-0.25711,0.13220,1881.92
quat4,-0.76296,0.33669,-0.27371,-0.47918,1881.92
quat5,0.00000,-0.86603,0.00000,0.50000,1881.92
quat6,0.00000,-0.86603,0.00000,0.50000,1881.92
quat7,0.00000,-0.86603,0.00000,0.50000,1881.92
quat8,0.00000,-0.86603,0.00000,0.50000,1881.92
quat0,0.48729,0.04168,-0.86724,-0.09334,1881.94
quat1,0.09893,0.66194,-0.20211,-0.71498,1881.94
quat2,0.54278,-0.70978,0.44665,-0.04594,1881.94
quat3,0.03812,-0.95907,-0.23501,0.15331,1881.94
quat4,-0.76743,0.32147,-0.27400,-0.48232,1881.94
quat5,0.00000,-0.86603,0.00000,0.50000,1881.94
quat6,0.00000,-0.86603,0.00000,0.50000,1881.94
quat7,0.00000,-0.86603,0.00000,0.50000,1881.94
quat8,0.00000,-0.86603,0.00000,0.50000,1881.94
quat0,0.48291,0.03866,-0.86942,-0.09700,1881.96
quat1,0.07104,0.68329,-0.20550,-0.69702,1881.96
quat2,0.54643,-0.70003,0.45577,-0.06036,1881.96
quat3,0.06105,-0.96073,-0.20975,0.17108,1881.96
quat4,-0.77343,0.30477,-0.27243,-0.48446,1881.96
quat5,0.00000,-0.86603,0.00000,0.50000,1881.96
quat6,0.00000,-0.86603,0.00000,0.50000,1881.96
quat7,0.00000,-0.86603,0.00000,0.50000,1881.96
quat8,0.00000,-0.86603,0.00000,0.50000,1881.96
quat0,0.48019,0.04048,-0.87135,-0.09240,1881.98
quat1,0.04084,0.70155,-0.20761,-0.68048,1881.98
quat2,0.54841,-0.69019,0.46636,-0.07335,1881.98
quat3,0.08381,-0.96176,-0.18457,0.18421,1881.98
quat4,-0.77841,0.29039,-0.26902,-0.48722,1881.98
quat5,0.00000,-0.86603,0.00000,0.50000,1881.98
quat6,0.00000,-0.86603,0.00000,0.50000,1881.98
quat7,0.00000,-0.86603,0.00000,0.50000,1881.98
quat8,0.00000,-0.86603,0.00000,0.50000,1881.98
quat0,0.47914,0.04425,-0.87286,-0.08112,1882
quat1,0.00907,0.71634,-0.20926,-0.66557,1882
quat2,0.55094,-0.67893,0.47785,-0.08477,1882
quat3,0.10584,-0.96244,-0.15868,0.19319,1882
quat4,-0.78325,0.27697,-0.26463,-0.48968,1882
quat5,0.00000,-0.86603,0.00000,0.50000,1882
quat6,0.00000,-0.86603,0.00000,0.50000,1882
quat7,0.00000,-0.86603,0.00000,0.50000,1882
quat8,0.00000,-0.86603,0.00000,0.50000,1882
quat0,0.48023,0.04620,-0.87291,-0.07266,1882.02
quat1,-0.02035,0.72915,-0.21173,-0.65046,1882.02
quat2,0.55191,-0.66951,0.48800,-0.09486,1882.02
quat3,0.12589,-0.96219,-0.13428,0.20078,1882.02
quat4,-0.78636,0.26695,-0.25880,-0.49336,1882.02
quat5,0.00000,-0.86603,0.00000,0.50000,1882.02
quat6,0.00000,-0.86603,0.00000,0.50000,1882.02
quat7,0.00000,-0.86603,0.00000,0.50000,1882.02
quat8,0.00000,-0.86603,0.00000,0.50000,1882.02
quat0,0.47908,0.04751,-0.87359,-0.07114,1882.04
quat1,-0.04960,0.74014,-0.21506,-0.63520,1882.04
quat2,0.55178,-0.66049,0.49844,-0.10416,1882.04
quat3,0.14479,-0.96063,-0.11051,0.20979,1882.04
quat4,-0.78979,0.25755,-0.25373,-0.49550,1882.04
quat5,0.00000,-0.86603,0.00000,0.50000,1882.04
quat6,0.00000,-0.86603,0.00000,0.50000,1882.04
quat7,0.00000,-0.86603,0.00000,0.50000,1882.04
quat8,0.00000,-0.86603,0.00000,0.50000,1882.04
quat0,0.47279,0.05135,-0.87763,-0.05998,1882.06
quat1,-0.07580,0.74956,-0.22044,-0.61954,1882.06
quat2,0.54893,-0.65282,0.50937,-0.11419,1882.06
quat3,0.16127,-0.95782,-0.08793,0.22102,1882.06
quat4,-0.79282,0.24909,-0.24755,-0.49811,1882.06
quat5,0.00000,-0.86603,0.00000,0.50000,1882.06
quat6,0.00000,-0.86603,0.00000,0.50000,1882.06
quat7,0.00000,-0.86603,0.00000,0.50000,1882.06
quat8,0.00000,-0.86603,0.00000,0.50000,1882.06
quat0,0.47272,0.05061,-0.87817,-0.05281,1882.08
quat1,-0.10104,0.75626,-0.22796,-0.60490,1882.08
quat2,0.54667,-0.64651,0.51788,-0.12235,1882.08
quat3,0.17978,-0.95339,-0.06790,0.23262,1882.08
quat4,-0.79579,0.24102,-0.24243,-0.49986,1882.08
quat5,0.00000,-0.86603,0.00000,0.50000,1882.08
quat6,0.00000,-0.86603,0.00000,0.50000,1882.08
quat7,0.00000,-0.86603,0.00000,0.50000,1882.08
quat8,0.00000,-0.86603,0.00000,0.50000,1882.08
quat0,0.47390,0.05654,-0.87781,-0.04099,1882.1
quat1,-0.12212,0.75968,-0.23709,-0.59309,1882.1
quat2,0.54310,-0.64364,0.52336,-0.12985,1882.1
quat3,0.19666,-0.94839,-0.05047,0.24360,1882.1
quat4,-0.79697,0.23505,-0.23715,-0.50333,1882.1
quat5,0.00000,-0.86603,0.00000,0.50000,1882.1
quat6,0.00000,-0.86603,0.00000,0.50000,1882.1
quat7,0.00000,-0.86603,0.00000,0.50000,1882.1
quat8,0.00000,-0.86603,0.00000,0.50000,1882.1
quat0,0.47208,0.05991,-0.87896,-0.03130,1882.12
quat1,-0.14165,0.75966,-0.24756,-0.58444,1882.12
quat2,0.53625,-0.64204,0.53024,-0.13808,1882.12
quat3,0.21270,-0.94321,-0.03425,0.25288,1882.12
quat4,-0.79771,0.22932,-0.23148,-0.50743,1882.12
quat5,0.00000,-0.86603,0.00000,0.50000,1882.12
quat6,0.00000,-0.86603,0.00000,0.50000,1882.12
quat7,0.00000,-0.86603,0.00000,0.50000,1882.12
quat8,0.00000,-0.86603,0.00000,0.50000,1882.12
quat0,0.47428,0.06458,-0.87776,-0.02049,1882.14
quat1,-0.15890,0.75989,-0.25737,-0.57539,1882.14
quat2,0.52672,-0.64317,0.53645,-0.14534,1882.14
quat3,0.22681,-0.93853,-0.02062,0.25941,1882.14
quat4,-0.79623,0.22577,-0.22749,-0.51312,1882.14
quat5,0.00000,-0.86603,0.00000,0.50000,1882.14
quat6,0.00000,-0.86603,0.00000,0.50000,1882.14
quat7,0.00000,-0.86603,0.00000,0.50000,1882.14
quat8,0.00000,-0.86603,0.00000,0.50000,1882.14
quat0,0.47357,0.07101,-0.87780,-0.01229,1882.16
quat1,-0.17628,0.76151,-0.26587,-0.56422,1882.16
quat2,0.51698,-0.64441,0.54295,-0.15059,1882.16
quat3,0.24043,-0.93348,-0.00852,0.26597,1882.16
quat4,-0.79445,0.22120,-0.22202,-0.52022,1882.16
quat5,0.00000,-0.86603,0.00000,0.50000,1882.16
quat6,0.00000,-0.86603,0.00000,0.50000,1882.16
quat7,0.00000,-0.86603,0.00000,0.50000,1882.16
quat8,0.00000,-0.86603,0.00000,0.50000,1882.16
quat0,0.47447,0.07988,-0.87664,-0.00138,1882.18
quat1,-0.19075,0.76501,-0.27318,-0.55113,1882.18
quat2,0.50716,-0.64783,0.54731,-0.15349,1882.18
quat3,0.25250,-0.92747,0.00127,0.27575,1882.18
quat4,-0.79039,0.21724,-0.21441,-0.53114,1882.18
quat5,0.00000,-0.86603,0.00000,0.50000,1882.18
quat6,0.00000,-0.86603,0.00000,0.50000,1882.18
quat7,0.00000,-0.86603,0.00000,0.50000,1882.18
quat8,0.00000,-0.86603,0.00000,0.50000,1882.18
quat0,0.47254,0.08928,-0.87676,0.00526,1882.2
quat1,-0.20586,0.76824,-0.27957,-0.53783,1882.2
quat2,0.49925,-0.65165,0.54984,-0.15419,1882.2
quat3,0.26472,-0.92018,0.01045,0.28825,1882.2
quat4,-0.78536,0.21484,-0.20591,-0.54282,1882.2
quat5,0.00000,-0.86603,0.00000,0.50000,1882.2
quat6,0.00000,-0.86603,0.00000,0.50000,1882.2
quat7,0.00000,-0.86603,0.00000,0.50000,1882.2
quat8,0.00000,-0.86603,0.00000,0.50000,1882.2
quat0,0.47346,0.09815,-0.87518,0.01639,1882.22
quat1,-0.21953,0.77047,-0.28538,-0.52606,1882.22
quat2,0.48900,-0.65702,0.55231,-0.15542,1882.22
quat3,0.27495,-0.91239,0.01687,0.30275,1882.22
quat4,-0.77693,0.21644,-0.20087,-0.55604,1882.22
quat5,0.00000,-0.86603,0.00000,0.50000,1882.22
quat6,0.00000,-0.86603,0.00000,0.50000,1882.22
quat7,0.00000,-0.86603,0.00000,0.50000,1882.22
quat8,0.00000,-0.86603,0.00000,0.50000,1882.22
quat0,0.47426,0.10226,-0.87417,0.02124,1882.24
quat1,-0.23209,0.77181,-0.29225,-0.51481,1882.24
quat2,0.47568,-0.66158,0.55754,-0.15870,1882.24
quat3,0.28660,-0.90370,0.02283,0.31729,1882.24
quat4,-0.76815,0.21779,-0.19314,-0.57027,1882.24
quat5,0.00000,-0.86603,0.00000,0.50000,1882.24
quat6,0.00000,-0.86603,0.00000,0.50000,1882.24
quat7,0.00000,-0.86603,0.00000,0.50000,1882.24
quat8,0.00000,-0.86603,0.00000,0.50000,1882.24
quat0,0.47492,0.11132,-0.87212,0.03823,1882.26
quat1,-0.24244,0.77513,-0.29636,-0.50257,1882.26
quat2,0.46330,-0.66800,0.55975,-0.16064,1882.26
quat3,0.29654,-0.89515,0.02767,0.33167,1882.26
quat4,-0.75839,0.21909,-0.18130,-0.58649,1882.26
quat5,0.00000,-0.86603,0.00000,0.50000,1882.26
quat6,0.00000,-0.86603,0.00000,0.50000,1882.26
quat7,0.00000,-0.86603,0.00000,0.50000,1882.26
quat8,0.00000,-0.86603,0.00000,0.50000,1882.26
quat0,0.47500,0.11474,-0.87146,0.04211,1882.28
quat1,-0.25279,0.77743,-0.30011,-0.49157,1882.28
quat2,0.45254,-0.67370,0.56111,-0.16274,1882.28
quat3,0.30742,-0.88632,0.03217,0.34481,1882.28
quat4,-0.74928,0.22071,-0.16910,-0.60106,1882.28
quat5,0.00000,-0.86603,0.00000,0.50000,1882.28
quat6,0.00000,-0.86603,0.00000,0.50000,1882.28
quat7,0.00000,-0.86603,0.00000,0.50000,1882.28
quat8,0.00000,-0.86603,0.00000,0.50000,1882.28
quat0,0.47389,0.12587,-0.86967,0.05702,1882.3
quat1,-0.26142,0.78112,-0.30204,-0.47987,1882.3
quat2,0.43865,-0.68063,0.56288,-0.16583,1882.3
quat3,0.31591,-0.87874,0.03747,0.35582,1882.3
quat4,-0.73926,0.22692,-0.16131,-0.61318,1882.3
quat5,0.00000,-0.86603,0.00000,0.50000,1882.3
quat6,0.00000,-0.86603,0.00000,0.50000,1882.3
quat7,0.00000,-0.86603,0.00000,0.50000,1882.3
quat8,0.00000,-0.86603,0.00000,0.50000,1882.3
quat0,0.47455,0.13048,-0.86826,0.06253,1882.32
quat1,-0.26958,0.78394,-0.30369,-0.46962,1882.32
quat2,0.42378,-0.68747,0.56498,-0.16908,1882.32
quat3,0.32282,-0.87333,0.04460,0.36207,1882.32
quat4,-0.72889,0.23667,-0.15998,-0.62218,1882.32
quat5,0.00000,-0.86603,0.00000,0.50000,1882.32
quat6,0.00000,-0.86603,0.00000,0.50000,1882.32
quat7,0.00000,-0.86603,0.00000,0.50000,1882.32
quat8,0.00000,-0.86603,0.00000,0.50000,1882.32
quat0,0.47926,0.13742,-0.86358,0.07526,1882.34
quat1,-0.27568,0.78855,-0.30273,-0.45885,1882.34
quat2,0.40875,-0.69703,0.56370,-0.17118,1882.34
quat3,0.32584,-0.86927,0.05127,0.36820,1882.34
quat4,-0.71757,0.24692,-0.15656,-0.63214,1882.34
quat5,0.00000,-0.86603,0.00000,0.50000,1882.34
quat6,0.00000,-0.86603,0.00000,0.50000,1882.34
quat7,0.00000,-0.86603,0.00000,0.50000,1882.34
quat8,0.00000,-0.86603,0.00000,0.50000,1882.34
quat0,0.48269,0.14397,-0.85949,0.08694,1882.36
quat1,-0.28231,0.79239,-0.29932,-0.45036,1882.36
quat2,0.39470,-0.70747,0.56051,-0.17185,1882.36
quat3,0.32860,-0.86511,0.05715,0.37463,1882.36
quat4,-0.70692,0.25382,-0.14573,-0.64390,1882.36
quat5,0.00000,-0.86603,0.00000,0.50000,1882.36
quat6,0.00000,-0.86603,0.00000,0.50000,1882.36
quat7,0.00000,-0.86603,0.00000,0.50000,1882.36
quat8,0.00000,-0.86603,0.00000,0.50000,1882.36
quat0,0.48617,0.15147,-0.85517,0.09682,1882.38
quat1,-0.28648,0.79648,-0.29473,-0.44350,1882.38
quat2,0.37912,-0.71886,0.55631,-0.17331,1882.38
quat3,0.33037,-0.85994,0.06079,0.38426,1882.38
quat4,-0.69527,0.26101,-0.13250,-0.65645,1882.38
quat5,0.00000,-0.86603,0.00000,0.50000,1882.38
quat6,0.00000,-0.86603,0.00000,0.50000,1882.38
quat7,0.00000,-0.86603,0.00000,0.50000,1882.38
quat8,0.00000,-0.86603,0.00000,0.50000,1882.38
quat0,0.49001,0.15883,-0.85061,0.10549,1882.4
quat1,-0.29136,0.79997,-0.28881,-0.43790,1882.4
quat2,0.36255,-0.73026,0.55184,-0.17537,1882.4
quat3,0.33236,-0.85339,0.06457,0.39636,1882.4
quat4,-0.68368,0.27102,-0.12433,-0.66609,1882.4
quat5,0.00000,-0.86603,0.00000,0.50000,1882.4
quat6,0.00000,-0.86603,0.00000,0.50000,1882.4
quat7,0.00000,-0.86603,0.00000,0.50000,1882.4
quat8,0.00000,-0.86603,0.00000,0.50000,1882.4
quat0,0.49618,0.16710,-0.84258,0.12631,1882.42
quat1,-0.29553,0.80424,-0.28144,-0.43203,1882.42
quat2,0.34682,-0.74170,0.54585,-0.17792,1882.42
quat3,0.33186,-0.84787,0.06745,0.40798,1882.42
quat4,-0.67208,0.28395,-0.12036,-0.67320,1882.42
quat5,0.00000,-0.86603,0.00000,0.50000,1882.42
quat6,0.00000,-0.86603,0.00000,0.50000,1882.42
quat7,0.00000,-0.86603,0.00000,0.50000,1882.42
quat8,0.00000,-0.86603,0.00000,0.50000,1882.42
quat0,0.49910,0.17360,-0.83821,0.13477,1882.44
quat1,-0.29881,0.80709,-0.27500,-0.42860,1882.44
quat2,0.33137,-0.75256,0.54014,-0.17917,1882.44
quat3,0.33027,-0.84381,0.07146,0.41689,1882.44
quat4,-0.66185,0.29605,-0.11544,-0.67895,1882.44
quat5,0.00000,-0.86603,0.00000,0.50000,1882.44
quat6,0.00000,-0.86603,0.00000,0.50000,1882.44
quat7,0.00000,-0.86603,0.00000,0.50000,1882.44
quat8,0.00000,-0.86603,0.00000,0.50000,1882.44
quat0,0.49940,0.18565,-0.83180,0.15574,1882.46
quat1,-0.30130,0.81079,-0.26661,-0.42516,1882.46
quat2,0.31836,-0.76302,0.53309,-0.17961,1882.46
quat3,0.32763,-0.84031,0.07357,0.42558,1882.46
quat4,-0.65218,0.30457,-0.10576,-0.68609,1882.46
quat5,0.00000,-0.86603,0.00000,0.50000,1882.46
quat6,0.00000,-0.86603,0.00000,0.50000,1882.46
quat7,0.00000,-0.86603,0.00000,0.50000,1882.46
quat8,0.00000,-0.86603,0.00000,0.50000,1882.46
quat0,0.50166,0.18468,-0.83150,0.15111,1882.48
quat1,-0.30341,0.81456,-0.25789,-0.42181,1882.48
quat2,0.30656,-0.77235,0.52656,-0.17954,1882.48
quat3,0.32462,-0.83622,0.07488,0.43559,1882.48
quat4,-0.64372,0.31131,-0.09394,-0.69274,1882.48
quat5,0.00000,-0.86603,0.00000,0.50000,1882.48
quat6,0.00000,-0.86603,0.00000,0.50000,1882.48
quat7,0.00000,-0.86603,0.00000,0.50000,1882.48
quat8,0.00000,-0.86603,0.00000,0.50000,1882.48
quat0,0.49889,0.19530,-0.82814,0.16478,1882.5
quat1,-0.30454,0.81995,-0.24899,-0.41586,1882.5
quat2,0.29438,-0.78122,0.52017,-0.18017,1882.5
quat3,0.32074,-0.83142,0.07540,0.44742,1882.5
quat4,-0.63417,0.32025,-0.08532,-0.69856,1882.5
quat5,0.00000,-0.86603,0.00000,0.50000,1882.5
quat6,0.00000,-0.86603,0.00000,0.50000,1882.5
quat7,0.00000,-0.86603,0.00000,0.50000,1882.5
quat8,0.00000,-0.86603,0.00000,0.50000,1882.5
quat0,0.50194,0.20078,-0.82216,0.17828,1882.52
quat1,-0.30565,0.82562,-0.24067,-0.40866,1882.52
quat2,0.28441,-0.78900,0.51418,-0.17946,1882.52
quat3,0.31729,-0.82718,0.07709,0.45733,1882.52
quat4,-0.62485,0.33011,-0.07910,-0.70309,1882.52
quat5,0.00000,-0.86603,0.00000,0.50000,1882.52
quat6,0.00000,-0.86603,0.00000,0.50000,1882.52
quat7,0.00000,-0.86603,0.00000,0.50000,1882.52
quat8,0.00000,-0.86603,0.00000,0.50000,1882.52
quat0,0.49997,0.20894,-0.81796,0.19316,1882.54
quat1,-0.30655,0.83023,-0.23253,-0.40332,1882.54
quat2,0.27731,-0.79591,0.50861,-0.17592,1882.54
quat3,0.31378,-0.82435,0.07885,0.46451,1882.54
quat4,-0.61664,0.33761,-0.07202,-0.70752,1882.54
quat5,0.00000,-0.86603,0.00000,0.50000,1882.54
quat6,0.00000,-0.86603,0.00000,0.50000,1882.54
quat7,0.00000,-0.86603,0.00000,0.50000,1882.54
quat8,0.00000,-0.86603,0.00000,0.50000,1882.54
quat0,0.50013,0.20517,-0.82085,0.18433,1882.56
quat1,-0.30820,0.83318,-0.22387,-0.40089,1882.56
quat2,0.27412,-0.80017,0.50481,-0.17250,1882.56
quat3,0.30946,-0.82241,0.08144,0.47036,1882.56
quat4,-0.61238,0.34340,-0.06481,-0.70913,1882.56
quat5,0.00000,-0.86603,0.00000,0.50000,1882.56
quat6,0.00000,-0.86603,0.00000,0.50000,1882.56
quat7,0.00000,-0.86603,0.00000,0.50000,1882.56
quat8,0.00000,-0.86603,0.00000,0.50000,1882.56
quat0,0.50038,0.20770,-0.81824,0.19226,1882.58
quat1,-0.31044,0.83393,-0.21573,-0.40206,1882.58
quat2,0.27179,-0.80544,0.49865,-0.16955,1882.58
quat3,0.30405,-0.82154,0.08406,0.47494,1882.58
quat4,-0.60855,0.35416,-0.06365,-0.70723,1882.58
quat5,0.00000,-0.86603,0.00000,0.50000,1882.58
quat6,0.00000,-0.86603,0.00000,0.50000,1882.58
quat7,0.00000,-0.86603,0.00000,0.50000,1882.58
quat8,0.00000,-0.86603,0.00000,0.50000,1882.58
quat0,0.49817,0.20967,-0.81848,0.19480,1882.6
quat1,-0.31242,0.83568,-0.21031,-0.39975,1882.6
quat2,0.26756,-0.81123,0.49162,-0.16922,1882.6
quat3,0.29912,-0.82053,0.08671,0.47931,1882.6
quat4,-0.60396,0.36779,-0.06393,-0.70418,1882.6
quat5,0.00000,-0.86603,0.00000,0.50000,1882.6
quat6,0.00000,-0.86603,0.00000,0.50000,1882.6
quat7,0.00000,-0.86603,0.00000,0.50000,1882.6
quat8,0.00000,-0.86603,0.00000,0.50000,1882.6
quat0,0.49698,0.21220,-0.81723,0.20030,1882.62
quat1,-0.31204,0.84040,-0.20979,-0.39033,1882.62
quat2,0.25676,-0.81708,0.48640,-0.17283,1882.62
quat3,0.29493,-0.81838,0.08896,0.48514,1882.62
quat4,-0.59949,0.38074,-0.06269,-0.70122,1882.62
quat5,0.00000,-0.86603,0.00000,0.50000,1882.62
quat6,0.00000,-0.86603,0.00000,0.50000,1882.62
quat7,0.00000,-0.86603,0.00000,0.50000,1882.62
quat8,0.00000,-0.86603,0.00000,0.50000,1882.62
quat0,0.49769,0.21455,-0.81486,0.20561,1882.64
quat1,-0.31212,0.84569,-0.20910,-0.37904,1882.64
quat2,0.24307,-0.82145,0.48339,-0.18018,1882.64
quat3,0.29050,-0.81594,0.09219,0.49127,1882.64
quat4,-0.59713,0.39172,-0.06159,-0.69728,1882.64
quat5,0.00000,-0.86603,0.00000,0.50000,1882.64
quat6,0.00000,-0.86603,0.00000,0.50000,1882.64
quat7,0.00000,-0.86603,0.00000,0.50000,1882.64
quat8,0.00000,-0.86603,0.00000,0.50000,1882.64
quat0,0.49665,0.21735,-0.81359,0.21016,1882.66
quat1,-0.31355,0.84911,-0.20445,-0.37269,1882.66
quat2,0.23490,-0.82614,0.47796,-0.18404,1882.66
quat3,0.28362,-0.81502,0.09790,0.49570,1882.66
quat4,-0.59432,0.40770,-0.06588,-0.69009,1882.66
quat5,0.00000,-0.86603,0.00000,0.50000,1882.66
quat6,0.00000,-0.86603,0.00000,0.50000,1882.66
quat7,0.00000,-0.86603,0.00000,0.50000,1882.66
quat8,0.00000,-0.86603,0.00000,0.50000,1882.66
quat0,0.49919,0.21730,-0.81174,0.21135,1882.68
quat1,-0.31702,0.85014,-0.19707,-0.37138,1882.68
quat2,0.23354,-0.83204,0.46979,-0.18018,1882.68
quat3,0.27749,-0.81391,0.10471,0.49959,1882.68
quat4,-0.59024,0.42600,-0.07216,-0.68186,1882.68
quat5,0.00000,-0.86603,0.00000,0.50000,1882.68
quat6,0.00000,-0.86603,0.00000,0.50000,1882.68
quat7,0.00000,-0.86603,0.00000,0.50000,1882.68
quat8,0.00000,-0.86603,0.00000,0.50000,1882.68
quat0,0.49635,0.21793,-0.81358,0.21031,1882.7
quat1,-0.31959,0.85198,-0.18998,-0.36865,1882.7
quat2,0.23600,-0.83846,0.46077,-0.17023,1882.7
quat3,0.27342,-0.81246,0.11017,0.50300,1882.7
quat4,-0.58556,0.44053,-0.07264,-0.67659,1882.7
quat5,0.00000,-0.86603,0.00000,0.50000,1882.7
quat6,0.00000,-0.86603,0.00000,0.50000,1882.7
quat7,0.00000,-0.86603,0.00000,0.50000,1882.7
quat8,0.00000,-0.86603,0.00000,0.50000,1882.7
quat0,0.49782,0.21972,-0.81107,0.21463,1882.72
quat1,-0.32127,0.85391,-0.18404,-0.36572,1882.72
quat2,0.23792,-0.84313,0.45436,-0.16148,1882.72
quat3,0.27137,-0.81026,0.11302,0.50702,1882.72
quat4,-0.58211,0.44420,-0.06460,-0.67798,1882.72
quat5,0.00000,-0.86603,0.00000,0.50000,1882.72
quat6,0.00000,-0.86603,0.00000,0.50000,1882.72
quat7,0.00000,-0.86603,0.00000,0.50000,1882.72
quat8,0.00000,-0.86603,0.00000,0.50000,1882.72
quat0,0.49877,0.22108,-0.80981,0.21578,1882.74
quat1,-0.32407,0.85528,-0.17784,-0.36310,1882.74
quat2,0.23895,-0.84564,0.45083,-0.15670,1882.74
quat3,0.26861,-0.80904,0.11620,0.50971,1882.74
quat4,-0.57903,0.44557,-0.05588,-0.68049,1882.74
quat5,0.00000,-0.86603,0.00000,0.50000,1882.74
quat6,0.00000,-0.86603,0.00000,0.50000,1882.74
quat7,0.00000,-0.86603,0.00000,0.50000,1882.74
quat8,0.00000,-0.86603,0.00000,0.50000,1882.74
quat0,0.49401,0.22620,-0.81117,0.21632,1882.76
quat1,-0.32775,0.85558,-0.17194,-0.36194,1882.76
quat2,0.24071,-0.84746,0.44799,-0.15223,1882.76
quat3,0.26522,-0.80867,0.12041,0.51108,1882.76
quat4,-0.57627,0.45061,-0.05289,-0.67975,1882.76
quat5,0.00000,-0.86603,0.00000,0.50000,1882.76
quat6,0.00000,-0.86603,0.00000,0.50000,1882.76
quat7,0.00000,-0.86603,0.00000,0.50000,1882.76
quat8,0.00000,-0.86603,0.00000,0.50000,1882.76
quat0,0.49554,0.22801,-0.80914,0.21853,1882.78
quat1,-0.33039,0.85608,-0.16750,-0.36043,1882.78
quat2,0.24571,-0.84952,0.44416,-0.14375,1882.78
quat3,0.26428,-0.80828,0.12168,0.51189,1882.78
quat4,-0.57598,0.45601,-0.05514,-0.67621,1882.78
quat5,0.00000,-0.86603,0.00000,0.50000,1882.78
quat6,0.00000,-0.86603,0.00000,0.50000,1882.78
quat7,0.00000,-0.86603,0.00000,0.50000,1882.78
quat8,0.00000,-0.86603,0.00000,0.50000,1882.78
quat0,0.49696,0.22924,-0.80832,0.21703,1882.8
quat1,-0.33254,0.85677,-0.16469,-0.35810,1882.8
quat2,0.25014,-0.85128,0.44057,-0.13658,1882.8
quat3,0.26645,-0.80705,0.11751,0.51368,1882.8
quat4,-0.57613,0.45960,-0.05781,-0.67342,1882.8
quat5,0.00000,-0.86603,0.00000,0.50000,1882.8
quat6,0.00000,-0.86603,0.00000,0.50000,1882.8
quat7,0.00000,-0.86603,0.00000,0.50000,1882.8
quat8,0.00000,-0.86603,0.00000,0.50000,1882.8
quat0,0.49867,0.22906,-0.80804,0.21432,1882.82
quat1,-0.33598,0.85635,-0.16246,-0.35691,1882.82
quat2,0.25127,-0.85198,0.43947,-0.13365,1882.82
quat3,0.26982,-0.80555,0.11314,0.51526,1882.82
quat4,-0.57611,0.45793,-0.05560,-0.67477,1882.82
quat5,0.00000,-0.86603,0.00000,0.50000,1882.82
quat6,0.00000,-0.86603,0.00000,0.50000,1882.82
quat7,0.00000,-0.86603,0.00000,0.50000,1882.82
quat8,0.00000,-0.86603,0.00000,0.50000,1882.82
quat0,0.50179,0.22733,-0.80789,0.20936,1882.84
quat1,-0.33868,0.85600,-0.16076,-0.35598,1882.84
quat2,0.25138,-0.85135,0.44094,-0.13259,1882.84
quat3,0.27175,-0.80461,0.10924,0.51655,1882.84
quat4,-0.57664,0.44988,-0.04790,-0.68029,1882.84
quat5,0.00000,-0.86603,0.00000,0.50000,1882.84
quat6,0.00000,-0.86603,0.00000,0.50000,1882.84
quat7,0.00000,-0.86603,0.00000,0.50000,1882.84
quat8,0.00000,-0.86603,0.00000,0.50000,1882.84
quat0,0.50566,0.22386,-0.80827,0.20225,1882.86
quat1,-0.34128,0.85510,-0.16024,-0.35589,1882.86
quat2,0.25415,-0.84954,0.44369,-0.12976,1882.86
quat3,0.27315,-0.80420,0.10800,0.51670,1882.86
quat4,-0.57928,0.44310,-0.04228,-0.68287,1882.86
quat5,0.00000,-0.86603,0.00000,0.50000,1882.86
quat6,0.00000,-0.86603,0.00000,0.50000,1882.86
quat7,0.00000,-0.86603,0.00000,0.50000,1882.86
quat8,0.00000,-0.86603,0.00000,0.50000,1882.86
quat0,0.50999,0.22083,-0.80762,0.19721,1882.88
quat1,-0.34456,0.85335,-0.15987,-0.35709,1882.88
quat2,0.25998,-0.84810,0.44461,-0.12431,1882.88
quat3,0.27401,-0.80454,0.10950,0.51541,1882.88
quat4,-0.58212,0.43858,-0.04103,-0.68344,1882.88
quat5,0.00000,-0.86603,0.00000,0.50000,1882.88
quat6,0.00000,-0.86603,0.00000,0.50000,1882.88
quat7,0.00000,-0.86603,0.00000,0.50000,1882.88
quat8,0.00000,-0.86603,0.00000,0.50000,1882.88
quat0,0.51335,0.21572,-0.80913,0.18774,1882.9
quat1,-0.34905,0.85110,-0.16267,-0.35683,1882.9
quat2,0.26443,-0.84625,0.44665,-0.12016,1882.9
quat3,0.27684,-0.80410,0.11173,0.51410,1882.9
quat4,-0.58627,0.43550,-0.04202,-0.68180,1882.9
quat5,0.00000,-0.86603,0.00000,0.50000,1882.9
quat6,0.00000,-0.86603,0.00000,0.50000,1882.9
quat7,0.00000,-0.86603,0.00000,0.50000,1882.9
quat8,0.00000,-0.86603,0.00000,0.50000,1882.9
quat0,0.51770,0.21169,-0.80861,0.18256,1882.92
quat1,-0.35365,0.84871,-0.16734,-0.35583,1882.92
quat2,0.26537,-0.84339,0.45171,-0.11928,1882.92
quat3,0.28081,-0.80292,0.11369,0.51335,1882.92
quat4,-0.59022,0.43368,-0.04394,-0.67944,1882.92
quat5,0.00000,-0.86603,0.00000,0.50000,1882.92
quat6,0.00000,-0.86603,0.00000,0.50000,1882.92
quat7,0.00000,-0.86603,0.00000,0.50000,1882.92
quat8,0.00000,-0.86603,0.00000,0.50000,1882.92
quat0,0.52152,0.20780,-0.80905,0.17402,1882.94
quat1,-0.36007,0.84483,-0.17196,-0.35642,1882.94
quat2,0.26662,-0.84018,0.45689,-0.11940,1882.94
quat3,0.28519,-0.80174,0.11750,0.51193,1882.94
quat4,-0.59437,0.43101,-0.04744,-0.67728,1882.94
quat5,0.00000,-0.86603,0.00000,0.50000,1882.94
quat6,0.00000,-0.86603,0.00000,0.50000,1882.94
quat7,0.00000,-0.86603,0.00000,0.50000,1882.94
quat8,0.00000,-0.86603,0.00000,0.50000,1882.94
quat0,0.52517,0.20274,-0.80991,0.16475,1882.96
quat1,-0.36584,0.84090,-0.17641,-0.35766,1882.96
quat2,0.26863,-0.83795,0.46021,-0.11785,1882.96
quat3,0.28883,-0.80046,0.12045,0.51122,1882.96
quat4,-0.59722,0.42747,-0.04877,-0.67692,1882.96
quat5,0.00000,-0.86603,0.00000,0.50000,1882.96
quat6,0.00000,-0.86603,0.00000,0.50000,1882.96
quat7,0.00000,-0.86603,0.00000,0.50000,1882.96
quat8,0.00000,-0.86603,0.00000,0.50000,1882.96
quat0,0.52829,0.19680,-0.81145,0.15405,1882.98
quat1,-0.37161,0.83700,-0.18171,-0.35822,1882.98
quat2,0.26926,-0.83499,0.46519,-0.11783,1882.98
quat3,0.29276,-0.79812,0.12440,0.51169,1882.98
quat4,-0.60002,0.42385,-0.04909,-0.67670,1882.98
quat5,0.00000,-0.86603,0.00000,0.50000,1882.98
quat6,0.00000,-0.86603,0.00000,0.50000,1882.98
quat7,0.00000,-0.86603,0.00000,0.50000,1882.98
quat8,0.00000,-0.86603,0.00000,0.50000,1882.98
quat0,0.52990,0.19133,-0.81381,0.14254,1883
quat1,-0.37530,0.83416,-0.18780,-0.35785,1883
quat2,0.26692,-0.83303,0.46940,-0.12034,1883
quat3,0.29490,-0.79676,0.12953,0.51130,1883
quat4,-0.59961,0.42180,-0.04935,-0.67832,1883
quat5,0.00000,-0.86603,0.00000,0.50000,1883
quat6,0.00000,-0.86603,0.00000,0.50000,1883
quat7,0.00000,-0.86603,0.00000,0.50000,1883
quat8,0.00000,-0.86603,0.00000,0.50000,1883
quat0,0.53502,0.17807,-0.81560,0.12978,1883.02
quat1,-0.37950,0.83080,-0.19599,-0.35685,1883.02
quat2,0.26429,-0.83093,0.47372,-0.12368,1883.02
quat3,0.29765,-0.79660,0.13726,0.50793,1883.02
quat4,-0.59859,0.41973,-0.04882,-0.68054,1883.02
quat5,0.00000,-0.86603,0.00000,0.50000,1883.02
quat6,0.00000,-0.86603,0.00000,0.50000,1883.02
quat7,0.00000,-0.86603,0.00000,0.50000,1883.02
quat8,0.00000,-0.86603,0.00000,0.50000,1883.02
quat0,0.53438,0.17252,-0.81903,0.11779,1883.04
quat1,-0.38402,0.82759,-0.20388,-0.35504,1883.04
quat2,0.25938,-0.83080,0.47429,-0.13247,1883.04
quat3,0.29974,-0.79701,0.14264,0.50457,1883.04
quat4,-0.59539,0.41967,-0.05100,-0.68322,1883.04
quat5,0.00000,-0.86603,0.00000,0.50000,1883.04
quat6,0.00000,-0.86603,0.00000,0.50000,1883.04
quat7,0.00000,-0.86603,0.00000,0.50000,1883.04
quat8,0.00000,-0.86603,0.00000,0.50000,1883.04
quat0,0.53007,0.16405,-0.82620,0.09747,1883.06
quat1,-0.39032,0.82323,-0.21401,-0.35234,1883.06
quat2,0.25088,-0.82875,0.47942,-0.14277,1883.06
quat3,0.30333,-0.79633,0.14885,0.50169,1883.06
quat4,-0.59482,0.42072,-0.04962,-0.68317,1883.06
quat5,0.00000,-0.86603,0.00000,0.50000,1883.06
quat6,0.00000,-0.86603,0.00000,0.50000,1883.06
quat7,0.00000,-0.86603,0.00000,0.50000,1883.06
quat8,0.00000,-0.86603,0.00000,0.50000,1883.06
quat0,0.52943,0.16310,-0.82693,0.09634,1883.08
quat1,-0.39922,0.81812,-0.21853,-0.35151,1883.08
quat2,0.25221,-0.82183,0.48923,-0.14710,1883.08
quat3,0.30451,-0.79684,0.16126,0.49631,1883.08
quat4,-0.60174,0.42295,-0.05288,-0.67545,1883.08
quat5,0.00000,-0.86603,0.00000,0.50000,1883.08
quat6,0.00000,-0.86603,0.00000,0.50000,1883.08
quat7,0.00000,-0.86603,0.00000,0.50000,1883.08
quat8,0.00000,-0.86603,0.00000,0.50000,1883.08
quat0,0.52956,0.16298,-0.82807,0.08550,1883.1
quat1,-0.41297,0.80863,-0.21437,-0.36002,1883.1
quat2,0.26628,-0.81698,0.49281,-0.13705,1883.1
quat3,0.30076,-0.79918,0.18120,0.48787,1883.1
quat4,-0.61092,0.42877,-0.06025,-0.66280,1883.1
quat5,0.00000,-0.86603,0.00000,0.50000,1883.1
quat6,0.00000,-0.86603,0.00000,0.50000,1883.1
quat7,0.00000,-0.86603,0.00000,0.50000,1883.1
quat8,0.00000,-0.86603,0.00000,0.50000,1883.1
quat0,0.53296,0.16175,-0.82619,0.08487,1883.12
quat1,-0.43026,0.79697,-0.20679,-0.37008,1883.12
quat2,0.27878,-0.81126,0.49768,-0.12824,1883.12
quat3,0.30287,-0.79728,0.19989,0.48234,1883.12
quat4,-0.61841,0.43055,-0.05995,-0.65468,1883.12
quat5,0.00000,-0.86603,0.00000,0.50000,1883.12
quat6,0.00000,-0.86603,0.00000,0.50000,1883.12
quat7,0.00000,-0.86603,0.00000,0.50000,1883.12
quat8,0.00000,-0.86603,0.00000,0.50000,1883.12
quat0,0.53978,0.14050,-0.82702,0.07019,1883.14
quat1,-0.44702,0.78646,-0.20145,-0.37560,1883.14
quat2,0.28682,-0.80523,0.50374,-0.12481,1883.14
quat3,0.31305,-0.79180,0.21359,0.47899,1883.14
quat4,-0.62274,0.43007,-0.05648,-0.65119,1883.14
quat5,0.00000,-0.86603,0.00000,0.50000,1883.14
quat6,0.00000,-0.86603,0.00000,0.50000,1883.14
quat7,0.00000,-0.86603,0.00000,0.50000,1883.14
quat8,0.00000,-0.86603,0.00000,0.50000,1883.14
quat0,0.53268,0.13085,-0.83432,0.05507,1883.16
quat1,-0.45343,0.78224,-0.20448,-0.37508,1883.16
quat2,0.29450,-0.80214,0.50539,-0.12013,1883.16
quat3,0.32182,-0.78822,0.22338,0.47459,1883.16
quat4,-0.62602,0.43316,-0.05623,-0.64599,1883.16
quat5,0.00000,-0.86603,0.00000,0.50000,1883.16
quat6,0.00000,-0.86603,0.00000,0.50000,1883.16
quat7,0.00000,-0.86603,0.00000,0.50000,1883.16
quat8,0.00000,-0.86603,0.00000,0.50000,1883.16
quat0,0.52845,0.13886,-0.83520,0.06256,1883.18
quat1,-0.45682,0.78193,-0.21090,-0.36801,1883.18
quat2,0.29774,-0.79766,0.50987,-0.12299,1883.18
quat3,0.33020,-0.78436,0.22785,0.47310,1883.18
quat4,-0.63102,0.42870,-0.05171,-0.64448,1883.18
quat5,0.00000,-0.86603,0.00000,0.50000,1883.18
quat6,0.00000,-0.86603,0.00000,0.50000,1883.18
quat7,0.00000,-0.86603,0.00000,0.50000,1883.18
quat8,0.00000,-0.86603,0.00000,0.50000,1883.18
quat0,0.52863,0.13062,-0.83684,0.05646,1883.2
quat1,-0.45860,0.78152,-0.21566,-0.36388,1883.2
quat2,0.29718,-0.79389,0.51476,-0.12825,1883.2
quat3,0.33630,-0.78302,0.22654,0.47165,1883.2
quat4,-0.63497,0.42344,-0.04889,-0.64430,1883.2
quat5,0.00000,-0.86603,0.00000,0.50000,1883.2
quat6,0.00000,-0.86603,0.00000,0.50000,1883.2
quat7,0.00000,-0.86603,0.00000,0.50000,1883.2
quat8,0.00000,-0.86603,0.00000,0.50000,1883.2
quat0,0.52608,0.13098,-0.83842,0.05599,1883.22
quat1,-0.45952,0.78002,-0.22070,-0.36290,1883.22
quat2,0.30213,-0.78954,0.51841,-0.12883,1883.22
quat3,0.33934,-0.78483,0.22908,0.46520,1883.22
quat4,-0.63774,0.42021,-0.04927,-0.64365,1883.22
quat5,0.00000,-0.86603,0.00000,0.50000,1883.22
quat6,0.00000,-0.86603,0.00000,0.50000,1883.22
quat7,0.00000,-0.86603,0.00000,0.50000,1883.22
quat8,0.00000,-0.86603,0.00000,0.50000,1883.22
quat0,0.52613,0.12836,-0.83904,0.05214,1883.24
quat1,-0.45483,0.77894,-0.22344,-0.36940,1883.24
quat2,0.31086,-0.78598,0.51863,-0.12888,1883.24
quat3,0.33679,-0.79122,0.22997,0.45569,1883.24
quat4,-0.63754,0.41848,-0.05048,-0.64488,1883.24
quat5,0.00000,-0.86603,0.00000,0.50000,1883.24
quat6,0.00000,-0.86603,0.00000,0.50000,1883.24
quat7,0.00000,-0.86603,0.00000,0.50000,1883.24
quat8,0.00000,-0.86603,0.00000,0.50000,1883.24
quat0,0.52434,0.12597,-0.84075,0.04830,1883.26
quat1,-0.44702,0.77834,-0.22705,-0.37791,1883.26
quat2,0.31909,-0.78246,0.51885,-0.12932,1883.26
quat3,0.33422,-0.79771,0.22991,0.44619,1883.26
quat4,-0.63730,0.41804,-0.05392,-0.64512,1883.26
quat5,0.00000,-0.86603,0.00000,0.50000,1883.26
quat6,0.00000,-0.86603,0.00000,0.50000,1883.26
quat7,0.00000,-0.86603,0.00000,0.50000,1883.26
quat8,0.00000,-0.86603,0.00000,0.50000,1883.26
quat0,0.52618,0.11885,-0.84113,0.03883,1883.28
quat1,-0.43561,0.77925,-0.23144,-0.38659,1883.28
quat2,0.32547,-0.77952,0.51877,-0.13149,1883.28
quat3,0.32832,-0.80665,0.22632,0.43624,1883.28
quat4,-0.63786,0.41666,-0.05861,-0.64505,1883.28
quat5,0.00000,-0.86603,0.00000,0.50000,1883.28
quat6,0.00000,-0.86603,0.00000,0.50000,1883.28
quat7,0.00000,-0.86603,0.00000,0.50000,1883.28
quat8,0.00000,-0.86603,0.00000,0.50000,1883.28
quat0,0.52813,0.11113,-0.84152,0.02399,1883.3
quat1,-0.42288,0.77948,-0.23341,-0.39887,1883.3
quat2,0.33398,-0.77647,0.51772,-0.13235,1883.3
quat3,0.32203,-0.81521,0.21963,0.42837,1883.3
quat4,-0.64170,0.41607,-0.06863,-0.64062,1883.3
quat5,0.00000,-0.86603,0.00000,0.50000,1883.3
quat6,0.00000,-0.86603,0.00000,0.50000,1883.3
quat7,0.00000,-0.86603,0.00000,0.50000,1883.3
quat8,0.00000,-0.86603,0.00000,0.50000,1883.3
quat0,0.52653,0.10648,-0.84327,0.01796,1883.32
quat1,-0.41107,0.77955,-0.23149,-0.41198,1883.32
quat2,0.34263,-0.77389,0.51589,-0.13251,1883.32
quat3,0.31654,-0.82334,0.21367,0.41983,1883.32
quat4,-0.64617,0.41437,-0.07819,-0.63612,1883.32
quat5,0.00000,-0.86603,0.00000,0.50000,1883.32
quat6,0.00000,-0.86603,0.00000,0.50000,1883.32
quat7,0.00000,-0.86603,0.00000,0.50000,1883.32
quat8,0.00000,-0.86603,0.00000,0.50000,1883.32
quat0,0.52496,0.09190,-0.84614,-0.00299,1883.34
quat1,-0.40003,0.77786,-0.23047,-0.42637,1883.34
quat2,0.35238,-0.77006,0.51503,-0.13258,1883.34
quat3,0.31019,-0.83227,0.20933,0.40901,1883.34
quat4,-0.65355,0.41030,-0.08739,-0.62999,1883.34
quat5,0.00000,-0.86603,0.00000,0.50000,1883.34
quat6,0.00000,-0.86603,0.00000,0.50000,1883.34
quat7,0.00000,-0.86603,0.00000,0.50000,1883.34
quat8,0.00000,-0.86603,0.00000,0.50000,1883.34
quat0,0.52176,0.08670,-0.84853,-0.01581,1883.36
quat1,-0.38721,0.77763,-0.23146,-0.43793,1883.36
quat2,0.36217,-0.76564,0.51453,-0.13377,1883.36
quat3,0.30435,-0.84046,0.19909,0.40170,1883.36
quat4,-0.66363,0.40367,-0.09771,-0.62217,1883.36
quat5,0.00000,-0.86603,0.00000,0.50000,1883.36
quat6,0.00000,-0.86603,0.00000,0.50000,1883.36
quat7,0.00000,-0.86603,0.00000,0.50000,1883.36
quat8,0.00000,-0.86603,0.00000,0.50000,1883.36
quat0,0.51662,0.08179,-0.85181,-0.02884,1883.38
quat1,-0.37461,0.77640,-0.23009,-0.45158,1883.38
quat2,0.37289,-0.76064,0.51395,-0.13503,1883.38
quat3,0.30090,-0.84861,0.18374,0.39441,1883.38
quat4,-0.67852,0.39087,-0.10851,-0.61241,1883.38
quat5,0.00000,-0.86603,0.00000,0.50000,1883.38
quat6,0.00000,-0.86603,0.00000,0.50000,1883.38
quat7,0.00000,-0.86603,0.00000,0.50000,1883.38
quat8,0.00000,-0.86603,0.00000,0.50000,1883.38
quat0,0.51146,0.06963,-0.85566,-0.03741,1883.4
quat1,-0.35881,0.77470,-0.22983,-0.46720,1883.4
quat2,0.38409,-0.75589,0.51215,-0.13716,1883.4
quat3,0.29736,-0.85659,0.16912,0.38631,1883.4
quat4,-0.69609,0.37413,-0.11761,-0.60138,1883.4
quat5,0.00000,-0.86603,0.00000,0.50000,1883.4
quat6,0.00000,-0.86603,0.00000,0.50000,1883.4
quat7,0.00000,-0.86603,0.00000,0.50000,1883.4
quat8,0.00000,-0.86603,0.00000,0.50000,1883.4
quat0,0.51122,0.05842,-0.85618,-0.04681,1883.42
quat1,-0.34026,0.77311,-0.23397,-0.48144,1883.42
quat2,0.39468,-0.75007,0.51034,-0.14550,1883.42
quat3,0.29529,-0.86432,0.15647,0.37586,1883.42
quat4,-0.71498,0.35204,-0.12205,-0.59158,1883.42
quat5,0.00000,-0.86603,0.00000,0.50000,1883.42
quat6,0.00000,-0.86603,0.00000,0.50000,1883.42
quat7,0.00000,-0.86603,0.00000,0.50000,1883.42
quat8,0.00000,-0.86603,0.00000,0.50000,1883.42
quat0,0.50799,0.04985,-0.85792,-0.05863,1883.44
quat1,-0.31911,0.77180,-0.24342,-0.49319,1883.44
quat2,0.40407,-0.74504,0.50695,-0.15696,1883.44
quat3,0.29107,-0.87385,0.14395,0.36186,1883.44
quat4,-0.73088,0.33282,-0.12850,-0.58183,1883.44
quat5,0.00000,-0.86603,0.00000,0.50000,1883.44
quat6,0.00000,-0.86603,0.00000,0.50000,1883.44
quat7,0.00000,-0.86603,0.00000,0.50000,1883.44
quat8,0.00000,-0.86603,0.00000,0.50000,1883.44
quat0,0.50262,0.04211,-0.86048,-0.07201,1883.46
quat1,-0.29636,0.76995,-0.25765,-0.50295,1883.46
quat2,0.41421,-0.73808,0.50483,-0.16973,1883.46
quat3,0.28654,-0.88390,0.12833,0.34663,1883.46
quat4,-0.74439,0.31138,-0.13478,-0.57511,1883.46
quat5,0.00000,-0.86603,0.00000,0.50000,1883.46
quat6,0.00000,-0.86603,0.00000,0.50000,1883.46
quat7,0.00000,-0.86603,0.00000,0.50000,1883.46
quat8,0.00000,-0.86603,0.00000,0.50000,1883.46
quat0,0.49727,0.03674,-0.86304,-0.08088,1883.48
quat1,-0.27139,0.76792,-0.27195,-0.51253,1883.48
quat2,0.42544,-0.73060,0.50276,-0.18016,1883.48
quat3,0.27975,-0.89369,0.10623,0.33434,1883.48
quat4,-0.75418,0.29237,-0.14296,-0.57035,1883.48
quat5,0.00000,-0.86603,0.00000,0.50000,1883.48
quat6,0.00000,-0.86603,0.00000,0.50000,1883.48
quat7,0.00000,-0.86603,0.00000,0.50000,1883.48
quat8,0.00000,-0.86603,0.00000,0.50000,1883.48
quat0,0.49457,0.03556,-0.86341,-0.09299,1883.5
quat1,-0.24789,0.76129,-0.28196,-0.52867,1883.5
quat2,0.44007,-0.72165,0.50017,-0.18812,1883.5
quat3,0.27309,-0.90375,0.07977,0.31984,1883.5
quat4,-0.76160,0.27546,-0.15507,-0.56573,1883.5
quat5,0.00000,-0.86603,0.00000,0.50000,1883.5
quat6,0.00000,-0.86603,0.00000,0.50000,1883.5
quat7,0.00000,-0.86603,0.00000,0.50000,1883.5
quat8,0.00000,-0.86603,0.00000,0.50000,1883.5
quat0,0.49305,0.03333,-0.86373,-0.09879,1883.52
quat1,-0.22329,0.75084,-0.28980,-0.54991,1883.52
quat2,0.45410,-0.71346,0.49636,-0.19593,1883.52
quat3,0.26235,-0.91495,0.05165,0.30228,1883.52
quat4,-0.76596,0.26183,-0.16917,-0.56225,1883.52
quat5,0.00000,-0.86603,0.00000,0.50000,1883.52
quat6,0.00000,-0.86603,0.00000,0.50000,1883.52
quat7,0.00000,-0.86603,0.00000,0.50000,1883.52
quat8,0.00000,-0.86603,0.00000,0.50000,1883.52
quat0,0.49107,0.02952,-0.86431,-0.10463,1883.54
quat1,-0.19709,0.73757,-0.30134,-0.57127,1883.54
quat2,0.46906,-0.70601,0.49109,-0.20090,1883.54
quat3,0.24958,-0.92696,0.02116,0.27929,1883.54
quat4,-0.76934,0.25168,-0.18608,-0.55691,1883.54
quat5,0.00000,-0.86603,0.00000,0.50000,1883.54
quat6,0.00000,-0.86603,0.00000,0.50000,1883.54
quat7,0.00000,-0.86603,0.00000,0.50000,1883.54
quat8,0.00000,-0.86603,0.00000,0.50000,1883.54
quat0,0.48698,0.02079,-0.86453,-0.12247,1883.56
quat1,-0.16713,0.72420,-0.31148,-0.59210,1883.56
quat2,0.48346,-0.69944,0.48456,-0.20555,1883.56
quat3,0.23433,-0.93917,-0.01278,0.25077,1883.56
quat4,-0.77145,0.24443,-0.20295,-0.55130,1883.56
quat5,0.00000,-0.86603,0.00000,0.50000,1883.56
quat6,0.00000,-0.86603,0.00000,0.50000,1883.56
quat7,0.00000,-0.86603,0.00000,0.50000,1883.56
quat8,0.00000,-0.86603,0.00000,0.50000,1883.56
quat0,0.48684,0.01596,-0.86361,-0.13004,1883.58
quat1,-0.13278,0.71125,-0.31980,-0.61173,1883.58
quat2,0.49656,-0.69531,0.47677,-0.20658,1883.58
quat3,0.21920,-0.94870,-0.04996,0.22231,1883.58
quat4,-0.77357,0.24106,-0.22209,-0.54236,1883.58
quat5,0.00000,-0.86603,0.00000,0.50000,1883.58
quat6,0.00000,-0.86603,0.00000,0.50000,1883.58
quat7,0.00000,-0.86603,0.00000,0.50000,1883.58
quat8,0.00000,-0.86603,0.00000,0.50000,1883.58
quat0,0.49276,0.01743,-0.86325,-0.10810,1883.6
quat1,-0.09071,0.69995,-0.32382,-0.63007,1883.6
quat2,0.50902,-0.69537,0.46554,-0.20157,1883.6
quat3,0.19942,-0.95500,-0.09140,0.19965,1883.6
quat4,-0.77532,0.24192,-0.23854,-0.53241,1883.6
quat5,0.00000,-0.86603,0.00000,0.50000,1883.6
quat6,0.00000,-0.86603,0.00000,0.50000,1883.6
quat7,0.00000,-0.86603,0.00000,0.50000,1883.6
quat8,0.00000,-0.86603,0.00000,0.50000,1883.6
quat0,0.49141,0.01020,-0.86325,-0.11500,1883.62
quat1,-0.04348,0.68516,-0.32591,-0.64996,1883.62
quat2,0.52333,-0.69596,0.45318,-0.19075,1883.62
quat3,0.17721,-0.95847,-0.13594,0.17737,1883.62
quat4,-0.77765,0.24793,-0.25773,-0.51707,1883.62
quat5,0.00000,-0.86603,0.00000,0.50000,1883.62
quat6,0.00000,-0.86603,0.00000,0.50000,1883.62
quat7,0.00000,-0.86603,0.00000,0.50000,1883.62
quat8,0.00000,-0.86603,0.00000,0.50000,1883.62
quat0,0.49299,0.00859,-0.86271,-0.11232,1883.64
quat1,0.00910,0.66465,-0.32526,-0.67258,1883.64
quat2,0.53495,-0.69694,0.44443,-0.17490,1883.64
quat3,0.15212,-0.95974,-0.18102,0.15163,1883.64
quat4,-0.78059,0.25808,-0.27279,-0.49966,1883.64
quat5,0.00000,-0.86603,0.00000,0.50000,1883.64
quat6,0.00000,-0.86603,0.00000,0.50000,1883.64
quat7,0.00000,-0.86603,0.00000,0.50000,1883.64
quat8,0.00000,-0.86603,0.00000,0.50000,1883.64
quat0,0.48844,0.01118,-0.86554,-0.11017,1883.66
quat1,0.06616,0.63791,-0.32151,-0.69666,1883.66
quat2,0.54221,-0.69854,0.44044,-0.15511,1883.66
quat3,0.12394,-0.95924,-0.22461,0.11852,1883.66
quat4,-0.78433,0.26840,-0.28091,-0.48361,1883.66
quat5,0.00000,-0.86603,0.00000,0.50000,1883.66
quat6,0.00000,-0.86603,0.00000,0.50000,1883.66
quat7,0.00000,-0.86603,0.00000,0.50000,1883.66
quat8,0.00000,-0.86603,0.00000,0.50000,1883.66
quat0,0.48935,0.01882,-0.86609,-0.10037,1883.68
quat1,0.11626,0.61372,-0.30951,-0.71697,1883.68
quat2,0.54499,-0.70560,0.43400,-0.12948,1883.68
quat3,0.09446,-0.95672,-0.26163,0.08551,1883.68
quat4,-0.78857,0.27435,-0.27201,-0.47844,1883.68
quat5,0.00000,-0.86603,0.00000,0.50000,1883.68
quat6,0.00000,-0.86603,0.00000,0.50000,1883.68
quat7,0.00000,-0.86603,0.00000,0.50000,1883.68
quat8,0.00000,-0.86603,0.00000,0.50000,1883.68
quat0,0.49895,0.02098,-0.85982,-0.10644,1883.7
quat1,0.15687,0.60353,-0.29264,-0.72492,1883.7
quat2,0.54307,-0.71428,0.42918,-0.10335,1883.7
quat3,0.06862,-0.95353,-0.28521,0.06875,1883.7
quat4,-0.78780,0.28877,-0.26530,-0.47497,1883.7
quat5,0.00000,-0.86603,0.00000,0.50000,1883.7
quat6,0.00000,-0.86603,0.00000,0.50000,1883.7
quat7,0.00000,-0.86603,0.00000,0.50000,1883.7
quat8,0.00000,-0.86603,0.00000,0.50000,1883.7
quat0,0.47249,0.01928,-0.87380,-0.11336,1883.72
quat1,0.17275,0.60404,-0.27535,-0.72765,1883.72
quat2,0.54049,-0.71802,0.42961,-0.08805,1883.72
quat3,0.05040,-0.95362,-0.28917,0.06671,1883.72
quat4,-0.78474,0.30490,-0.25892,-0.47347,1883.72
quat5,0.00000,-0.86603,0.00000,0.50000,1883.72
quat6,0.00000,-0.86603,0.00000,0.50000,1883.72
quat7,0.00000,-0.86603,0.00000,0.50000,1883.72
quat8,0.00000,-0.86603,0.00000,0.50000,1883.72
quat0,0.49622,0.02177,-0.86061,-0.11244,1883.74
quat1,0.16557,0.61676,-0.26168,-0.72369,1883.74
quat2,0.54377,-0.71432,0.43309,-0.08065,1883.74
quat3,0.04188,-0.95656,-0.27896,0.07362,1883.74
quat4,-0.78272,0.31640,-0.26518,-0.46574,1883.74
quat5,0.00000,-0.86603,0.00000,0.50000,1883.74
quat6,0.00000,-0.86603,0.00000,0.50000,1883.74
quat7,0.00000,-0.86603,0.00000,0.50000,1883.74
quat8,0.00000,-0.86603,0.00000,0.50000,1883.74
quat0,0.48429,0.02744,-0.86656,-0.11745,1883.76
quat1,0.14266,0.63385,-0.25073,-0.71765,1883.76
quat2,0.54880,-0.70545,0.44151,-0.07889,1883.76
quat3,0.04311,-0.96103,-0.25905,0.08633,1883.76
quat4,-0.78563,0.31278,-0.26999,-0.46050,1883.76
quat5,0.00000,-0.86603,0.00000,0.50000,1883.76
quat6,0.00000,-0.86603,0.00000,0.50000,1883.76
quat7,0.00000,-0.86603,0.00000,0.50000,1883.76
quat8,0.00000,-0.86603,0.00000,0.50000,1883.76
quat0,0.48596,0.03143,-0.86549,-0.11739,1883.78
quat1,0.11168,0.64873,-0.24260,-0.71262,1883.78
quat2,0.55000,-0.69665,0.45296,-0.08372,1883.78
quat3,0.05165,-0.96391,-0.23748,0.10870,1883.78
quat4,-0.78899,0.30184,-0.27140,-0.46123,1883.78
quat5,0.00000,-0.86603,0.00000,0.50000,1883.78
quat6,0.00000,-0.86603,0.00000,0.50000,1883.78
quat7,0.00000,-0.86603,0.00000,0.50000,1883.78
quat8,0.00000,-0.86603,0.00000,0.50000,1883.78
quat0,0.49298,0.02874,-0.86177,-0.11619,1883.8
quat1,0.07930,0.66171,-0.24134,-0.70541,1883.8
quat2,0.55140,-0.68614,0.46583,-0.09041,1883.8
quat3,0.06881,-0.96540,-0.21387,0.13237,1883.8
quat4,-0.79368,0.28782,-0.27015,-0.46287,1883.8
quat5,0.00000,-0.86603,0.00000,0.50000,1883.8
quat6,0.00000,-0.86603,0.00000,0.50000,1883.8
quat7,0.00000,-0.86603,0.00000,0.50000,1883.8
quat8,0.00000,-0.86603,0.00000,0.50000,1883.8
quat0,0.49428,0.03639,-0.86039,-0.11866,1883.82
quat1,0.04613,0.67460,-0.24200,-0.69586,1883.82
quat2,0.55208,-0.67501,0.47946,-0.09846,1883.82
quat3,0.09025,-0.96607,-0.18748,0.15303,1883.82
quat4,-0.79841,0.27395,-0.26709,-0.46493,1883.82
quat5,0.00000,-0.86603,0.00000,0.50000,1883.82
quat6,0.00000,-0.86603,0.00000,0.50000,1883.82
quat7,0.00000,-0.86603,0.00000,0.50000,1883.82
quat8,0.00000,-0.86603,0.00000,0.50000,1883.82
quat0,0.49222,0.04744,-0.86193,-0.11199,1883.84
quat1,0.00938,0.68681,-0.23975,-0.68610,1883.84
quat2,0.55421,-0.66279,0.49249,-0.10492,1883.84
quat3,0.11323,-0.96608,-0.15763,0.17036,1883.84
quat4,-0.80390,0.25898,-0.26340,-0.46615,1883.84
quat5,0.00000,-0.86603,0.00000,0.50000,1883.84
quat6,0.00000,-0.86603,0.00000,0.50000,1883.84
quat7,0.00000,-0.86603,0.00000,0.50000,1883.84
quat8,0.00000,-0.86603,0.00000,0.50000,1883.84
quat0,0.49535,0.05133,-0.86107,-0.10268,1883.86
quat1,-0.02783,0.70249,-0.23383,-0.67161,1883.86
quat2,0.55554,-0.65247,0.50360,-0.10977,1883.86
quat3,0.13670,-0.96475,-0.12903,0.18417,1883.86
quat4,-0.80836,0.24584,-0.25739,-0.46890,1883.86
quat5,0.00000,-0.86603,0.00000,0.50000,1883.86
quat6,0.00000,-0.86603,0.00000,0.50000,1883.86
quat7,0.00000,-0.86603,0.00000,0.50000,1883.86
quat8,0.00000,-0.86603,0.00000,0.50000,1883.86
quat0,0.49460,0.05213,-0.86224,-0.09589,1883.88
quat1,-0.06186,0.71653,-0.23149,-0.65511,1883.88
quat2,0.55504,-0.64277,0.51538,-0.11468,1883.88
quat3,0.15984,-0.96274,-0.10289,0.19235,1883.88
quat4,-0.81229,0.23409,-0.25103,-0.47156,1883.88
quat5,0.00000,-0.86603,0.00000,0.50000,1883.88
quat6,0.00000,-0.86603,0.00000,0.50000,1883.88
quat7,0.00000,-0.86603,0.00000,0.50000,1883.88
quat8,0.00000,-0.86603,0.00000,0.50000,1883.88
quat0,0.49787,0.05528,-0.86147,-0.08327,1883.9
quat1,-0.09061,0.72851,-0.23219,-0.63808,1883.9
quat2,0.55248,-0.63620,0.52509,-0.11958,1883.9
quat3,0.17986,-0.95972,-0.08074,0.20018,1883.9
quat4,-0.81431,0.22408,-0.24481,-0.47619,1883.9
quat5,0.00000,-0.86603,0.00000,0.50000,1883.9
quat6,0.00000,-0.86603,0.00000,0.50000,1883.9
quat7,0.00000,-0.86603,0.00000,0.50000,1883.9
quat8,0.00000,-0.86603,0.00000,0.50000,1883.9
quat0,0.49940,0.05934,-0.86097,-0.07617,1883.92
quat1,-0.11849,0.73812,-0.23417,-0.62154,1883.92
quat2,0.55011,-0.63005,0.53387,-0.12410,1883.92
quat3,0.19967,-0.95462,-0.06011,0.21265,1883.92
quat4,-0.81674,0.21265,-0.23634,-0.48152,1883.92
quat5,0.00000,-0.86603,0.00000,0.50000,1883.92
quat6,0.00000,-0.86603,0.00000,0.50000,1883.92
quat7,0.00000,-0.86603,0.00000,0.50000,1883.92
quat8,0.00000,-0.86603,0.00000,0.50000,1883.92
quat0,0.50340,0.06458,-0.85928,-0.06373,1883.94
quat1,-0.14350,0.74397,-0.23780,-0.60776,1883.94
quat2,0.54675,-0.62707,0.53986,-0.12805,1883.94
quat3,0.22057,-0.94729,-0.04255,0.22843,1883.94
quat4,-0.81742,0.20357,-0.22937,-0.48762,1883.94
quat5,0.00000,-0.86603,0.00000,0.50000,1883.94
quat6,0.00000,-0.86603,0.00000,0.50000,1883.94
quat7,0.00000,-0.86603,0.00000,0.50000,1883.94
quat8,0.00000,-0.86603,0.00000,0.50000,1883.94
quat0,0.49882,0.06566,-0.86207,-0.06082,1883.96
quat1,-0.16652,0.74691,-0.24471,-0.59540,1883.96
quat2,0.54167,-0.62475,0.54651,-0.13270,1883.96
quat3,0.24261,-0.93902,-0.02568,0.24232,1883.96
quat4,-0.81770,0.19510,-0.22456,-0.49282,1883.96
quat5,0.00000,-0.86603,0.00000,0.50000,1883.96
quat6,0.00000,-0.86603,0.00000,0.50000,1883.96
quat7,0.00000,-0.86603,0.00000,0.50000,1883.96
quat8,0.00000,-0.86603,0.00000,0.50000,1883.96
quat0,0.49997,0.07233,-0.86167,-0.04820,1883.98
quat1,-0.18566,0.74787,-0.25176,-0.58553,1883.98
quat2,0.53208,-0.62541,0.55351,-0.13924,1883.98
quat3,0.26219,-0.93076,-0.01201,0.25454,1883.98
quat4,-0.81618,0.18899,-0.21810,-0.50056,1883.98
quat5,0.00000,-0.86603,0.00000,0.50000,1883.98
quat6,0.00000,-0.86603,0.00000,0.50000,1883.98
quat7,0.00000,-0.86603,0.00000,0.50000,1883.98
quat8,0.00000,-0.86603,0.00000,0.50000,1883.98
quat0,0.50176,0.07463,-0.86082,-0.04080,1884
quat1,-0.20288,0.74970,-0.25947,-0.57399,1884
quat2,0.52212,-0.62857,0.55818,-0.14394,1884
quat3,0.27951,-0.92284,0.00005,0.26503,1884
quat4,-0.81398,0.18397,-0.21026,-0.50930,1884
quat5,0.00000,-0.86603,0.00000,0.50000,1884
quat6,0.00000,-0.86603,0.00000,0.50000,1884
quat7,0.00000,-0.86603,0.00000,0.50000,1884
quat8,0.00000,-0.86603,0.00000,0.50000,1884
quat0,0.50229,0.08039,-0.86040,-0.03097,1884.02
quat1,-0.21876,0.75277,-0.26467,-0.56164,1884.02
quat2,0.51235,-0.63573,0.55839,-0.14677,1884.02
quat3,0.29453,-0.91474,0.01038,0.27640,1884.02
quat4,-0.80989,0.18169,-0.20182,-0.51994,1884.02
quat5,0.00000,-0.86603,0.00000,0.50000,1884.02
quat6,0.00000,-0.86603,0.00000,0.50000,1884.02
quat7,0.00000,-0.86603,0.00000,0.50000,1884.02
quat8,0.00000,-0.86603,0.00000,0.50000,1884.02
quat0,0.50198,0.08553,-0.86031,-0.02363,1884.04
quat1,-0.23444,0.75607,-0.26987,-0.54824,1884.04
quat2,0.50085,-0.64361,0.55898,-0.14986,1884.04
quat3,0.30880,-0.90646,0.02175,0.28724,1884.04
quat4,-0.80480,0.18208,-0.19527,-0.53011,1884.04
quat5,0.00000,-0.86603,0.00000,0.50000,1884.04
quat6,0.00000,-0.86603,0.00000,0.50000,1884.04
quat7,0.00000,-0.86603,0.00000,0.50000,1884.04
quat8,0.00000,-0.86603,0.00000,0.50000,1884.04
quat0,0.50176,0.09360,-0.85985,-0.01148,1884.06
quat1,-0.24630,0.76053,-0.27501,-0.53413,1884.06
quat2,0.48517,-0.65323,0.56033,-0.15468,1884.06
quat3,0.32105,-0.89902,0.03087,0.29620,1884.06
quat4,-0.79782,0.18507,-0.18773,-0.54220,1884.06
quat5,0.00000,-0.86603,0.00000,0.50000,1884.06
quat6,0.00000,-0.86603,0.00000,0.50000,1884.06
quat7,0.00000,-0.86603,0.00000,0.50000,1884.06
quat8,0.00000,-0.86603,0.00000,0.50000,1884.06
quat0,0.50353,0.09773,-0.85842,-0.00516,1884.08
quat1,-0.25753,0.76483,-0.28005,-0.51989,1884.08
quat2,0.46991,-0.66165,0.56168,-0.16095,1884.08
quat3,0.33144,-0.89191,0.03933,0.30511,1884.08
quat4,-0.79075,0.18795,-0.17723,-0.55496,1884.08
quat5,0.00000,-0.86603,0.00000,0.50000,1884.08
quat6,0.00000,-0.86603,0.00000,0.50000,1884.08
quat7,0.00000,-0.86603,0.00000,0.50000,1884.08
quat8,0.00000,-0.86603,0.00000,0.50000,1884.08
quat0,0.50552,0.10345,-0.85659,0.00301,1884.1
quat1,-0.26886,0.76812,-0.28351,-0.50727,1884.1
quat2,0.45339,-0.67238,0.56032,-0.16850,1884.1
quat3,0.33957,-0.88412,0.04624,0.31764,1884.1
quat4,-0.78206,0.19273,-0.16632,-0.56883,1884.1
quat5,0.00000,-0.86603,0.00000,0.50000,1884.1
quat6,0.00000,-0.86603,0.00000,0.50000,1884.1
quat7,0.00000,-0.86603,0.00000,0.50000,1884.1
quat8,0.00000,-0.86603,0.00000,0.50000,1884.1
quat0,0.50727,0.10994,-0.85465,0.01312,1884.12
quat1,-0.27990,0.77016,-0.28571,-0.49687,1884.12
quat2,0.43588,-0.68261,0.55922,-0.17697,1884.12
quat3,0.34690,-0.87694,0.05224,0.32849,1884.12
quat4,-0.77355,0.19889,-0.15584,-0.58119,1884.12
quat5,0.00000,-0.86603,0.00000,0.50000,1884.12
quat6,0.00000,-0.86603,0.00000,0.50000,1884.12
quat7,0.00000,-0.86603,0.00000,0.50000,1884.12
quat8,0.00000,-0.86603,0.00000,0.50000,1884.12
quat0,0.50889,0.11658,-0.85262,0.02198,1884.14
quat1,-0.28646,0.77294,-0.28713,-0.48791,1884.14
quat2,0.41841,-0.69356,0.55674,-0.18425,1884.14
quat3,0.35201,-0.87028,0.05491,0.34014,1884.14
quat4,-0.76393,0.20737,-0.14615,-0.59334,1884.14
quat5,0.00000,-0.86603,0.00000,0.50000,1884.14
quat6,0.00000,-0.86603,0.00000,0.50000,1884.14
quat7,0.00000,-0.86603,0.00000,0.50000,1884.14
quat8,0.00000,-0.86603,0.00000,0.50000,1884.14
quat0,0.51181,0.12134,-0.84981,0.03389,1884.16
quat1,-0.29313,0.77806,-0.28653,-0.47602,1884.16
quat2,0.40345,-0.70266,0.55484,-0.18882,1884.16
quat3,0.35597,-0.86466,0.05858,0.34958,1884.16
quat4,-0.75494,0.21558,-0.13807,-0.60376,1884.16
quat5,0.00000,-0.86603,0.00000,0.50000,1884.16
quat6,0.00000,-0.86603,0.00000,0.50000,1884.16
quat7,0.00000,-0.86603,0.00000,0.50000,1884.16
quat8,0.00000,-0.86603,0.00000,0.50000,1884.16
quat0,0.51472,0.12709,-0.84677,0.04347,1884.18
quat1,-0.29937,0.78341,-0.28359,-0.46499,1884.18
quat2,0.39162,-0.71300,0.54958,-0.19032,1884.18
quat3,0.35695,-0.86103,0.06214,0.35688,1884.18
quat4,-0.74486,0.22393,-0.12950,-0.61504,1884.18
quat5,0.00000,-0.86603,0.00000,0.50000,1884.18
quat6,0.00000,-0.86603,0.00000,0.50000,1884.18
quat7,0.00000,-0.86603,0.00000,0.50000,1884.18
quat8,0.00000,-0.86603,0.00000,0.50000,1884.18
quat0,0.51630,0.13534,-0.84403,0.05229,1884.2
quat1,-0.30547,0.78698,-0.27812,-0.45825,1884.2
quat2,0.37965,-0.72236,0.54514,-0.19204,1884.2
quat3,0.35696,-0.85754,0.06619,0.36445,1884.2
quat4,-0.73506,0.23110,-0.11905,-0.62618,1884.2
quat5,0.00000,-0.86603,0.00000,0.50000,1884.2
quat6,0.00000,-0.86603,0.00000,0.50000,1884.2
quat7,0.00000,-0.86603,0.00000,0.50000,1884.2
quat8,0.00000,-0.86603,0.00000,0.50000,1884.2
quat0,0.52133,0.14193,-0.83859,0.06954,1884.22
quat1,-0.31092,0.78898,-0.27009,-0.45596,1884.22
quat2,0.36522,-0.73235,0.54105,-0.19377,1884.22
quat3,0.35627,-0.85306,0.06855,0.37504,1884.22
quat4,-0.72298,0.24286,-0.10633,-0.63797,1884.22
quat5,0.00000,-0.86603,0.00000,0.50000,1884.22
quat6,0.00000,-0.86603,0.00000,0.50000,1884.22
quat7,0.00000,-0.86603,0.00000,0.50000,1884.22
quat8,0.00000,-0.86603,0.00000,0.50000,1884.22
quat0,0.51899,0.14927,-0.83816,0.07657,1884.24
quat1,-0.31758,0.79011,-0.26316,-0.45344,1884.24
quat2,0.34996,-0.74162,0.53751,-0.19652,1884.24
quat3,0.35471,-0.84816,0.07302,0.38661,1884.24
quat4,-0.71108,0.25769,-0.09658,-0.64702,1884.24
quat5,0.00000,-0.86603,0.00000,0.50000,1884.24
quat6,0.00000,-0.86603,0.00000,0.50000,1884.24
quat7,0.00000,-0.86603,0.00000,0.50000,1884.24
quat8,0.00000,-0.86603,0.00000,0.50000,1884.24
quat0,0.51815,0.15942,-0.83561,0.08871,1884.26
quat1,-0.32172,0.79250,-0.25608,-0.45040,1884.26
quat2,0.33492,-0.75146,0.53240,-0.19924,1884.26
quat3,0.35017,-0.84385,0.07904,0.39881,1884.26
quat4,-0.69787,0.27421,-0.08940,-0.65559,1884.26
quat5,0.00000,-0.86603,0.00000,0.50000,1884.26
quat6,0.00000,-0.86603,0.00000,0.50000,1884.26
quat7,0.00000,-0.86603,0.00000,0.50000,1884.26
quat8,0.00000,-0.86603,0.00000,0.50000,1884.26
quat0,0.52102,0.16356,-0.83173,0.10008,1884.28
quat1,-0.32582,0.79511,-0.24893,-0.44684,1884.28
quat2,0.32113,-0.76028,0.52745,-0.20163,1884.28
quat3,0.34553,-0.84085,0.08470,0.40792,1884.28
quat4,-0.68467,0.29000,-0.08229,-0.66359,1884.28
quat5,0.00000,-0.86603,0.00000,0.50000,1884.28
quat6,0.00000,-0.86603,0.00000,0.50000,1884.28
quat7,0.00000,-0.86603,0.00000,0.50000,1884.28
quat8,0.00000,-0.86603,0.00000,0.50000,1884.28
quat0,0.52437,0.17547,-0.82423,0.12204,1884.3
quat1,-0.32802,0.79882,-0.24092,-0.44299,1884.3
quat2,0.30836,-0.76852,0.52226,-0.20382,1884.3
quat3,0.34068,-0.83747,0.08733,0.41827,1884.3
quat4,-0.67174,0.30231,-0.07081,-0.67258,1884.3
quat5,0.00000,-0.86603,0.00000,0.50000,1884.3
quat6,0.00000,-0.86603,0.00000,0.50000,1884.3
quat7,0.00000,-0.86603,0.00000,0.50000,1884.3
quat8,0.00000,-0.86603,0.00000,0.50000,1884.3
quat0,0.52546,0.17383,-0.82403,0.12109,1884.32
quat1,-0.32879,0.80386,-0.23431,-0.43682,1884.32
quat2,0.29825,-0.77602,0.51698,-0.20391,1884.32
quat3,0.33642,-0.83300,0.08929,0.43007,1884.32
quat4,-0.65945,0.31365,-0.05925,-0.68062,1884.32
quat5,0.00000,-0.86603,0.00000,0.50000,1884.32
quat6,0.00000,-0.86603,0.00000,0.50000,1884.32
quat7,0.00000,-0.86603,0.00000,0.50000,1884.32
quat8,0.00000,-0.86603,0.00000,0.50000,1884.32
quat0,0.52763,0.17951,-0.81895,0.13680,1884.34
quat1,-0.32858,0.80939,-0.22732,-0.43041,1884.34
quat2,0.28922,-0.78337,0.51125,-0.20324,1884.34
quat3,0.33238,-0.82837,0.09042,0.44177,1884.34
quat4,-0.64672,0.32650,-0.05260,-0.68730,1884.34
quat5,0.00000,-0.86603,0.00000,0.50000,1884.34
quat6,0.00000,-0.86603,0.00000,0.50000,1884.34
quat7,0.00000,-0.86603,0.00000,0.50000,1884.34
quat8,0.00000,-0.86603,0.00000,0.50000,1884.34
quat0,0.52823,0.18309,-0.81646,0.14438,1884.36
quat1,-0.32913,0.81396,-0.21935,-0.42548,1884.36
quat2,0.28115,-0.78981,0.50644,-0.20167,1884.36
quat3,0.32911,-0.82443,0.09171,0.45121,1884.36
quat4,-0.63487,0.33778,-0.04619,-0.69333,1884.36
quat5,0.00000,-0.86603,0.00000,0.50000,1884.36
quat6,0.00000,-0.86603,0.00000,0.50000,1884.36
quat7,0.00000,-0.86603,0.00000,0.50000,1884.36
quat8,0.00000,-0.86603,0.00000,0.50000,1884.36
quat0,0.52915,0.18450,-0.81327,0.15669,1884.38
quat1,-0.32840,0.81811,-0.21176,-0.42190,1884.38
quat2,0.27380,-0.79574,0.50186,-0.19993,1884.38
quat3,0.32592,-0.82170,0.09311,0.45816,1884.38
quat4,-0.62433,0.34483,-0.03707,-0.69995,1884.38
quat5,0.00000,-0.86603,0.00000,0.50000,1884.38
quat6,0.00000,-0.86603,0.00000,0.50000,1884.38
quat7,0.00000,-0.86603,0.00000,0.50000,1884.38
quat8,0.00000,-0.86603,0.00000,0.50000,1884.38
quat0,0.52477,0.18769,-0.81330,0.16711,1884.4
quat1,-0.32509,0.82270,-0.20523,-0.41876,1884.4
quat2,0.27188,-0.79878,0.49963,-0.19599,1884.4
quat3,0.32274,-0.81883,0.09413,0.46530,1884.4
quat4,-0.61670,0.34805,-0.02662,-0.70557,1884.4
quat5,0.00000,-0.86603,0.00000,0.50000,1884.4
quat6,0.00000,-0.86603,0.00000,0.50000,1884.4
quat7,0.00000,-0.86603,0.00000,0.50000,1884.4
quat8,0.00000,-0.86603,0.00000,0.50000,1884.4
quat0,0.51866,0.19366,-0.81238,0.18310,1884.42
quat1,-0.31937,0.82704,-0.19865,-0.41780,1884.42
quat2,0.27222,-0.80276,0.49480,-0.19143,1884.42
quat3,0.31879,-0.81616,0.09519,0.47244,1884.42
quat4,-0.61051,0.35477,-0.02138,-0.70779,1884.42
quat5,0.00000,-0.86603,0.00000,0.50000,1884.42
quat6,0.00000,-0.86603,0.00000,0.50000,1884.42
quat7,0.00000,-0.86603,0.00000,0.50000,1884.42
quat8,0.00000,-0.86603,0.00000,0.50000,1884.42
quat0,0.51564,0.19494,-0.81172,0.19295,1884.44
quat1,-0.31383,0.83120,-0.19348,-0.41616,1884.44
quat2,0.26851,-0.80738,0.48917,-0.19173,1884.44
quat3,0.31390,-0.81441,0.09880,0.47796,1884.44
quat4,-0.60427,0.36638,-0.02052,-0.70725,1884.44
quat5,0.00000,-0.86603,0.00000,0.50000,1884.44
quat6,0.00000,-0.86603,0.00000,0.50000,1884.44
quat7,0.00000,-0.86603,0.00000,0.50000,1884.44
quat8,0.00000,-0.86603,0.00000,0.50000,1884.44
quat0,0.50845,0.19844,-0.81391,0.19913,1884.46
quat1,-0.30768,0.83715,-0.19105,-0.40990,1884.46
quat2,0.25756,-0.81171,0.48591,-0.19669,1884.46
quat3,0.30845,-0.81282,0.10288,0.48332,1884.46
quat4,-0.59641,0.37752,-0.01634,-0.70817,1884.46
quat5,0.00000,-0.86603,0.00000,0.50000,1884.46
quat6,0.00000,-0.86603,0.00000,0.50000,1884.46
quat7,0.00000,-0.86603,0.00000,0.50000,1884.46
quat8,0.00000,-0.86603,0.00000,0.50000,1884.46
quat0,0.50741,0.20209,-0.81217,0.20512,1884.48
quat1,-0.30346,0.84255,-0.18929,-0.40272,1884.48
quat2,0.24761,-0.81728,0.48126,-0.19781,1884.48
quat3,0.30292,-0.81116,0.10899,0.48824,1884.48
quat4,-0.58996,0.38014,-0.00917,-0.71229,1884.48
quat5,0.00000,-0.86603,0.00000,0.50000,1884.48
quat6,0.00000,-0.86603,0.00000,0.50000,1884.48
quat7,0.00000,-0.86603,0.00000,0.50000,1884.48
quat8,0.00000,-0.86603,0.00000,0.50000,1884.48
quat0,0.50489,0.20274,-0.81267,0.20867,1884.5
quat1,-0.30140,0.84613,-0.18547,-0.39853,1884.5
quat2,0.24171,-0.82375,0.47343,-0.19715,1884.5
quat3,0.29670,-0.81114,0.11474,0.49077,1884.5
quat4,-0.58493,0.38388,-0.00761,-0.71445,1884.5
quat5,0.00000,-0.86603,0.00000,0.50000,1884.5
quat6,0.00000,-0.86603,0.00000,0.50000,1884.5
quat7,0.00000,-0.86603,0.00000,0.50000,1884.5
quat8,0.00000,-0.86603,0.00000,0.50000,1884.5
quat0,0.49874,0.20578,-0.81495,0.21160,1884.52
quat1,-0.30071,0.84873,-0.18116,-0.39548,1884.52
quat2,0.23595,-0.82936,0.46696,-0.19604,1884.52
quat3,0.29260,-0.81041,0.11775,0.49371,1884.52
quat4,-0.57951,0.39238,-0.00918,-0.71422,1884.52
quat5,0.00000,-0.86603,0.00000,0.50000,1884.52
quat6,0.00000,-0.86603,0.00000,0.50000,1884.52
quat7,0.00000,-0.86603,0.00000,0.50000,1884.52
quat8,0.00000,-0.86603,0.00000,0.50000,1884.52
quat0,0.49785,0.20705,-0.81360,0.21755,1884.54
quat1,-0.30032,0.85187,-0.17764,-0.39060,1884.54
quat2,0.22954,-0.83545,0.46076,-0.19244,1884.54
quat3,0.29001,-0.80832,0.11835,0.49851,1884.54
quat4,-0.57421,0.39876,-0.00866,-0.71499,1884.54
quat5,0.00000,-0.86603,0.00000,0.50000,1884.54
quat6,0.00000,-0.86603,0.00000,0.50000,1884.54
quat7,0.00000,-0.86603,0.00000,0.50000,1884.54
quat8,0.00000,-0.86603,0.00000,0.50000,1884.54
quat0,0.49438,0.21426,-0.81194,0.22456,1884.56
quat1,-0.30087,0.85497,-0.17408,-0.38497,1884.56
quat2,0.22179,-0.84010,0.45729,-0.18955,1884.56
quat3,0.28675,-0.80646,0.11929,0.50315,1884.56
quat4,-0.56943,0.40127,-0.00499,-0.71743,1884.56
quat5,0.00000,-0.86603,0.00000,0.50000,1884.56
quat6,0.00000,-0.86603,0.00000,0.50000,1884.56
quat7,0.00000,-0.86603,0.00000,0.50000,1884.56
quat8,0.00000,-0.86603,0.00000,0.50000,1884.56
quat0,0.49354,0.21513,-0.81231,0.22426,1884.58
quat1,-0.30209,0.85783,-0.17045,-0.37924,1884.58
quat2,0.21716,-0.84283,0.45594,-0.18600,1884.58
quat3,0.28230,-0.80647,0.12304,0.50475,1884.58
quat4,-0.56637,0.40370,-0.00377,-0.71850,1884.58
quat5,0.00000,-0.86603,0.00000,0.50000,1884.58
quat6,0.00000,-0.86603,0.00000,0.50000,1884.58
quat7,0.00000,-0.86603,0.00000,0.50000,1884.58
quat8,0.00000,-0.86603,0.00000,0.50000,1884.58
quat0,0.49367,0.21814,-0.80918,0.23224,1884.6
quat1,-0.30495,0.85916,-0.16634,-0.37573,1884.6
quat2,0.21812,-0.84618,0.45332,-0.17578,1884.6
quat3,0.27900,-0.80575,0.12559,0.50710,1884.6
quat4,-0.56506,0.40822,-0.00567,-0.71696,1884.6
quat5,0.00000,-0.86603,0.00000,0.50000,1884.6
quat6,0.00000,-0.86603,0.00000,0.50000,1884.6
quat7,0.00000,-0.86603,0.00000,0.50000,1884.6
quat8,0.00000,-0.86603,0.00000,0.50000,1884.6
quat0,0.49175,0.22114,-0.80891,0.23441,1884.62
quat1,-0.30828,0.86033,-0.16282,-0.37188,1884.62
quat2,0.22036,-0.84905,0.45117,-0.16430,1884.62
quat3,0.27870,-0.80370,0.12614,0.51037,1884.62
quat4,-0.56458,0.41167,-0.00736,-0.71535,1884.62
quat5,0.00000,-0.86603,0.00000,0.50000,1884.62
quat6,0.00000,-0.86603,0.00000,0.50000,1884.62
quat7,0.00000,-0.86603,0.00000,0.50000,1884.62
quat8,0.00000,-0.86603,0.00000,0.50000,1884.62
quat0,0.48925,0.22262,-0.80932,0.23680,1884.64
quat1,-0.31244,0.86121,-0.15971,-0.36769,1884.64
quat2,0.21925,-0.85033,0.45162,-0.15781,1884.64
quat3,0.28008,-0.80147,0.12564,0.51323,1884.64
quat4,-0.56473,0.41023,-0.00699,-0.71606,1884.64
quat5,0.00000,-0.86603,0.00000,0.50000,1884.64
quat6,0.00000,-0.86603,0.00000,0.50000,1884.64
quat7,0.00000,-0.86603,0.00000,0.50000,1884.64
quat8,0.00000,-0.86603,0.00000,0.50000,1884.64
quat0,0.48943,0.21975,-0.81142,0.23189,1884.66
quat1,-0.31692,0.86186,-0.15944,-0.36241,1884.66
quat2,0.21676,-0.85087,0.45306,-0.15417,1884.66
quat3,0.28261,-0.79887,0.12459,0.51615,1884.66
quat4,-0.56620,0.40781,-0.00663,-0.71629,1884.66
quat5,0.00000,-0.86603,0.00000,0.50000,1884.66
quat6,0.00000,-0.86603,0.00000,0.50000,1884.66
quat7,0.00000,-0.86603,0.00000,0.50000,1884.66
quat8,0.00000,-0.86603,0.00000,0.50000,1884.66
quat0,0.48972,0.21617,-0.81377,0.22631,1884.68
quat1,-0.32109,0.86192,-0.15959,-0.35850,1884.68
quat2,0.21710,-0.85095,0.45439,-0.14928,1884.68
quat3,0.28408,-0.79769,0.12517,0.51704,1884.68
quat4,-0.56901,0.40581,-0.00759,-0.71518,1884.68
quat5,0.00000,-0.86603,0.00000,0.50000,1884.68
quat6,0.00000,-0.86603,0.00000,0.50000,1884.68
quat7,0.00000,-0.86603,0.00000,0.50000,1884.68
quat8,0.00000,-0.86603,0.00000,0.50000,1884.68
quat0,0.49357,0.21197,-0.81515,0.21678,1884.7
quat1,-0.32586,0.86101,-0.16063,-0.35592,1884.7
quat2,0.22361,-0.84997,0.45608,-0.13978,1884.7
quat3,0.28466,-0.79781,0.12786,0.51587,1884.7
quat4,-0.57462,0.40359,-0.00999,-0.71192,1884.7
quat5,0.00000,-0.86603,0.00000,0.50000,1884.7
quat6,0.00000,-0.86603,0.00000,0.50000,1884.7
quat7,0.00000,-0.86603,0.00000,0.50000,1884.7
quat8,0.00000,-0.86603,0.00000,0.50000,1884.7
quat0,0.49719,0.20978,-0.81498,0.21120,1884.72
quat1,-0.33197,0.85823,-0.16091,-0.35686,1884.72
quat2,0.23156,-0.84898,0.45653,-0.13111,1884.72
quat3,0.28472,-0.79832,0.13160,0.51410,1884.72
quat4,-0.58031,0.40340,-0.01602,-0.70728,1884.72
quat5,0.00000,-0.86603,0.00000,0.50000,1884.72
quat6,0.00000,-0.86603,0.00000,0.50000,1884.72
quat7,0.00000,-0.86603,0.00000,0.50000,1884.72
quat8,0.00000,-0.86603,0.00000,0.50000,1884.72
quat0,0.50120,0.20426,-0.81685,0.19956,1884.74
quat1,-0.33852,0.85504,-0.16398,-0.35695,1884.74
quat2,0.23657,-0.84674,0.45912,-0.12758,1884.74
quat3,0.28748,-0.79799,0.13440,0.51235,1884.74
quat4,-0.58606,0.40302,-0.02075,-0.70262,1884.74
quat5,0.00000,-0.86603,0.00000,0.50000,1884.74
quat6,0.00000,-0.86603,0.00000,0.50000,1884.74
quat7,0.00000,-0.86603,0.00000,0.50000,1884.74
quat8,0.00000,-0.86603,0.00000,0.50000,1884.74
quat0,0.50579,0.19973,-0.81684,0.19248,1884.76
quat1,-0.34296,0.85262,-0.16854,-0.35639,1884.76
quat2,0.23921,-0.84342,0.46378,-0.12776,1884.76
quat3,0.29105,-0.79795,0.13664,0.50979,1884.76
quat4,-0.59023,0.40038,-0.02146,-0.70062,1884.76
quat5,0.00000,-0.86603,0.00000,0.50000,1884.76
quat6,0.00000,-0.86603,0.00000,0.50000,1884.76
quat7,0.00000,-0.86603,0.00000,0.50000,1884.76
quat8,0.00000,-0.86603,0.00000,0.50000,1884.76
quat0,0.51268,0.19221,-0.81755,0.17840,1884.78
quat1,-0.34781,0.84993,-0.17410,-0.35544,1884.78
quat2,0.24337,-0.84003,0.46768,-0.12806,1884.78
quat3,0.29442,-0.79915,0.14056,0.50490,1884.78
quat4,-0.59403,0.39834,-0.02219,-0.69854,1884.78
quat5,0.00000,-0.86603,0.00000,0.50000,1884.78
quat6,0.00000,-0.86603,0.00000,0.50000,1884.78
quat7,0.00000,-0.86603,0.00000,0.50000,1884.78
quat8,0.00000,-0.86603,0.00000,0.50000,1884.78
quat0,0.51720,0.18882,-0.81729,0.16998,1884.8
quat1,-0.35257,0.84710,-0.17877,-0.35518,1884.8
quat2,0.24672,-0.83682,0.47136,-0.12915,1884.8
quat3,0.29585,-0.80122,0.14624,0.49914,1884.8
quat4,-0.59603,0.39679,-0.02232,-0.69772,1884.8
quat5,0.00000,-0.86603,0.00000,0.50000,1884.8
quat6,0.00000,-0.86603,0.00000,0.50000,1884.8
quat7,0.00000,-0.86603,0.00000,0.50000,1884.8
quat8,0.00000,-0.86603,0.00000,0.50000,1884.8
quat0,0.52144,0.18373,-0.81858,0.15580,1884.82
quat1,-0.35951,0.84339,-0.18360,-0.35459,1884.82
quat2,0.24888,-0.83269,0.47656,-0.13254,1884.82
quat3,0.29936,-0.80165,0.15046,0.49508,1884.82
quat4,-0.59802,0.39671,-0.02349,-0.69602,1884.82
quat5,0.00000,-0.86603,0.00000,0.50000,1884.82
quat6,0.00000,-0.86603,0.00000,0.50000,1884.82
quat7,0.00000,-0.86603,0.00000,0.50000,1884.82
quat8,0.00000,-0.86603,0.00000,0.50000,1884.82
quat0,0.52504,0.17917,-0.81919,0.14547,1884.84
quat1,-0.36572,0.83977,-0.18873,-0.35415,1884.84
quat2,0.25090,-0.82913,0.48099,-0.13506,1884.84
quat3,0.30260,-0.80213,0.15488,0.49095,1884.84
quat4,-0.59816,0.39696,-0.02428,-0.69574,1884.84
quat5,0.00000,-0.86603,0.00000,0.50000,1884.84
quat6,0.00000,-0.86603,0.00000,0.50000,1884.84
quat7,0.00000,-0.86603,0.00000,0.50000,1884.84
quat8,0.00000,-0.86603,0.00000,0.50000,1884.84
quat0,0.52481,0.17050,-0.82373,0.13027,1884.86
quat1,-0.37221,0.83568,-0.19465,-0.35384,1884.86
quat2,0.25467,-0.82487,0.48621,-0.13537,1884.86
quat3,0.30682,-0.80267,0.16176,0.48519,1884.86
quat4,-0.59899,0.39616,-0.02354,-0.69550,1884.86
quat5,0.00000,-0.86603,0.00000,0.50000,1884.86
quat6,0.00000,-0.86603,0.00000,0.50000,1884.86
quat7,0.00000,-0.86603,0.00000,0.50000,1884.86
quat8,0.00000,-0.86603,0.00000,0.50000,1884.86
quat0,0.52145,0.16560,-0.82833,0.12056,1884.88
quat1,-0.37665,0.83199,-0.20128,-0.35413,1884.88
quat2,0.25925,-0.82094,0.48983,-0.13749,1884.88
quat3,0.30956,-0.80396,0.16817,0.47911,1884.88
quat4,-0.59945,0.39851,-0.02526,-0.69370,1884.88
quat5,0.00000,-0.86603,0.00000,0.50000,1884.88
quat6,0.00000,-0.86603,0.00000,0.50000,1884.88
quat7,0.00000,-0.86603,0.00000,0.50000,1884.88
quat8,0.00000,-0.86603,0.00000,0.50000,1884.88
quat0,0.51475,0.15477,-0.83788,0.09504,1884.9
quat1,-0.38002,0.82837,-0.21108,-0.35333,1884.9
quat2,0.26585,-0.81686,0.49187,-0.14185,1884.9
quat3,0.31224,-0.80535,0.17351,0.47309,1884.9
quat4,-0.60192,0.40673,-0.03329,-0.68641,1884.9
quat5,0.00000,-0.86603,0.00000,0.50000,1884.9
quat6,0.00000,-0.86603,0.00000,0.50000,1884.9
quat7,0.00000,-0.86603,0.00000,0.50000,1884.9
quat8,0.00000,-0.86603,0.00000,0.50000,1884.9
quat0,0.51021,0.15385,-0.84180,0.08599,1884.92
quat1,-0.38416,0.82461,-0.21857,-0.35308,1884.92
quat2,0.27362,-0.81123,0.49622,-0.14425,1884.92
quat3,0.31344,-0.80488,0.18089,0.47032,1884.92
quat4,-0.60712,0.40931,-0.03702,-0.68007,1884.92
quat5,0.00000,-0.86603,0.00000,0.50000,1884.92
quat6,0.00000,-0.86603,0.00000,0.50000,1884.92
quat7,0.00000,-0.86603,0.00000,0.50000,1884.92
quat8,0.00000,-0.86603,0.00000,0.50000,1884.92
quat0,0.51084,0.15022,-0.84257,0.08099,1884.94
quat1,-0.39431,0.81694,-0.21890,-0.35946,1884.94
quat2,0.28646,-0.80517,0.49986,-0.14065,1884.94
quat3,0.31426,-0.80352,0.19414,0.46681,1884.94
quat4,-0.61488,0.41223,-0.04167,-0.67101,1884.94
quat5,0.00000,-0.86603,0.00000,0.50000,1884.94
quat6,0.00000,-0.86603,0.00000,0.50000,1884.94
quat7,0.00000,-0.86603,0.00000,0.50000,1884.94
quat8,0.00000,-0.86603,0.00000,0.50000,1884.94
quat0,0.50934,0.15402,-0.84266,0.08233,1884.96
quat1,-0.40677,0.80814,-0.21440,-0.36808,1884.96
quat2,0.29435,-0.79981,0.50490,-0.13689,1884.96
quat3,0.31425,-0.80232,0.21465,0.45985,1884.96
quat4,-0.62065,0.41814,-0.04604,-0.66168,1884.96
quat5,0.00000,-0.86603,0.00000,0.50000,1884.96
quat6,0.00000,-0.86603,0.00000,0.50000,1884.96
quat7,0.00000,-0.86603,0.00000,0.50000,1884.96
quat8,0.00000,-0.86603,0.00000,0.50000,1884.96
quat0,0.51591,0.14042,-0.84199,0.07196,1884.98
quat1,-0.41740,0.80088,-0.21037,-0.37432,1884.98
quat2,0.30157,-0.79496,0.50929,-0.13310,1884.98
quat3,0.32230,-0.79599,0.23130,0.45720,1884.98
quat4,-0.62493,0.42121,-0.04401,-0.65583,1884.98
quat5,0.00000,-0.86603,0.00000,0.50000,1884.98
quat6,0.00000,-0.86603,0.00000,0.50000,1884.98
quat7,0.00000,-0.86603,0.00000,0.50000,1884.98
quat8,0.00000,-0.86603,0.00000,0.50000,1884.98
quat0,0.51413,0.12974,-0.84545,0.06364,1885
quat1,-0.42365,0.79726,-0.21050,-0.37495,1885
quat2,0.30944,-0.79172,0.51113,-0.12719,1885
quat3,0.32805,-0.79147,0.24526,0.45366,1885
quat4,-0.62853,0.42674,-0.04591,-0.64864,1885
quat5,0.00000,-0.86603,0.00000,0.50000,1885
quat6,0.00000,-0.86603,0.00000,0.50000,1885
quat7,0.00000,-0.86603,0.00000,0.50000,1885
quat8,0.00000,-0.86603,0.00000,0.50000,1885
quat0,0.50922,0.13058,-0.84883,0.05592,1885.02
quat1,-0.43079,0.79270,-0.20950,-0.37702,1885.02
quat2,0.31346,-0.78753,0.51541,-0.12605,1885.02
quat3,0.33042,-0.79149,0.25210,0.44812,1885.02
quat4,-0.63336,0.42334,-0.04544,-0.64621,1885.02
quat5,0.00000,-0.86603,0.00000,0.50000,1885.02
quat6,0.00000,-0.86603,0.00000,0.50000,1885.02
quat7,0.00000,-0.86603,0.00000,0.50000,1885.02
quat8,0.00000,-0.86603,0.00000,0.50000,1885.02
quat0,0.50641,0.13216,-0.85024,0.05642,1885.04
quat1,-0.43161,0.79198,-0.21296,-0.37567,1885.04
quat2,0.31533,-0.78435,0.51856,-0.12833,1885.04
quat3,0.33357,-0.79291,0.24781,0.44566,1885.04
quat4,-0.63618,0.41753,-0.04547,-0.64721,1885.04
quat5,0.00000,-0.86603,0.00000,0.50000,1885.04
quat6,0.00000,-0.86603,0.00000,0.50000,1885.04
quat7,0.00000,-0.86603,0.00000,0.50000,1885.04
quat8,0.00000,-0.86603,0.00000,0.50000,1885.04
quat0,0.50837,0.12661,-0.85024,0.05123,1885.06
quat1,-0.42904,0.78978,-0.22219,-0.37788,1885.06
quat2,0.31892,-0.77862,0.52369,-0.13337,1885.06
quat3,0.33749,-0.79682,0.24187,0.43894,1885.06
quat4,-0.63814,0.41379,-0.04862,-0.64745,1885.06
quat5,0.00000,-0.86603,0.00000,0.50000,1885.06
quat6,0.00000,-0.86603,0.00000,0.50000,1885.06
quat7,0.00000,-0.86603,0.00000,0.50000,1885.06
quat8,0.00000,-0.86603,0.00000,0.50000,1885.06
quat0,0.50943,0.12660,-0.84950,0.05289,1885.08
quat1,-0.42261,0.78760,-0.23055,-0.38462,1885.08
quat2,0.32095,-0.77273,0.52874,-0.14252,1885.08
quat3,0.33709,-0.80315,0.23573,0.43100,1885.08
quat4,-0.63962,0.41330,-0.05533,-0.64576,1885.08
quat5,0.00000,-0.86603,0.00000,0.50000,1885.08
quat6,0.00000,-0.86603,0.00000,0.50000,1885.08
quat7,0.00000,-0.86603,0.00000,0.50000,1885.08
quat8,0.00000,-0.86603,0.00000,0.50000,1885.08
quat0,0.50879,0.12233,-0.85068,0.05010,1885.1
quat1,-0.41441,0.78629,-0.24043,-0.39015,1885.1
quat2,0.32275,-0.76730,0.53356,-0.14967,1885.1
quat3,0.33360,-0.81102,0.23048,0.42171,1885.1
quat4,-0.64320,0.41159,-0.06275,-0.64262,1885.1
quat5,0.00000,-0.86603,0.00000,0.50000,1885.1
quat6,0.00000,-0.86603,0.00000,0.50000,1885.1
quat7,0.00000,-0.86603,0.00000,0.50000,1885.1
quat8,0.00000,-0.86603,0.00000,0.50000,1885.1
quat0,0.50939,0.11727,-0.85141,0.04315,1885.12
quat1,-0.40282,0.78692,-0.24880,-0.39573,1885.12
quat2,0.32553,-0.76306,0.53621,-0.15571,1885.12
quat3,0.32505,-0.82111,0.22309,0.41273,1885.12
quat4,-0.64693,0.40909,-0.07116,-0.63958,1885.12
quat5,0.00000,-0.86603,0.00000,0.50000,1885.12
quat6,0.00000,-0.86603,0.00000,0.50000,1885.12
quat7,0.00000,-0.86603,0.00000,0.50000,1885.12
quat8,0.00000,-0.86603,0.00000,0.50000,1885.12
quat0,0.51177,0.10654,-0.85196,0.03005,1885.14
quat1,-0.39264,0.78600,-0.25071,-0.40643,1885.14
quat2,0.33203,-0.75960,0.53622,-0.15882,1885.14
quat3,0.31662,-0.83011,0.21440,0.40584,1885.14
quat4,-0.65288,0.40815,-0.08352,-0.63260,1885.14
quat5,0.00000,-0.86603,0.00000,0.50000,1885.14
quat6,0.00000,-0.86603,0.00000,0.50000,1885.14
quat7,0.00000,-0.86603,0.00000,0.50000,1885.14
quat8,0.00000,-0.86603,0.00000,0.50000,1885.14
quat0,0.51303,0.10222,-0.85200,0.02090,1885.16
quat1,-0.38221,0.78450,-0.24923,-0.41996,1885.16
quat2,0.33903,-0.75648,0.53499,-0.16306,1885.16
quat3,0.31054,-0.83766,0.20339,0.40065,1885.16
quat4,-0.66051,0.40252,-0.09334,-0.62689,1885.16
quat5,0.00000,-0.86603,0.00000,0.50000,1885.16
quat6,0.00000,-0.86603,0.00000,0.50000,1885.16
quat7,0.00000,-0.86603,0.00000,0.50000,1885.16
quat8,0.00000,-0.86603,0.00000,0.50000,1885.16
quat0,0.51326,0.09370,-0.85308,0.00619,1885.18
quat1,-0.37042,0.78288,-0.24993,-0.43292,1885.18
quat2,0.34697,-0.75241,0.53430,-0.16735,1885.18
quat3,0.30765,-0.84382,0.18972,0.39665,1885.18
quat4,-0.67114,0.39238,-0.10136,-0.62076,1885.18
quat5,0.00000,-0.86603,0.00000,0.50000,1885.18
quat6,0.00000,-0.86603,0.00000,0.50000,1885.18
quat7,0.00000,-0.86603,0.00000,0.50000,1885.18
quat8,0.00000,-0.86603,0.00000,0.50000,1885.18
quat0,0.50974,0.08590,-0.85599,-0.00829,1885.2
quat1,-0.35544,0.78240,-0.25164,-0.44519,1885.2
quat2,0.35743,-0.74780,0.53241,-0.17197,1885.2
quat3,0.30711,-0.84923,0.17459,0.39244,1885.2
quat4,-0.68302,0.37986,-0.10673,-0.61466,1885.2
quat5,0.00000,-0.86603,0.00000,0.50000,1885.2
quat6,0.00000,-0.86603,0.00000,0.50000,1885.2
quat7,0.00000,-0.86603,0.00000,0.50000,1885.2
quat8,0.00000,-0.86603,0.00000,0.50000,1885.2
quat0,0.50587,0.07354,-0.85905,-0.02678,1885.22
quat1,-0.34103,0.78121,-0.25105,-0.45868,1885.22
quat2,0.36784,-0.74220,0.53040,-0.18031,1885.22
quat3,0.30487,-0.85607,0.16308,0.38418,1885.22
quat4,-0.69628,0.36891,-0.11178,-0.60548,1885.22
quat5,0.00000,-0.86603,0.00000,0.50000,1885.22
quat6,0.00000,-0.86603,0.00000,0.50000,1885.22
quat7,0.00000,-0.86603,0.00000,0.50000,1885.22
quat8,0.00000,-0.86603,0.00000,0.50000,1885.22
quat0,0.50009,0.07269,-0.86226,-0.03366,1885.24
quat1,-0.32584,0.77866,-0.25197,-0.47332,1885.24
quat2,0.37817,-0.73678,0.52736,-0.18984,1885.24
quat3,0.29952,-0.86430,0.15243,0.37422,1885.24
quat4,-0.70932,0.35723,-0.11460,-0.59675,1885.24
quat5,0.00000,-0.86603,0.00000,0.50000,1885.24
quat6,0.00000,-0.86603,0.00000,0.50000,1885.24
quat7,0.00000,-0.86603,0.00000,0.50000,1885.24
quat8,0.00000,-0.86603,0.00000,0.50000,1885.24
quat0,0.49717,0.06541,-0.86369,-0.05085,1885.26
quat1,-0.31038,0.77625,-0.25298,-0.48693,1885.26
quat2,0.39104,-0.73035,0.52424,-0.19711,1885.26
quat3,0.29388,-0.87290,0.13953,0.36362,1885.26
quat4,-0.72275,0.34384,-0.11711,-0.58796,1885.26
quat5,0.00000,-0.86603,0.00000,0.50000,1885.26
quat6,0.00000,-0.86603,0.00000,0.50000,1885.26
quat7,0.00000,-0.86603,0.00000,0.50000,1885.26
quat8,0.00000,-0.86603,0.00000,0.50000,1885.26
quat0,0.49425,0.05987,-0.86512,-0.06084,1885.28
quat1,-0.29340,0.77297,-0.25273,-0.50256,1885.28
quat2,0.40656,-0.72462,0.51952,-0.19933,1885.28
quat3,0.28789,-0.88215,0.12525,0.35106,1885.28
quat4,-0.73386,0.33175,-0.12354,-0.57977,1885.28
quat5,0.00000,-0.86603,0.00000,0.50000,1885.28
quat6,0.00000,-0.86603,0.00000,0.50000,1885.28
quat7,0.00000,-0.86603,0.00000,0.50000,1885.28
quat8,0.00000,-0.86603,0.00000,0.50000,1885.28
quat0,0.49395,0.05325,-0.86445,-0.07689,1885.3
quat1,-0.27594,0.76809,-0.25113,-0.52041,1885.3
quat2,0.42416,-0.71690,0.51569,-0.20051,1885.3
quat3,0.28179,-0.89227,0.10788,0.33587,1885.3
quat4,-0.74444,0.31700,-0.12931,-0.57324,1885.3
quat5,0.00000,-0.86603,0.00000,0.50000,1885.3
quat6,0.00000,-0.86603,0.00000,0.50000,1885.3
quat7,0.00000,-0.86603,0.00000,0.50000,1885.3
quat8,0.00000,-0.86603,0.00000,0.50000,1885.3
quat0,0.49403,0.05024,-0.86370,-0.08622,1885.32
quat1,-0.25675,0.76192,-0.25073,-0.53915,1885.32
quat2,0.44169,-0.71003,0.51071,-0.19986,1885.32
quat3,0.27416,-0.90305,0.08608,0.31926,1885.32
quat4,-0.75328,0.30383,-0.13815,-0.56671,1885.32
quat5,0.00000,-0.86603,0.00000,0.50000,1885.32
quat6,0.00000,-0.86603,0.00000,0.50000,1885.32
quat7,0.00000,-0.86603,0.00000,0.50000,1885.32
quat8,0.00000,-0.86603,0.00000,0.50000,1885.32
quat0,0.49210,0.04972,-0.86368,-0.09708,1885.34
quat1,-0.23447,0.75379,-0.25318,-0.55921,1885.34
quat2,0.45933,-0.70181,0.50653,-0.19976,1885.34
quat3,0.26491,-0.91410,0.06036,0.30101,1885.34
quat4,-0.76165,0.29123,-0.14791,-0.55964,1885.34
quat5,0.00000,-0.86603,0.00000,0.50000,1885.34
quat6,0.00000,-0.86603,0.00000,0.50000,1885.34
quat7,0.00000,-0.86603,0.00000,0.50000,1885.34
quat8,0.00000,-0.86603,0.00000,0.50000,1885.34
quat0,0.49529,0.04487,-0.86038,-0.11145,1885.36
quat1,-0.20922,0.74558,-0.25724,-0.57807,1885.36
quat2,0.47747,-0.69579,0.49941,-0.19618,1885.36
quat3,0.25450,-0.92449,0.03214,0.28198,1885.36
quat4,-0.76835,0.28206,-0.16043,-0.55168,1885.36
quat5,0.00000,-0.86603,0.00000,0.50000,1885.36
quat6,0.00000,-0.86603,0.00000,0.50000,1885.36
quat7,0.00000,-0.86603,0.00000,0.50000,1885.36
quat8,0.00000,-0.86603,0.00000,0.50000,1885.36
quat0,0.49957,0.04093,-0.85644,-0.12359,1885.38
quat1,-0.18255,0.73611,-0.26026,-0.59756,1885.38
quat2,0.49498,-0.68949,0.49264,-0.19212,1885.38
quat3,0.24350,-0.93521,0.00223,0.25707,1885.38
quat4,-0.77516,0.27034,-0.16996,-0.54512,1885.38
quat5,0.00000,-0.86603,0.00000,0.50000,1885.38
quat6,0.00000,-0.86603,0.00000,0.50000,1885.38
quat7,0.00000,-0.86603,0.00000,0.50000,1885.38
quat8,0.00000,-0.86603,0.00000,0.50000,1885.38
quat0,0.50203,0.03766,-0.85508,-0.12407,1885.4
quat1,-0.14946,0.72597,-0.26406,-0.61718,1885.4
quat2,0.51155,-0.68579,0.48413,-0.18340,1885.4
quat3,0.22924,-0.94504,-0.03204,0.23091,1885.4
quat4,-0.78116,0.26313,-0.18268,-0.53590,1885.4
quat5,0.00000,-0.86603,0.00000,0.50000,1885.4
quat6,0.00000,-0.86603,0.00000,0.50000,1885.4
quat7,0.00000,-0.86603,0.00000,0.50000,1885.4
quat8,0.00000,-0.86603,0.00000,0.50000,1885.4
quat0,0.50557,0.02082,-0.84768,-0.15940,1885.42
quat1,-0.11638,0.70743,-0.26759,-0.64374,1885.42
quat2,0.52803,-0.68206,0.47605,-0.17132,1885.42
quat3,0.21439,-0.95321,-0.06755,0.20216,1885.42
quat4,-0.78768,0.25833,-0.19711,-0.52342,1885.42
quat5,0.00000,-0.86603,0.00000,0.50000,1885.42
quat6,0.00000,-0.86603,0.00000,0.50000,1885.42
quat7,0.00000,-0.86603,0.00000,0.50000,1885.42
quat8,0.00000,-0.86603,0.00000,0.50000,1885.42
quat0,0.51000,0.01879,-0.84537,-0.15780,1885.44
quat1,-0.07870,0.68259,-0.27028,-0.67441,1885.44
quat2,0.54198,-0.67990,0.46894,-0.15525,1885.44
quat3,0.19560,-0.95947,-0.10262,0.17499,1885.44
quat4,-0.79474,0.25550,-0.20948,-0.50914,1885.44
quat5,0.00000,-0.86603,0.00000,0.50000,1885.44
quat6,0.00000,-0.86603,0.00000,0.50000,1885.44
quat7,0.00000,-0.86603,0.00000,0.50000,1885.44
quat8,0.00000,-0.86603,0.00000,0.50000,1885.44
quat0,0.50906,0.01494,-0.84742,-0.15006,1885.46
quat1,-0.03728,0.65349,-0.27412,-0.70457,1885.46
quat2,0.55400,-0.67710,0.46454,-0.13720,1885.46
quat3,0.17484,-0.96379,-0.13870,0.14598,1885.46
quat4,-0.80416,0.25457,-0.21990,-0.49006,1885.46
quat5,0.00000,-0.86603,0.00000,0.50000,1885.46
quat6,0.00000,-0.86603,0.00000,0.50000,1885.46
quat7,0.00000,-0.86603,0.00000,0.50000,1885.46
quat8,0.00000,-0.86603,0.00000,0.50000,1885.46
quat0,0.50655,0.00947,-0.85053,-0.14115,1885.48
quat1,0.01059,0.62679,-0.27696,-0.72822,1885.48
quat2,0.56271,-0.67431,0.46389,-0.11610,1885.48
quat3,0.15316,-0.96630,-0.17541,0.10973,1885.48
quat4,-0.81410,0.25572,-0.22798,-0.46891,1885.48
quat5,0.00000,-0.86603,0.00000,0.50000,1885.48
quat6,0.00000,-0.86603,0.00000,0.50000,1885.48
quat7,0.00000,-0.86603,0.00000,0.50000,1885.48
quat8,0.00000,-0.86603,0.00000,0.50000,1885.48
quat0,0.50471,-0.00229,-0.85031,-0.14912,1885.5
quat1,0.06081,0.59957,-0.27316,-0.74980,1885.5
quat2,0.56502,-0.67426,0.46664,-0.09152,1885.5
quat3,0.13236,-0.96635,-0.20943,0.06918,1885.5
quat4,-0.82476,0.25321,-0.22343,-0.45357,1885.5
quat5,0.00000,-0.86603,0.00000,0.50000,1885.5
quat6,0.00000,-0.86603,0.00000,0.50000,1885.5
quat7,0.00000,-0.86603,0.00000,0.50000,1885.5
quat8,0.00000,-0.86603,0.00000,0.50000,1885.5
quat0,0.49828,-0.00585,-0.85299,-0.15522,1885.52
quat1,0.10590,0.57818,-0.26049,-0.76592,1885.52
quat2,0.56068,-0.67982,0.46853,-0.06298,1885.52
quat3,0.11227,-0.96461,-0.23617,0.03380,1885.52
quat4,-0.83225,0.25414,-0.21004,-0.44571,1885.52
quat5,0.00000,-0.86603,0.00000,0.50000,1885.52
quat6,0.00000,-0.86603,0.00000,0.50000,1885.52
quat7,0.00000,-0.86603,0.00000,0.50000,1885.52
quat8,0.00000,-0.86603,0.00000,0.50000,1885.52
quat0,0.51709,-0.01097,-0.84371,-0.14372,1885.54
quat1,0.13616,0.56652,-0.23821,-0.77703,1885.54
quat2,0.55143,-0.68681,0.47220,-0.03530,1885.54
quat3,0.09726,-0.96329,-0.24998,0.01095,1885.54
quat4,-0.83429,0.26160,-0.19771,-0.44322,1885.54
quat5,0.00000,-0.86603,0.00000,0.50000,1885.54
quat6,0.00000,-0.86603,0.00000,0.50000,1885.54
quat7,0.00000,-0.86603,0.00000,0.50000,1885.54
quat8,0.00000,-0.86603,0.00000,0.50000,1885.54
quat0,0.55697,-0.01916,-0.81522,-0.15758,1885.56
quat1,0.14285,0.56411,-0.21284,-0.78490,1885.56
quat2,0.54079,-0.68879,0.48274,-0.00875,1885.56
quat3,0.08757,-0.96345,-0.25315,-0.00086,1885.56
quat4,-0.83190,0.27150,-0.18957,-0.44529,1885.56
quat5,0.00000,-0.86603,0.00000,0.50000,1885.56
quat6,0.00000,-0.86603,0.00000,0.50000,1885.56
quat7,0.00000,-0.86603,0.00000,0.50000,1885.56
quat8,0.00000,-0.86603,0.00000,0.50000,1885.56
quat0,0.47583,0.00080,-0.86524,-0.15793,1885.58
quat1,0.12893,0.56395,-0.19003,-0.79324,1885.58
quat2,0.53673,-0.68257,0.49594,0.00788,1885.58
quat3,0.08112,-0.96560,-0.24707,0.00079,1885.58
quat4,-0.82894,0.28526,-0.19435,-0.44014,1885.58
quat5,0.00000,-0.86603,0.00000,0.50000,1885.58
quat6,0.00000,-0.86603,0.00000,0.50000,1885.58
quat7,0.00000,-0.86603,0.00000,0.50000,1885.58
quat8,0.00000,-0.86603,0.00000,0.50000,1885.58
quat0,0.49479,0.00462,-0.85193,-0.17140,1885.6
quat1,0.10928,0.56861,-0.17423,-0.79648,1885.6
quat2,0.54060,-0.67206,0.50575,0.01773,1885.6
quat3,0.07489,-0.96995,-0.23119,0.01224,1885.6
quat4,-0.83071,0.29034,-0.19650,-0.43245,1885.6
quat5,0.00000,-0.86603,0.00000,0.50000,1885.6
quat6,0.00000,-0.86603,0.00000,0.50000,1885.6
quat7,0.00000,-0.86603,0.00000,0.50000,1885.6
quat8,0.00000,-0.86603,0.00000,0.50000,1885.6
quat0,0.49903,-0.00204,-0.84815,-0.17779,1885.62
quat1,0.08910,0.58765,-0.15837,-0.78845,1885.62
quat2,0.55000,-0.66158,0.50928,0.02089,1885.62
quat3,0.07031,-0.97409,-0.21292,0.02962,1885.62
quat4,-0.83309,0.28983,-0.20123,-0.42599,1885.62
quat5,0.00000,-0.86603,0.00000,0.50000,1885.62
quat6,0.00000,-0.86603,0.00000,0.50000,1885.62
quat7,0.00000,-0.86603,0.00000,0.50000,1885.62
quat8,0.00000,-0.86603,0.00000,0.50000,1885.62
quat0,0.49735,0.00324,-0.84792,-0.18344,1885.64
quat1,0.06775,0.61890,-0.14174,-0.76960,1885.64
quat2,0.55940,-0.65269,0.51063,0.01792,1885.64
quat3,0.07147,-0.97692,-0.19405,0.05356,1885.64
quat4,-0.83611,0.28451,-0.20854,-0.42011,1885.64
quat5,0.00000,-0.86603,0.00000,0.50000,1885.64
quat6,0.00000,-0.86603,0.00000,0.50000,1885.64
quat7,0.00000,-0.86603,0.00000,0.50000,1885.64
quat8,0.00000,-0.86603,0.00000,0.50000,1885.64
quat0,0.50289,0.02196,-0.84960,-0.15749,1885.66
quat1,0.04597,0.65677,-0.12774,-0.74177,1885.66
quat2,0.56571,-0.64590,0.51252,0.01104,1885.66
quat3,0.07760,-0.97791,-0.17419,0.08566,1885.66
quat4,-0.83799,0.27633,-0.21263,-0.41977,1885.66
quat5,0.00000,-0.86603,0.00000,0.50000,1885.66
quat6,0.00000,-0.86603,0.00000,0.50000,1885.66
quat7,0.00000,-0.86603,0.00000,0.50000,1885.66
quat8,0.00000,-0.86603,0.00000,0.50000,1885.66
quat0,0.49700,0.03424,-0.85576,-0.13960,1885.68
quat1,0.02132,0.69331,-0.12035,-0.71020,1885.68
quat2,0.56988,-0.63850,0.51725,0.00206,1885.68
quat3,0.08908,-0.97679,-0.15441,0.11873,1885.68
quat4,-0.83976,0.26457,-0.21367,-0.42325,1885.68
quat5,0.00000,-0.86603,0.00000,0.50000,1885.68
quat6,0.00000,-0.86603,0.00000,0.50000,1885.68
quat7,0.00000,-0.86603,0.00000,0.50000,1885.68
quat8,0.00000,-0.86603,0.00000,0.50000,1885.68
quat0,0.49807,0.03163,-0.85346,-0.15012,1885.7
quat1,-0.00449,0.71802,-0.12182,-0.68526,1885.7
quat2,0.57524,-0.63142,0.51998,-0.00574,1885.7
quat3,0.10739,-0.97424,-0.13670,0.14363,1885.7
quat4,-0.84034,0.25208,-0.21372,-0.42966,1885.7
quat5,0.00000,-0.86603,0.00000,0.50000,1885.7
quat6,0.00000,-0.86603,0.00000,0.50000,1885.7
quat7,0.00000,-0.86603,0.00000,0.50000,1885.7
quat8,0.00000,-0.86603,0.00000,0.50000,1885.7
quat0,0.49706,0.03314,-0.85382,-0.15108,1885.72
quat1,-0.03256,0.73070,-0.12835,-0.66973,1885.72
quat2,0.58000,-0.62369,0.52383,-0.01421,1885.72
quat3,0.12988,-0.97112,-0.11902,0.16089,1885.72
quat4,-0.84044,0.23935,-0.21455,-0.43629,1885.72
quat5,0.00000,-0.86603,0.00000,0.50000,1885.72
quat6,0.00000,-0.86603,0.00000,0.50000,1885.72
quat7,0.00000,-0.86603,0.00000,0.50000,1885.72
quat8,0.00000,-0.86603,0.00000,0.50000,1885.72
quat0,0.50981,0.05277,-0.85085,-0.11562,1885.74
quat1,-0.05686,0.74092,-0.13380,-0.65566,1885.74
quat2,0.58080,-0.61752,0.52987,-0.02400,1885.74
quat3,0.15176,-0.96738,-0.10151,0.17561,1885.74
quat4,-0.83961,0.22790,-0.21169,-0.44532,1885.74
quat5,0.00000,-0.86603,0.00000,0.50000,1885.74
quat6,0.00000,-0.86603,0.00000,0.50000,1885.74
quat7,0.00000,-0.86603,0.00000,0.50000,1885.74
quat8,0.00000,-0.86603,0.00000,0.50000,1885.74
quat0,0.49901,0.04979,-0.85633,-0.12334,1885.76
quat1,-0.08062,0.75239,-0.13823,-0.63898,1885.76
quat2,0.58070,-0.61284,0.53499,-0.03156,1885.76
quat3,0.17265,-0.96351,-0.08170,0.18753,1885.76
quat4,-0.83874,0.21724,-0.20757,-0.45414,1885.76
quat5,0.00000,-0.86603,0.00000,0.50000,1885.76
quat6,0.00000,-0.86603,0.00000,0.50000,1885.76
quat7,0.00000,-0.86603,0.00000,0.50000,1885.76
quat8,0.00000,-0.86603,0.00000,0.50000,1885.76
quat0,0.50339,0.05579,-0.85445,-0.11572,1885.78
quat1,-0.10616,0.76154,-0.14238,-0.62331,1885.78
quat2,0.57971,-0.61033,0.53846,-0.03862,1885.78
quat3,0.19468,-0.95884,-0.06345,0.19673,1885.78
quat4,-0.83634,0.20996,-0.20416,-0.46343,1885.78
quat5,0.00000,-0.86603,0.00000,0.50000,1885.78
quat6,0.00000,-0.86603,0.00000,0.50000,1885.78
quat7,0.00000,-0.86603,0.00000,0.50000,1885.78
quat8,0.00000,-0.86603,0.00000,0.50000,1885.78
quat0,0.50637,0.06229,-0.85426,-0.09978,1885.8
quat1,-0.13132,0.76882,-0.14840,-0.60799,1885.8
quat2,0.57573,-0.60920,0.54342,-0.04586,1885.8
quat3,0.21657,-0.95333,-0.04595,0.20529,1885.8
quat4,-0.83447,0.20245,-0.19939,-0.47215,1885.8
quat5,0.00000,-0.86603,0.00000,0.50000,1885.8
quat6,0.00000,-0.86603,0.00000,0.50000,1885.8
quat7,0.00000,-0.86603,0.00000,0.50000,1885.8
quat8,0.00000,-0.86603,0.00000,0.50000,1885.8
quat0,0.50453,0.06919,-0.85623,-0.08680,1885.82
quat1,-0.15066,0.77328,-0.15700,-0.59556,1885.82
quat2,0.56885,-0.61174,0.54727,-0.05178,1885.82
quat3,0.23709,-0.94741,-0.03016,0.21283,1885.82
quat4,-0.83075,0.19732,-0.19336,-0.48325,1885.82
quat5,0.00000,-0.86603,0.00000,0.50000,1885.82
quat6,0.00000,-0.86603,0.00000,0.50000,1885.82
quat7,0.00000,-0.86603,0.00000,0.50000,1885.82
quat8,0.00000,-0.86603,0.00000,0.50000,1885.82
quat0,0.50534,0.07091,-0.85696,-0.07227,1885.84
quat1,-0.16691,0.77289,-0.16554,-0.58939,1885.84
quat2,0.56225,-0.61530,0.54953,-0.05743,1885.84
quat3,0.25685,-0.94165,-0.01718,0.21687,1885.84
quat4,-0.82539,0.19191,-0.18467,-0.49780,1885.84
quat5,0.00000,-0.86603,0.00000,0.50000,1885.84
quat6,0.00000,-0.86603,0.00000,0.50000,1885.84
quat7,0.00000,-0.86603,0.00000,0.50000,1885.84
quat8,0.00000,-0.86603,0.00000,0.50000,1885.84
quat0,0.49999,0.07621,-0.86079,-0.05704,1885.86
quat1,-0.17790,0.77401,-0.17269,-0.58261,1885.86
quat2,0.55362,-0.62122,0.55087,-0.06428,1885.86
quat3,0.27341,-0.93593,-0.00671,0.22192,1885.86
quat4,-0.81601,0.18723,-0.17158,-0.51926,1885.86
quat5,0.00000,-0.86603,0.00000,0.50000,1885.86
quat6,0.00000,-0.86603,0.00000,0.50000,1885.86
quat7,0.00000,-0.86603,0.00000,0.50000,1885.86
quat8,0.00000,-0.86603,0.00000,0.50000,1885.86
quat0,0.50018,0.07315,-0.86127,-0.05177,1885.88
quat1,-0.18641,0.77716,-0.17855,-0.57392,1885.88
quat2,0.54322,-0.62699,0.55364,-0.07268,1885.88
quat3,0.29342,-0.92758,0.00392,0.23126,1885.88
quat4,-0.80484,0.18207,-0.15638,-0.54280,1885.88
quat5,0.00000,-0.86603,0.00000,0.50000,1885.88
quat6,0.00000,-0.86603,0.00000,0.50000,1885.88
quat7,0.00000,-0.86603,0.00000,0.50000,1885.88
quat8,0.00000,-0.86603,0.00000,0.50000,1885.88
quat0,0.50592,0.07455,-0.85833,-0.04188,1885.9
quat1,-0.18993,0.78221,-0.18628,-0.56336,1885.9
quat2,0.53329,-0.63216,0.55603,-0.08245,1885.9
quat3,0.31482,-0.91759,0.01214,0.24242,1885.9
quat4,-0.79030,0.17998,-0.14259,-0.56806,1885.9
quat5,0.00000,-0.86603,0.00000,0.50000,1885.9
quat6,0.00000,-0.86603,0.00000,0.50000,1885.9
quat7,0.00000,-0.86603,0.00000,0.50000,1885.9
quat8,0.00000,-0.86603,0.00000,0.50000,1885.9
quat0,0.49844,0.08227,-0.86260,-0.02670,1885.92
quat1,-0.19238,0.78669,-0.19684,-0.55260,1885.92
quat2,0.52552,-0.63622,0.55730,-0.09207,1885.92
quat3,0.33410,-0.90794,0.01686,0.25246,1885.92
quat4,-0.77358,0.18190,-0.13289,-0.59230,1885.92
quat5,0.00000,-0.86603,0.00000,0.50000,1885.92
quat6,0.00000,-0.86603,0.00000,0.50000,1885.92
quat7,0.00000,-0.86603,0.00000,0.50000,1885.92
quat8,0.00000,-0.86603,0.00000,0.50000,1885.92
quat0,0.50015,0.09287,-0.86089,-0.00928,1885.94
quat1,-0.19485,0.79074,-0.20692,-0.54217,1885.94
quat2,0.51598,-0.64242,0.55727,-0.10250,1885.94
quat3,0.34962,-0.89830,0.01799,0.26552,1885.94
quat4,-0.75402,0.18742,-0.12711,-0.61658,1885.94
quat5,0.00000,-0.86603,0.00000,0.50000,1885.94
quat6,0.00000,-0.86603,0.00000,0.50000,1885.94
quat7,0.00000,-0.86603,0.00000,0.50000,1885.94
quat8,0.00000,-0.86603,0.00000,0.50000,1885.94
quat0,0.50250,0.09841,-0.85895,-0.00311,1885.96
quat1,-0.20099,0.79353,-0.21661,-0.53198,1885.96
quat2,0.50244,-0.64979,0.55903,-0.11323,1885.96
quat3,0.36437,-0.88719,0.01955,0.28240,1885.96
quat4,-0.73564,0.19050,-0.11980,-0.63889,1885.96
quat5,0.00000,-0.86603,0.00000,0.50000,1885.96
quat6,0.00000,-0.86603,0.00000,0.50000,1885.96
quat7,0.00000,-0.86603,0.00000,0.50000,1885.96
quat8,0.00000,-0.86603,0.00000,0.50000,1885.96
quat0,0.50228,0.10745,-0.85796,0.00820,1885.98
quat1,-0.20915,0.79689,-0.22485,-0.52026,1885.98
quat2,0.48767,-0.65885,0.55965,-0.12202,1885.98
quat3,0.37613,-0.87596,0.02056,0.30132,1885.98
quat4,-0.71824,0.19039,-0.10930,-0.66025,1885.98
quat5,0.00000,-0.86603,0.00000,0.50000,1885.98
quat6,0.00000,-0.86603,0.00000,0.50000,1885.98
quat7,0.00000,-0.86603,0.00000,0.50000,1885.98
quat8,0.00000,-0.86603,0.00000,0.50000,1885.98
quat0,0.50790,0.11025,-0.85420,0.01506,1886
quat1,-0.22035,0.79793,-0.23382,-0.50999,1886
quat2,0.47545,-0.66748,0.55869,-0.12759,1886
quat3,0.38541,-0.86726,0.02157,0.31442,1886
quat4,-0.70347,0.18851,-0.09722,-0.67833,1886
quat5,0.00000,-0.86603,0.00000,0.50000,1886
quat6,0.00000,-0.86603,0.00000,0.50000,1886
quat7,0.00000,-0.86603,0.00000,0.50000,1886
quat8,0.00000,-0.86603,0.00000,0.50000,1886
quat0,0.51259,0.12541,-0.84839,0.04181,1886.02
quat1,-0.22939,0.79767,-0.24176,-0.50264,1886.02
quat2,0.46144,-0.67634,0.55834,-0.13380,1886.02
quat3,0.39095,-0.86113,0.02232,0.32421,1886.02
quat4,-0.68980,0.18719,-0.08532,-0.69416,1886.02
quat5,0.00000,-0.86603,0.00000,0.50000,1886.02
quat6,0.00000,-0.86603,0.00000,0.50000,1886.02
quat7,0.00000,-0.86603,0.00000,0.50000,1886.02
quat8,0.00000,-0.86603,0.00000,0.50000,1886.02
quat0,0.51155,0.12709,-0.84852,0.04667,1886.04
quat1,-0.23847,0.79654,-0.24658,-0.49784,1886.04
quat2,0.44556,-0.68568,0.55846,-0.13941,1886.04
quat3,0.39374,-0.85694,0.02629,0.33155,1886.04
quat4,-0.67781,0.18954,-0.07633,-0.70627,1886.04
quat5,0.00000,-0.86603,0.00000,0.50000,1886.04
quat6,0.00000,-0.86603,0.00000,0.50000,1886.04
quat7,0.00000,-0.86603,0.00000,0.50000,1886.04
quat8,0.00000,-0.86603,0.00000,0.50000,1886.04
quat0,0.51107,0.13356,-0.84732,0.05483,1886.06
quat1,-0.24747,0.79478,-0.24889,-0.49511,1886.06
quat2,0.42986,-0.69746,0.55518,-0.14332,1886.06
quat3,0.39437,-0.85308,0.03080,0.34026,1886.06
quat4,-0.66527,0.19602,-0.07109,-0.71690,1886.06
quat5,0.00000,-0.86603,0.00000,0.50000,1886.06
quat6,0.00000,-0.86603,0.00000,0.50000,1886.06
quat7,0.00000,-0.86603,0.00000,0.50000,1886.06
quat8,0.00000,-0.86603,0.00000,0.50000,1886.06
quat0,0.51333,0.14121,-0.84356,0.07042,1886.08
quat1,-0.25765,0.79327,-0.24868,-0.49244,1886.08
quat2,0.41401,-0.70974,0.55060,-0.14732,1886.08
quat3,0.39369,-0.84821,0.03491,0.35261,1886.08
quat4,-0.65433,0.20194,-0.06333,-0.72599,1886.08
quat5,0.00000,-0.86603,0.00000,0.50000,1886.08
quat6,0.00000,-0.86603,0.00000,0.50000,1886.08
quat7,0.00000,-0.86603,0.00000,0.50000,1886.08
quat8,0.00000,-0.86603,0.00000,0.50000,1886.08
quat0,0.51677,0.15034,-0.83843,0.08592,1886.1
quat1,-0.26476,0.79444,-0.24806,-0.48706,1886.1
quat2,0.39529,-0.72344,0.54496,-0.15298,1886.1
quat3,0.39054,-0.84241,0.03745,0.36935,1886.1
quat4,-0.64441,0.20884,-0.05212,-0.73376,1886.1
quat5,0.00000,-0.86603,0.00000,0.50000,1886.1
quat6,0.00000,-0.86603,0.00000,0.50000,1886.1
quat7,0.00000,-0.86603,0.00000,0.50000,1886.1
quat8,0.00000,-0.86603,0.00000,0.50000,1886.1
quat0,0.51584,0.16008,-0.83609,0.09606,1886.12
quat1,-0.27231,0.79566,-0.24788,-0.48097,1886.12
quat2,0.37804,-0.73595,0.53878,-0.15872,1886.12
quat3,0.38605,-0.83558,0.04171,0.38864,1886.12
quat4,-0.63580,0.21934,-0.04121,-0.73889,1886.12
quat5,0.00000,-0.86603,0.00000,0.50000,1886.12
quat6,0.00000,-0.86603,0.00000,0.50000,1886.12
quat7,0.00000,-0.86603,0.00000,0.50000,1886.12
quat8,0.00000,-0.86603,0.00000,0.50000,1886.12
quat0,0.51903,0.16908,-0.83034,0.11202,1886.14
quat1,-0.27820,0.79900,-0.24629,-0.47280,1886.14
quat2,0.35957,-0.74882,0.53161,-0.16544,1886.14
quat3,0.38020,-0.82959,0.04760,0.40615,1886.14
quat4,-0.62541,0.23433,-0.03353,-0.74352,1886.14
quat5,0.00000,-0.86603,0.00000,0.50000,1886.14
quat6,0.00000,-0.86603,0.00000,0.50000,1886.14
quat7,0.00000,-0.86603,0.00000,0.50000,1886.14
quat8,0.00000,-0.86603,0.00000,0.50000,1886.14
quat0,0.52005,0.17770,-0.82609,0.12467,1886.16
quat1,-0.28164,0.80356,-0.24372,-0.46429,1886.16
quat2,0.34154,-0.75938,0.52603,-0.17314,1886.16
quat3,0.37375,-0.82518,0.05492,0.41997,1886.16
quat4,-0.61564,0.24699,-0.02506,-0.74790,1886.16
quat5,0.00000,-0.86603,0.00000,0.50000,1886.16
quat6,0.00000,-0.86603,0.00000,0.50000,1886.16
quat7,0.00000,-0.86603,0.00000,0.50000,1886.16
quat8,0.00000,-0.86603,0.00000,0.50000,1886.16
quat0,0.51682,0.18276,-0.82445,0.14066,1886.18
quat1,-0.28237,0.80697,-0.24231,-0.45864,1886.18
quat2,0.32283,-0.77010,0.51977,-0.18047,1886.18
quat3,0.36638,-0.82202,0.06091,0.43166,1886.18
quat4,-0.60552,0.25912,-0.01485,-0.75232,1886.18
quat5,0.00000,-0.86603,0.00000,0.50000,1886.18
quat6,0.00000,-0.86603,0.00000,0.50000,1886.18
quat7,0.00000,-0.86603,0.00000,0.50000,1886.18
quat8,0.00000,-0.86603,0.00000,0.50000,1886.18
quat0,0.51550,0.19767,-0.81743,0.16430,1886.2
quat1,-0.28480,0.80917,-0.23830,-0.45535,1886.2
quat2,0.30614,-0.77977,0.51328,-0.18648,1886.2
quat3,0.35945,-0.81737,0.06465,0.44555,1886.2
quat4,-0.59681,0.26976,-0.00415,-0.75567,1886.2
quat5,0.00000,-0.86603,0.00000,0.50000,1886.2
quat6,0.00000,-0.86603,0.00000,0.50000,1886.2
quat7,0.00000,-0.86603,0.00000,0.50000,1886.2
quat8,0.00000,-0.86603,0.00000,0.50000,1886.2
quat0,0.51716,0.19611,-0.81747,0.16070,1886.22
quat1,-0.28738,0.81120,-0.23204,-0.45335,1886.22
quat2,0.29153,-0.78912,0.50544,-0.19192,1886.22
quat3,0.35281,-0.81191,0.06427,0.46065,1886.22
quat4,-0.58860,0.28207,0.00361,-0.75761,1886.22
quat5,0.00000,-0.86603,0.00000,0.50000,1886.22
quat6,0.00000,-0.86603,0.00000,0.50000,1886.22
quat7,0.00000,-0.86603,0.00000,0.50000,1886.22
quat8,0.00000,-0.86603,0.00000,0.50000,1886.22
quat0,0.51564,0.20489,-0.81309,0.17614,1886.24
quat1,-0.29094,0.81385,-0.22539,-0.44966,1886.24
quat2,0.27848,-0.79688,0.49873,-0.19672,1886.24
quat3,0.34622,-0.80786,0.06595,0.47239,1886.24
quat4,-0.58125,0.29667,0.00796,-0.75767,1886.24
quat5,0.00000,-0.86603,0.00000,0.50000,1886.24
quat6,0.00000,-0.86603,0.00000,0.50000,1886.24
quat7,0.00000,-0.86603,0.00000,0.50000,1886.24
quat8,0.00000,-0.86603,0.00000,0.50000,1886.24
quat0,0.51662,0.20589,-0.81099,0.18169,1886.26
quat1,-0.29390,0.81847,-0.21819,-0.44286,1886.26
quat2,0.26528,-0.80348,0.49326,-0.20183,1886.26
quat3,0.33807,-0.80558,0.06977,0.48155,1886.26
quat4,-0.57402,0.31108,0.01201,-0.75735,1886.26
quat5,0.00000,-0.86603,0.00000,0.50000,1886.26
quat6,0.00000,-0.86603,0.00000,0.50000,1886.26
quat7,0.00000,-0.86603,0.00000,0.50000,1886.26
quat8,0.00000,-0.86603,0.00000,0.50000,1886.26
quat0,0.51548,0.20959,-0.80788,0.19410,1886.28
quat1,-0.29562,0.82361,-0.21314,-0.43457,1886.28
quat2,0.25399,-0.80727,0.49145,-0.20564,1886.28
quat3,0.32996,-0.80467,0.07501,0.48786,1886.28
quat4,-0.56904,0.32325,0.01466,-0.75596,1886.28
quat5,0.00000,-0.86603,0.00000,0.50000,1886.28
quat6,0.00000,-0.86603,0.00000,0.50000,1886.28
quat7,0.00000,-0.86603,0.00000,0.50000,1886.28
quat8,0.00000,-0.86603,0.00000,0.50000,1886.28
quat0,0.51565,0.21113,-0.80558,0.20144,1886.3
quat1,-0.29709,0.82776,-0.20715,-0.42853,1886.3
quat2,0.24777,-0.81016,0.48967,-0.20612,1886.3
quat3,0.32239,-0.80404,0.07855,0.49337,1886.3
quat4,-0.56600,0.33638,0.01449,-0.75252,1886.3
quat5,0.00000,-0.86603,0.00000,0.50000,1886.3
quat6,0.00000,-0.86603,0.00000,0.50000,1886.3
quat7,0.00000,-0.86603,0.00000,0.50000,1886.3
quat8,0.00000,-0.86603,0.00000,0.50000,1886.3
quat0,0.51002,0.21571,-0.80717,0.20449,1886.32
quat1,-0.29933,0.83037,-0.20145,-0.42462,1886.32
quat2,0.24551,-0.81377,0.48606,-0.20310,1886.32
quat3,0.31630,-0.80363,0.08108,0.49755,1886.32
quat4,-0.56420,0.35179,0.01063,-0.74687,1886.32
quat5,0.00000,-0.86603,0.00000,0.50000,1886.32
quat6,0.00000,-0.86603,0.00000,0.50000,1886.32
quat7,0.00000,-0.86603,0.00000,0.50000,1886.32
quat8,0.00000,-0.86603,0.00000,0.50000,1886.32
quat0,0.50945,0.21735,-0.80539,0.21112,1886.34
quat1,-0.30210,0.83301,-0.19673,-0.41966,1886.34
quat2,0.24220,-0.81819,0.48138,-0.20043,1886.34
quat3,0.31123,-0.80237,0.08181,0.50264,1886.34
quat4,-0.56209,0.36661,0.00659,-0.74136,1886.34
quat5,0.00000,-0.86603,0.00000,0.50000,1886.34
quat6,0.00000,-0.86603,0.00000,0.50000,1886.34
quat7,0.00000,-0.86603,0.00000,0.50000,1886.34
quat8,0.00000,-0.86603,0.00000,0.50000,1886.34
quat0,0.50463,0.22259,-0.80625,0.21394,1886.36
quat1,-0.30629,0.83663,-0.19307,-0.41106,1886.36
quat2,0.23331,-0.82152,0.48002,-0.20062,1886.36
quat3,0.30696,-0.80075,0.08378,0.50750,1886.36
quat4,-0.55973,0.37754,0.00565,-0.73766,1886.36
quat5,0.00000,-0.86603,0.00000,0.50000,1886.36
quat6,0.00000,-0.86603,0.00000,0.50000,1886.36
quat7,0.00000,-0.86603,0.00000,0.50000,1886.36
quat8,0.00000,-0.86603,0.00000,0.50000,1886.36
quat0,0.50325,0.22420,-0.80531,0.21899,1886.38
quat1,-0.31134,0.84002,-0.18831,-0.40247,1886.38
quat2,0.22193,-0.82395,0.48007,-0.20343,1886.38
quat3,0.30221,-0.79964,0.08701,0.51154,1886.38
quat4,-0.55672,0.38192,0.00811,-0.73765,1886.38
quat5,0.00000,-0.86603,0.00000,0.50000,1886.38
quat6,0.00000,-0.86603,0.00000,0.50000,1886.38
quat7,0.00000,-0.86603,0.00000,0.50000,1886.38
quat8,0.00000,-0.86603,0.00000,0.50000,1886.38
quat0,0.49979,0.22594,-0.80578,0.22332,1886.4
quat1,-0.31702,0.84225,-0.18197,-0.39624,1886.4
quat2,0.21456,-0.82702,0.47836,-0.20293,1886.4
quat3,0.29724,-0.79864,0.08995,0.51549,1886.4
quat4,-0.55298,0.38804,0.00871,-0.73727,1886.4
quat5,0.00000,-0.86603,0.00000,0.50000,1886.4
quat6,0.00000,-0.86603,0.00000,0.50000,1886.4
quat7,0.00000,-0.86603,0.00000,0.50000,1886.4
quat8,0.00000,-0.86603,0.00000,0.50000,1886.4
quat0,0.49477,0.23105,-0.80674,0.22580,1886.42
quat1,-0.32287,0.84410,-0.17569,-0.39037,1886.42
quat2,0.21101,-0.83256,0.47360,-0.19497,1886.42
quat3,0.29248,-0.79721,0.09192,0.52006,1886.42
quat4,-0.54965,0.39743,0.00660,-0.73478,1886.42
quat5,0.00000,-0.86603,0.00000,0.50000,1886.42
quat6,0.00000,-0.86603,0.00000,0.50000,1886.42
quat7,0.00000,-0.86603,0.00000,0.50000,1886.42
quat8,0.00000,-0.86603,0.00000,0.50000,1886.42
quat0,0.49670,0.22861,-0.80526,0.22932,1886.44
quat1,-0.32822,0.84643,-0.16983,-0.38339,1886.44
quat2,0.20938,-0.83882,0.46782,-0.18356,1886.44
quat3,0.28879,-0.79539,0.09295,0.52471,1886.44
quat4,-0.54633,0.40578,0.00568,-0.73269,1886.44
quat5,0.00000,-0.86603,0.00000,0.50000,1886.44
quat6,0.00000,-0.86603,0.00000,0.50000,1886.44
quat7,0.00000,-0.86603,0.00000,0.50000,1886.44
quat8,0.00000,-0.86603,0.00000,0.50000,1886.44
quat0,0.49355,0.23257,-0.80586,0.23003,1886.46
quat1,-0.33413,0.84814,-0.16357,-0.37717,1886.46
quat2,0.20730,-0.84324,0.46432,-0.17429,1886.46
quat3,0.28464,-0.79427,0.09569,0.52816,1886.46
quat4,-0.54392,0.41113,0.00529,-0.73151,1886.46
quat5,0.00000,-0.86603,0.00000,0.50000,1886.46
quat6,0.00000,-0.86603,0.00000,0.50000,1886.46
quat7,0.00000,-0.86603,0.00000,0.50000,1886.46
quat8,0.00000,-0.86603,0.00000,0.50000,1886.46
quat0,0.49060,0.23449,-0.80731,0.22929,1886.48
quat1,-0.34083,0.84848,-0.15732,-0.37305,1886.48
quat2,0.20702,-0.84718,0.46085,-0.16447,1886.48
quat3,0.28088,-0.79345,0.09900,0.53080,1886.48
quat4,-0.54200,0.41576,0.00434,-0.73032,1886.48
quat5,0.00000,-0.86603,0.00000,0.50000,1886.48
quat6,0.00000,-0.86603,0.00000,0.50000,1886.48
quat7,0.00000,-0.86603,0.00000,0.50000,1886.48
quat8,0.00000,-0.86603,0.00000,0.50000,1886.48
quat0,0.48991,0.23416,-0.80785,0.22921,1886.5
quat1,-0.34729,0.84810,-0.15233,-0.37001,1886.5
quat2,0.21108,-0.85096,0.45661,-0.15106,1886.5
quat3,0.27893,-0.79289,0.10285,0.53192,1886.5
quat4,-0.54146,0.42211,0.00115,-0.72708,1886.5
quat5,0.00000,-0.86603,0.00000,0.50000,1886.5
quat6,0.00000,-0.86603,0.00000,0.50000,1886.5
quat7,0.00000,-0.86603,0.00000,0.50000,1886.5
quat8,0.00000,-0.86603,0.00000,0.50000,1886.5
quat0,0.49243,0.23217,-0.80769,0.22635,1886.52
quat1,-0.35196,0.84819,-0.15034,-0.36619,1886.52
quat2,0.21767,-0.85430,0.45172,-0.13690,1886.52
quat3,0.27859,-0.79175,0.10551,0.53328,1886.52
quat4,-0.54172,0.42689,-0.00226,-0.72409,1886.52
quat5,0.00000,-0.86603,0.00000,0.50000,1886.52
quat6,0.00000,-0.86603,0.00000,0.50000,1886.52
quat7,0.00000,-0.86603,0.00000,0.50000,1886.52
quat8,0.00000,-0.86603,0.00000,0.50000,1886.52
quat0,0.49017,0.23198,-0.81013,0.22273,1886.54
quat1,-0.35608,0.84831,-0.15147,-0.36144,1886.54
quat2,0.22073,-0.85591,0.44922,-0.12999,1886.54
quat3,0.27994,-0.79054,0.10787,0.53389,1886.54
quat4,-0.54222,0.42906,-0.00411,-0.72242,1886.54
quat5,0.00000,-0.86603,0.00000,0.50000,1886.54
quat6,0.00000,-0.86603,0.00000,0.50000,1886.54
quat7,0.00000,-0.86603,0.00000,0.50000,1886.54
quat8,0.00000,-0.86603,0.00000,0.50000,1886.54
quat0,0.49319,0.22682,-0.81173,0.21543,1886.56
quat1,-0.35892,0.84833,-0.15423,-0.35740,1886.56
quat2,0.21918,-0.85528,0.45060,-0.13196,1886.56
quat3,0.28285,-0.78881,0.10870,0.53475,1886.56
quat4,-0.54297,0.42875,-0.00370,-0.72204,1886.56
quat5,0.00000,-0.86603,0.00000,0.50000,1886.56
quat6,0.00000,-0.86603,0.00000,0.50000,1886.56
quat7,0.00000,-0.86603,0.00000,0.50000,1886.56
quat8,0.00000,-0.86603,0.00000,0.50000,1886.56
quat0,0.49970,0.22106,-0.81183,0.20584,1886.58
quat1,-0.36126,0.84759,-0.15769,-0.35526,1886.58
quat2,0.21923,-0.85318,0.45405,-0.13366,1886.58
quat3,0.28612,-0.78774,0.11023,0.53428,1886.58
quat4,-0.54541,0.42592,-0.00203,-0.72188,1886.58
quat5,0.00000,-0.86603,0.00000,0.50000,1886.58
quat6,0.00000,-0.86603,0.00000,0.50000,1886.58
quat7,0.00000,-0.86603,0.00000,0.50000,1886.58
quat8,0.00000,-0.86603,0.00000,0.50000,1886.58
quat0,0.50328,0.21859,-0.81183,0.19965,1886.6
quat1,-0.36401,0.84561,-0.16055,-0.35589,1886.6
quat2,0.22525,-0.85173,0.45486,-0.13005,1886.6
quat3,0.28864,-0.78770,0.11325,0.53235,1886.6
quat4,-0.54879,0.42285,-0.00148,-0.72113,1886.6
quat5,0.00000,-0.86603,0.00000,0.50000,1886.6
quat6,0.00000,-0.86603,0.00000,0.50000,1886.6
quat7,0.00000,-0.86603,0.00000,0.50000,1886.6
quat8,0.00000,-0.86603,0.00000,0.50000,1886.6
quat0,0.50603,0.21325,-0.81392,0.18974,1886.62
quat1,-0.36801,0.84285,-0.16492,-0.35632,1886.62
quat2,0.23165,-0.84968,0.45643,-0.12670,1886.62
quat3,0.29308,-0.78750,0.11689,0.52942,1886.62
quat4,-0.55343,0.41959,-0.00249,-0.71948,1886.62
quat5,0.00000,-0.86603,0.00000,0.50000,1886.62
quat6,0.00000,-0.86603,0.00000,0.50000,1886.62
quat7,0.00000,-0.86603,0.00000,0.50000,1886.62
quat8,0.00000,-0.86603,0.00000,0.50000,1886.62
quat0,0.50709,0.20907,-0.81595,0.18270,1886.64
quat1,-0.37156,0.84047,-0.17116,-0.35532,1886.64
quat2,0.23524,-0.84673,0.46021,-0.12621,1886.64
quat3,0.29916,-0.78652,0.11974,0.52684,1886.64
quat4,-0.55829,0.41522,-0.00275,-0.71826,1886.64
quat5,0.00000,-0.86603,0.00000,0.50000,1886.64
quat6,0.00000,-0.86603,0.00000,0.50000,1886.64
quat7,0.00000,-0.86603,0.00000,0.50000,1886.64
quat8,0.00000,-0.86603,0.00000,0.50000,1886.64
quat0,0.51110,0.20158,-0.81859,0.16748,1886.66
quat1,-0.37761,0.83657,-0.17718,-0.35520,1886.66
quat2,0.23541,-0.84349,0.46502,-0.12985,1886.66
quat3,0.30587,-0.78586,0.12480,0.52277,1886.66
quat4,-0.56338,0.40969,-0.00262,-0.71746,1886.66
quat5,0.00000,-0.86603,0.00000,0.50000,1886.66
quat6,0.00000,-0.86603,0.00000,0.50000,1886.66
quat7,0.00000,-0.86603,0.00000,0.50000,1886.66
quat8,0.00000,-0.86603,0.00000,0.50000,1886.66
quat0,0.51434,0.19699,-0.81970,0.15730,1886.68
quat1,-0.38364,0.83272,-0.18404,-0.35431,1886.68
quat2,0.23442,-0.84029,0.46988,-0.13483,1886.68
quat3,0.31187,-0.78555,0.12931,0.51859,1886.68
quat4,-0.56768,0.40373,-0.00192,-0.71745,1886.68
quat5,0.00000,-0.86603,0.00000,0.50000,1886.68
quat6,0.00000,-0.86603,0.00000,0.50000,1886.68
quat7,0.00000,-0.86603,0.00000,0.50000,1886.68
quat8,0.00000,-0.86603,0.00000,0.50000,1886.68
quat0,0.51672,0.18917,-0.82338,0.13874,1886.7
quat1,-0.39017,0.82814,-0.19234,-0.35350,1886.7
quat2,0.23485,-0.83631,0.47541,-0.13935,1886.7
quat3,0.31796,-0.78492,0.13412,0.51461,1886.7
quat4,-0.57185,0.39793,-0.00002,-0.71738,1886.7
quat5,0.00000,-0.86603,0.00000,0.50000,1886.7
quat6,0.00000,-0.86603,0.00000,0.50000,1886.7
quat7,0.00000,-0.86603,0.00000,0.50000,1886.7
quat8,0.00000,-0.86603,0.00000,0.50000,1886.7
quat0,0.51352,0.18622,-0.82755,0.12957,1886.72
quat1,-0.39466,0.82417,-0.20099,-0.35298,1886.72
quat2,0.23655,-0.83327,0.47909,-0.14204,1886.72
quat3,0.32286,-0.78457,0.13917,0.51073,1886.72
quat4,-0.57401,0.39445,0.00144,-0.71758,1886.72
quat5,0.00000,-0.86603,0.00000,0.50000,1886.72
quat6,0.00000,-0.86603,0.00000,0.50000,1886.72
quat7,0.00000,-0.86603,0.00000,0.50000,1886.72
quat8,0.00000,-0.86603,0.00000,0.50000,1886.72
quat0,0.51143,0.17824,-0.83348,0.10945,1886.74
quat1,-0.39942,0.82072,-0.20961,-0.35064,1886.74
quat2,0.23887,-0.82933,0.48396,-0.14468,1886.74
quat3,0.32834,-0.78416,0.14758,0.50547,1886.74
quat4,-0.57541,0.39406,0.00186,-0.71667,1886.74
quat5,0.00000,-0.86603,0.00000,0.50000,1886.74
quat6,0.00000,-0.86603,0.00000,0.50000,1886.74
quat7,0.00000,-0.86603,0.00000,0.50000,1886.74
quat8,0.00000,-0.86603,0.00000,0.50000,1886.74
quat0,0.51093,0.17096,-0.83669,0.09836,1886.76
quat1,-0.40320,0.81639,-0.21762,-0.35153,1886.76
quat2,0.24231,-0.82494,0.48776,-0.15117,1886.76
quat3,0.33209,-0.78567,0.15621,0.49803,1886.76
quat4,-0.57503,0.39720,-0.00309,-0.71524,1886.76
quat5,0.00000,-0.86603,0.00000,0.50000,1886.76
quat6,0.00000,-0.86603,0.00000,0.50000,1886.76
quat7,0.00000,-0.86603,0.00000,0.50000,1886.76
quat8,0.00000,-0.86603,0.00000,0.50000,1886.76
quat0,0.50766,0.15826,-0.84357,0.07496,1886.78
quat1,-0.40624,0.81247,-0.22565,-0.35207,1886.78
quat2,0.25103,-0.81850,0.49246,-0.15662,1886.78
quat3,0.33592,-0.78666,0.16390,0.49139,1886.78
quat4,-0.57996,0.40175,-0.01098,-0.70860,1886.78
quat5,0.00000,-0.86603,0.00000,0.50000,1886.78
quat6,0.00000,-0.86603,0.00000,0.50000,1886.78
quat7,0.00000,-0.86603,0.00000,0.50000,1886.78
quat8,0.00000,-0.86603,0.00000,0.50000,1886.78
quat0,0.50735,0.15310,-0.84526,0.06856,1886.8
quat1,-0.41000,0.80813,-0.23000,-0.35486,1886.8
quat2,0.26511,-0.81177,0.49686,-0.15449,1886.8
quat3,0.33860,-0.78747,0.17213,0.48540,1886.8
quat4,-0.59301,0.40569,-0.02101,-0.69521,1886.8
quat5,0.00000,-0.86603,0.00000,0.50000,1886.8
quat6,0.00000,-0.86603,0.00000,0.50000,1886.8
quat7,0.00000,-0.86603,0.00000,0.50000,1886.8
quat8,0.00000,-0.86603,0.00000,0.50000,1886.8
quat0,0.50219,0.15038,-0.84972,0.05625,1886.82
quat1,-0.42369,0.79829,-0.22771,-0.36245,1886.82
quat2,0.28054,-0.80643,0.50024,-0.14400,1886.82
quat3,0.33674,-0.78879,0.19110,0.47739,1886.82
quat4,-0.60861,0.41324,-0.03343,-0.67654,1886.82
quat5,0.00000,-0.86603,0.00000,0.50000,1886.82
quat6,0.00000,-0.86603,0.00000,0.50000,1886.82
quat7,0.00000,-0.86603,0.00000,0.50000,1886.82
quat8,0.00000,-0.86603,0.00000,0.50000,1886.82
quat0,0.50204,0.14569,-0.85062,0.05641,1886.84
quat1,-0.44331,0.78490,-0.22286,-0.37113,1886.84
quat2,0.28874,-0.79972,0.50797,-0.13801,1886.84
quat3,0.33678,-0.78849,0.21802,0.46619,1886.84
quat4,-0.61939,0.41204,-0.03632,-0.66729,1886.84
quat5,0.00000,-0.86603,0.00000,0.50000,1886.84
quat6,0.00000,-0.86603,0.00000,0.50000,1886.84
quat7,0.00000,-0.86603,0.00000,0.50000,1886.84
quat8,0.00000,-0.86603,0.00000,0.50000,1886.84
quat0,0.50147,0.13334,-0.85381,0.04204,1886.86
quat1,-0.45614,0.77574,-0.22299,-0.37476,1886.86
quat2,0.29786,-0.79188,0.51620,-0.13318,1886.86
quat3,0.34607,-0.78396,0.23461,0.45891,1886.86
quat4,-0.62801,0.40568,-0.03122,-0.66337,1886.86
quat5,0.00000,-0.86603,0.00000,0.50000,1886.86
quat6,0.00000,-0.86603,0.00000,0.50000,1886.86
quat7,0.00000,-0.86603,0.00000,0.50000,1886.86
quat8,0.00000,-0.86603,0.00000,0.50000,1886.86
quat0,0.50145,0.13141,-0.85425,0.03933,1886.88
quat1,-0.45976,0.77380,-0.22933,-0.37049,1886.88
quat2,0.30666,-0.78612,0.52041,-0.13094,1886.88
quat3,0.35582,-0.77858,0.24053,0.45754,1886.88
quat4,-0.63277,0.40847,-0.03160,-0.65708,1886.88
quat5,0.00000,-0.86603,0.00000,0.50000,1886.88
quat6,0.00000,-0.86603,0.00000,0.50000,1886.88
quat7,0.00000,-0.86603,0.00000,0.50000,1886.88
quat8,0.00000,-0.86603,0.00000,0.50000,1886.88
quat0,0.50008,0.12821,-0.85574,0.03459,1886.9
quat1,-0.46166,0.77283,-0.23483,-0.36669,1886.9
quat2,0.30494,-0.78095,0.52690,-0.13968,1886.9
quat3,0.36166,-0.77766,0.24195,0.45377,1886.9
quat4,-0.63522,0.40605,-0.02903,-0.65634,1886.9
quat5,0.00000,-0.86603,0.00000,0.50000,1886.9
quat6,0.00000,-0.86603,0.00000,0.50000,1886.9
quat7,0.00000,-0.86603,0.00000,0.50000,1886.9
quat8,0.00000,-0.86603,0.00000,0.50000,1886.9
quat0,0.49751,0.12922,-0.85691,0.03869,1886.92
quat1,-0.45918,0.77244,-0.24026,-0.36710,1886.92
quat2,0.30320,-0.77911,0.52952,-0.14380,1886.92
quat3,0.36163,-0.78305,0.23642,0.44740,1886.92
quat4,-0.63595,0.39865,-0.02711,-0.66024,1886.92
quat5,0.00000,-0.86603,0.00000,0.50000,1886.92
quat6,0.00000,-0.86603,0.00000,0.50000,1886.92
quat7,0.00000,-0.86603,0.00000,0.50000,1886.92
quat8,0.00000,-0.86603,0.00000,0.50000,1886.92
quat0,0.49707,0.12573,-0.85791,0.03340,1886.94
quat1,-0.45121,0.77340,-0.24928,-0.36894,1886.94
quat2,0.30979,-0.77760,0.52843,-0.14187,1886.94
quat3,0.36157,-0.78892,0.22632,0.44232,1886.94
quat4,-0.63704,0.39422,-0.03139,-0.66165,1886.94
quat5,0.00000,-0.86603,0.00000,0.50000,1886.94
quat6,0.00000,-0.86603,0.00000,0.50000,1886.94
quat7,0.00000,-0.86603,0.00000,0.50000,1886.94
quat8,0.00000,-0.86603,0.00000,0.50000,1886.94
quat0,0.50101,0.12518,-0.85564,0.03458,1886.96
quat1,-0.43928,0.77454,-0.25212,-0.37888,1886.96
quat2,0.31575,-0.77578,0.52688,-0.14445,1886.96
quat3,0.35300,-0.79931,0.22280,0.43226,1886.96
quat4,-0.63629,0.39807,-0.04165,-0.65950,1886.96
quat5,0.00000,-0.86603,0.00000,0.50000,1886.96
quat6,0.00000,-0.86603,0.00000,0.50000,1886.96
quat7,0.00000,-0.86603,0.00000,0.50000,1886.96
quat8,0.00000,-0.86603,0.00000,0.50000,1886.96
quat0,0.50221,0.12043,-0.85596,0.02493,1886.98
quat1,-0.42834,0.77394,-0.25169,-0.39267,1886.98
quat2,0.32294,-0.77222,0.52729,-0.14612,1886.98
quat3,0.34231,-0.81010,0.22039,0.42190,1886.98
quat4,-0.63779,0.40026,-0.05215,-0.65597,1886.98
quat5,0.00000,-0.86603,0.00000,0.50000,1886.98
quat6,0.00000,-0.86603,0.00000,0.50000,1886.98
quat7,0.00000,-0.86603,0.00000,0.50000,1886.98
quat8,0.00000,-0.86603,0.00000,0.50000,1886.98
quat0,0.50489,0.11656,-0.85510,0.01761,1887
quat1,-0.41639,0.77309,-0.25027,-0.40781,1887
quat2,0.33194,-0.76927,0.52662,-0.14391,1887
quat3,0.33268,-0.82099,0.21185,0.41283,1887
quat4,-0.64222,0.39975,-0.06502,-0.65079,1887
quat5,0.00000,-0.86603,0.00000,0.50000,1887
quat6,0.00000,-0.86603,0.00000,0.50000,1887
quat7,0.00000,-0.86603,0.00000,0.50000,1887
quat8,0.00000,-0.86603,0.00000,0.50000,1887
quat0,0.50700,0.10744,-0.85523,0.00084,1887.02
quat1,-0.40643,0.77190,-0.24728,-0.42170,1887.02
quat2,0.34268,-0.76472,0.52701,-0.14156,1887.02
quat3,0.32742,-0.82717,0.20192,0.40965,1887.02
quat4,-0.65146,0.39480,-0.07714,-0.64326,1887.02
quat5,0.00000,-0.86603,0.00000,0.50000,1887.02
quat6,0.00000,-0.86603,0.00000,0.50000,1887.02
quat7,0.00000,-0.86603,0.00000,0.50000,1887.02
quat8,0.00000,-0.86603,0.00000,0.50000,1887.02
quat0,0.50654,0.09679,-0.85666,-0.01339,1887.04
quat1,-0.39469,0.76939,-0.24521,-0.43834,1887.04
quat2,0.35214,-0.76043,0.52675,-0.14244,1887.04
quat3,0.32292,-0.83320,0.19419,0.40470,1887.04
quat4,-0.66147,0.38797,-0.08678,-0.63593,1887.04
quat5,0.00000,-0.86603,0.00000,0.50000,1887.04
quat6,0.00000,-0.86603,0.00000,0.50000,1887.04
quat7,0.00000,-0.86603,0.00000,0.50000,1887.04
quat8,0.00000,-0.86603,0.00000,0.50000,1887.04
quat0,0.50707,0.08472,-0.85718,-0.03058,1887.06
quat1,-0.38438,0.76660,-0.24582,-0.45182,1887.06
quat2,0.36207,-0.75559,0.52696,-0.14249,1887.06
quat3,0.31946,-0.84034,0.18855,0.39524,1887.06
quat4,-0.67301,0.37847,-0.09461,-0.62839,1887.06
quat5,0.00000,-0.86603,0.00000,0.50000,1887.06
quat6,0.00000,-0.86603,0.00000,0.50000,1887.06
quat7,0.00000,-0.86603,0.00000,0.50000,1887.06
quat8,0.00000,-0.86603,0.00000,0.50000,1887.06
quat0,0.50211,0.07799,-0.86022,-0.04285,1887.08
quat1,-0.37275,0.76516,-0.24433,-0.46464,1887.08
quat2,0.37230,-0.75140,0.52543,-0.14393,1887.08
quat3,0.31611,-0.84832,0.17893,0.38525,1887.08
quat4,-0.68455,0.36445,-0.09856,-0.62358,1887.08
quat5,0.00000,-0.86603,0.00000,0.50000,1887.08
quat6,0.00000,-0.86603,0.00000,0.50000,1887.08
quat7,0.00000,-0.86603,0.00000,0.50000,1887.08
quat8,0.00000,-0.86603,0.00000,0.50000,1887.08
quat0,0.49963,0.07003,-0.86165,-0.05506,1887.1
quat1,-0.36195,0.76216,-0.24209,-0.47906,1887.1
quat2,0.38484,-0.74714,0.52259,-0.14347,1887.1
quat3,0.31449,-0.85452,0.16826,0.37760,1887.1
quat4,-0.69506,0.35150,-0.10231,-0.61877,1887.1
quat5,0.00000,-0.86603,0.00000,0.50000,1887.1
quat6,0.00000,-0.86603,0.00000,0.50000,1887.1
quat7,0.00000,-0.86603,0.00000,0.50000,1887.1
quat8,0.00000,-0.86603,0.00000,0.50000,1887.1
quat0,0.49161,0.06509,-0.86578,-0.06712,1887.12
quat1,-0.34965,0.75915,-0.24055,-0.49353,1887.12
quat2,0.39826,-0.74236,0.51874,-0.14561,1887.12
quat3,0.31419,-0.86127,0.15264,0.36904,1887.12
quat4,-0.70303,0.33724,-0.10397,-0.61743,1887.12
quat5,0.00000,-0.86603,0.00000,0.50000,1887.12
quat6,0.00000,-0.86603,0.00000,0.50000,1887.12
quat7,0.00000,-0.86603,0.00000,0.50000,1887.12
quat8,0.00000,-0.86603,0.00000,0.50000,1887.12
quat0,0.48166,0.05491,-0.87066,-0.08331,1887.14
quat1,-0.33702,0.75425,-0.24184,-0.50896,1887.14
quat2,0.41274,-0.73702,0.51333,-0.15149,1887.14
quat3,0.31146,-0.87048,0.13482,0.35648,1887.14
quat4,-0.70983,0.32542,-0.10764,-0.61535,1887.14
quat5,0.00000,-0.86603,0.00000,0.50000,1887.14
quat6,0.00000,-0.86603,0.00000,0.50000,1887.14
quat7,0.00000,-0.86603,0.00000,0.50000,1887.14
quat8,0.00000,-0.86603,0.00000,0.50000,1887.14
quat0,0.47541,0.04952,-0.87406,-0.08693,1887.16
quat1,-0.31935,0.74764,-0.25141,-0.52520,1887.16
quat2,0.42581,-0.72990,0.50868,-0.16489,1887.16
quat3,0.30660,-0.88265,0.11183,0.33825,1887.16
quat4,-0.71447,0.31473,-0.11556,-0.61411,1887.16
quat5,0.00000,-0.86603,0.00000,0.50000,1887.16
quat6,0.00000,-0.86603,0.00000,0.50000,1887.16
quat7,0.00000,-0.86603,0.00000,0.50000,1887.16
quat8,0.00000,-0.86603,0.00000,0.50000,1887.16
quat0,0.47889,0.04020,-0.87184,-0.09462,1887.18
quat1,-0.29976,0.74279,-0.26851,-0.53508,1887.18
quat2,0.43755,-0.71996,0.50694,-0.18227,1887.18
quat3,0.30133,-0.89366,0.08766,0.32076,1887.18
quat4,-0.71777,0.30364,-0.12670,-0.61364,1887.18
quat5,0.00000,-0.86603,0.00000,0.50000,1887.18
quat6,0.00000,-0.86603,0.00000,0.50000,1887.18
quat7,0.00000,-0.86603,0.00000,0.50000,1887.18
quat8,0.00000,-0.86603,0.00000,0.50000,1887.18
quat0,0.48688,0.03357,-0.86693,-0.10123,1887.2
quat1,-0.27749,0.73884,-0.29073,-0.54093,1887.2
quat2,0.44793,-0.70864,0.50675,-0.20099,1887.2
quat3,0.29945,-0.90278,0.05636,0.30356,1887.2
quat4,-0.72010,0.28849,-0.13840,-0.61569,1887.2
quat5,0.00000,-0.86603,0.00000,0.50000,1887.2
quat6,0.00000,-0.86603,0.00000,0.50000,1887.2
quat7,0.00000,-0.86603,0.00000,0.50000,1887.2
quat8,0.00000,-0.86603,0.00000,0.50000,1887.2
quat0,0.48924,0.02553,-0.86430,-0.11397,1887.22
quat1,-0.25359,0.73403,-0.31382,-0.54627,1887.22
quat2,0.45884,-0.69625,0.50783,-0.21636,1887.22
quat3,0.29696,-0.90974,0.02175,0.28933,1887.22
quat4,-0.72500,0.27399,-0.15431,-0.61277,1887.22
quat5,0.00000,-0.86603,0.00000,0.50000,1887.22
quat6,0.00000,-0.86603,0.00000,0.50000,1887.22
quat7,0.00000,-0.86603,0.00000,0.50000,1887.22
quat8,0.00000,-0.86603,0.00000,0.50000,1887.22
quat0,0.49086,0.02154,-0.86171,-0.12666,1887.24
quat1,-0.23013,0.72498,-0.33287,-0.55735,1887.24
quat2,0.47032,-0.68575,0.50685,-0.22726,1887.24
quat3,0.28988,-0.91677,-0.01072,0.27458,1887.24
quat4,-0.73118,0.26031,-0.17109,-0.60692,1887.24
quat5,0.00000,-0.86603,0.00000,0.50000,1887.24
quat6,0.00000,-0.86603,0.00000,0.50000,1887.24
quat7,0.00000,-0.86603,0.00000,0.50000,1887.24
quat8,0.00000,-0.86603,0.00000,0.50000,1887.24
quat0,0.48727,0.01304,-0.86220,-0.13784,1887.26
quat1,-0.20609,0.70971,-0.34758,-0.57708,1887.26
quat2,0.48087,-0.67629,0.50646,-0.23430,1887.26
quat3,0.27743,-0.92563,-0.03947,0.25435,1887.26
quat4,-0.74021,0.24713,-0.18651,-0.59686,1887.26
quat5,0.00000,-0.86603,0.00000,0.50000,1887.26
quat6,0.00000,-0.86603,0.00000,0.50000,1887.26
quat7,0.00000,-0.86603,0.00000,0.50000,1887.26
quat8,0.00000,-0.86603,0.00000,0.50000,1887.26
quat0,0.49405,-0.00024,-0.85860,-0.13684,1887.28
quat1,-0.17891,0.68979,-0.36101,-0.60154,1887.28
quat2,0.49197,-0.67052,0.50257,-0.23621,1887.28
quat3,0.26241,-0.93497,-0.06705,0.22909,1887.28
quat4,-0.75081,0.23660,-0.20071,-0.58311,1887.28
quat5,0.00000,-0.86603,0.00000,0.50000,1887.28
quat6,0.00000,-0.86603,0.00000,0.50000,1887.28
quat7,0.00000,-0.86603,0.00000,0.50000,1887.28
quat8,0.00000,-0.86603,0.00000,0.50000,1887.28
quat0,0.49189,-0.01419,-0.85695,-0.15325,1887.3
quat1,-0.14794,0.66603,-0.37428,-0.62804,1887.3
quat2,0.50200,-0.66581,0.49981,-0.23430,1887.3
quat3,0.24457,-0.94399,-0.09521,0.20000,1887.3
quat4,-0.76391,0.22961,-0.21343,-0.56407,1887.3
quat5,0.00000,-0.86603,0.00000,0.50000,1887.3
quat6,0.00000,-0.86603,0.00000,0.50000,1887.3
quat7,0.00000,-0.86603,0.00000,0.50000,1887.3
quat8,0.00000,-0.86603,0.00000,0.50000,1887.3
quat0,0.49275,-0.02414,-0.85340,-0.16830,1887.32
quat1,-0.10916,0.64063,-0.38571,-0.65491,1887.32
quat2,0.51209,-0.66308,0.49654,-0.22701,1887.32
quat3,0.22278,-0.95253,-0.12396,0.16639,1887.32
quat4,-0.77759,0.22578,-0.22480,-0.54207,1887.32
quat5,0.00000,-0.86603,0.00000,0.50000,1887.32
quat6,0.00000,-0.86603,0.00000,0.50000,1887.32
quat7,0.00000,-0.86603,0.00000,0.50000,1887.32
quat8,0.00000,-0.86603,0.00000,0.50000,1887.32
quat0,0.49439,-0.02114,-0.85383,-0.16158,1887.34
quat1,-0.06485,0.61244,-0.39196,-0.68343,1887.34
quat2,0.52262,-0.66052,0.49516,-0.21306,1887.34
quat3,0.19911,-0.95910,-0.15445,0.12894,1887.34
quat4,-0.79269,0.22442,-0.22898,-0.51850,1887.34
quat5,0.00000,-0.86603,0.00000,0.50000,1887.34
quat6,0.00000,-0.86603,0.00000,0.50000,1887.34
quat7,0.00000,-0.86603,0.00000,0.50000,1887.34
quat8,0.00000,-0.86603,0.00000,0.50000,1887.34
quat0,0.49213,-0.02212,-0.85535,-0.16028,1887.36
quat1,-0.01421,0.58249,-0.39413,-0.71075,1887.36
quat2,0.53202,-0.65721,0.49704,-0.19487,1887.36
quat3,0.17473,-0.96249,-0.18732,0.08940,1887.36
quat4,-0.80728,0.22686,-0.22914,-0.49429,1887.36
quat5,0.00000,-0.86603,0.00000,0.50000,1887.36
quat6,0.00000,-0.86603,0.00000,0.50000,1887.36
quat7,0.00000,-0.86603,0.00000,0.50000,1887.36
quat8,0.00000,-0.86603,0.00000,0.50000,1887.36
quat0,0.48405,-0.02742,-0.85865,-0.16630,1887.38
quat1,0.03725,0.55189,-0.39045,-0.73593,1887.38
quat2,0.53363,-0.65719,0.50266,-0.17510,1887.38
quat3,0.14910,-0.96315,-0.21822,0.05002,1887.38
quat4,-0.82003,0.23140,-0.21937,-0.47527,1887.38
quat5,0.00000,-0.86603,0.00000,0.50000,1887.38
quat6,0.00000,-0.86603,0.00000,0.50000,1887.38
quat7,0.00000,-0.86603,0.00000,0.50000,1887.38
quat8,0.00000,-0.86603,0.00000,0.50000,1887.38
quat0,0.48670,-0.03660,-0.85470,-0.17683,1887.4
quat1,0.08356,0.53248,-0.37708,-0.75319,1887.4
quat2,0.53216,-0.66240,0.50583,-0.14886,1887.4
quat3,0.12238,-0.96240,-0.24203,0.01546,1887.4
quat4,-0.82821,0.24136,-0.20823,-0.46093,1887.4
quat5,0.00000,-0.86603,0.00000,0.50000,1887.4
quat6,0.00000,-0.86603,0.00000,0.50000,1887.4
quat7,0.00000,-0.86603,0.00000,0.50000,1887.4
quat8,0.00000,-0.86603,0.00000,0.50000,1887.4
quat0,0.47366,-0.04166,-0.86116,-0.17979,1887.42
quat1,0.11512,0.52593,-0.35431,-0.76460,1887.42
quat2,0.52568,-0.67093,0.50882,-0.12089,1887.42
quat3,0.09987,-0.96223,-0.25320,-0.00567,1887.42
quat4,-0.83233,0.25428,-0.19263,-0.45328,1887.42
quat5,0.00000,-0.86603,0.00000,0.50000,1887.42
quat6,0.00000,-0.86603,0.00000,0.50000,1887.42
quat7,0.00000,-0.86603,0.00000,0.50000,1887.42
quat8,0.00000,-0.86603,0.00000,0.50000,1887.42
quat0,0.50799,-0.03601,-0.83904,-0.19148,1887.44
quat1,0.12497,0.52383,-0.33265,-0.77416,1887.44
quat2,0.51857,-0.67670,0.51385,-0.09550,1887.44
quat3,0.08521,-0.96418,-0.25090,-0.01162,1887.44
quat4,-0.83168,0.26757,-0.18777,-0.44884,1887.44
quat5,0.00000,-0.86603,0.00000,0.50000,1887.44
quat6,0.00000,-0.86603,0.00000,0.50000,1887.44
quat7,0.00000,-0.86603,0.00000,0.50000,1887.44
quat8,0.00000,-0.86603,0.00000,0.50000,1887.44
quat0,0.47034,-0.02969,-0.86339,-0.18017,1887.46
quat1,0.11030,0.52892,-0.31259,-0.78126,1887.46
quat2,0.52100,-0.66807,0.52531,-0.07935,1887.46
quat3,0.07909,-0.96884,-0.23469,-0.00355,1887.46
quat4,-0.83418,0.27510,-0.19451,-0.43662,1887.46
quat5,0.00000,-0.86603,0.00000,0.50000,1887.46
quat6,0.00000,-0.86603,0.00000,0.50000,1887.46
quat7,0.00000,-0.86603,0.00000,0.50000,1887.46
quat8,0.00000,-0.86603,0.00000,0.50000,1887.46
quat0,0.48908,-0.02483,-0.85469,-0.17232,1887.48
quat1,0.08736,0.53649,-0.29746,-0.78490,1887.48
quat2,0.53027,-0.65209,0.53716,-0.07104,1887.48
quat3,0.07773,-0.97530,-0.20638,0.01225,1887.48
quat4,-0.84156,0.26876,-0.20019,-0.42364,1887.48
quat5,0.00000,-0.86603,0.00000,0.50000,1887.48
quat6,0.00000,-0.86603,0.00000,0.50000,1887.48
quat7,0.00000,-0.86603,0.00000,0.50000,1887.48
quat8,0.00000,-0.86603,0.00000,0.50000,1887.48
quat0,0.48081,-0.03658,-0.85532,-0.18949,1887.5
quat1,0.06580,0.55382,-0.28409,-0.77990,1887.5
quat2,0.54368,-0.63754,0.54176,-0.06669,1887.5
quat3,0.08154,-0.97916,-0.18287,0.03409,1887.5
quat4,-0.84665,0.25906,-0.21175,-0.41380,1887.5
quat5,0.00000,-0.86603,0.00000,0.50000,1887.5
quat6,0.00000,-0.86603,0.00000,0.50000,1887.5
quat7,0.00000,-0.86603,0.00000,0.50000,1887.5
quat8,0.00000,-0.86603,0.00000,0.50000,1887.5
quat0,0.47427,-0.04015,-0.85532,-0.20465,1887.52
quat1,0.04372,0.58308,-0.26961,-0.76513,1887.52
quat2,0.55519,-0.62359,0.54610,-0.06839,1887.52
quat3,0.09092,-0.98013,-0.16311,0.06689,1887.52
quat4,-0.85083,0.24684,-0.22129,-0.40766,1887.52
quat5,0.00000,-0.86603,0.00000,0.50000,1887.52
quat6,0.00000,-0.86603,0.00000,0.50000,1887.52
quat7,0.00000,-0.86603,0.00000,0.50000,1887.52
quat8,0.00000,-0.86603,0.00000,0.50000,1887.52
quat0,0.48067,-0.02445,-0.85337,-0.20032,1887.54
quat1,0.02038,0.61496,-0.25676,-0.74530,1887.54
quat2,0.56241,-0.61145,0.55183,-0.07289,1887.54
quat3,0.10243,-0.97881,-0.14324,0.10447,1887.54
quat4,-0.85386,0.23502,-0.22426,-0.40670,1887.54
quat5,0.00000,-0.86603,0.00000,0.50000,1887.54
quat6,0.00000,-0.86603,0.00000,0.50000,1887.54
quat7,0.00000,-0.86603,0.00000,0.50000,1887.54
quat8,0.00000,-0.86603,0.00000,0.50000,1887.54
quat0,0.48338,0.00012,-0.85738,-0.17676,1887.56
quat1,-0.00627,0.64077,-0.24904,-0.72619,1887.56
quat2,0.56951,-0.59993,0.55667,-0.07649,1887.56
quat3,0.11811,-0.97653,-0.11909,0.13512,1887.56
quat4,-0.85729,0.22232,-0.22416,-0.40667,1887.56
quat5,0.00000,-0.86603,0.00000,0.50000,1887.56
quat6,0.00000,-0.86603,0.00000,0.50000,1887.56
quat7,0.00000,-0.86603,0.00000,0.50000,1887.56
quat8,0.00000,-0.86603,0.00000,0.50000,1887.56
quat0,0.48600,0.01050,-0.85851,-0.16324,1887.58
quat1,-0.03496,0.65761,-0.24414,-0.71184,1887.58
quat2,0.57431,-0.59199,0.55967,-0.08056,1887.58
quat3,0.13839,-0.97318,-0.09495,0.15731,1887.58
quat4,-0.85833,0.21302,-0.22447,-0.40928,1887.58
quat5,0.00000,-0.86603,0.00000,0.50000,1887.58
quat6,0.00000,-0.86603,0.00000,0.50000,1887.58
quat7,0.00000,-0.86603,0.00000,0.50000,1887.58
quat8,0.00000,-0.86603,0.00000,0.50000,1887.58
quat0,0.48756,0.00916,-0.85657,-0.16880,1887.6
quat1,-0.06470,0.66934,-0.24126,-0.69971,1887.6
quat2,0.57522,-0.58597,0.56444,-0.08468,1887.6
quat3,0.15918,-0.96941,-0.07460,0.17128,1887.6
quat4,-0.85830,0.20594,-0.22138,-0.41462,1887.6
quat5,0.00000,-0.86603,0.00000,0.50000,1887.6
quat6,0.00000,-0.86603,0.00000,0.50000,1887.6
quat7,0.00000,-0.86603,0.00000,0.50000,1887.6
quat8,0.00000,-0.86603,0.00000,0.50000,1887.6
quat0,0.48944,0.01681,-0.85909,-0.14877,1887.62
quat1,-0.09167,0.68118,-0.23696,-0.68662,1887.62
quat2,0.57459,-0.58454,0.56617,-0.08717,1887.62
quat3,0.17459,-0.96548,-0.06039,0.18366,1887.62
quat4,-0.85664,0.20026,-0.21501,-0.42408,1887.62
quat5,0.00000,-0.86603,0.00000,0.50000,1887.62
quat6,0.00000,-0.86603,0.00000,0.50000,1887.62
quat7,0.00000,-0.86603,0.00000,0.50000,1887.62
quat8,0.00000,-0.86603,0.00000,0.50000,1887.62
quat0,0.49105,0.02081,-0.85877,-0.14473,1887.64
quat1,-0.11765,0.69599,-0.23322,-0.66886,1887.64
quat2,0.57318,-0.58363,0.56817,-0.08958,1887.64
quat3,0.18968,-0.96059,-0.04656,0.19778,1887.64
quat4,-0.85455,0.19506,-0.21086,-0.43270,1887.64
quat5,0.00000,-0.86603,0.00000,0.50000,1887.64
quat6,0.00000,-0.86603,0.00000,0.50000,1887.64
quat7,0.00000,-0.86603,0.00000,0.50000,1887.64
quat8,0.00000,-0.86603,0.00000,0.50000,1887.64
quat0,0.49821,0.02814,-0.85537,-0.13907,1887.66
quat1,-0.14125,0.71361,-0.22898,-0.64682,1887.66
quat2,0.57076,-0.58615,0.56770,-0.09156,1887.66
quat3,0.20644,-0.95458,-0.03286,0.21230,1887.66
quat4,-0.85149,0.19133,-0.20513,-0.44304,1887.66
quat5,0.00000,-0.86603,0.00000,0.50000,1887.66
quat6,0.00000,-0.86603,0.00000,0.50000,1887.66
quat7,0.00000,-0.86603,0.00000,0.50000,1887.66
quat8,0.00000,-0.86603,0.00000,0.50000,1887.66
quat0,0.50098,0.03846,-0.85500,-0.12852,1887.68
quat1,-0.16333,0.72749,-0.22726,-0.62645,1887.68
quat2,0.56540,-0.58882,0.56966,-0.09535,1887.68
quat3,0.22686,-0.94765,-0.01904,0.22390,1887.68
quat4,-0.84906,0.18639,-0.19645,-0.45360,1887.68
quat5,0.00000,-0.86603,0.00000,0.50000,1887.68
quat6,0.00000,-0.86603,0.00000,0.50000,1887.68
quat7,0.00000,-0.86603,0.00000,0.50000,1887.68
quat8,0.00000,-0.86603,0.00000,0.50000,1887.68
quat0,0.50220,0.04355,-0.85631,-0.11240,1887.7
quat1,-0.18091,0.73768,-0.22866,-0.60894,1887.7
quat2,0.55810,-0.59391,0.57065,-0.10072,1887.7
quat3,0.24529,-0.94183,-0.00870,0.22960,1887.7
quat4,-0.84497,0.18436,-0.18914,-0.46504,1887.7
quat5,0.00000,-0.86603,0.00000,0.50000,1887.7
quat6,0.00000,-0.86603,0.00000,0.50000,1887.7
quat7,0.00000,-0.86603,0.00000,0.50000,1887.7
quat8,0.00000,-0.86603,0.00000,0.50000,1887.7
quat0,0.50347,0.04656,-0.85625,-0.10581,1887.72
quat1,-0.19715,0.74407,-0.23250,-0.59450,1887.72
quat2,0.55132,-0.60012,0.56997,-0.10506,1887.72
quat3,0.26156,-0.93767,0.00013,0.22884,1887.72
quat4,-0.84052,0.18308,-0.18354,-0.47572,1887.72
quat5,0.00000,-0.86603,0.00000,0.50000,1887.72
quat6,0.00000,-0.86603,0.00000,0.50000,1887.72
quat7,0.00000,-0.86603,0.00000,0.50000,1887.72
quat8,0.00000,-0.86603,0.00000,0.50000,1887.72
quat0,0.50118,0.05693,-0.85886,-0.08908,1887.74
quat1,-0.21295,0.74741,-0.23531,-0.58366,1887.74
quat2,0.54416,-0.60743,0.56815,-0.11012,1887.74
quat3,0.27555,-0.93327,0.00786,0.23024,1887.74
quat4,-0.83495,0.18269,-0.17621,-0.48830,1887.74
quat5,0.00000,-0.86603,0.00000,0.50000,1887.74
quat6,0.00000,-0.86603,0.00000,0.50000,1887.74
quat7,0.00000,-0.86603,0.00000,0.50000,1887.74
quat8,0.00000,-0.86603,0.00000,0.50000,1887.74
quat0,0.50064,0.06247,-0.85976,-0.07920,1887.76
quat1,-0.22768,0.74995,-0.23955,-0.57303,1887.76
quat2,0.53712,-0.61405,0.56673,-0.11512,1887.76
quat3,0.28895,-0.92776,0.01661,0.23556,1887.76
quat4,-0.82947,0.18187,-0.16773,-0.50076,1887.76
quat5,0.00000,-0.86603,0.00000,0.50000,1887.76
quat6,0.00000,-0.86603,0.00000,0.50000,1887.76
quat7,0.00000,-0.86603,0.00000,0.50000,1887.76
quat8,0.00000,-0.86603,0.00000,0.50000,1887.76
quat0,0.50128,0.06933,-0.85980,-0.06830,1887.78
quat1,-0.23843,0.75372,-0.24490,-0.56133,1887.78
quat2,0.52798,-0.62195,0.56546,-0.12115,1887.78
quat3,0.30166,-0.92147,0.02362,0.24360,1887.78
quat4,-0.82265,0.18267,-0.16081,-0.51383,1887.78
quat5,0.00000,-0.86603,0.00000,0.50000,1887.78
quat6,0.00000,-0.86603,0.00000,0.50000,1887.78
quat7,0.00000,-0.86603,0.00000,0.50000,1887.78
quat8,0.00000,-0.86603,0.00000,0.50000,1887.78
quat0,0.50106,0.07717,-0.86018,-0.05547,1887.8
quat1,-0.24817,0.75758,-0.25000,-0.54953,1887.8
quat2,0.51744,-0.63013,0.56495,-0.12661,1887.8
quat3,0.31391,-0.91445,0.02807,0.25386,1887.8
quat4,-0.81546,0.18363,-0.15353,-0.52700,1887.8
quat5,0.00000,-0.86603,0.00000,0.50000,1887.8
quat6,0.00000,-0.86603,0.00000,0.50000,1887.8
quat7,0.00000,-0.86603,0.00000,0.50000,1887.8
quat8,0.00000,-0.86603,0.00000,0.50000,1887.8
quat0,0.50727,0.08694,-0.85640,-0.04136,1887.82
quat1,-0.25645,0.76067,-0.25420,-0.53945,1887.82
quat2,0.50687,-0.64055,0.56174,-0.13124,1887.82
quat3,0.32569,-0.90632,0.02980,0.26762,1887.82
quat4,-0.80673,0.18546,-0.14437,-0.54217,1887.82
quat5,0.00000,-0.86603,0.00000,0.50000,1887.82
quat6,0.00000,-0.86603,0.00000,0.50000,1887.82
quat7,0.00000,-0.86603,0.00000,0.50000,1887.82
quat8,0.00000,-0.86603,0.00000,0.50000,1887.82
quat0,0.51017,0.08817,-0.85473,-0.03724,1887.84
quat1,-0.26681,0.76390,-0.25802,-0.52792,1887.84
quat2,0.49631,-0.65020,0.55916,-0.13512,1887.84
quat3,0.33717,-0.89754,0.03147,0.28239,1887.84
quat4,-0.79780,0.18820,-0.13575,-0.55648,1887.84
quat5,0.00000,-0.86603,0.00000,0.50000,1887.84
quat6,0.00000,-0.86603,0.00000,0.50000,1887.84
quat7,0.00000,-0.86603,0.00000,0.50000,1887.84
quat8,0.00000,-0.86603,0.00000,0.50000,1887.84
quat0,0.50745,0.09945,-0.85572,-0.01848,1887.86
quat1,-0.27510,0.76936,-0.26145,-0.51385,1887.86
quat2,0.48373,-0.66022,0.55704,-0.14077,1887.86
quat3,0.34646,-0.88911,0.03313,0.29724,1887.86
quat4,-0.78753,0.19199,-0.12847,-0.57135,1887.86
quat5,0.00000,-0.86603,0.00000,0.50000,1887.86
quat6,0.00000,-0.86603,0.00000,0.50000,1887.86
quat7,0.00000,-0.86603,0.00000,0.50000,1887.86
quat8,0.00000,-0.86603,0.00000,0.50000,1887.86
quat0,0.51004,0.10340,-0.85388,-0.00734,1887.88
quat1,-0.28280,0.77344,-0.26535,-0.50140,1887.88
quat2,0.47268,-0.66919,0.55470,-0.14514,1887.88
quat3,0.35668,-0.88100,0.03481,0.30887,1887.88
quat4,-0.77786,0.19525,-0.12015,-0.58512,1887.88
quat5,0.00000,-0.86603,0.00000,0.50000,1887.88
quat6,0.00000,-0.86603,0.00000,0.50000,1887.88
quat7,0.00000,-0.86603,0.00000,0.50000,1887.88
quat8,0.00000,-0.86603,0.00000,0.50000,1887.88
quat0,0.50856,0.11142,-0.85378,0.00304,1887.9
quat1,-0.28778,0.77682,-0.26922,-0.49117,1887.9
quat2,0.46282,-0.67774,0.55131,-0.15012,1887.9
quat3,0.36388,-0.87459,0.03677,0.31834,1887.9
quat4,-0.76816,0.19905,-0.11114,-0.59830,1887.9
quat5,0.00000,-0.86603,0.00000,0.50000,1887.9
quat6,0.00000,-0.86603,0.00000,0.50000,1887.9
quat7,0.00000,-0.86603,0.00000,0.50000,1887.9
quat8,0.00000,-0.86603,0.00000,0.50000,1887.9
quat0,0.50703,0.12032,-0.85335,0.01506,1887.92
quat1,-0.29378,0.77917,-0.27207,-0.48226,1887.92
quat2,0.45325,-0.68681,0.54697,-0.15387,1887.92
quat3,0.37014,-0.86896,0.03975,0.32608,1887.92
quat4,-0.75889,0.20442,-0.10408,-0.60948,1887.92
quat5,0.00000,-0.86603,0.00000,0.50000,1887.92
quat6,0.00000,-0.86603,0.00000,0.50000,1887.92
quat7,0.00000,-0.86603,0.00000,0.50000,1887.92
quat8,0.00000,-0.86603,0.00000,0.50000,1887.92
quat0,0.50272,0.12856,-0.85432,0.02956,1887.94
quat1,-0.29841,0.78159,-0.27291,-0.47496,1887.94
quat2,0.43980,-0.69582,0.54460,-0.16073,1887.94
quat3,0.37456,-0.86344,0.04252,0.33522,1887.94
quat4,-0.74872,0.21056,-0.09904,-0.62070,1887.94
quat5,0.00000,-0.86603,0.00000,0.50000,1887.94
quat6,0.00000,-0.86603,0.00000,0.50000,1887.94
quat7,0.00000,-0.86603,0.00000,0.50000,1887.94
quat8,0.00000,-0.86603,0.00000,0.50000,1887.94
quat0,0.50365,0.13448,-0.85219,0.04495,1887.96
quat1,-0.30173,0.78519,-0.27379,-0.46635,1887.96
quat2,0.42603,-0.70420,0.54286,-0.16706,1887.96
quat3,0.37963,-0.85741,0.04400,0.34466,1887.96
quat4,-0.73898,0.21418,-0.09089,-0.63228,1887.96
quat5,0.00000,-0.86603,0.00000,0.50000,1887.96
quat6,0.00000,-0.86603,0.00000,0.50000,1887.96
quat7,0.00000,-0.86603,0.00000,0.50000,1887.96
quat8,0.00000,-0.86603,0.00000,0.50000,1887.96
quat0,0.50368,0.14210,-0.85012,0.05830,1887.98
quat1,-0.30248,0.78982,-0.27485,-0.45733,1887.98
quat2,0.41393,-0.71298,0.53897,-0.17273,1887.98
quat3,0.38233,-0.85271,0.04278,0.35337,1887.98
quat4,-0.72834,0.21581,-0.07771,-0.64569,1887.98
quat5,0.00000,-0.86603,0.00000,0.50000,1887.98
quat6,0.00000,-0.86603,0.00000,0.50000,1887.98
quat7,0.00000,-0.86603,0.00000,0.50000,1887.98
quat8,0.00000,-0.86603,0.00000,0.50000,1887.98
quat0,0.50307,0.15084,-0.84806,0.07048,1888
quat1,-0.30224,0.79452,-0.27551,-0.44887,1888
quat2,0.40217,-0.72052,0.53591,-0.17862,1888
quat3,0.38415,-0.84775,0.04034,0.36349,1888
quat4,-0.71857,0.21874,-0.06469,-0.65698,1888
quat5,0.00000,-0.86603,0.00000,0.50000,1888
quat6,0.00000,-0.86603,0.00000,0.50000,1888
quat7,0.00000,-0.86603,0.00000,0.50000,1888
quat8,0.00000,-0.86603,0.00000,0.50000,1888
quat0,0.50204,0.16047,-0.84561,0.08453,1888.02
quat1,-0.30238,0.79674,-0.27479,-0.44527,1888.02
quat2,0.38934,-0.72804,0.53286,-0.18555,1888.02
quat3,0.38290,-0.84325,0.03966,0.37517,1888.02
quat4,-0.70775,0.22716,-0.05693,-0.66652,1888.02
quat5,0.00000,-0.86603,0.00000,0.50000,1888.02
quat6,0.00000,-0.86603,0.00000,0.50000,1888.02
quat7,0.00000,-0.86603,0.00000,0.50000,1888.02
quat8,0.00000,-0.86603,0.00000,0.50000,1888.02
quat0,0.50462,0.17051,-0.83965,0.10616,1888.04
quat1,-0.30280,0.79705,-0.27316,-0.44543,1888.04
quat2,0.37551,-0.73531,0.53051,-0.19203,1888.04
quat3,0.38004,-0.84015,0.04155,0.38470,1888.04
quat4,-0.69745,0.23903,-0.05364,-0.67346,1888.04
quat5,0.00000,-0.86603,0.00000,0.50000,1888.04
quat6,0.00000,-0.86603,0.00000,0.50000,1888.04
quat7,0.00000,-0.86603,0.00000,0.50000,1888.04
quat8,0.00000,-0.86603,0.00000,0.50000,1888.04
quat0,0.50303,0.18345,-0.83499,0.12684,1888.06
quat1,-0.30323,0.79804,-0.26947,-0.44562,1888.06
quat2,0.36101,-0.74360,0.52708,-0.19725,1888.06
quat3,0.37410,-0.83859,0.04497,0.39345,1888.06
quat4,-0.68616,0.25087,-0.04932,-0.68104,1888.06
quat5,0.00000,-0.86603,0.00000,0.50000,1888.06
quat6,0.00000,-0.86603,0.00000,0.50000,1888.06
quat7,0.00000,-0.86603,0.00000,0.50000,1888.06
quat8,0.00000,-0.86603,0.00000,0.50000,1888.06
quat0,0.50669,0.18286,-0.83325,0.12463,1888.08
quat1,-0.30573,0.79917,-0.26379,-0.44528,1888.08
quat2,0.34667,-0.75145,0.52389,-0.20167,1888.08
quat3,0.36886,-0.83579,0.04754,0.40389,1888.08
quat4,-0.67559,0.25964,-0.04139,-0.68880,1888.08
quat5,0.00000,-0.86603,0.00000,0.50000,1888.08
quat6,0.00000,-0.86603,0.00000,0.50000,1888.08
quat7,0.00000,-0.86603,0.00000,0.50000,1888.08
quat8,0.00000,-0.86603,0.00000,0.50000,1888.08
quat0,0.50706,0.19354,-0.82745,0.14407,1888.1
quat1,-0.30677,0.80267,-0.25773,-0.44179,1888.1
quat2,0.33161,-0.75987,0.51999,-0.20553,1888.1
quat3,0.36425,-0.83070,0.04695,0.41839,1888.1
quat4,-0.66426,0.26842,-0.03341,-0.69684,1888.1
quat5,0.00000,-0.86603,0.00000,0.50000,1888.1
quat6,0.00000,-0.86603,0.00000,0.50000,1888.1
quat7,0.00000,-0.86603,0.00000,0.50000,1888.1
quat8,0.00000,-0.86603,0.00000,0.50000,1888.1
quat0,0.50860,0.19593,-0.82485,0.15022,1888.12
quat1,-0.30787,0.80716,-0.25223,-0.43600,1888.12
quat2,0.31749,-0.76753,0.51663,-0.20782,1888.12
quat3,0.36127,-0.82470,0.04547,0.43277,1888.12
quat4,-0.65399,0.27771,-0.02694,-0.70317,1888.12
quat5,0.00000,-0.86603,0.00000,0.50000,1888.12
quat6,0.00000,-0.86603,0.00000,0.50000,1888.12
quat7,0.00000,-0.86603,0.00000,0.50000,1888.12
quat8,0.00000,-0.86603,0.00000,0.50000,1888.12
quat0,0.50806,0.20385,-0.81988,0.16767,1888.14
quat1,-0.30844,0.81199,-0.24654,-0.42983,1888.14
quat2,0.30403,-0.77446,0.51402,-0.20871,1888.14
quat3,0.35815,-0.81947,0.04402,0.44527,1888.14
quat4,-0.64432,0.28774,-0.02244,-0.70820,1888.14
quat5,0.00000,-0.86603,0.00000,0.50000,1888.14
quat6,0.00000,-0.86603,0.00000,0.50000,1888.14
quat7,0.00000,-0.86603,0.00000,0.50000,1888.14
quat8,0.00000,-0.86603,0.00000,0.50000,1888.14
quat0,0.51227,0.20413,-0.81575,0.17453,1888.16
quat1,-0.30973,0.81568,-0.24032,-0.42542,1888.16
quat2,0.29365,-0.77947,0.51253,-0.20859,1888.16
quat3,0.35441,-0.81586,0.04436,0.45476,1888.16
quat4,-0.63747,0.29663,-0.01947,-0.71082,1888.16
quat5,0.00000,-0.86603,0.00000,0.50000,1888.16
quat6,0.00000,-0.86603,0.00000,0.50000,1888.16
quat7,0.00000,-0.86603,0.00000,0.50000,1888.16
quat8,0.00000,-0.86603,0.00000,0.50000,1888.16
quat0,0.50867,0.21064,-0.81371,0.18647,1888.18
quat1,-0.31045,0.81898,-0.23321,-0.42251,1888.18
quat2,0.28663,-0.78601,0.50764,-0.20575,1888.18
quat3,0.34879,-0.81399,0.04694,0.46212,1888.18
quat4,-0.63117,0.30586,-0.01850,-0.71256,1888.18
quat5,0.00000,-0.86603,0.00000,0.50000,1888.18
quat6,0.00000,-0.86603,0.00000,0.50000,1888.18
quat7,0.00000,-0.86603,0.00000,0.50000,1888.18
quat8,0.00000,-0.86603,0.00000,0.50000,1888.18
quat0,0.50739,0.21285,-0.81242,0.19291,1888.2
quat1,-0.31118,0.82213,-0.22749,-0.41895,1888.2
quat2,0.27966,-0.79300,0.50223,-0.20178,1888.2
quat3,0.34262,-0.81223,0.05068,0.46938,1888.2
quat4,-0.62604,0.31517,-0.01801,-0.71303,1888.2
quat5,0.00000,-0.86603,0.00000,0.50000,1888.2
quat6,0.00000,-0.86603,0.00000,0.50000,1888.2
quat7,0.00000,-0.86603,0.00000,0.50000,1888.2
quat8,0.00000,-0.86603,0.00000,0.50000,1888.2
quat0,0.50570,0.21883,-0.80945,0.20293,1888.22
quat1,-0.31229,0.82586,-0.22189,-0.41375,1888.22
quat2,0.26957,-0.79969,0.49858,-0.19809,1888.22
quat3,0.33446,-0.81049,0.05485,0.47774,1888.22
quat4,-0.62194,0.32636,-0.02077,-0.71151,1888.22
quat5,0.00000,-0.86603,0.00000,0.50000,1888.22
quat6,0.00000,-0.86603,0.00000,0.50000,1888.22
quat7,0.00000,-0.86603,0.00000,0.50000,1888.22
quat8,0.00000,-0.86603,0.00000,0.50000,1888.22
quat0,0.50765,0.22113,-0.80585,0.20978,1888.24
quat1,-0.31584,0.82968,-0.21369,-0.40770,1888.24
quat2,0.26173,-0.80563,0.49484,-0.19387,1888.24
quat3,0.32632,-0.81017,0.05907,0.48337,1888.24
quat4,-0.61950,0.33851,-0.02802,-0.70770,1888.24
quat5,0.00000,-0.86603,0.00000,0.50000,1888.24
quat6,0.00000,-0.86603,0.00000,0.50000,1888.24
quat7,0.00000,-0.86603,0.00000,0.50000,1888.24
quat8,0.00000,-0.86603,0.00000,0.50000,1888.24
quat0,0.50787,0.22513,-0.80389,0.21248,1888.26
quat1,-0.31971,0.83234,-0.20525,-0.40357,1888.26
quat2,0.25765,-0.81338,0.48744,-0.18554,1888.26
quat3,0.31878,-0.81082,0.06137,0.48702,1888.26
quat4,-0.61632,0.34784,-0.03204,-0.70578,1888.26
quat5,0.00000,-0.86603,0.00000,0.50000,1888.26
quat6,0.00000,-0.86603,0.00000,0.50000,1888.26
quat7,0.00000,-0.86603,0.00000,0.50000,1888.26
quat8,0.00000,-0.86603,0.00000,0.50000,1888.26
quat0,0.50644,0.22617,-0.80357,0.21596,1888.28
quat1,-0.32495,0.83424,-0.19647,-0.39982,1888.28
quat2,0.25384,-0.82194,0.47873,-0.17548,1888.28
quat3,0.31251,-0.81035,0.06274,0.49166,1888.28
quat4,-0.61092,0.35291,-0.02985,-0.70805,1888.28
quat5,0.00000,-0.86603,0.00000,0.50000,1888.28
quat6,0.00000,-0.86603,0.00000,0.50000,1888.28
quat7,0.00000,-0.86603,0.00000,0.50000,1888.28
quat8,0.00000,-0.86603,0.00000,0.50000,1888.28
quat0,0.50432,0.23058,-0.80263,0.21974,1888.3
quat1,-0.33057,0.83727,-0.18824,-0.39277,1888.3
quat2,0.24797,-0.82945,0.47160,-0.16769,1888.3
quat3,0.30788,-0.80794,0.06283,0.49849,1888.3
quat4,-0.60414,0.35769,-0.02637,-0.71160,1888.3
quat5,0.00000,-0.86603,0.00000,0.50000,1888.3
quat6,0.00000,-0.86603,0.00000,0.50000,1888.3
quat7,0.00000,-0.86603,0.00000,0.50000,1888.3
quat8,0.00000,-0.86603,0.00000,0.50000,1888.3
quat0,0.50435,0.23305,-0.80102,0.22292,1888.32
quat1,-0.33638,0.84016,-0.18168,-0.38467,1888.32
quat2,0.24110,-0.83467,0.46802,-0.16172,1888.32
quat3,0.30457,-0.80557,0.06406,0.50417,1888.32
quat4,-0.59841,0.36313,-0.02388,-0.71377,1888.32
quat5,0.00000,-0.86603,0.00000,0.50000,1888.32
quat6,0.00000,-0.86603,0.00000,0.50000,1888.32
quat7,0.00000,-0.86603,0.00000,0.50000,1888.32
quat8,0.00000,-0.86603,0.00000,0.50000,1888.32
quat0,0.49956,0.23871,-0.80117,0.22710,1888.34
quat1,-0.34266,0.84214,-0.17527,-0.37771,1888.34
quat2,0.23600,-0.83853,0.46576,-0.15570,1888.34
quat3,0.30156,-0.80363,0.06725,0.50864,1888.34
quat4,-0.59399,0.37021,-0.02250,-0.71387,1888.34
quat5,0.00000,-0.86603,0.00000,0.50000,1888.34
quat6,0.00000,-0.86603,0.00000,0.50000,1888.34
quat7,0.00000,-0.86603,0.00000,0.50000,1888.34
quat8,0.00000,-0.86603,0.00000,0.50000,1888.34
quat0,0.49733,0.23971,-0.80235,0.22679,1888.36
quat1,-0.35005,0.84290,-0.16873,-0.37218,1888.36
quat2,0.23548,-0.84334,0.46067,-0.14528,1888.36
quat3,0.29918,-0.80122,0.07221,0.51316,1888.36
quat4,-0.58970,0.37864,-0.01975,-0.71309,1888.36
quat5,0.00000,-0.86603,0.00000,0.50000,1888.36
quat6,0.00000,-0.86603,0.00000,0.50000,1888.36
quat7,0.00000,-0.86603,0.00000,0.50000,1888.36
quat8,0.00000,-0.86603,0.00000,0.50000,1888.36
quat0,0.49384,0.24171,-0.80457,0.22441,1888.38
quat1,-0.35804,0.84328,-0.16327,-0.36611,1888.38
quat2,0.23562,-0.84741,0.45627,-0.13493,1888.38
quat3,0.29869,-0.79723,0.07651,0.51899,1888.38
quat4,-0.58453,0.38753,-0.01420,-0.71270,1888.38
quat5,0.00000,-0.86603,0.00000,0.50000,1888.38
quat6,0.00000,-0.86603,0.00000,0.50000,1888.38
quat7,0.00000,-0.86603,0.00000,0.50000,1888.38
quat8,0.00000,-0.86603,0.00000,0.50000,1888.38
quat0,0.49468,0.24245,-0.80374,0.22474,1888.4
quat1,-0.36491,0.84386,-0.15952,-0.35958,1888.4
quat2,0.23467,-0.84995,0.45384,-0.12861,1888.4
quat3,0.29861,-0.79337,0.08069,0.52429,1888.4
quat4,-0.57979,0.39510,-0.00808,-0.71252,1888.4
quat5,0.00000,-0.86603,0.00000,0.50000,1888.4
quat6,0.00000,-0.86603,0.00000,0.50000,1888.4
quat7,0.00000,-0.86603,0.00000,0.50000,1888.4
quat8,0.00000,-0.86603,0.00000,0.50000,1888.4
quat0,0.49599,0.24255,-0.80393,0.22104,1888.42
quat1,-0.37038,0.84429,-0.15830,-0.35346,1888.42
quat2,0.23574,-0.85141,0.45184,-0.12397,1888.42
quat3,0.29954,-0.78948,0.08361,0.52916,1888.42
quat4,-0.57586,0.40230,-0.00267,-0.71171,1888.42
quat5,0.00000,-0.86603,0.00000,0.50000,1888.42
quat6,0.00000,-0.86603,0.00000,0.50000,1888.42
quat7,0.00000,-0.86603,0.00000,0.50000,1888.42
quat8,0.00000,-0.86603,0.00000,0.50000,1888.42
quat0,0.49564,0.24380,-0.80478,0.21730,1888.44
quat1,-0.37460,0.84446,-0.15847,-0.34849,1888.44
quat2,0.23841,-0.85191,0.45034,-0.12083,1888.44
quat3,0.30064,-0.78600,0.08700,0.53315,1888.44
quat4,-0.57251,0.40794,0.00276,-0.71120,1888.44
quat5,0.00000,-0.86603,0.00000,0.50000,1888.44
quat6,0.00000,-0.86603,0.00000,0.50000,1888.44
quat7,0.00000,-0.86603,0.00000,0.50000,1888.44
quat8,0.00000,-0.86603,0.00000,0.50000,1888.44
quat0,0.49765,0.24076,-0.80641,0.20992,1888.46
quat1,-0.37792,0.84443,-0.16051,-0.34402,1888.46
quat2,0.24119,-0.85040,0.45152,-0.12153,1888.46
quat3,0.30259,-0.78337,0.09045,0.53534,1888.46
quat4,-0.57138,0.41133,0.00716,-0.71012,1888.46
quat5,0.00000,-0.86603,0.00000,0.50000,1888.46
quat6,0.00000,-0.86603,0.00000,0.50000,1888.46
quat7,0.00000,-0.86603,0.00000,0.50000,1888.46
quat8,0.00000,-0.86603,0.00000,0.50000,1888.46
quat0,0.49812,0.23913,-0.80798,0.20459,1888.48
quat1,-0.38164,0.84291,-0.16208,-0.34290,1888.48
quat2,0.24463,-0.84846,0.45310,-0.12234,1888.48
quat3,0.30492,-0.78140,0.09374,0.53633,1888.48
quat4,-0.57075,0.41286,0.01114,-0.70970,1888.48
quat5,0.00000,-0.86603,0.00000,0.50000,1888.48
quat6,0.00000,-0.86603,0.00000,0.50000,1888.48
quat7,0.00000,-0.86603,0.00000,0.50000,1888.48
quat8,0.00000,-0.86603,0.00000,0.50000,1888.48
quat0,0.49984,0.23556,-0.81030,0.19515,1888.5
quat1,-0.38658,0.84035,-0.16469,-0.34241,1888.5
quat2,0.24819,-0.84676,0.45401,-0.12359,1888.5
quat3,0.30911,-0.77964,0.09640,0.53602,1888.5
quat4,-0.57086,0.41294,0.01408,-0.70951,1888.5
quat5,0.00000,-0.86603,0.00000,0.50000,1888.5
quat6,0.00000,-0.86603,0.00000,0.50000,1888.5
quat7,0.00000,-0.86603,0.00000,0.50000,1888.5
quat8,0.00000,-0.86603,0.00000,0.50000,1888.5
quat0,0.50179,0.23128,-0.81186,0.18866,1888.52
quat1,-0.38992,0.83862,-0.16867,-0.34094,1888.52
quat2,0.25120,-0.84467,0.45620,-0.12374,1888.52
quat3,0.31382,-0.77885,0.09664,0.53439,1888.52
quat4,-0.57294,0.41211,0.01567,-0.70828,1888.52
quat5,0.00000,-0.86603,0.00000,0.50000,1888.52
quat6,0.00000,-0.86603,0.00000,0.50000,1888.52
quat7,0.00000,-0.86603,0.00000,0.50000,1888.52
quat8,0.00000,-0.86603,0.00000,0.50000,1888.52
quat0,0.50526,0.22648,-0.81347,0.17799,1888.54
quat1,-0.39518,0.83597,-0.17178,-0.33981,1888.54
quat2,0.25334,-0.84232,0.45870,-0.12614,1888.54
quat3,0.31895,-0.78015,0.09755,0.52927,1888.54
quat4,-0.57630,0.40667,0.01701,-0.70866,1888.54
quat5,0.00000,-0.86603,0.00000,0.50000,1888.54
quat6,0.00000,-0.86603,0.00000,0.50000,1888.54
quat7,0.00000,-0.86603,0.00000,0.50000,1888.54
quat8,0.00000,-0.86603,0.00000,0.50000,1888.54
quat0,0.50892,0.22168,-0.81490,0.16669,1888.56
quat1,-0.39970,0.83339,-0.17708,-0.33815,1888.56
quat2,0.25355,-0.84034,0.46071,-0.13151,1888.56
quat3,0.32276,-0.78288,0.09775,0.52285,1888.56
quat4,-0.57913,0.40048,0.01761,-0.70986,1888.56
quat5,0.00000,-0.86603,0.00000,0.50000,1888.56
quat6,0.00000,-0.86603,0.00000,0.50000,1888.56
quat7,0.00000,-0.86603,0.00000,0.50000,1888.56
quat8,0.00000,-0.86603,0.00000,0.50000,1888.56
quat0,0.51123,0.21674,-0.81774,0.15158,1888.58
quat1,-0.40437,0.83064,-0.18458,-0.33534,1888.58
quat2,0.25336,-0.83744,0.46439,-0.13726,1888.58
quat3,0.32794,-0.78446,0.09805,0.51717,1888.58
quat4,-0.58169,0.39341,0.02076,-0.71164,1888.58
quat5,0.00000,-0.86603,0.00000,0.50000,1888.58
quat6,0.00000,-0.86603,0.00000,0.50000,1888.58
quat7,0.00000,-0.86603,0.00000,0.50000,1888.58
quat8,0.00000,-0.86603,0.00000,0.50000,1888.58
quat0,0.51234,0.21547,-0.81858,0.14495,1888.6
quat1,-0.40761,0.82843,-0.19220,-0.33259,1888.6
quat2,0.25466,-0.83545,0.46601,-0.14145,1888.6
quat3,0.33242,-0.78493,0.09798,0.51361,1888.6
quat4,-0.58241,0.38735,0.02487,-0.71424,1888.6
quat5,0.00000,-0.86603,0.00000,0.50000,1888.6
quat6,0.00000,-0.86603,0.00000,0.50000,1888.6
quat7,0.00000,-0.86603,0.00000,0.50000,1888.6
quat8,0.00000,-0.86603,0.00000,0.50000,1888.6
quat0,0.50965,0.20682,-0.82590,0.12401,1888.62
quat1,-0.41131,0.82505,-0.20042,-0.33159,1888.62
quat2,0.25877,-0.83288,0.46775,-0.14338,1888.62
quat3,0.33830,-0.78450,0.10161,0.50969,1888.62
quat4,-0.58338,0.38383,0.02872,-0.71520,1888.62
quat5,0.00000,-0.86603,0.00000,0.50000,1888.62
quat6,0.00000,-0.86603,0.00000,0.50000,1888.62
quat7,0.00000,-0.86603,0.00000,0.50000,1888.62
quat8,0.00000,-0.86603,0.00000,0.50000,1888.62
quat0,0.50773,0.20321,-0.83002,0.10945,1888.64
quat1,-0.41552,0.82167,-0.20525,-0.33178,1888.64
quat2,0.26334,-0.83101,0.46735,-0.14718,1888.64
quat3,0.34261,-0.78421,0.10805,0.50593,1888.64
quat4,-0.58311,0.38570,0.02432,-0.71458,1888.64
quat5,0.00000,-0.86603,0.00000,0.50000,1888.64
quat6,0.00000,-0.86603,0.00000,0.50000,1888.64
quat7,0.00000,-0.86603,0.00000,0.50000,1888.64
quat8,0.00000,-0.86603,0.00000,0.50000,1888.64
quat0,0.50689,0.19083,-0.83645,0.08367,1888.66
quat1,-0.42087,0.81718,-0.20853,-0.33407,1888.66
quat2,0.26950,-0.82581,0.47188,-0.15081,1888.66
quat3,0.34485,-0.78567,0.11727,0.50005,1888.66
quat4,-0.58610,0.39528,0.01242,-0.70717,1888.66
quat5,0.00000,-0.86603,0.00000,0.50000,1888.66
quat6,0.00000,-0.86603,0.00000,0.50000,1888.66
quat7,0.00000,-0.86603,0.00000,0.50000,1888.66
quat8,0.00000,-0.86603,0.00000,0.50000,1888.66
quat0,0.50097,0.19315,-0.83939,0.08451,1888.68
quat1,-0.42740,0.81273,-0.20610,-0.33813,1888.68
quat2,0.28431,-0.81971,0.47649,-0.14210,1888.68
quat3,0.34468,-0.78662,0.12894,0.49579,1888.68
quat4,-0.59656,0.40607,-0.00287,-0.69225,1888.68
quat5,0.00000,-0.86603,0.00000,0.50000,1888.68
quat6,0.00000,-0.86603,0.00000,0.50000,1888.68
quat7,0.00000,-0.86603,0.00000,0.50000,1888.68
quat8,0.00000,-0.86603,0.00000,0.50000,1888.68
quat0,0.49448,0.18935,-0.84519,0.07279,1888.7
quat1,-0.44429,0.80168,-0.19338,-0.35003,1888.7
quat2,0.30510,-0.81479,0.47785,-0.12118,1888.7
quat3,0.34333,-0.79027,0.15060,0.48468,1888.7
quat4,-0.60897,0.41074,-0.01304,-0.67844,1888.7
quat5,0.00000,-0.86603,0.00000,0.50000,1888.7
quat6,0.00000,-0.86603,0.00000,0.50000,1888.7
quat7,0.00000,-0.86603,0.00000,0.50000,1888.7
quat8,0.00000,-0.86603,0.00000,0.50000,1888.7
quat0,0.49582,0.18479,-0.84587,0.06725,1888.72
quat1,-0.46309,0.78894,-0.18635,-0.35833,1888.72
quat2,0.32014,-0.80980,0.48111,-0.10136,1888.72
quat3,0.34493,-0.79071,0.17410,0.47486,1888.72
quat4,-0.61951,0.40624,-0.01534,-0.67152,1888.72
quat5,0.00000,-0.86603,0.00000,0.50000,1888.72
quat6,0.00000,-0.86603,0.00000,0.50000,1888.72
quat7,0.00000,-0.86603,0.00000,0.50000,1888.72
quat8,0.00000,-0.86603,0.00000,0.50000,1888.72
quat0,0.49540,0.16505,-0.85093,0.05710,1888.74
quat1,-0.47435,0.77934,-0.18906,-0.36316,1888.74
quat2,0.32752,-0.80102,0.49132,-0.09851,1888.74
quat3,0.35629,-0.78426,0.18582,0.47272,1888.74
quat4,-0.62769,0.40002,-0.01361,-0.66769,1888.74
quat5,0.00000,-0.86603,0.00000,0.50000,1888.74
quat6,0.00000,-0.86603,0.00000,0.50000,1888.74
quat7,0.00000,-0.86603,0.00000,0.50000,1888.74
quat8,0.00000,-0.86603,0.00000,0.50000,1888.74
quat0,0.48833,0.15526,-0.85732,0.04932,1888.76
quat1,-0.47180,0.78011,-0.21008,-0.35314,1888.76
quat2,0.33320,-0.79217,0.50120,-0.10123,1888.76
quat3,0.36527,-0.78003,0.19807,0.46786,1888.76
quat4,-0.63250,0.39981,-0.01305,-0.66327,1888.76
quat5,0.00000,-0.86603,0.00000,0.50000,1888.76
quat6,0.00000,-0.86603,0.00000,0.50000,1888.76
quat7,0.00000,-0.86603,0.00000,0.50000,1888.76
quat8,0.00000,-0.86603,0.00000,0.50000,1888.76
quat0,0.48602,0.15146,-0.86004,0.03413,1888.78
quat1,-0.47147,0.77693,-0.22402,-0.35201,1888.78
quat2,0.33584,-0.78448,0.51005,-0.10798,1888.78
quat3,0.37035,-0.78071,0.20475,0.45979,1888.78
quat4,-0.63792,0.39385,-0.01129,-0.66167,1888.78
quat5,0.00000,-0.86603,0.00000,0.50000,1888.78
quat6,0.00000,-0.86603,0.00000,0.50000,1888.78
quat7,0.00000,-0.86603,0.00000,0.50000,1888.78
quat8,0.00000,-0.86603,0.00000,0.50000,1888.78
quat0,0.48486,0.15088,-0.86076,0.03519,1888.8
quat1,-0.47116,0.77474,-0.22288,-0.35794,1888.8
quat2,0.33834,-0.78214,0.51156,-0.10996,1888.8
quat3,0.37070,-0.78590,0.20062,0.45243,1888.8
quat4,-0.64131,0.39134,-0.01661,-0.65977,1888.8
quat5,0.00000,-0.86603,0.00000,0.50000,1888.8
quat6,0.00000,-0.86603,0.00000,0.50000,1888.8
quat7,0.00000,-0.86603,0.00000,0.50000,1888.8
quat8,0.00000,-0.86603,0.00000,0.50000,1888.8
quat0,0.48527,0.14573,-0.86153,0.03240,1888.82
quat1,-0.46764,0.77176,-0.22434,-0.36793,1888.82
quat2,0.34297,-0.77919,0.51233,-0.11295,1888.82
quat3,0.37165,-0.79104,0.19450,0.44531,1888.82
quat4,-0.64200,0.39061,-0.02028,-0.65944,1888.82
quat5,0.00000,-0.86603,0.00000,0.50000,1888.82
quat6,0.00000,-0.86603,0.00000,0.50000,1888.82
quat7,0.00000,-0.86603,0.00000,0.50000,1888.82
quat8,0.00000,-0.86603,0.00000,0.50000,1888.82
quat0,0.48772,0.14156,-0.86082,0.03285,1888.84
quat1,-0.45662,0.77390,-0.22788,-0.37503,1888.84
quat2,0.34783,-0.77668,0.51136,-0.11956,1888.84
quat3,0.36886,-0.79723,0.18903,0.43890,1888.84
quat4,-0.64026,0.39185,-0.02174,-0.66034,1888.84
quat5,0.00000,-0.86603,0.00000,0.50000,1888.84
quat6,0.00000,-0.86603,0.00000,0.50000,1888.84
quat7,0.00000,-0.86603,0.00000,0.50000,1888.84
quat8,0.00000,-0.86603,0.00000,0.50000,1888.84
quat0,0.48769,0.13471,-0.86237,0.01823,1888.86
quat1,-0.44571,0.77706,-0.23028,-0.38012,1888.86
quat2,0.35300,-0.77328,0.51128,-0.12659,1888.86
quat3,0.36315,-0.80489,0.18724,0.43036,1888.86
quat4,-0.64170,0.39665,-0.02889,-0.65579,1888.86
quat5,0.00000,-0.86603,0.00000,0.50000,1888.86
quat6,0.00000,-0.86603,0.00000,0.50000,1888.86
quat7,0.00000,-0.86603,0.00000,0.50000,1888.86
quat8,0.00000,-0.86603,0.00000,0.50000,1888.86
quat0,0.49160,0.12833,-0.86126,0.00957,1888.88
quat1,-0.43497,0.77910,-0.23029,-0.38829,1888.88
quat2,0.35936,-0.77028,0.51057,-0.12980,1888.88
quat3,0.35467,-0.81457,0.18406,0.42048,1888.88
quat4,-0.64558,0.39917,-0.03937,-0.64988,1888.88
quat5,0.00000,-0.86603,0.00000,0.50000,1888.88
quat6,0.00000,-0.86603,0.00000,0.50000,1888.88
quat7,0.00000,-0.86603,0.00000,0.50000,1888.88
quat8,0.00000,-0.86603,0.00000,0.50000,1888.88
quat0,0.49240,0.11573,-0.86261,-0.00693,1888.9
quat1,-0.42451,0.77889,-0.22819,-0.40132,1888.9
quat2,0.36937,-0.76523,0.51117,-0.12923,1888.9
quat3,0.34684,-0.82397,0.18081,0.40998,1888.9
quat4,-0.65347,0.39615,-0.05023,-0.64306,1888.9
quat5,0.00000,-0.86603,0.00000,0.50000,1888.9
quat6,0.00000,-0.86603,0.00000,0.50000,1888.9
quat7,0.00000,-0.86603,0.00000,0.50000,1888.9
quat8,0.00000,-0.86603,0.00000,0.50000,1888.9
quat0,0.48893,0.11141,-0.86503,-0.01635,1888.92
quat1,-0.41191,0.77776,-0.22903,-0.41588,1888.92
quat2,0.37964,-0.75862,0.51315,-0.13060,1888.92
quat3,0.33999,-0.83233,0.17472,0.40139,1888.92
quat4,-0.66291,0.38985,-0.06017,-0.63636,1888.92
quat5,0.00000,-0.86603,0.00000,0.50000,1888.92
quat6,0.00000,-0.86603,0.00000,0.50000,1888.92
quat7,0.00000,-0.86603,0.00000,0.50000,1888.92
quat8,0.00000,-0.86603,0.00000,0.50000,1888.92
quat0,0.49111,0.10183,-0.86450,-0.03289,1888.94
quat1,-0.40032,0.77463,-0.23176,-0.43125,1888.94
quat2,0.39102,-0.74962,0.51745,-0.13197,1888.94
quat3,0.33462,-0.83992,0.16970,0.39213,1888.94
quat4,-0.67391,0.38355,-0.07188,-0.62736,1888.94
quat5,0.00000,-0.86603,0.00000,0.50000,1888.94
quat6,0.00000,-0.86603,0.00000,0.50000,1888.94
quat7,0.00000,-0.86603,0.00000,0.50000,1888.94
quat8,0.00000,-0.86603,0.00000,0.50000,1888.94
quat0,0.49082,0.09737,-0.86463,-0.04517,1888.96
quat1,-0.38763,0.76956,-0.23368,-0.45046,1888.96
quat2,0.40198,-0.74107,0.52071,-0.13448,1888.96
quat3,0.32872,-0.84771,0.16179,0.38359,1888.96
quat4,-0.68367,0.37328,-0.08101,-0.62185,1888.96
quat5,0.00000,-0.86603,0.00000,0.50000,1888.96
quat6,0.00000,-0.86603,0.00000,0.50000,1888.96
quat7,0.00000,-0.86603,0.00000,0.50000,1888.96
quat8,0.00000,-0.86603,0.00000,0.50000,1888.96
quat0,0.49199,0.08993,-0.86422,-0.05462,1888.98
quat1,-0.37376,0.76423,-0.23697,-0.46916,1888.98
quat2,0.41255,-0.73312,0.52302,-0.13711,1888.98
quat3,0.32240,-0.85685,0.14976,0.37343,1888.98
quat4,-0.69327,0.36198,-0.09185,-0.61636,1888.98
quat5,0.00000,-0.86603,0.00000,0.50000,1888.98
quat6,0.00000,-0.86603,0.00000,0.50000,1888.98
quat7,0.00000,-0.86603,0.00000,0.50000,1888.98
quat8,0.00000,-0.86603,0.00000,0.50000,1888.98
quat0,0.48972,0.08479,-0.86547,-0.06287,1889
quat1,-0.35733,0.76031,-0.24091,-0.48602,1889
quat2,0.42329,-0.72585,0.52325,-0.14201,1889
quat3,0.31654,-0.86629,0.13239,0.36306,1889
quat4,-0.70163,0.34797,-0.10029,-0.61366,1889
quat5,0.00000,-0.86603,0.00000,0.50000,1889
quat6,0.00000,-0.86603,0.00000,0.50000,1889
quat7,0.00000,-0.86603,0.00000,0.50000,1889
quat8,0.00000,-0.86603,0.00000,0.50000,1889
quat0,0.48759,0.07767,-0.86649,-0.07367,1889.02
quat1,-0.33797,0.75705,-0.24802,-0.50114,1889.02
quat2,0.43487,-0.71838,0.52237,-0.14815,1889.02
quat3,0.31223,-0.87549,0.11397,0.35077,1889.02
quat4,-0.70966,0.33462,-0.10982,-0.61020,1889.02
quat5,0.00000,-0.86603,0.00000,0.50000,1889.02
quat6,0.00000,-0.86603,0.00000,0.50000,1889.02
quat7,0.00000,-0.86603,0.00000,0.50000,1889.02
quat8,0.00000,-0.86603,0.00000,0.50000,1889.02
quat0,0.48958,0.07233,-0.86503,-0.08245,1889.04
quat1,-0.31672,0.75347,-0.25622,-0.51606,1889.04
quat2,0.44720,-0.71154,0.51909,-0.15577,1889.04
quat3,0.30696,-0.88549,0.09380,0.33600,1889.04
quat4,-0.71706,0.32153,-0.11856,-0.60695,1889.04
quat5,0.00000,-0.86603,0.00000,0.50000,1889.04
quat6,0.00000,-0.86603,0.00000,0.50000,1889.04
quat7,0.00000,-0.86603,0.00000,0.50000,1889.04
quat8,0.00000,-0.86603,0.00000,0.50000,1889.04
quat0,0.48838,0.06871,-0.86480,-0.09422,1889.06
quat1,-0.29390,0.74921,-0.26258,-0.53232,1889.06
quat2,0.46014,-0.70529,0.51406,-0.16304,1889.06
quat3,0.30006,-0.89670,0.07140,0.31749,1889.06
quat4,-0.72436,0.31026,-0.13045,-0.60168,1889.06
quat5,0.00000,-0.86603,0.00000,0.50000,1889.06
quat6,0.00000,-0.86603,0.00000,0.50000,1889.06
quat7,0.00000,-0.86603,0.00000,0.50000,1889.06
quat8,0.00000,-0.86603,0.00000,0.50000,1889.06
quat0,0.49074,0.06679,-0.86318,-0.09815,1889.08
quat1,-0.26843,0.74265,-0.26806,-0.55187,1889.08
quat2,0.47249,-0.70085,0.50705,-0.16870,1889.08
quat3,0.29036,-0.90956,0.04565,0.29378,1889.08
quat4,-0.72965,0.29783,-0.14165,-0.59904,1889.08
quat5,0.00000,-0.86603,0.00000,0.50000,1889.08
quat6,0.00000,-0.86603,0.00000,0.50000,1889.08
quat7,0.00000,-0.86603,0.00000,0.50000,1889.08
quat8,0.00000,-0.86603,0.00000,0.50000,1889.08
quat0,0.48954,0.06215,-0.86307,-0.10764,1889.1
quat1,-0.23978,0.73600,-0.27237,-0.57151,1889.1
quat2,0.48612,-0.69627,0.49931,-0.17198,1889.1
quat3,0.27917,-0.92136,0.01573,0.27002,1889.1
quat4,-0.73392,0.28637,-0.15367,-0.59644,1889.1
quat5,0.00000,-0.86603,0.00000,0.50000,1889.1
quat6,0.00000,-0.86603,0.00000,0.50000,1889.1
quat7,0.00000,-0.86603,0.00000,0.50000,1889.1
quat8,0.00000,-0.86603,0.00000,0.50000,1889.1
quat0,0.48719,0.06417,-0.86409,-0.10902,1889.12
quat1,-0.20928,0.72573,-0.27709,-0.59392,1889.12
quat2,0.49961,-0.69346,0.48944,-0.17307,1889.12
quat3,0.26751,-0.93157,-0.01991,0.24537,1889.12
quat4,-0.73527,0.27865,-0.16836,-0.59447,1889.12
quat5,0.00000,-0.86603,0.00000,0.50000,1889.12
quat6,0.00000,-0.86603,0.00000,0.50000,1889.12
quat7,0.00000,-0.86603,0.00000,0.50000,1889.12
quat8,0.00000,-0.86603,0.00000,0.50000,1889.12
quat0,0.47474,0.05398,-0.86742,-0.13887,1889.14
quat1,-0.17478,0.71375,-0.28281,-0.61647,1889.14
quat2,0.51167,-0.69056,0.48109,-0.17282,1889.14
quat3,0.25375,-0.94058,-0.05948,0.21766,1889.14
quat4,-0.73587,0.27352,-0.18369,-0.59155,1889.14
quat5,0.00000,-0.86603,0.00000,0.50000,1889.14
quat6,0.00000,-0.86603,0.00000,0.50000,1889.14
quat7,0.00000,-0.86603,0.00000,0.50000,1889.14
quat8,0.00000,-0.86603,0.00000,0.50000,1889.14
quat0,0.48585,0.05682,-0.86352,-0.12274,1889.16
quat1,-0.13549,0.70132,-0.29054,-0.63669,1889.16
quat2,0.52318,-0.68916,0.47184,-0.16945,1889.16
quat3,0.23711,-0.94722,-0.10226,0.18999,1889.16
quat4,-0.73518,0.27190,-0.20073,-0.58761,1889.16
quat5,0.00000,-0.86603,0.00000,0.50000,1889.16
quat6,0.00000,-0.86603,0.00000,0.50000,1889.16
quat7,0.00000,-0.86603,0.00000,0.50000,1889.16
quat8,0.00000,-0.86603,0.00000,0.50000,1889.16
quat0,0.49050,0.04577,-0.86060,-0.12912,1889.18
quat1,-0.09282,0.68625,-0.29725,-0.65733,1889.18
quat2,0.53358,-0.68718,0.46515,-0.16346,1889.18
quat3,0.21927,-0.95050,-0.14741,0.16352,1889.18
quat4,-0.73576,0.27229,-0.21524,-0.58154,1889.18
quat5,0.00000,-0.86603,0.00000,0.50000,1889.18
quat6,0.00000,-0.86603,0.00000,0.50000,1889.18
quat7,0.00000,-0.86603,0.00000,0.50000,1889.18
quat8,0.00000,-0.86603,0.00000,0.50000,1889.18
quat0,0.49206,0.04061,-0.85988,-0.12978,1889.2
quat1,-0.04593,0.66595,-0.30515,-0.67918,1889.2
quat2,0.54529,-0.68520,0.45785,-0.15338,1889.2
quat3,0.19874,-0.95050,-0.19542,0.13736,1889.2
quat4,-0.73785,0.27714,-0.22949,-0.57106,1889.2
quat5,0.00000,-0.86603,0.00000,0.50000,1889.2
quat6,0.00000,-0.86603,0.00000,0.50000,1889.2
quat7,0.00000,-0.86603,0.00000,0.50000,1889.2
quat8,0.00000,-0.86603,0.00000,0.50000,1889.2
quat0,0.49021,0.03808,-0.86105,-0.12979,1889.22
quat1,0.00478,0.63960,-0.31347,-0.70187,1889.22
quat2,0.55244,-0.68280,0.45675,-0.14133,1889.22
quat3,0.17265,-0.94841,-0.24192,0.11042,1889.22
quat4,-0.74291,0.28455,-0.23667,-0.55777,1889.22
quat5,0.00000,-0.86603,0.00000,0.50000,1889.22
quat6,0.00000,-0.86603,0.00000,0.50000,1889.22
quat7,0.00000,-0.86603,0.00000,0.50000,1889.22
quat8,0.00000,-0.86603,0.00000,0.50000,1889.22
quat0,0.49604,0.03327,-0.85577,-0.14320,1889.24
quat1,0.05607,0.60918,-0.31723,-0.72465,1889.24
quat2,0.55142,-0.68530,0.45831,-0.12748,1889.24
quat3,0.14087,-0.94616,-0.28010,0.08052,1889.24
quat4,-0.74818,0.29406,-0.23344,-0.54704,1889.24
quat5,0.00000,-0.86603,0.00000,0.50000,1889.24
quat6,0.00000,-0.86603,0.00000,0.50000,1889.24
quat7,0.00000,-0.86603,0.00000,0.50000,1889.24
quat8,0.00000,-0.86603,0.00000,0.50000,1889.24
quat0,0.50048,0.03498,-0.85459,-0.13406,1889.26
quat1,0.10351,0.58850,-0.31514,-0.73732,1889.26
quat2,0.54691,-0.69327,0.45624,-0.11010,1889.26
quat3,0.10800,-0.94294,-0.31107,0.04938,1889.26
quat4,-0.75186,0.30620,-0.22788,-0.53761,1889.26
quat5,0.00000,-0.86603,0.00000,0.50000,1889.26
quat6,0.00000,-0.86603,0.00000,0.50000,1889.26
quat7,0.00000,-0.86603,0.00000,0.50000,1889.26
quat8,0.00000,-0.86603,0.00000,0.50000,1889.26
quat0,0.48811,0.03890,-0.86083,-0.13856,1889.28
quat1,0.14052,0.57958,-0.30408,-0.74288,1889.28
quat2,0.53810,-0.70471,0.45361,-0.08993,1889.28
quat3,0.08118,-0.94009,-0.32987,0.02882,1889.28
quat4,-0.75478,0.32033,-0.22142,-0.52789,1889.28
quat5,0.00000,-0.86603,0.00000,0.50000,1889.28
quat6,0.00000,-0.86603,0.00000,0.50000,1889.28
quat7,0.00000,-0.86603,0.00000,0.50000,1889.28
quat8,0.00000,-0.86603,0.00000,0.50000,1889.28
quat0,0.47365,0.03233,-0.86970,-0.13503,1889.3
quat1,0.15886,0.57748,-0.28806,-0.74720,1889.3
quat2,0.53127,-0.71345,0.45092,-0.07360,1889.3
quat3,0.06316,-0.94003,-0.33437,0.02359,1889.3
quat4,-0.75816,0.32845,-0.20789,-0.52355,1889.3
quat5,0.00000,-0.86603,0.00000,0.50000,1889.3
quat6,0.00000,-0.86603,0.00000,0.50000,1889.3
quat7,0.00000,-0.86603,0.00000,0.50000,1889.3
quat8,0.00000,-0.86603,0.00000,0.50000,1889.3
quat0,0.49042,0.02644,-0.85881,-0.14571,1889.32
quat1,0.15931,0.58092,-0.27611,-0.74895,1889.32
quat2,0.53177,-0.71530,0.44942,-0.05988,1889.32
quat3,0.05581,-0.94353,-0.32539,0.02763,1889.32
quat4,-0.76051,0.33770,-0.21126,-0.51278,1889.32
quat5,0.00000,-0.86603,0.00000,0.50000,1889.32
quat6,0.00000,-0.86603,0.00000,0.50000,1889.32
quat7,0.00000,-0.86603,0.00000,0.50000,1889.32
quat8,0.00000,-0.86603,0.00000,0.50000,1889.32
quat0,0.48957,0.03179,-0.86108,-0.13363,1889.34
quat1,0.14733,0.59177,-0.26151,-0.74814,1889.34
quat2,0.53436,-0.70997,0.45568,-0.05248,1889.34
quat3,0.05703,-0.94859,-0.30931,0.03546,1889.34
quat4,-0.76408,0.33734,-0.21801,-0.50483,1889.34
quat5,0.00000,-0.86603,0.00000,0.50000,1889.34
quat6,0.00000,-0.86603,0.00000,0.50000,1889.34
quat7,0.00000,-0.86603,0.00000,0.50000,1889.34
quat8,0.00000,-0.86603,0.00000,0.50000,1889.34
quat0,0.48460,0.03089,-0.86395,-0.13339,1889.36
quat1,0.13010,0.60331,-0.24964,-0.74617,1889.36
quat2,0.53689,-0.70344,0.46317,-0.04899,1889.36
quat3,0.06285,-0.95301,-0.29189,0.05119,1889.36
quat4,-0.76874,0.32821,-0.22388,-0.50120,1889.36
quat5,0.00000,-0.86603,0.00000,0.50000,1889.36
quat6,0.00000,-0.86603,0.00000,0.50000,1889.36
quat7,0.00000,-0.86603,0.00000,0.50000,1889.36
quat8,0.00000,-0.86603,0.00000,0.50000,1889.36
quat0,0.48115,0.02506,-0.86400,-0.14619,1889.38
quat1,0.11342,0.61635,-0.24169,-0.74083,1889.38
quat2,0.53775,-0.69867,0.46927,-0.04979,1889.38
quat3,0.07150,-0.95626,-0.27383,0.07403,1889.38
quat4,-0.77174,0.31686,-0.22944,-0.50137,1889.38
quat5,0.00000,-0.86603,0.00000,0.50000,1889.38
quat6,0.00000,-0.86603,0.00000,0.50000,1889.38
quat7,0.00000,-0.86603,0.00000,0.50000,1889.38
quat8,0.00000,-0.86603,0.00000,0.50000,1889.38
quat0,0.48270,0.03446,-0.86298,-0.14521,1889.4
quat1,0.09427,0.63341,-0.23461,-0.73134,1889.4
quat2,0.53815,-0.69287,0.47686,-0.05426,1889.4
quat3,0.08324,-0.95872,-0.25295,0.09972,1889.4
quat4,-0.77566,0.30430,-0.23143,-0.50219,1889.4
quat5,0.00000,-0.86603,0.00000,0.50000,1889.4
quat6,0.00000,-0.86603,0.00000,0.50000,1889.4
quat7,0.00000,-0.86603,0.00000,0.50000,1889.4
quat8,0.00000,-0.86603,0.00000,0.50000,1889.4
quat0,0.48153,0.05043,-0.86632,-0.12278,1889.42
quat1,0.07204,0.65154,-0.22852,-0.71978,1889.42
quat2,0.53959,-0.68690,0.48322,-0.05924,1889.42
quat3,0.09572,-0.96063,-0.22916,0.12452,1889.42
quat4,-0.77930,0.29348,-0.23248,-0.50252,1889.42
quat5,0.00000,-0.86603,0.00000,0.50000,1889.42
quat6,0.00000,-0.86603,0.00000,0.50000,1889.42
quat7,0.00000,-0.86603,0.00000,0.50000,1889.42
quat8,0.00000,-0.86603,0.00000,0.50000,1889.42
quat0,0.48380,0.04089,-0.86437,-0.13088,1889.44
quat1,0.04505,0.66856,-0.22451,-0.70752,1889.44
quat2,0.54106,-0.67953,0.49096,-0.06674,1889.44
quat3,0.11143,-0.96165,-0.20352,0.14625,1889.44
quat4,-0.78405,0.28164,-0.23119,-0.50249,1889.44
quat5,0.00000,-0.86603,0.00000,0.50000,1889.44
quat6,0.00000,-0.86603,0.00000,0.50000,1889.44
quat7,0.00000,-0.86603,0.00000,0.50000,1889.44
quat8,0.00000,-0.86603,0.00000,0.50000,1889.44
quat0,0.48055,0.04716,-0.86736,-0.12059,1889.46
quat1,0.01959,0.68347,-0.22339,-0.69469,1889.46
quat2,0.54037,-0.67350,0.49871,-0.07546,1889.46
quat3,0.12690,-0.96119,-0.18105,0.16502,1889.46
quat4,-0.78805,0.27044,-0.22924,-0.50328,1889.46
quat5,0.00000,-0.86603,0.00000,0.50000,1889.46
quat6,0.00000,-0.86603,0.00000,0.50000,1889.46
quat7,0.00000,-0.86603,0.00000,0.50000,1889.46
quat8,0.00000,-0.86603,0.00000,0.50000,1889.46
quat0,0.48217,0.05743,-0.86746,-0.10832,1889.48
quat1,-0.00364,0.69593,-0.22576,-0.68169,1889.48
quat2,0.53991,-0.66686,0.50675,-0.08370,1889.48
quat3,0.14234,-0.95988,-0.16059,0.18051,1889.48
quat4,-0.79210,0.25881,-0.22772,-0.50373,1889.48
quat5,0.00000,-0.86603,0.00000,0.50000,1889.48
quat6,0.00000,-0.86603,0.00000,0.50000,1889.48
quat7,0.00000,-0.86603,0.00000,0.50000,1889.48
quat8,0.00000,-0.86603,0.00000,0.50000,1889.48
quat0,0.48249,0.05896,-0.86811,-0.10060,1889.5
quat1,-0.02383,0.70702,-0.22967,-0.66843,1889.5
quat2,0.54001,-0.66063,0.51356,-0.09059,1889.5
quat3,0.15614,-0.95745,-0.14147,0.19720,1889.5
quat4,-0.79519,0.24754,-0.22697,-0.50485,1889.5
quat5,0.00000,-0.86603,0.00000,0.50000,1889.5
quat6,0.00000,-0.86603,0.00000,0.50000,1889.5
quat7,0.00000,-0.86603,0.00000,0.50000,1889.5
quat8,0.00000,-0.86603,0.00000,0.50000,1889.5
quat0,0.48108,0.06297,-0.86948,-0.09276,1889.52
quat1,-0.04740,0.71702,-0.23250,-0.65542,1889.52
quat2,0.54067,-0.65271,0.52168,-0.09742,1889.52
quat3,0.17199,-0.95373,-0.12167,0.21449,1889.52
quat4,-0.79915,0.23452,-0.22510,-0.50565,1889.52
quat5,0.00000,-0.86603,0.00000,0.50000,1889.52
quat6,0.00000,-0.86603,0.00000,0.50000,1889.52
quat7,0.00000,-0.86603,0.00000,0.50000,1889.52
quat8,0.00000,-0.86603,0.00000,0.50000,1889.52
quat0,0.48235,0.06871,-0.86968,-0.07925,1889.54
quat1,-0.07101,0.72526,-0.23626,-0.64275,1889.54
quat2,0.53979,-0.64543,0.53021,-0.10454,1889.54
quat3,0.18947,-0.94899,-0.10339,0.22983,1889.54
quat4,-0.80193,0.22197,-0.22286,-0.50791,1889.54
quat5,0.00000,-0.86603,0.00000,0.50000,1889.54
quat6,0.00000,-0.86603,0.00000,0.50000,1889.54
quat7,0.00000,-0.86603,0.00000,0.50000,1889.54
quat8,0.00000,-0.86603,0.00000,0.50000,1889.54
quat0,0.48041,0.07168,-0.87089,-0.07501,1889.56
quat1,-0.09393,0.73056,-0.24308,-0.63116,1889.56
quat2,0.53809,-0.63735,0.54003,-0.11231,1889.56
quat3,0.20969,-0.94388,-0.08692,0.23993,1889.56
quat4,-0.80456,0.20916,-0.21925,-0.51075,1889.56
quat5,0.00000,-0.86603,0.00000,0.50000,1889.56
quat6,0.00000,-0.86603,0.00000,0.50000,1889.56
quat7,0.00000,-0.86603,0.00000,0.50000,1889.56
quat8,0.00000,-0.86603,0.00000,0.50000,1889.56
quat0,0.48067,0.07909,-0.87133,-0.05911,1889.58
quat1,-0.11579,0.73192,-0.25208,-0.62237,1889.58
quat2,0.53519,-0.63197,0.54757,-0.11984,1889.58
quat3,0.22993,-0.93921,-0.07204,0.24460,1889.58
quat4,-0.80530,0.19866,-0.21632,-0.51500,1889.58
quat5,0.00000,-0.86603,0.00000,0.50000,1889.58
quat6,0.00000,-0.86603,0.00000,0.50000,1889.58
quat7,0.00000,-0.86603,0.00000,0.50000,1889.58
quat8,0.00000,-0.86603,0.00000,0.50000,1889.58
quat0,0.47503,0.08144,-0.87467,-0.05157,1889.6
quat1,-0.13613,0.73108,-0.26240,-0.61492,1889.6
quat2,0.53160,-0.62626,0.55561,-0.12846,1889.6
quat3,0.24924,-0.93488,-0.05613,0.24642,1889.6
quat4,-0.80613,0.18799,-0.21175,-0.51959,1889.6
quat5,0.00000,-0.86603,0.00000,0.50000,1889.6
quat6,0.00000,-0.86603,0.00000,0.50000,1889.6
quat7,0.00000,-0.86603,0.00000,0.50000,1889.6
quat8,0.00000,-0.86603,0.00000,0.50000,1889.6
quat0,0.47589,0.08825,-0.87432,-0.03622,1889.62
quat1,-0.15407,0.73203,-0.27203,-0.60530,1889.62
quat2,0.52642,-0.62301,0.56216,-0.13682,1889.62
quat3,0.26614,-0.92997,-0.04281,0.25000,1889.62
quat4,-0.80544,0.18014,-0.20721,-0.52524,1889.62
quat5,0.00000,-0.86603,0.00000,0.50000,1889.62
quat6,0.00000,-0.86603,0.00000,0.50000,1889.62
quat7,0.00000,-0.86603,0.00000,0.50000,1889.62
quat8,0.00000,-0.86603,0.00000,0.50000,1889.62
quat0,0.47511,0.09654,-0.87431,-0.02313,1889.64
quat1,-0.17266,0.73399,-0.28121,-0.59360,1889.64
quat2,0.52180,-0.62000,0.56777,-0.14474,1889.64
quat3,0.28183,-0.92397,-0.03019,0.25678,1889.64
quat4,-0.80488,0.17342,-0.20162,-0.53051,1889.64
quat5,0.00000,-0.86603,0.00000,0.50000,1889.64
quat6,0.00000,-0.86603,0.00000,0.50000,1889.64
quat7,0.00000,-0.86603,0.00000,0.50000,1889.64
quat8,0.00000,-0.86603,0.00000,0.50000,1889.64
quat0,0.47791,0.10457,-0.87197,-0.01827,1889.66
quat1,-0.18799,0.73635,-0.29033,-0.58152,1889.66
quat2,0.51597,-0.61959,0.57153,-0.15243,1889.66
quat3,0.29566,-0.91692,-0.02028,0.26725,1889.66
quat4,-0.80224,0.16997,-0.19522,-0.53797,1889.66
quat5,0.00000,-0.86603,0.00000,0.50000,1889.66
quat6,0.00000,-0.86603,0.00000,0.50000,1889.66
quat7,0.00000,-0.86603,0.00000,0.50000,1889.66
quat8,0.00000,-0.86603,0.00000,0.50000,1889.66
quat0,0.48039,0.11332,-0.86970,-0.00284,1889.68
quat1,-0.20257,0.73967,-0.29950,-0.56759,1889.68
quat2,0.50918,-0.62016,0.57498,-0.15980,1889.68
quat3,0.30938,-0.90810,-0.01127,0.28199,1889.68
quat4,-0.79856,0.16883,-0.18947,-0.54580,1889.68
quat5,0.00000,-0.86603,0.00000,0.50000,1889.68
quat6,0.00000,-0.86603,0.00000,0.50000,1889.68
quat7,0.00000,-0.86603,0.00000,0.50000,1889.68
quat8,0.00000,-0.86603,0.00000,0.50000,1889.68
quat0,0.48354,0.12383,-0.86645,0.01105,1889.7
quat1,-0.21350,0.74389,-0.30726,-0.55375,1889.7
quat2,0.50094,-0.62370,0.57635,-0.16700,1889.7
quat3,0.32162,-0.89910,-0.00470,0.29690,1889.7
quat4,-0.79248,0.17161,-0.18456,-0.55540,1889.7
quat5,0.00000,-0.86603,0.00000,0.50000,1889.7
quat6,0.00000,-0.86603,0.00000,0.50000,1889.7
quat7,0.00000,-0.86603,0.00000,0.50000,1889.7
quat8,0.00000,-0.86603,0.00000,0.50000,1889.7
quat0,0.48501,0.13044,-0.86452,0.01895,1889.72
quat1,-0.22508,0.74823,-0.31311,-0.53986,1889.72
quat2,0.49199,-0.62842,0.57712,-0.17310,1889.72
quat3,0.33270,-0.89069,0.00040,0.30982,1889.72
quat4,-0.78585,0.17469,-0.17723,-0.56615,1889.72
quat5,0.00000,-0.86603,0.00000,0.50000,1889.72
quat6,0.00000,-0.86603,0.00000,0.50000,1889.72
quat7,0.00000,-0.86603,0.00000,0.50000,1889.72
quat8,0.00000,-0.86603,0.00000,0.50000,1889.72
quat0,0.49165,0.13906,-0.85907,0.03068,1889.74
quat1,-0.23495,0.75298,-0.31801,-0.52602,1889.74
quat2,0.48201,-0.63563,0.57628,-0.17759,1889.74
quat3,0.34206,-0.88294,0.00359,0.32156,1889.74
quat4,-0.77806,0.17782,-0.16690,-0.57891,1889.74
quat5,0.00000,-0.86603,0.00000,0.50000,1889.74
quat6,0.00000,-0.86603,0.00000,0.50000,1889.74
quat7,0.00000,-0.86603,0.00000,0.50000,1889.74
quat8,0.00000,-0.86603,0.00000,0.50000,1889.74
quat0,0.49677,0.14729,-0.85431,0.04091,1889.76
quat1,-0.24477,0.75754,-0.32204,-0.51235,1889.76
quat2,0.47098,-0.64248,0.57658,-0.18156,1889.76
quat3,0.35126,-0.87469,0.00746,0.33389,1889.76
quat4,-0.77037,0.18068,-0.15634,-0.59114,1889.76
quat5,0.00000,-0.86603,0.00000,0.50000,1889.76
quat6,0.00000,-0.86603,0.00000,0.50000,1889.76
quat7,0.00000,-0.86603,0.00000,0.50000,1889.76
quat8,0.00000,-0.86603,0.00000,0.50000,1889.76
quat0,0.49937,0.15711,-0.84997,0.05915,1889.78
quat1,-0.25290,0.76295,-0.32369,-0.49917,1889.78
quat2,0.45967,-0.65110,0.57510,-0.18447,1889.78
quat3,0.35893,-0.86657,0.00960,0.34659,1889.78
quat4,-0.76072,0.18643,-0.14736,-0.60402,1889.78
quat5,0.00000,-0.86603,0.00000,0.50000,1889.78
quat6,0.00000,-0.86603,0.00000,0.50000,1889.78
quat7,0.00000,-0.86603,0.00000,0.50000,1889.78
quat8,0.00000,-0.86603,0.00000,0.50000,1889.78
quat0,0.50951,0.15910,-0.84307,0.06581,1889.8
quat1,-0.26205,0.76794,-0.32300,-0.48710,1889.8
quat2,0.44965,-0.65975,0.57237,-0.18693,1889.8
quat3,0.36673,-0.85838,0.01020,0.35858,1889.8
quat4,-0.75111,0.19277,-0.13819,-0.61610,1889.8
quat5,0.00000,-0.86603,0.00000,0.50000,1889.8
quat6,0.00000,-0.86603,0.00000,0.50000,1889.8
quat7,0.00000,-0.86603,0.00000,0.50000,1889.8
quat8,0.00000,-0.86603,0.00000,0.50000,1889.8
quat0,0.51391,0.16797,-0.83682,0.08610,1889.82
quat1,-0.26847,0.77359,-0.31929,-0.47700,1889.82
quat2,0.43756,-0.67084,0.56790,-0.18975,1889.82
quat3,0.37216,-0.85057,0.00971,0.37140,1889.82
quat4,-0.74039,0.20027,-0.12662,-0.62903,1889.82
quat5,0.00000,-0.86603,0.00000,0.50000,1889.82
quat6,0.00000,-0.86603,0.00000,0.50000,1889.82
quat7,0.00000,-0.86603,0.00000,0.50000,1889.82
quat8,0.00000,-0.86603,0.00000,0.50000,1889.82
quat0,0.51457,0.17320,-0.83426,0.09605,1889.84
quat1,-0.27288,0.77903,-0.31412,-0.46902,1889.84
quat2,0.42282,-0.68339,0.56310,-0.19266,1889.84
quat3,0.37612,-0.84380,0.01136,0.38265,1889.84
quat4,-0.72858,0.21051,-0.11777,-0.64108,1889.84
quat5,0.00000,-0.86603,0.00000,0.50000,1889.84
quat6,0.00000,-0.86603,0.00000,0.50000,1889.84
quat7,0.00000,-0.86603,0.00000,0.50000,1889.84
quat8,0.00000,-0.86603,0.00000,0.50000,1889.84
quat0,0.51803,0.18109,-0.82875,0.10962,1889.86
quat1,-0.27814,0.78402,-0.30564,-0.46319,1889.86
quat2,0.40597,-0.69794,0.55628,-0.19651,1889.86
quat3,0.37673,-0.83913,0.01369,0.39210,1889.86
quat4,-0.71377,0.22549,-0.11104,-0.65373,1889.86
quat5,0.00000,-0.86603,0.00000,0.50000,1889.86
quat6,0.00000,-0.86603,0.00000,0.50000,1889.86
quat7,0.00000,-0.86603,0.00000,0.50000,1889.86
quat8,0.00000,-0.86603,0.00000,0.50000,1889.86
quat0,0.52074,0.19205,-0.82194,0.12791,1889.88
quat1,-0.28564,0.78644,-0.29651,-0.46043,1889.88
quat2,0.38687,-0.71306,0.54897,-0.20130,1889.88
quat3,0.37475,-0.83597,0.01943,0.40043,1889.88
quat4,-0.69885,0.23980,-0.10259,-0.66602,1889.88
quat5,0.00000,-0.86603,0.00000,0.50000,1889.88
quat6,0.00000,-0.86603,0.00000,0.50000,1889.88
quat7,0.00000,-0.86603,0.00000,0.50000,1889.88
quat8,0.00000,-0.86603,0.00000,0.50000,1889.88
quat0,0.51969,0.19986,-0.81825,0.14299,1889.9
quat1,-0.29111,0.78963,-0.28566,-0.45841,1889.9
quat2,0.36570,-0.72927,0.53999,-0.20697,1889.9
quat3,0.36952,-0.83264,0.02393,0.41182,1889.9
quat4,-0.68427,0.25172,-0.08859,-0.67864,1889.9
quat5,0.00000,-0.86603,0.00000,0.50000,1889.9
quat6,0.00000,-0.86603,0.00000,0.50000,1889.9
quat7,0.00000,-0.86603,0.00000,0.50000,1889.9
quat8,0.00000,-0.86603,0.00000,0.50000,1889.9
quat0,0.52346,0.20066,-0.81548,0.14395,1889.92
quat1,-0.29625,0.79512,-0.27359,-0.45296,1889.92
quat2,0.34310,-0.74460,0.53196,-0.21182,1889.92
quat3,0.36399,-0.82797,0.02649,0.42576,1889.92
quat4,-0.66981,0.26307,-0.07205,-0.69062,1889.92
quat5,0.00000,-0.86603,0.00000,0.50000,1889.92
quat6,0.00000,-0.86603,0.00000,0.50000,1889.92
quat7,0.00000,-0.86603,0.00000,0.50000,1889.92
quat8,0.00000,-0.86603,0.00000,0.50000,1889.92
quat0,0.52435,0.21143,-0.80790,0.16628,1889.94
quat1,-0.29950,0.80330,-0.26137,-0.44350,1889.94
quat2,0.32163,-0.75824,0.52361,-0.21786,1889.94
quat3,0.35799,-0.82243,0.02806,0.44120,1889.94
quat4,-0.65481,0.27643,-0.06004,-0.70086,1889.94
quat5,0.00000,-0.86603,0.00000,0.50000,1889.94
quat6,0.00000,-0.86603,0.00000,0.50000,1889.94
quat7,0.00000,-0.86603,0.00000,0.50000,1889.94
quat8,0.00000,-0.86603,0.00000,0.50000,1889.94
quat0,0.52638,0.21186,-0.80573,0.16984,1889.96
quat1,-0.30200,0.81102,-0.25131,-0.43347,1889.96
quat2,0.30403,-0.77075,0.51427,-0.22146,1889.96
quat3,0.35257,-0.81690,0.02969,0.45551,1889.96
quat4,-0.64048,0.29102,-0.05105,-0.70886,1889.96
quat5,0.00000,-0.86603,0.00000,0.50000,1889.96
quat6,0.00000,-0.86603,0.00000,0.50000,1889.96
quat7,0.00000,-0.86603,0.00000,0.50000,1889.96
quat8,0.00000,-0.86603,0.00000,0.50000,1889.96
quat0,0.53018,0.21593,-0.79918,0.18327,1889.98
quat1,-0.30471,0.81702,-0.24106,-0.42604,1889.98
quat2,0.28793,-0.78358,0.50327,-0.22319,1889.98
quat3,0.34670,-0.81148,0.03118,0.46939,1889.98
quat4,-0.62753,0.30469,-0.04160,-0.71529,1889.98
quat5,0.00000,-0.86603,0.00000,0.50000,1889.98
quat6,0.00000,-0.86603,0.00000,0.50000,1889.98
quat7,0.00000,-0.86603,0.00000,0.50000,1889.98
quat8,0.00000,-0.86603,0.00000,0.50000,1889.98
quat0,0.53451,0.21335,-0.79484,0.19240,1890
quat1,-0.30762,0.82303,-0.23119,-0.41779,1890
quat2,0.27219,-0.79415,0.49502,-0.22404,1890
quat3,0.34115,-0.80618,0.03273,0.48231,1890
quat4,-0.61731,0.31632,-0.03280,-0.71958,1890
quat5,0.00000,-0.86603,0.00000,0.50000,1890
quat6,0.00000,-0.86603,0.00000,0.50000,1890
quat7,0.00000,-0.86603,0.00000,0.50000,1890
quat8,0.00000,-0.86603,0.00000,0.50000,1890
quat0,0.53184,0.21901,-0.79096,0.20870,1890.02
quat1,-0.30869,0.82943,-0.22299,-0.40869,1890.02
quat2,0.25756,-0.80130,0.49051,-0.22580,1890.02
quat3,0.33493,-0.80194,0.03538,0.49342,1890.02
quat4,-0.60832,0.32513,-0.02358,-0.72366,1890.02
quat5,0.00000,-0.86603,0.00000,0.50000,1890.02
quat6,0.00000,-0.86603,0.00000,0.50000,1890.02
quat7,0.00000,-0.86603,0.00000,0.50000,1890.02
quat8,0.00000,-0.86603,0.00000,0.50000,1890.02
quat0,0.53332,0.22032,-0.78794,0.21489,1890.04
quat1,-0.30923,0.83447,-0.21713,-0.40110,1890.04
quat2,0.24791,-0.80696,0.48638,-0.22538,1890.04
quat3,0.32858,-0.79947,0.03917,0.50135,1890.04
quat4,-0.60121,0.33191,-0.01571,-0.72673,1890.04
quat5,0.00000,-0.86603,0.00000,0.50000,1890.04
quat6,0.00000,-0.86603,0.00000,0.50000,1890.04
quat7,0.00000,-0.86603,0.00000,0.50000,1890.04
quat8,0.00000,-0.86603,0.00000,0.50000,1890.04
quat0,0.53909,0.21934,-0.78136,0.22527,1890.06
quat1,-0.30907,0.83861,-0.21183,-0.39540,1890.06
quat2,0.24349,-0.81214,0.48158,-0.22185,1890.06
quat3,0.32228,-0.79746,0.04171,0.50838,1890.06
quat4,-0.59521,0.33961,-0.01231,-0.72817,1890.06
quat5,0.00000,-0.86603,0.00000,0.50000,1890.06
quat6,0.00000,-0.86603,0.00000,0.50000,1890.06
quat7,0.00000,-0.86603,0.00000,0.50000,1890.06
quat8,0.00000,-0.86603,0.00000,0.50000,1890.06
quat0,0.53882,0.21913,-0.78155,0.22548,1890.08
quat1,-0.31032,0.84241,-0.20793,-0.38836,1890.08
quat2,0.23975,-0.81801,0.47716,-0.21379,1890.08
quat3,0.31849,-0.79445,0.04263,0.51536,1890.08
quat4,-0.58978,0.34804,-0.01019,-0.72865,1890.08
quat5,0.00000,-0.86603,0.00000,0.50000,1890.08
quat6,0.00000,-0.86603,0.00000,0.50000,1890.08
quat7,0.00000,-0.86603,0.00000,0.50000,1890.08
quat8,0.00000,-0.86603,0.00000,0.50000,1890.08
quat0,0.54003,0.22174,-0.77695,0.23570,1890.1
quat1,-0.31151,0.84571,-0.20482,-0.38182,1890.1
quat2,0.23250,-0.82156,0.47643,-0.20975,1890.1
quat3,0.31628,-0.79130,0.04216,0.52158,1890.1
quat4,-0.58434,0.35388,-0.00862,-0.73023,1890.1
quat5,0.00000,-0.86603,0.00000,0.50000,1890.1
quat6,0.00000,-0.86603,0.00000,0.50000,1890.1
quat7,0.00000,-0.86603,0.00000,0.50000,1890.1
quat8,0.00000,-0.86603,0.00000,0.50000,1890.1
quat0,0.53508,0.22302,-0.78001,0.23567,1890.12
quat1,-0.31350,0.84804,-0.20148,-0.37676,1890.12
quat2,0.22482,-0.82354,0.47725,-0.20852,1890.12
quat3,0.31446,-0.78885,0.04155,0.52641,1890.12
quat4,-0.57973,0.35577,-0.00567,-0.73301,1890.12
quat5,0.00000,-0.86603,0.00000,0.50000,1890.12
quat6,0.00000,-0.86603,0.00000,0.50000,1890.12
quat7,0.00000,-0.86603,0.00000,0.50000,1890.12
quat8,0.00000,-0.86603,0.00000,0.50000,1890.12
quat0,0.53739,0.22136,-0.77834,0.23748,1890.14
quat1,-0.31611,0.84953,-0.19759,-0.37326,1890.14
quat2,0.21799,-0.82521,0.47832,-0.20670,1890.14
quat3,0.31118,-0.78685,0.04182,0.53131,1890.14
quat4,-0.57529,0.35737,-0.00234,-0.73575,1890.14
quat5,0.00000,-0.86603,0.00000,0.50000,1890.14
quat6,0.00000,-0.86603,0.00000,0.50000,1890.14
quat7,0.00000,-0.86603,0.00000,0.50000,1890.14
quat8,0.00000,-0.86603,0.00000,0.50000,1890.14
quat0,0.53125,0.22276,-0.78143,0.23982,1890.16
quat1,-0.31806,0.85175,-0.19407,-0.36838,1890.16
quat2,0.21397,-0.82809,0.47817,-0.19959,1890.16
quat3,0.30768,-0.78551,0.04386,0.53515,1890.16
quat4,-0.57178,0.36230,-0.00056,-0.73608,1890.16
quat5,0.00000,-0.86603,0.00000,0.50000,1890.16
quat6,0.00000,-0.86603,0.00000,0.50000,1890.16
quat7,0.00000,-0.86603,0.00000,0.50000,1890.16
quat8,0.00000,-0.86603,0.00000,0.50000,1890.16
quat0,0.52395,0.22460,-0.78610,0.23893,1890.18
quat1,-0.31945,0.85435,-0.19363,-0.36130,1890.18
quat2,0.21364,-0.83249,0.47579,-0.18693,1890.18
quat3,0.30351,-0.78503,0.04669,0.53799,1890.18
quat4,-0.56986,0.36928,0.00003,-0.73409,1890.18
quat5,0.00000,-0.86603,0.00000,0.50000,1890.18
quat6,0.00000,-0.86603,0.00000,0.50000,1890.18
quat7,0.00000,-0.86603,0.00000,0.50000,1890.18
quat8,0.00000,-0.86603,0.00000,0.50000,1890.18
quat0,0.52091,0.22454,-0.79048,0.23103,1890.2
quat1,-0.32378,0.85522,-0.19297,-0.35570,1890.2
quat2,0.21465,-0.83718,0.47176,-0.17465,1890.2
quat3,0.29842,-0.78590,0.05108,0.53916,1890.2
quat4,-0.56881,0.37673,-0.00114,-0.73112,1890.2
quat5,0.00000,-0.86603,0.00000,0.50000,1890.2
quat6,0.00000,-0.86603,0.00000,0.50000,1890.2
quat7,0.00000,-0.86603,0.00000,0.50000,1890.2
quat8,0.00000,-0.86603,0.00000,0.50000,1890.2
quat0,0.51552,0.22618,-0.79530,0.22490,1890.22
quat1,-0.33063,0.85385,-0.19219,-0.35312,1890.22
quat2,0.21304,-0.83919,0.47069,-0.16979,1890.22
quat3,0.29358,-0.78673,0.05624,0.54009,1890.22
quat4,-0.56774,0.38555,-0.00420,-0.72732,1890.22
quat5,0.00000,-0.86603,0.00000,0.50000,1890.22
quat6,0.00000,-0.86603,0.00000,0.50000,1890.22
quat7,0.00000,-0.86603,0.00000,0.50000,1890.22
quat8,0.00000,-0.86603,0.00000,0.50000,1890.22
quat0,0.51049,0.22770,-0.79817,0.22468,1890.24
quat1,-0.33586,0.85242,-0.19360,-0.35085,1890.24
quat2,0.21080,-0.83731,0.47454,-0.17113,1890.24
quat3,0.29104,-0.78663,0.06064,0.54114,1890.24
quat4,-0.56701,0.39316,-0.00835,-0.72377,1890.24
quat5,0.00000,-0.86603,0.00000,0.50000,1890.24
quat6,0.00000,-0.86603,0.00000,0.50000,1890.24
quat7,0.00000,-0.86603,0.00000,0.50000,1890.24
quat8,0.00000,-0.86603,0.00000,0.50000,1890.24
quat0,0.50971,0.22359,-0.80186,0.21731,1890.26
quat1,-0.33980,0.85104,-0.19519,-0.34954,1890.26
quat2,0.21343,-0.83643,0.47615,-0.16765,1890.26
quat3,0.29117,-0.78637,0.06385,0.54108,1890.26
quat4,-0.56643,0.39689,-0.01101,-0.72216,1890.26
quat5,0.00000,-0.86603,0.00000,0.50000,1890.26
quat6,0.00000,-0.86603,0.00000,0.50000,1890.26
quat7,0.00000,-0.86603,0.00000,0.50000,1890.26
quat8,0.00000,-0.86603,0.00000,0.50000,1890.26
quat0,0.50924,0.22378,-0.80284,0.21459,1890.28
quat1,-0.34411,0.84887,-0.19408,-0.35120,1890.28
quat2,0.21834,-0.83765,0.47407,-0.16104,1890.28
quat3,0.29309,-0.78573,0.06535,0.54079,1890.28
quat4,-0.56507,0.39970,-0.01265,-0.72165,1890.28
quat5,0.00000,-0.86603,0.00000,0.50000,1890.28
quat6,0.00000,-0.86603,0.00000,0.50000,1890.28
quat7,0.00000,-0.86603,0.00000,0.50000,1890.28
quat8,0.00000,-0.86603,0.00000,0.50000,1890.28
quat0,0.50880,0.22464,-0.80354,0.21210,1890.3
quat1,-0.34708,0.84747,-0.19234,-0.35261,1890.3
quat2,0.22140,-0.83788,0.47369,-0.15672,1890.3
quat3,0.29618,-0.78488,0.06518,0.54036,1890.3
quat4,-0.56500,0.40007,-0.01171,-0.72151,1890.3
quat5,0.00000,-0.86603,0.00000,0.50000,1890.3
quat6,0.00000,-0.86603,0.00000,0.50000,1890.3
quat7,0.00000,-0.86603,0.00000,0.50000,1890.3
quat8,0.00000,-0.86603,0.00000,0.50000,1890.3
quat0,0.50749,0.22641,-0.80437,0.21020,1890.32
quat1,-0.34836,0.84684,-0.18940,-0.35444,1890.32
quat2,0.22513,-0.83786,0.47292,-0.15382,1890.32
quat3,0.29743,-0.78492,0.06426,0.53972,1890.32
quat4,-0.56583,0.39890,-0.00954,-0.72154,1890.32
quat5,0.00000,-0.86603,0.00000,0.50000,1890.32
quat6,0.00000,-0.86603,0.00000,0.50000,1890.32
quat7,0.00000,-0.86603,0.00000,0.50000,1890.32
quat8,0.00000,-0.86603,0.00000,0.50000,1890.32
quat0,0.51148,0.22444,-0.80434,0.20262,1890.34
quat1,-0.34982,0.84576,-0.18644,-0.35714,1890.34
quat2,0.23071,-0.83788,0.47048,-0.15293,1890.34
quat3,0.29704,-0.78651,0.06653,0.53735,1890.34
quat4,-0.56879,0.39868,-0.00930,-0.71934,1890.34
quat5,0.00000,-0.86603,0.00000,0.50000,1890.34
quat6,0.00000,-0.86603,0.00000,0.50000,1890.34
quat7,0.00000,-0.86603,0.00000,0.50000,1890.34
quat8,0.00000,-0.86603,0.00000,0.50000,1890.34
quat0,0.51637,0.21947,-0.80373,0.19805,1890.36
quat1,-0.35041,0.84531,-0.18555,-0.35810,1890.36
quat2,0.23476,-0.83748,0.46832,-0.15553,1890.36
quat3,0.29683,-0.78813,0.06926,0.53474,1890.36
quat4,-0.57203,0.39649,-0.00741,-0.71800,1890.36
quat5,0.00000,-0.86603,0.00000,0.50000,1890.36
quat6,0.00000,-0.86603,0.00000,0.50000,1890.36
quat7,0.00000,-0.86603,0.00000,0.50000,1890.36
quat8,0.00000,-0.86603,0.00000,0.50000,1890.36
quat0,0.51679,0.21894,-0.80399,0.19644,1890.38
quat1,-0.35035,0.84528,-0.18813,-0.35688,1890.38
quat2,0.23796,-0.83507,0.46933,-0.16048,1890.38
quat3,0.29931,-0.78930,0.07221,0.53122,1890.38
quat4,-0.57723,0.39299,-0.00491,-0.71578,1890.38
quat5,0.00000,-0.86603,0.00000,0.50000,1890.38
quat6,0.00000,-0.86603,0.00000,0.50000,1890.38
quat7,0.00000,-0.86603,0.00000,0.50000,1890.38
quat8,0.00000,-0.86603,0.00000,0.50000,1890.38
quat0,0.52167,0.21660,-0.80316,0.18943,1890.4
quat1,-0.34959,0.84484,-0.19162,-0.35681,1890.4
quat2,0.24087,-0.83252,0.47000,-0.16729,1890.4
quat3,0.30191,-0.79087,0.07530,0.52698,1890.4
quat4,-0.58184,0.39129,-0.00465,-0.71297,1890.4
quat5,0.00000,-0.86603,0.00000,0.50000,1890.4
quat6,0.00000,-0.86603,0.00000,0.50000,1890.4
quat7,0.00000,-0.86603,0.00000,0.50000,1890.4
quat8,0.00000,-0.86603,0.00000,0.50000,1890.4
quat0,0.52325,0.21123,-0.80752,0.17174,1890.42
quat1,-0.34993,0.84352,-0.19594,-0.35726,1890.42
quat2,0.24571,-0.83047,0.46978,-0.17102,1890.42
quat3,0.30636,-0.79224,0.07725,0.52204,1890.42
quat4,-0.58575,0.38886,-0.00292,-0.71111,1890.42
quat5,0.00000,-0.86603,0.00000,0.50000,1890.42
quat6,0.00000,-0.86603,0.00000,0.50000,1890.42
quat7,0.00000,-0.86603,0.00000,0.50000,1890.42
quat8,0.00000,-0.86603,0.00000,0.50000,1890.42
quat0,0.52356,0.20875,-0.80910,0.16632,1890.44
quat1,-0.34944,0.84300,-0.20001,-0.35670,1890.44
quat2,0.25053,-0.82769,0.47097,-0.17421,1890.44
quat3,0.31151,-0.79303,0.07794,0.51768,1890.44
quat4,-0.58732,0.38441,0.00174,-0.71224,1890.44
quat5,0.00000,-0.86603,0.00000,0.50000,1890.44
quat6,0.00000,-0.86603,0.00000,0.50000,1890.44
quat7,0.00000,-0.86603,0.00000,0.50000,1890.44
quat8,0.00000,-0.86603,0.00000,0.50000,1890.44
quat0,0.52591,0.20366,-0.81205,0.15007,1890.46
quat1,-0.34790,0.84230,-0.20604,-0.35642,1890.46
quat2,0.25924,-0.82277,0.47448,-0.17525,1890.46
quat3,0.31674,-0.79319,0.07984,0.51396,1890.46
quat4,-0.58922,0.37807,0.00769,-0.71402,1890.46
quat5,0.00000,-0.86603,0.00000,0.50000,1890.46
quat6,0.00000,-0.86603,0.00000,0.50000,1890.46
quat7,0.00000,-0.86603,0.00000,0.50000,1890.46
quat8,0.00000,-0.86603,0.00000,0.50000,1890.46
quat0,0.52942,0.20066,-0.81203,0.14162,1890.48
quat1,-0.34536,0.84156,-0.21200,-0.35717,1890.48
quat2,0.27299,-0.81861,0.47545,-0.17118,1890.48
quat3,0.32011,-0.79389,0.08196,0.51043,1890.48
quat4,-0.59203,0.37519,0.00832,-0.71321,1890.48
quat5,0.00000,-0.86603,0.00000,0.50000,1890.48
quat6,0.00000,-0.86603,0.00000,0.50000,1890.48
quat7,0.00000,-0.86603,0.00000,0.50000,1890.48
quat8,0.00000,-0.86603,0.00000,0.50000,1890.48
quat0,0.53084,0.19275,-0.81624,0.12168,1890.5
quat1,-0.34455,0.83928,-0.21712,-0.36022,1890.5
quat2,0.29161,-0.81416,0.47500,-0.16275,1890.5
quat3,0.32388,-0.79590,0.08552,0.50431,1890.5
quat4,-0.59779,0.37620,0.00230,-0.70789,1890.5
quat5,0.00000,-0.86603,0.00000,0.50000,1890.5
quat6,0.00000,-0.86603,0.00000,0.50000,1890.5
quat7,0.00000,-0.86603,0.00000,0.50000,1890.5
quat8,0.00000,-0.86603,0.00000,0.50000,1890.5
quat0,0.53168,0.19005,-0.81780,0.11136,1890.52
quat1,-0.34055,0.83642,-0.22176,-0.36776,1890.52
quat2,0.31062,-0.80945,0.47261,-0.15795,1890.52
quat3,0.32442,-0.80062,0.08951,0.49572,1890.52
quat4,-0.60204,0.37523,-0.00684,-0.70477,1890.52
quat5,0.00000,-0.86603,0.00000,0.50000,1890.52
quat6,0.00000,-0.86603,0.00000,0.50000,1890.52
quat7,0.00000,-0.86603,0.00000,0.50000,1890.52
quat8,0.00000,-0.86603,0.00000,0.50000,1890.52
quat0,0.52947,0.18549,-0.82256,0.09297,1890.54
quat1,-0.33759,0.83235,-0.22173,-0.37954,1890.54
quat2,0.32481,-0.80439,0.47286,-0.15441,1890.54
quat3,0.32505,-0.80552,0.09318,0.48662,1890.54
quat4,-0.60728,0.36945,-0.01170,-0.70326,1890.54
quat5,0.00000,-0.86603,0.00000,0.50000,1890.54
quat6,0.00000,-0.86603,0.00000,0.50000,1890.54
quat7,0.00000,-0.86603,0.00000,0.50000,1890.54
quat8,0.00000,-0.86603,0.00000,0.50000,1890.54
quat0,0.52839,0.18292,-0.82427,0.08902,1890.56
quat1,-0.33540,0.82781,-0.21420,-0.39543,1890.56
quat2,0.34049,-0.79923,0.47458,-0.14166,1890.56
quat3,0.32381,-0.81080,0.09661,0.47792,1890.56
quat4,-0.61894,0.36854,-0.02190,-0.69327,1890.56
quat5,0.00000,-0.86603,0.00000,0.50000,1890.56
quat6,0.00000,-0.86603,0.00000,0.50000,1890.56
quat7,0.00000,-0.86603,0.00000,0.50000,1890.56
quat8,0.00000,-0.86603,0.00000,0.50000,1890.56
quat0,0.52349,0.18399,-0.82807,0.08002,1890.58
quat1,-0.34039,0.82134,-0.20211,-0.41071,1890.58
quat2,0.36091,-0.79401,0.47475,-0.11794,1890.58
quat3,0.31846,-0.81577,0.11071,0.46993,1890.58
quat4,-0.63444,0.37614,-0.03886,-0.67416,1890.58
quat5,0.00000,-0.86603,0.00000,0.50000,1890.58
quat6,0.00000,-0.86603,0.00000,0.50000,1890.58
quat7,0.00000,-0.86603,0.00000,0.50000,1890.58
quat8,0.00000,-0.86603,0.00000,0.50000,1890.58
quat0,0.52047,0.18308,-0.83057,0.07578,1890.6
quat1,-0.34964,0.81185,-0.19292,-0.42594,1890.6
quat2,0.37324,-0.78784,0.47955,-0.10017,1890.6
quat3,0.31019,-0.82003,0.13624,0.46127,1890.6
quat4,-0.64491,0.38050,-0.04828,-0.66105,1890.6
quat5,0.00000,-0.86603,0.00000,0.50000,1890.6
quat6,0.00000,-0.86603,0.00000,0.50000,1890.6
quat7,0.00000,-0.86603,0.00000,0.50000,1890.6
quat8,0.00000,-0.86603,0.00000,0.50000,1890.6
quat0,0.52037,0.17584,-0.83354,0.05927,1890.62
quat1,-0.35539,0.80485,-0.19246,-0.43461,1890.62
quat2,0.38079,-0.78062,0.48742,-0.08977,1890.62
quat3,0.30853,-0.81968,0.15749,0.45622,1890.62
quat4,-0.65343,0.38027,-0.04700,-0.65285,1890.62
quat5,0.00000,-0.86603,0.00000,0.50000,1890.62
quat6,0.00000,-0.86603,0.00000,0.50000,1890.62
quat7,0.00000,-0.86603,0.00000,0.50000,1890.62
quat8,0.00000,-0.86603,0.00000,0.50000,1890.62
quat0,0.51665,0.17223,-0.83698,0.05357,1890.64
quat1,-0.35714,0.80306,-0.19517,-0.43527,1890.64
quat2,0.38811,-0.77349,0.49353,-0.08668,1890.64
quat3,0.30986,-0.82033,0.16756,0.45053,1890.64
quat4,-0.65980,0.38197,-0.05228,-0.64500,1890.64
quat5,0.00000,-0.86603,0.00000,0.50000,1890.64
quat6,0.00000,-0.86603,0.00000,0.50000,1890.64
quat7,0.00000,-0.86603,0.00000,0.50000,1890.64
quat8,0.00000,-0.86603,0.00000,0.50000,1890.64
quat0,0.51352,0.16638,-0.84052,0.04627,1890.66
quat1,-0.36101,0.79973,-0.19844,-0.43672,1890.66
quat2,0.39248,-0.76755,0.49941,-0.08613,1890.66
quat3,0.31398,-0.82121,0.17146,0.44455,1890.66
quat4,-0.66650,0.37936,-0.05820,-0.63912,1890.66
quat5,0.00000,-0.86603,0.00000,0.50000,1890.66
quat6,0.00000,-0.86603,0.00000,0.50000,1890.66
quat7,0.00000,-0.86603,0.00000,0.50000,1890.66
quat8,0.00000,-0.86603,0.00000,0.50000,1890.66
quat0,0.50720,0.16640,-0.84418,0.04911,1890.68
quat1,-0.35873,0.79793,-0.20251,-0.44001,1890.68
quat2,0.39749,-0.76286,0.50245,-0.08708,1890.68
quat3,0.32067,-0.82080,0.16455,0.44316,1890.68
quat4,-0.67083,0.36893,-0.05637,-0.64086,1890.68
quat5,0.00000,-0.86603,0.00000,0.50000,1890.68
quat6,0.00000,-0.86603,0.00000,0.50000,1890.68
quat7,0.00000,-0.86603,0.00000,0.50000,1890.68
quat8,0.00000,-0.86603,0.00000,0.50000,1890.68
quat0,0.50129,0.16223,-0.84880,0.04391,1890.7
quat1,-0.35523,0.79748,-0.20835,-0.44094,1890.7
quat2,0.40397,-0.75698,0.50571,-0.08970,1890.7
quat3,0.32623,-0.82239,0.15744,0.43871,1890.7
quat4,-0.67548,0.36179,-0.05513,-0.64015,1890.7
quat5,0.00000,-0.86603,0.00000,0.50000,1890.7
quat6,0.00000,-0.86603,0.00000,0.50000,1890.7
quat7,0.00000,-0.86603,0.00000,0.50000,1890.7
quat8,0.00000,-0.86603,0.00000,0.50000,1890.7
quat0,0.50130,0.16258,-0.84877,0.04297,1890.72
quat1,-0.35127,0.79841,-0.21006,-0.44161,1890.72
quat2,0.40819,-0.75262,0.50804,-0.09399,1890.72
quat3,0.32515,-0.82751,0.15440,0.43090,1890.72
quat4,-0.67919,0.36029,-0.05637,-0.63695,1890.72
quat5,0.00000,-0.86603,0.00000,0.50000,1890.72
quat6,0.00000,-0.86603,0.00000,0.50000,1890.72
quat7,0.00000,-0.86603,0.00000,0.50000,1890.72
quat8,0.00000,-0.86603,0.00000,0.50000,1890.72
quat0,0.49772,0.15699,-0.85244,0.03132,1890.74
quat1,-0.34407,0.79994,-0.20733,-0.44578,1890.74
quat2,0.41392,-0.74905,0.50808,-0.09723,1890.74
quat3,0.31923,-0.83463,0.14827,0.42368,1890.74
quat4,-0.68244,0.36144,-0.06150,-0.63234,1890.74
quat5,0.00000,-0.86603,0.00000,0.50000,1890.74
quat6,0.00000,-0.86603,0.00000,0.50000,1890.74
quat7,0.00000,-0.86603,0.00000,0.50000,1890.74
quat8,0.00000,-0.86603,0.00000,0.50000,1890.74
quat0,0.49175,0.15601,-0.85609,0.03104,1890.76
quat1,-0.33350,0.80068,-0.20199,-0.45485,1890.76
quat2,0.41967,-0.74876,0.50374,-0.09743,1890.76
quat3,0.31156,-0.84245,0.13864,0.41713,1890.76
quat4,-0.68405,0.36137,-0.06732,-0.63004,1890.76
quat5,0.00000,-0.86603,0.00000,0.50000,1890.76
quat6,0.00000,-0.86603,0.00000,0.50000,1890.76
quat7,0.00000,-0.86603,0.00000,0.50000,1890.76
quat8,0.00000,-0.86603,0.00000,0.50000,1890.76
quat0,0.48703,0.15029,-0.86012,0.02024,1890.78
quat1,-0.31894,0.80250,-0.19813,-0.46370,1890.78
quat2,0.42401,-0.74873,0.49933,-0.10143,1890.78
quat3,0.30423,-0.85019,0.12830,0.41007,1890.78
quat4,-0.68562,0.35812,-0.07239,-0.62963,1890.78
quat5,0.00000,-0.86603,0.00000,0.50000,1890.78
quat6,0.00000,-0.86603,0.00000,0.50000,1890.78
quat7,0.00000,-0.86603,0.00000,0.50000,1890.78
quat8,0.00000,-0.86603,0.00000,0.50000,1890.78
quat0,0.48168,0.14566,-0.86410,0.01015,1890.8
quat1,-0.30180,0.80281,-0.19855,-0.47433,1890.8
quat2,0.42654,-0.74993,0.49412,-0.10731,1890.8
quat3,0.29531,-0.85850,0.11781,0.40236,1890.8
quat4,-0.68722,0.35554,-0.07980,-0.62845,1890.8
quat5,0.00000,-0.86603,0.00000,0.50000,1890.8
quat6,0.00000,-0.86603,0.00000,0.50000,1890.8
quat7,0.00000,-0.86603,0.00000,0.50000,1890.8
quat8,0.00000,-0.86603,0.00000,0.50000,1890.8
quat0,0.47604,0.14516,-0.86736,0.00174,1890.82
quat1,-0.28365,0.80252,-0.20149,-0.48466,1890.82
quat2,0.42979,-0.74980,0.48982,-0.11470,1890.82
quat3,0.28692,-0.86682,0.10523,0.39399,1890.82
quat4,-0.69169,0.34824,-0.08722,-0.62665,1890.82
quat5,0.00000,-0.86603,0.00000,0.50000,1890.82
quat6,0.00000,-0.86603,0.00000,0.50000,1890.82
quat7,0.00000,-0.86603,0.00000,0.50000,1890.82
quat8,0.00000,-0.86603,0.00000,0.50000,1890.82
quat0,0.47457,0.14030,-0.86896,-0.00308,1890.84
quat1,-0.26489,0.80224,-0.20469,-0.49431,1890.84
quat2,0.43410,-0.74941,0.48545,-0.11947,1890.84
quat3,0.27781,-0.87482,0.08841,0.38690,1890.84
quat4,-0.69634,0.33950,-0.09646,-0.62493,1890.84
quat5,0.00000,-0.86603,0.00000,0.50000,1890.84
quat6,0.00000,-0.86603,0.00000,0.50000,1890.84
quat7,0.00000,-0.86603,0.00000,0.50000,1890.84
quat8,0.00000,-0.86603,0.00000,0.50000,1890.84
quat0,0.47180,0.13617,-0.87107,-0.01047,1890.86
quat1,-0.24551,0.80087,-0.20863,-0.50478,1890.86
quat2,0.44128,-0.74557,0.48352,-0.12494,1890.86
quat3,0.27227,-0.88070,0.07025,0.38120,1890.86
quat4,-0.70270,0.32659,-0.10392,-0.62350,1890.86
quat5,0.00000,-0.86603,0.00000,0.50000,1890.86
quat6,0.00000,-0.86603,0.00000,0.50000,1890.86
quat7,0.00000,-0.86603,0.00000,0.50000,1890.86
quat8,0.00000,-0.86603,0.00000,0.50000,1890.86
quat0,0.47134,0.13087,-0.87201,-0.01776,1890.88
quat1,-0.22396,0.79765,-0.21352,-0.51769,1890.88
quat2,0.44928,-0.74081,0.48146,-0.13246,1890.88
quat3,0.26624,-0.88685,0.04995,0.37432,1890.88
quat4,-0.70896,0.31515,-0.11384,-0.62056,1890.88
quat5,0.00000,-0.86603,0.00000,0.50000,1890.88
quat6,0.00000,-0.86603,0.00000,0.50000,1890.88
quat7,0.00000,-0.86603,0.00000,0.50000,1890.88
quat8,0.00000,-0.86603,0.00000,0.50000,1890.88
quat0,0.47614,0.12682,-0.86995,-0.01998,1890.9
quat1,-0.20245,0.79281,-0.21885,-0.53157,1890.9
quat2,0.45935,-0.73557,0.47821,-0.13878,1890.9
quat3,0.25933,-0.89503,0.03092,0.36154,1890.9
quat4,-0.71574,0.30362,-0.12490,-0.61639,1890.9
quat5,0.00000,-0.86603,0.00000,0.50000,1890.9
quat6,0.00000,-0.86603,0.00000,0.50000,1890.9
quat7,0.00000,-0.86603,0.00000,0.50000,1890.9
quat8,0.00000,-0.86603,0.00000,0.50000,1890.9
quat0,0.47915,0.12352,-0.86872,-0.02215,1890.92
quat1,-0.17688,0.79017,-0.22428,-0.54225,1890.92
quat2,0.46889,-0.73112,0.47366,-0.14579,1890.92
quat3,0.25012,-0.90365,0.00898,0.34753,1890.92
quat4,-0.72157,0.29300,-0.13480,-0.61263,1890.92
quat5,0.00000,-0.86603,0.00000,0.50000,1890.92
quat6,0.00000,-0.86603,0.00000,0.50000,1890.92
quat7,0.00000,-0.86603,0.00000,0.50000,1890.92
quat8,0.00000,-0.86603,0.00000,0.50000,1890.92
quat0,0.48221,0.11778,-0.86752,-0.03178,1890.94
quat1,-0.14993,0.78691,-0.22888,-0.55309,1890.94
quat2,0.48031,-0.72774,0.46651,-0.14855,1890.94
quat3,0.23964,-0.91219,-0.01482,0.33206,1890.94
quat4,-0.72710,0.28633,-0.14808,-0.60615,1890.94
quat5,0.00000,-0.86603,0.00000,0.50000,1890.94
quat6,0.00000,-0.86603,0.00000,0.50000,1890.94
quat7,0.00000,-0.86603,0.00000,0.50000,1890.94
quat8,0.00000,-0.86603,0.00000,0.50000,1890.94
quat0,0.48538,0.11714,-0.86581,-0.03246,1890.96
quat1,-0.11892,0.78378,-0.23134,-0.56394,1890.96
quat2,0.49181,-0.72541,0.45799,-0.14881,1890.96
quat3,0.22460,-0.92070,-0.04177,0.31642,1890.96
quat4,-0.73160,0.28294,-0.16188,-0.59875,1890.96
quat5,0.00000,-0.86603,0.00000,0.50000,1890.96
quat6,0.00000,-0.86603,0.00000,0.50000,1890.96
quat7,0.00000,-0.86603,0.00000,0.50000,1890.96
quat8,0.00000,-0.86603,0.00000,0.50000,1890.96
quat0,0.49168,0.11549,-0.86261,-0.02859,1890.98
quat1,-0.08754,0.77629,-0.23350,-0.57896,1890.98
quat2,0.50402,-0.72378,0.44853,-0.14462,1890.98
quat3,0.20600,-0.92947,-0.07044,0.29779,1890.98
quat4,-0.73488,0.28528,-0.17818,-0.58891,1890.98
quat5,0.00000,-0.86603,0.00000,0.50000,1890.98
quat6,0.00000,-0.86603,0.00000,0.50000,1890.98
quat7,0.00000,-0.86603,0.00000,0.50000,1890.98
quat8,0.00000,-0.86603,0.00000,0.50000,1890.98
quat0,0.49823,0.11105,-0.85909,-0.03743,1891
quat1,-0.05128,0.76381,-0.23432,-0.59922,1891
quat2,0.51553,-0.72288,0.43849,-0.13930,1891
quat3,0.18293,-0.93873,-0.10341,0.27318,1891
quat4,-0.73658,0.29189,-0.19254,-0.57895,1891
quat5,0.00000,-0.86603,0.00000,0.50000,1891
quat6,0.00000,-0.86603,0.00000,0.50000,1891
quat7,0.00000,-0.86603,0.00000,0.50000,1891
quat8,0.00000,-0.86603,0.00000,0.50000,1891
quat0,0.49978,0.11056,-0.85810,-0.04082,1891.02
quat1,-0.01324,0.74490,-0.23747,-0.62335,1891.02
quat2,0.52656,-0.72321,0.42744,-0.13036,1891.02
quat3,0.15663,-0.94606,-0.13971,0.24681,1891.02
quat4,-0.73829,0.30302,-0.20616,-0.56623,1891.02
quat5,0.00000,-0.86603,0.00000,0.50000,1891.02
quat6,0.00000,-0.86603,0.00000,0.50000,1891.02
quat7,0.00000,-0.86603,0.00000,0.50000,1891.02
quat8,0.00000,-0.86603,0.00000,0.50000,1891.02
quat0,0.50130,0.10845,-0.85730,-0.04432,1891.04
quat1,0.03047,0.71848,-0.24281,-0.65108,1891.04
quat2,0.53348,-0.72748,0.41502,-0.11802,1891.04
quat3,0.12820,-0.95150,-0.17921,0.21472,1891.04
quat4,-0.73891,0.31586,-0.21648,-0.55442,1891.04
quat5,0.00000,-0.86603,0.00000,0.50000,1891.04
quat6,0.00000,-0.86603,0.00000,0.50000,1891.04
quat7,0.00000,-0.86603,0.00000,0.50000,1891.04
quat8,0.00000,-0.86603,0.00000,0.50000,1891.04
quat0,0.49906,0.10162,-0.85925,-0.04793,1891.06
quat1,0.07908,0.68845,-0.25183,-0.67555,1891.06
quat2,0.53837,-0.73332,0.40259,-0.10156,1891.06
quat3,0.10068,-0.95383,-0.22094,0.17680,1891.06
quat4,-0.74022,0.32892,-0.22505,-0.54152,1891.06
quat5,0.00000,-0.86603,0.00000,0.50000,1891.06
quat6,0.00000,-0.86603,0.00000,0.50000,1891.06
quat7,0.00000,-0.86603,0.00000,0.50000,1891.06
quat8,0.00000,-0.86603,0.00000,0.50000,1891.06
quat0,0.50106,0.08915,-0.85918,-0.05296,1891.08
quat1,0.13252,0.65456,-0.26260,-0.69644,1891.08
quat2,0.53722,-0.74250,0.39157,-0.08223,1891.08
quat3,0.07623,-0.95160,-0.26532,0.13510,1891.08
quat4,-0.74159,0.34086,-0.22994,-0.53008,1891.08
quat5,0.00000,-0.86603,0.00000,0.50000,1891.08
quat6,0.00000,-0.86603,0.00000,0.50000,1891.08
quat7,0.00000,-0.86603,0.00000,0.50000,1891.08
quat8,0.00000,-0.86603,0.00000,0.50000,1891.08
quat0,0.50280,0.08125,-0.85871,-0.05656,1891.1
quat1,0.18685,0.62064,-0.27252,-0.71108,1891.1
quat2,0.52560,-0.75505,0.38672,-0.06402,1891.1
quat3,0.05608,-0.94484,-0.30908,0.09272,1891.1
quat4,-0.74351,0.34822,-0.22763,-0.52357,1891.1
quat5,0.00000,-0.86603,0.00000,0.50000,1891.1
quat6,0.00000,-0.86603,0.00000,0.50000,1891.1
quat7,0.00000,-0.86603,0.00000,0.50000,1891.1
quat8,0.00000,-0.86603,0.00000,0.50000,1891.1
quat0,0.49716,0.06809,-0.86219,-0.06944,1891.12
quat1,0.23298,0.59293,-0.27413,-0.72042,1891.12
quat2,0.50543,-0.77158,0.38388,-0.04292,1891.12
quat3,0.03630,-0.93621,-0.34429,0.06042,1891.12
quat4,-0.74386,0.35508,-0.22031,-0.52159,1891.12
quat5,0.00000,-0.86603,0.00000,0.50000,1891.12
quat6,0.00000,-0.86603,0.00000,0.50000,1891.12
quat7,0.00000,-0.86603,0.00000,0.50000,1891.12
quat8,0.00000,-0.86603,0.00000,0.50000,1891.12
quat0,0.48256,0.04131,-0.87140,-0.07803,1891.14
quat1,0.26537,0.57078,-0.26679,-0.72980,1891.14
quat2,0.48544,-0.78662,0.38096,-0.02105,1891.14
quat3,0.01893,-0.92913,-0.36699,0.04092,1891.14
quat4,-0.74268,0.36319,-0.21283,-0.52079,1891.14
quat5,0.00000,-0.86603,0.00000,0.50000,1891.14
quat6,0.00000,-0.86603,0.00000,0.50000,1891.14
quat7,0.00000,-0.86603,0.00000,0.50000,1891.14
quat8,0.00000,-0.86603,0.00000,0.50000,1891.14
quat0,0.59342,0.04537,-0.79832,-0.09207,1891.16
quat1,0.27752,0.56318,-0.25045,-0.73694,1891.16
quat2,0.47400,-0.79183,0.38510,0.00363,1891.16
quat3,0.00678,-0.92727,-0.37284,0.03329,1891.16
quat4,-0.74015,0.37032,-0.20541,-0.52235,1891.16
quat5,0.00000,-0.86603,0.00000,0.50000,1891.16
quat6,0.00000,-0.86603,0.00000,0.50000,1891.16
quat7,0.00000,-0.86603,0.00000,0.50000,1891.16
quat8,0.00000,-0.86603,0.00000,0.50000,1891.16
quat0,0.43483,0.08487,-0.89316,-0.07730,1891.18
quat1,0.26417,0.56681,-0.22784,-0.74634,1891.18
quat2,0.47570,-0.78326,0.40003,0.01408,1891.18
quat3,0.00094,-0.93100,-0.36352,0.03307,1891.18
quat4,-0.73987,0.38292,-0.20596,-0.51338,1891.18
quat5,0.00000,-0.86603,0.00000,0.50000,1891.18
quat6,0.00000,-0.86603,0.00000,0.50000,1891.18
quat7,0.00000,-0.86603,0.00000,0.50000,1891.18
quat8,0.00000,-0.86603,0.00000,0.50000,1891.18
quat0,0.48617,0.09688,-0.86764,-0.03823,1891.2
quat1,0.23903,0.58027,-0.20832,-0.75017,1891.2
quat2,0.48776,-0.76889,0.41302,0.01773,1891.2
quat3,-0.00193,-0.93920,-0.34087,0.04134,1891.2
quat4,-0.74744,0.38217,-0.20371,-0.50377,1891.2
quat5,0.00000,-0.86603,0.00000,0.50000,1891.2
quat6,0.00000,-0.86603,0.00000,0.50000,1891.2
quat7,0.00000,-0.86603,0.00000,0.50000,1891.2
quat8,0.00000,-0.86603,0.00000,0.50000,1891.2
quat0,0.49634,0.07368,-0.86050,-0.08810,1891.22
quat1,0.20964,0.60445,-0.18909,-0.74494,1891.22
quat2,0.50322,-0.75378,0.42226,0.01687,1891.22
quat3,0.00089,-0.94659,-0.31744,0.05656,1891.22
quat4,-0.75583,0.37563,-0.20583,-0.49524,1891.22
quat5,0.00000,-0.86603,0.00000,0.50000,1891.22
quat6,0.00000,-0.86603,0.00000,0.50000,1891.22
quat7,0.00000,-0.86603,0.00000,0.50000,1891.22
quat8,0.00000,-0.86603,0.00000,0.50000,1891.22
quat0,0.48177,0.07590,-0.86603,-0.11013,1891.24
quat1,0.17837,0.63768,-0.16756,-0.73039,1891.24
quat2,0.51592,-0.74174,0.42840,0.01146,1891.24
quat3,0.00784,-0.95239,-0.29299,0.08390,1891.24
quat4,-0.76476,0.36215,-0.20856,-0.49041,1891.24
quat5,0.00000,-0.86603,0.00000,0.50000,1891.24
quat6,0.00000,-0.86603,0.00000,0.50000,1891.24
quat7,0.00000,-0.86603,0.00000,0.50000,1891.24
quat8,0.00000,-0.86603,0.00000,0.50000,1891.24
quat0,0.49271,0.09862,-0.86193,-0.06776,1891.26
quat1,0.14711,0.67615,-0.14880,-0.70643,1891.26
quat2,0.52557,-0.73113,0.43499,0.00159,1891.26
quat3,0.02040,-0.95671,-0.26526,0.11802,1891.26
quat4,-0.77339,0.34364,-0.20859,-0.49016,1891.26
quat5,0.00000,-0.86603,0.00000,0.50000,1891.26
quat6,0.00000,-0.86603,0.00000,0.50000,1891.26
quat7,0.00000,-0.86603,0.00000,0.50000,1891.26
quat8,0.00000,-0.86603,0.00000,0.50000,1891.26
quat0,0.48631,0.09573,-0.86484,-0.07992,1891.28
quat1,0.11379,0.71108,-0.13827,-0.67993,1891.28
quat2,0.53596,-0.71914,0.44219,-0.00790,1891.28
quat3,0.04245,-0.95914,-0.23529,0.15127,1891.28
quat4,-0.78237,0.32209,-0.20881,-0.49046,1891.28
quat5,0.00000,-0.86603,0.00000,0.50000,1891.28
quat6,0.00000,-0.86603,0.00000,0.50000,1891.28
quat7,0.00000,-0.86603,0.00000,0.50000,1891.28
quat8,0.00000,-0.86603,0.00000,0.50000,1891.28
quat0,0.48746,0.08925,-0.86330,-0.09553,1891.3
quat1,0.07615,0.73896,-0.13415,-0.65585,1891.3
quat2,0.54432,-0.70750,0.45037,-0.01812,1891.3
quat3,0.07219,-0.95932,-0.20826,0.17641,1891.3
quat4,-0.78951,0.30117,-0.20661,-0.49324,1891.3
quat5,0.00000,-0.86603,0.00000,0.50000,1891.3
quat6,0.00000,-0.86603,0.00000,0.50000,1891.3
quat7,0.00000,-0.86603,0.00000,0.50000,1891.3
quat8,0.00000,-0.86603,0.00000,0.50000,1891.3
quat0,0.49163,0.09822,-0.86081,-0.08750,1891.32
quat1,0.03394,0.75811,-0.13529,-0.63704,1891.32
quat2,0.55059,-0.69506,0.46138,-0.02962,1891.32
quat3,0.10408,-0.95854,-0.18238,0.19263,1891.32
quat4,-0.79539,0.28145,-0.20452,-0.49631,1891.32
quat5,0.00000,-0.86603,0.00000,0.50000,1891.32
quat6,0.00000,-0.86603,0.00000,0.50000,1891.32
quat7,0.00000,-0.86603,0.00000,0.50000,1891.32
quat8,0.00000,-0.86603,0.00000,0.50000,1891.32
quat0,0.49850,0.10327,-0.85793,-0.06926,1891.34
quat1,-0.00561,0.77170,-0.13870,-0.62065,1891.34
quat2,0.55494,-0.68456,0.47114,-0.03814,1891.34
quat3,0.13209,-0.95721,-0.15676,0.20427,1891.34
quat4,-0.79905,0.26448,-0.20007,-0.50154,1891.34
quat5,0.00000,-0.86603,0.00000,0.50000,1891.34
quat6,0.00000,-0.86603,0.00000,0.50000,1891.34
quat7,0.00000,-0.86603,0.00000,0.50000,1891.34
quat8,0.00000,-0.86603,0.00000,0.50000,1891.34
quat0,0.50127,0.10003,-0.85587,-0.07877,1891.36
quat1,-0.04201,0.78045,-0.14588,-0.60651,1891.36
quat2,0.56018,-0.67116,0.48337,-0.04584,1891.36
quat3,0.15720,-0.95481,-0.13302,0.21432,1891.36
quat4,-0.80259,0.24902,-0.19435,-0.50603,1891.36
quat5,0.00000,-0.86603,0.00000,0.50000,1891.36
quat6,0.00000,-0.86603,0.00000,0.50000,1891.36
quat7,0.00000,-0.86603,0.00000,0.50000,1891.36
quat8,0.00000,-0.86603,0.00000,0.50000,1891.36
quat0,0.50371,0.10911,-0.85436,-0.06669,1891.38
quat1,-0.07466,0.78444,-0.15407,-0.59610,1891.38
quat2,0.56377,-0.65767,0.49671,-0.05399,1891.38
quat3,0.17913,-0.95105,-0.11086,0.22613,1891.38
quat4,-0.80403,0.23708,-0.19023,-0.51102,1891.38
quat5,0.00000,-0.86603,0.00000,0.50000,1891.38
quat6,0.00000,-0.86603,0.00000,0.50000,1891.38
quat7,0.00000,-0.86603,0.00000,0.50000,1891.38
quat8,0.00000,-0.86603,0.00000,0.50000,1891.38
quat0,0.50345,0.11534,-0.85424,-0.05918,1891.4
quat1,-0.10643,0.78564,-0.16156,-0.58765,1891.4
quat2,0.56477,-0.64430,0.51190,-0.06222,1891.4
quat3,0.20230,-0.94624,-0.08960,0.23596,1891.4
quat4,-0.80521,0.22570,-0.18662,-0.51563,1891.4
quat5,0.00000,-0.86603,0.00000,0.50000,1891.4
quat6,0.00000,-0.86603,0.00000,0.50000,1891.4
quat7,0.00000,-0.86603,0.00000,0.50000,1891.4
quat8,0.00000,-0.86603,0.00000,0.50000,1891.4
quat0,0.50479,0.11609,-0.85416,-0.04602,1891.42
quat1,-0.13556,0.78593,-0.16862,-0.57922,1891.42
quat2,0.56292,-0.63497,0.52459,-0.06888,1891.42
quat3,0.22559,-0.94076,-0.07285,0.24241,1891.42
quat4,-0.80538,0.21502,-0.18134,-0.52178,1891.42
quat5,0.00000,-0.86603,0.00000,0.50000,1891.42
quat6,0.00000,-0.86603,0.00000,0.50000,1891.42
quat7,0.00000,-0.86603,0.00000,0.50000,1891.42
quat8,0.00000,-0.86603,0.00000,0.50000,1891.42
quat0,0.50833,0.11557,-0.85263,-0.03563,1891.44
quat1,-0.16321,0.78413,-0.17827,-0.57159,1891.44
quat2,0.56100,-0.62857,0.53369,-0.07318,1891.44
quat3,0.24648,-0.93515,-0.05861,0.24759,1891.44
quat4,-0.80582,0.20371,-0.17460,-0.52789,1891.44
quat5,0.00000,-0.86603,0.00000,0.50000,1891.44
quat6,0.00000,-0.86603,0.00000,0.50000,1891.44
quat7,0.00000,-0.86603,0.00000,0.50000,1891.44
quat8,0.00000,-0.86603,0.00000,0.50000,1891.44
quat0,0.50781,0.11783,-0.85296,-0.02658,1891.46
quat1,-0.18673,0.78236,-0.18820,-0.56359,1891.46
quat2,0.55699,-0.62533,0.54095,-0.07809,1891.46
quat3,0.26263,-0.92945,-0.04715,0.25483,1891.46
quat4,-0.80502,0.19465,-0.16718,-0.53489,1891.46
quat5,0.00000,-0.86603,0.00000,0.50000,1891.46
quat6,0.00000,-0.86603,0.00000,0.50000,1891.46
quat7,0.00000,-0.86603,0.00000,0.50000,1891.46
quat8,0.00000,-0.86603,0.00000,0.50000,1891.46
quat0,0.51337,0.12282,-0.84922,-0.01398,1891.48
quat1,-0.20637,0.78103,-0.19853,-0.55496,1891.48
quat2,0.55024,-0.62431,0.54809,-0.08410,1891.48
quat3,0.27804,-0.92209,-0.03457,0.26693,1891.48
quat4,-0.80380,0.18838,-0.16050,-0.54099,1891.48
quat5,0.00000,-0.86603,0.00000,0.50000,1891.48
quat6,0.00000,-0.86603,0.00000,0.50000,1891.48
quat7,0.00000,-0.86603,0.00000,0.50000,1891.48
quat8,0.00000,-0.86603,0.00000,0.50000,1891.48
quat0,0.51910,0.12722,-0.84515,-0.00820,1891.5
quat1,-0.21925,0.78246,-0.20845,-0.54427,1891.5
quat2,0.54170,-0.62766,0.55176,-0.09038,1891.5
quat3,0.29240,-0.91300,-0.02312,0.28354,1891.5
quat4,-0.80006,0.18613,-0.15481,-0.54890,1891.5
quat5,0.00000,-0.86603,0.00000,0.50000,1891.5
quat6,0.00000,-0.86603,0.00000,0.50000,1891.5
quat7,0.00000,-0.86603,0.00000,0.50000,1891.5
quat8,0.00000,-0.86603,0.00000,0.50000,1891.5
quat0,0.52313,0.13036,-0.84221,0.00483,1891.52
quat1,-0.22666,0.78449,-0.21970,-0.53379,1891.52
quat2,0.53076,-0.63243,0.55556,-0.09839,1891.52
quat3,0.30750,-0.90344,-0.01248,0.29848,1891.52
quat4,-0.79513,0.18523,-0.14899,-0.55791,1891.52
quat5,0.00000,-0.86603,0.00000,0.50000,1891.52
quat6,0.00000,-0.86603,0.00000,0.50000,1891.52
quat7,0.00000,-0.86603,0.00000,0.50000,1891.52
quat8,0.00000,-0.86603,0.00000,0.50000,1891.52
quat0,0.52445,0.13870,-0.83957,0.02893,1891.54
quat1,-0.23307,0.78679,-0.22895,-0.52366,1891.54
quat2,0.51626,-0.63901,0.55996,-0.10766,1891.54
quat3,0.32048,-0.89456,-0.00380,0.31150,1891.54
quat4,-0.78737,0.18692,-0.14211,-0.57001,1891.54
quat5,0.00000,-0.86603,0.00000,0.50000,1891.54
quat6,0.00000,-0.86603,0.00000,0.50000,1891.54
quat7,0.00000,-0.86603,0.00000,0.50000,1891.54
quat8,0.00000,-0.86603,0.00000,0.50000,1891.54
quat0,0.51712,0.13839,-0.84386,0.03662,1891.56
quat1,-0.24107,0.78904,-0.23724,-0.51285,1891.56
quat2,0.50090,-0.64591,0.56404,-0.11731,1891.56
quat3,0.33316,-0.88638,0.00259,0.32145,1891.56
quat4,-0.77832,0.19019,-0.13569,-0.58278,1891.56
quat5,0.00000,-0.86603,0.00000,0.50000,1891.56
quat6,0.00000,-0.86603,0.00000,0.50000,1891.56
quat7,0.00000,-0.86603,0.00000,0.50000,1891.56
quat8,0.00000,-0.86603,0.00000,0.50000,1891.56
quat0,0.51822,0.14751,-0.84115,0.04633,1891.58
quat1,-0.24690,0.79181,-0.24557,-0.50177,1891.58
quat2,0.48326,-0.65488,0.56691,-0.12727,1891.58
quat3,0.34153,-0.87904,0.00713,0.33255,1891.58
quat4,-0.76733,0.19552,-0.12998,-0.59673,1891.58
quat5,0.00000,-0.86603,0.00000,0.50000,1891.58
quat6,0.00000,-0.86603,0.00000,0.50000,1891.58
quat7,0.00000,-0.86603,0.00000,0.50000,1891.58
quat8,0.00000,-0.86603,0.00000,0.50000,1891.58
quat0,0.51913,0.15563,-0.83837,0.05845,1891.6
quat1,-0.25268,0.79349,-0.25551,-0.49117,1891.6
quat2,0.46575,-0.66337,0.56934,-0.13737,1891.6
quat3,0.34873,-0.87084,0.01047,0.34630,1891.6
quat4,-0.75686,0.20080,-0.12477,-0.60932,1891.6
quat5,0.00000,-0.86603,0.00000,0.50000,1891.6
quat6,0.00000,-0.86603,0.00000,0.50000,1891.6
quat7,0.00000,-0.86603,0.00000,0.50000,1891.6
quat8,0.00000,-0.86603,0.00000,0.50000,1891.6
quat0,0.51764,0.16262,-0.83692,0.07186,1891.62
quat1,-0.25756,0.79515,-0.26210,-0.48239,1891.62
quat2,0.44909,-0.67225,0.56998,-0.14670,1891.62
quat3,0.35216,-0.86314,0.01107,0.36173,1891.62
quat4,-0.74703,0.20539,-0.11672,-0.62140,1891.62
quat5,0.00000,-0.86603,0.00000,0.50000,1891.62
quat6,0.00000,-0.86603,0.00000,0.50000,1891.62
quat7,0.00000,-0.86603,0.00000,0.50000,1891.62
quat8,0.00000,-0.86603,0.00000,0.50000,1891.62
quat0,0.51941,0.16784,-0.83386,0.08200,1891.64
quat1,-0.26188,0.79649,-0.26704,-0.47510,1891.64
quat2,0.43467,-0.68016,0.56969,-0.15459,1891.64
quat3,0.35390,-0.85676,0.01176,0.37494,1891.64
quat4,-0.73880,0.20849,-0.10769,-0.63176,1891.64
quat5,0.00000,-0.86603,0.00000,0.50000,1891.64
quat6,0.00000,-0.86603,0.00000,0.50000,1891.64
quat7,0.00000,-0.86603,0.00000,0.50000,1891.64
quat8,0.00000,-0.86603,0.00000,0.50000,1891.64
quat0,0.52055,0.17762,-0.82887,0.10225,1891.66
quat1,-0.26374,0.79740,-0.26897,-0.47144,1891.66
quat2,0.41842,-0.68856,0.56944,-0.16298,1891.66
quat3,0.35218,-0.85281,0.01353,0.38535,1891.66
quat4,-0.73027,0.21194,-0.09789,-0.64203,1891.66
quat5,0.00000,-0.86603,0.00000,0.50000,1891.66
quat6,0.00000,-0.86603,0.00000,0.50000,1891.66
quat7,0.00000,-0.86603,0.00000,0.50000,1891.66
quat8,0.00000,-0.86603,0.00000,0.50000,1891.66
quat0,0.51804,0.17977,-0.83033,0.09936,1891.68
quat1,-0.26749,0.79714,-0.26678,-0.47100,1891.68
quat2,0.40101,-0.69726,0.56941,-0.16972,1891.68
quat3,0.34939,-0.85082,0.01730,0.39210,1891.68
quat4,-0.72150,0.21830,-0.09032,-0.65086,1891.68
quat5,0.00000,-0.86603,0.00000,0.50000,1891.68
quat6,0.00000,-0.86603,0.00000,0.50000,1891.68
quat7,0.00000,-0.86603,0.00000,0.50000,1891.68
quat8,0.00000,-0.86603,0.00000,0.50000,1891.68
quat0,0.51823,0.18858,-0.82496,0.12374,1891.7
quat1,-0.26994,0.79784,-0.26451,-0.46971,1891.7
quat2,0.38303,-0.70770,0.56716,-0.17543,1891.7
quat3,0.34392,-0.84922,0.02173,0.40009,1891.7
quat4,-0.71094,0.23099,-0.08878,-0.65827,1891.7
quat5,0.00000,-0.86603,0.00000,0.50000,1891.7
quat6,0.00000,-0.86603,0.00000,0.50000,1891.7
quat7,0.00000,-0.86603,0.00000,0.50000,1891.7
quat8,0.00000,-0.86603,0.00000,0.50000,1891.7
quat0,0.52232,0.19184,-0.81985,0.13496,1891.72
quat1,-0.27447,0.79888,-0.26077,-0.46739,1891.72
quat2,0.36546,-0.71937,0.56269,-0.17977,1891.72
quat3,0.33944,-0.84603,0.02695,0.41023,1891.72
quat4,-0.70025,0.24552,-0.09029,-0.66425,1891.72
quat5,0.00000,-0.86603,0.00000,0.50000,1891.72
quat6,0.00000,-0.86603,0.00000,0.50000,1891.72
quat7,0.00000,-0.86603,0.00000,0.50000,1891.72
quat8,0.00000,-0.86603,0.00000,0.50000,1891.72
quat0,0.51468,0.21000,-0.81426,0.16727,1891.74
quat1,-0.27681,0.80124,-0.25529,-0.46500,1891.74
quat2,0.34839,-0.73122,0.55650,-0.18507,1891.74
quat3,0.33386,-0.84205,0.03068,0.42256,1891.74
quat4,-0.68818,0.25994,-0.09036,-0.67133,1891.74
quat5,0.00000,-0.86603,0.00000,0.50000,1891.74
quat6,0.00000,-0.86603,0.00000,0.50000,1891.74
quat7,0.00000,-0.86603,0.00000,0.50000,1891.74
quat8,0.00000,-0.86603,0.00000,0.50000,1891.74
quat0,0.51881,0.20232,-0.81586,0.15582,1891.76
quat1,-0.27766,0.80491,-0.25037,-0.46080,1891.76
quat2,0.32867,-0.74130,0.55268,-0.19236,1891.76
quat3,0.32924,-0.83819,0.03266,0.43355,1891.76
quat4,-0.67558,0.27293,-0.08847,-0.67917,1891.76
quat5,0.00000,-0.86603,0.00000,0.50000,1891.76
quat6,0.00000,-0.86603,0.00000,0.50000,1891.76
quat7,0.00000,-0.86603,0.00000,0.50000,1891.76
quat8,0.00000,-0.86603,0.00000,0.50000,1891.76
quat0,0.51827,0.21412,-0.80809,0.18042,1891.78
quat1,-0.27734,0.80968,-0.24545,-0.45526,1891.78
quat2,0.30920,-0.75038,0.54884,-0.20025,1891.78
quat3,0.32512,-0.83446,0.03285,0.44372,1891.78
quat4,-0.66292,0.28126,-0.08182,-0.68901,1891.78
quat5,0.00000,-0.86603,0.00000,0.50000,1891.78
quat6,0.00000,-0.86603,0.00000,0.50000,1891.78
quat7,0.00000,-0.86603,0.00000,0.50000,1891.78
quat8,0.00000,-0.86603,0.00000,0.50000,1891.78
quat0,0.51696,0.21729,-0.80738,0.18350,1891.8
quat1,-0.27670,0.81501,-0.24031,-0.44883,1891.8
quat2,0.29261,-0.75762,0.54533,-0.20739,1891.8
quat3,0.32212,-0.83023,0.02947,0.45397,1891.8
quat4,-0.65125,0.28452,-0.07108,-0.69991,1891.8
quat5,0.00000,-0.86603,0.00000,0.50000,1891.8
quat6,0.00000,-0.86603,0.00000,0.50000,1891.8
quat7,0.00000,-0.86603,0.00000,0.50000,1891.8
quat8,0.00000,-0.86603,0.00000,0.50000,1891.8
quat0,0.51714,0.22575,-0.80145,0.19819,1891.82
quat1,-0.27519,0.82038,-0.23427,-0.44314,1891.82
quat2,0.27894,-0.76643,0.53909,-0.21015,1891.82
quat3,0.31881,-0.82588,0.02423,0.46442,1891.82
quat4,-0.63853,0.28810,-0.06133,-0.71100,1891.82
quat5,0.00000,-0.86603,0.00000,0.50000,1891.82
quat6,0.00000,-0.86603,0.00000,0.50000,1891.82
quat7,0.00000,-0.86603,0.00000,0.50000,1891.82
quat8,0.00000,-0.86603,0.00000,0.50000,1891.82
quat0,0.51687,0.23137,-0.79784,0.20679,1891.84
quat1,-0.27495,0.82547,-0.22794,-0.43708,1891.84
quat2,0.26753,-0.77403,0.53333,-0.21182,1891.84
quat3,0.31494,-0.82139,0.02029,0.47509,1891.84
quat4,-0.62699,0.29355,-0.05629,-0.71941,1891.84
quat5,0.00000,-0.86603,0.00000,0.50000,1891.84
quat6,0.00000,-0.86603,0.00000,0.50000,1891.84
quat7,0.00000,-0.86603,0.00000,0.50000,1891.84
quat8,0.00000,-0.86603,0.00000,0.50000,1891.84
quat0,0.51108,0.24041,-0.79652,0.21579,1891.86
quat1,-0.27506,0.83004,-0.22014,-0.43233,1891.86
quat2,0.25577,-0.78036,0.52917,-0.21352,1891.86
quat3,0.30720,-0.81954,0.02075,0.48328,1891.86
quat4,-0.61631,0.30067,-0.05457,-0.72579,1891.86
quat5,0.00000,-0.86603,0.00000,0.50000,1891.86
quat6,0.00000,-0.86603,0.00000,0.50000,1891.86
quat7,0.00000,-0.86603,0.00000,0.50000,1891.86
quat8,0.00000,-0.86603,0.00000,0.50000,1891.86
quat0,0.50962,0.24422,-0.79370,0.22513,1891.88
quat1,-0.27540,0.83374,-0.21277,-0.42867,1891.88
quat2,0.24721,-0.78381,0.52745,-0.21522,1891.88
quat3,0.29925,-0.81889,0.02165,0.48929,1891.88
quat4,-0.60782,0.30692,-0.05157,-0.73055,1891.88
quat5,0.00000,-0.86603,0.00000,0.50000,1891.88
quat6,0.00000,-0.86603,0.00000,0.50000,1891.88
quat7,0.00000,-0.86603,0.00000,0.50000,1891.88
quat8,0.00000,-0.86603,0.00000,0.50000,1891.88
quat0,0.50293,0.25072,-0.79270,0.23627,1891.9
quat1,-0.27522,0.83670,-0.20569,-0.42648,1891.9
quat2,0.24068,-0.78865,0.52335,-0.21495,1891.9
quat3,0.29106,-0.81847,0.02183,0.49489,1891.9
quat4,-0.60008,0.31674,-0.05131,-0.73277,1891.9
quat5,0.00000,-0.86603,0.00000,0.50000,1891.9
quat6,0.00000,-0.86603,0.00000,0.50000,1891.9
quat7,0.00000,-0.86603,0.00000,0.50000,1891.9
quat8,0.00000,-0.86603,0.00000,0.50000,1891.9
quat0,0.50279,0.24873,-0.79173,0.24185,1891.92
quat1,-0.27556,0.84051,-0.20143,-0.42074,1891.92
quat2,0.23271,-0.79394,0.51843,-0.21619,1891.92
quat3,0.28396,-0.81713,0.02291,0.50114,1891.92
quat4,-0.59148,0.32965,-0.05260,-0.73397,1891.92
quat5,0.00000,-0.86603,0.00000,0.50000,1891.92
quat6,0.00000,-0.86603,0.00000,0.50000,1891.92
quat7,0.00000,-0.86603,0.00000,0.50000,1891.92
quat8,0.00000,-0.86603,0.00000,0.50000,1891.92
quat0,0.50258,0.24813,-0.79054,0.24677,1891.94
quat1,-0.27485,0.84653,-0.20075,-0.40932,1891.94
quat2,0.22031,-0.79817,0.51581,-0.21985,1891.94
quat3,0.27816,-0.81473,0.02566,0.50812,1891.94
quat4,-0.58323,0.33946,-0.04775,-0.73643,1891.94
quat5,0.00000,-0.86603,0.00000,0.50000,1891.94
quat6,0.00000,-0.86603,0.00000,0.50000,1891.94
quat7,0.00000,-0.86603,0.00000,0.50000,1891.94
quat8,0.00000,-0.86603,0.00000,0.50000,1891.94
quat0,0.49995,0.25001,-0.78916,0.25450,1891.96
quat1,-0.27665,0.85057,-0.19848,-0.40075,1891.96
quat2,0.20819,-0.80271,0.51222,-0.22347,1891.96
quat3,0.27260,-0.81402,0.03192,0.51190,1891.96
quat4,-0.57712,0.34786,-0.04541,-0.73748,1891.96
quat5,0.00000,-0.86603,0.00000,0.50000,1891.96
quat6,0.00000,-0.86603,0.00000,0.50000,1891.96
quat7,0.00000,-0.86603,0.00000,0.50000,1891.96
quat8,0.00000,-0.86603,0.00000,0.50000,1891.96
quat0,0.49977,0.24951,-0.78874,0.25663,1891.98
quat1,-0.27945,0.85300,-0.19457,-0.39553,1891.98
quat2,0.19689,-0.80665,0.50859,-0.22780,1891.98
quat3,0.26563,-0.81417,0.03974,0.51478,1891.98
quat4,-0.57095,0.36154,-0.04823,-0.73551,1891.98
quat5,0.00000,-0.86603,0.00000,0.50000,1891.98
quat6,0.00000,-0.86603,0.00000,0.50000,1891.98
quat7,0.00000,-0.86603,0.00000,0.50000,1891.98
quat8,0.00000,-0.86603,0.00000,0.50000,1891.98
quat0,0.49967,0.24832,-0.78934,0.25615,1892
quat1,-0.28333,0.85515,-0.19096,-0.38985,1892
quat2,0.18908,-0.81175,0.50377,-0.22699,1892
quat3,0.26114,-0.81249,0.04555,0.51922,1892
quat4,-0.56536,0.37473,-0.04857,-0.73321,1892
quat5,0.00000,-0.86603,0.00000,0.50000,1892
quat6,0.00000,-0.86603,0.00000,0.50000,1892
quat7,0.00000,-0.86603,0.00000,0.50000,1892
quat8,0.00000,-0.86603,0.00000,0.50000,1892
quat0,0.50189,0.24571,-0.78688,0.26183,1892.02
quat1,-0.28677,0.85693,-0.18845,-0.38460,1892.02
quat2,0.18396,-0.81726,0.49772,-0.22476,1892.02
quat3,0.25923,-0.80936,0.04951,0.52468,1892.02
quat4,-0.56003,0.38485,-0.04608,-0.73221,1892.02
quat5,0.00000,-0.86603,0.00000,0.50000,1892.02
quat6,0.00000,-0.86603,0.00000,0.50000,1892.02
quat7,0.00000,-0.86603,0.00000,0.50000,1892.02
quat8,0.00000,-0.86603,0.00000,0.50000,1892.02
quat0,0.49637,0.24904,-0.78981,0.26038,1892.04
quat1,-0.28918,0.85878,-0.18869,-0.37851,1892.04
quat2,0.17769,-0.82052,0.49396,-0.22621,1892.04
quat3,0.25733,-0.80666,0.05445,0.52926,1892.04
quat4,-0.55583,0.38892,-0.03939,-0.73365,1892.04
quat5,0.00000,-0.86603,0.00000,0.50000,1892.04
quat6,0.00000,-0.86603,0.00000,0.50000,1892.04
quat7,0.00000,-0.86603,0.00000,0.50000,1892.04
quat8,0.00000,-0.86603,0.00000,0.50000,1892.04
quat0,0.49610,0.24892,-0.78951,0.26191,1892.06
quat1,-0.29064,0.85955,-0.19077,-0.37459,1892.06
quat2,0.17241,-0.82056,0.49381,-0.23044,1892.06
quat3,0.25514,-0.80539,0.06189,0.53143,1892.06
quat4,-0.55362,0.39069,-0.03151,-0.73476,1892.06
quat5,0.00000,-0.86603,0.00000,0.50000,1892.06
quat6,0.00000,-0.86603,0.00000,0.50000,1892.06
quat7,0.00000,-0.86603,0.00000,0.50000,1892.06
quat8,0.00000,-0.86603,0.00000,0.50000,1892.06
quat0,0.49294,0.24768,-0.79455,0.25369,1892.08
quat1,-0.29245,0.85940,-0.19167,-0.37306,1892.08
quat2,0.17195,-0.82037,0.49455,-0.22988,1892.08
quat3,0.25467,-0.80356,0.06925,0.53351,1892.08
quat4,-0.55300,0.39891,-0.02995,-0.73087,1892.08
quat5,0.00000,-0.86603,0.00000,0.50000,1892.08
quat6,0.00000,-0.86603,0.00000,0.50000,1892.08
quat7,0.00000,-0.86603,0.00000,0.50000,1892.08
quat8,0.00000,-0.86603,0.00000,0.50000,1892.08
quat0,0.50021,0.24174,-0.79353,0.24830,1892.1
quat1,-0.29606,0.85869,-0.19328,-0.37100,1892.1
quat2,0.17764,-0.82271,0.49268,-0.22104,1892.1
quat3,0.25775,-0.80085,0.07435,0.53543,1892.1
quat4,-0.55382,0.40681,-0.03094,-0.72583,1892.1
quat5,0.00000,-0.86603,0.00000,0.50000,1892.1
quat6,0.00000,-0.86603,0.00000,0.50000,1892.1
quat7,0.00000,-0.86603,0.00000,0.50000,1892.1
quat8,0.00000,-0.86603,0.00000,0.50000,1892.1
quat0,0.49722,0.23962,-0.79929,0.23767,1892.12
quat1,-0.30209,0.85754,-0.19279,-0.36906,1892.12
quat2,0.18418,-0.82561,0.49044,-0.20956,1892.12
quat3,0.26244,-0.79781,0.07823,0.53712,1892.12
quat4,-0.55618,0.40843,-0.03130,-0.72309,1892.12
quat5,0.00000,-0.86603,0.00000,0.50000,1892.12
quat6,0.00000,-0.86603,0.00000,0.50000,1892.12
quat7,0.00000,-0.86603,0.00000,0.50000,1892.12
quat8,0.00000,-0.86603,0.00000,0.50000,1892.12
quat0,0.50092,0.23573,-0.80074,0.22875,1892.14
quat1,-0.31011,0.85602,-0.19101,-0.36684,1892.14
quat2,0.18921,-0.82834,0.48816,-0.19938,1892.14
quat3,0.26898,-0.79531,0.08092,0.53720,1892.14
quat4,-0.55968,0.40631,-0.03070,-0.72162,1892.14
quat5,0.00000,-0.86603,0.00000,0.50000,1892.14
quat6,0.00000,-0.86603,0.00000,0.50000,1892.14
quat7,0.00000,-0.86603,0.00000,0.50000,1892.14
quat8,0.00000,-0.86603,0.00000,0.50000,1892.14
quat0,0.50292,0.23492,-0.80034,0.22658,1892.16
quat1,-0.31818,0.85456,-0.18900,-0.36439,1892.16
quat2,0.19175,-0.83024,0.48717,-0.19128,1892.16
quat3,0.27626,-0.79292,0.08243,0.53682,1892.16
quat4,-0.56313,0.40165,-0.02807,-0.72164,1892.16
quat5,0.00000,-0.86603,0.00000,0.50000,1892.16
quat6,0.00000,-0.86603,0.00000,0.50000,1892.16
quat7,0.00000,-0.86603,0.00000,0.50000,1892.16
quat8,0.00000,-0.86603,0.00000,0.50000,1892.16
quat0,0.50074,0.23114,-0.80565,0.21624,1892.18
quat1,-0.32522,0.85324,-0.18813,-0.36168,1892.18
quat2,0.19582,-0.83013,0.48871,-0.18358,1892.18
quat3,0.28353,-0.79087,0.08416,0.53577,1892.18
quat4,-0.56822,0.39464,-0.02178,-0.72174,1892.18
quat5,0.00000,-0.86603,0.00000,0.50000,1892.18
quat6,0.00000,-0.86603,0.00000,0.50000,1892.18
quat7,0.00000,-0.86603,0.00000,0.50000,1892.18
quat8,0.00000,-0.86603,0.00000,0.50000,1892.18
quat0,0.50010,0.23076,-0.80719,0.21235,1892.2
quat1,-0.33197,0.85166,-0.18763,-0.35952,1892.2
quat2,0.20471,-0.83149,0.48705,-0.17176,1892.2
quat3,0.28979,-0.78942,0.08746,0.53403,1892.2
quat4,-0.57384,0.38946,-0.01568,-0.72026,1892.2
quat5,0.00000,-0.86603,0.00000,0.50000,1892.2
quat6,0.00000,-0.86603,0.00000,0.50000,1892.2
quat7,0.00000,-0.86603,0.00000,0.50000,1892.2
quat8,0.00000,-0.86603,0.00000,0.50000,1892.2
quat0,0.50238,0.22615,-0.80998,0.20099,1892.22
quat1,-0.34043,0.84891,-0.18808,-0.35790,1892.22
quat2,0.21292,-0.83209,0.48556,-0.16286,1892.22
quat3,0.29671,-0.78827,0.09168,0.53122,1892.22
quat4,-0.58081,0.38537,-0.01135,-0.71695,1892.22
quat5,0.00000,-0.86603,0.00000,0.50000,1892.22
quat6,0.00000,-0.86603,0.00000,0.50000,1892.22
quat7,0.00000,-0.86603,0.00000,0.50000,1892.22
quat8,0.00000,-0.86603,0.00000,0.50000,1892.22
quat0,0.50410,0.22408,-0.81103,0.19467,1892.24
quat1,-0.34800,0.84656,-0.18883,-0.35576,1892.24
quat2,0.21885,-0.83072,0.48694,-0.15779,1892.24
quat3,0.30344,-0.78710,0.09547,0.52848,1892.24
quat4,-0.58774,0.38215,-0.00759,-0.71307,1892.24
quat5,0.00000,-0.86603,0.00000,0.50000,1892.24
quat6,0.00000,-0.86603,0.00000,0.50000,1892.24
quat7,0.00000,-0.86603,0.00000,0.50000,1892.24
quat8,0.00000,-0.86603,0.00000,0.50000,1892.24
quat0,0.50721,0.22029,-0.81265,0.18389,1892.26
quat1,-0.35549,0.84394,-0.18933,-0.35434,1892.26
quat2,0.22746,-0.82771,0.48998,-0.15195,1892.26
quat3,0.30976,-0.78644,0.10127,0.52469,1892.26
quat4,-0.59605,0.38124,-0.00729,-0.70663,1892.26
quat5,0.00000,-0.86603,0.00000,0.50000,1892.26
quat6,0.00000,-0.86603,0.00000,0.50000,1892.26
quat7,0.00000,-0.86603,0.00000,0.50000,1892.26
quat8,0.00000,-0.86603,0.00000,0.50000,1892.26
quat0,0.50938,0.21757,-0.81387,0.17552,1892.28
quat1,-0.36292,0.84079,-0.18869,-0.35462,1892.28
quat2,0.23978,-0.82577,0.48985,-0.14371,1892.28
quat3,0.31489,-0.78702,0.10829,0.51935,1892.28
quat4,-0.60251,0.38286,-0.01123,-0.70019,1892.28
quat5,0.00000,-0.86603,0.00000,0.50000,1892.28
quat6,0.00000,-0.86603,0.00000,0.50000,1892.28
quat7,0.00000,-0.86603,0.00000,0.50000,1892.28
quat8,0.00000,-0.86603,0.00000,0.50000,1892.28
quat0,0.50677,0.21471,-0.81898,0.16235,1892.3
quat1,-0.37032,0.83745,-0.19018,-0.35407,1892.3
quat2,0.25158,-0.82273,0.49129,-0.13587,1892.3
quat3,0.32116,-0.78632,0.11494,0.51511,1892.3
quat4,-0.60770,0.38425,-0.01330,-0.69490,1892.3
quat5,0.00000,-0.86603,0.00000,0.50000,1892.3
quat6,0.00000,-0.86603,0.00000,0.50000,1892.3
quat7,0.00000,-0.86603,0.00000,0.50000,1892.3
quat8,0.00000,-0.86603,0.00000,0.50000,1892.3
quat0,0.50731,0.20785,-0.82310,0.14811,1892.32
quat1,-0.37619,0.83454,-0.19234,-0.35361,1892.32
quat2,0.26057,-0.81982,0.49292,-0.13048,1892.32
quat3,0.32691,-0.78475,0.12046,0.51262,1892.32
quat4,-0.60993,0.38441,-0.01205,-0.69287,1892.32
quat5,0.00000,-0.86603,0.00000,0.50000,1892.32
quat6,0.00000,-0.86603,0.00000,0.50000,1892.32
quat7,0.00000,-0.86603,0.00000,0.50000,1892.32
quat8,0.00000,-0.86603,0.00000,0.50000,1892.32
quat0,0.50484,0.20020,-0.82900,0.13347,1892.34
quat1,-0.38224,0.83134,-0.19578,-0.35275,1892.34
quat2,0.26743,-0.81718,0.49455,-0.12698,1892.34
quat3,0.33276,-0.78351,0.12709,0.50914,1892.34
quat4,-0.61089,0.38309,-0.00830,-0.69280,1892.34
quat5,0.00000,-0.86603,0.00000,0.50000,1892.34
quat6,0.00000,-0.86603,0.00000,0.50000,1892.34
quat7,0.00000,-0.86603,0.00000,0.50000,1892.34
quat8,0.00000,-0.86603,0.00000,0.50000,1892.34
quat0,0.50282,0.19353,-0.83389,0.11975,1892.36
quat1,-0.38777,0.82880,-0.19999,-0.35034,1892.36
quat2,0.27241,-0.81613,0.49404,-0.12509,1892.36
quat3,0.33654,-0.78522,0.13443,0.50210,1892.36
quat4,-0.61011,0.38344,-0.00549,-0.69333,1892.36
quat5,0.00000,-0.86603,0.00000,0.50000,1892.36
quat6,0.00000,-0.86603,0.00000,0.50000,1892.36
quat7,0.00000,-0.86603,0.00000,0.50000,1892.36
quat8,0.00000,-0.86603,0.00000,0.50000,1892.36
quat0,0.50185,0.18071,-0.84069,0.09345,1892.38
quat1,-0.39334,0.82531,-0.20711,-0.34821,1892.38
quat2,0.27963,-0.81521,0.49115,-0.12654,1892.38
quat3,0.33915,-0.78731,0.14114,0.49518,1892.38
quat4,-0.60881,0.38623,-0.00948,-0.69288,1892.38
quat5,0.00000,-0.86603,0.00000,0.50000,1892.38
quat6,0.00000,-0.86603,0.00000,0.50000,1892.38
quat7,0.00000,-0.86603,0.00000,0.50000,1892.38
quat8,0.00000,-0.86603,0.00000,0.50000,1892.38
quat0,0.49527,0.17707,-0.84672,0.08011,1892.4
quat1,-0.39728,0.82321,-0.21475,-0.34406,1892.4
quat2,0.28163,-0.81612,0.48779,-0.12918,1892.4
quat3,0.34118,-0.78767,0.14516,0.49204,1892.4
quat4,-0.60667,0.39231,-0.01217,-0.69130,1892.4
quat5,0.00000,-0.86603,0.00000,0.50000,1892.4
quat6,0.00000,-0.86603,0.00000,0.50000,1892.4
quat7,0.00000,-0.86603,0.00000,0.50000,1892.4
quat8,0.00000,-0.86603,0.00000,0.50000,1892.4
quat0,0.49440,0.17335,-0.84854,0.07412,1892.42
quat1,-0.40487,0.81844,-0.21644,-0.34553,1892.42
quat2,0.28689,-0.81207,0.49167,-0.12845,1892.42
quat3,0.33951,-0.78895,0.15726,0.48740,1892.42
quat4,-0.61250,0.39797,-0.01943,-0.68271,1892.42
quat5,0.00000,-0.86603,0.00000,0.50000,1892.42
quat6,0.00000,-0.86603,0.00000,0.50000,1892.42
quat7,0.00000,-0.86603,0.00000,0.50000,1892.42
quat8,0.00000,-0.86603,0.00000,0.50000,1892.42
quat0,0.49300,0.17554,-0.84872,0.07623,1892.44
quat1,-0.41412,0.81218,-0.20946,-0.35355,1892.44
quat2,0.29740,-0.80889,0.49338,-0.11760,1892.44
quat3,0.33138,-0.79162,0.17561,0.48237,1892.44
quat4,-0.61647,0.40953,-0.02987,-0.67184,1892.44
quat5,0.00000,-0.86603,0.00000,0.50000,1892.44
quat6,0.00000,-0.86603,0.00000,0.50000,1892.44
quat7,0.00000,-0.86603,0.00000,0.50000,1892.44
quat8,0.00000,-0.86603,0.00000,0.50000,1892.44
quat0,0.50313,0.16691,-0.84463,0.07484,1892.46
quat1,-0.42693,0.80360,-0.20188,-0.36222,1892.46
quat2,0.30953,-0.80387,0.49682,-0.10558,1892.46
quat3,0.33195,-0.78739,0.19739,0.48048,1892.46
quat4,-0.62026,0.41079,-0.02794,-0.66764,1892.46
quat5,0.00000,-0.86603,0.00000,0.50000,1892.46
quat6,0.00000,-0.86603,0.00000,0.50000,1892.46
quat7,0.00000,-0.86603,0.00000,0.50000,1892.46
quat8,0.00000,-0.86603,0.00000,0.50000,1892.46
quat0,0.50397,0.15431,-0.84710,0.06803,1892.48
quat1,-0.43490,0.79584,-0.19876,-0.37147,1892.48
quat2,0.31598,-0.79872,0.50143,-0.10380,1892.48
quat3,0.33693,-0.78264,0.21343,0.47791,1892.48
quat4,-0.62215,0.40382,-0.01755,-0.67048,1892.48
quat5,0.00000,-0.86603,0.00000,0.50000,1892.48
quat6,0.00000,-0.86603,0.00000,0.50000,1892.48
quat7,0.00000,-0.86603,0.00000,0.50000,1892.48
quat8,0.00000,-0.86603,0.00000,0.50000,1892.48
quat0,0.50074,0.14751,-0.85101,0.05724,1892.5
quat1,-0.43721,0.79075,-0.20746,-0.37486,1892.5
quat2,0.31880,-0.79223,0.50880,-0.10891,1892.5
quat3,0.33831,-0.78511,0.22622,0.46689,1892.5
quat4,-0.62655,0.40418,-0.01896,-0.66612,1892.5
quat5,0.00000,-0.86603,0.00000,0.50000,1892.5
quat6,0.00000,-0.86603,0.00000,0.50000,1892.5
quat7,0.00000,-0.86603,0.00000,0.50000,1892.5
quat8,0.00000,-0.86603,0.00000,0.50000,1892.5
quat0,0.50024,0.15446,-0.84976,0.06173,1892.52
quat1,-0.43464,0.78949,-0.21702,-0.37509,1892.52
quat2,0.31787,-0.78737,0.51500,-0.11739,1892.52
quat3,0.33744,-0.79024,0.22864,0.45758,1892.52
quat4,-0.62847,0.40534,-0.02582,-0.66337,1892.52
quat5,0.00000,-0.86603,0.00000,0.50000,1892.52
quat6,0.00000,-0.86603,0.00000,0.50000,1892.52
quat7,0.00000,-0.86603,0.00000,0.50000,1892.52
quat8,0.00000,-0.86603,0.00000,0.50000,1892.52
quat0,0.50102,0.14772,-0.85083,0.05691,1892.54
quat1,-0.43094,0.78883,-0.22436,-0.37642,1892.54
quat2,0.31773,-0.78292,0.52026,-0.12414,1892.54
quat3,0.33489,-0.79737,0.22779,0.44740,1892.54
quat4,-0.62898,0.40454,-0.03179,-0.66311,1892.54
quat5,0.00000,-0.86603,0.00000,0.50000,1892.54
quat6,0.00000,-0.86603,0.00000,0.50000,1892.54
quat7,0.00000,-0.86603,0.00000,0.50000,1892.54
quat8,0.00000,-0.86603,0.00000,0.50000,1892.54
quat0,0.49963,0.14894,-0.85126,0.05953,1892.56
quat1,-0.42361,0.78872,-0.23162,-0.38056,1892.56
quat2,0.31906,-0.77919,0.52373,-0.12946,1892.56
quat3,0.33097,-0.80453,0.22232,0.44019,1892.56
quat4,-0.62832,0.40579,-0.03831,-0.66263,1892.56
quat5,0.00000,-0.86603,0.00000,0.50000,1892.56
quat6,0.00000,-0.86603,0.00000,0.50000,1892.56
quat7,0.00000,-0.86603,0.00000,0.50000,1892.56
quat8,0.00000,-0.86603,0.00000,0.50000,1892.56
quat0,0.50419,0.14259,-0.85024,0.05054,1892.58
quat1,-0.41924,0.78710,-0.23339,-0.38761,1892.58
quat2,0.32328,-0.77588,0.52587,-0.13022,1892.58
quat3,0.32588,-0.81112,0.21976,0.43312,1892.58
quat4,-0.62925,0.41196,-0.04897,-0.65722,1892.58
quat5,0.00000,-0.86603,0.00000,0.50000,1892.58
quat6,0.00000,-0.86603,0.00000,0.50000,1892.58
quat7,0.00000,-0.86603,0.00000,0.50000,1892.58
quat8,0.00000,-0.86603,0.00000,0.50000,1892.58
quat0,0.50871,0.13847,-0.84854,0.04506,1892.6
quat1,-0.41185,0.78592,-0.23173,-0.39875,1892.6
quat2,0.32652,-0.77401,0.52600,-0.13273,1892.6
quat3,0.31704,-0.82105,0.21580,0.42285,1892.6
quat4,-0.63046,0.41607,-0.05910,-0.65262,1892.6
quat5,0.00000,-0.86603,0.00000,0.50000,1892.6
quat6,0.00000,-0.86603,0.00000,0.50000,1892.6
quat7,0.00000,-0.86603,0.00000,0.50000,1892.6
quat8,0.00000,-0.86603,0.00000,0.50000,1892.6
quat0,0.51185,0.12599,-0.84928,0.02935,1892.62
quat1,-0.40277,0.78525,-0.22903,-0.41074,1892.62
quat2,0.33328,-0.77526,0.52055,-0.13007,1892.62
quat3,0.31082,-0.83038,0.21034,0.41185,1892.62
quat4,-0.63461,0.41813,-0.07173,-0.64598,1892.62
quat5,0.00000,-0.86603,0.00000,0.50000,1892.62
quat6,0.00000,-0.86603,0.00000,0.50000,1892.62
quat7,0.00000,-0.86603,0.00000,0.50000,1892.62
quat8,0.00000,-0.86603,0.00000,0.50000,1892.62
quat0,0.51450,0.11815,-0.84907,0.02028,1892.64
quat1,-0.39159,0.78614,-0.22828,-0.42016,1892.64
quat2,0.34020,-0.77729,0.51372,-0.12719,1892.64
quat3,0.31042,-0.83746,0.19975,0.40299,1892.64
quat4,-0.64034,0.40982,-0.07704,-0.64504,1892.64
quat5,0.00000,-0.86603,0.00000,0.50000,1892.64
quat6,0.00000,-0.86603,0.00000,0.50000,1892.64
quat7,0.00000,-0.86603,0.00000,0.50000,1892.64
quat8,0.00000,-0.86603,0.00000,0.50000,1892.64
quat0,0.51888,0.10577,-0.84828,0.00005,1892.66
quat1,-0.37915,0.78683,-0.22635,-0.43118,1892.66
quat2,0.34891,-0.77849,0.50673,-0.12425,1892.66
quat3,0.31696,-0.84014,0.18470,0.39949,1892.66
quat4,-0.64801,0.39450,-0.07730,-0.64690,1892.66
quat5,0.00000,-0.86603,0.00000,0.50000,1892.66
quat6,0.00000,-0.86603,0.00000,0.50000,1892.66
quat7,0.00000,-0.86603,0.00000,0.50000,1892.66
quat8,0.00000,-0.86603,0.00000,0.50000,1892.66
quat0,0.52368,0.09472,-0.84643,-0.01836,1892.68
quat1,-0.36481,0.78713,-0.22293,-0.44458,1892.68
quat2,0.35774,-0.78003,0.49830,-0.12358,1892.68
quat3,0.32792,-0.84017,0.16535,0.39905,1892.68
quat4,-0.65563,0.37827,-0.07708,-0.64894,1892.68
quat5,0.00000,-0.86603,0.00000,0.50000,1892.68
quat6,0.00000,-0.86603,0.00000,0.50000,1892.68
quat7,0.00000,-0.86603,0.00000,0.50000,1892.68
quat8,0.00000,-0.86603,0.00000,0.50000,1892.68
quat0,0.52169,0.08640,-0.84810,-0.03334,1892.7
quat1,-0.35060,0.78688,-0.22175,-0.45687,1892.7
quat2,0.36304,-0.78038,0.49206,-0.13069,1892.7
quat3,0.33760,-0.84042,0.14498,0.39837,1892.7
quat4,-0.66453,0.36112,-0.07910,-0.64942,1892.7
quat5,0.00000,-0.86603,0.00000,0.50000,1892.7
quat6,0.00000,-0.86603,0.00000,0.50000,1892.7
quat7,0.00000,-0.86603,0.00000,0.50000,1892.7
quat8,0.00000,-0.86603,0.00000,0.50000,1892.7
quat0,0.51895,0.07793,-0.84976,-0.05027,1892.72
quat1,-0.33536,0.78748,-0.22277,-0.46667,1892.72
quat2,0.36737,-0.78098,0.48619,-0.13686,1892.72
quat3,0.34450,-0.84317,0.12220,0.39428,1892.72
quat4,-0.67324,0.34546,-0.08638,-0.64803,1892.72
quat5,0.00000,-0.86603,0.00000,0.50000,1892.72
quat6,0.00000,-0.86603,0.00000,0.50000,1892.72
quat7,0.00000,-0.86603,0.00000,0.50000,1892.72
quat8,0.00000,-0.86603,0.00000,0.50000,1892.72
quat0,0.51785,0.07021,-0.85047,-0.05993,1892.74
quat1,-0.31916,0.78774,-0.22434,-0.47673,1892.74
quat2,0.37561,-0.77894,0.48175,-0.14173,1892.74
quat3,0.34923,-0.84822,0.09922,0.38563,1892.74
quat4,-0.68236,0.32715,-0.09646,-0.64657,1892.74
quat5,0.00000,-0.86603,0.00000,0.50000,1892.74
quat6,0.00000,-0.86603,0.00000,0.50000,1892.74
quat7,0.00000,-0.86603,0.00000,0.50000,1892.74
quat8,0.00000,-0.86603,0.00000,0.50000,1892.74
quat0,0.51708,0.05913,-0.85041,-0.07701,1892.76
quat1,-0.30057,0.78419,-0.22605,-0.49357,1892.76
quat2,0.38630,-0.77506,0.47868,-0.14462,1892.76
quat3,0.35104,-0.85736,0.07852,0.36816,1892.76
quat4,-0.68889,0.30905,-0.10743,-0.64682,1892.76
quat5,0.00000,-0.86603,0.00000,0.50000,1892.76
quat6,0.00000,-0.86603,0.00000,0.50000,1892.76
quat7,0.00000,-0.86603,0.00000,0.50000,1892.76
quat8,0.00000,-0.86603,0.00000,0.50000,1892.76
quat0,0.51354,0.05411,-0.85184,-0.08784,1892.78
quat1,-0.28047,0.77727,-0.22967,-0.51424,1892.78
quat2,0.40055,-0.76706,0.47879,-0.14812,1892.78
quat3,0.34835,-0.86922,0.05905,0.34587,1892.78
quat4,-0.69477,0.29302,-0.12077,-0.64564,1892.78
quat5,0.00000,-0.86603,0.00000,0.50000,1892.78
quat6,0.00000,-0.86603,0.00000,0.50000,1892.78
quat7,0.00000,-0.86603,0.00000,0.50000,1892.78
quat8,0.00000,-0.86603,0.00000,0.50000,1892.78
quat0,0.51016,0.05288,-0.85325,-0.09442,1892.8
quat1,-0.25812,0.76797,-0.23468,-0.53714,1892.8
quat2,0.41484,-0.75881,0.47878,-0.15131,1892.8
quat3,0.34023,-0.88195,0.03589,0.32422,1892.8
quat4,-0.69788,0.28419,-0.13956,-0.64244,1892.8
quat5,0.00000,-0.86603,0.00000,0.50000,1892.8
quat6,0.00000,-0.86603,0.00000,0.50000,1892.8
quat7,0.00000,-0.86603,0.00000,0.50000,1892.8
quat8,0.00000,-0.86603,0.00000,0.50000,1892.8
quat0,0.51196,0.04988,-0.85159,-0.10095,1892.82
quat1,-0.23181,0.75782,-0.24181,-0.55991,1892.82
quat2,0.42994,-0.74917,0.47991,-0.15356,1892.82
quat3,0.32949,-0.89513,0.00941,0.30016,1892.82
quat4,-0.70020,0.27783,-0.16062,-0.63775,1892.82
quat5,0.00000,-0.86603,0.00000,0.50000,1892.82
quat6,0.00000,-0.86603,0.00000,0.50000,1892.82
quat7,0.00000,-0.86603,0.00000,0.50000,1892.82
quat8,0.00000,-0.86603,0.00000,0.50000,1892.82
quat0,0.51313,0.04774,-0.84967,-0.11169,1892.84
quat1,-0.20243,0.74635,-0.24747,-0.58373,1892.84
quat2,0.44500,-0.74210,0.47775,-0.15174,1892.84
quat3,0.31462,-0.90763,-0.01897,0.27723,1892.84
quat4,-0.70088,0.27592,-0.18275,-0.63185,1892.84
quat5,0.00000,-0.86603,0.00000,0.50000,1892.84
quat6,0.00000,-0.86603,0.00000,0.50000,1892.84
quat7,0.00000,-0.86603,0.00000,0.50000,1892.84
quat8,0.00000,-0.86603,0.00000,0.50000,1892.84
quat0,0.51145,0.04182,-0.85050,-0.11540,1892.86
quat1,-0.16807,0.73511,-0.25221,-0.60642,1892.86
quat2,0.45930,-0.73553,0.47560,-0.14782,1892.86
quat3,0.29629,-0.91977,-0.05138,0.25217,1892.86
quat4,-0.70286,0.27440,-0.20325,-0.62400,1892.86
quat5,0.00000,-0.86603,0.00000,0.50000,1892.86
quat6,0.00000,-0.86603,0.00000,0.50000,1892.86
quat7,0.00000,-0.86603,0.00000,0.50000,1892.86
quat8,0.00000,-0.86603,0.00000,0.50000,1892.86
quat0,0.50033,0.03951,-0.85541,-0.12801,1892.88
quat1,-0.12975,0.71953,-0.25565,-0.63253,1892.88
quat2,0.47367,-0.73054,0.47194,-0.13866,1892.88
quat3,0.27297,-0.93144,-0.08769,0.22408,1892.88
quat4,-0.70589,0.27692,-0.22324,-0.61254,1892.88
quat5,0.00000,-0.86603,0.00000,0.50000,1892.88
quat6,0.00000,-0.86603,0.00000,0.50000,1892.88
quat7,0.00000,-0.86603,0.00000,0.50000,1892.88
quat8,0.00000,-0.86603,0.00000,0.50000,1892.88
quat0,0.50078,0.03337,-0.85265,-0.14524,1892.9
quat1,-0.09044,0.69733,-0.25439,-0.66395,1892.9
quat2,0.48640,-0.72636,0.46911,-0.12552,1892.9
quat3,0.24555,-0.94212,-0.12339,0.19205,1892.9
quat4,-0.71026,0.28228,-0.24320,-0.59725,1892.9
quat5,0.00000,-0.86603,0.00000,0.50000,1892.9
quat6,0.00000,-0.86603,0.00000,0.50000,1892.9
quat7,0.00000,-0.86603,0.00000,0.50000,1892.9
quat8,0.00000,-0.86603,0.00000,0.50000,1892.9
quat0,0.50383,0.04053,-0.85635,-0.10573,1892.92
quat1,-0.04655,0.67598,-0.25234,-0.69080,1892.92
quat2,0.49639,-0.72269,0.46875,-0.10766,1892.92
quat3,0.21463,-0.94951,-0.16299,0.16061,1892.92
quat4,-0.71703,0.28979,-0.25795,-0.57910,1892.92
quat5,0.00000,-0.86603,0.00000,0.50000,1892.92
quat6,0.00000,-0.86603,0.00000,0.50000,1892.92
quat7,0.00000,-0.86603,0.00000,0.50000,1892.92
quat8,0.00000,-0.86603,0.00000,0.50000,1892.92
quat0,0.50588,0.03885,-0.85741,-0.08612,1892.94
quat1,0.00125,0.65267,-0.25026,-0.71511,1892.94
quat2,0.50454,-0.71654,0.47369,-0.08733,1892.94
quat3,0.18176,-0.95332,-0.20742,0.12295,1892.94
quat4,-0.72850,0.29781,-0.26505,-0.55708,1892.94
quat5,0.00000,-0.86603,0.00000,0.50000,1892.94
quat6,0.00000,-0.86603,0.00000,0.50000,1892.94
quat7,0.00000,-0.86603,0.00000,0.50000,1892.94
quat8,0.00000,-0.86603,0.00000,0.50000,1892.94
quat0,0.50044,0.02191,-0.85813,-0.11268,1892.96
quat1,0.05232,0.62345,-0.24731,-0.73987,1892.96
quat2,0.50675,-0.70956,0.48452,-0.07047,1892.96
quat3,0.14632,-0.95306,-0.25161,0.08340,1892.96
quat4,-0.74357,0.30164,-0.25802,-0.53809,1892.96
quat5,0.00000,-0.86603,0.00000,0.50000,1892.96
quat6,0.00000,-0.86603,0.00000,0.50000,1892.96
quat7,0.00000,-0.86603,0.00000,0.50000,1892.96
quat8,0.00000,-0.86603,0.00000,0.50000,1892.96
quat0,0.49741,0.02627,-0.85954,-0.11441,1892.98
quat1,0.10042,0.59152,-0.24333,-0.76210,1892.98
quat2,0.50540,-0.70509,0.49437,-0.05488,1892.98
quat3,0.11030,-0.94956,-0.28953,0.04839,1892.98
quat4,-0.75958,0.30700,-0.24082,-0.52038,1892.98
quat5,0.00000,-0.86603,0.00000,0.50000,1892.98
quat6,0.00000,-0.86603,0.00000,0.50000,1892.98
quat7,0.00000,-0.86603,0.00000,0.50000,1892.98
quat8,0.00000,-0.86603,0.00000,0.50000,1892.98
quat0,0.50201,0.03102,-0.85586,-0.12051,1893
quat1,0.14216,0.56832,-0.23592,-0.77534,1893
quat2,0.51000,-0.70075,0.49751,-0.03643,1893
quat3,0.07969,-0.94617,-0.31309,0.01950,1893
quat4,-0.77245,0.31752,-0.22027,-0.50396,1893
quat5,0.00000,-0.86603,0.00000,0.50000,1893
quat6,0.00000,-0.86603,0.00000,0.50000,1893
quat7,0.00000,-0.86603,0.00000,0.50000,1893
quat8,0.00000,-0.86603,0.00000,0.50000,1893
quat0,0.49706,0.03945,-0.86095,-0.10069,1893.02
quat1,0.16615,0.56098,-0.22246,-0.77987,1893.02
quat2,0.51498,-0.69596,0.49999,-0.02095,1893.02
quat3,0.06264,-0.94485,-0.32131,-0.00941,1893.02
quat4,-0.78125,0.32777,-0.19621,-0.49367,1893.02
quat5,0.00000,-0.86603,0.00000,0.50000,1893.02
quat6,0.00000,-0.86603,0.00000,0.50000,1893.02
quat7,0.00000,-0.86603,0.00000,0.50000,1893.02
quat8,0.00000,-0.86603,0.00000,0.50000,1893.02
quat0,0.49996,0.02621,-0.85616,-0.12785,1893.04
quat1,0.16888,0.56398,-0.20873,-0.78092,1893.04
quat2,0.51708,-0.69083,0.50518,-0.01329,1893.04
quat3,0.05663,-0.94503,-0.32062,-0.03033,1893.04
quat4,-0.78563,0.33572,-0.18036,-0.48739,1893.04
quat5,0.00000,-0.86603,0.00000,0.50000,1893.04
quat6,0.00000,-0.86603,0.00000,0.50000,1893.04
quat7,0.00000,-0.86603,0.00000,0.50000,1893.04
quat8,0.00000,-0.86603,0.00000,0.50000,1893.04
quat0,0.48792,0.02027,-0.86211,-0.13525,1893.06
quat1,0.15520,0.57654,-0.19920,-0.77707,1893.06
quat2,0.51955,-0.68575,0.50963,-0.00976,1893.06
quat3,0.05578,-0.94786,-0.31231,-0.03038,1893.06
quat4,-0.78843,0.33780,-0.17987,-0.48158,1893.06
quat5,0.00000,-0.86603,0.00000,0.50000,1893.06
quat6,0.00000,-0.86603,0.00000,0.50000,1893.06
quat7,0.00000,-0.86603,0.00000,0.50000,1893.06
quat8,0.00000,-0.86603,0.00000,0.50000,1893.06
quat0,0.49825,0.03258,-0.85929,-0.11096,1893.08
quat1,0.13456,0.59438,-0.19101,-0.76949,1893.08
quat2,0.52438,-0.67893,0.51378,-0.01041,1893.08
quat3,0.05525,-0.95229,-0.29977,-0.01479,1893.08
quat4,-0.79283,0.33091,-0.18378,-0.47765,1893.08
quat5,0.00000,-0.86603,0.00000,0.50000,1893.08
quat6,0.00000,-0.86603,0.00000,0.50000,1893.08
quat7,0.00000,-0.86603,0.00000,0.50000,1893.08
quat8,0.00000,-0.86603,0.00000,0.50000,1893.08
quat0,0.50113,0.04358,-0.85679,-0.11348,1893.1
quat1,0.11252,0.61810,-0.18444,-0.75583,1893.1
quat2,0.53307,-0.67110,0.51499,-0.01572,1893.1
quat3,0.05614,-0.95668,-0.28551,0.00987,1893.1
quat4,-0.79533,0.32214,-0.19148,-0.47646,1893.1
quat5,0.00000,-0.86603,0.00000,0.50000,1893.1
quat6,0.00000,-0.86603,0.00000,0.50000,1893.1
quat7,0.00000,-0.86603,0.00000,0.50000,1893.1
quat8,0.00000,-0.86603,0.00000,0.50000,1893.1
quat0,0.48988,0.04619,-0.86236,-0.11926,1893.12
quat1,0.08963,0.64720,-0.17944,-0.73545,1893.12
quat2,0.54291,-0.66093,0.51754,-0.02412,1893.12
quat3,0.06107,-0.96049,-0.26852,0.04023,1893.12
quat4,-0.79694,0.31344,-0.19954,-0.47627,1893.12
quat5,0.00000,-0.86603,0.00000,0.50000,1893.12
quat6,0.00000,-0.86603,0.00000,0.50000,1893.12
quat7,0.00000,-0.86603,0.00000,0.50000,1893.12
quat8,0.00000,-0.86603,0.00000,0.50000,1893.12
quat0,0.50074,0.04925,-0.85705,-0.11092,1893.14
quat1,0.06484,0.67655,-0.17512,-0.71232,1893.14
quat2,0.55224,-0.64982,0.52120,-0.03326,1893.14
quat3,0.06840,-0.96339,-0.24912,0.07171,1893.14
quat4,-0.79787,0.30500,-0.20590,-0.47748,1893.14
quat5,0.00000,-0.86603,0.00000,0.50000,1893.14
quat6,0.00000,-0.86603,0.00000,0.50000,1893.14
quat7,0.00000,-0.86603,0.00000,0.50000,1893.14
quat8,0.00000,-0.86603,0.00000,0.50000,1893.14
quat0,0.50186,0.05903,-0.85680,-0.10268,1893.16
quat1,0.03732,0.70152,-0.17400,-0.69008,1893.16
quat2,0.55808,-0.63813,0.52857,-0.04421,1893.16
quat3,0.08066,-0.96519,-0.22642,0.10316,1893.16
quat4,-0.79915,0.29564,-0.21287,-0.47818,1893.16
quat5,0.00000,-0.86603,0.00000,0.50000,1893.16
quat6,0.00000,-0.86603,0.00000,0.50000,1893.16
quat7,0.00000,-0.86603,0.00000,0.50000,1893.16
quat8,0.00000,-0.86603,0.00000,0.50000,1893.16
quat0,0.50212,0.07237,-0.85739,-0.08676,1893.18
quat1,0.00989,0.72121,-0.17499,-0.67018,1893.18
quat2,0.55899,-0.63024,0.53612,-0.05399,1893.18
quat3,0.09486,-0.96503,-0.20379,0.13487,1893.18
quat4,-0.80094,0.28330,-0.21450,-0.48190,1893.18
quat5,0.00000,-0.86603,0.00000,0.50000,1893.18
quat6,0.00000,-0.86603,0.00000,0.50000,1893.18
quat7,0.00000,-0.86603,0.00000,0.50000,1893.18
quat8,0.00000,-0.86603,0.00000,0.50000,1893.18
quat0,0.50418,0.07204,-0.85633,-0.08555,1893.2
quat1,-0.01950,0.73491,-0.17952,-0.65369,1893.2
quat2,0.55884,-0.62392,0.54280,-0.06162,1893.2
quat3,0.11304,-0.96327,-0.18103,0.16299,1893.2
quat4,-0.80356,0.26909,-0.21479,-0.48553,1893.2
quat5,0.00000,-0.86603,0.00000,0.50000,1893.2
quat6,0.00000,-0.86603,0.00000,0.50000,1893.2
quat7,0.00000,-0.86603,0.00000,0.50000,1893.2
quat8,0.00000,-0.86603,0.00000,0.50000,1893.2
quat0,0.50330,0.07553,-0.85728,-0.07775,1893.22
quat1,-0.04708,0.74423,-0.18398,-0.64036,1893.22
quat2,0.55681,-0.62020,0.54838,-0.06778,1893.22
quat3,0.13192,-0.96049,-0.15945,0.18610,1893.22
quat4,-0.80540,0.25621,-0.21526,-0.48924,1893.22
quat5,0.00000,-0.86603,0.00000,0.50000,1893.22
quat6,0.00000,-0.86603,0.00000,0.50000,1893.22
quat7,0.00000,-0.86603,0.00000,0.50000,1893.22
quat8,0.00000,-0.86603,0.00000,0.50000,1893.22
quat0,0.50992,0.08025,-0.85425,-0.06168,1893.24
quat1,-0.07296,0.75196,-0.18865,-0.62741,1893.24
quat2,0.55387,-0.61689,0.55440,-0.07296,1893.24
quat3,0.15253,-0.95716,-0.13621,0.20499,1893.24
quat4,-0.80812,0.24208,-0.21476,-0.49216,1893.24
quat5,0.00000,-0.86603,0.00000,0.50000,1893.24
quat6,0.00000,-0.86603,0.00000,0.50000,1893.24
quat7,0.00000,-0.86603,0.00000,0.50000,1893.24
quat8,0.00000,-0.86603,0.00000,0.50000,1893.24
quat0,0.51294,0.08389,-0.85266,-0.05324,1893.26
quat1,-0.09553,0.75865,-0.19413,-0.61452,1893.26
quat2,0.55074,-0.61480,0.55911,-0.07815,1893.26
quat3,0.17335,-0.95319,-0.11555,0.21914,1893.26
quat4,-0.81003,0.22856,-0.21331,-0.49610,1893.26
quat5,0.00000,-0.86603,0.00000,0.50000,1893.26
quat6,0.00000,-0.86603,0.00000,0.50000,1893.26
quat7,0.00000,-0.86603,0.00000,0.50000,1893.26
quat8,0.00000,-0.86603,0.00000,0.50000,1893.26
quat0,0.51080,0.09018,-0.85380,-0.04439,1893.28
quat1,-0.11615,0.76291,-0.20144,-0.60324,1893.28
quat2,0.54645,-0.61247,0.56495,-0.08428,1893.28
quat3,0.19444,-0.94899,-0.09608,0.22886,1893.28
quat4,-0.81128,0.21529,-0.21106,-0.50094,1893.28
quat5,0.00000,-0.86603,0.00000,0.50000,1893.28
quat6,0.00000,-0.86603,0.00000,0.50000,1893.28
quat7,0.00000,-0.86603,0.00000,0.50000,1893.28
quat8,0.00000,-0.86603,0.00000,0.50000,1893.28
quat0,0.51357,0.09831,-0.85181,-0.03175,1893.3
quat1,-0.13536,0.76599,-0.20800,-0.59301,1893.3
quat2,0.54003,-0.61302,0.56960,-0.09016,1893.3
quat3,0.21428,-0.94430,-0.08003,0.23661,1893.3
quat4,-0.81008,0.20517,-0.20854,-0.50812,1893.3
quat5,0.00000,-0.86603,0.00000,0.50000,1893.3
quat6,0.00000,-0.86603,0.00000,0.50000,1893.3
quat7,0.00000,-0.86603,0.00000,0.50000,1893.3
quat8,0.00000,-0.86603,0.00000,0.50000,1893.3
quat0,0.51014,0.09952,-0.85400,-0.02326,1893.32
quat1,-0.15530,0.76604,-0.21650,-0.58498,1893.32
quat2,0.53463,-0.61335,0.57346,-0.09550,1893.32
quat3,0.23343,-0.93912,-0.06410,0.24385,1893.32
quat4,-0.80841,0.19642,-0.20548,-0.51544,1893.32
quat5,0.00000,-0.86603,0.00000,0.50000,1893.32
quat6,0.00000,-0.86603,0.00000,0.50000,1893.32
quat7,0.00000,-0.86603,0.00000,0.50000,1893.32
quat8,0.00000,-0.86603,0.00000,0.50000,1893.32
quat0,0.51423,0.10166,-0.85144,-0.01671,1893.34
quat1,-0.17260,0.76710,-0.22462,-0.57559,1893.34
quat2,0.52908,-0.61520,0.57575,-0.10053,1893.34
quat3,0.25111,-0.93235,-0.05056,0.25515,1893.34
quat4,-0.80473,0.19069,-0.20407,-0.52384,1893.34
quat5,0.00000,-0.86603,0.00000,0.50000,1893.34
quat6,0.00000,-0.86603,0.00000,0.50000,1893.34
quat7,0.00000,-0.86603,0.00000,0.50000,1893.34
quat8,0.00000,-0.86603,0.00000,0.50000,1893.34
quat0,0.51251,0.11338,-0.85116,-0.00130,1893.36
quat1,-0.18814,0.76826,-0.23379,-0.56544,1893.36
quat2,0.52295,-0.61665,0.57875,-0.10641,1893.36
quat3,0.26862,-0.92440,-0.03975,0.26785,1893.36
quat4,-0.80101,0.18497,-0.20031,-0.53296,1893.36
quat5,0.00000,-0.86603,0.00000,0.50000,1893.36
quat6,0.00000,-0.86603,0.00000,0.50000,1893.36
quat7,0.00000,-0.86603,0.00000,0.50000,1893.36
quat8,0.00000,-0.86603,0.00000,0.50000,1893.36
quat0,0.51332,0.12151,-0.84947,0.01167,1893.38
quat1,-0.20027,0.76903,-0.24229,-0.55658,1893.38
quat2,0.51464,-0.62101,0.58017,-0.11357,1893.38
quat3,0.28417,-0.91568,-0.03178,0.28243,1893.38
quat4,-0.79536,0.18201,-0.19502,-0.54429,1893.38
quat5,0.00000,-0.86603,0.00000,0.50000,1893.38
quat6,0.00000,-0.86603,0.00000,0.50000,1893.38
quat7,0.00000,-0.86603,0.00000,0.50000,1893.38
quat8,0.00000,-0.86603,0.00000,0.50000,1893.38
quat0,0.51999,0.12619,-0.84457,0.01983,1893.4
quat1,-0.21262,0.76874,-0.25059,-0.54867,1893.4
quat2,0.50475,-0.62776,0.57993,-0.12180,1893.4
quat3,0.29941,-0.90670,-0.02494,0.29602,1893.4
quat4,-0.78861,0.18158,-0.18972,-0.55599,1893.4
quat5,0.00000,-0.86603,0.00000,0.50000,1893.4
quat6,0.00000,-0.86603,0.00000,0.50000,1893.4
quat7,0.00000,-0.86603,0.00000,0.50000,1893.4
quat8,0.00000,-0.86603,0.00000,0.50000,1893.4
quat0,0.50885,0.13738,-0.84932,0.02903,1893.42
quat1,-0.22296,0.77091,-0.25853,-0.53772,1893.42
quat2,0.49225,-0.63821,0.57709,-0.13169,1893.42
quat3,0.31098,-0.89877,-0.01899,0.30844,1893.42
quat4,-0.77963,0.18466,-0.18370,-0.56951,1893.42
quat5,0.00000,-0.86603,0.00000,0.50000,1893.42
quat6,0.00000,-0.86603,0.00000,0.50000,1893.42
quat7,0.00000,-0.86603,0.00000,0.50000,1893.42
quat8,0.00000,-0.86603,0.00000,0.50000,1893.42
quat0,0.51373,0.13989,-0.84584,0.03269,1893.44
quat1,-0.23169,0.77402,-0.26821,-0.52467,1893.44
quat2,0.47886,-0.64949,0.57310,-0.14287,1893.44
quat3,0.32170,-0.89036,-0.01215,0.32190,1893.44
quat4,-0.77037,0.18940,-0.17620,-0.58277,1893.44
quat5,0.00000,-0.86603,0.00000,0.50000,1893.44
quat6,0.00000,-0.86603,0.00000,0.50000,1893.44
quat7,0.00000,-0.86603,0.00000,0.50000,1893.44
quat8,0.00000,-0.86603,0.00000,0.50000,1893.44
quat0,0.51304,0.14982,-0.84372,0.04970,1893.46
quat1,-0.23657,0.77784,-0.27789,-0.51164,1893.46
quat2,0.46395,-0.66415,0.56560,-0.15412,1893.46
quat3,0.33130,-0.88242,-0.00833,0.33393,1893.46
quat4,-0.75922,0.19670,-0.16777,-0.59728,1893.46
quat5,0.00000,-0.86603,0.00000,0.50000,1893.46
quat6,0.00000,-0.86603,0.00000,0.50000,1893.46
quat7,0.00000,-0.86603,0.00000,0.50000,1893.46
quat8,0.00000,-0.86603,0.00000,0.50000,1893.46
quat0,0.51265,0.15697,-0.84236,0.05458,1893.48
quat1,-0.24265,0.78055,-0.28548,-0.50037,1893.48
quat2,0.44980,-0.67952,0.55624,-0.16287,1893.48
quat3,0.33993,-0.87489,-0.00411,0.34496,1893.48
quat4,-0.74856,0.20314,-0.15783,-0.61114,1893.48
quat5,0.00000,-0.86603,0.00000,0.50000,1893.48
quat6,0.00000,-0.86603,0.00000,0.50000,1893.48
quat7,0.00000,-0.86603,0.00000,0.50000,1893.48
quat8,0.00000,-0.86603,0.00000,0.50000,1893.48
quat0,0.51429,0.16485,-0.83831,0.07456,1893.5
quat1,-0.24687,0.78506,-0.29117,-0.48780,1893.5
quat2,0.43388,-0.69384,0.54837,-0.17214,1893.5
quat3,0.34753,-0.86714,-0.00059,0.35677,1893.5
quat4,-0.73737,0.20890,-0.14704,-0.62532,1893.5
quat5,0.00000,-0.86603,0.00000,0.50000,1893.5
quat6,0.00000,-0.86603,0.00000,0.50000,1893.5
quat7,0.00000,-0.86603,0.00000,0.50000,1893.5
quat8,0.00000,-0.86603,0.00000,0.50000,1893.5
quat0,0.51818,0.16674,-0.83526,0.07763,1893.52
quat1,-0.25100,0.79057,-0.29357,-0.47520,1893.52
quat2,0.41716,-0.70585,0.54311,-0.18105,1893.52
quat3,0.35530,-0.86048,0.00065,0.36515,1893.52
quat4,-0.72642,0.21282,-0.13689,-0.63897,1893.52
quat5,0.00000,-0.86603,0.00000,0.50000,1893.52
quat6,0.00000,-0.86603,0.00000,0.50000,1893.52
quat7,0.00000,-0.86603,0.00000,0.50000,1893.52
quat8,0.00000,-0.86603,0.00000,0.50000,1893.52
quat0,0.51238,0.17953,-0.83407,0.09783,1893.54
quat1,-0.25431,0.79541,-0.29141,-0.46662,1893.54
quat2,0.40013,-0.71748,0.53781,-0.18943,1893.54
quat3,0.36157,-0.85446,-0.00108,0.37304,1893.54
quat4,-0.71438,0.21701,-0.12665,-0.65309,1893.54
quat5,0.00000,-0.86603,0.00000,0.50000,1893.54
quat6,0.00000,-0.86603,0.00000,0.50000,1893.54
quat7,0.00000,-0.86603,0.00000,0.50000,1893.54
quat8,0.00000,-0.86603,0.00000,0.50000,1893.54
quat0,0.51537,0.18452,-0.82962,0.10988,1893.56
quat1,-0.25753,0.79780,-0.28798,-0.46289,1893.56
quat2,0.38558,-0.72897,0.53081,-0.19538,1893.56
quat3,0.36824,-0.84855,-0.00539,0.37991,1893.56
quat4,-0.70228,0.22218,-0.11657,-0.66622,1893.56
quat5,0.00000,-0.86603,0.00000,0.50000,1893.56
quat6,0.00000,-0.86603,0.00000,0.50000,1893.56
quat7,0.00000,-0.86603,0.00000,0.50000,1893.56
quat8,0.00000,-0.86603,0.00000,0.50000,1893.56
quat0,0.51425,0.19060,-0.82766,0.11915,1893.58
quat1,-0.26049,0.79924,-0.28298,-0.46183,1893.58
quat2,0.37008,-0.74165,0.52256,-0.19979,1893.58
quat3,0.37202,-0.84250,-0.00875,0.38951,1893.58
quat4,-0.68822,0.23077,-0.10718,-0.67942,1893.58
quat5,0.00000,-0.86603,0.00000,0.50000,1893.58
quat6,0.00000,-0.86603,0.00000,0.50000,1893.58
quat7,0.00000,-0.86603,0.00000,0.50000,1893.58
quat8,0.00000,-0.86603,0.00000,0.50000,1893.58
quat0,0.51048,0.20157,-0.82456,0.13739,1893.6
quat1,-0.26624,0.80093,-0.27724,-0.45909,1893.6
quat2,0.35472,-0.75412,0.51427,-0.20247,1893.6
quat3,0.37445,-0.83711,-0.01002,0.39867,1893.6
quat4,-0.67360,0.24084,-0.10007,-0.69155,1893.6
quat5,0.00000,-0.86603,0.00000,0.50000,1893.6
quat6,0.00000,-0.86603,0.00000,0.50000,1893.6
quat7,0.00000,-0.86603,0.00000,0.50000,1893.6
quat8,0.00000,-0.86603,0.00000,0.50000,1893.6
quat0,0.50471,0.21861,-0.81908,0.16308,1893.62
quat1,-0.27101,0.80410,-0.27063,-0.45469,1893.62
quat2,0.33876,-0.76632,0.50505,-0.20719,1893.62
quat3,0.37399,-0.83357,-0.01178,0.40638,1893.62
quat4,-0.65787,0.25005,-0.09146,-0.70450,1893.62
quat5,0.00000,-0.86603,0.00000,0.50000,1893.62
quat6,0.00000,-0.86603,0.00000,0.50000,1893.62
quat7,0.00000,-0.86603,0.00000,0.50000,1893.62
quat8,0.00000,-0.86603,0.00000,0.50000,1893.62
quat0,0.50269,0.22041,-0.81981,0.16323,1893.64
quat1,-0.27296,0.80934,-0.26459,-0.44771,1893.64
quat2,0.32221,-0.77706,0.49745,-0.21191,1893.64
quat3,0.37199,-0.83039,-0.01328,0.41461,1893.64
quat4,-0.64332,0.25668,-0.07917,-0.71693,1893.64
quat5,0.00000,-0.86603,0.00000,0.50000,1893.64
quat6,0.00000,-0.86603,0.00000,0.50000,1893.64
quat7,0.00000,-0.86603,0.00000,0.50000,1893.64
quat8,0.00000,-0.86603,0.00000,0.50000,1893.64
quat0,0.50248,0.22771,-0.81429,0.18057,1893.66
quat1,-0.27252,0.81604,-0.25834,-0.43941,1893.66
quat2,0.30461,-0.78605,0.49177,-0.21795,1893.66
quat3,0.37015,-0.82509,-0.01880,0.42645,1893.66
quat4,-0.62987,0.26074,-0.06392,-0.72883,1893.66
quat5,0.00000,-0.86603,0.00000,0.50000,1893.66
quat6,0.00000,-0.86603,0.00000,0.50000,1893.66
quat7,0.00000,-0.86603,0.00000,0.50000,1893.66
quat8,0.00000,-0.86603,0.00000,0.50000,1893.66
quat0,0.50329,0.23045,-0.81161,0.18679,1893.68
quat1,-0.27212,0.82265,-0.25098,-0.43151,1893.68
quat2,0.28901,-0.79351,0.48684,-0.22318,1893.68
quat3,0.36900,-0.81806,-0.02651,0.44036,1893.68
quat4,-0.61970,0.26351,-0.04899,-0.73766,1893.68
quat5,0.00000,-0.86603,0.00000,0.50000,1893.68
quat6,0.00000,-0.86603,0.00000,0.50000,1893.68
quat7,0.00000,-0.86603,0.00000,0.50000,1893.68
quat8,0.00000,-0.86603,0.00000,0.50000,1893.68
quat0,0.50562,0.23510,-0.80594,0.19881,1893.7
quat1,-0.27144,0.82904,-0.24339,-0.42400,1893.7
quat2,0.27745,-0.80103,0.48002,-0.22572,1893.7
quat3,0.36584,-0.81254,-0.03240,0.45264,1893.7
quat4,-0.61052,0.27136,-0.03988,-0.74299,1893.7
quat5,0.00000,-0.86603,0.00000,0.50000,1893.7
quat6,0.00000,-0.86603,0.00000,0.50000,1893.7
quat7,0.00000,-0.86603,0.00000,0.50000,1893.7
quat8,0.00000,-0.86603,0.00000,0.50000,1893.7
quat0,0.50714,0.23782,-0.80273,0.20462,1893.72
quat1,-0.27169,0.83417,-0.23693,-0.41738,1893.72
quat2,0.26963,-0.80848,0.47220,-0.22513,1893.72
quat3,0.36212,-0.80907,-0.03276,0.46174,1893.72
quat4,-0.60184,0.28250,-0.03350,-0.74623,1893.72
quat5,0.00000,-0.86603,0.00000,0.50000,1893.72
quat6,0.00000,-0.86603,0.00000,0.50000,1893.72
quat7,0.00000,-0.86603,0.00000,0.50000,1893.72
quat8,0.00000,-0.86603,0.00000,0.50000,1893.72
quat0,0.50396,0.24278,-0.80137,0.21188,1893.74
quat1,-0.27296,0.83864,-0.22984,-0.41153,1893.74
quat2,0.26238,-0.81462,0.46588,-0.22475,1893.74
quat3,0.35637,-0.80769,-0.02780,0.46890,1893.74
quat4,-0.59309,0.28975,-0.02283,-0.75085,1893.74
quat5,0.00000,-0.86603,0.00000,0.50000,1893.74
quat6,0.00000,-0.86603,0.00000,0.50000,1893.74
quat7,0.00000,-0.86603,0.00000,0.50000,1893.74
quat8,0.00000,-0.86603,0.00000,0.50000,1893.74
quat0,0.50635,0.24275,-0.79957,0.21300,1893.76
quat1,-0.27550,0.84212,-0.22348,-0.40618,1893.76
quat2,0.25327,-0.81660,0.46590,-0.22795,1893.76
quat3,0.35072,-0.80712,-0.02160,0.47444,1893.76
quat4,-0.58694,0.29342,-0.00895,-0.75454,1893.76
quat5,0.00000,-0.86603,0.00000,0.50000,1893.76
quat6,0.00000,-0.86603,0.00000,0.50000,1893.76
quat7,0.00000,-0.86603,0.00000,0.50000,1893.76
quat8,0.00000,-0.86603,0.00000,0.50000,1893.76
quat0,0.50793,0.24695,-0.79450,0.22313,1893.78
quat1,-0.27784,0.84493,-0.21748,-0.40200,1893.78
quat2,0.24690,-0.81681,0.46759,-0.23071,1893.78
quat3,0.34587,-0.80530,-0.01794,0.48119,1893.78
quat4,-0.58302,0.30262,-0.00155,-0.75400,1893.78
quat5,0.00000,-0.86603,0.00000,0.50000,1893.78
quat6,0.00000,-0.86603,0.00000,0.50000,1893.78
quat7,0.00000,-0.86603,0.00000,0.50000,1893.78
quat8,0.00000,-0.86603,0.00000,0.50000,1893.78
quat0,0.50474,0.25000,-0.79584,0.22220,1893.8
quat1,-0.28060,0.84630,-0.21280,-0.39969,1893.8
quat2,0.24775,-0.81943,0.46481,-0.22607,1893.8
quat3,0.34166,-0.80286,-0.01412,0.48835,1893.8
quat4,-0.58028,0.31754,-0.00117,-0.74996,1893.8
quat5,0.00000,-0.86603,0.00000,0.50000,1893.8
quat6,0.00000,-0.86603,0.00000,0.50000,1893.8
quat7,0.00000,-0.86603,0.00000,0.50000,1893.8
quat8,0.00000,-0.86603,0.00000,0.50000,1893.8
quat0,0.50648,0.25148,-0.79327,0.22576,1893.82
quat1,-0.28367,0.84840,-0.20969,-0.39470,1893.82
quat2,0.24895,-0.82307,0.46091,-0.21940,1893.82
quat3,0.33730,-0.80082,-0.00997,0.49479,1893.82
quat4,-0.57754,0.32979,0.00068,-0.74678,1893.82
quat5,0.00000,-0.86603,0.00000,0.50000,1893.82
quat6,0.00000,-0.86603,0.00000,0.50000,1893.82
quat7,0.00000,-0.86603,0.00000,0.50000,1893.82
quat8,0.00000,-0.86603,0.00000,0.50000,1893.82
quat0,0.50567,0.25450,-0.79220,0.22789,1893.84
quat1,-0.28810,0.85105,-0.20805,-0.38656,1893.84
quat2,0.24363,-0.82500,0.46176,-0.21634,1893.84
quat3,0.33376,-0.79787,-0.00326,0.50199,1893.84
quat4,-0.57379,0.33810,0.00593,-0.74593,1893.84
quat5,0.00000,-0.86603,0.00000,0.50000,1893.84
quat6,0.00000,-0.86603,0.00000,0.50000,1893.84
quat7,0.00000,-0.86603,0.00000,0.50000,1893.84
quat8,0.00000,-0.86603,0.00000,0.50000,1893.84
quat0,0.50598,0.25187,-0.79277,0.22817,1893.86
quat1,-0.29433,0.85257,-0.20330,-0.38100,1893.86
quat2,0.23428,-0.82450,0.46561,-0.22028,1893.86
quat3,0.33034,-0.79562,0.00466,0.50778,1893.86
quat4,-0.57031,0.34420,0.00920,-0.74578,1893.86
quat5,0.00000,-0.86603,0.00000,0.50000,1893.86
quat6,0.00000,-0.86603,0.00000,0.50000,1893.86
quat7,0.00000,-0.86603,0.00000,0.50000,1893.86
quat8,0.00000,-0.86603,0.00000,0.50000,1893.86
quat0,0.50505,0.24996,-0.79472,0.22553,1893.88
quat1,-0.30146,0.85321,-0.19745,-0.37705,1893.88
quat2,0.22771,-0.82517,0.46737,-0.22092,1893.88
quat3,0.32852,-0.79325,0.01018,0.51257,1893.88
quat4,-0.56784,0.35180,0.01096,-0.74409,1893.88
quat5,0.00000,-0.86603,0.00000,0.50000,1893.88
quat6,0.00000,-0.86603,0.00000,0.50000,1893.88
quat7,0.00000,-0.86603,0.00000,0.50000,1893.88
quat8,0.00000,-0.86603,0.00000,0.50000,1893.88
quat0,0.50561,0.24827,-0.79339,0.23077,1893.9
quat1,-0.30738,0.85392,-0.19357,-0.37264,1893.9
quat2,0.22384,-0.82798,0.46678,-0.21556,1893.9
quat3,0.32774,-0.78922,0.01343,0.51918,1893.9
quat4,-0.56602,0.36009,0.01128,-0.74151,1893.9
quat5,0.00000,-0.86603,0.00000,0.50000,1893.9
quat6,0.00000,-0.86603,0.00000,0.50000,1893.9
quat7,0.00000,-0.86603,0.00000,0.50000,1893.9
quat8,0.00000,-0.86603,0.00000,0.50000,1893.9
quat0,0.50177,0.24934,-0.79570,0.23004,1893.92
quat1,-0.31264,0.85530,-0.19126,-0.36625,1893.92
quat2,0.21985,-0.83078,0.46712,-0.20800,1893.92
quat3,0.32683,-0.78567,0.01658,0.52500,1893.92
quat4,-0.56516,0.36581,0.01413,-0.73931,1893.92
quat5,0.00000,-0.86603,0.00000,0.50000,1893.92
quat6,0.00000,-0.86603,0.00000,0.50000,1893.92
quat7,0.00000,-0.86603,0.00000,0.50000,1893.92
quat8,0.00000,-0.86603,0.00000,0.50000,1893.92
quat0,0.50082,0.25040,-0.79398,0.23677,1893.94
quat1,-0.31764,0.85678,-0.18824,-0.35998,1893.94
quat2,0.21663,-0.83146,0.47055,-0.20083,1893.94
quat3,0.32509,-0.78403,0.02183,0.52834,1893.94
quat4,-0.56629,0.36801,0.01852,-0.73726,1893.94
quat5,0.00000,-0.86603,0.00000,0.50000,1893.94
quat6,0.00000,-0.86603,0.00000,0.50000,1893.94
quat7,0.00000,-0.86603,0.00000,0.50000,1893.94
quat8,0.00000,-0.86603,0.00000,0.50000,1893.94
quat0,0.49854,0.25149,-0.79298,0.24373,1893.96
quat1,-0.32349,0.85710,-0.18289,-0.35677,1893.96
quat2,0.21895,-0.83278,0.47209,-0.18888,1893.96
quat3,0.32239,-0.78288,0.02908,0.53134,1893.96
quat4,-0.56776,0.37462,0.01889,-0.73277,1893.96
quat5,0.00000,-0.86603,0.00000,0.50000,1893.96
quat6,0.00000,-0.86603,0.00000,0.50000,1893.96
quat7,0.00000,-0.86603,0.00000,0.50000,1893.96
quat8,0.00000,-0.86603,0.00000,0.50000,1893.96
quat0,0.49345,0.25357,-0.79618,0.24147,1893.98
quat1,-0.32987,0.85687,-0.17877,-0.35356,1893.98
quat2,0.22615,-0.83580,0.47023,-0.17083,1893.98
quat3,0.32055,-0.78179,0.03670,0.53358,1893.98
quat4,-0.57005,0.38334,0.01643,-0.72651,1893.98
quat5,0.00000,-0.86603,0.00000,0.50000,1893.98
quat6,0.00000,-0.86603,0.00000,0.50000,1893.98
quat7,0.00000,-0.86603,0.00000,0.50000,1893.98
quat8,0.00000,-0.86603,0.00000,0.50000,1893.98
quat0,0.49284,0.25383,-0.79580,0.24369,1894
quat1,-0.33604,0.85660,-0.17678,-0.34938,1894
quat2,0.23248,-0.83791,0.46874,-0.15535,1894
quat3,0.31915,-0.78066,0.04430,0.53550,1894
quat4,-0.57182,0.38961,0.01450,-0.72182,1894
quat5,0.00000,-0.86603,0.00000,0.50000,1894
quat6,0.00000,-0.86603,0.00000,0.50000,1894
quat7,0.00000,-0.86603,0.00000,0.50000,1894
quat8,0.00000,-0.86603,0.00000,0.50000,1894
quat0,0.49380,0.24877,-0.80008,0.23268,1894.02
quat1,-0.34203,0.85619,-0.17629,-0.34479,1894.02
quat2,0.23677,-0.83836,0.46887,-0.14578,1894.02
quat3,0.31914,-0.77899,0.05002,0.53742,1894.02
quat4,-0.57404,0.39222,0.01398,-0.71864,1894.02
quat5,0.00000,-0.86603,0.00000,0.50000,1894.02
quat6,0.00000,-0.86603,0.00000,0.50000,1894.02
quat7,0.00000,-0.86603,0.00000,0.50000,1894.02
quat8,0.00000,-0.86603,0.00000,0.50000,1894.02
quat0,0.49673,0.24525,-0.79987,0.23091,1894.04
quat1,-0.34728,0.85525,-0.17580,-0.34211,1894.04
quat2,0.23804,-0.83709,0.47145,-0.14267,1894.04
quat3,0.31746,-0.77994,0.05619,0.53644,1894.04
quat4,-0.57701,0.39304,0.01239,-0.71583,1894.04
quat5,0.00000,-0.86603,0.00000,0.50000,1894.04
quat6,0.00000,-0.86603,0.00000,0.50000,1894.04
quat7,0.00000,-0.86603,0.00000,0.50000,1894.04
quat8,0.00000,-0.86603,0.00000,0.50000,1894.04
quat0,0.49552,0.24027,-0.80610,0.21665,1894.06
quat1,-0.35255,0.85367,-0.17564,-0.34074,1894.06
quat2,0.24074,-0.83534,0.47429,-0.13893,1894.06
quat3,0.31490,-0.78154,0.06298,0.53485,1894.06
quat4,-0.58227,0.39475,0.00696,-0.71069,1894.06
quat5,0.00000,-0.86603,0.00000,0.50000,1894.06
quat6,0.00000,-0.86603,0.00000,0.50000,1894.06
quat7,0.00000,-0.86603,0.00000,0.50000,1894.06
quat8,0.00000,-0.86603,0.00000,0.50000,1894.06
quat0,0.49737,0.24051,-0.80558,0.21407,1894.08
quat1,-0.35761,0.85149,-0.17575,-0.34086,1894.08
quat2,0.24554,-0.83415,0.47486,-0.13572,1894.08
quat3,0.31317,-0.78368,0.07096,0.53174,1894.08
quat4,-0.58492,0.39564,0.00039,-0.70806,1894.08
quat5,0.00000,-0.86603,0.00000,0.50000,1894.08
quat6,0.00000,-0.86603,0.00000,0.50000,1894.08
quat7,0.00000,-0.86603,0.00000,0.50000,1894.08
quat8,0.00000,-0.86603,0.00000,0.50000,1894.08
quat0,0.50300,0.23006,-0.80850,0.20097,1894.1
quat1,-0.36176,0.84919,-0.17817,-0.34097,1894.1
quat2,0.25090,-0.83235,0.47589,-0.13330,1894.1
quat3,0.31448,-0.78564,0.07773,0.52709,1894.1
quat4,-0.58581,0.39193,-0.00146,-0.70938,1894.1
quat5,0.00000,-0.86603,0.00000,0.50000,1894.1
quat6,0.00000,-0.86603,0.00000,0.50000,1894.1
quat7,0.00000,-0.86603,0.00000,0.50000,1894.1
quat8,0.00000,-0.86603,0.00000,0.50000,1894.1
quat0,0.50352,0.22519,-0.81193,0.19112,1894.12
quat1,-0.36429,0.84691,-0.18233,-0.34175,1894.12
quat2,0.25338,-0.82953,0.47924,-0.13420,1894.12
quat3,0.31813,-0.78738,0.08179,0.52167,1894.12
quat4,-0.58503,0.38610,0.00003,-0.71321,1894.12
quat5,0.00000,-0.86603,0.00000,0.50000,1894.12
quat6,0.00000,-0.86603,0.00000,0.50000,1894.12
quat7,0.00000,-0.86603,0.00000,0.50000,1894.12
quat8,0.00000,-0.86603,0.00000,0.50000,1894.12
quat0,0.50581,0.21844,-0.81561,0.17671,1894.14
quat1,-0.36683,0.84344,-0.18872,-0.34413,1894.14
quat2,0.25498,-0.82663,0.48274,-0.13649,1894.14
quat3,0.32198,-0.78945,0.08523,0.51560,1894.14
quat4,-0.58505,0.38394,-0.00110,-0.71436,1894.14
quat5,0.00000,-0.86603,0.00000,0.50000,1894.14
quat6,0.00000,-0.86603,0.00000,0.50000,1894.14
quat7,0.00000,-0.86603,0.00000,0.50000,1894.14
quat8,0.00000,-0.86603,0.00000,0.50000,1894.14
quat0,0.50700,0.21424,-0.81866,0.16384,1894.16
quat1,-0.36769,0.84026,-0.19551,-0.34719,1894.16
quat2,0.25632,-0.82482,0.48424,-0.13958,1894.16
quat3,0.32449,-0.79146,0.08794,0.51045,1894.16
quat4,-0.58463,0.38607,-0.00601,-0.71353,1894.16
quat5,0.00000,-0.86603,0.00000,0.50000,1894.16
quat6,0.00000,-0.86603,0.00000,0.50000,1894.16
quat7,0.00000,-0.86603,0.00000,0.50000,1894.16
quat8,0.00000,-0.86603,0.00000,0.50000,1894.16
quat0,0.50960,0.20488,-0.82241,0.14826,1894.18
quat1,-0.36822,0.83701,-0.20364,-0.34981,1894.18
quat2,0.25918,-0.82188,0.48683,-0.14263,1894.18
quat3,0.32553,-0.79409,0.09421,0.50456,1894.18
quat4,-0.58481,0.38719,-0.00917,-0.71274,1894.18
quat5,0.00000,-0.86603,0.00000,0.50000,1894.18
quat6,0.00000,-0.86603,0.00000,0.50000,1894.18
quat7,0.00000,-0.86603,0.00000,0.50000,1894.18
quat8,0.00000,-0.86603,0.00000,0.50000,1894.18
quat0,0.51136,0.20109,-0.82342,0.14162,1894.2
quat1,-0.36704,0.83477,-0.21180,-0.35156,1894.2
quat2,0.26333,-0.81901,0.48824,-0.14665,1894.2
quat3,0.32460,-0.79719,0.10171,0.49878,1894.2
quat4,-0.58461,0.38671,-0.01122,-0.71313,1894.2
quat5,0.00000,-0.86603,0.00000,0.50000,1894.2
quat6,0.00000,-0.86603,0.00000,0.50000,1894.2
quat7,0.00000,-0.86603,0.00000,0.50000,1894.2
quat8,0.00000,-0.86603,0.00000,0.50000,1894.2
quat0,0.50802,0.19474,-0.82919,0.12821,1894.22
quat1,-0.36618,0.83264,-0.21870,-0.35328,1894.22
quat2,0.26988,-0.81712,0.48665,-0.15051,1894.22
quat3,0.32340,-0.79987,0.10884,0.49373,1894.22
quat4,-0.58598,0.38571,-0.01294,-0.71252,1894.22
quat5,0.00000,-0.86603,0.00000,0.50000,1894.22
quat6,0.00000,-0.86603,0.00000,0.50000,1894.22
quat7,0.00000,-0.86603,0.00000,0.50000,1894.22
quat8,0.00000,-0.86603,0.00000,0.50000,1894.22
quat0,0.50711,0.19274,-0.83170,0.11820,1894.24
quat1,-0.36511,0.83183,-0.22494,-0.35236,1894.24
quat2,0.27703,-0.81492,0.48605,-0.15138,1894.24
quat3,0.32289,-0.80025,0.11407,0.49226,1894.24
quat4,-0.58810,0.38410,-0.01295,-0.71164,1894.24
quat5,0.00000,-0.86603,0.00000,0.50000,1894.24
quat6,0.00000,-0.86603,0.00000,0.50000,1894.24
quat7,0.00000,-0.86603,0.00000,0.50000,1894.24
quat8,0.00000,-0.86603,0.00000,0.50000,1894.24
quat0,0.50978,0.18730,-0.83268,0.10811,1894.26
quat1,-0.36727,0.82993,-0.22974,-0.35151,1894.26
quat2,0.29695,-0.80831,0.48850,-0.14082,1894.26
quat3,0.32427,-0.80092,0.12388,0.48788,1894.26
quat4,-0.60189,0.38054,-0.01403,-0.70194,1894.26
quat5,0.00000,-0.86603,0.00000,0.50000,1894.26
quat6,0.00000,-0.86603,0.00000,0.50000,1894.26
quat7,0.00000,-0.86603,0.00000,0.50000,1894.26
quat8,0.00000,-0.86603,0.00000,0.50000,1894.26
quat0,0.51056,0.18365,-0.83357,0.10374,1894.28
quat1,-0.37621,0.82123,-0.21951,-0.36859,1894.28
quat2,0.32650,-0.80121,0.48832,-0.11401,1894.28
quat3,0.31582,-0.80597,0.15468,0.47617,1894.28
quat4,-0.61972,0.38241,-0.01816,-0.68512,1894.28
quat5,0.00000,-0.86603,0.00000,0.50000,1894.28
quat6,0.00000,-0.86603,0.00000,0.50000,1894.28
quat7,0.00000,-0.86603,0.00000,0.50000,1894.28
quat8,0.00000,-0.86603,0.00000,0.50000,1894.28
quat0,0.50852,0.17933,-0.83751,0.08845,1894.3
quat1,-0.39926,0.80717,-0.19698,-0.38764,1894.3
quat2,0.35029,-0.79090,0.49380,-0.08906,1894.3
quat3,0.30401,-0.81560,0.19669,0.45132,1894.3
quat4,-0.63530,0.38749,-0.02707,-0.66746,1894.3
quat5,0.00000,-0.86603,0.00000,0.50000,1894.3
quat6,0.00000,-0.86603,0.00000,0.50000,1894.3
quat7,0.00000,-0.86603,0.00000,0.50000,1894.3
quat8,0.00000,-0.86603,0.00000,0.50000,1894.3
quat0,0.50716,0.17362,-0.83908,0.09270,1894.32
quat1,-0.41903,0.78713,-0.17227,-0.41852,1894.32
quat2,0.36624,-0.78153,0.49967,-0.07357,1894.32
quat3,0.29185,-0.82673,0.22559,0.42480,1894.32
quat4,-0.64432,0.39779,-0.04201,-0.65180,1894.32
quat5,0.00000,-0.86603,0.00000,0.50000,1894.32
quat6,0.00000,-0.86603,0.00000,0.50000,1894.32
quat7,0.00000,-0.86603,0.00000,0.50000,1894.32
quat8,0.00000,-0.86603,0.00000,0.50000,1894.32
quat0,0.49585,0.17505,-0.84696,0.07841,1894.34
quat1,-0.42718,0.78121,-0.17217,-0.42142,1894.34
quat2,0.37055,-0.77466,0.50701,-0.07440,1894.34
quat3,0.28950,-0.82954,0.23086,0.41805,1894.34
quat4,-0.64682,0.40937,-0.05438,-0.64115,1894.34
quat5,0.00000,-0.86603,0.00000,0.50000,1894.34
quat6,0.00000,-0.86603,0.00000,0.50000,1894.34
quat7,0.00000,-0.86603,0.00000,0.50000,1894.34
quat8,0.00000,-0.86603,0.00000,0.50000,1894.34
quat0,0.49121,0.17486,-0.84928,0.08284,1894.36
quat1,-0.42555,0.78709,-0.18901,-0.40456,1894.36
quat2,0.35996,-0.77105,0.51702,-0.09274,1894.36
quat3,0.29501,-0.82749,0.21712,0.42555,1894.36
quat4,-0.64518,0.41154,-0.05413,-0.64144,1894.36
quat5,0.00000,-0.86603,0.00000,0.50000,1894.36
quat6,0.00000,-0.86603,0.00000,0.50000,1894.36
quat7,0.00000,-0.86603,0.00000,0.50000,1894.36
quat8,0.00000,-0.86603,0.00000,0.50000,1894.36
quat0,0.49561,0.16958,-0.84826,0.07791,1894.38
quat1,-0.42446,0.79044,-0.20346,-0.39196,1894.38
quat2,0.35122,-0.76805,0.52435,-0.10865,1894.38
quat3,0.29987,-0.82718,0.20764,0.42749,1894.38
quat4,-0.64535,0.41513,-0.05632,-0.63876,1894.38
quat5,0.00000,-0.86603,0.00000,0.50000,1894.38
quat6,0.00000,-0.86603,0.00000,0.50000,1894.38
quat7,0.00000,-0.86603,0.00000,0.50000,1894.38
quat8,0.00000,-0.86603,0.00000,0.50000,1894.38
quat0,0.50363,0.16552,-0.84432,0.07804,1894.4
quat1,-0.42290,0.79133,-0.20224,-0.39248,1894.4
quat2,0.35038,-0.76730,0.52456,-0.11543,1894.4
quat3,0.29380,-0.83536,0.20843,0.41522,1894.4
quat4,-0.64647,0.42207,-0.06304,-0.63242,1894.4
quat5,0.00000,-0.86603,0.00000,0.50000,1894.4
quat6,0.00000,-0.86603,0.00000,0.50000,1894.4
quat7,0.00000,-0.86603,0.00000,0.50000,1894.4
quat8,0.00000,-0.86603,0.00000,0.50000,1894.4
quat0,0.50944,0.15944,-0.84269,0.07022,1894.42
quat1,-0.42076,0.78730,-0.19162,-0.40793,1894.42
quat2,0.35723,-0.76736,0.52069,-0.11150,1894.42
quat3,0.28529,-0.84410,0.21196,0.40148,1894.42
quat4,-0.64951,0.42561,-0.06900,-0.62629,1894.42
quat5,0.00000,-0.86603,0.00000,0.50000,1894.42
quat6,0.00000,-0.86603,0.00000,0.50000,1894.42
quat7,0.00000,-0.86603,0.00000,0.50000,1894.42
quat8,0.00000,-0.86603,0.00000,0.50000,1894.42
quat0,0.50922,0.15536,-0.84370,0.06881,1894.44
quat1,-0.41150,0.78759,-0.18721,-0.41873,1894.44
quat2,0.36415,-0.76814,0.51550,-0.10780,1894.44
quat3,0.28355,-0.84777,0.20647,0.39782,1894.44
quat4,-0.65311,0.42347,-0.07226,-0.62361,1894.44
quat5,0.00000,-0.86603,0.00000,0.50000,1894.44
quat6,0.00000,-0.86603,0.00000,0.50000,1894.44
quat7,0.00000,-0.86603,0.00000,0.50000,1894.44
quat8,0.00000,-0.86603,0.00000,0.50000,1894.44
quat0,0.50792,0.14258,-0.84787,0.05301,1894.46
quat1,-0.40118,0.78928,-0.19090,-0.42384,1894.46
quat2,0.36636,-0.76740,0.51436,-0.11098,1894.46
quat3,0.28512,-0.84914,0.20085,0.39664,1894.46
quat4,-0.65861,0.41938,-0.07689,-0.62003,1894.46
quat5,0.00000,-0.86603,0.00000,0.50000,1894.46
quat6,0.00000,-0.86603,0.00000,0.50000,1894.46
quat7,0.00000,-0.86603,0.00000,0.50000,1894.46
quat8,0.00000,-0.86603,0.00000,0.50000,1894.46
quat0,0.50438,0.13644,-0.85190,0.03542,1894.48
quat1,-0.38935,0.79004,-0.19897,-0.42972,1894.48
quat2,0.36867,-0.76512,0.51478,-0.11691,1894.48
quat3,0.28600,-0.85201,0.19374,0.39339,1894.48
quat4,-0.66583,0.41009,-0.07889,-0.61828,1894.48
quat5,0.00000,-0.86603,0.00000,0.50000,1894.48
quat6,0.00000,-0.86603,0.00000,0.50000,1894.48
quat7,0.00000,-0.86603,0.00000,0.50000,1894.48
quat8,0.00000,-0.86603,0.00000,0.50000,1894.48
quat0,0.50408,0.12236,-0.85486,0.01234,1894.5
quat1,-0.37917,0.78936,-0.20248,-0.43835,1894.5
quat2,0.37503,-0.76184,0.51466,-0.11863,1894.5
quat3,0.28439,-0.85747,0.18780,0.38549,1894.5
quat4,-0.67532,0.40105,-0.08668,-0.61285,1894.5
quat5,0.00000,-0.86603,0.00000,0.50000,1894.5
quat6,0.00000,-0.86603,0.00000,0.50000,1894.5
quat7,0.00000,-0.86603,0.00000,0.50000,1894.5
quat8,0.00000,-0.86603,0.00000,0.50000,1894.5
quat0,0.50057,0.11641,-0.85783,0.00158,1894.52
quat1,-0.36805,0.78625,-0.20451,-0.45224,1894.52
quat2,0.38370,-0.75821,0.51369,-0.11842,1894.52
quat3,0.28244,-0.86355,0.17939,0.37726,1894.52
quat4,-0.68564,0.38817,-0.09199,-0.60890,1894.52
quat5,0.00000,-0.86603,0.00000,0.50000,1894.52
quat6,0.00000,-0.86603,0.00000,0.50000,1894.52
quat7,0.00000,-0.86603,0.00000,0.50000,1894.52
quat8,0.00000,-0.86603,0.00000,0.50000,1894.52
quat0,0.49772,0.10510,-0.86076,-0.01805,1894.54
quat1,-0.35420,0.78225,-0.21039,-0.46729,1894.54
quat2,0.39456,-0.75279,0.51310,-0.11983,1894.54
quat3,0.28258,-0.86755,0.16867,0.37291,1894.54
quat4,-0.69790,0.37283,-0.09623,-0.60388,1894.54
quat5,0.00000,-0.86603,0.00000,0.50000,1894.54
quat6,0.00000,-0.86603,0.00000,0.50000,1894.54
quat7,0.00000,-0.86603,0.00000,0.50000,1894.54
quat8,0.00000,-0.86603,0.00000,0.50000,1894.54
quat0,0.49344,0.10015,-0.86360,-0.02621,1894.56
quat1,-0.33674,0.78094,-0.21882,-0.47839,1894.56
quat2,0.40809,-0.74620,0.51159,-0.12219,1894.56
quat3,0.28343,-0.87115,0.15717,0.36887,1894.56
quat4,-0.71024,0.35567,-0.09999,-0.59921,1894.56
quat5,0.00000,-0.86603,0.00000,0.50000,1894.56
quat6,0.00000,-0.86603,0.00000,0.50000,1894.56
quat7,0.00000,-0.86603,0.00000,0.50000,1894.56
quat8,0.00000,-0.86603,0.00000,0.50000,1894.56
quat0,0.49437,0.08955,-0.86361,-0.04193,1894.58
quat1,-0.31781,0.78165,-0.22715,-0.48623,1894.58
quat2,0.42324,-0.73788,0.51062,-0.12519,1894.58
quat3,0.28378,-0.87501,0.14365,0.36496,1894.58
quat4,-0.72293,0.33635,-0.10140,-0.59494,1894.58
quat5,0.00000,-0.86603,0.00000,0.50000,1894.58
quat6,0.00000,-0.86603,0.00000,0.50000,1894.58
quat7,0.00000,-0.86603,0.00000,0.50000,1894.58
quat8,0.00000,-0.86603,0.00000,0.50000,1894.58
quat0,0.49043,0.08288,-0.86571,-0.05613,1894.6
quat1,-0.29767,0.78083,-0.23298,-0.49740,1894.6
quat2,0.43974,-0.73017,0.50767,-0.12555,1894.6
quat3,0.28306,-0.88073,0.12934,0.35701,1894.6
quat4,-0.73406,0.31928,-0.10827,-0.58949,1894.6
quat5,0.00000,-0.86603,0.00000,0.50000,1894.6
quat6,0.00000,-0.86603,0.00000,0.50000,1894.6
quat7,0.00000,-0.86603,0.00000,0.50000,1894.6
quat8,0.00000,-0.86603,0.00000,0.50000,1894.6
quat0,0.48908,0.07784,-0.86590,-0.07038,1894.62
quat1,-0.27676,0.77772,-0.23484,-0.51323,1894.62
quat2,0.45550,-0.72086,0.50687,-0.12634,1894.62
quat3,0.27897,-0.88948,0.11310,0.34382,1894.62
quat4,-0.74481,0.29932,-0.11459,-0.58527,1894.62
quat5,0.00000,-0.86603,0.00000,0.50000,1894.62
quat6,0.00000,-0.86603,0.00000,0.50000,1894.62
quat7,0.00000,-0.86603,0.00000,0.50000,1894.62
quat8,0.00000,-0.86603,0.00000,0.50000,1894.62
quat0,0.48574,0.07099,-0.86727,-0.08283,1894.64
quat1,-0.25400,0.77132,-0.23531,-0.53403,1894.64
quat2,0.47218,-0.71380,0.50235,-0.12318,1894.64
quat3,0.27145,-0.90007,0.09424,0.32758,1894.64
quat4,-0.75320,0.28219,-0.12598,-0.58067,1894.64
quat5,0.00000,-0.86603,0.00000,0.50000,1894.64
quat6,0.00000,-0.86603,0.00000,0.50000,1894.64
quat7,0.00000,-0.86603,0.00000,0.50000,1894.64
quat8,0.00000,-0.86603,0.00000,0.50000,1894.64
quat0,0.48159,0.06413,-0.86870,-0.09651,1894.66
quat1,-0.22946,0.76198,-0.23585,-0.55778,1894.66
quat2,0.48664,-0.70661,0.49907,-0.12169,1894.66
quat3,0.26389,-0.91062,0.07063,0.31007,1894.66
quat4,-0.76064,0.26582,-0.13701,-0.57619,1894.66
quat5,0.00000,-0.86603,0.00000,0.50000,1894.66
quat6,0.00000,-0.86603,0.00000,0.50000,1894.66
quat7,0.00000,-0.86603,0.00000,0.50000,1894.66
quat8,0.00000,-0.86603,0.00000,0.50000,1894.66
quat0,0.48251,0.05635,-0.86855,-0.09819,1894.68
quat1,-0.20200,0.75397,-0.23803,-0.57798,1894.68
quat2,0.50066,-0.70074,0.49381,-0.12026,1894.68
quat3,0.25600,-0.92071,0.04228,0.29149,1894.68
quat4,-0.76630,0.25569,-0.15125,-0.56968,1894.68
quat5,0.00000,-0.86603,0.00000,0.50000,1894.68
quat6,0.00000,-0.86603,0.00000,0.50000,1894.68
quat7,0.00000,-0.86603,0.00000,0.50000,1894.68
quat8,0.00000,-0.86603,0.00000,0.50000,1894.68
quat0,0.47690,0.05293,-0.86942,-0.11784,1894.7
quat1,-0.17155,0.74419,-0.24286,-0.59813,1894.7
quat2,0.51434,-0.69328,0.49022,-0.12043,1894.7
quat3,0.24285,-0.93245,0.00979,0.26733,1894.7
quat4,-0.77178,0.24862,-0.16513,-0.56150,1894.7
quat5,0.00000,-0.86603,0.00000,0.50000,1894.7
quat6,0.00000,-0.86603,0.00000,0.50000,1894.7
quat7,0.00000,-0.86603,0.00000,0.50000,1894.7
quat8,0.00000,-0.86603,0.00000,0.50000,1894.7
quat0,0.47918,0.05359,-0.86756,-0.12190,1894.72
quat1,-0.13487,0.73003,-0.24780,-0.62246,1894.72
quat2,0.52704,-0.68655,0.48669,-0.11835,1894.72
quat3,0.22246,-0.94470,-0.02484,0.23965,1894.72
quat4,-0.77526,0.24897,-0.18404,-0.55056,1894.72
quat5,0.00000,-0.86603,0.00000,0.50000,1894.72
quat6,0.00000,-0.86603,0.00000,0.50000,1894.72
quat7,0.00000,-0.86603,0.00000,0.50000,1894.72
quat8,0.00000,-0.86603,0.00000,0.50000,1894.72
quat0,0.48106,0.05147,-0.86760,-0.11491,1894.74
quat1,-0.09429,0.71508,-0.24949,-0.64616,1894.74
quat2,0.53963,-0.68082,0.48237,-0.11229,1894.74
quat3,0.20036,-0.95508,-0.06390,0.20880,1894.74
quat4,-0.77865,0.25269,-0.20168,-0.53775,1894.74
quat5,0.00000,-0.86603,0.00000,0.50000,1894.74
quat6,0.00000,-0.86603,0.00000,0.50000,1894.74
quat7,0.00000,-0.86603,0.00000,0.50000,1894.74
quat8,0.00000,-0.86603,0.00000,0.50000,1894.74
quat0,0.48880,0.04160,-0.86271,-0.12278,1894.76
quat1,-0.05019,0.69908,-0.24863,-0.66854,1894.76
quat2,0.55236,-0.67616,0.47717,-0.10010,1894.76
quat3,0.17525,-0.96241,-0.10853,0.17684,1894.76
quat4,-0.78256,0.26171,-0.21718,-0.52149,1894.76
quat5,0.00000,-0.86603,0.00000,0.50000,1894.76
quat6,0.00000,-0.86603,0.00000,0.50000,1894.76
quat7,0.00000,-0.86603,0.00000,0.50000,1894.76
quat8,0.00000,-0.86603,0.00000,0.50000,1894.76
quat0,0.48721,0.04297,-0.86472,-0.11420,1894.78
quat1,-0.00164,0.67645,-0.24759,-0.69362,1894.78
quat2,0.56357,-0.66968,0.47596,-0.08594,1894.78
quat3,0.14739,-0.96627,-0.15423,0.14426,1894.78
quat4,-0.78879,0.27316,-0.22797,-0.50122,1894.78
quat5,0.00000,-0.86603,0.00000,0.50000,1894.78
quat6,0.00000,-0.86603,0.00000,0.50000,1894.78
quat7,0.00000,-0.86603,0.00000,0.50000,1894.78
quat8,0.00000,-0.86603,0.00000,0.50000,1894.78
quat0,0.48821,0.03697,-0.86436,-0.11476,1894.8
quat1,0.04908,0.64611,-0.24545,-0.72104,1894.8
quat2,0.56956,-0.66474,0.47866,-0.06789,1894.8
quat3,0.11650,-0.96667,-0.19986,0.10966,1894.8
quat4,-0.79583,0.28397,-0.22830,-0.48362,1894.8
quat5,0.00000,-0.86603,0.00000,0.50000,1894.8
quat6,0.00000,-0.86603,0.00000,0.50000,1894.8
quat7,0.00000,-0.86603,0.00000,0.50000,1894.8
quat8,0.00000,-0.86603,0.00000,0.50000,1894.8
quat0,0.49115,0.02955,-0.86144,-0.12575,1894.82
quat1,0.09638,0.61772,-0.23650,-0.74377,1894.82
quat2,0.56747,-0.66582,0.48255,-0.04258,1894.82
quat3,0.08338,-0.96428,-0.24033,0.07381,1894.82
quat4,-0.80097,0.29861,-0.21985,-0.47004,1894.82
quat5,0.00000,-0.86603,0.00000,0.50000,1894.82
quat6,0.00000,-0.86603,0.00000,0.50000,1894.82
quat7,0.00000,-0.86603,0.00000,0.50000,1894.82
quat8,0.00000,-0.86603,0.00000,0.50000,1894.82
quat0,0.48260,0.02323,-0.86478,-0.13676,1894.84
quat1,0.13320,0.59595,-0.21934,-0.76091,1894.84
quat2,0.55740,-0.67358,0.48514,-0.01545,1894.84
quat3,0.04852,-0.96160,-0.26660,0.04346,1894.84
quat4,-0.80225,0.31699,-0.20599,-0.46204,1894.84
quat5,0.00000,-0.86603,0.00000,0.50000,1894.84
quat6,0.00000,-0.86603,0.00000,0.50000,1894.84
quat7,0.00000,-0.86603,0.00000,0.50000,1894.84
quat8,0.00000,-0.86603,0.00000,0.50000,1894.84
quat0,0.48647,0.02978,-0.86411,-0.12561,1894.86
quat1,0.15173,0.57595,-0.20295,-0.77722,1894.86
quat2,0.54487,-0.68299,0.48637,0.00948,1894.86
quat3,0.02212,-0.96093,-0.27502,0.02203,1894.86
quat4,-0.79921,0.33831,-0.19906,-0.45517,1894.86
quat5,0.00000,-0.86603,0.00000,0.50000,1894.86
quat6,0.00000,-0.86603,0.00000,0.50000,1894.86
quat7,0.00000,-0.86603,0.00000,0.50000,1894.86
quat8,0.00000,-0.86603,0.00000,0.50000,1894.86
quat0,0.48653,0.02575,-0.86355,-0.13004,1894.88
quat1,0.15408,0.56666,-0.18499,-0.78800,1894.88
quat2,0.53660,-0.68848,0.48703,0.02937,1894.88
quat3,0.00308,-0.96270,-0.26985,0.01926,1894.88
quat4,-0.79607,0.35921,-0.19480,-0.44643,1894.88
quat5,0.00000,-0.86603,0.00000,0.50000,1894.88
quat6,0.00000,-0.86603,0.00000,0.50000,1894.88
quat7,0.00000,-0.86603,0.00000,0.50000,1894.88
quat8,0.00000,-0.86603,0.00000,0.50000,1894.88
quat0,0.48989,0.03010,-0.85985,-0.14060,1894.9
quat1,0.14626,0.57551,-0.16592,-0.78731,1894.9
quat2,0.53535,-0.68867,0.48706,0.04367,1894.9
quat3,-0.00878,-0.96727,-0.25227,0.02579,1894.9
quat4,-0.79462,0.37397,-0.19945,-0.43468,1894.9
quat5,0.00000,-0.86603,0.00000,0.50000,1894.9
quat6,0.00000,-0.86603,0.00000,0.50000,1894.9
quat7,0.00000,-0.86603,0.00000,0.50000,1894.9
quat8,0.00000,-0.86603,0.00000,0.50000,1894.9
quat0,0.49534,0.03704,-0.85818,-0.12963,1894.92
quat1,0.13263,0.59647,-0.14618,-0.77799,1894.92
quat2,0.53860,-0.68305,0.49068,0.05079,1894.92
quat3,-0.01550,-0.97202,-0.23042,0.04300,1894.92
quat4,-0.79630,0.37528,-0.20513,-0.42777,1894.92
quat5,0.00000,-0.86603,0.00000,0.50000,1894.92
quat6,0.00000,-0.86603,0.00000,0.50000,1894.92
quat7,0.00000,-0.86603,0.00000,0.50000,1894.92
quat8,0.00000,-0.86603,0.00000,0.50000,1894.92
quat0,0.49200,0.04318,-0.86129,-0.11941,1894.94
quat1,0.11645,0.62148,-0.12995,-0.76375,1894.94
quat2,0.54356,-0.67693,0.49352,0.05245,1894.94
quat3,-0.01555,-0.97432,-0.21232,0.07334,1894.94
quat4,-0.79530,0.37095,-0.21690,-0.42761,1894.94
quat5,0.00000,-0.86603,0.00000,0.50000,1894.94
quat6,0.00000,-0.86603,0.00000,0.50000,1894.94
quat7,0.00000,-0.86603,0.00000,0.50000,1894.94
quat8,0.00000,-0.86603,0.00000,0.50000,1894.94
quat0,0.48143,0.04259,-0.86325,-0.14560,1894.96
quat1,0.09886,0.64743,-0.12222,-0.74574,1894.96
quat2,0.54624,-0.67024,0.50020,0.04697,1894.96
quat3,-0.00772,-0.97353,-0.19759,0.11465,1894.96
quat4,-0.79426,0.35978,-0.22809,-0.43323,1894.96
quat5,0.00000,-0.86603,0.00000,0.50000,1894.96
quat6,0.00000,-0.86603,0.00000,0.50000,1894.96
quat7,0.00000,-0.86603,0.00000,0.50000,1894.96
quat8,0.00000,-0.86603,0.00000,0.50000,1894.96
quat0,0.48829,0.05725,-0.86264,-0.11894,1894.98
quat1,0.07862,0.67093,-0.12190,-0.72719,1894.98
quat2,0.54927,-0.66262,0.50771,0.03848,1894.98
quat3,0.00753,-0.97077,-0.18429,0.15359,1894.98
quat4,-0.79379,0.34429,-0.23703,-0.44180,1894.98
quat5,0.00000,-0.86603,0.00000,0.50000,1894.98
quat6,0.00000,-0.86603,0.00000,0.50000,1894.98
quat7,0.00000,-0.86603,0.00000,0.50000,1894.98
quat8,0.00000,-0.86603,0.00000,0.50000,1894.98
quat0,0.49466,0.05942,-0.85936,-0.11528,1895
quat1,0.05503,0.69000,-0.12737,-0.71039,1895
quat2,0.55385,-0.65296,0.51587,0.02780,1895
quat3,0.03147,-0.96769,-0.16989,0.18363,1895
quat4,-0.79522,0.32522,-0.24417,-0.44971,1895
quat5,0.00000,-0.86603,0.00000,0.50000,1895
quat6,0.00000,-0.86603,0.00000,0.50000,1895
quat7,0.00000,-0.86603,0.00000,0.50000,1895
quat8,0.00000,-0.86603,0.00000,0.50000,1895
quat0,0.49476,0.05789,-0.85948,-0.11470,1895.02
quat1,0.02952,0.70436,-0.13515,-0.69623,1895.02
quat2,0.55755,-0.64406,0.52351,0.01609,1895.02
quat3,0.05656,-0.96458,-0.15563,0.20536,1895.02
quat4,-0.79742,0.30587,-0.24686,-0.45784,1895.02
quat5,0.00000,-0.86603,0.00000,0.50000,1895.02
quat6,0.00000,-0.86603,0.00000,0.50000,1895.02
quat7,0.00000,-0.86603,0.00000,0.50000,1895.02
quat8,0.00000,-0.86603,0.00000,0.50000,1895.02
quat0,0.49735,0.06286,-0.85862,-0.10707,1895.04
quat1,0.00158,0.71544,-0.14544,-0.68337,1895.04
quat2,0.56156,-0.63426,0.53138,0.00357,1895.04
quat3,0.08257,-0.96238,-0.14014,0.21766,1895.04
quat4,-0.80125,0.28695,-0.24766,-0.46295,1895.04
quat5,0.00000,-0.86603,0.00000,0.50000,1895.04
quat6,0.00000,-0.86603,0.00000,0.50000,1895.04
quat7,0.00000,-0.86603,0.00000,0.50000,1895.04
quat8,0.00000,-0.86603,0.00000,0.50000,1895.04
quat0,0.49452,0.06392,-0.86028,-0.10620,1895.06
quat1,-0.02345,0.72438,-0.15636,-0.67103,1895.06
quat2,0.56444,-0.62581,0.53822,-0.00911,1895.06
quat3,0.10641,-0.96055,-0.12453,0.22476,1895.06
quat4,-0.80459,0.27016,-0.24673,-0.46772,1895.06
quat5,0.00000,-0.86603,0.00000,0.50000,1895.06
quat6,0.00000,-0.86603,0.00000,0.50000,1895.06
quat7,0.00000,-0.86603,0.00000,0.50000,1895.06
quat8,0.00000,-0.86603,0.00000,0.50000,1895.06
quat0,0.50057,0.07142,-0.85735,-0.09636,1895.08
quat1,-0.04829,0.73186,-0.16687,-0.65895,1895.08
quat2,0.56662,-0.61756,0.54510,-0.02067,1895.08
quat3,0.12864,-0.95825,-0.10765,0.23157,1895.08
quat4,-0.80887,0.25352,-0.24387,-0.47116,1895.08
quat5,0.00000,-0.86603,0.00000,0.50000,1895.08
quat6,0.00000,-0.86603,0.00000,0.50000,1895.08
quat7,0.00000,-0.86603,0.00000,0.50000,1895.08
quat8,0.00000,-0.86603,0.00000,0.50000,1895.08
quat0,0.50667,0.08008,-0.85445,-0.08239,1895.1
quat1,-0.07048,0.73791,-0.17641,-0.64761,1895.1
quat2,0.56753,-0.61159,0.55038,-0.03085,1895.1
quat3,0.14882,-0.95506,-0.09220,0.23918,1895.1
quat4,-0.81184,0.23921,-0.24154,-0.47472,1895.1
quat5,0.00000,-0.86603,0.00000,0.50000,1895.1
quat6,0.00000,-0.86603,0.00000,0.50000,1895.1
quat7,0.00000,-0.86603,0.00000,0.50000,1895.1
quat8,0.00000,-0.86603,0.00000,0.50000,1895.1
quat0,0.51094,0.08073,-0.85209,-0.07980,1895.12
quat1,-0.09473,0.74154,-0.18380,-0.63825,1895.12
quat2,0.56745,-0.60587,0.55615,-0.04031,1895.12
quat3,0.16878,-0.95152,-0.07771,0.24514,1895.12
quat4,-0.81499,0.22457,-0.23827,-0.47811,1895.12
quat5,0.00000,-0.86603,0.00000,0.50000,1895.12
quat6,0.00000,-0.86603,0.00000,0.50000,1895.12
quat7,0.00000,-0.86603,0.00000,0.50000,1895.12
quat8,0.00000,-0.86603,0.00000,0.50000,1895.12
quat0,0.50802,0.08951,-0.85417,-0.06551,1895.14
quat1,-0.11577,0.74646,-0.19158,-0.62666,1895.14
quat2,0.56570,-0.60219,0.56117,-0.04938,1895.14
quat3,0.18830,-0.94727,-0.06516,0.25094,1895.14
quat4,-0.81671,0.21222,-0.23428,-0.48276,1895.14
quat5,0.00000,-0.86603,0.00000,0.50000,1895.14
quat6,0.00000,-0.86603,0.00000,0.50000,1895.14
quat7,0.00000,-0.86603,0.00000,0.50000,1895.14
quat8,0.00000,-0.86603,0.00000,0.50000,1895.14
quat0,0.51302,0.09322,-0.85122,-0.05955,1895.16
quat1,-0.13234,0.74938,-0.20415,-0.61582,1895.16
quat2,0.56297,-0.59846,0.56690,-0.05955,1895.16
quat3,0.20742,-0.94248,-0.05149,0.25701,1895.16
quat4,-0.81793,0.20100,-0.23088,-0.48713,1895.16
quat5,0.00000,-0.86603,0.00000,0.50000,1895.16
quat6,0.00000,-0.86603,0.00000,0.50000,1895.16
quat7,0.00000,-0.86603,0.00000,0.50000,1895.16
quat8,0.00000,-0.86603,0.00000,0.50000,1895.16
quat0,0.51850,0.10279,-0.84785,-0.04175,1895.18
quat1,-0.14414,0.74913,-0.21847,-0.60852,1895.18
quat2,0.55682,-0.59718,0.57303,-0.07057,1895.18
quat3,0.22507,-0.93705,-0.04023,0.26393,1895.18
quat4,-0.81689,0.19229,-0.22684,-0.49423,1895.18
quat5,0.00000,-0.86603,0.00000,0.50000,1895.18
quat6,0.00000,-0.86603,0.00000,0.50000,1895.18
quat7,0.00000,-0.86603,0.00000,0.50000,1895.18
quat8,0.00000,-0.86603,0.00000,0.50000,1895.18
quat0,0.52105,0.10863,-0.84588,-0.03459,1895.2
quat1,-0.15783,0.74604,-0.23267,-0.60364,1895.2
quat2,0.54895,-0.59644,0.57987,-0.08159,1895.2
quat3,0.24218,-0.93145,-0.03090,0.26981,1895.2
quat4,-0.81483,0.18365,-0.22167,-0.50317,1895.2
quat5,0.00000,-0.86603,0.00000,0.50000,1895.2
quat6,0.00000,-0.86603,0.00000,0.50000,1895.2
quat7,0.00000,-0.86603,0.00000,0.50000,1895.2
quat8,0.00000,-0.86603,0.00000,0.50000,1895.2
quat0,0.51758,0.11665,-0.84739,-0.02082,1895.22
quat1,-0.16996,0.74362,-0.24461,-0.59860,1895.22
quat2,0.54126,-0.59838,0.58365,-0.09127,1895.22
quat3,0.25723,-0.92577,-0.02496,0.27598,1895.22
quat4,-0.81097,0.17571,-0.21513,-0.51495,1895.22
quat5,0.00000,-0.86603,0.00000,0.50000,1895.22
quat6,0.00000,-0.86603,0.00000,0.50000,1895.22
quat7,0.00000,-0.86603,0.00000,0.50000,1895.22
quat8,0.00000,-0.86603,0.00000,0.50000,1895.22
quat0,0.50904,0.12131,-0.85201,-0.01559,1895.24
quat1,-0.18298,0.74440,-0.25622,-0.58885,1895.24
quat2,0.53447,-0.60103,0.58577,-0.09992,1895.24
quat3,0.27239,-0.91875,-0.01952,0.28518,1895.24
quat4,-0.80632,0.16812,-0.20729,-0.52784,1895.24
quat5,0.00000,-0.86603,0.00000,0.50000,1895.24
quat6,0.00000,-0.86603,0.00000,0.50000,1895.24
quat7,0.00000,-0.86603,0.00000,0.50000,1895.24
quat8,0.00000,-0.86603,0.00000,0.50000,1895.24
quat0,0.51621,0.12685,-0.84701,-0.00369,1895.26
quat1,-0.19345,0.74669,-0.26788,-0.57730,1895.26
quat2,0.52581,-0.60628,0.58667,-0.10850,1895.26
quat3,0.28641,-0.91025,-0.01718,0.29853,1895.26
quat4,-0.79996,0.16328,-0.19886,-0.54209,1895.26
quat5,0.00000,-0.86603,0.00000,0.50000,1895.26
quat6,0.00000,-0.86603,0.00000,0.50000,1895.26
quat7,0.00000,-0.86603,0.00000,0.50000,1895.26
quat8,0.00000,-0.86603,0.00000,0.50000,1895.26
quat0,0.51068,0.13470,-0.84914,0.00429,1895.28
quat1,-0.20446,0.75003,-0.27868,-0.56390,1895.28
quat2,0.51546,-0.61249,0.58776,-0.11704,1895.28
quat3,0.30009,-0.90019,-0.01498,0.31524,1895.28
quat4,-0.79400,0.15883,-0.19019,-0.55513,1895.28
quat5,0.00000,-0.86603,0.00000,0.50000,1895.28
quat6,0.00000,-0.86603,0.00000,0.50000,1895.28
quat7,0.00000,-0.86603,0.00000,0.50000,1895.28
quat8,0.00000,-0.86603,0.00000,0.50000,1895.28
quat0,0.51176,0.14146,-0.84728,0.01441,1895.3
quat1,-0.21609,0.75404,-0.28727,-0.54973,1895.3
quat2,0.50446,-0.62061,0.58698,-0.12580,1895.3
quat3,0.31148,-0.89027,-0.01297,0.33202,1895.3
quat4,-0.78707,0.15777,-0.18354,-0.56740,1895.3
quat5,0.00000,-0.86603,0.00000,0.50000,1895.3
quat6,0.00000,-0.86603,0.00000,0.50000,1895.3
quat7,0.00000,-0.86603,0.00000,0.50000,1895.3
quat8,0.00000,-0.86603,0.00000,0.50000,1895.3
quat0,0.50893,0.14836,-0.84756,0.02496,1895.32
quat1,-0.22768,0.75656,-0.29576,-0.53694,1895.32
quat2,0.49480,-0.62842,0.58507,-0.13400,1895.32
quat3,0.32161,-0.88225,-0.01022,0.34366,1895.32
quat4,-0.78088,0.15802,-0.17812,-0.57751,1895.32
quat5,0.00000,-0.86603,0.00000,0.50000,1895.32
quat6,0.00000,-0.86603,0.00000,0.50000,1895.32
quat7,0.00000,-0.86603,0.00000,0.50000,1895.32
quat8,0.00000,-0.86603,0.00000,0.50000,1895.32
quat0,0.50698,0.15605,-0.84723,0.02860,1895.34
quat1,-0.23620,0.75909,-0.30287,-0.52562,1895.34
quat2,0.48285,-0.63767,0.58286,-0.14319,1895.34
quat3,0.32887,-0.87705,-0.00808,0.35008,1895.34
quat4,-0.77398,0.16010,-0.17163,-0.58810,1895.34
quat5,0.00000,-0.86603,0.00000,0.50000,1895.34
quat6,0.00000,-0.86603,0.00000,0.50000,1895.34
quat7,0.00000,-0.86603,0.00000,0.50000,1895.34
quat8,0.00000,-0.86603,0.00000,0.50000,1895.34
quat0,0.50781,0.16071,-0.84510,0.04581,1895.36
quat1,-0.24309,0.76070,-0.30862,-0.51672,1895.36
quat2,0.46998,-0.64680,0.58112,-0.15189,1895.36
quat3,0.33448,-0.87366,-0.00366,0.35331,1895.36
quat4,-0.76679,0.16227,-0.16334,-0.59918,1895.36
quat5,0.00000,-0.86603,0.00000,0.50000,1895.36
quat6,0.00000,-0.86603,0.00000,0.50000,1895.36
quat7,0.00000,-0.86603,0.00000,0.50000,1895.36
quat8,0.00000,-0.86603,0.00000,0.50000,1895.36
quat0,0.50439,0.16549,-0.84599,0.04998,1895.38
quat1,-0.24852,0.76298,-0.31100,-0.50930,1895.38
quat2,0.45763,-0.65741,0.57699,-0.15961,1895.38
quat3,0.33939,-0.86970,0.00098,0.35839,1895.38
quat4,-0.75753,0.16672,-0.15650,-0.61144,1895.38
quat5,0.00000,-0.86603,0.00000,0.50000,1895.38
quat6,0.00000,-0.86603,0.00000,0.50000,1895.38
quat7,0.00000,-0.86603,0.00000,0.50000,1895.38
quat8,0.00000,-0.86603,0.00000,0.50000,1895.38
quat0,0.50460,0.17050,-0.84375,0.06623,1895.4
quat1,-0.25261,0.76692,-0.31145,-0.50102,1895.4
quat2,0.44373,-0.66863,0.57301,-0.16641,1895.4
quat3,0.34551,-0.86487,0.00570,0.36414,1895.4
quat4,-0.74683,0.17327,-0.14873,-0.62458,1895.4
quat5,0.00000,-0.86603,0.00000,0.50000,1895.4
quat6,0.00000,-0.86603,0.00000,0.50000,1895.4
quat7,0.00000,-0.86603,0.00000,0.50000,1895.4
quat8,0.00000,-0.86603,0.00000,0.50000,1895.4
quat0,0.50174,0.17681,-0.84310,0.07863,1895.42
quat1,-0.25559,0.77204,-0.31015,-0.49238,1895.42
quat2,0.42825,-0.68034,0.56880,-0.17381,1895.42
quat3,0.35110,-0.86005,0.00769,0.37013,1895.42
quat4,-0.73371,0.18226,-0.14129,-0.63913,1895.42
quat5,0.00000,-0.86603,0.00000,0.50000,1895.42
quat6,0.00000,-0.86603,0.00000,0.50000,1895.42
quat7,0.00000,-0.86603,0.00000,0.50000,1895.42
quat8,0.00000,-0.86603,0.00000,0.50000,1895.42
quat0,0.50223,0.17922,-0.84161,0.08567,1895.44
quat1,-0.26018,0.77602,-0.30806,-0.48497,1895.44
quat2,0.41247,-0.69290,0.56300,-0.18109,1895.44
quat3,0.35569,-0.85468,0.00975,0.37804,1895.44
quat4,-0.71929,0.19299,-0.13481,-0.65361,1895.44
quat5,0.00000,-0.86603,0.00000,0.50000,1895.44
quat6,0.00000,-0.86603,0.00000,0.50000,1895.44
quat7,0.00000,-0.86603,0.00000,0.50000,1895.44
quat8,0.00000,-0.86603,0.00000,0.50000,1895.44
quat0,0.50127,0.18921,-0.83816,0.10207,1895.46
quat1,-0.26412,0.77898,-0.30376,-0.48079,1895.46
quat2,0.39714,-0.70844,0.55230,-0.18804,1895.46
quat3,0.35850,-0.84998,0.01214,0.38583,1895.46
quat4,-0.70350,0.20299,-0.12655,-0.66922,1895.46
quat5,0.00000,-0.86603,0.00000,0.50000,1895.46
quat6,0.00000,-0.86603,0.00000,0.50000,1895.46
quat7,0.00000,-0.86603,0.00000,0.50000,1895.46
quat8,0.00000,-0.86603,0.00000,0.50000,1895.46
quat0,0.50775,0.19706,-0.82947,0.12386,1895.48
quat1,-0.26906,0.78167,-0.29872,-0.47682,1895.48
quat2,0.37674,-0.72414,0.54287,-0.19743,1895.48
quat3,0.35948,-0.84692,0.01488,0.39151,1895.48
quat4,-0.68796,0.20958,-0.11397,-0.68542,1895.48
quat5,0.00000,-0.86603,0.00000,0.50000,1895.48
quat6,0.00000,-0.86603,0.00000,0.50000,1895.48
quat7,0.00000,-0.86603,0.00000,0.50000,1895.48
quat8,0.00000,-0.86603,0.00000,0.50000,1895.48
quat0,0.50953,0.20529,-0.82399,0.13884,1895.5
quat1,-0.27220,0.78687,-0.29356,-0.46964,1895.5
quat2,0.35072,-0.73910,0.53559,-0.20945,1895.5
quat3,0.35883,-0.84434,0.01502,0.39763,1895.5
quat4,-0.67206,0.21512,-0.09866,-0.70166,1895.5
quat5,0.00000,-0.86603,0.00000,0.50000,1895.5
quat6,0.00000,-0.86603,0.00000,0.50000,1895.5
quat7,0.00000,-0.86603,0.00000,0.50000,1895.5
quat8,0.00000,-0.86603,0.00000,0.50000,1895.5
quat0,0.50924,0.21964,-0.81479,0.16896,1895.52
quat1,-0.27417,0.79488,-0.28944,-0.45741,1895.52
quat2,0.32662,-0.75257,0.52801,-0.21946,1895.52
quat3,0.35761,-0.84041,0.01482,0.40694,1895.52
quat4,-0.65696,0.22174,-0.08459,-0.71560,1895.52
quat5,0.00000,-0.86603,0.00000,0.50000,1895.52
quat6,0.00000,-0.86603,0.00000,0.50000,1895.52
quat7,0.00000,-0.86603,0.00000,0.50000,1895.52
quat8,0.00000,-0.86603,0.00000,0.50000,1895.52
quat0,0.51803,0.21063,-0.81405,0.15681,1895.54
quat1,-0.27599,0.80380,-0.28423,-0.44379,1895.54
quat2,0.30554,-0.76650,0.51786,-0.22570,1895.54
quat3,0.35526,-0.83502,0.01413,0.41992,1895.54
quat4,-0.64159,0.23230,-0.07394,-0.72728,1895.54
quat5,0.00000,-0.86603,0.00000,0.50000,1895.54
quat6,0.00000,-0.86603,0.00000,0.50000,1895.54
quat7,0.00000,-0.86603,0.00000,0.50000,1895.54
quat8,0.00000,-0.86603,0.00000,0.50000,1895.54
quat0,0.51539,0.21762,-0.81142,0.16913,1895.56
quat1,-0.27950,0.81110,-0.27799,-0.43210,1895.56
quat2,0.28641,-0.77891,0.50825,-0.23011,1895.56
quat3,0.35471,-0.82848,0.01380,0.43314,1895.56
quat4,-0.62822,0.24301,-0.06332,-0.73640,1895.56
quat5,0.00000,-0.86603,0.00000,0.50000,1895.56
quat6,0.00000,-0.86603,0.00000,0.50000,1895.56
quat7,0.00000,-0.86603,0.00000,0.50000,1895.56
quat8,0.00000,-0.86603,0.00000,0.50000,1895.56
quat0,0.52077,0.21715,-0.80662,0.17606,1895.58
quat1,-0.28344,0.81727,-0.27016,-0.42279,1895.58
quat2,0.26686,-0.78672,0.50380,-0.23674,1895.58
quat3,0.35409,-0.82244,0.01428,0.44497,1895.58
quat4,-0.61619,0.24984,-0.04749,-0.74541,1895.58
quat5,0.00000,-0.86603,0.00000,0.50000,1895.58
quat6,0.00000,-0.86603,0.00000,0.50000,1895.58
quat7,0.00000,-0.86603,0.00000,0.50000,1895.58
quat8,0.00000,-0.86603,0.00000,0.50000,1895.58
quat0,0.52191,0.22007,-0.80272,0.18658,1895.6
quat1,-0.28728,0.82253,-0.26171,-0.41523,1895.6
quat2,0.25117,-0.79022,0.50378,-0.24225,1895.6
quat3,0.35340,-0.81639,0.01650,0.45644,1895.6
quat4,-0.60748,0.25300,-0.02859,-0.75242,1895.6
quat5,0.00000,-0.86603,0.00000,0.50000,1895.6
quat6,0.00000,-0.86603,0.00000,0.50000,1895.6
quat7,0.00000,-0.86603,0.00000,0.50000,1895.6
quat8,0.00000,-0.86603,0.00000,0.50000,1895.6
quat0,0.52064,0.22429,-0.80030,0.19529,1895.62
quat1,-0.29046,0.82668,-0.25408,-0.40948,1895.62
quat2,0.24228,-0.79428,0.50161,-0.24248,1895.62
quat3,0.35177,-0.81105,0.01928,0.46700,1895.62
quat4,-0.60117,0.26156,-0.01619,-0.75493,1895.62
quat5,0.00000,-0.86603,0.00000,0.50000,1895.62
quat6,0.00000,-0.86603,0.00000,0.50000,1895.62
quat7,0.00000,-0.86603,0.00000,0.50000,1895.62
quat8,0.00000,-0.86603,0.00000,0.50000,1895.62
quat0,0.51886,0.22737,-0.80020,0.19688,1895.64
quat1,-0.29471,0.83012,-0.24781,-0.40328,1895.64
quat2,0.23646,-0.79925,0.49812,-0.23908,1895.64
quat3,0.34984,-0.80607,0.02227,0.47683,1895.64
quat4,-0.59612,0.27783,-0.01077,-0.75322,1895.64
quat5,0.00000,-0.86603,0.00000,0.50000,1895.64
quat6,0.00000,-0.86603,0.00000,0.50000,1895.64
quat7,0.00000,-0.86603,0.00000,0.50000,1895.64
quat8,0.00000,-0.86603,0.00000,0.50000,1895.64
quat0,0.51850,0.23318,-0.79678,0.20474,1895.66
quat1,-0.29944,0.83426,-0.24298,-0.39410,1895.66
quat2,0.22633,-0.80324,0.49736,-0.23710,1895.66
quat3,0.34754,-0.79965,0.02539,0.48901,1895.66
quat4,-0.59006,0.29594,-0.00366,-0.75115,1895.66
quat5,0.00000,-0.86603,0.00000,0.50000,1895.66
quat6,0.00000,-0.86603,0.00000,0.50000,1895.66
quat7,0.00000,-0.86603,0.00000,0.50000,1895.66
quat8,0.00000,-0.86603,0.00000,0.50000,1895.66
quat0,0.51921,0.23468,-0.79344,0.21400,1895.68
quat1,-0.30500,0.83792,-0.23814,-0.38491,1895.68
quat2,0.21462,-0.80442,0.50002,-0.23840,1895.68
quat3,0.34609,-0.79247,0.02940,0.50135,1895.68
quat4,-0.58445,0.30721,0.00697,-0.75100,1895.68
quat5,0.00000,-0.86603,0.00000,0.50000,1895.68
quat6,0.00000,-0.86603,0.00000,0.50000,1895.68
quat7,0.00000,-0.86603,0.00000,0.50000,1895.68
quat8,0.00000,-0.86603,0.00000,0.50000,1895.68
quat0,0.51771,0.23646,-0.79219,0.22021,1895.7
quat1,-0.31194,0.84041,-0.23005,-0.37878,1895.7
quat2,0.20554,-0.80548,0.50186,-0.23895,1895.7
quat3,0.34449,-0.78609,0.03226,0.51220,1895.7
quat4,-0.57847,0.31396,0.01839,-0.75263,1895.7
quat5,0.00000,-0.86603,0.00000,0.50000,1895.7
quat6,0.00000,-0.86603,0.00000,0.50000,1895.7
quat7,0.00000,-0.86603,0.00000,0.50000,1895.7
quat8,0.00000,-0.86603,0.00000,0.50000,1895.7
quat0,0.51926,0.24053,-0.78741,0.22912,1895.72
quat1,-0.32028,0.84289,-0.22202,-0.37103,1895.72
quat2,0.20080,-0.80952,0.50036,-0.23237,1895.72
quat3,0.34549,-0.77791,0.03193,0.52390,1895.72
quat4,-0.57172,0.32187,0.02918,-0.75411,1895.72
quat5,0.00000,-0.86603,0.00000,0.50000,1895.72
quat6,0.00000,-0.86603,0.00000,0.50000,1895.72
quat7,0.00000,-0.86603,0.00000,0.50000,1895.72
quat8,0.00000,-0.86603,0.00000,0.50000,1895.72
quat0,0.51897,0.24672,-0.78359,0.23618,1895.74
quat1,-0.33050,0.84606,-0.21343,-0.35972,1895.74
quat2,0.19724,-0.81581,0.49744,-0.21933,1895.74
quat3,0.34700,-0.76615,0.02800,0.54020,1895.74
quat4,-0.56548,0.33096,0.04005,-0.75438,1895.74
quat5,0.00000,-0.86603,0.00000,0.50000,1895.74
quat6,0.00000,-0.86603,0.00000,0.50000,1895.74
quat7,0.00000,-0.86603,0.00000,0.50000,1895.74
quat8,0.00000,-0.86603,0.00000,0.50000,1895.74
quat0,0.51489,0.25699,-0.78325,0.23530,1895.76
quat1,-0.34251,0.84887,-0.20590,-0.34601,1895.76
quat2,0.19379,-0.82017,0.49780,-0.20484,1895.76
quat3,0.34672,-0.75445,0.02519,0.55674,1895.76
quat4,-0.56171,0.34183,0.05006,-0.75176,1895.76
quat5,0.00000,-0.86603,0.00000,0.50000,1895.76
quat6,0.00000,-0.86603,0.00000,0.50000,1895.76
quat7,0.00000,-0.86603,0.00000,0.50000,1895.76
quat8,0.00000,-0.86603,0.00000,0.50000,1895.76
quat0,0.51107,0.26993,-0.77996,0.24001,1895.78
quat1,-0.35655,0.84977,-0.19427,-0.33618,1895.78
quat2,0.19813,-0.82175,0.50094,-0.18585,1895.78
quat3,0.34037,-0.74894,0.03261,0.56761,1895.78
quat4,-0.55874,0.35060,0.05893,-0.74928,1895.78
quat5,0.00000,-0.86603,0.00000,0.50000,1895.78
quat6,0.00000,-0.86603,0.00000,0.50000,1895.78
quat7,0.00000,-0.86603,0.00000,0.50000,1895.78
quat8,0.00000,-0.86603,0.00000,0.50000,1895.78
quat0,0.51046,0.27892,-0.77562,0.24505,1895.8
quat1,-0.37242,0.84800,-0.17758,-0.33265,1895.8
quat2,0.21553,-0.82716,0.49518,-0.15542,1895.8
quat3,0.33492,-0.74547,0.04207,0.57474,1895.8
quat4,-0.55485,0.36360,0.06151,-0.74575,1895.8
quat5,0.00000,-0.86603,0.00000,0.50000,1895.8
quat6,0.00000,-0.86603,0.00000,0.50000,1895.8
quat7,0.00000,-0.86603,0.00000,0.50000,1895.8
quat8,0.00000,-0.86603,0.00000,0.50000,1895.8
quat0,0.51635,0.27403,-0.77560,0.23820,1895.82
quat1,-0.38609,0.84603,-0.16713,-0.32748,1895.82
quat2,0.23194,-0.83164,0.48757,-0.12979,1895.82
quat3,0.33666,-0.73774,0.04137,0.58369,1895.82
quat4,-0.55184,0.37305,0.06344,-0.74316,1895.82
quat5,0.00000,-0.86603,0.00000,0.50000,1895.82
quat6,0.00000,-0.86603,0.00000,0.50000,1895.82
quat7,0.00000,-0.86603,0.00000,0.50000,1895.82
quat8,0.00000,-0.86603,0.00000,0.50000,1895.82
quat0,0.51929,0.27215,-0.77399,0.23921,1895.84
quat1,-0.39518,0.84458,-0.16463,-0.32157,1895.84
quat2,0.23877,-0.83086,0.48760,-0.12209,1895.84
quat3,0.34225,-0.72941,0.03737,0.59113,1895.84
quat4,-0.54774,0.37338,0.07041,-0.74539,1895.84
quat5,0.00000,-0.86603,0.00000,0.50000,1895.84
quat6,0.00000,-0.86603,0.00000,0.50000,1895.84
quat7,0.00000,-0.86603,0.00000,0.50000,1895.84
quat8,0.00000,-0.86603,0.00000,0.50000,1895.84
quat0,0.52002,0.26343,-0.77955,0.22912,1895.86
quat1,-0.40025,0.84337,-0.16854,-0.31641,1895.86
quat2,0.24055,-0.82860,0.49002,-0.12425,1895.86
quat3,0.34485,-0.72730,0.03961,0.59207,1895.86
quat4,-0.54686,0.37608,0.07064,-0.74466,1895.86
quat5,0.00000,-0.86603,0.00000,0.50000,1895.86
quat6,0.00000,-0.86603,0.00000,0.50000,1895.86
quat7,0.00000,-0.86603,0.00000,0.50000,1895.86
quat8,0.00000,-0.86603,0.00000,0.50000,1895.86
quat0,0.52936,0.25544,-0.77796,0.22205,1895.88
quat1,-0.40283,0.84198,-0.17575,-0.31291,1895.88
quat2,0.23717,-0.82568,0.49457,-0.13191,1895.88
quat3,0.34530,-0.72912,0.04457,0.58921,1895.88
quat4,-0.54819,0.38277,0.06655,-0.74064,1895.88
quat5,0.00000,-0.86603,0.00000,0.50000,1895.88
quat6,0.00000,-0.86603,0.00000,0.50000,1895.88
quat7,0.00000,-0.86603,0.00000,0.50000,1895.88
quat8,0.00000,-0.86603,0.00000,0.50000,1895.88
quat0,0.53308,0.25029,-0.77847,0.21716,1895.9
quat1,-0.40478,0.84014,-0.18291,-0.31122,1895.9
quat2,0.23269,-0.82209,0.50069,-0.13905,1895.9
quat3,0.34609,-0.73174,0.04946,0.58509,1895.9
quat4,-0.55111,0.38968,0.06235,-0.73521,1895.9
quat5,0.00000,-0.86603,0.00000,0.50000,1895.9
quat6,0.00000,-0.86603,0.00000,0.50000,1895.9
quat7,0.00000,-0.86603,0.00000,0.50000,1895.9
quat8,0.00000,-0.86603,0.00000,0.50000,1895.9
quat0,0.53768,0.24439,-0.77828,0.21322,1895.92
quat1,-0.40607,0.83799,-0.18880,-0.31182,1895.92
quat2,0.23274,-0.82104,0.50207,-0.14020,1895.92
quat3,0.34652,-0.73635,0.05542,0.57848,1895.92
quat4,-0.55494,0.39603,0.05522,-0.72949,1895.92
quat5,0.00000,-0.86603,0.00000,0.50000,1895.92
quat6,0.00000,-0.86603,0.00000,0.50000,1895.92
quat7,0.00000,-0.86603,0.00000,0.50000,1895.92
quat8,0.00000,-0.86603,0.00000,0.50000,1895.92
quat0,0.54430,0.23466,-0.77969,0.20190,1895.94
quat1,-0.40761,0.83568,-0.19489,-0.31227,1895.94
quat2,0.23256,-0.81903,0.50407,-0.14499,1895.94
quat3,0.34743,-0.74305,0.06294,0.56851,1895.94
quat4,-0.55923,0.39535,0.04981,-0.72697,1895.94
quat5,0.00000,-0.86603,0.00000,0.50000,1895.94
quat6,0.00000,-0.86603,0.00000,0.50000,1895.94
quat7,0.00000,-0.86603,0.00000,0.50000,1895.94
quat8,0.00000,-0.86603,0.00000,0.50000,1895.94
quat0,0.54433,0.23231,-0.78110,0.19904,1895.96
quat1,-0.40825,0.83378,-0.20096,-0.31265,1895.96
quat2,0.22958,-0.81613,0.50788,-0.15255,1895.96
quat3,0.34897,-0.74758,0.06952,0.56081,1895.96
quat4,-0.56359,0.39364,0.04332,-0.72494,1895.96
quat5,0.00000,-0.86603,0.00000,0.50000,1895.96
quat6,0.00000,-0.86603,0.00000,0.50000,1895.96
quat7,0.00000,-0.86603,0.00000,0.50000,1895.96
quat8,0.00000,-0.86603,0.00000,0.50000,1895.96
quat0,0.54395,0.22835,-0.78521,0.18819,1895.98
quat1,-0.40986,0.83101,-0.20775,-0.31350,1895.98
quat2,0.22671,-0.81320,0.51167,-0.15969,1895.98
quat3,0.35306,-0.75105,0.07598,0.55273,1895.98
quat4,-0.56645,0.39113,0.03847,-0.72434,1895.98
quat5,0.00000,-0.86603,0.00000,0.50000,1895.98
quat6,0.00000,-0.86603,0.00000,0.50000,1895.98
quat7,0.00000,-0.86603,0.00000,0.50000,1895.98
quat8,0.00000,-0.86603,0.00000,0.50000,1895.98
quat0,0.54740,0.22318,-0.78692,0.17695,1896
quat1,-0.41000,0.82812,-0.21420,-0.31660,1896
quat2,0.22683,-0.81262,0.51157,-0.16275,1896
quat3,0.35641,-0.75392,0.08164,0.54581,1896
quat4,-0.56669,0.38437,0.03833,-0.72777,1896
quat5,0.00000,-0.86603,0.00000,0.50000,1896
quat6,0.00000,-0.86603,0.00000,0.50000,1896
quat7,0.00000,-0.86603,0.00000,0.50000,1896
quat8,0.00000,-0.86603,0.00000,0.50000,1896
quat0,0.54821,0.21735,-0.79146,0.16066,1896.02
quat1,-0.41089,0.82430,-0.21914,-0.32199,1896.02
quat2,0.22923,-0.81304,0.51019,-0.16167,1896.02
quat3,0.35904,-0.75608,0.08760,0.54014,1896.02
quat4,-0.56694,0.37903,0.03792,-0.73040,1896.02
quat5,0.00000,-0.86603,0.00000,0.50000,1896.02
quat6,0.00000,-0.86603,0.00000,0.50000,1896.02
quat7,0.00000,-0.86603,0.00000,0.50000,1896.02
quat8,0.00000,-0.86603,0.00000,0.50000,1896.02
quat0,0.54646,0.21659,-0.79477,0.15103,1896.04
quat1,-0.40972,0.82122,-0.22327,-0.32845,1896.04
quat2,0.23102,-0.81437,0.50766,-0.16034,1896.04
quat3,0.36056,-0.75700,0.09177,0.53715,1896.04
quat4,-0.56568,0.37826,0.03507,-0.73191,1896.04
quat5,0.00000,-0.86603,0.00000,0.50000,1896.04
quat6,0.00000,-0.86603,0.00000,0.50000,1896.04
quat7,0.00000,-0.86603,0.00000,0.50000,1896.04
quat8,0.00000,-0.86603,0.00000,0.50000,1896.04
quat0,0.54624,0.21129,-0.79934,0.13430,1896.06
quat1,-0.40843,0.81850,-0.22779,-0.33369,1896.06
quat2,0.23348,-0.81518,0.50600,-0.15788,1896.06
quat3,0.36358,-0.75619,0.09712,0.53532,1896.06
quat4,-0.56467,0.37938,0.03233,-0.73224,1896.06
quat5,0.00000,-0.86603,0.00000,0.50000,1896.06
quat6,0.00000,-0.86603,0.00000,0.50000,1896.06
quat7,0.00000,-0.86603,0.00000,0.50000,1896.06
quat8,0.00000,-0.86603,0.00000,0.50000,1896.06
quat0,0.54692,0.20731,-0.80165,0.12351,1896.08
quat1,-0.40574,0.81702,-0.23251,-0.33732,1896.08
quat2,0.23699,-0.81623,0.50327,-0.15595,1896.08
quat3,0.36476,-0.75483,0.10518,0.53489,1896.08
quat4,-0.56127,0.38096,0.02918,-0.73416,1896.08
quat5,0.00000,-0.86603,0.00000,0.50000,1896.08
quat6,0.00000,-0.86603,0.00000,0.50000,1896.08
quat7,0.00000,-0.86603,0.00000,0.50000,1896.08
quat8,0.00000,-0.86603,0.00000,0.50000,1896.08
quat0,0.54488,0.19555,-0.80962,0.09690,1896.1
quat1,-0.40487,0.81535,-0.23472,-0.34086,1896.1
quat2,0.24309,-0.81614,0.50039,-0.15627,1896.1
quat3,0.36283,-0.75819,0.11785,0.52878,1896.1
quat4,-0.56000,0.38112,0.02743,-0.73512,1896.1
quat5,0.00000,-0.86603,0.00000,0.50000,1896.1
quat6,0.00000,-0.86603,0.00000,0.50000,1896.1
quat7,0.00000,-0.86603,0.00000,0.50000,1896.1
quat8,0.00000,-0.86603,0.00000,0.50000,1896.1
quat0,0.54312,0.19054,-0.81313,0.08682,1896.12
quat1,-0.40610,0.81341,-0.23440,-0.34426,1896.12
quat2,0.25282,-0.81461,0.49913,-0.15282,1896.12
quat3,0.35655,-0.76200,0.13394,0.52373,1896.12
quat4,-0.56610,0.38348,0.02538,-0.72927,1896.12
quat5,0.00000,-0.86603,0.00000,0.50000,1896.12
quat6,0.00000,-0.86603,0.00000,0.50000,1896.12
quat7,0.00000,-0.86603,0.00000,0.50000,1896.12
quat8,0.00000,-0.86603,0.00000,0.50000,1896.12
quat0,0.53604,0.18964,-0.81906,0.07640,1896.14
quat1,-0.41355,0.80739,-0.22726,-0.35420,1896.14
quat2,0.27221,-0.81089,0.49898,-0.13920,1896.14
quat3,0.34575,-0.77030,0.15852,0.51183,1896.14
quat4,-0.58302,0.39377,0.01186,-0.71055,1896.14
quat5,0.00000,-0.86603,0.00000,0.50000,1896.14
quat6,0.00000,-0.86603,0.00000,0.50000,1896.14
quat7,0.00000,-0.86603,0.00000,0.50000,1896.14
quat8,0.00000,-0.86603,0.00000,0.50000,1896.14
quat0,0.52957,0.19340,-0.82245,0.07566,1896.16
quat1,-0.43047,0.79628,-0.20704,-0.37116,1896.16
quat2,0.29300,-0.80850,0.49696,-0.11624,1896.16
quat3,0.33841,-0.77649,0.19036,0.49629,1896.16
quat4,-0.59412,0.39870,0.00445,-0.69860,1896.16
quat5,0.00000,-0.86603,0.00000,0.50000,1896.16
quat6,0.00000,-0.86603,0.00000,0.50000,1896.16
quat7,0.00000,-0.86603,0.00000,0.50000,1896.16
quat8,0.00000,-0.86603,0.00000,0.50000,1896.16
quat0,0.53054,0.18498,-0.82454,0.06670,1896.18
quat1,-0.44713,0.78067,-0.18917,-0.39351,1896.18
quat2,0.30850,-0.80366,0.49824,-0.10349,1896.18
quat3,0.34357,-0.77841,0.21339,0.48010,1896.18
quat4,-0.60143,0.39734,0.00476,-0.69309,1896.18
quat5,0.00000,-0.86603,0.00000,0.50000,1896.18
quat6,0.00000,-0.86603,0.00000,0.50000,1896.18
quat7,0.00000,-0.86603,0.00000,0.50000,1896.18
quat8,0.00000,-0.86603,0.00000,0.50000,1896.18
quat0,0.53276,0.17685,-0.82474,0.06851,1896.2
quat1,-0.45145,0.77622,-0.18852,-0.39766,1896.2
quat2,0.31899,-0.79979,0.49856,-0.10007,1896.2
quat3,0.35297,-0.77279,0.21901,0.47984,1896.2
quat4,-0.60594,0.39855,0.00769,-0.68843,1896.2
quat5,0.00000,-0.86603,0.00000,0.50000,1896.2
quat6,0.00000,-0.86603,0.00000,0.50000,1896.2
quat7,0.00000,-0.86603,0.00000,0.50000,1896.2
quat8,0.00000,-0.86603,0.00000,0.50000,1896.2
quat0,0.52820,0.16858,-0.83025,0.05721,1896.22
quat1,-0.44963,0.77887,-0.20091,-0.38837,1896.22
quat2,0.32000,-0.79627,0.50215,-0.10677,1896.22
quat3,0.36089,-0.77134,0.21928,0.47615,1896.22
quat4,-0.60803,0.40008,0.01069,-0.68565,1896.22
quat5,0.00000,-0.86603,0.00000,0.50000,1896.22
quat6,0.00000,-0.86603,0.00000,0.50000,1896.22
quat7,0.00000,-0.86603,0.00000,0.50000,1896.22
quat8,0.00000,-0.86603,0.00000,0.50000,1896.22
quat0,0.52331,0.16321,-0.83424,0.05956,1896.24
quat1,-0.44564,0.78245,-0.21384,-0.37875,1896.24
quat2,0.31460,-0.79246,0.50898,-0.11823,1896.24
quat3,0.36077,-0.77507,0.22214,0.46879,1896.24
quat4,-0.60711,0.40353,0.00892,-0.68447,1896.24
quat5,0.00000,-0.86603,0.00000,0.50000,1896.24
quat6,0.00000,-0.86603,0.00000,0.50000,1896.24
quat7,0.00000,-0.86603,0.00000,0.50000,1896.24
quat8,0.00000,-0.86603,0.00000,0.50000,1896.24
quat0,0.52235,0.15523,-0.83672,0.05437,1896.26
quat1,-0.44094,0.78228,-0.22330,-0.37914,1896.26
quat2,0.31640,-0.78785,0.51384,-0.12309,1896.26
quat3,0.36073,-0.78036,0.22372,0.45920,1896.26
quat4,-0.60778,0.40751,0.00187,-0.68157,1896.26
quat5,0.00000,-0.86603,0.00000,0.50000,1896.26
quat6,0.00000,-0.86603,0.00000,0.50000,1896.26
quat7,0.00000,-0.86603,0.00000,0.50000,1896.26
quat8,0.00000,-0.86603,0.00000,0.50000,1896.26
quat0,0.52594,0.14554,-0.83641,0.05117,1896.28
quat1,-0.43182,0.78082,-0.22893,-0.38915,1896.28
quat2,0.31929,-0.78317,0.51790,-0.12838,1896.28
quat3,0.35585,-0.78753,0.22497,0.45006,1896.28
quat4,-0.60913,0.41357,-0.01019,-0.67662,1896.28
quat5,0.00000,-0.86603,0.00000,0.50000,1896.28
quat6,0.00000,-0.86603,0.00000,0.50000,1896.28
quat7,0.00000,-0.86603,0.00000,0.50000,1896.28
quat8,0.00000,-0.86603,0.00000,0.50000,1896.28
quat0,0.52618,0.13721,-0.83825,0.04047,1896.3
quat1,-0.42119,0.77902,-0.23594,-0.40008,1896.3
quat2,0.32351,-0.77745,0.52254,-0.13368,1896.3
quat3,0.34554,-0.79846,0.22822,0.43700,1896.3
quat4,-0.61077,0.41799,-0.02310,-0.67209,1896.3
quat5,0.00000,-0.86603,0.00000,0.50000,1896.3
quat6,0.00000,-0.86603,0.00000,0.50000,1896.3
quat7,0.00000,-0.86603,0.00000,0.50000,1896.3
quat8,0.00000,-0.86603,0.00000,0.50000,1896.3
quat0,0.53347,0.12824,-0.83576,0.02174,1896.32
quat1,-0.40711,0.77971,-0.24119,-0.41006,1896.32
quat2,0.32763,-0.77416,0.52428,-0.13588,1896.32
quat3,0.33455,-0.80883,0.22446,0.42836,1896.32
quat4,-0.61163,0.42151,-0.03799,-0.66842,1896.32
quat5,0.00000,-0.86603,0.00000,0.50000,1896.32
quat6,0.00000,-0.86603,0.00000,0.50000,1896.32
quat7,0.00000,-0.86603,0.00000,0.50000,1896.32
quat8,0.00000,-0.86603,0.00000,0.50000,1896.32
quat0,0.53257,0.11979,-0.83787,0.00148,1896.34
quat1,-0.39396,0.78011,-0.24316,-0.42082,1896.34
quat2,0.33347,-0.77079,0.52564,-0.13554,1896.34
quat3,0.32617,-0.81594,0.21737,0.42497,1896.34
quat4,-0.61474,0.42262,-0.05276,-0.66386,1896.34
quat5,0.00000,-0.86603,0.00000,0.50000,1896.34
quat6,0.00000,-0.86603,0.00000,0.50000,1896.34
quat7,0.00000,-0.86603,0.00000,0.50000,1896.34
quat8,0.00000,-0.86603,0.00000,0.50000,1896.34
quat0,0.52692,0.11288,-0.84231,-0.01152,1896.36
quat1,-0.37964,0.77895,-0.23903,-0.43815,1896.36
quat2,0.34125,-0.76868,0.52382,-0.13524,1896.36
quat3,0.31583,-0.82541,0.20917,0.41857,1896.36
quat4,-0.61873,0.42608,-0.06856,-0.65645,1896.36
quat5,0.00000,-0.86603,0.00000,0.50000,1896.36
quat6,0.00000,-0.86603,0.00000,0.50000,1896.36
quat7,0.00000,-0.86603,0.00000,0.50000,1896.36
quat8,0.00000,-0.86603,0.00000,0.50000,1896.36
quat0,0.52130,0.11106,-0.84589,-0.01941,1896.38
quat1,-0.36479,0.77663,-0.23316,-0.45761,1896.38
quat2,0.35246,-0.76599,0.52120,-0.13187,1896.38
quat3,0.30012,-0.83914,0.20589,0.40421,1896.38
quat4,-0.62439,0.43092,-0.08500,-0.64593,1896.38
quat5,0.00000,-0.86603,0.00000,0.50000,1896.38
quat6,0.00000,-0.86603,0.00000,0.50000,1896.38
quat7,0.00000,-0.86603,0.00000,0.50000,1896.38
quat8,0.00000,-0.86603,0.00000,0.50000,1896.38
quat0,0.52043,0.10654,-0.84660,-0.03284,1896.4
quat1,-0.34821,0.77785,-0.22634,-0.47167,1896.4
quat2,0.36523,-0.76256,0.51820,-0.12876,1896.4
quat3,0.28524,-0.85400,0.19756,0.38767,1896.4
quat4,-0.62886,0.42979,-0.09336,-0.64117,1896.4
quat5,0.00000,-0.86603,0.00000,0.50000,1896.4
quat6,0.00000,-0.86603,0.00000,0.50000,1896.4
quat7,0.00000,-0.86603,0.00000,0.50000,1896.4
quat8,0.00000,-0.86603,0.00000,0.50000,1896.4
quat0,0.52121,0.10216,-0.84602,-0.04647,1896.42
quat1,-0.33489,0.77999,-0.21740,-0.48188,1896.42
quat2,0.38234,-0.75723,0.51525,-0.12223,1896.42
quat3,0.27295,-0.86636,0.18584,0.37467,1896.42
quat4,-0.63273,0.42836,-0.09929,-0.63742,1896.42
quat5,0.00000,-0.86603,0.00000,0.50000,1896.42
quat6,0.00000,-0.86603,0.00000,0.50000,1896.42
quat7,0.00000,-0.86603,0.00000,0.50000,1896.42
quat8,0.00000,-0.86603,0.00000,0.50000,1896.42
quat0,0.52100,0.09628,-0.84620,-0.05685,1896.44
quat1,-0.32186,0.78010,-0.20555,-0.49558,1896.44
quat2,0.40166,-0.74977,0.51209,-0.11950,1896.44
quat3,0.26228,-0.87710,0.16652,0.36630,1896.44
quat4,-0.63434,0.43069,-0.10675,-0.63303,1896.44
quat5,0.00000,-0.86603,0.00000,0.50000,1896.44
quat6,0.00000,-0.86603,0.00000,0.50000,1896.44
quat7,0.00000,-0.86603,0.00000,0.50000,1896.44
quat8,0.00000,-0.86603,0.00000,0.50000,1896.44
quat0,0.52296,0.08822,-0.84496,-0.06908,1896.46
quat1,-0.30865,0.77478,-0.19722,-0.51532,1896.46
quat2,0.42136,-0.73780,0.51298,-0.12231,1896.46
quat3,0.25130,-0.88990,0.14309,0.35279,1896.46
quat4,-0.63719,0.43231,-0.11927,-0.62680,1896.46
quat5,0.00000,-0.86603,0.00000,0.50000,1896.46
quat6,0.00000,-0.86603,0.00000,0.50000,1896.46
quat7,0.00000,-0.86603,0.00000,0.50000,1896.46
quat8,0.00000,-0.86603,0.00000,0.50000,1896.46
quat0,0.52574,0.08484,-0.84312,-0.07450,1896.48
quat1,-0.29367,0.76693,-0.19610,-0.53583,1896.48
quat2,0.43977,-0.72454,0.51523,-0.12721,1896.48
quat3,0.23994,-0.90372,0.11329,0.33599,1896.48
quat4,-0.64198,0.42579,-0.13310,-0.62357,1896.48
quat5,0.00000,-0.86603,0.00000,0.50000,1896.48
quat6,0.00000,-0.86603,0.00000,0.50000,1896.48
quat7,0.00000,-0.86603,0.00000,0.50000,1896.48
quat8,0.00000,-0.86603,0.00000,0.50000,1896.48
quat0,0.52928,0.07445,-0.84131,-0.08068,1896.5
quat1,-0.27563,0.75951,-0.20067,-0.55399,1896.5
quat2,0.45824,-0.71132,0.51643,-0.13171,1896.5
quat3,0.23109,-0.91556,0.08023,0.31925,1896.5
quat4,-0.65151,0.41654,-0.15041,-0.61596,1896.5
quat5,0.00000,-0.86603,0.00000,0.50000,1896.5
quat6,0.00000,-0.86603,0.00000,0.50000,1896.5
quat7,0.00000,-0.86603,0.00000,0.50000,1896.5
quat8,0.00000,-0.86603,0.00000,0.50000,1896.5
quat0,0.52595,0.07139,-0.84379,-0.07936,1896.52
quat1,-0.25283,0.75287,-0.20776,-0.57105,1896.52
quat2,0.47339,-0.69995,0.51699,-0.13675,1896.52
quat3,0.22349,-0.92412,0.04696,0.30635,1896.52
quat4,-0.66333,0.40381,-0.16748,-0.60736,1896.52
quat5,0.00000,-0.86603,0.00000,0.50000,1896.52
quat6,0.00000,-0.86603,0.00000,0.50000,1896.52
quat7,0.00000,-0.86603,0.00000,0.50000,1896.52
quat8,0.00000,-0.86603,0.00000,0.50000,1896.52
quat0,0.52216,0.06377,-0.84538,-0.09285,1896.54
quat1,-0.22495,0.74757,-0.21645,-0.58625,1896.54
quat2,0.48816,-0.69142,0.51449,-0.13762,1896.54
quat3,0.21578,-0.93097,0.01380,0.29418,1896.54
quat4,-0.67817,0.38647,-0.18198,-0.59800,1896.54
quat5,0.00000,-0.86603,0.00000,0.50000,1896.54
quat6,0.00000,-0.86603,0.00000,0.50000,1896.54
quat7,0.00000,-0.86603,0.00000,0.50000,1896.54
quat8,0.00000,-0.86603,0.00000,0.50000,1896.54
quat0,0.51487,0.05600,-0.84876,-0.10669,1896.56
quat1,-0.19338,0.73887,-0.22401,-0.60538,1896.56
quat2,0.50259,-0.68704,0.50705,-0.13520,1896.56
quat3,0.20579,-0.93991,-0.01947,0.27173,1896.56
quat4,-0.69253,0.36843,-0.19491,-0.58879,1896.56
quat5,0.00000,-0.86603,0.00000,0.50000,1896.56
quat6,0.00000,-0.86603,0.00000,0.50000,1896.56
quat7,0.00000,-0.86603,0.00000,0.50000,1896.56
quat8,0.00000,-0.86603,0.00000,0.50000,1896.56
quat0,0.50526,0.04668,-0.85441,-0.11186,1896.58
quat1,-0.16065,0.72659,-0.23157,-0.62660,1896.58
quat2,0.51464,-0.68491,0.49903,-0.13042,1896.58
quat3,0.19167,-0.94964,-0.05164,0.24243,1896.58
quat4,-0.70754,0.35259,-0.20803,-0.57601,1896.58
quat5,0.00000,-0.86603,0.00000,0.50000,1896.58
quat6,0.00000,-0.86603,0.00000,0.50000,1896.58
quat7,0.00000,-0.86603,0.00000,0.50000,1896.58
quat8,0.00000,-0.86603,0.00000,0.50000,1896.58
quat0,0.50052,0.03774,-0.85674,-0.11855,1896.6
quat1,-0.12404,0.70985,-0.24169,-0.64985,1896.6
quat2,0.52713,-0.68282,0.49049,-0.12370,1896.6
quat3,0.17501,-0.95783,-0.08598,0.21105,1896.6
quat4,-0.72029,0.34219,-0.22112,-0.56141,1896.6
quat5,0.00000,-0.86603,0.00000,0.50000,1896.6
quat6,0.00000,-0.86603,0.00000,0.50000,1896.6
quat7,0.00000,-0.86603,0.00000,0.50000,1896.6
quat8,0.00000,-0.86603,0.00000,0.50000,1896.6
quat0,0.49812,0.03514,-0.85799,-0.12041,1896.62
quat1,-0.08443,0.69278,-0.25149,-0.67058,1896.62
quat2,0.53895,-0.67839,0.48574,-0.11566,1896.62
quat3,0.15501,-0.96389,-0.12267,0.17842,1896.62
quat4,-0.73324,0.33383,-0.23015,-0.54585,1896.62
quat5,0.00000,-0.86603,0.00000,0.50000,1896.62
quat6,0.00000,-0.86603,0.00000,0.50000,1896.62
quat7,0.00000,-0.86603,0.00000,0.50000,1896.62
quat8,0.00000,-0.86603,0.00000,0.50000,1896.62
quat0,0.49684,0.02846,-0.85896,-0.12052,1896.64
quat1,-0.04168,0.67550,-0.25972,-0.68884,1896.64
quat2,0.55033,-0.67228,0.48383,-0.10533,1896.64
quat3,0.13414,-0.96693,-0.16141,0.14494,1896.64
quat4,-0.74455,0.33088,-0.23814,-0.52864,1896.64
quat5,0.00000,-0.86603,0.00000,0.50000,1896.64
quat6,0.00000,-0.86603,0.00000,0.50000,1896.64
quat7,0.00000,-0.86603,0.00000,0.50000,1896.64
quat8,0.00000,-0.86603,0.00000,0.50000,1896.64
quat0,0.49921,0.02556,-0.85826,-0.11632,1896.66
quat1,0.00654,0.65179,-0.26483,-0.71063,1896.66
quat2,0.55771,-0.66712,0.48554,-0.09038,1896.66
quat3,0.11018,-0.96760,-0.19947,0.10869,1896.66
quat4,-0.75583,0.33426,-0.23934,-0.50961,1896.66
quat5,0.00000,-0.86603,0.00000,0.50000,1896.66
quat6,0.00000,-0.86603,0.00000,0.50000,1896.66
quat7,0.00000,-0.86603,0.00000,0.50000,1896.66
quat8,0.00000,-0.86603,0.00000,0.50000,1896.66
quat0,0.48786,0.01054,-0.86363,-0.12662,1896.68
quat1,0.05376,0.62497,-0.26186,-0.73345,1896.68
quat2,0.55846,-0.66725,0.48799,-0.06905,1896.68
quat3,0.08485,-0.96645,-0.23286,0.06746,1896.68
quat4,-0.76743,0.34172,-0.22690,-0.49275,1896.68
quat5,0.00000,-0.86603,0.00000,0.50000,1896.68
quat6,0.00000,-0.86603,0.00000,0.50000,1896.68
quat7,0.00000,-0.86603,0.00000,0.50000,1896.68
quat8,0.00000,-0.86603,0.00000,0.50000,1896.68
quat0,0.48922,0.01401,-0.86254,-0.12847,1896.7
quat1,0.09680,0.60131,-0.25236,-0.75191,1896.7
quat2,0.55295,-0.67263,0.48975,-0.04432,1896.7
quat3,0.06166,-0.96333,-0.25970,0.02749,1896.7
quat4,-0.77721,0.34982,-0.20355,-0.48181,1896.7
quat5,0.00000,-0.86603,0.00000,0.50000,1896.7
quat6,0.00000,-0.86603,0.00000,0.50000,1896.7
quat7,0.00000,-0.86603,0.00000,0.50000,1896.7
quat8,0.00000,-0.86603,0.00000,0.50000,1896.7
quat0,0.48445,0.01187,-0.86625,-0.12153,1896.72
quat1,0.12706,0.58696,-0.23678,-0.76372,1896.72
quat2,0.54264,-0.68188,0.49004,-0.02106,1896.72
quat3,0.03885,-0.95955,-0.27881,-0.00428,1896.72
quat4,-0.78263,0.35920,-0.18134,-0.47496,1896.72
quat5,0.00000,-0.86603,0.00000,0.50000,1896.72
quat6,0.00000,-0.86603,0.00000,0.50000,1896.72
quat7,0.00000,-0.86603,0.00000,0.50000,1896.72
quat8,0.00000,-0.86603,0.00000,0.50000,1896.72
quat0,0.48181,0.00924,-0.86802,-0.11966,1896.74
quat1,0.14058,0.57475,-0.22241,-0.77488,1896.74
quat2,0.53364,-0.69211,0.48603,-0.00157,1896.74
quat3,0.01868,-0.95697,-0.28860,-0.02373,1896.74
quat4,-0.78588,0.36895,-0.16464,-0.46815,1896.74
quat5,0.00000,-0.86603,0.00000,0.50000,1896.74
quat6,0.00000,-0.86603,0.00000,0.50000,1896.74
quat7,0.00000,-0.86603,0.00000,0.50000,1896.74
quat8,0.00000,-0.86603,0.00000,0.50000,1896.74
quat0,0.49276,0.00370,-0.85976,-0.13411,1896.76
quat1,0.14353,0.56975,-0.21096,-0.78120,1896.76
quat2,0.52755,-0.69917,0.48241,0.01154,1896.76
quat3,0.00197,-0.95813,-0.28464,-0.03090,1896.76
quat4,-0.78868,0.37819,-0.15394,-0.45963,1896.76
quat5,0.00000,-0.86603,0.00000,0.50000,1896.76
quat6,0.00000,-0.86603,0.00000,0.50000,1896.76
quat7,0.00000,-0.86603,0.00000,0.50000,1896.76
quat8,0.00000,-0.86603,0.00000,0.50000,1896.76
quat0,0.47977,0.02092,-0.86957,-0.11501,1896.78
quat1,0.13639,0.57796,-0.19846,-0.77973,1896.78
quat2,0.52615,-0.69938,0.48347,0.01680,1896.78
quat3,-0.00928,-0.96149,-0.27328,-0.02761,1896.78
quat4,-0.79014,0.38584,-0.15021,-0.45193,1896.78
quat5,0.00000,-0.86603,0.00000,0.50000,1896.78
quat6,0.00000,-0.86603,0.00000,0.50000,1896.78
quat7,0.00000,-0.86603,0.00000,0.50000,1896.78
quat8,0.00000,-0.86603,0.00000,0.50000,1896.78
quat0,0.47732,0.03108,-0.87050,-0.11590,1896.8
quat1,0.12330,0.59891,-0.18479,-0.76939,1896.8
quat2,0.53119,-0.69345,0.48655,0.01531,1896.8
quat3,-0.01619,-0.96560,-0.25914,-0.01396,1896.8
quat4,-0.79154,0.38987,-0.15308,-0.44501,1896.8
quat5,0.00000,-0.86603,0.00000,0.50000,1896.8
quat6,0.00000,-0.86603,0.00000,0.50000,1896.8
quat7,0.00000,-0.86603,0.00000,0.50000,1896.8
quat8,0.00000,-0.86603,0.00000,0.50000,1896.8
quat0,0.47773,0.02805,-0.86640,-0.14260,1896.82
quat1,0.10838,0.62393,-0.17256,-0.75444,1896.82
quat2,0.54091,-0.68583,0.48676,0.01109,1896.82
quat3,-0.01970,-0.96931,-0.24488,0.00875,1896.82
quat4,-0.79229,0.39034,-0.15842,-0.44137,1896.82
quat5,0.00000,-0.86603,0.00000,0.50000,1896.82
quat6,0.00000,-0.86603,0.00000,0.50000,1896.82
quat7,0.00000,-0.86603,0.00000,0.50000,1896.82
quat8,0.00000,-0.86603,0.00000,0.50000,1896.82
quat0,0.46513,0.03959,-0.87374,-0.13659,1896.84
quat1,0.09074,0.65172,-0.16068,-0.73567,1896.84
quat2,0.55068,-0.67708,0.48816,0.00386,1896.84
quat3,-0.01805,-0.97257,-0.22893,0.03701,1896.84
quat4,-0.79333,0.38667,-0.16432,-0.44058,1896.84
quat5,0.00000,-0.86603,0.00000,0.50000,1896.84
quat6,0.00000,-0.86603,0.00000,0.50000,1896.84
quat7,0.00000,-0.86603,0.00000,0.50000,1896.84
quat8,0.00000,-0.86603,0.00000,0.50000,1896.84
quat0,0.48398,0.05571,-0.86748,-0.10068,1896.86
quat1,0.07249,0.68008,-0.15171,-0.71360,1896.86
quat2,0.55839,-0.66844,0.49128,-0.00550,1896.86
quat3,-0.01081,-0.97450,-0.21372,0.06750,1896.86
quat4,-0.79457,0.37924,-0.16931,-0.44290,1896.86
quat5,0.00000,-0.86603,0.00000,0.50000,1896.86
quat6,0.00000,-0.86603,0.00000,0.50000,1896.86
quat7,0.00000,-0.86603,0.00000,0.50000,1896.86
quat8,0.00000,-0.86603,0.00000,0.50000,1896.86
quat0,0.48471,0.04605,-0.86594,-0.11438,1896.88
quat1,0.05194,0.70520,-0.14785,-0.69147,1896.88
quat2,0.56507,-0.65926,0.49586,-0.01381,1896.88
quat3,0.00263,-0.97532,-0.19872,0.09620,1896.88
quat4,-0.79720,0.36831,-0.17398,-0.44559,1896.88
quat5,0.00000,-0.86603,0.00000,0.50000,1896.88
quat6,0.00000,-0.86603,0.00000,0.50000,1896.88
quat7,0.00000,-0.86603,0.00000,0.50000,1896.88
quat8,0.00000,-0.86603,0.00000,0.50000,1896.88
quat0,0.49069,0.05720,-0.86292,-0.10637,1896.9
quat1,0.02792,0.72625,-0.14534,-0.67131,1896.9
quat2,0.56875,-0.65213,0.50084,-0.02035,1896.9
quat3,0.01864,-0.97519,-0.18391,0.12180,1896.9
quat4,-0.79925,0.35627,-0.17699,-0.45049,1896.9
quat5,0.00000,-0.86603,0.00000,0.50000,1896.9
quat6,0.00000,-0.86603,0.00000,0.50000,1896.9
quat7,0.00000,-0.86603,0.00000,0.50000,1896.9
quat8,0.00000,-0.86603,0.00000,0.50000,1896.9
quat0,0.49069,0.06337,-0.86324,-0.10015,1896.92
quat1,0.00121,0.74437,-0.14349,-0.65217,1896.92
quat2,0.57211,-0.64451,0.50655,-0.02643,1896.92
quat3,0.03791,-0.97459,-0.16807,0.14318,1896.92
quat4,-0.80182,0.34255,-0.17999,-0.45535,1896.92
quat5,0.00000,-0.86603,0.00000,0.50000,1896.92
quat6,0.00000,-0.86603,0.00000,0.50000,1896.92
quat7,0.00000,-0.86603,0.00000,0.50000,1896.92
quat8,0.00000,-0.86603,0.00000,0.50000,1896.92
quat0,0.49324,0.06620,-0.86241,-0.09265,1896.94
quat1,-0.02465,0.76164,-0.14084,-0.63203,1896.94
quat2,0.57354,-0.63842,0.51228,-0.03224,1896.94
quat3,0.05715,-0.97295,-0.15148,0.16478,1896.94
quat4,-0.80346,0.32986,-0.18200,-0.46099,1896.94
quat5,0.00000,-0.86603,0.00000,0.50000,1896.94
quat6,0.00000,-0.86603,0.00000,0.50000,1896.94
quat7,0.00000,-0.86603,0.00000,0.50000,1896.94
quat8,0.00000,-0.86603,0.00000,0.50000,1896.94
quat0,0.49528,0.06764,-0.86132,-0.09080,1896.96
quat1,-0.04981,0.77412,-0.14067,-0.61520,1896.96
quat2,0.57352,-0.63307,0.51855,-0.03746,1896.96
quat3,0.07837,-0.97094,-0.13376,0.18234,1896.96
quat4,-0.80526,0.31789,-0.18235,-0.46609,1896.96
quat5,0.00000,-0.86603,0.00000,0.50000,1896.96
quat6,0.00000,-0.86603,0.00000,0.50000,1896.96
quat7,0.00000,-0.86603,0.00000,0.50000,1896.96
quat8,0.00000,-0.86603,0.00000,0.50000,1896.96
quat0,0.49519,0.07281,-0.86205,-0.07972,1896.98
quat1,-0.07266,0.78334,-0.14266,-0.60062,1896.98
quat2,0.57237,-0.62979,0.52345,-0.04200,1896.98
quat3,0.10033,-0.96907,-0.11685,0.19285,1896.98
quat4,-0.80602,0.30737,-0.18293,-0.47159,1896.98
quat5,0.00000,-0.86603,0.00000,0.50000,1896.98
quat6,0.00000,-0.86603,0.00000,0.50000,1896.98
quat7,0.00000,-0.86603,0.00000,0.50000,1896.98
quat8,0.00000,-0.86603,0.00000,0.50000,1896.98
quat0,0.49757,0.07338,-0.86090,-0.07675,1897
quat1,-0.09508,0.78930,-0.14767,-0.58835,1897
quat2,0.57028,-0.62668,0.52905,-0.04657,1897
quat3,0.12238,-0.96712,-0.10014,0.19917,1897
quat4,-0.80736,0.29606,-0.18277,-0.47658,1897
quat5,0.00000,-0.86603,0.00000,0.50000,1897
quat6,0.00000,-0.86603,0.00000,0.50000,1897
quat7,0.00000,-0.86603,0.00000,0.50000,1897
quat8,0.00000,-0.86603,0.00000,0.50000,1897
quat0,0.49708,0.08410,-0.86116,-0.06511,1897.02
quat1,-0.11399,0.79185,-0.15340,-0.58005,1897.02
quat2,0.56670,-0.62548,0.53384,-0.05135,1897.02
quat3,0.14329,-0.96455,-0.08638,0.20409,1897.02
quat4,-0.80763,0.28482,-0.18063,-0.48372,1897.02
quat5,0.00000,-0.86603,0.00000,0.50000,1897.02
quat6,0.00000,-0.86603,0.00000,0.50000,1897.02
quat7,0.00000,-0.86603,0.00000,0.50000,1897.02
quat8,0.00000,-0.86603,0.00000,0.50000,1897.02
quat0,0.49892,0.09002,-0.86020,-0.05503,1897.04
quat1,-0.13222,0.79292,-0.16020,-0.57282,1897.04
quat2,0.56317,-0.62419,0.53861,-0.05581,1897.04
quat3,0.16413,-0.96129,-0.07204,0.20925,1897.04
quat4,-0.80753,0.27431,-0.17944,-0.49036,1897.04
quat5,0.00000,-0.86603,0.00000,0.50000,1897.04
quat6,0.00000,-0.86603,0.00000,0.50000,1897.04
quat7,0.00000,-0.86603,0.00000,0.50000,1897.04
quat8,0.00000,-0.86603,0.00000,0.50000,1897.04
quat0,0.49651,0.09614,-0.86151,-0.04516,1897.06
quat1,-0.14769,0.79541,-0.16613,-0.56384,1897.06
quat2,0.55967,-0.62433,0.54171,-0.05934,1897.06
quat3,0.18256,-0.95756,-0.05821,0.21532,1897.06
quat4,-0.80536,0.26609,-0.17937,-0.49842,1897.06
quat5,0.00000,-0.86603,0.00000,0.50000,1897.06
quat6,0.00000,-0.86603,0.00000,0.50000,1897.06
quat7,0.00000,-0.86603,0.00000,0.50000,1897.06
quat8,0.00000,-0.86603,0.00000,0.50000,1897.06
quat0,0.49713,0.09490,-0.86099,-0.05052,1897.08
quat1,-0.16232,0.79605,-0.17290,-0.55683,1897.08
quat2,0.55660,-0.62353,0.54537,-0.06316,1897.08
quat3,0.20130,-0.95270,-0.04695,0.22279,1897.08
quat4,-0.80296,0.25777,-0.17926,-0.50664,1897.08
quat5,0.00000,-0.86603,0.00000,0.50000,1897.08
quat6,0.00000,-0.86603,0.00000,0.50000,1897.08
quat7,0.00000,-0.86603,0.00000,0.50000,1897.08
quat8,0.00000,-0.86603,0.00000,0.50000,1897.08
quat0,0.50244,0.11419,-0.85681,-0.02002,1897.1
quat1,-0.17608,0.79572,-0.18031,-0.55074,1897.1
quat2,0.55287,-0.62409,0.54813,-0.06632,1897.1
quat3,0.21749,-0.94777,-0.03820,0.23014,1897.1
quat4,-0.79861,0.25122,-0.17731,-0.51737,1897.1
quat5,0.00000,-0.86603,0.00000,0.50000,1897.1
quat6,0.00000,-0.86603,0.00000,0.50000,1897.1
quat7,0.00000,-0.86603,0.00000,0.50000,1897.1
quat8,0.00000,-0.86603,0.00000,0.50000,1897.1
quat0,0.49991,0.11533,-0.85809,-0.02179,1897.12
quat1,-0.19064,0.79357,-0.18793,-0.54644,1897.12
quat2,0.54834,-0.62371,0.55257,-0.07060,1897.12
quat3,0.23322,-0.94182,-0.03032,0.24012,1897.12
quat4,-0.79376,0.24510,-0.17483,-0.52849,1897.12
quat5,0.00000,-0.86603,0.00000,0.50000,1897.12
quat6,0.00000,-0.86603,0.00000,0.50000,1897.12
quat7,0.00000,-0.86603,0.00000,0.50000,1897.12
quat8,0.00000,-0.86603,0.00000,0.50000,1897.12
quat0,0.50225,0.12725,-0.85528,-0.00636,1897.14
quat1,-0.20355,0.79183,-0.19511,-0.54176,1897.14
quat2,0.54268,-0.62519,0.55582,-0.07549,1897.14
quat3,0.24769,-0.93448,-0.02858,0.25412,1897.14
quat4,-0.78670,0.24021,-0.17061,-0.54248,1897.14
quat5,0.00000,-0.86603,0.00000,0.50000,1897.14
quat6,0.00000,-0.86603,0.00000,0.50000,1897.14
quat7,0.00000,-0.86603,0.00000,0.50000,1897.14
quat8,0.00000,-0.86603,0.00000,0.50000,1897.14
quat0,0.50373,0.13220,-0.85368,-0.00053,1897.16
quat1,-0.21577,0.78947,-0.20267,-0.53768,1897.16
quat2,0.53655,-0.62713,0.55876,-0.08132,1897.16
quat3,0.26302,-0.92600,-0.03029,0.26910,1897.16
quat4,-0.77916,0.23339,-0.16285,-0.55850,1897.16
quat5,0.00000,-0.86603,0.00000,0.50000,1897.16
quat6,0.00000,-0.86603,0.00000,0.50000,1897.16
quat7,0.00000,-0.86603,0.00000,0.50000,1897.16
quat8,0.00000,-0.86603,0.00000,0.50000,1897.16
quat0,0.50785,0.13888,-0.85008,0.01298,1897.18
quat1,-0.22492,0.78924,-0.21005,-0.53141,1897.18
quat2,0.52843,-0.63176,0.56027,-0.08797,1897.18
quat3,0.27826,-0.91792,-0.03353,0.28083,1897.18
quat4,-0.76869,0.22537,-0.15205,-0.57897,1897.18
quat5,0.00000,-0.86603,0.00000,0.50000,1897.18
quat6,0.00000,-0.86603,0.00000,0.50000,1897.18
quat7,0.00000,-0.86603,0.00000,0.50000,1897.18
quat8,0.00000,-0.86603,0.00000,0.50000,1897.18
quat0,0.50579,0.14618,-0.84983,0.02456,1897.2
quat1,-0.23330,0.78866,-0.21784,-0.52549,1897.2
quat2,0.51829,-0.63650,0.56299,-0.09633,1897.2
quat3,0.29506,-0.91040,-0.03695,0.28765,1897.2
quat4,-0.75634,0.21418,-0.13881,-0.60234,1897.2
quat5,0.00000,-0.86603,0.00000,0.50000,1897.2
quat6,0.00000,-0.86603,0.00000,0.50000,1897.2
quat7,0.00000,-0.86603,0.00000,0.50000,1897.2
quat8,0.00000,-0.86603,0.00000,0.50000,1897.2
quat0,0.50823,0.15553,-0.84617,0.03888,1897.22
quat1,-0.23965,0.78923,-0.22484,-0.51878,1897.22
quat2,0.50605,-0.64348,0.56463,-0.10506,1897.22
quat3,0.31360,-0.90170,-0.04185,0.29469,1897.22
quat4,-0.74115,0.20393,-0.12365,-0.62755,1897.22
quat5,0.00000,-0.86603,0.00000,0.50000,1897.22
quat6,0.00000,-0.86603,0.00000,0.50000,1897.22
quat7,0.00000,-0.86603,0.00000,0.50000,1897.22
quat8,0.00000,-0.86603,0.00000,0.50000,1897.22
quat0,0.50795,0.15982,-0.84536,0.04268,1897.24
quat1,-0.24568,0.79184,-0.23182,-0.50882,1897.24
quat2,0.49306,-0.65135,0.56517,-0.11499,1897.24
quat3,0.33359,-0.89111,-0.04817,0.30385,1897.24
quat4,-0.72508,0.19566,-0.10828,-0.65135,1897.24
quat5,0.00000,-0.86603,0.00000,0.50000,1897.24
quat6,0.00000,-0.86603,0.00000,0.50000,1897.24
quat7,0.00000,-0.86603,0.00000,0.50000,1897.24
quat8,0.00000,-0.86603,0.00000,0.50000,1897.24
quat0,0.50973,0.16803,-0.84180,0.05760,1897.26
quat1,-0.25010,0.79430,-0.23872,-0.49955,1897.26
quat2,0.47735,-0.66267,0.56291,-0.12703,1897.26
quat3,0.35010,-0.87960,-0.05566,0.31722,1897.26
quat4,-0.70630,0.19182,-0.09385,-0.67494,1897.26
quat5,0.00000,-0.86603,0.00000,0.50000,1897.26
quat6,0.00000,-0.86603,0.00000,0.50000,1897.26
quat7,0.00000,-0.86603,0.00000,0.50000,1897.26
quat8,0.00000,-0.86603,0.00000,0.50000,1897.26
quat0,0.51315,0.17209,-0.83839,0.06452,1897.28
quat1,-0.25516,0.79638,-0.24450,-0.49080,1897.28
quat2,0.45845,-0.67445,0.56105,-0.14199,1897.28
quat3,0.36608,-0.86737,-0.06276,0.33122,1897.28
quat4,-0.68698,0.19033,-0.08089,-0.69663,1897.28
quat5,0.00000,-0.86603,0.00000,0.50000,1897.28
quat6,0.00000,-0.86603,0.00000,0.50000,1897.28
quat7,0.00000,-0.86603,0.00000,0.50000,1897.28
quat8,0.00000,-0.86603,0.00000,0.50000,1897.28
quat0,0.51432,0.18131,-0.83424,0.08153,1897.3
quat1,-0.25820,0.79965,-0.24971,-0.48118,1897.3
quat2,0.43748,-0.68757,0.55763,-0.15780,1897.3
quat3,0.37901,-0.85584,-0.06865,0.34522,1897.3
quat4,-0.66672,0.19210,-0.06899,-0.71681,1897.3
quat5,0.00000,-0.86603,0.00000,0.50000,1897.3
quat6,0.00000,-0.86603,0.00000,0.50000,1897.3
quat7,0.00000,-0.86603,0.00000,0.50000,1897.3
quat8,0.00000,-0.86603,0.00000,0.50000,1897.3
quat0,0.51451,0.18692,-0.83218,0.08837,1897.32
quat1,-0.26229,0.80307,-0.25386,-0.47100,1897.32
quat2,0.41825,-0.70035,0.55202,-0.17274,1897.32
quat3,0.38987,-0.84723,-0.07177,0.35362,1897.32
quat4,-0.64822,0.19538,-0.05552,-0.73387,1897.32
quat5,0.00000,-0.86603,0.00000,0.50000,1897.32
quat6,0.00000,-0.86603,0.00000,0.50000,1897.32
quat7,0.00000,-0.86603,0.00000,0.50000,1897.32
quat8,0.00000,-0.86603,0.00000,0.50000,1897.32
quat0,0.51830,0.19449,-0.82674,0.10025,1897.34
quat1,-0.26564,0.80684,-0.25513,-0.46190,1897.34
quat2,0.39886,-0.71382,0.54433,-0.18731,1897.34
quat3,0.39591,-0.84153,-0.07126,0.36057,1897.34
quat4,-0.63038,0.20126,-0.04271,-0.74852,1897.34
quat5,0.00000,-0.86603,0.00000,0.50000,1897.34
quat6,0.00000,-0.86603,0.00000,0.50000,1897.34
quat7,0.00000,-0.86603,0.00000,0.50000,1897.34
quat8,0.00000,-0.86603,0.00000,0.50000,1897.34
quat0,0.52008,0.19900,-0.82333,0.10972,1897.36
quat1,-0.26822,0.80919,-0.25768,-0.45484,1897.36
quat2,0.37863,-0.72695,0.53619,-0.20169,1897.36
quat3,0.39836,-0.83715,-0.06660,0.36887,1897.36
quat4,-0.61440,0.20731,-0.02887,-0.76073,1897.36
quat5,0.00000,-0.86603,0.00000,0.50000,1897.36
quat6,0.00000,-0.86603,0.00000,0.50000,1897.36
quat7,0.00000,-0.86603,0.00000,0.50000,1897.36
quat8,0.00000,-0.86603,0.00000,0.50000,1897.36
quat0,0.52274,0.20921,-0.81674,0.12613,1897.38
quat1,-0.27053,0.81219,-0.25782,-0.44798,1897.38
quat2,0.35679,-0.73976,0.52781,-0.21651,1897.38
quat3,0.39805,-0.83287,-0.06195,0.37954,1897.38
quat4,-0.59914,0.21098,-0.01265,-0.77224,1897.38
quat5,0.00000,-0.86603,0.00000,0.50000,1897.38
quat6,0.00000,-0.86603,0.00000,0.50000,1897.38
quat7,0.00000,-0.86603,0.00000,0.50000,1897.38
quat8,0.00000,-0.86603,0.00000,0.50000,1897.38
quat0,0.51931,0.21147,-0.81759,0.13091,1897.4
quat1,-0.27354,0.81494,-0.25659,-0.44184,1897.4
quat2,0.33654,-0.75099,0.52022,-0.22831,1897.4
quat3,0.39712,-0.82742,-0.05938,0.39260,1897.4
quat4,-0.58638,0.21346,0.00498,-0.78139,1897.4
quat5,0.00000,-0.86603,0.00000,0.50000,1897.4
quat6,0.00000,-0.86603,0.00000,0.50000,1897.4
quat7,0.00000,-0.86603,0.00000,0.50000,1897.4
quat8,0.00000,-0.86603,0.00000,0.50000,1897.4
quat0,0.52407,0.22449,-0.80488,0.16468,1897.42
quat1,-0.27522,0.81893,-0.25303,-0.43542,1897.42
quat2,0.31848,-0.76212,0.51188,-0.23608,1897.42
quat3,0.39555,-0.82007,-0.06148,0.40896,1897.42
quat4,-0.57621,0.21917,0.01934,-0.78713,1897.42
quat5,0.00000,-0.86603,0.00000,0.50000,1897.42
quat6,0.00000,-0.86603,0.00000,0.50000,1897.42
quat7,0.00000,-0.86603,0.00000,0.50000,1897.42
quat8,0.00000,-0.86603,0.00000,0.50000,1897.42
quat0,0.52069,0.22500,-0.80738,0.16247,1897.44
quat1,-0.27870,0.82295,-0.24742,-0.42879,1897.44
quat2,0.30171,-0.77255,0.50414,-0.24080,1897.44
quat3,0.39284,-0.81244,-0.06232,0.42631,1897.44
quat4,-0.56899,0.22978,0.02906,-0.78906,1897.44
quat5,0.00000,-0.86603,0.00000,0.50000,1897.44
quat6,0.00000,-0.86603,0.00000,0.50000,1897.44
quat7,0.00000,-0.86603,0.00000,0.50000,1897.44
quat8,0.00000,-0.86603,0.00000,0.50000,1897.44
quat0,0.51790,0.24000,-0.79748,0.19546,1897.46
quat1,-0.28219,0.82748,-0.24079,-0.42151,1897.46
quat2,0.28523,-0.78201,0.49767,-0.24379,1897.46
quat3,0.38802,-0.80643,-0.05907,0.44229,1897.46
quat4,-0.56273,0.24039,0.03767,-0.79002,1897.46
quat5,0.00000,-0.86603,0.00000,0.50000,1897.46
quat6,0.00000,-0.86603,0.00000,0.50000,1897.46
quat7,0.00000,-0.86603,0.00000,0.50000,1897.46
quat8,0.00000,-0.86603,0.00000,0.50000,1897.46
quat0,0.52217,0.23031,-0.80042,0.18339,1897.48
quat1,-0.28653,0.83174,-0.23395,-0.41398,1897.48
quat2,0.27110,-0.78917,0.49365,-0.24500,1897.48
quat3,0.38221,-0.80275,-0.05052,0.45493,1897.48
quat4,-0.55846,0.24884,0.04818,-0.78986,1897.48
quat5,0.00000,-0.86603,0.00000,0.50000,1897.48
quat6,0.00000,-0.86603,0.00000,0.50000,1897.48
quat7,0.00000,-0.86603,0.00000,0.50000,1897.48
quat8,0.00000,-0.86603,0.00000,0.50000,1897.48
quat0,0.52153,0.23331,-0.79766,0.19315,1897.5
quat1,-0.29108,0.83554,-0.22646,-0.40726,1897.5
quat2,0.25987,-0.79623,0.48921,-0.24323,1897.5
quat3,0.37549,-0.80050,-0.04001,0.46542,1897.5
quat4,-0.55518,0.25840,0.05660,-0.78855,1897.5
quat5,0.00000,-0.86603,0.00000,0.50000,1897.5
quat6,0.00000,-0.86603,0.00000,0.50000,1897.5
quat7,0.00000,-0.86603,0.00000,0.50000,1897.5
quat8,0.00000,-0.86603,0.00000,0.50000,1897.5
quat0,0.52318,0.23356,-0.79561,0.19681,1897.52
quat1,-0.29655,0.83790,-0.22002,-0.40195,1897.52
quat2,0.25198,-0.80337,0.48409,-0.23824,1897.52
quat3,0.37007,-0.79784,-0.02934,0.47502,1897.52
quat4,-0.55364,0.27047,0.06046,-0.78529,1897.52
quat5,0.00000,-0.86603,0.00000,0.50000,1897.52
quat6,0.00000,-0.86603,0.00000,0.50000,1897.52
quat7,0.00000,-0.86603,0.00000,0.50000,1897.52
quat8,0.00000,-0.86603,0.00000,0.50000,1897.52
quat0,0.52343,0.23621,-0.79280,0.20419,1897.54
quat1,-0.30255,0.83972,-0.21398,-0.39692,1897.54
quat2,0.24341,-0.80959,0.48044,-0.23345,1897.54
quat3,0.36577,-0.79352,-0.02261,0.48583,1897.54
quat4,-0.55254,0.28383,0.06052,-0.78134,1897.54
quat5,0.00000,-0.86603,0.00000,0.50000,1897.54
quat6,0.00000,-0.86603,0.00000,0.50000,1897.54
quat7,0.00000,-0.86603,0.00000,0.50000,1897.54
quat8,0.00000,-0.86603,0.00000,0.50000,1897.54
quat0,0.52780,0.23833,-0.78848,0.20718,1897.56
quat1,-0.30898,0.84169,-0.20941,-0.39019,1897.56
quat2,0.23292,-0.81395,0.48024,-0.22933,1897.56
quat3,0.36374,-0.78803,-0.01629,0.49642,1897.56
quat4,-0.55152,0.29554,0.06129,-0.77764,1897.56
quat5,0.00000,-0.86603,0.00000,0.50000,1897.56
quat6,0.00000,-0.86603,0.00000,0.50000,1897.56
quat7,0.00000,-0.86603,0.00000,0.50000,1897.56
quat8,0.00000,-0.86603,0.00000,0.50000,1897.56
quat0,0.52543,0.24057,-0.78856,0.21030,1897.58
quat1,-0.31450,0.84358,-0.20703,-0.38289,1897.58
quat2,0.22232,-0.81764,0.48066,-0.22587,1897.58
quat3,0.36329,-0.78261,-0.01042,0.50540,1897.58
quat4,-0.54912,0.30132,0.06505,-0.77682,1897.58
quat5,0.00000,-0.86603,0.00000,0.50000,1897.58
quat6,0.00000,-0.86603,0.00000,0.50000,1897.58
quat7,0.00000,-0.86603,0.00000,0.50000,1897.58
quat8,0.00000,-0.86603,0.00000,0.50000,1897.58
quat0,0.52554,0.24258,-0.78786,0.21033,1897.6
quat1,-0.32009,0.84474,-0.20566,-0.37637,1897.6
quat2,0.21300,-0.82108,0.48090,-0.22181,1897.6
quat3,0.36415,-0.77695,-0.00632,0.51352,1897.6
quat4,-0.54620,0.30283,0.06918,-0.77793,1897.6
quat5,0.00000,-0.86603,0.00000,0.50000,1897.6
quat6,0.00000,-0.86603,0.00000,0.50000,1897.6
quat7,0.00000,-0.86603,0.00000,0.50000,1897.6
quat8,0.00000,-0.86603,0.00000,0.50000,1897.6
quat0,0.52692,0.24498,-0.78582,0.21171,1897.62
quat1,-0.32585,0.84569,-0.20352,-0.37042,1897.62
quat2,0.20504,-0.82451,0.48113,-0.21599,1897.62
quat3,0.36606,-0.77051,-0.00436,0.52182,1897.62
quat4,-0.54322,0.30371,0.07275,-0.77934,1897.62
quat5,0.00000,-0.86603,0.00000,0.50000,1897.62
quat6,0.00000,-0.86603,0.00000,0.50000,1897.62
quat7,0.00000,-0.86603,0.00000,0.50000,1897.62
quat8,0.00000,-0.86603,0.00000,0.50000,1897.62
quat0,0.52547,0.24714,-0.78679,0.20920,1897.64
quat1,-0.33099,0.84672,-0.20222,-0.36418,1897.64
quat2,0.19878,-0.82757,0.48223,-0.20752,1897.64
quat3,0.36835,-0.76384,-0.00438,0.52995,1897.64
quat4,-0.54219,0.30361,0.07598,-0.77980,1897.64
quat5,0.00000,-0.86603,0.00000,0.50000,1897.64
quat6,0.00000,-0.86603,0.00000,0.50000,1897.64
quat7,0.00000,-0.86603,0.00000,0.50000,1897.64
quat8,0.00000,-0.86603,0.00000,0.50000,1897.64
quat0,0.52626,0.24746,-0.78537,0.21216,1897.66
quat1,-0.33542,0.84744,-0.20123,-0.35896,1897.66
quat2,0.19584,-0.83054,0.48308,-0.19617,1897.66
quat3,0.36982,-0.75894,-0.00268,0.53594,1897.66
quat4,-0.54274,0.30372,0.07854,-0.77912,1897.66
quat5,0.00000,-0.86603,0.00000,0.50000,1897.66
quat6,0.00000,-0.86603,0.00000,0.50000,1897.66
quat7,0.00000,-0.86603,0.00000,0.50000,1897.66
quat8,0.00000,-0.86603,0.00000,0.50000,1897.66
quat0,0.52432,0.24904,-0.78515,0.21589,1897.68
quat1,-0.34046,0.84776,-0.19851,-0.35494,1897.68
quat2,0.19744,-0.83402,0.48197,-0.18201,1897.68
quat3,0.37020,-0.75628,0.00169,0.53943,1897.68
quat4,-0.54476,0.30309,0.08066,-0.77774,1897.68
quat5,0.00000,-0.86603,0.00000,0.50000,1897.68
quat6,0.00000,-0.86603,0.00000,0.50000,1897.68
quat7,0.00000,-0.86603,0.00000,0.50000,1897.68
quat8,0.00000,-0.86603,0.00000,0.50000,1897.68
quat0,0.52231,0.25010,-0.78600,0.21645,1897.7
quat1,-0.34564,0.84638,-0.19767,-0.35369,1897.7
quat2,0.19983,-0.83651,0.48127,-0.16942,1897.7
quat3,0.37023,-0.75430,0.00739,0.54214,1897.7
quat4,-0.54842,0.30612,0.08030,-0.77400,1897.7
quat5,0.00000,-0.86603,0.00000,0.50000,1897.7
quat6,0.00000,-0.86603,0.00000,0.50000,1897.7
quat7,0.00000,-0.86603,0.00000,0.50000,1897.7
quat8,0.00000,-0.86603,0.00000,0.50000,1897.7
quat0,0.52109,0.25263,-0.78367,0.22473,1897.72
quat1,-0.35020,0.84581,-0.19745,-0.35069,1897.72
quat2,0.20078,-0.83755,0.48212,-0.16049,1897.72
quat3,0.37117,-0.75118,0.01163,0.54573,1897.72
quat4,-0.55285,0.31190,0.07751,-0.76881,1897.72
quat5,0.00000,-0.86603,0.00000,0.50000,1897.72
quat6,0.00000,-0.86603,0.00000,0.50000,1897.72
quat7,0.00000,-0.86603,0.00000,0.50000,1897.72
quat8,0.00000,-0.86603,0.00000,0.50000,1897.72
quat0,0.51940,0.25275,-0.78483,0.22446,1897.74
quat1,-0.35324,0.84590,-0.19947,-0.34625,1897.74
quat2,0.20244,-0.83830,0.48271,-0.15253,1897.74
quat3,0.37366,-0.74653,0.01395,0.55035,1897.74
quat4,-0.55666,0.31370,0.07799,-0.76527,1897.74
quat5,0.00000,-0.86603,0.00000,0.50000,1897.74
quat6,0.00000,-0.86603,0.00000,0.50000,1897.74
quat7,0.00000,-0.86603,0.00000,0.50000,1897.74
quat8,0.00000,-0.86603,0.00000,0.50000,1897.74
quat0,0.51781,0.25556,-0.78370,0.22886,1897.76
quat1,-0.35557,0.84618,-0.20276,-0.34123,1897.76
quat2,0.20562,-0.83907,0.48238,-0.14489,1897.76
quat3,0.37656,-0.74112,0.01534,0.55561,1897.76
quat4,-0.55977,0.31225,0.08135,-0.76324,1897.76
quat5,0.00000,-0.86603,0.00000,0.50000,1897.76
quat6,0.00000,-0.86603,0.00000,0.50000,1897.76
quat7,0.00000,-0.86603,0.00000,0.50000,1897.76
quat8,0.00000,-0.86603,0.00000,0.50000,1897.76
quat0,0.51799,0.25468,-0.78581,0.22209,1897.78
quat1,-0.35953,0.84570,-0.20275,-0.33827,1897.78
quat2,0.20827,-0.83949,0.48288,-0.13681,1897.78
quat3,0.37873,-0.73723,0.01756,0.55924,1897.78
quat4,-0.56351,0.31007,0.08469,-0.76101,1897.78
quat5,0.00000,-0.86603,0.00000,0.50000,1897.78
quat6,0.00000,-0.86603,0.00000,0.50000,1897.78
quat7,0.00000,-0.86603,0.00000,0.50000,1897.78
quat8,0.00000,-0.86603,0.00000,0.50000,1897.78
quat0,0.52168,0.25492,-0.78360,0.22100,1897.8
quat1,-0.36398,0.84485,-0.20008,-0.33722,1897.8
quat2,0.21251,-0.83990,0.48295,-0.12716,1897.8
quat3,0.37995,-0.73514,0.01932,0.56110,1897.8
quat4,-0.56758,0.31122,0.08287,-0.75771,1897.8
quat5,0.00000,-0.86603,0.00000,0.50000,1897.8
quat6,0.00000,-0.86603,0.00000,0.50000,1897.8
quat7,0.00000,-0.86603,0.00000,0.50000,1897.8
quat8,0.00000,-0.86603,0.00000,0.50000,1897.8
quat0,0.52503,0.25301,-0.78375,0.21463,1897.82
quat1,-0.36958,0.84269,-0.19775,-0.33790,1897.82
quat2,0.22100,-0.84023,0.48150,-0.11544,1897.82
quat3,0.38120,-0.73311,0.02247,0.56279,1897.82
quat4,-0.57238,0.31794,0.07689,-0.75192,1897.82
quat5,0.00000,-0.86603,0.00000,0.50000,1897.82
quat6,0.00000,-0.86603,0.00000,0.50000,1897.82
quat7,0.00000,-0.86603,0.00000,0.50000,1897.82
quat8,0.00000,-0.86603,0.00000,0.50000,1897.82
quat0,0.52560,0.25073,-0.78530,0.21020,1897.84
quat1,-0.37448,0.84075,-0.19627,-0.33822,1897.84
quat2,0.22765,-0.84069,0.47933,-0.10802,1897.84
quat3,0.38184,-0.73210,0.02727,0.56346,1897.84
quat4,-0.57485,0.32173,0.07451,-0.74866,1897.84
quat5,0.00000,-0.86603,0.00000,0.50000,1897.84
quat6,0.00000,-0.86603,0.00000,0.50000,1897.84
quat7,0.00000,-0.86603,0.00000,0.50000,1897.84
quat8,0.00000,-0.86603,0.00000,0.50000,1897.84
quat0,0.53052,0.24764,-0.78490,0.20287,1897.86
quat1,-0.37887,0.83916,-0.19725,-0.33668,1897.86
quat2,0.23038,-0.83957,0.48056,-0.10542,1897.86
quat3,0.38324,-0.73076,0.03220,0.56398,1897.86
quat4,-0.57625,0.32158,0.07622,-0.74747,1897.86
quat5,0.00000,-0.86603,0.00000,0.50000,1897.86
quat6,0.00000,-0.86603,0.00000,0.50000,1897.86
quat7,0.00000,-0.86603,0.00000,0.50000,1897.86
quat8,0.00000,-0.86603,0.00000,0.50000,1897.86
quat0,0.53429,0.24543,-0.78403,0.19902,1897.88
quat1,-0.38285,0.83727,-0.19911,-0.33581,1897.88
quat2,0.23071,-0.83849,0.48191,-0.10707,1897.88
quat3,0.38399,-0.73058,0.03727,0.56340,1897.88
quat4,-0.57641,0.32398,0.07541,-0.74639,1897.88
quat5,0.00000,-0.86603,0.00000,0.50000,1897.88
quat6,0.00000,-0.86603,0.00000,0.50000,1897.88
quat7,0.00000,-0.86603,0.00000,0.50000,1897.88
quat8,0.00000,-0.86603,0.00000,0.50000,1897.88
quat0,0.53625,0.23972,-0.78761,0.18610,1897.9
quat1,-0.38669,0.83462,-0.20362,-0.33530,1897.9
quat2,0.23265,-0.83655,0.48403,-0.10849,1897.9
quat3,0.38479,-0.73201,0.04243,0.56062,1897.9
quat4,-0.57704,0.32490,0.07569,-0.74548,1897.9
quat5,0.00000,-0.86603,0.00000,0.50000,1897.9
quat6,0.00000,-0.86603,0.00000,0.50000,1897.9
quat7,0.00000,-0.86603,0.00000,0.50000,1897.9
quat8,0.00000,-0.86603,0.00000,0.50000,1897.9
quat0,0.54058,0.23645,-0.78716,0.17958,1897.92
quat1,-0.38953,0.83231,-0.20610,-0.33624,1897.92
quat2,0.23579,-0.83567,0.48426,-0.10748,1897.92
quat3,0.38358,-0.73509,0.04729,0.55703,1897.92
quat4,-0.57653,0.32906,0.07308,-0.74430,1897.92
quat5,0.00000,-0.86603,0.00000,0.50000,1897.92
quat6,0.00000,-0.86603,0.00000,0.50000,1897.92
quat7,0.00000,-0.86603,0.00000,0.50000,1897.92
quat8,0.00000,-0.86603,0.00000,0.50000,1897.92
quat0,0.54115,0.23044,-0.79212,0.16310,1897.94
quat1,-0.39274,0.82955,-0.20827,-0.33799,1897.94
quat2,0.24000,-0.83466,0.48419,-0.10628,1897.94
quat3,0.38191,-0.73794,0.05269,0.55391,1897.94
quat4,-0.57652,0.33635,0.06711,-0.74162,1897.94
quat5,0.00000,-0.86603,0.00000,0.50000,1897.94
quat6,0.00000,-0.86603,0.00000,0.50000,1897.94
quat7,0.00000,-0.86603,0.00000,0.50000,1897.94
quat8,0.00000,-0.86603,0.00000,0.50000,1897.94
quat0,0.54079,0.22610,-0.79589,0.15159,1897.96
quat1,-0.39513,0.82788,-0.21075,-0.33774,1897.96
quat2,0.24159,-0.83457,0.48330,-0.10747,1897.96
quat3,0.37782,-0.74130,0.06074,0.55140,1897.96
quat4,-0.57323,0.34496,0.06195,-0.74066,1897.96
quat5,0.00000,-0.86603,0.00000,0.50000,1897.96
quat6,0.00000,-0.86603,0.00000,0.50000,1897.96
quat7,0.00000,-0.86603,0.00000,0.50000,1897.96
quat8,0.00000,-0.86603,0.00000,0.50000,1897.96
quat0,0.54278,0.21423,-0.80166,0.12975,1897.98
quat1,-0.39840,0.82686,-0.21398,-0.33436,1897.98
quat2,0.24113,-0.83407,0.48274,-0.11465,1897.98
quat3,0.37211,-0.74686,0.07488,0.54601,1897.98
quat4,-0.57089,0.35496,0.05352,-0.73839,1897.98
quat5,0.00000,-0.86603,0.00000,0.50000,1897.98
quat6,0.00000,-0.86603,0.00000,0.50000,1897.98
quat7,0.00000,-0.86603,0.00000,0.50000,1897.98
quat8,0.00000,-0.86603,0.00000,0.50000,1897.98
quat0,0.53861,0.20605,-0.80900,0.11382,1898
quat1,-0.40173,0.82634,-0.21603,-0.33031,1898
quat2,0.23748,-0.83312,0.48322,-0.12657,1898
quat3,0.36290,-0.75073,0.09173,0.54434,1898
quat4,-0.56907,0.36844,0.04567,-0.73371,1898
quat5,0.00000,-0.86603,0.00000,0.50000,1898
quat6,0.00000,-0.86603,0.00000,0.50000,1898
quat7,0.00000,-0.86603,0.00000,0.50000,1898
quat8,0.00000,-0.86603,0.00000,0.50000,1898
quat0,0.53883,0.19170,-0.81365,0.10430,1898.02
quat1,-0.41370,0.82349,-0.20824,-0.32764,1898.02
quat2,0.23576,-0.83045,0.48657,-0.13422,1898.02
quat3,0.35109,-0.75626,0.11924,0.53906,1898.02
quat4,-0.57355,0.39138,0.03196,-0.71891,1898.02
quat5,0.00000,-0.86603,0.00000,0.50000,1898.02
quat6,0.00000,-0.86603,0.00000,0.50000,1898.02
quat7,0.00000,-0.86603,0.00000,0.50000,1898.02
quat8,0.00000,-0.86603,0.00000,0.50000,1898.02
quat0,0.52801,0.19695,-0.81903,0.10770,1898.04
quat1,-0.43436,0.81497,-0.19339,-0.33130,1898.04
quat2,0.23783,-0.83110,0.48634,-0.12721,1898.04
quat3,0.33821,-0.76060,0.15396,0.53235,1898.04
quat4,-0.57861,0.41283,0.01702,-0.70320,1898.04
quat5,0.00000,-0.86603,0.00000,0.50000,1898.04
quat6,0.00000,-0.86603,0.00000,0.50000,1898.04
quat7,0.00000,-0.86603,0.00000,0.50000,1898.04
quat8,0.00000,-0.86603,0.00000,0.50000,1898.04
quat0,0.52120,0.18543,-0.82757,0.09539,1898.06
quat1,-0.45628,0.80351,-0.18172,-0.33639,1898.06
quat2,0.24542,-0.82957,0.48847,-0.11393,1898.06
quat3,0.33581,-0.75934,0.18351,0.52627,1898.06
quat4,-0.58642,0.41938,0.00891,-0.69293,1898.06
quat5,0.00000,-0.86603,0.00000,0.50000,1898.06
quat6,0.00000,-0.86603,0.00000,0.50000,1898.06
quat7,0.00000,-0.86603,0.00000,0.50000,1898.06
quat8,0.00000,-0.86603,0.00000,0.50000,1898.06
quat0,0.52154,0.16734,-0.83132,0.09434,1898.08
quat1,-0.46609,0.79641,-0.18067,-0.34036,1898.08
quat2,0.25850,-0.82601,0.49029,-0.10246,1898.08
quat3,0.33609,-0.75828,0.20580,0.51933,1898.08
quat4,-0.59600,0.42196,0.00018,-0.68318,1898.08
quat5,0.00000,-0.86603,0.00000,0.50000,1898.08
quat6,0.00000,-0.86603,0.00000,0.50000,1898.08
quat7,0.00000,-0.86603,0.00000,0.50000,1898.08
quat8,0.00000,-0.86603,0.00000,0.50000,1898.08
quat0,0.51920,0.15920,-0.83518,0.08694,1898.1
quat1,-0.46828,0.79177,-0.18797,-0.34422,1898.1
quat2,0.27225,-0.82200,0.49115,-0.09474,1898.1
quat3,0.33610,-0.76005,0.22584,0.50828,1898.1
quat4,-0.60467,0.42501,-0.01020,-0.67353,1898.1
quat5,0.00000,-0.86603,0.00000,0.50000,1898.1
quat6,0.00000,-0.86603,0.00000,0.50000,1898.1
quat7,0.00000,-0.86603,0.00000,0.50000,1898.1
quat8,0.00000,-0.86603,0.00000,0.50000,1898.1
quat0,0.51769,0.15548,-0.83686,0.08655,1898.12
quat1,-0.46692,0.78953,-0.19540,-0.34706,1898.12
quat2,0.28063,-0.82015,0.49009,-0.09180,1898.12
quat3,0.33742,-0.76456,0.23550,0.49612,1898.12
quat4,-0.60943,0.42696,-0.01914,-0.66778,1898.12
quat5,0.00000,-0.86603,0.00000,0.50000,1898.12
quat6,0.00000,-0.86603,0.00000,0.50000,1898.12
quat7,0.00000,-0.86603,0.00000,0.50000,1898.12
quat8,0.00000,-0.86603,0.00000,0.50000,1898.12
quat0,0.51809,0.14796,-0.83889,0.07709,1898.14
quat1,-0.46510,0.78885,-0.20094,-0.34789,1898.14
quat2,0.28767,-0.81908,0.48867,-0.08698,1898.14
quat3,0.34068,-0.76860,0.23711,0.48680,1898.14
quat4,-0.61190,0.42668,-0.02388,-0.66554,1898.14
quat5,0.00000,-0.86603,0.00000,0.50000,1898.14
quat6,0.00000,-0.86603,0.00000,0.50000,1898.14
quat7,0.00000,-0.86603,0.00000,0.50000,1898.14
quat8,0.00000,-0.86603,0.00000,0.50000,1898.14
quat0,0.52215,0.14606,-0.83661,0.07818,1898.16
quat1,-0.45993,0.78988,-0.20611,-0.34940,1898.16
quat2,0.29624,-0.81707,0.48706,-0.08609,1898.16
quat3,0.33898,-0.77409,0.23754,0.47900,1898.16
quat4,-0.61309,0.42613,-0.02406,-0.66480,1898.16
quat5,0.00000,-0.86603,0.00000,0.50000,1898.16
quat6,0.00000,-0.86603,0.00000,0.50000,1898.16
quat7,0.00000,-0.86603,0.00000,0.50000,1898.16
quat8,0.00000,-0.86603,0.00000,0.50000,1898.16
quat0,0.52375,0.13829,-0.83754,0.07141,1898.18
quat1,-0.45534,0.78963,-0.20815,-0.35471,1898.18
quat2,0.30497,-0.81363,0.48703,-0.08828,1898.18
quat3,0.33858,-0.78049,0.23528,0.46993,1898.18
quat4,-0.61491,0.42299,-0.02332,-0.66515,1898.18
quat5,0.00000,-0.86603,0.00000,0.50000,1898.18
quat6,0.00000,-0.86603,0.00000,0.50000,1898.18
quat7,0.00000,-0.86603,0.00000,0.50000,1898.18
quat8,0.00000,-0.86603,0.00000,0.50000,1898.18
quat0,0.52845,0.13514,-0.83534,0.06846,1898.2
quat1,-0.44701,0.79014,-0.21213,-0.36175,1898.2
quat2,0.31314,-0.81016,0.48701,-0.09168,1898.2
quat3,0.34107,-0.78741,0.22740,0.46037,1898.2
quat4,-0.61760,0.41782,-0.02579,-0.66583,1898.2
quat5,0.00000,-0.86603,0.00000,0.50000,1898.2
quat6,0.00000,-0.86603,0.00000,0.50000,1898.2
quat7,0.00000,-0.86603,0.00000,0.50000,1898.2
quat8,0.00000,-0.86603,0.00000,0.50000,1898.2
quat0,0.53352,0.12056,-0.83577,0.04812,1898.22
quat1,-0.43401,0.79157,-0.22095,-0.36909,1898.22
quat2,0.32080,-0.80546,0.48872,-0.09733,1898.22
quat3,0.34153,-0.79625,0.21902,0.44874,1898.22
quat4,-0.62343,0.41189,-0.03228,-0.66381,1898.22
quat5,0.00000,-0.86603,0.00000,0.50000,1898.22
quat6,0.00000,-0.86603,0.00000,0.50000,1898.22
quat7,0.00000,-0.86603,0.00000,0.50000,1898.22
quat8,0.00000,-0.86603,0.00000,0.50000,1898.22
quat0,0.52998,0.11448,-0.83957,0.03384,1898.24
quat1,-0.42059,0.79147,-0.22778,-0.38052,1898.24
quat2,0.32619,-0.80198,0.48961,-0.10348,1898.24
quat3,0.33673,-0.80678,0.21385,0.43587,1898.24
quat4,-0.62997,0.40699,-0.04305,-0.66003,1898.24
quat5,0.00000,-0.86603,0.00000,0.50000,1898.24
quat6,0.00000,-0.86603,0.00000,0.50000,1898.24
quat7,0.00000,-0.86603,0.00000,0.50000,1898.24
quat8,0.00000,-0.86603,0.00000,0.50000,1898.24
quat0,0.52741,0.10119,-0.84353,0.00772,1898.26
quat1,-0.40474,0.79195,-0.23700,-0.39095,1898.26
quat2,0.33155,-0.79716,0.49214,-0.11143,1898.26
quat3,0.33209,-0.81690,0.20697,0.42373,1898.26
quat4,-0.63946,0.39855,-0.05362,-0.65527,1898.26
quat5,0.00000,-0.86603,0.00000,0.50000,1898.26
quat6,0.00000,-0.86603,0.00000,0.50000,1898.26
quat7,0.00000,-0.86603,0.00000,0.50000,1898.26
quat8,0.00000,-0.86603,0.00000,0.50000,1898.26
quat0,0.52159,0.09242,-0.84814,-0.00772,1898.28
quat1,-0.38775,0.79462,-0.24269,-0.39916,1898.28
quat2,0.33757,-0.79284,0.49374,-0.11694,1898.28
quat3,0.32998,-0.82417,0.19366,0.41757,1898.28
quat4,-0.65030,0.38704,-0.06488,-0.65046,1898.28
quat5,0.00000,-0.86603,0.00000,0.50000,1898.28
quat6,0.00000,-0.86603,0.00000,0.50000,1898.28
quat7,0.00000,-0.86603,0.00000,0.50000,1898.28
quat8,0.00000,-0.86603,0.00000,0.50000,1898.28
quat0,0.51726,0.08715,-0.85114,-0.02027,1898.3
quat1,-0.36927,0.79530,-0.24707,-0.41242,1898.3
quat2,0.34699,-0.78725,0.49469,-0.12298,1898.3
quat3,0.33100,-0.82957,0.17714,0.41337,1898.3
quat4,-0.66516,0.37073,-0.07645,-0.64364,1898.3
quat5,0.00000,-0.86603,0.00000,0.50000,1898.3
quat6,0.00000,-0.86603,0.00000,0.50000,1898.3
quat7,0.00000,-0.86603,0.00000,0.50000,1898.3
quat8,0.00000,-0.86603,0.00000,0.50000,1898.3
quat0,0.51435,0.08114,-0.85311,-0.03252,1898.32
quat1,-0.34930,0.79216,-0.25176,-0.43253,1898.32
quat2,0.35636,-0.78288,0.49317,-0.12995,1898.32
quat3,0.32953,-0.83829,0.15969,0.40395,1898.32
quat4,-0.67897,0.35430,-0.08953,-0.63676,1898.32
quat5,0.00000,-0.86603,0.00000,0.50000,1898.32
quat6,0.00000,-0.86603,0.00000,0.50000,1898.32
quat7,0.00000,-0.86603,0.00000,0.50000,1898.32
quat8,0.00000,-0.86603,0.00000,0.50000,1898.32
quat0,0.50994,0.07697,-0.85568,-0.04295,1898.34
quat1,-0.32969,0.78739,-0.25834,-0.45230,1898.34
quat2,0.36793,-0.77611,0.49293,-0.13897,1898.34
quat3,0.32716,-0.84891,0.14208,0.39003,1898.34
quat4,-0.69200,0.33344,-0.09818,-0.63270,1898.34
quat5,0.00000,-0.86603,0.00000,0.50000,1898.34
quat6,0.00000,-0.86603,0.00000,0.50000,1898.34
quat7,0.00000,-0.86603,0.00000,0.50000,1898.34
quat8,0.00000,-0.86603,0.00000,0.50000,1898.34
quat0,0.50624,0.07482,-0.85747,-0.05357,1898.36
quat1,-0.30997,0.78241,-0.26289,-0.47184,1898.36
quat2,0.38180,-0.76888,0.49176,-0.14570,1898.36
quat3,0.32290,-0.86041,0.12376,0.37430,1898.36
quat4,-0.70216,0.31596,-0.10714,-0.62902,1898.36
quat5,0.00000,-0.86603,0.00000,0.50000,1898.36
quat6,0.00000,-0.86603,0.00000,0.50000,1898.36
quat7,0.00000,-0.86603,0.00000,0.50000,1898.36
quat8,0.00000,-0.86603,0.00000,0.50000,1898.36
quat0,0.50576,0.07387,-0.85675,-0.06881,1898.38
quat1,-0.29077,0.77555,-0.26517,-0.49362,1898.38
quat2,0.39910,-0.75978,0.49083,-0.15015,1898.38
quat3,0.31726,-0.87241,0.10541,0.35656,1898.38
quat4,-0.71154,0.29982,-0.11878,-0.62427,1898.38
quat5,0.00000,-0.86603,0.00000,0.50000,1898.38
quat6,0.00000,-0.86603,0.00000,0.50000,1898.38
quat7,0.00000,-0.86603,0.00000,0.50000,1898.38
quat8,0.00000,-0.86603,0.00000,0.50000,1898.38
quat0,0.50002,0.07178,-0.85904,-0.08291,1898.4
quat1,-0.26916,0.76790,-0.26632,-0.51668,1898.4
quat2,0.41721,-0.75066,0.48904,-0.15259,1898.4
quat3,0.31013,-0.88443,0.08242,0.33883,1898.4
quat4,-0.71910,0.28583,-0.13049,-0.61981,1898.4
quat5,0.00000,-0.86603,0.00000,0.50000,1898.4
quat6,0.00000,-0.86603,0.00000,0.50000,1898.4
quat7,0.00000,-0.86603,0.00000,0.50000,1898.4
quat8,0.00000,-0.86603,0.00000,0.50000,1898.4
quat0,0.49430,0.07081,-0.86120,-0.09481,1898.42
quat1,-0.24745,0.75934,-0.26657,-0.53955,1898.42
quat2,0.43573,-0.74135,0.48678,-0.15357,1898.42
quat3,0.30236,-0.89692,0.05690,0.31762,1898.42
quat4,-0.72586,0.27301,-0.14446,-0.61459,1898.42
quat5,0.00000,-0.86603,0.00000,0.50000,1898.42
quat6,0.00000,-0.86603,0.00000,0.50000,1898.42
quat7,0.00000,-0.86603,0.00000,0.50000,1898.42
quat8,0.00000,-0.86603,0.00000,0.50000,1898.42
quat0,0.49330,0.06299,-0.86138,-0.10349,1898.44
quat1,-0.22159,0.75279,-0.26583,-0.55994,1898.44
quat2,0.45279,-0.73298,0.48361,-0.15439,1898.44
quat3,0.29382,-0.90886,0.02820,0.29469,1898.44
quat4,-0.73162,0.26097,-0.15755,-0.60976,1898.44
quat5,0.00000,-0.86603,0.00000,0.50000,1898.44
quat6,0.00000,-0.86603,0.00000,0.50000,1898.44
quat7,0.00000,-0.86603,0.00000,0.50000,1898.44
quat8,0.00000,-0.86603,0.00000,0.50000,1898.44
quat0,0.48697,0.06020,-0.86400,-0.11288,1898.46
quat1,-0.19369,0.74554,-0.26573,-0.57969,1898.46
quat2,0.46975,-0.72546,0.47928,-0.15272,1898.46
quat3,0.28589,-0.91948,-0.00422,0.26982,1898.46
quat4,-0.73742,0.25045,-0.17216,-0.60320,1898.46
quat5,0.00000,-0.86603,0.00000,0.50000,1898.46
quat6,0.00000,-0.86603,0.00000,0.50000,1898.46
quat7,0.00000,-0.86603,0.00000,0.50000,1898.46
quat8,0.00000,-0.86603,0.00000,0.50000,1898.46
quat0,0.48887,0.05111,-0.86156,-0.12689,1898.48
quat1,-0.16174,0.73700,-0.26660,-0.59966,1898.48
quat2,0.48428,-0.71802,0.47669,-0.15061,1898.48
quat3,0.27589,-0.92863,-0.03821,0.24507,1898.48
quat4,-0.74247,0.24169,-0.18585,-0.59647,1898.48
quat5,0.00000,-0.86603,0.00000,0.50000,1898.48
quat6,0.00000,-0.86603,0.00000,0.50000,1898.48
quat7,0.00000,-0.86603,0.00000,0.50000,1898.48
quat8,0.00000,-0.86603,0.00000,0.50000,1898.48
quat0,0.49356,0.04644,-0.85873,-0.12972,1898.5
quat1,-0.12706,0.72405,-0.26740,-0.62298,1898.5
quat2,0.49730,-0.71110,0.47540,-0.14499,1898.5
quat3,0.26347,-0.93627,-0.07337,0.22044,1898.5
quat4,-0.74796,0.23735,-0.20231,-0.58591,1898.5
quat5,0.00000,-0.86603,0.00000,0.50000,1898.5
quat6,0.00000,-0.86603,0.00000,0.50000,1898.5
quat7,0.00000,-0.86603,0.00000,0.50000,1898.5
quat8,0.00000,-0.86603,0.00000,0.50000,1898.5
quat0,0.49389,0.04177,-0.85883,-0.12936,1898.52
quat1,-0.08807,0.70724,-0.26728,-0.64855,1898.52
quat2,0.50954,-0.70476,0.47420,-0.13718,1898.52
quat3,0.24534,-0.94286,-0.11133,0.19604,1898.52
quat4,-0.75488,0.23506,-0.21338,-0.57391,1898.52
quat5,0.00000,-0.86603,0.00000,0.50000,1898.52
quat6,0.00000,-0.86603,0.00000,0.50000,1898.52
quat7,0.00000,-0.86603,0.00000,0.50000,1898.52
quat8,0.00000,-0.86603,0.00000,0.50000,1898.52
quat0,0.49683,0.03987,-0.85734,-0.12862,1898.54
quat1,-0.04574,0.68495,-0.26843,-0.67580,1898.54
quat2,0.52166,-0.69815,0.47366,-0.12693,1898.54
quat3,0.22302,-0.94791,-0.14920,0.17165,1898.54
quat4,-0.76493,0.23569,-0.21952,-0.55780,1898.54
quat5,0.00000,-0.86603,0.00000,0.50000,1898.54
quat6,0.00000,-0.86603,0.00000,0.50000,1898.54
quat7,0.00000,-0.86603,0.00000,0.50000,1898.54
quat8,0.00000,-0.86603,0.00000,0.50000,1898.54
quat0,0.49639,0.03490,-0.85756,-0.13028,1898.56
quat1,0.00070,0.65988,-0.26966,-0.70132,1898.56
quat2,0.53041,-0.69369,0.47353,-0.11501,1898.56
quat3,0.19814,-0.95182,-0.18584,0.14231,1898.56
quat4,-0.77683,0.23636,-0.22037,-0.54047,1898.56
quat5,0.00000,-0.86603,0.00000,0.50000,1898.56
quat6,0.00000,-0.86603,0.00000,0.50000,1898.56
quat7,0.00000,-0.86603,0.00000,0.50000,1898.56
quat8,0.00000,-0.86603,0.00000,0.50000,1898.56
quat0,0.49780,0.02630,-0.85501,-0.14305,1898.58
quat1,0.04647,0.63539,-0.26846,-0.72253,1898.58
quat2,0.53667,-0.69377,0.47016,-0.09805,1898.58
quat3,0.17349,-0.95361,-0.22132,0.10746,1898.58
quat4,-0.79049,0.23458,-0.20932,-0.52563,1898.58
quat5,0.00000,-0.86603,0.00000,0.50000,1898.58
quat6,0.00000,-0.86603,0.00000,0.50000,1898.58
quat7,0.00000,-0.86603,0.00000,0.50000,1898.58
quat8,0.00000,-0.86603,0.00000,0.50000,1898.58
quat0,0.49325,0.02675,-0.85798,-0.14097,1898.6
quat1,0.08926,0.61510,-0.26191,-0.73831,1898.6
quat2,0.54052,-0.69904,0.46187,-0.07661,1898.6
quat3,0.14891,-0.95385,-0.25020,0.07343,1898.6
quat4,-0.80210,0.23864,-0.19435,-0.51177,1898.6
quat5,0.00000,-0.86603,0.00000,0.50000,1898.6
quat6,0.00000,-0.86603,0.00000,0.50000,1898.6
quat7,0.00000,-0.86603,0.00000,0.50000,1898.6
quat8,0.00000,-0.86603,0.00000,0.50000,1898.6
quat0,0.49150,0.01990,-0.85961,-0.13820,1898.62
quat1,0.12369,0.60401,-0.24786,-0.74729,1898.62
quat2,0.54251,-0.70768,0.44963,-0.05209,1898.62
quat3,0.12623,-0.95409,-0.26791,0.04484,1898.62
quat4,-0.81122,0.24866,-0.17943,-0.49789,1898.62
quat5,0.00000,-0.86603,0.00000,0.50000,1898.62
quat6,0.00000,-0.86603,0.00000,0.50000,1898.62
quat7,0.00000,-0.86603,0.00000,0.50000,1898.62
quat8,0.00000,-0.86603,0.00000,0.50000,1898.62
quat0,0.48824,0.00600,-0.85990,-0.14883,1898.64
quat1,0.14422,0.60192,-0.22356,-0.75294,1898.64
quat2,0.54167,-0.71517,0.44081,-0.02852,1898.64
quat3,0.10813,-0.95498,-0.27551,0.02057,1898.64
quat4,-0.81787,0.26040,-0.16277,-0.48662,1898.64
quat5,0.00000,-0.86603,0.00000,0.50000,1898.64
quat6,0.00000,-0.86603,0.00000,0.50000,1898.64
quat7,0.00000,-0.86603,0.00000,0.50000,1898.64
quat8,0.00000,-0.86603,0.00000,0.50000,1898.64
quat0,0.50182,0.00558,-0.85364,-0.13942,1898.66
quat1,0.15045,0.60344,-0.19452,-0.75855,1898.66
quat2,0.54143,-0.71996,0.43417,-0.00205,1898.66
quat3,0.09514,-0.95562,-0.27881,0.00019,1898.66
quat4,-0.82042,0.27439,-0.15059,-0.47848,1898.66
quat5,0.00000,-0.86603,0.00000,0.50000,1898.66
quat6,0.00000,-0.86603,0.00000,0.50000,1898.66
quat7,0.00000,-0.86603,0.00000,0.50000,1898.66
quat8,0.00000,-0.86603,0.00000,0.50000,1898.66
quat0,0.47835,0.02993,-0.86750,-0.13314,1898.68
quat1,0.14471,0.61439,-0.16098,-0.75873,1898.68
quat2,0.54305,-0.71686,0.43671,0.02214,1898.68
quat3,0.08462,-0.95710,-0.27705,-0.00641,1898.68
quat4,-0.82051,0.28569,-0.14667,-0.47289,1898.68
quat5,0.00000,-0.86603,0.00000,0.50000,1898.68
quat6,0.00000,-0.86603,0.00000,0.50000,1898.68
quat7,0.00000,-0.86603,0.00000,0.50000,1898.68
quat8,0.00000,-0.86603,0.00000,0.50000,1898.68
quat0,0.48178,0.03722,-0.86359,-0.14393,1898.7
quat1,0.12857,0.63334,-0.12869,-0.75219,1898.7
quat2,0.54524,-0.70929,0.44537,0.03560,1898.7
quat3,0.07649,-0.95981,-0.27001,0.00341,1898.7
quat4,-0.81986,0.29292,-0.14928,-0.46876,1898.7
quat5,0.00000,-0.86603,0.00000,0.50000,1898.7
quat6,0.00000,-0.86603,0.00000,0.50000,1898.7
quat7,0.00000,-0.86603,0.00000,0.50000,1898.7
quat8,0.00000,-0.86603,0.00000,0.50000,1898.7
quat0,0.47330,0.03787,-0.86659,-0.15354,1898.72
quat1,0.10720,0.66079,-0.10350,-0.73563,1898.72
quat2,0.55384,-0.69919,0.45024,0.04108,1898.72
quat3,0.07084,-0.96314,-0.25867,0.02088,1898.72
quat4,-0.82067,0.29552,-0.15148,-0.46500,1898.72
quat5,0.00000,-0.86603,0.00000,0.50000,1898.72
quat6,0.00000,-0.86603,0.00000,0.50000,1898.72
quat7,0.00000,-0.86603,0.00000,0.50000,1898.72
quat8,0.00000,-0.86603,0.00000,0.50000,1898.72
quat0,0.47228,0.04444,-0.86729,-0.15097,1898.74
quat1,0.08285,0.69245,-0.08724,-0.71137,1898.74
quat2,0.56162,-0.68986,0.45533,0.03693,1898.74
quat3,0.06987,-0.96644,-0.24414,0.03886,1898.74
quat4,-0.82233,0.29592,-0.15289,-0.46133,1898.74
quat5,0.00000,-0.86603,0.00000,0.50000,1898.74
quat6,0.00000,-0.86603,0.00000,0.50000,1898.74
quat7,0.00000,-0.86603,0.00000,0.50000,1898.74
quat8,0.00000,-0.86603,0.00000,0.50000,1898.74
quat0,0.47989,0.04546,-0.86316,-0.15029,1898.76
quat1,0.05611,0.72181,-0.08256,-0.68486,1898.76
quat2,0.56931,-0.67930,0.46239,0.02514,1898.76
quat3,0.07419,-0.96970,-0.22625,0.05472,1898.76
quat4,-0.82599,0.29283,-0.15288,-0.45675,1898.76
quat5,0.00000,-0.86603,0.00000,0.50000,1898.76
quat6,0.00000,-0.86603,0.00000,0.50000,1898.76
quat7,0.00000,-0.86603,0.00000,0.50000,1898.76
quat8,0.00000,-0.86603,0.00000,0.50000,1898.76
quat0,0.47804,0.04706,-0.86444,-0.14838,1898.78
quat1,0.03004,0.74466,-0.08798,-0.66094,1898.78
quat2,0.57623,-0.66970,0.46831,0.01195,1898.78
quat3,0.08304,-0.97233,-0.20696,0.06953,1898.78
quat4,-0.82950,0.28698,-0.15192,-0.45442,1898.78
quat5,0.00000,-0.86603,0.00000,0.50000,1898.78
quat6,0.00000,-0.86603,0.00000,0.50000,1898.78
quat7,0.00000,-0.86603,0.00000,0.50000,1898.78
quat8,0.00000,-0.86603,0.00000,0.50000,1898.78
quat0,0.47894,0.04600,-0.86429,-0.14664,1898.8
quat1,0.00168,0.75919,-0.09898,-0.64330,1898.8
quat2,0.58024,-0.65913,0.47839,-0.00343,1898.8
quat3,0.09605,-0.97406,-0.18677,0.08430,1898.8
quat4,-0.83319,0.27852,-0.15097,-0.45325,1898.8
quat5,0.00000,-0.86603,0.00000,0.50000,1898.8
quat6,0.00000,-0.86603,0.00000,0.50000,1898.8
quat7,0.00000,-0.86603,0.00000,0.50000,1898.8
quat8,0.00000,-0.86603,0.00000,0.50000,1898.8
quat0,0.48132,0.05138,-0.86376,-0.14007,1898.82
quat1,-0.02379,0.76778,-0.11186,-0.63042,1898.82
quat2,0.58248,-0.64898,0.48913,-0.01713,1898.82
quat3,0.10993,-0.97471,-0.16758,0.09886,1898.82
quat4,-0.83537,0.26971,-0.15137,-0.45443,1898.82
quat5,0.00000,-0.86603,0.00000,0.50000,1898.82
quat6,0.00000,-0.86603,0.00000,0.50000,1898.82
quat7,0.00000,-0.86603,0.00000,0.50000,1898.82
quat8,0.00000,-0.86603,0.00000,0.50000,1898.82
quat0,0.48534,0.05637,-0.86221,-0.13366,1898.84
quat1,-0.04801,0.77236,-0.12648,-0.62061,1898.84
quat2,0.58387,-0.63819,0.50095,-0.02924,1898.84
quat3,0.12521,-0.97434,-0.14981,0.11196,1898.84
quat4,-0.83727,0.26006,-0.15352,-0.45582,1898.84
quat5,0.00000,-0.86603,0.00000,0.50000,1898.84
quat6,0.00000,-0.86603,0.00000,0.50000,1898.84
quat7,0.00000,-0.86603,0.00000,0.50000,1898.84
quat8,0.00000,-0.86603,0.00000,0.50000,1898.84
quat0,0.48811,0.06017,-0.86190,-0.12354,1898.86
quat1,-0.06974,0.77632,-0.13672,-0.61136,1898.86
quat2,0.58392,-0.62999,0.51055,-0.03858,1898.86
quat3,0.13922,-0.97306,-0.13452,0.12520,1898.86
quat4,-0.83775,0.25156,-0.15717,-0.45846,1898.86
quat5,0.00000,-0.86603,0.00000,0.50000,1898.86
quat6,0.00000,-0.86603,0.00000,0.50000,1898.86
quat7,0.00000,-0.86603,0.00000,0.50000,1898.86
quat8,0.00000,-0.86603,0.00000,0.50000,1898.86
quat0,0.48764,0.06007,-0.86263,-0.12032,1898.88
quat1,-0.09120,0.78036,-0.14607,-0.60115,1898.88
quat2,0.58258,-0.62228,0.52069,-0.04742,1898.88
quat3,0.15393,-0.97083,-0.11905,0.14005,1898.88
quat4,-0.83860,0.24205,-0.15990,-0.46108,1898.88
quat5,0.00000,-0.86603,0.00000,0.50000,1898.88
quat6,0.00000,-0.86603,0.00000,0.50000,1898.88
quat7,0.00000,-0.86603,0.00000,0.50000,1898.88
quat8,0.00000,-0.86603,0.00000,0.50000,1898.88
quat0,0.48665,0.06737,-0.86423,-0.10834,1898.9
quat1,-0.11053,0.78283,-0.15606,-0.59212,1898.9
quat2,0.57898,-0.61738,0.52959,-0.05626,1898.9
quat3,0.16813,-0.96789,-0.10456,0.15487,1898.9
quat4,-0.83874,0.23294,-0.16129,-0.46503,1898.9
quat5,0.00000,-0.86603,0.00000,0.50000,1898.9
quat6,0.00000,-0.86603,0.00000,0.50000,1898.9
quat7,0.00000,-0.86603,0.00000,0.50000,1898.9
quat8,0.00000,-0.86603,0.00000,0.50000,1898.9
quat0,0.48252,0.06853,-0.86658,-0.10731,1898.92
quat1,-0.12808,0.78189,-0.16777,-0.58660,1898.92
quat2,0.57536,-0.61371,0.53676,-0.06490,1898.92
quat3,0.18541,-0.96413,-0.09163,0.16635,1898.92
quat4,-0.83918,0.22351,-0.16142,-0.46879,1898.92
quat5,0.00000,-0.86603,0.00000,0.50000,1898.92
quat6,0.00000,-0.86603,0.00000,0.50000,1898.92
quat7,0.00000,-0.86603,0.00000,0.50000,1898.92
quat8,0.00000,-0.86603,0.00000,0.50000,1898.92
quat0,0.49277,0.08296,-0.86221,-0.08303,1898.94
quat1,-0.14106,0.77864,-0.18081,-0.58406,1898.94
quat2,0.57131,-0.61292,0.54091,-0.07321,1898.94
quat3,0.20077,-0.96027,-0.08005,0.17655,1898.94
quat4,-0.83825,0.21497,-0.16001,-0.47488,1898.94
quat5,0.00000,-0.86603,0.00000,0.50000,1898.94
quat6,0.00000,-0.86603,0.00000,0.50000,1898.94
quat7,0.00000,-0.86603,0.00000,0.50000,1898.94
quat8,0.00000,-0.86603,0.00000,0.50000,1898.94
quat0,0.48735,0.08381,-0.86575,-0.07703,1898.96
quat1,-0.15291,0.77707,-0.19260,-0.57939,1898.96
quat2,0.56655,-0.61275,0.54487,-0.08166,1898.96
quat3,0.21684,-0.95589,-0.06994,0.18535,1898.96
quat4,-0.83734,0.20603,-0.15548,-0.48191,1898.96
quat5,0.00000,-0.86603,0.00000,0.50000,1898.96
quat6,0.00000,-0.86603,0.00000,0.50000,1898.96
quat7,0.00000,-0.86603,0.00000,0.50000,1898.96
quat8,0.00000,-0.86603,0.00000,0.50000,1898.96
quat0,0.49018,0.08830,-0.86466,-0.06555,1898.98
quat1,-0.16152,0.77532,-0.20168,-0.57629,1898.98
quat2,0.56032,-0.61530,0.54712,-0.09003,1898.98
quat3,0.23246,-0.95111,-0.06148,0.19385,1898.98
quat4,-0.83572,0.19747,-0.14971,-0.49006,1898.98
quat5,0.00000,-0.86603,0.00000,0.50000,1898.98
quat6,0.00000,-0.86603,0.00000,0.50000,1898.98
quat7,0.00000,-0.86603,0.00000,0.50000,1898.98
quat8,0.00000,-0.86603,0.00000,0.50000,1898.98
quat0,0.48591,0.09313,-0.86699,-0.05947,1899
quat1,-0.17061,0.77147,-0.20944,-0.57608,1899
quat2,0.55423,-0.61894,0.54807,-0.09673,1899
quat3,0.24967,-0.94510,-0.05224,0.20425,1899
quat4,-0.83417,0.18833,-0.14562,-0.49749,1899
quat5,0.00000,-0.86603,0.00000,0.50000,1899
quat6,0.00000,-0.86603,0.00000,0.50000,1899
quat7,0.00000,-0.86603,0.00000,0.50000,1899
quat8,0.00000,-0.86603,0.00000,0.50000,1899
quat0,0.48909,0.09845,-0.86552,-0.04451,1899.02
quat1,-0.17751,0.77212,-0.21623,-0.57058,1899.02
quat2,0.54809,-0.62327,0.54815,-0.10322,1899.02
quat3,0.26640,-0.93868,-0.04530,0.21414,1899.02
quat4,-0.83084,0.18013,-0.14218,-0.50700,1899.02
quat5,0.00000,-0.86603,0.00000,0.50000,1899.02
quat6,0.00000,-0.86603,0.00000,0.50000,1899.02
quat7,0.00000,-0.86603,0.00000,0.50000,1899.02
quat8,0.00000,-0.86603,0.00000,0.50000,1899.02
quat0,0.49023,0.10289,-0.86478,-0.03538,1899.04
quat1,-0.18388,0.77668,-0.22280,-0.55975,1899.04
quat2,0.54220,-0.62688,0.54879,-0.10890,1899.04
quat3,0.28313,-0.93185,-0.03932,0.22349,1899.04
quat4,-0.82684,0.17198,-0.13864,-0.51724,1899.04
quat5,0.00000,-0.86603,0.00000,0.50000,1899.04
quat6,0.00000,-0.86603,0.00000,0.50000,1899.04
quat7,0.00000,-0.86603,0.00000,0.50000,1899.04
quat8,0.00000,-0.86603,0.00000,0.50000,1899.04
quat0,0.49425,0.11034,-0.86203,-0.02121,1899.06
quat1,-0.18780,0.78376,-0.22901,-0.54590,1899.06
quat2,0.53572,-0.63012,0.55024,-0.11481,1899.06
quat3,0.29812,-0.92481,-0.03574,0.23360,1899.06
quat4,-0.82111,0.16625,-0.13575,-0.52887,1899.06
quat5,0.00000,-0.86603,0.00000,0.50000,1899.06
quat6,0.00000,-0.86603,0.00000,0.50000,1899.06
quat7,0.00000,-0.86603,0.00000,0.50000,1899.06
quat8,0.00000,-0.86603,0.00000,0.50000,1899.06
quat0,0.49395,0.11479,-0.86174,-0.01524,1899.08
quat1,-0.19264,0.79005,-0.23447,-0.53267,1899.08
quat2,0.52998,-0.63180,0.55281,-0.11979,1899.08
quat3,0.31266,-0.91695,-0.03218,0.24577,1899.08
quat4,-0.81549,0.16038,-0.13250,-0.54009,1899.08
quat5,0.00000,-0.86603,0.00000,0.50000,1899.08
quat6,0.00000,-0.86603,0.00000,0.50000,1899.08
quat7,0.00000,-0.86603,0.00000,0.50000,1899.08
quat8,0.00000,-0.86603,0.00000,0.50000,1899.08
quat0,0.49780,0.12215,-0.85864,-0.00209,1899.1
quat1,-0.19908,0.79493,-0.23772,-0.52149,1899.1
quat2,0.52453,-0.63355,0.55515,-0.12366,1899.1
quat3,0.32573,-0.90910,-0.03038,0.25791,1899.1
quat4,-0.80928,0.15496,-0.12968,-0.55158,1899.1
quat5,0.00000,-0.86603,0.00000,0.50000,1899.1
quat6,0.00000,-0.86603,0.00000,0.50000,1899.1
quat7,0.00000,-0.86603,0.00000,0.50000,1899.1
quat8,0.00000,-0.86603,0.00000,0.50000,1899.1
quat0,0.49865,0.12705,-0.85743,0.00499,1899.12
quat1,-0.20713,0.79745,-0.24189,-0.51249,1899.12
quat2,0.52026,-0.63462,0.55736,-0.12622,1899.12
quat3,0.33670,-0.90187,-0.02785,0.26922,1899.12
quat4,-0.80418,0.14986,-0.12656,-0.56109,1899.12
quat5,0.00000,-0.86603,0.00000,0.50000,1899.12
quat6,0.00000,-0.86603,0.00000,0.50000,1899.12
quat7,0.00000,-0.86603,0.00000,0.50000,1899.12
quat8,0.00000,-0.86603,0.00000,0.50000,1899.12
quat0,0.50348,0.13432,-0.85328,0.01933,1899.14
quat1,-0.21390,0.79653,-0.24742,-0.50850,1899.14
quat2,0.51543,-0.63768,0.55792,-0.12816,1899.14
quat3,0.34540,-0.89479,-0.02775,0.28156,1899.14
quat4,-0.79833,0.14735,-0.12497,-0.57039,1899.14
quat5,0.00000,-0.86603,0.00000,0.50000,1899.14
quat6,0.00000,-0.86603,0.00000,0.50000,1899.14
quat7,0.00000,-0.86603,0.00000,0.50000,1899.14
quat8,0.00000,-0.86603,0.00000,0.50000,1899.14
quat0,0.50564,0.13735,-0.85133,0.02645,1899.16
quat1,-0.22086,0.79393,-0.25250,-0.50709,1899.16
quat2,0.50886,-0.64065,0.55950,-0.13265,1899.16
quat3,0.35293,-0.88841,-0.02776,0.29223,1899.16
quat4,-0.79277,0.14522,-0.12214,-0.57924,1899.16
quat5,0.00000,-0.86603,0.00000,0.50000,1899.16
quat6,0.00000,-0.86603,0.00000,0.50000,1899.16
quat7,0.00000,-0.86603,0.00000,0.50000,1899.16
quat8,0.00000,-0.86603,0.00000,0.50000,1899.16
quat0,0.51055,0.14430,-0.84665,0.04121,1899.18
quat1,-0.22703,0.79124,-0.25873,-0.50542,1899.18
quat2,0.50287,-0.64665,0.55711,-0.13636,1899.18
quat3,0.35955,-0.88222,-0.02801,0.30270,1899.18
quat4,-0.78604,0.14518,-0.11734,-0.58931,1899.18
quat5,0.00000,-0.86603,0.00000,0.50000,1899.18
quat6,0.00000,-0.86603,0.00000,0.50000,1899.18
quat7,0.00000,-0.86603,0.00000,0.50000,1899.18
quat8,0.00000,-0.86603,0.00000,0.50000,1899.18
quat0,0.51483,0.14996,-0.84258,0.05025,1899.2
quat1,-0.23294,0.78954,-0.26545,-0.50191,1899.2
quat2,0.49823,-0.65319,0.55283,-0.13956,1899.2
quat3,0.36570,-0.87623,-0.02691,0.31267,1899.2
quat4,-0.77924,0.14644,-0.11212,-0.59898,1899.2
quat5,0.00000,-0.86603,0.00000,0.50000,1899.2
quat6,0.00000,-0.86603,0.00000,0.50000,1899.2
quat7,0.00000,-0.86603,0.00000,0.50000,1899.2
quat8,0.00000,-0.86603,0.00000,0.50000,1899.2
quat0,0.51994,0.15663,-0.83736,0.06285,1899.22
quat1,-0.23591,0.78907,-0.27340,-0.49696,1899.22
quat2,0.48998,-0.66168,0.54873,-0.14492,1899.22
quat3,0.36834,-0.87178,-0.02373,0.32211,1899.22
quat4,-0.77026,0.15231,-0.10945,-0.60953,1899.22
quat5,0.00000,-0.86603,0.00000,0.50000,1899.22
quat6,0.00000,-0.86603,0.00000,0.50000,1899.22
quat7,0.00000,-0.86603,0.00000,0.50000,1899.22
quat8,0.00000,-0.86603,0.00000,0.50000,1899.22
quat0,0.52572,0.16037,-0.83189,0.07654,1899.24
quat1,-0.23908,0.78912,-0.28134,-0.49090,1899.24
quat2,0.47861,-0.67104,0.54579,-0.15082,1899.24
quat3,0.37107,-0.86723,-0.01934,0.33144,1899.24
quat4,-0.76020,0.15960,-0.10689,-0.62065,1899.24
quat5,0.00000,-0.86603,0.00000,0.50000,1899.24
quat6,0.00000,-0.86603,0.00000,0.50000,1899.24
quat7,0.00000,-0.86603,0.00000,0.50000,1899.24
quat8,0.00000,-0.86603,0.00000,0.50000,1899.24
quat0,0.52801,0.16621,-0.82884,0.08121,1899.26
quat1,-0.24020,0.79112,-0.28776,-0.48335,1899.26
quat2,0.46525,-0.68130,0.54260,-0.15798,1899.26
quat3,0.37270,-0.86273,-0.01649,0.34136,1899.26
quat4,-0.74912,0.16501,-0.09938,-0.63381,1899.26
quat5,0.00000,-0.86603,0.00000,0.50000,1899.26
quat6,0.00000,-0.86603,0.00000,0.50000,1899.26
quat7,0.00000,-0.86603,0.00000,0.50000,1899.26
quat8,0.00000,-0.86603,0.00000,0.50000,1899.26
quat0,0.53048,0.17265,-0.82493,0.09095,1899.28
quat1,-0.24093,0.79250,-0.29414,-0.47684,1899.28
quat2,0.45225,-0.69238,0.53784,-0.16373,1899.28
quat3,0.37458,-0.85777,-0.01446,0.35173,1899.28
quat4,-0.73839,0.16864,-0.08840,-0.64694,1899.28
quat5,0.00000,-0.86603,0.00000,0.50000,1899.28
quat6,0.00000,-0.86603,0.00000,0.50000,1899.28
quat7,0.00000,-0.86603,0.00000,0.50000,1899.28
quat8,0.00000,-0.86603,0.00000,0.50000,1899.28
quat0,0.53422,0.17786,-0.82033,0.10016,1899.3
quat1,-0.24256,0.79375,-0.29755,-0.47179,1899.3
quat2,0.43779,-0.70364,0.53325,-0.16992,1899.3
quat3,0.37510,-0.85246,-0.01251,0.36394,1899.3
quat4,-0.72681,0.17395,-0.08020,-0.65958,1899.3
quat5,0.00000,-0.86603,0.00000,0.50000,1899.3
quat6,0.00000,-0.86603,0.00000,0.50000,1899.3
quat7,0.00000,-0.86603,0.00000,0.50000,1899.3
quat8,0.00000,-0.86603,0.00000,0.50000,1899.3
quat0,0.53458,0.18013,-0.81920,0.10343,1899.32
quat1,-0.24464,0.79515,-0.29915,-0.46733,1899.32
quat2,0.42188,-0.71507,0.52895,-0.17577,1899.32
quat3,0.37676,-0.84644,-0.01076,0.37613,1899.32
quat4,-0.71509,0.18117,-0.07404,-0.67108,1899.32
quat5,0.00000,-0.86603,0.00000,0.50000,1899.32
quat6,0.00000,-0.86603,0.00000,0.50000,1899.32
quat7,0.00000,-0.86603,0.00000,0.50000,1899.32
quat8,0.00000,-0.86603,0.00000,0.50000,1899.32
quat0,0.53744,0.18596,-0.81422,0.11674,1899.34
quat1,-0.24631,0.79596,-0.30018,-0.46441,1899.34
quat2,0.40495,-0.72857,0.52222,-0.18027,1899.34
quat3,0.37777,-0.84045,-0.00849,0.38841,1899.34
quat4,-0.70223,0.18956,-0.06713,-0.68296,1899.34
quat5,0.00000,-0.86603,0.00000,0.50000,1899.34
quat6,0.00000,-0.86603,0.00000,0.50000,1899.34
quat7,0.00000,-0.86603,0.00000,0.50000,1899.34
quat8,0.00000,-0.86603,0.00000,0.50000,1899.34
quat0,0.53783,0.19147,-0.81093,0.12836,1899.36
quat1,-0.24993,0.79784,-0.29920,-0.45986,1899.36
quat2,0.38722,-0.74027,0.51761,-0.18476,1899.36
quat3,0.37931,-0.83413,-0.00443,0.40042,1899.36
quat4,-0.68964,0.19734,-0.05572,-0.69452,1899.36
quat5,0.00000,-0.86603,0.00000,0.50000,1899.36
quat6,0.00000,-0.86603,0.00000,0.50000,1899.36
quat7,0.00000,-0.86603,0.00000,0.50000,1899.36
quat8,0.00000,-0.86603,0.00000,0.50000,1899.36
quat0,0.53736,0.19942,-0.80617,0.14685,1899.38
quat1,-0.25294,0.80067,-0.29809,-0.45398,1899.38
quat2,0.36773,-0.74921,0.51652,-0.19150,1899.38
quat3,0.38025,-0.82799,-0.00104,0.41212,1899.38
quat4,-0.67824,0.20402,-0.04309,-0.70463,1899.38
quat5,0.00000,-0.86603,0.00000,0.50000,1899.38
quat6,0.00000,-0.86603,0.00000,0.50000,1899.38
quat7,0.00000,-0.86603,0.00000,0.50000,1899.38
quat8,0.00000,-0.86603,0.00000,0.50000,1899.38
quat0,0.53760,0.20619,-0.80091,0.16434,1899.4
quat1,-0.25530,0.80374,-0.29762,-0.44750,1899.4
quat2,0.35183,-0.75722,0.51437,-0.19559,1899.4
quat3,0.37982,-0.82187,0.00391,0.42456,1899.4
quat4,-0.66863,0.21295,-0.03473,-0.71161,1899.4
quat5,0.00000,-0.86603,0.00000,0.50000,1899.4
quat6,0.00000,-0.86603,0.00000,0.50000,1899.4
quat7,0.00000,-0.86603,0.00000,0.50000,1899.4
quat8,0.00000,-0.86603,0.00000,0.50000,1899.4
quat0,0.53903,0.21191,-0.79522,0.17933,1899.42
quat1,-0.25799,0.80596,-0.29594,-0.44305,1899.42
quat2,0.34126,-0.76657,0.50722,-0.19658,1899.42
quat3,0.37837,-0.81697,0.00942,0.43509,1899.42
quat4,-0.65984,0.22638,-0.03331,-0.71571,1899.42
quat5,0.00000,-0.86603,0.00000,0.50000,1899.42
quat6,0.00000,-0.86603,0.00000,0.50000,1899.42
quat7,0.00000,-0.86603,0.00000,0.50000,1899.42
quat8,0.00000,-0.86603,0.00000,0.50000,1899.42
quat0,0.54009,0.20940,-0.79543,0.17816,1899.44
quat1,-0.26179,0.80793,-0.29393,-0.43855,1899.44
quat2,0.33130,-0.77677,0.49897,-0.19468,1899.44
quat3,0.37554,-0.81212,0.01484,0.44633,1899.44
quat4,-0.65115,0.24384,-0.03026,-0.71808,1899.44
quat5,0.00000,-0.86603,0.00000,0.50000,1899.44
quat6,0.00000,-0.86603,0.00000,0.50000,1899.44
quat7,0.00000,-0.86603,0.00000,0.50000,1899.44
quat8,0.00000,-0.86603,0.00000,0.50000,1899.44
quat0,0.54244,0.21204,-0.79125,0.18632,1899.46
quat1,-0.26659,0.81113,-0.29097,-0.43168,1899.46
quat2,0.31573,-0.78524,0.49436,-0.19831,1899.46
quat3,0.37087,-0.80708,0.02368,0.45882,1899.46
quat4,-0.64434,0.25869,-0.02639,-0.71917,1899.46
quat5,0.00000,-0.86603,0.00000,0.50000,1899.46
quat6,0.00000,-0.86603,0.00000,0.50000,1899.46
quat7,0.00000,-0.86603,0.00000,0.50000,1899.46
quat8,0.00000,-0.86603,0.00000,0.50000,1899.46
quat0,0.53864,0.21604,-0.79162,0.19114,1899.48
quat1,-0.27030,0.81634,-0.28894,-0.42076,1899.48
quat2,0.29478,-0.79214,0.49349,-0.20516,1899.48
quat3,0.36530,-0.80298,0.03392,0.46972,1899.48
quat4,-0.63646,0.27135,-0.01919,-0.72175,1899.48
quat5,0.00000,-0.86603,0.00000,0.50000,1899.48
quat6,0.00000,-0.86603,0.00000,0.50000,1899.48
quat7,0.00000,-0.86603,0.00000,0.50000,1899.48
quat8,0.00000,-0.86603,0.00000,0.50000,1899.48
quat0,0.53385,0.22227,-0.79104,0.19962,1899.5
quat1,-0.27454,0.82205,-0.28647,-0.40840,1899.5
quat2,0.27255,-0.79905,0.49274,-0.21079,1899.5
quat3,0.36039,-0.79946,0.04338,0.47865,1899.5
quat4,-0.62777,0.28393,-0.01129,-0.72467,1899.5
quat5,0.00000,-0.86603,0.00000,0.50000,1899.5
quat6,0.00000,-0.86603,0.00000,0.50000,1899.5
quat7,0.00000,-0.86603,0.00000,0.50000,1899.5
quat8,0.00000,-0.86603,0.00000,0.50000,1899.5
quat0,0.53293,0.22468,-0.78928,0.20625,1899.52
quat1,-0.27971,0.82830,-0.28214,-0.39506,1899.52
quat2,0.25267,-0.80548,0.49193,-0.21299,1899.52
quat3,0.35561,-0.79446,0.05045,0.48972,1899.52
quat4,-0.61976,0.29563,-0.00369,-0.72697,1899.52
quat5,0.00000,-0.86603,0.00000,0.50000,1899.52
quat6,0.00000,-0.86603,0.00000,0.50000,1899.52
quat7,0.00000,-0.86603,0.00000,0.50000,1899.52
quat8,0.00000,-0.86603,0.00000,0.50000,1899.52
quat0,0.52839,0.23262,-0.78801,0.21384,1899.54
quat1,-0.28633,0.83545,-0.27546,-0.37969,1899.54
quat2,0.23317,-0.81203,0.49173,-0.21080,1899.54
quat3,0.35142,-0.78705,0.05392,0.50414,1899.54
quat4,-0.61216,0.30751,0.00696,-0.72846,1899.54
quat5,0.00000,-0.86603,0.00000,0.50000,1899.54
quat6,0.00000,-0.86603,0.00000,0.50000,1899.54
quat7,0.00000,-0.86603,0.00000,0.50000,1899.54
quat8,0.00000,-0.86603,0.00000,0.50000,1899.54
quat0,0.52515,0.23794,-0.78730,0.21852,1899.56
quat1,-0.29495,0.84147,-0.26790,-0.36492,1899.56
quat2,0.21593,-0.81580,0.49444,-0.20826,1899.56
quat3,0.34750,-0.77993,0.05776,0.51731,1899.56
quat4,-0.60618,0.31880,0.01398,-0.72850,1899.56
quat5,0.00000,-0.86603,0.00000,0.50000,1899.56
quat6,0.00000,-0.86603,0.00000,0.50000,1899.56
quat7,0.00000,-0.86603,0.00000,0.50000,1899.56
quat8,0.00000,-0.86603,0.00000,0.50000,1899.56
quat0,0.52277,0.24259,-0.78536,0.22599,1899.58
quat1,-0.30399,0.84650,-0.25939,-0.35177,1899.58
quat2,0.20428,-0.81802,0.49774,-0.20339,1899.58
quat3,0.34338,-0.77389,0.06212,0.52851,1899.58
quat4,-0.60141,0.33015,0.01867,-0.72730,1899.58
quat5,0.00000,-0.86603,0.00000,0.50000,1899.58
quat6,0.00000,-0.86603,0.00000,0.50000,1899.58
quat7,0.00000,-0.86603,0.00000,0.50000,1899.58
quat8,0.00000,-0.86603,0.00000,0.50000,1899.58
quat0,0.51873,0.24746,-0.78595,0.22794,1899.6
quat1,-0.31406,0.85073,-0.24997,-0.33933,1899.6
quat2,0.19964,-0.82141,0.49960,-0.18929,1899.6
quat3,0.33976,-0.76847,0.06745,0.53802,1899.6
quat4,-0.59746,0.34335,0.02055,-0.72438,1899.6
quat5,0.00000,-0.86603,0.00000,0.50000,1899.6
quat6,0.00000,-0.86603,0.00000,0.50000,1899.6
quat7,0.00000,-0.86603,0.00000,0.50000,1899.6
quat8,0.00000,-0.86603,0.00000,0.50000,1899.6
quat0,0.51425,0.25097,-0.78466,0.23850,1899.62
quat1,-0.32480,0.85381,-0.24111,-0.32768,1899.62
quat2,0.20144,-0.82583,0.49931,-0.16768,1899.62
quat3,0.33669,-0.76311,0.07202,0.54691,1899.62
quat4,-0.59412,0.35576,0.02117,-0.72111,1899.62
quat5,0.00000,-0.86603,0.00000,0.50000,1899.62
quat6,0.00000,-0.86603,0.00000,0.50000,1899.62
quat7,0.00000,-0.86603,0.00000,0.50000,1899.62
quat8,0.00000,-0.86603,0.00000,0.50000,1899.62
quat0,0.51353,0.25275,-0.78433,0.23923,1899.64
quat1,-0.33491,0.85605,-0.23277,-0.31754,1899.64
quat2,0.20732,-0.82967,0.49724,-0.14639,1899.64
quat3,0.33557,-0.75768,0.07287,0.55497,1899.64
quat4,-0.59132,0.36482,0.02139,-0.71888,1899.64
quat5,0.00000,-0.86603,0.00000,0.50000,1899.64
quat6,0.00000,-0.86603,0.00000,0.50000,1899.64
quat7,0.00000,-0.86603,0.00000,0.50000,1899.64
quat8,0.00000,-0.86603,0.00000,0.50000,1899.64
quat0,0.50972,0.25378,-0.78645,0.23931,1899.66
quat1,-0.34426,0.85715,-0.22644,-0.30904,1899.66
quat2,0.21610,-0.83381,0.49212,-0.12602,1899.66
quat3,0.33535,-0.75353,0.07414,0.56058,1899.66
quat4,-0.58902,0.37104,0.02205,-0.71756,1899.66
quat5,0.00000,-0.86603,0.00000,0.50000,1899.66
quat6,0.00000,-0.86603,0.00000,0.50000,1899.66
quat7,0.00000,-0.86603,0.00000,0.50000,1899.66
quat8,0.00000,-0.86603,0.00000,0.50000,1899.66
quat0,0.51196,0.25020,-0.78783,0.23373,1899.68
quat1,-0.35370,0.85679,-0.22045,-0.30366,1899.68
quat2,0.22235,-0.83699,0.48744,-0.11139,1899.68
quat3,0.33444,-0.75109,0.07634,0.56408,1899.68
quat4,-0.58743,0.37434,0.02314,-0.71712,1899.68
quat5,0.00000,-0.86603,0.00000,0.50000,1899.68
quat6,0.00000,-0.86603,0.00000,0.50000,1899.68
quat7,0.00000,-0.86603,0.00000,0.50000,1899.68
quat8,0.00000,-0.86603,0.00000,0.50000,1899.68
quat0,0.51693,0.24413,-0.78761,0.22992,1899.7
quat1,-0.36126,0.85585,-0.21708,-0.29980,1899.7
quat2,0.22466,-0.83697,0.48751,-0.10651,1899.7
quat3,0.33354,-0.75008,0.07902,0.56559,1899.7
quat4,-0.58691,0.37660,0.02353,-0.71635,1899.7
quat5,0.00000,-0.86603,0.00000,0.50000,1899.7
quat6,0.00000,-0.86603,0.00000,0.50000,1899.7
quat7,0.00000,-0.86603,0.00000,0.50000,1899.7
quat8,0.00000,-0.86603,0.00000,0.50000,1899.7
quat0,0.51421,0.24037,-0.79298,0.22135,1899.72
quat1,-0.36572,0.85476,-0.21594,-0.29833,1899.72
quat2,0.22787,-0.83630,0.48727,-0.10602,1899.72
quat3,0.33166,-0.75111,0.08355,0.56467,1899.72
quat4,-0.58655,0.38291,0.02021,-0.71339,1899.72
quat5,0.00000,-0.86603,0.00000,0.50000,1899.72
quat6,0.00000,-0.86603,0.00000,0.50000,1899.72
quat7,0.00000,-0.86603,0.00000,0.50000,1899.72
quat8,0.00000,-0.86603,0.00000,0.50000,1899.72
quat0,0.52082,0.23396,-0.79184,0.21680,1899.74
quat1,-0.36755,0.85331,-0.22039,-0.29696,1899.74
quat2,0.23325,-0.83591,0.48525,-0.10663,1899.74
quat3,0.33129,-0.75345,0.08941,0.56085,1899.74
quat4,-0.58696,0.38904,0.01655,-0.70983,1899.74
quat5,0.00000,-0.86603,0.00000,0.50000,1899.74
quat6,0.00000,-0.86603,0.00000,0.50000,1899.74
quat7,0.00000,-0.86603,0.00000,0.50000,1899.74
quat8,0.00000,-0.86603,0.00000,0.50000,1899.74
quat0,0.52466,0.22891,-0.79228,0.21127,1899.76
quat1,-0.36689,0.85287,-0.22687,-0.29415,1899.76
quat2,0.23377,-0.83419,0.48681,-0.11179,1899.76
quat3,0.33122,-0.75716,0.09458,0.55504,1899.76
quat4,-0.58720,0.39259,0.01551,-0.70769,1899.76
quat5,0.00000,-0.86603,0.00000,0.50000,1899.76
quat6,0.00000,-0.86603,0.00000,0.50000,1899.76
quat7,0.00000,-0.86603,0.00000,0.50000,1899.76
quat8,0.00000,-0.86603,0.00000,0.50000,1899.76
quat0,0.53019,0.22385,-0.79228,0.20266,1899.78
quat1,-0.36786,0.85110,-0.23227,-0.29389,1899.78
quat2,0.23423,-0.83185,0.48902,-0.11840,1899.78
quat3,0.33322,-0.76129,0.09837,0.54747,1899.78
quat4,-0.58744,0.39366,0.01505,-0.70691,1899.78
quat5,0.00000,-0.86603,0.00000,0.50000,1899.78
quat6,0.00000,-0.86603,0.00000,0.50000,1899.78
quat7,0.00000,-0.86603,0.00000,0.50000,1899.78
quat8,0.00000,-0.86603,0.00000,0.50000,1899.78
quat0,0.53226,0.21956,-0.79450,0.19304,1899.8
quat1,-0.36931,0.84845,-0.23691,-0.29600,1899.8
quat2,0.23672,-0.83064,0.48905,-0.12180,1899.8
quat3,0.33541,-0.76593,0.09993,0.53931,1899.8
quat4,-0.58610,0.39219,0.01651,-0.70881,1899.8
quat5,0.00000,-0.86603,0.00000,0.50000,1899.8
quat6,0.00000,-0.86603,0.00000,0.50000,1899.8
quat7,0.00000,-0.86603,0.00000,0.50000,1899.8
quat8,0.00000,-0.86603,0.00000,0.50000,1899.8
quat0,0.53347,0.21343,-0.79883,0.17810,1899.82
quat1,-0.37267,0.84520,-0.24063,-0.29809,1899.82
quat2,0.24006,-0.82961,0.48911,-0.12207,1899.82
quat3,0.33899,-0.76956,0.10198,0.53147,1899.82
quat4,-0.58561,0.38919,0.01836,-0.71081,1899.82
quat5,0.00000,-0.86603,0.00000,0.50000,1899.82
quat6,0.00000,-0.86603,0.00000,0.50000,1899.82
quat7,0.00000,-0.86603,0.00000,0.50000,1899.82
quat8,0.00000,-0.86603,0.00000,0.50000,1899.82
quat0,0.53375,0.21083,-0.80035,0.17348,1899.84
quat1,-0.37540,0.84274,-0.24270,-0.29995,1899.84
quat2,0.24245,-0.82918,0.48832,-0.12342,1899.84
quat3,0.34195,-0.77231,0.10349,0.52526,1899.84
quat4,-0.58428,0.38796,0.01801,-0.71259,1899.84
quat5,0.00000,-0.86603,0.00000,0.50000,1899.84
quat6,0.00000,-0.86603,0.00000,0.50000,1899.84
quat7,0.00000,-0.86603,0.00000,0.50000,1899.84
quat8,0.00000,-0.86603,0.00000,0.50000,1899.84
quat0,0.52688,0.20021,-0.81244,0.14920,1899.86
quat1,-0.37822,0.84066,-0.24538,-0.30004,1899.86
quat2,0.24335,-0.82829,0.48830,-0.12760,1899.86
quat3,0.34525,-0.77394,0.10600,0.52017,1899.86
quat4,-0.58403,0.38774,0.01634,-0.71295,1899.86
quat5,0.00000,-0.86603,0.00000,0.50000,1899.86
quat6,0.00000,-0.86603,0.00000,0.50000,1899.86
quat7,0.00000,-0.86603,0.00000,0.50000,1899.86
quat8,0.00000,-0.86603,0.00000,0.50000,1899.86
quat0,0.52352,0.19638,-0.81855,0.13168,1899.88
quat1,-0.37997,0.84011,-0.24716,-0.29793,1899.88
quat2,0.24210,-0.82786,0.48760,-0.13522,1899.88
quat3,0.34449,-0.77655,0.11396,0.51508,1899.88
quat4,-0.58098,0.38858,0.01357,-0.71505,1899.88
quat5,0.00000,-0.86603,0.00000,0.50000,1899.88
quat6,0.00000,-0.86603,0.00000,0.50000,1899.88
quat7,0.00000,-0.86603,0.00000,0.50000,1899.88
quat8,0.00000,-0.86603,0.00000,0.50000,1899.88
quat0,0.52558,0.18430,-0.82270,0.11383,1899.9
quat1,-0.38179,0.83774,-0.25059,-0.29940,1899.9
quat2,0.24948,-0.82336,0.49017,-0.13993,1899.9
quat3,0.34300,-0.77883,0.12651,0.50968,1899.9
quat4,-0.58103,0.38856,0.01097,-0.71506,1899.9
quat5,0.00000,-0.86603,0.00000,0.50000,1899.9
quat6,0.00000,-0.86603,0.00000,0.50000,1899.9
quat7,0.00000,-0.86603,0.00000,0.50000,1899.9
quat8,0.00000,-0.86603,0.00000,0.50000,1899.9
quat0,0.51983,0.18224,-0.82699,0.11245,1899.92
quat1,-0.38288,0.83516,-0.24798,-0.30728,1899.92
quat2,0.26934,-0.81756,0.49149,-0.13224,1899.92
quat3,0.34198,-0.78009,0.13878,0.50522,1899.92
quat4,-0.58885,0.39064,0.00704,-0.70753,1899.92
quat5,0.00000,-0.86603,0.00000,0.50000,1899.92
quat6,0.00000,-0.86603,0.00000,0.50000,1899.92
quat7,0.00000,-0.86603,0.00000,0.50000,1899.92
quat8,0.00000,-0.86603,0.00000,0.50000,1899.92
quat0,0.52224,0.16955,-0.82996,0.09841,1899.94
quat1,-0.39208,0.82662,-0.23347,-0.32935,1899.94
quat2,0.29393,-0.80897,0.49546,-0.11701,1899.94
quat3,0.33647,-0.78503,0.16591,0.49294,1899.94
quat4,-0.60317,0.40132,-0.00777,-0.68925,1899.94
quat5,0.00000,-0.86603,0.00000,0.50000,1899.94
quat6,0.00000,-0.86603,0.00000,0.50000,1899.94
quat7,0.00000,-0.86603,0.00000,0.50000,1899.94
quat8,0.00000,-0.86603,0.00000,0.50000,1899.94
quat0,0.52001,0.16222,-0.83363,0.09132,1899.96
quat1,-0.40718,0.81313,-0.21928,-0.35348,1899.96
quat2,0.31012,-0.80274,0.49895,-0.10238,1899.96
quat3,0.33267,-0.78799,0.19673,0.47928,1899.96
quat4,-0.61537,0.40228,-0.01617,-0.67767,1899.96
quat5,0.00000,-0.86603,0.00000,0.50000,1899.96
quat6,0.00000,-0.86603,0.00000,0.50000,1899.96
quat7,0.00000,-0.86603,0.00000,0.50000,1899.96
quat8,0.00000,-0.86603,0.00000,0.50000,1899.96
quat0,0.52638,0.14831,-0.83297,0.08428,1899.98
quat1,-0.41805,0.80259,-0.22187,-0.36313,1899.98
quat2,0.31926,-0.79500,0.50683,-0.09582,1899.98
quat3,0.34254,-0.78214,0.21399,0.47449,1899.98
quat4,-0.62540,0.39326,-0.01279,-0.67384,1899.98
quat5,0.00000,-0.86603,0.00000,0.50000,1899.98
quat6,0.00000,-0.86603,0.00000,0.50000,1899.98
quat7,0.00000,-0.86603,0.00000,0.50000,1899.98
quat8,0.00000,-0.86603,0.00000,0.50000,1899.98
quat0,0.52176,0.13841,-0.83860,0.07324,1900
quat1,-0.41618,0.80024,-0.23742,-0.36062,1900
quat2,0.32303,-0.78844,0.51415,-0.09829,1900
quat3,0.34911,-0.77845,0.22498,0.47066,1900
quat4,-0.63213,0.39331,-0.01478,-0.66745,1900
quat5,0.00000,-0.86603,0.00000,0.50000,1900
quat6,0.00000,-0.86603,0.00000,0.50000,1900
quat7,0.00000,-0.86603,0.00000,0.50000,1900
quat8,0.00000,-0.86603,0.00000,0.50000,1900
quat0,0.51641,0.13270,-0.84323,0.06839,1900.02
quat1,-0.41099,0.80021,-0.25273,-0.35619,1900.02
quat2,0.32307,-0.78169,0.52272,-0.10659,1900.02
quat3,0.35101,-0.77866,0.23328,0.46483,1900.02
quat4,-0.63759,0.39574,-0.02065,-0.66064,1900.02
quat5,0.00000,-0.86603,0.00000,0.50000,1900.02
quat6,0.00000,-0.86603,0.00000,0.50000,1900.02
quat7,0.00000,-0.86603,0.00000,0.50000,1900.02
quat8,0.00000,-0.86603,0.00000,0.50000,1900.02
quat0,0.51520,0.13006,-0.84426,0.06988,1900.04
quat1,-0.40622,0.79883,-0.26337,-0.35706,1900.04
quat2,0.32184,-0.77738,0.52818,-0.11457,1900.04
quat3,0.35194,-0.78295,0.23340,0.45678,1900.04
quat4,-0.63952,0.39481,-0.02616,-0.65913,1900.04
quat5,0.00000,-0.86603,0.00000,0.50000,1900.04
quat6,0.00000,-0.86603,0.00000,0.50000,1900.04
quat7,0.00000,-0.86603,0.00000,0.50000,1900.04
quat8,0.00000,-0.86603,0.00000,0.50000,1900.04
quat0,0.51157,0.12309,-0.84833,0.05900,1900.06
quat1,-0.40292,0.79611,-0.26994,-0.36195,1900.06
quat2,0.32488,-0.77369,0.53090,-0.11837,1900.06
quat3,0.34821,-0.79206,0.23256,0.44419,1900.06
quat4,-0.64290,0.39663,-0.03588,-0.65427,1900.06
quat5,0.00000,-0.86603,0.00000,0.50000,1900.06
quat6,0.00000,-0.86603,0.00000,0.50000,1900.06
quat7,0.00000,-0.86603,0.00000,0.50000,1900.06
quat8,0.00000,-0.86603,0.00000,0.50000,1900.06
quat0,0.50902,0.12411,-0.84996,0.05529,1900.08
quat1,-0.39813,0.79353,-0.27369,-0.36999,1900.08
quat2,0.33097,-0.76875,0.53286,-0.12467,1900.08
quat3,0.34199,-0.80288,0.22899,0.43127,1900.08
quat4,-0.64445,0.40008,-0.04598,-0.65001,1900.08
quat5,0.00000,-0.86603,0.00000,0.50000,1900.08
quat6,0.00000,-0.86603,0.00000,0.50000,1900.08
quat7,0.00000,-0.86603,0.00000,0.50000,1900.08
quat8,0.00000,-0.86603,0.00000,0.50000,1900.08
quat0,0.50847,0.11499,-0.85240,0.04078,1900.1
quat1,-0.39179,0.79274,-0.27469,-0.37763,1900.1
quat2,0.33651,-0.76306,0.53552,-0.13309,1900.1
quat3,0.33382,-0.81439,0.22385,0.41861,1900.1
quat4,-0.64708,0.40488,-0.05932,-0.64331,1900.1
quat5,0.00000,-0.86603,0.00000,0.50000,1900.1
quat6,0.00000,-0.86603,0.00000,0.50000,1900.1
quat7,0.00000,-0.86603,0.00000,0.50000,1900.1
quat8,0.00000,-0.86603,0.00000,0.50000,1900.1
quat0,0.51054,0.11035,-0.85224,0.02946,1900.12
quat1,-0.38549,0.79175,-0.27136,-0.38846,1900.12
quat2,0.34236,-0.75854,0.53677,-0.13890,1900.12
quat3,0.32541,-0.82584,0.21477,0.40740,1900.12
quat4,-0.65190,0.40567,-0.07356,-0.63643,1900.12
quat5,0.00000,-0.86603,0.00000,0.50000,1900.12
quat6,0.00000,-0.86603,0.00000,0.50000,1900.12
quat7,0.00000,-0.86603,0.00000,0.50000,1900.12
quat8,0.00000,-0.86603,0.00000,0.50000,1900.12
quat0,0.50704,0.10230,-0.85581,0.00529,1900.14
quat1,-0.37736,0.78987,-0.26807,-0.40229,1900.14
quat2,0.34998,-0.75441,0.53691,-0.14183,1900.14
quat3,0.31928,-0.83464,0.20019,0.40170,1900.14
quat4,-0.66114,0.40033,-0.08499,-0.62881,1900.14
quat5,0.00000,-0.86603,0.00000,0.50000,1900.14
quat6,0.00000,-0.86603,0.00000,0.50000,1900.14
quat7,0.00000,-0.86603,0.00000,0.50000,1900.14
quat8,0.00000,-0.86603,0.00000,0.50000,1900.14
quat0,0.49681,0.09630,-0.86247,-0.00704,1900.16
quat1,-0.36599,0.78716,-0.26594,-0.41917,1900.16
quat2,0.35672,-0.75158,0.53565,-0.14479,1900.16
quat3,0.31196,-0.84115,0.19119,0.39823,1900.16
quat4,-0.67132,0.39461,-0.09604,-0.61999,1900.16
quat5,0.00000,-0.86603,0.00000,0.50000,1900.16
quat6,0.00000,-0.86603,0.00000,0.50000,1900.16
quat7,0.00000,-0.86603,0.00000,0.50000,1900.16
quat8,0.00000,-0.86603,0.00000,0.50000,1900.16
quat0,0.48639,0.09352,-0.86866,-0.01000,1900.18
quat1,-0.35251,0.78264,-0.26577,-0.43884,1900.18
quat2,0.36213,-0.74902,0.53489,-0.14741,1900.18
quat3,0.30627,-0.84766,0.18478,0.39183,1900.18
quat4,-0.68427,0.38316,-0.10541,-0.61144,1900.18
quat5,0.00000,-0.86603,0.00000,0.50000,1900.18
quat6,0.00000,-0.86603,0.00000,0.50000,1900.18
quat7,0.00000,-0.86603,0.00000,0.50000,1900.18
quat8,0.00000,-0.86603,0.00000,0.50000,1900.18
quat0,0.48529,0.08517,-0.86974,-0.02804,1900.2
quat1,-0.33704,0.77727,-0.26655,-0.45957,1900.2
quat2,0.36866,-0.75080,0.52850,-0.14520,1900.2
quat3,0.29845,-0.85754,0.17854,0.37906,1900.2
quat4,-0.69614,0.36834,-0.11538,-0.60531,1900.2
quat5,0.00000,-0.86603,0.00000,0.50000,1900.2
quat6,0.00000,-0.86603,0.00000,0.50000,1900.2
quat7,0.00000,-0.86603,0.00000,0.50000,1900.2
quat8,0.00000,-0.86603,0.00000,0.50000,1900.2
quat0,0.48242,0.08507,-0.87086,-0.04054,1900.22
quat1,-0.32116,0.77122,-0.26875,-0.47943,1900.22
quat2,0.37673,-0.75179,0.52216,-0.14226,1900.22
quat3,0.29356,-0.86743,0.16935,0.36430,1900.22
quat4,-0.70825,0.34557,-0.12041,-0.60371,1900.22
quat5,0.00000,-0.86603,0.00000,0.50000,1900.22
quat6,0.00000,-0.86603,0.00000,0.50000,1900.22
quat7,0.00000,-0.86603,0.00000,0.50000,1900.22
quat8,0.00000,-0.86603,0.00000,0.50000,1900.22
quat0,0.48416,0.07626,-0.86969,-0.05843,1900.24
quat1,-0.30422,0.76607,-0.27061,-0.49735,1900.24
quat2,0.38775,-0.75039,0.51703,-0.13873,1900.24
quat3,0.29245,-0.87461,0.15333,0.35499,1900.24
quat4,-0.71838,0.32482,-0.12683,-0.60194,1900.24
quat5,0.00000,-0.86603,0.00000,0.50000,1900.24
quat6,0.00000,-0.86603,0.00000,0.50000,1900.24
quat7,0.00000,-0.86603,0.00000,0.50000,1900.24
quat8,0.00000,-0.86603,0.00000,0.50000,1900.24
quat0,0.48539,0.07455,-0.86817,-0.07153,1900.26
quat1,-0.28810,0.75838,-0.27159,-0.51778,1900.26
quat2,0.40345,-0.74415,0.51484,-0.13566,1900.26
quat3,0.29164,-0.88198,0.13487,0.34476,1900.26
quat4,-0.72804,0.30600,-0.13582,-0.59823,1900.26
quat5,0.00000,-0.86603,0.00000,0.50000,1900.26
quat6,0.00000,-0.86603,0.00000,0.50000,1900.26
quat7,0.00000,-0.86603,0.00000,0.50000,1900.26
quat8,0.00000,-0.86603,0.00000,0.50000,1900.26
quat0,0.49081,0.06912,-0.86428,-0.08573,1900.28
quat1,-0.27049,0.74814,-0.27197,-0.54143,1900.28
quat2,0.41950,-0.73625,0.51361,-0.13480,1900.28
quat3,0.28609,-0.89101,0.11028,0.33480,1900.28
quat4,-0.73452,0.29218,-0.14694,-0.59458,1900.28
quat5,0.00000,-0.86603,0.00000,0.50000,1900.28
quat6,0.00000,-0.86603,0.00000,0.50000,1900.28
quat7,0.00000,-0.86603,0.00000,0.50000,1900.28
quat8,0.00000,-0.86603,0.00000,0.50000,1900.28
quat0,0.49765,0.06705,-0.85970,-0.09367,1900.3
quat1,-0.25512,0.73639,-0.27321,-0.56391,1900.3
quat2,0.43450,-0.72701,0.51419,-0.13517,1900.3
quat3,0.27702,-0.90276,0.08268,0.31852,1900.3
quat4,-0.73855,0.28100,-0.16045,-0.59147,1900.3
quat5,0.00000,-0.86603,0.00000,0.50000,1900.3
quat6,0.00000,-0.86603,0.00000,0.50000,1900.3
quat7,0.00000,-0.86603,0.00000,0.50000,1900.3
quat8,0.00000,-0.86603,0.00000,0.50000,1900.3
quat0,0.50022,0.05566,-0.85742,-0.10734,1900.32
quat1,-0.23317,0.72776,-0.27514,-0.58336,1900.32
quat2,0.44823,-0.71828,0.51411,-0.13729,1900.32
quat3,0.26630,-0.91599,0.05118,0.29568,1900.32
quat4,-0.73964,0.27230,-0.17455,-0.59019,1900.32
quat5,0.00000,-0.86603,0.00000,0.50000,1900.32
quat6,0.00000,-0.86603,0.00000,0.50000,1900.32
quat7,0.00000,-0.86603,0.00000,0.50000,1900.32
quat8,0.00000,-0.86603,0.00000,0.50000,1900.32
quat0,0.50530,0.05151,-0.85342,-0.11699,1900.34
quat1,-0.20872,0.71679,-0.27861,-0.60418,1900.34
quat2,0.46295,-0.71040,0.51166,-0.13860,1900.34
quat3,0.25759,-0.92800,0.01534,0.26876,1900.34
quat4,-0.74001,0.26672,-0.19108,-0.58714,1900.34
quat5,0.00000,-0.86603,0.00000,0.50000,1900.34
quat6,0.00000,-0.86603,0.00000,0.50000,1900.34
quat7,0.00000,-0.86603,0.00000,0.50000,1900.34
quat8,0.00000,-0.86603,0.00000,0.50000,1900.34
quat0,0.50496,0.04746,-0.85361,-0.11879,1900.36
quat1,-0.17889,0.70341,-0.28266,-0.62714,1900.36
quat2,0.47720,-0.70464,0.50661,-0.13823,1900.36
quat3,0.24652,-0.93847,-0.02450,0.24063,1900.36
quat4,-0.74077,0.26146,-0.20535,-0.58372,1900.36
quat5,0.00000,-0.86603,0.00000,0.50000,1900.36
quat6,0.00000,-0.86603,0.00000,0.50000,1900.36
quat7,0.00000,-0.86603,0.00000,0.50000,1900.36
quat8,0.00000,-0.86603,0.00000,0.50000,1900.36
quat0,0.50322,0.03920,-0.85354,-0.12922,1900.38
quat1,-0.14505,0.68475,-0.28630,-0.65430,1900.38
quat2,0.49328,-0.70035,0.49862,-0.13255,1900.38
quat3,0.23512,-0.94518,-0.06586,0.21684,1900.38
quat4,-0.74307,0.25832,-0.22064,-0.57658,1900.38
quat5,0.00000,-0.86603,0.00000,0.50000,1900.38
quat6,0.00000,-0.86603,0.00000,0.50000,1900.38
quat7,0.00000,-0.86603,0.00000,0.50000,1900.38
quat8,0.00000,-0.86603,0.00000,0.50000,1900.38
quat0,0.49944,0.03068,-0.85455,-0.13917,1900.4
quat1,-0.10679,0.66542,-0.28593,-0.68122,1900.4
quat2,0.50738,-0.69723,0.49069,-0.12515,1900.4
quat3,0.21899,-0.95054,-0.10741,0.19232,1900.4
quat4,-0.74670,0.25543,-0.23286,-0.56830,1900.4
quat5,0.00000,-0.86603,0.00000,0.50000,1900.4
quat6,0.00000,-0.86603,0.00000,0.50000,1900.4
quat7,0.00000,-0.86603,0.00000,0.50000,1900.4
quat8,0.00000,-0.86603,0.00000,0.50000,1900.4
quat0,0.50190,0.02868,-0.85462,-0.13001,1900.42
quat1,-0.06386,0.64594,-0.28586,-0.70496,1900.42
quat2,0.52198,-0.69428,0.48263,-0.11214,1900.42
quat3,0.19919,-0.95424,-0.15073,0.16439,1900.42
quat4,-0.75330,0.25386,-0.24381,-0.55556,1900.42
quat5,0.00000,-0.86603,0.00000,0.50000,1900.42
quat6,0.00000,-0.86603,0.00000,0.50000,1900.42
quat7,0.00000,-0.86603,0.00000,0.50000,1900.42
quat8,0.00000,-0.86603,0.00000,0.50000,1900.42
quat0,0.50226,0.02881,-0.85566,-0.12148,1900.44
quat1,-0.01542,0.62751,-0.28328,-0.72509,1900.44
quat2,0.53403,-0.69170,0.47679,-0.09503,1900.44
quat3,0.17517,-0.95518,-0.19613,0.13592,1900.44
quat4,-0.76154,0.25552,-0.25091,-0.54019,1900.44
quat5,0.00000,-0.86603,0.00000,0.50000,1900.44
quat6,0.00000,-0.86603,0.00000,0.50000,1900.44
quat7,0.00000,-0.86603,0.00000,0.50000,1900.44
quat8,0.00000,-0.86603,0.00000,0.50000,1900.44
quat0,0.50097,0.02511,-0.85511,-0.13108,1900.46
quat1,0.03445,0.60676,-0.27643,-0.74447,1900.46
quat2,0.53935,-0.69122,0.47483,-0.07643,1900.46
quat3,0.14578,-0.95372,-0.23888,0.11002,1900.46
quat4,-0.77065,0.26053,-0.24962,-0.52528,1900.46
quat5,0.00000,-0.86603,0.00000,0.50000,1900.46
quat6,0.00000,-0.86603,0.00000,0.50000,1900.46
quat7,0.00000,-0.86603,0.00000,0.50000,1900.46
quat8,0.00000,-0.86603,0.00000,0.50000,1900.46
quat0,0.49142,0.02706,-0.86004,-0.13456,1900.48
quat1,0.08009,0.58452,-0.26663,-0.76212,1900.48
quat2,0.54084,-0.69485,0.47087,-0.05434,1900.48
quat3,0.11164,-0.95201,-0.27162,0.08621,1900.48
quat4,-0.77792,0.27369,-0.24054,-0.51193,1900.48
quat5,0.00000,-0.86603,0.00000,0.50000,1900.48
quat6,0.00000,-0.86603,0.00000,0.50000,1900.48
quat7,0.00000,-0.86603,0.00000,0.50000,1900.48
quat8,0.00000,-0.86603,0.00000,0.50000,1900.48
quat0,0.49567,0.02841,-0.85876,-0.12665,1900.5
quat1,0.11460,0.56856,-0.25198,-0.77467,1900.5
quat2,0.54024,-0.70037,0.46545,-0.03119,1900.5
quat3,0.08036,-0.95156,-0.28983,0.06382,1900.5
quat4,-0.78138,0.29062,-0.22774,-0.50311,1900.5
quat5,0.00000,-0.86603,0.00000,0.50000,1900.5
quat6,0.00000,-0.86603,0.00000,0.50000,1900.5
quat7,0.00000,-0.86603,0.00000,0.50000,1900.5
quat8,0.00000,-0.86603,0.00000,0.50000,1900.5
quat0,0.49522,0.02242,-0.85914,-0.12703,1900.52
quat1,0.13169,0.56546,-0.22973,-0.78111,1900.52
quat2,0.53805,-0.70561,0.46096,-0.01150,1900.52
quat3,0.06004,-0.95232,-0.29599,0.04314,1900.52
quat4,-0.78177,0.30982,-0.21606,-0.49615,1900.52
quat5,0.00000,-0.86603,0.00000,0.50000,1900.52
quat6,0.00000,-0.86603,0.00000,0.50000,1900.52
quat7,0.00000,-0.86603,0.00000,0.50000,1900.52
quat8,0.00000,-0.86603,0.00000,0.50000,1900.52
quat0,0.50021,0.01724,-0.85458,-0.13848,1900.54
quat1,0.13491,0.57128,-0.20779,-0.78247,1900.54
quat2,0.53792,-0.70976,0.45481,0.00527,1900.54
quat3,0.04752,-0.95418,-0.29386,0.03056,1900.54
quat4,-0.78113,0.32664,-0.20627,-0.49050,1900.54
quat5,0.00000,-0.86603,0.00000,0.50000,1900.54
quat6,0.00000,-0.86603,0.00000,0.50000,1900.54
quat7,0.00000,-0.86603,0.00000,0.50000,1900.54
quat8,0.00000,-0.86603,0.00000,0.50000,1900.54
quat0,0.48177,0.02516,-0.86589,-0.13224,1900.56
quat1,0.12718,0.58731,-0.18768,-0.77696,1900.56
quat2,0.53923,-0.71007,0.45260,0.01361,1900.56
quat3,0.03935,-0.95719,-0.28504,0.03161,1900.56
quat4,-0.78170,0.33686,-0.20117,-0.48477,1900.56
quat5,0.00000,-0.86603,0.00000,0.50000,1900.56
quat6,0.00000,-0.86603,0.00000,0.50000,1900.56
quat7,0.00000,-0.86603,0.00000,0.50000,1900.56
quat8,0.00000,-0.86603,0.00000,0.50000,1900.56
quat0,0.49170,0.03702,-0.86095,-0.12501,1900.58
quat1,0.11429,0.61199,-0.16941,-0.76401,1900.58
quat2,0.54307,-0.70870,0.45008,0.01565,1900.58
quat3,0.03205,-0.96041,-0.27314,0.04452,1900.58
quat4,-0.78305,0.34213,-0.20226,-0.47840,1900.58
quat5,0.00000,-0.86603,0.00000,0.50000,1900.58
quat6,0.00000,-0.86603,0.00000,0.50000,1900.58
quat7,0.00000,-0.86603,0.00000,0.50000,1900.58
quat8,0.00000,-0.86603,0.00000,0.50000,1900.58
quat0,0.48240,0.04426,-0.86461,-0.13335,1900.6
quat1,0.09920,0.64041,-0.15369,-0.74593,1900.6
quat2,0.54974,-0.70614,0.44606,0.01335,1900.6
quat3,0.02683,-0.96353,-0.25826,0.06466,1900.6
quat4,-0.78495,0.34195,-0.20365,-0.47482,1900.6
quat5,0.00000,-0.86603,0.00000,0.50000,1900.6
quat6,0.00000,-0.86603,0.00000,0.50000,1900.6
quat7,0.00000,-0.86603,0.00000,0.50000,1900.6
quat8,0.00000,-0.86603,0.00000,0.50000,1900.6
quat0,0.48285,0.05816,-0.86650,-0.11245,1900.62
quat1,0.08525,0.67063,-0.14125,-0.72322,1900.62
quat2,0.55413,-0.70381,0.44447,0.00588,1900.62
quat3,0.02636,-0.96563,-0.24271,0.08920,1900.62
quat4,-0.78565,0.33911,-0.20612,-0.47463,1900.62
quat5,0.00000,-0.86603,0.00000,0.50000,1900.62
quat6,0.00000,-0.86603,0.00000,0.50000,1900.62
quat7,0.00000,-0.86603,0.00000,0.50000,1900.62
quat8,0.00000,-0.86603,0.00000,0.50000,1900.62
quat0,0.49505,0.05868,-0.85980,-0.11056,1900.64
quat1,0.06801,0.69985,-0.13311,-0.69847,1900.64
quat2,0.55798,-0.69982,0.44598,-0.00273,1900.64
quat3,0.03395,-0.96669,-0.22695,0.11335,1900.64
quat4,-0.78672,0.33299,-0.20868,-0.47606,1900.64
quat5,0.00000,-0.86603,0.00000,0.50000,1900.64
quat6,0.00000,-0.86603,0.00000,0.50000,1900.64
quat7,0.00000,-0.86603,0.00000,0.50000,1900.64
quat8,0.00000,-0.86603,0.00000,0.50000,1900.64
quat0,0.48871,0.06210,-0.86319,-0.11052,1900.66
quat1,0.04650,0.72609,-0.12833,-0.67391,1900.66
quat2,0.56136,-0.69517,0.44888,-0.01125,1900.66
quat3,0.04681,-0.96670,-0.21147,0.13628,1900.66
quat4,-0.78728,0.32461,-0.20981,-0.48042,1900.66
quat5,0.00000,-0.86603,0.00000,0.50000,1900.66
quat6,0.00000,-0.86603,0.00000,0.50000,1900.66
quat7,0.00000,-0.86603,0.00000,0.50000,1900.66
quat8,0.00000,-0.86603,0.00000,0.50000,1900.66
quat0,0.49007,0.06567,-0.86234,-0.10902,1900.68
quat1,0.02337,0.74541,-0.12942,-0.65350,1900.68
quat2,0.56267,-0.68925,0.45594,-0.02122,1900.68
quat3,0.06339,-0.96617,-0.19463,0.15691,1900.68
quat4,-0.78831,0.31458,-0.20975,-0.48540,1900.68
quat5,0.00000,-0.86603,0.00000,0.50000,1900.68
quat6,0.00000,-0.86603,0.00000,0.50000,1900.68
quat7,0.00000,-0.86603,0.00000,0.50000,1900.68
quat8,0.00000,-0.86603,0.00000,0.50000,1900.68
quat0,0.49159,0.07471,-0.86167,-0.10141,1900.7
quat1,0.00044,0.75953,-0.13382,-0.63656,1900.7
quat2,0.56314,-0.68325,0.46377,-0.03087,1900.7
quat3,0.08076,-0.96508,-0.17823,0.17415,1900.7
quat4,-0.78863,0.30517,-0.20974,-0.49086,1900.7
quat5,0.00000,-0.86603,0.00000,0.50000,1900.7
quat6,0.00000,-0.86603,0.00000,0.50000,1900.7
quat7,0.00000,-0.86603,0.00000,0.50000,1900.7
quat8,0.00000,-0.86603,0.00000,0.50000,1900.7
quat0,0.49306,0.07710,-0.86104,-0.09778,1900.72
quat1,-0.02295,0.76960,-0.14106,-0.62233,1900.72
quat2,0.56408,-0.67570,0.47290,-0.04004,1900.72
quat3,0.09838,-0.96425,-0.16041,0.18660,1900.72
quat4,-0.78946,0.29537,-0.21013,-0.49534,1900.72
quat5,0.00000,-0.86603,0.00000,0.50000,1900.72
quat6,0.00000,-0.86603,0.00000,0.50000,1900.72
quat7,0.00000,-0.86603,0.00000,0.50000,1900.72
quat8,0.00000,-0.86603,0.00000,0.50000,1900.72
quat0,0.49652,0.08040,-0.85965,-0.08950,1900.74
quat1,-0.04485,0.77554,-0.14977,-0.61164,1900.74
quat2,0.56473,-0.66864,0.48132,-0.04840,1900.74
quat3,0.11441,-0.96284,-0.14353,0.19811,1900.74
quat4,-0.78972,0.28635,-0.21020,-0.50016,1900.74
quat5,0.00000,-0.86603,0.00000,0.50000,1900.74
quat6,0.00000,-0.86603,0.00000,0.50000,1900.74
quat7,0.00000,-0.86603,0.00000,0.50000,1900.74
quat8,0.00000,-0.86603,0.00000,0.50000,1900.74
quat0,0.49529,0.08396,-0.86028,-0.08691,1900.76
quat1,-0.06665,0.77789,-0.15922,-0.60423,1900.76
quat2,0.56376,-0.66181,0.49083,-0.05709,1900.76
quat3,0.13038,-0.96066,-0.12708,0.20972,1900.76
quat4,-0.79114,0.27601,-0.20923,-0.50412,1900.76
quat5,0.00000,-0.86603,0.00000,0.50000,1900.76
quat6,0.00000,-0.86603,0.00000,0.50000,1900.76
quat7,0.00000,-0.86603,0.00000,0.50000,1900.76
quat8,0.00000,-0.86603,0.00000,0.50000,1900.76
quat0,0.49711,0.09348,-0.85943,-0.07431,1900.78
quat1,-0.08938,0.77826,-0.16799,-0.59841,1900.78
quat2,0.56138,-0.65745,0.49846,-0.06443,1900.78
quat3,0.14649,-0.95766,-0.11432,0.21989,1900.78
quat4,-0.79242,0.26534,-0.20823,-0.50824,1900.78
quat5,0.00000,-0.86603,0.00000,0.50000,1900.78
quat6,0.00000,-0.86603,0.00000,0.50000,1900.78
quat7,0.00000,-0.86603,0.00000,0.50000,1900.78
quat8,0.00000,-0.86603,0.00000,0.50000,1900.78
quat0,0.50293,0.09875,-0.85604,-0.06715,1900.8
quat1,-0.11119,0.77567,-0.17864,-0.59503,1900.8
quat2,0.55989,-0.65315,0.50490,-0.07070,1900.8
quat3,0.16378,-0.95413,-0.10381,0.22811,1900.8
quat4,-0.79443,0.25252,-0.20579,-0.51261,1900.8
quat5,0.00000,-0.86603,0.00000,0.50000,1900.8
quat6,0.00000,-0.86603,0.00000,0.50000,1900.8
quat7,0.00000,-0.86603,0.00000,0.50000,1900.8
quat8,0.00000,-0.86603,0.00000,0.50000,1900.8
quat0,0.51016,0.10614,-0.85201,-0.05047,1900.82
quat1,-0.12899,0.77206,-0.18881,-0.59299,1900.82
quat2,0.55673,-0.65047,0.51078,-0.07778,1900.82
quat3,0.18051,-0.94993,-0.09408,0.23707,1900.82
quat4,-0.79497,0.24126,-0.20325,-0.51817,1900.82
quat5,0.00000,-0.86603,0.00000,0.50000,1900.82
quat6,0.00000,-0.86603,0.00000,0.50000,1900.82
quat7,0.00000,-0.86603,0.00000,0.50000,1900.82
quat8,0.00000,-0.86603,0.00000,0.50000,1900.82
quat0,0.51036,0.11005,-0.85186,-0.04178,1900.84
quat1,-0.14492,0.76902,-0.19900,-0.58991,1900.84
quat2,0.55191,-0.64767,0.51810,-0.08658,1900.84
quat3,0.19663,-0.94543,-0.08418,0.24579,1900.84
quat4,-0.79510,0.23051,-0.20153,-0.52352,1900.84
quat5,0.00000,-0.86603,0.00000,0.50000,1900.84
quat6,0.00000,-0.86603,0.00000,0.50000,1900.84
quat7,0.00000,-0.86603,0.00000,0.50000,1900.84
quat8,0.00000,-0.86603,0.00000,0.50000,1900.84
quat0,0.50952,0.12054,-0.85150,-0.02856,1900.86
quat1,-0.15786,0.76825,-0.20954,-0.58393,1900.86
quat2,0.54569,-0.64639,0.52467,-0.09552,1900.86
quat3,0.21210,-0.94043,-0.07688,0.25434,1900.86
quat4,-0.79383,0.22049,-0.20088,-0.52997,1900.86
quat5,0.00000,-0.86603,0.00000,0.50000,1900.86
quat6,0.00000,-0.86603,0.00000,0.50000,1900.86
quat7,0.00000,-0.86603,0.00000,0.50000,1900.86
quat8,0.00000,-0.86603,0.00000,0.50000,1900.86
quat0,0.51129,0.12571,-0.84998,-0.01782,1900.88
quat1,-0.17225,0.76750,-0.22128,-0.57646,1900.88
quat2,0.53972,-0.64525,0.53069,-0.10355,1900.88
quat3,0.22925,-0.93468,-0.07085,0.26228,1900.88
quat4,-0.79136,0.20971,-0.20210,-0.53752,1900.88
quat5,0.00000,-0.86603,0.00000,0.50000,1900.88
quat6,0.00000,-0.86603,0.00000,0.50000,1900.88
quat7,0.00000,-0.86603,0.00000,0.50000,1900.88
quat8,0.00000,-0.86603,0.00000,0.50000,1900.88
quat0,0.50594,0.13299,-0.85218,-0.01126,1900.9
quat1,-0.18544,0.76865,-0.23345,-0.56594,1900.9
quat2,0.53238,-0.64616,0.53557,-0.11052,1900.9
quat3,0.24579,-0.92812,-0.06689,0.27150,1900.9
quat4,-0.78601,0.19950,-0.20422,-0.54834,1900.9
quat5,0.00000,-0.86603,0.00000,0.50000,1900.9
quat6,0.00000,-0.86603,0.00000,0.50000,1900.9
quat7,0.00000,-0.86603,0.00000,0.50000,1900.9
quat8,0.00000,-0.86603,0.00000,0.50000,1900.9
quat0,0.50574,0.14031,-0.85120,0.00120,1900.92
quat1,-0.19698,0.77044,-0.24642,-0.55398,1900.92
quat2,0.52352,-0.64838,0.54031,-0.11659,1900.92
quat3,0.26337,-0.91979,-0.06305,0.28398,1900.92
quat4,-0.78017,0.18656,-0.20148,-0.56209,1900.92
quat5,0.00000,-0.86603,0.00000,0.50000,1900.92
quat6,0.00000,-0.86603,0.00000,0.50000,1900.92
quat7,0.00000,-0.86603,0.00000,0.50000,1900.92
quat8,0.00000,-0.86603,0.00000,0.50000,1900.92
quat0,0.50444,0.14595,-0.85090,0.01428,1900.94
quat1,-0.20631,0.77084,-0.25866,-0.54437,1900.94
quat2,0.51346,-0.65304,0.54301,-0.12264,1900.94
quat3,0.28039,-0.91043,-0.05969,0.29824,1900.94
quat4,-0.77276,0.17446,-0.19708,-0.57755,1900.94
quat5,0.00000,-0.86603,0.00000,0.50000,1900.94
quat6,0.00000,-0.86603,0.00000,0.50000,1900.94
quat7,0.00000,-0.86603,0.00000,0.50000,1900.94
quat8,0.00000,-0.86603,0.00000,0.50000,1900.94
quat0,0.50343,0.15165,-0.85026,0.02492,1900.96
quat1,-0.21613,0.77074,-0.26942,-0.53540,1900.96
quat2,0.50182,-0.65804,0.54609,-0.13018,1900.96
quat3,0.29735,-0.90059,-0.05722,0.31185,1900.96
quat4,-0.76575,0.16335,-0.19112,-0.59196,1900.96
quat5,0.00000,-0.86603,0.00000,0.50000,1900.96
quat6,0.00000,-0.86603,0.00000,0.50000,1900.96
quat7,0.00000,-0.86603,0.00000,0.50000,1900.96
quat8,0.00000,-0.86603,0.00000,0.50000,1900.96
quat0,0.50306,0.16086,-0.84828,0.03832,1900.98
quat1,-0.22470,0.77032,-0.28022,-0.52687,1900.98
quat2,0.48908,-0.66390,0.54846,-0.13866,1900.98
quat3,0.31107,-0.89101,-0.05565,0.32593,1900.98
quat4,-0.75933,0.15454,-0.18405,-0.60470,1900.98
quat5,0.00000,-0.86603,0.00000,0.50000,1900.98
quat6,0.00000,-0.86603,0.00000,0.50000,1900.98
quat7,0.00000,-0.86603,0.00000,0.50000,1900.98
quat8,0.00000,-0.86603,0.00000,0.50000,1900.98
quat0,0.50260,0.16579,-0.84708,0.04852,1901
quat1,-0.23220,0.77103,-0.29104,-0.51661,1901
quat2,0.47720,-0.66969,0.54979,-0.14673,1901
quat3,0.32341,-0.88206,-0.05196,0.33863,1901
quat4,-0.75352,0.14891,-0.17811,-0.61506,1901
quat5,0.00000,-0.86603,0.00000,0.50000,1901
quat6,0.00000,-0.86603,0.00000,0.50000,1901
quat7,0.00000,-0.86603,0.00000,0.50000,1901
quat8,0.00000,-0.86603,0.00000,0.50000,1901
quat0,0.50405,0.17327,-0.84369,0.06407,1901.02
quat1,-0.23656,0.77387,-0.29989,-0.50521,1901.02
quat2,0.46503,-0.67704,0.54920,-0.15409,1901.02
quat3,0.33264,-0.87579,-0.04806,0.34648,1901.02
quat4,-0.74677,0.14568,-0.17269,-0.62554,1901.02
quat5,0.00000,-0.86603,0.00000,0.50000,1901.02
quat6,0.00000,-0.86603,0.00000,0.50000,1901.02
quat7,0.00000,-0.86603,0.00000,0.50000,1901.02
quat8,0.00000,-0.86603,0.00000,0.50000,1901.02
quat0,0.50512,0.17610,-0.84157,0.07479,1901.04
quat1,-0.23959,0.77787,-0.30760,-0.49284,1901.04
quat2,0.45188,-0.68413,0.54937,-0.16112,1901.04
quat3,0.34140,-0.87050,-0.04400,0.35177,1901.04
quat4,-0.73998,0.14399,-0.16578,-0.63578,1901.04
quat5,0.00000,-0.86603,0.00000,0.50000,1901.04
quat6,0.00000,-0.86603,0.00000,0.50000,1901.04
quat7,0.00000,-0.86603,0.00000,0.50000,1901.04
quat8,0.00000,-0.86603,0.00000,0.50000,1901.04
quat0,0.50514,0.18291,-0.83861,0.09009,1901.06
quat1,-0.24202,0.78291,-0.31208,-0.48072,1901.06
quat2,0.43877,-0.69266,0.54760,-0.16685,1901.06
quat3,0.34878,-0.86575,-0.04036,0.35666,1901.06
quat4,-0.73152,0.14501,-0.15790,-0.64723,1901.06
quat5,0.00000,-0.86603,0.00000,0.50000,1901.06
quat6,0.00000,-0.86603,0.00000,0.50000,1901.06
quat7,0.00000,-0.86603,0.00000,0.50000,1901.06
quat8,0.00000,-0.86603,0.00000,0.50000,1901.06
quat0,0.50427,0.18574,-0.83761,0.09805,1901.08
quat1,-0.24470,0.78667,-0.31513,-0.47114,1901.08
quat2,0.42607,-0.70076,0.54559,-0.17246,1901.08
quat3,0.35620,-0.86003,-0.03710,0.36344,1901.08
quat4,-0.72245,0.14670,-0.14804,-0.65927,1901.08
quat5,0.00000,-0.86603,0.00000,0.50000,1901.08
quat6,0.00000,-0.86603,0.00000,0.50000,1901.08
quat7,0.00000,-0.86603,0.00000,0.50000,1901.08
quat8,0.00000,-0.86603,0.00000,0.50000,1901.08
quat0,0.50712,0.19390,-0.83187,0.11502,1901.1
quat1,-0.24600,0.79052,-0.31598,-0.46337,1901.1
quat2,0.41250,-0.70993,0.54254,-0.17744,1901.1
quat3,0.36178,-0.85311,-0.03594,0.37419,1901.1
quat4,-0.71088,0.15200,-0.13919,-0.67244,1901.1
quat5,0.00000,-0.86603,0.00000,0.50000,1901.1
quat6,0.00000,-0.86603,0.00000,0.50000,1901.1
quat7,0.00000,-0.86603,0.00000,0.50000,1901.1
quat8,0.00000,-0.86603,0.00000,0.50000,1901.1
quat0,0.50967,0.20184,-0.82589,0.13194,1901.12
quat1,-0.24830,0.79339,-0.31461,-0.45816,1901.12
quat2,0.39657,-0.71872,0.54088,-0.18338,1901.12
quat3,0.36577,-0.84591,-0.03506,0.38655,1901.12
quat4,-0.69828,0.16063,-0.13281,-0.68481,1901.12
quat5,0.00000,-0.86603,0.00000,0.50000,1901.12
quat6,0.00000,-0.86603,0.00000,0.50000,1901.12
quat7,0.00000,-0.86603,0.00000,0.50000,1901.12
quat8,0.00000,-0.86603,0.00000,0.50000,1901.12
quat0,0.51279,0.21077,-0.81988,0.14289,1901.14
quat1,-0.25167,0.79668,-0.30996,-0.45376,1901.14
quat2,0.38039,-0.72907,0.53687,-0.18847,1901.14
quat3,0.36773,-0.84054,-0.03410,0.39637,1901.14
quat4,-0.68438,0.17088,-0.12604,-0.69752,1901.14
quat5,0.00000,-0.86603,0.00000,0.50000,1901.14
quat6,0.00000,-0.86603,0.00000,0.50000,1901.14
quat7,0.00000,-0.86603,0.00000,0.50000,1901.14
quat8,0.00000,-0.86603,0.00000,0.50000,1901.14
quat0,0.51407,0.21968,-0.81294,0.16307,1901.16
quat1,-0.25474,0.79957,-0.30584,-0.44974,1901.16
quat2,0.36497,-0.73950,0.53200,-0.19213,1901.16
quat3,0.36916,-0.83596,-0.03154,0.40485,1901.16
quat4,-0.67153,0.17716,-0.11377,-0.71043,1901.16
quat5,0.00000,-0.86603,0.00000,0.50000,1901.16
quat6,0.00000,-0.86603,0.00000,0.50000,1901.16
quat7,0.00000,-0.86603,0.00000,0.50000,1901.16
quat8,0.00000,-0.86603,0.00000,0.50000,1901.16
quat0,0.50519,0.23898,-0.80560,0.19668,1901.18
quat1,-0.25726,0.80378,-0.29982,-0.44482,1901.18
quat2,0.34882,-0.75000,0.52696,-0.19530,1901.18
quat3,0.36902,-0.82984,-0.03092,0.41741,1901.18
quat4,-0.65914,0.18189,-0.09864,-0.72299,1901.18
quat5,0.00000,-0.86603,0.00000,0.50000,1901.18
quat6,0.00000,-0.86603,0.00000,0.50000,1901.18
quat7,0.00000,-0.86603,0.00000,0.50000,1901.18
quat8,0.00000,-0.86603,0.00000,0.50000,1901.18
quat0,0.51454,0.22593,-0.80936,0.17072,1901.2
quat1,-0.25962,0.80939,-0.29329,-0.43757,1901.2
quat2,0.33219,-0.75911,0.52361,-0.19807,1901.2
quat3,0.36798,-0.82322,-0.03050,0.43124,1901.2
quat4,-0.64849,0.18985,-0.08840,-0.73185,1901.2
quat5,0.00000,-0.86603,0.00000,0.50000,1901.2
quat6,0.00000,-0.86603,0.00000,0.50000,1901.2
quat7,0.00000,-0.86603,0.00000,0.50000,1901.2
quat8,0.00000,-0.86603,0.00000,0.50000,1901.2
quat0,0.51426,0.23756,-0.80072,0.19480,1901.22
quat1,-0.26101,0.81643,-0.28624,-0.42824,1901.22
quat2,0.31636,-0.76861,0.51883,-0.19993,1901.22
quat3,0.36580,-0.81685,-0.03074,0.44498,1901.22
quat4,-0.63820,0.20272,-0.08314,-0.73803,1901.22
quat5,0.00000,-0.86603,0.00000,0.50000,1901.22
quat6,0.00000,-0.86603,0.00000,0.50000,1901.22
quat7,0.00000,-0.86603,0.00000,0.50000,1901.22
quat8,0.00000,-0.86603,0.00000,0.50000,1901.22
quat0,0.51336,0.23935,-0.80039,0.19634,1901.24
quat1,-0.26344,0.82277,-0.27968,-0.41883,1901.24
quat2,0.30250,-0.77746,0.51401,-0.19960,1901.24
quat3,0.36316,-0.81118,-0.02954,0.45742,1901.24
quat4,-0.63000,0.21370,-0.07388,-0.74295,1901.24
quat5,0.00000,-0.86603,0.00000,0.50000,1901.24
quat6,0.00000,-0.86603,0.00000,0.50000,1901.24
quat7,0.00000,-0.86603,0.00000,0.50000,1901.24
quat8,0.00000,-0.86603,0.00000,0.50000,1901.24
quat0,0.51618,0.24317,-0.79384,0.21036,1901.26
quat1,-0.26551,0.82804,-0.27327,-0.41131,1901.26
quat2,0.28966,-0.78406,0.51137,-0.19961,1901.26
quat3,0.35953,-0.80558,-0.02747,0.47014,1901.26
quat4,-0.62319,0.21986,-0.05893,-0.74822,1901.26
quat5,0.00000,-0.86603,0.00000,0.50000,1901.26
quat6,0.00000,-0.86603,0.00000,0.50000,1901.26
quat7,0.00000,-0.86603,0.00000,0.50000,1901.26
quat8,0.00000,-0.86603,0.00000,0.50000,1901.26
quat0,0.51501,0.24522,-0.79309,0.21367,1901.28
quat1,-0.26902,0.83223,-0.26565,-0.40553,1901.28
quat2,0.27917,-0.78864,0.51001,-0.19998,1901.28
quat3,0.35573,-0.80021,-0.02387,0.48224,1901.28
quat4,-0.61856,0.22643,-0.04546,-0.75103,1901.28
quat5,0.00000,-0.86603,0.00000,0.50000,1901.28
quat6,0.00000,-0.86603,0.00000,0.50000,1901.28
quat7,0.00000,-0.86603,0.00000,0.50000,1901.28
quat8,0.00000,-0.86603,0.00000,0.50000,1901.28
quat0,0.51783,0.24647,-0.78916,0.21985,1901.3
quat1,-0.27240,0.83572,-0.25884,-0.40048,1901.3
quat2,0.26978,-0.79443,0.50609,-0.19993,1901.3
quat3,0.35118,-0.79695,-0.01864,0.49112,1901.3
quat4,-0.61410,0.23686,-0.03657,-0.75196,1901.3
quat5,0.00000,-0.86603,0.00000,0.50000,1901.3
quat6,0.00000,-0.86603,0.00000,0.50000,1901.3
quat7,0.00000,-0.86603,0.00000,0.50000,1901.3
quat8,0.00000,-0.86603,0.00000,0.50000,1901.3
quat0,0.51650,0.25029,-0.78769,0.22388,1901.32
quat1,-0.27657,0.83912,-0.25379,-0.39368,1901.32
quat2,0.25817,-0.79976,0.50334,-0.20094,1901.32
quat3,0.34686,-0.79349,-0.01374,0.49986,1901.32
quat4,-0.60983,0.25133,-0.02743,-0.75113,1901.32
quat5,0.00000,-0.86603,0.00000,0.50000,1901.32
quat6,0.00000,-0.86603,0.00000,0.50000,1901.32
quat7,0.00000,-0.86603,0.00000,0.50000,1901.32
quat8,0.00000,-0.86603,0.00000,0.50000,1901.32
quat0,0.51576,0.25794,-0.78216,0.23598,1901.34
quat1,-0.28082,0.84296,-0.25044,-0.38449,1901.34
quat2,0.24319,-0.80350,0.50376,-0.20366,1901.34
quat3,0.34363,-0.78741,-0.01082,0.51165,1901.34
quat4,-0.60426,0.26538,-0.01995,-0.75103,1901.34
quat5,0.00000,-0.86603,0.00000,0.50000,1901.34
quat6,0.00000,-0.86603,0.00000,0.50000,1901.34
quat7,0.00000,-0.86603,0.00000,0.50000,1901.34
quat8,0.00000,-0.86603,0.00000,0.50000,1901.34
quat0,0.51523,0.25729,-0.78231,0.23733,1901.36
quat1,-0.28454,0.84763,-0.24660,-0.37384,1901.36
quat2,0.23162,-0.80678,0.50353,-0.20474,1901.36
quat3,0.34122,-0.78067,-0.00624,0.52353,1901.36
quat4,-0.59878,0.27731,-0.01153,-0.75129,1901.36
quat5,0.00000,-0.86603,0.00000,0.50000,1901.36
quat6,0.00000,-0.86603,0.00000,0.50000,1901.36
quat7,0.00000,-0.86603,0.00000,0.50000,1901.36
quat8,0.00000,-0.86603,0.00000,0.50000,1901.36
quat0,0.51454,0.26203,-0.77829,0.24669,1901.38
quat1,-0.28978,0.85126,-0.24147,-0.36481,1901.38
quat2,0.22010,-0.81032,0.50277,-0.20535,1901.38
quat3,0.33796,-0.77508,-0.00051,0.53389,1901.38
quat4,-0.59242,0.28656,-0.00065,-0.75294,1901.38
quat5,0.00000,-0.86603,0.00000,0.50000,1901.38
quat6,0.00000,-0.86603,0.00000,0.50000,1901.38
quat7,0.00000,-0.86603,0.00000,0.50000,1901.38
quat8,0.00000,-0.86603,0.00000,0.50000,1901.38
quat0,0.51190,0.26718,-0.77672,0.25154,1901.4
quat1,-0.29675,0.85381,-0.23512,-0.35730,1901.4
quat2,0.20879,-0.81399,0.50240,-0.20352,1901.4
quat3,0.33506,-0.76837,0.00580,0.54527,1901.4
quat4,-0.58565,0.29692,0.00961,-0.75416,1901.4
quat5,0.00000,-0.86603,0.00000,0.50000,1901.4
quat6,0.00000,-0.86603,0.00000,0.50000,1901.4
quat7,0.00000,-0.86603,0.00000,0.50000,1901.4
quat8,0.00000,-0.86603,0.00000,0.50000,1901.4
quat0,0.50946,0.27211,-0.77514,0.25606,1901.42
quat1,-0.30414,0.85700,-0.22896,-0.34732,1901.42
quat2,0.19961,-0.81842,0.50141,-0.19732,1901.42
quat3,0.33356,-0.75905,0.01044,0.55899,1901.42
quat4,-0.57904,0.30772,0.01971,-0.75474,1901.42
quat5,0.00000,-0.86603,0.00000,0.50000,1901.42
quat6,0.00000,-0.86603,0.00000,0.50000,1901.42
quat7,0.00000,-0.86603,0.00000,0.50000,1901.42
quat8,0.00000,-0.86603,0.00000,0.50000,1901.42
quat0,0.50822,0.27845,-0.77229,0.26029,1901.44
quat1,-0.31211,0.86002,-0.22199,-0.33715,1901.44
quat2,0.19332,-0.82238,0.50087,-0.18828,1901.44
quat3,0.33384,-0.74921,0.01351,0.57188,1901.44
quat4,-0.57385,0.31493,0.03057,-0.75537,1901.44
quat5,0.00000,-0.86603,0.00000,0.50000,1901.44
quat6,0.00000,-0.86603,0.00000,0.50000,1901.44
quat7,0.00000,-0.86603,0.00000,0.50000,1901.44
quat8,0.00000,-0.86603,0.00000,0.50000,1901.44
quat0,0.51056,0.27645,-0.77186,0.25912,1901.46
quat1,-0.32096,0.86170,-0.21361,-0.32991,1901.46
quat2,0.19351,-0.82716,0.49827,-0.17346,1901.46
quat3,0.33534,-0.74010,0.01569,0.58272,1901.46
quat4,-0.56988,0.32213,0.03872,-0.75497,1901.46
quat5,0.00000,-0.86603,0.00000,0.50000,1901.46
quat6,0.00000,-0.86603,0.00000,0.50000,1901.46
quat7,0.00000,-0.86603,0.00000,0.50000,1901.46
quat8,0.00000,-0.86603,0.00000,0.50000,1901.46
quat0,0.50787,0.28428,-0.76962,0.26255,1901.48
quat1,-0.33194,0.86141,-0.20417,-0.32572,1901.48
quat2,0.20061,-0.83398,0.49129,-0.15122,1901.48
quat3,0.33675,-0.73158,0.01742,0.59252,1901.48
quat4,-0.56763,0.33452,0.04065,-0.75116,1901.48
quat5,0.00000,-0.86603,0.00000,0.50000,1901.48
quat6,0.00000,-0.86603,0.00000,0.50000,1901.48
quat7,0.00000,-0.86603,0.00000,0.50000,1901.48
quat8,0.00000,-0.86603,0.00000,0.50000,1901.48
quat0,0.50643,0.28862,-0.76557,0.27228,1901.5
quat1,-0.34274,0.86048,-0.19679,-0.32154,1901.5
quat2,0.20761,-0.83923,0.48532,-0.13056,1901.5
quat3,0.33902,-0.72323,0.01801,0.60139,1901.5
quat4,-0.56583,0.34308,0.04278,-0.74853,1901.5
quat5,0.00000,-0.86603,0.00000,0.50000,1901.5
quat6,0.00000,-0.86603,0.00000,0.50000,1901.5
quat7,0.00000,-0.86603,0.00000,0.50000,1901.5
quat8,0.00000,-0.86603,0.00000,0.50000,1901.5
quat0,0.50349,0.29257,-0.76630,0.27144,1901.52
quat1,-0.35144,0.85976,-0.19154,-0.31722,1901.52
quat2,0.21295,-0.84223,0.48158,-0.11573,1901.52
quat3,0.34094,-0.71611,0.01667,0.60883,1901.52
quat4,-0.56397,0.34734,0.04586,-0.74779,1901.52
quat5,0.00000,-0.86603,0.00000,0.50000,1901.52
quat6,0.00000,-0.86603,0.00000,0.50000,1901.52
quat7,0.00000,-0.86603,0.00000,0.50000,1901.52
quat8,0.00000,-0.86603,0.00000,0.50000,1901.52
quat0,0.50280,0.29529,-0.76519,0.27292,1901.54
quat1,-0.35797,0.85870,-0.18932,-0.31408,1901.54
quat2,0.21915,-0.84376,0.47867,-0.10448,1901.54
quat3,0.34399,-0.71064,0.01447,0.61356,1901.54
quat4,-0.56236,0.34825,0.04967,-0.74834,1901.54
quat5,0.00000,-0.86603,0.00000,0.50000,1901.54
quat6,0.00000,-0.86603,0.00000,0.50000,1901.54
quat7,0.00000,-0.86603,0.00000,0.50000,1901.54
quat8,0.00000,-0.86603,0.00000,0.50000,1901.54
quat0,0.50956,0.28865,-0.76471,0.26881,1901.56
quat1,-0.36170,0.85818,-0.18943,-0.31116,1901.56
quat2,0.22221,-0.84325,0.47886,-0.10119,1901.56
quat3,0.34527,-0.70843,0.01279,0.61544,1901.56
quat4,-0.56115,0.34493,0.05583,-0.75034,1901.56
quat5,0.00000,-0.86603,0.00000,0.50000,1901.56
quat6,0.00000,-0.86603,0.00000,0.50000,1901.56
quat7,0.00000,-0.86603,0.00000,0.50000,1901.56
quat8,0.00000,-0.86603,0.00000,0.50000,1901.56
quat0,0.50916,0.28555,-0.77136,0.25343,1901.58
quat1,-0.36460,0.85747,-0.19040,-0.30911,1901.58
quat2,0.22174,-0.84144,0.48165,-0.10406,1901.58
quat3,0.34621,-0.70845,0.01406,0.61485,1901.58
quat4,-0.56171,0.34437,0.05995,-0.74987,1901.58
quat5,0.00000,-0.86603,0.00000,0.50000,1901.58
quat6,0.00000,-0.86603,0.00000,0.50000,1901.58
quat7,0.00000,-0.86603,0.00000,0.50000,1901.58
quat8,0.00000,-0.86603,0.00000,0.50000,1901.58
quat0,0.51511,0.28120,-0.76975,0.25114,1901.6
quat1,-0.36696,0.85612,-0.19124,-0.30956,1901.6
quat2,0.22427,-0.84146,0.48042,-0.10413,1901.6
quat3,0.34832,-0.70970,0.01703,0.61213,1901.6
quat4,-0.56288,0.34698,0.06081,-0.74771,1901.6
quat5,0.00000,-0.86603,0.00000,0.50000,1901.6
quat6,0.00000,-0.86603,0.00000,0.50000,1901.6
quat7,0.00000,-0.86603,0.00000,0.50000,1901.6
quat8,0.00000,-0.86603,0.00000,0.50000,1901.6
quat0,0.51601,0.27567,-0.77411,0.24186,1901.62
quat1,-0.36892,0.85424,-0.19374,-0.31087,1901.62
quat2,0.23075,-0.84137,0.47820,-0.10085,1901.62
quat3,0.35214,-0.71089,0.02021,0.60846,1901.62
quat4,-0.56533,0.34996,0.06083,-0.74447,1901.62
quat5,0.00000,-0.86603,0.00000,0.50000,1901.62
quat6,0.00000,-0.86603,0.00000,0.50000,1901.62
quat7,0.00000,-0.86603,0.00000,0.50000,1901.62
quat8,0.00000,-0.86603,0.00000,0.50000,1901.62
quat0,0.52366,0.27193,-0.77159,0.23766,1901.64
quat1,-0.37023,0.85328,-0.19654,-0.31019,1901.64
quat2,0.23424,-0.84092,0.47735,-0.10062,1901.64
quat3,0.35558,-0.71347,0.02278,0.60333,1901.64
quat4,-0.56780,0.35178,0.06053,-0.74175,1901.64
quat5,0.00000,-0.86603,0.00000,0.50000,1901.64
quat6,0.00000,-0.86603,0.00000,0.50000,1901.64
quat7,0.00000,-0.86603,0.00000,0.50000,1901.64
quat8,0.00000,-0.86603,0.00000,0.50000,1901.64
quat0,0.53220,0.26458,-0.77185,0.22584,1901.66
quat1,-0.37413,0.85107,-0.19917,-0.30991,1901.66
quat2,0.23451,-0.84005,0.47802,-0.10404,1901.66
quat3,0.35969,-0.71716,0.02608,0.59634,1901.66
quat4,-0.57031,0.35042,0.06081,-0.74045,1901.66
quat5,0.00000,-0.86603,0.00000,0.50000,1901.66
quat6,0.00000,-0.86603,0.00000,0.50000,1901.66
quat7,0.00000,-0.86603,0.00000,0.50000,1901.66
quat8,0.00000,-0.86603,0.00000,0.50000,1901.66
quat0,0.53330,0.26043,-0.77662,0.21126,1901.68
quat1,-0.37791,0.84859,-0.20189,-0.31035,1901.68
quat2,0.23358,-0.83914,0.47907,-0.10852,1901.68
quat3,0.36310,-0.72171,0.02882,0.58861,1901.68
quat4,-0.57125,0.34682,0.06314,-0.74122,1901.68
quat5,0.00000,-0.86603,0.00000,0.50000,1901.68
quat6,0.00000,-0.86603,0.00000,0.50000,1901.68
quat7,0.00000,-0.86603,0.00000,0.50000,1901.68
quat8,0.00000,-0.86603,0.00000,0.50000,1901.68
quat0,0.53060,0.25530,-0.78307,0.20021,1901.7
quat1,-0.38216,0.84554,-0.20553,-0.31109,1901.7
quat2,0.23575,-0.83795,0.47981,-0.10978,1901.7
quat3,0.36663,-0.72553,0.03290,0.58147,1901.7
quat4,-0.57274,0.34735,0.06262,-0.73986,1901.7
quat5,0.00000,-0.86603,0.00000,0.50000,1901.7
quat6,0.00000,-0.86603,0.00000,0.50000,1901.7
quat7,0.00000,-0.86603,0.00000,0.50000,1901.7
quat8,0.00000,-0.86603,0.00000,0.50000,1901.7
quat0,0.53378,0.24836,-0.78715,0.18380,1901.72
quat1,-0.38511,0.84280,-0.20633,-0.31433,1901.72
quat2,0.23992,-0.83792,0.47795,-0.10904,1901.72
quat3,0.36842,-0.72896,0.03864,0.57567,1901.72
quat4,-0.57133,0.35332,0.05965,-0.73837,1901.72
quat5,0.00000,-0.86603,0.00000,0.50000,1901.72
quat6,0.00000,-0.86603,0.00000,0.50000,1901.72
quat7,0.00000,-0.86603,0.00000,0.50000,1901.72
quat8,0.00000,-0.86603,0.00000,0.50000,1901.72
quat0,0.52871,0.24212,-0.79635,0.16633,1901.74
quat1,-0.38829,0.83954,-0.20528,-0.31980,1901.74
quat2,0.24547,-0.83744,0.47631,-0.10756,1901.74
quat3,0.37010,-0.72995,0.04866,0.57256,1901.74
quat4,-0.56746,0.36081,0.06037,-0.73767,1901.74
quat5,0.00000,-0.86603,0.00000,0.50000,1901.74
quat6,0.00000,-0.86603,0.00000,0.50000,1901.74
quat7,0.00000,-0.86603,0.00000,0.50000,1901.74
quat8,0.00000,-0.86603,0.00000,0.50000,1901.74
quat0,0.53136,0.23807,-0.79713,0.15988,1901.76
quat1,-0.38976,0.83657,-0.20116,-0.32830,1901.76
quat2,0.25235,-0.83737,0.47278,-0.10774,1901.76
quat3,0.36906,-0.73300,0.06638,0.56754,1901.76
quat4,-0.55938,0.36754,0.06206,-0.74038,1901.76
quat5,0.00000,-0.86603,0.00000,0.50000,1901.76
quat6,0.00000,-0.86603,0.00000,0.50000,1901.76
quat7,0.00000,-0.86603,0.00000,0.50000,1901.76
quat8,0.00000,-0.86603,0.00000,0.50000,1901.76
quat0,0.53073,0.22580,-0.80498,0.13912,1901.78
quat1,-0.39118,0.83303,-0.19611,-0.33851,1901.78
quat2,0.26217,-0.83652,0.46835,-0.11021,1901.78
quat3,0.36536,-0.73677,0.08916,0.56191,1901.78
quat4,-0.55247,0.37320,0.06537,-0.74245,1901.78
quat5,0.00000,-0.86603,0.00000,0.50000,1901.78
quat6,0.00000,-0.86603,0.00000,0.50000,1901.78
quat7,0.00000,-0.86603,0.00000,0.50000,1901.78
quat8,0.00000,-0.86603,0.00000,0.50000,1901.78
quat0,0.53200,0.21929,-0.80717,0.13176,1901.8
quat1,-0.39427,0.83033,-0.18773,-0.34621,1901.8
quat2,0.27413,-0.83340,0.46701,-0.11045,1901.8
quat3,0.35453,-0.74228,0.11232,0.55742,1901.8
quat4,-0.55133,0.38302,0.06108,-0.73865,1901.8
quat5,0.00000,-0.86603,0.00000,0.50000,1901.8
quat6,0.00000,-0.86603,0.00000,0.50000,1901.8
quat7,0.00000,-0.86603,0.00000,0.50000,1901.8
quat8,0.00000,-0.86603,0.00000,0.50000,1901.8
quat0,0.52948,0.21616,-0.81216,0.11543,1901.82
quat1,-0.40426,0.82422,-0.17950,-0.35356,1901.82
quat2,0.28739,-0.82814,0.47023,-0.10233,1901.82
quat3,0.33927,-0.75239,0.13563,0.54809,1901.82
quat4,-0.55972,0.40688,0.03797,-0.72092,1901.82
quat5,0.00000,-0.86603,0.00000,0.50000,1901.82
quat6,0.00000,-0.86603,0.00000,0.50000,1901.82
quat7,0.00000,-0.86603,0.00000,0.50000,1901.82
quat8,0.00000,-0.86603,0.00000,0.50000,1901.82
quat0,0.52746,0.22134,-0.81191,0.11661,1901.84
quat1,-0.42523,0.81135,-0.16225,-0.36683,1901.84
quat2,0.29595,-0.82503,0.47299,-0.08955,1901.84
quat3,0.33032,-0.75829,0.15940,0.53896,1901.84
quat4,-0.56877,0.42350,0.01741,-0.70487,1901.84
quat5,0.00000,-0.86603,0.00000,0.50000,1901.84
quat6,0.00000,-0.86603,0.00000,0.50000,1901.84
quat7,0.00000,-0.86603,0.00000,0.50000,1901.84
quat8,0.00000,-0.86603,0.00000,0.50000,1901.84
quat0,0.52632,0.20865,-0.81754,0.10528,1901.86
quat1,-0.44266,0.79909,-0.15765,-0.37504,1901.86
quat2,0.30188,-0.82006,0.47895,-0.08356,1901.86
quat3,0.32726,-0.75908,0.17843,0.53372,1901.86
quat4,-0.57462,0.42339,0.01324,-0.70027,1901.86
quat5,0.00000,-0.86603,0.00000,0.50000,1901.86
quat6,0.00000,-0.86603,0.00000,0.50000,1901.86
quat7,0.00000,-0.86603,0.00000,0.50000,1901.86
quat8,0.00000,-0.86603,0.00000,0.50000,1901.86
quat0,0.52323,0.19386,-0.82519,0.08778,1901.88
quat1,-0.44759,0.79640,-0.16551,-0.37151,1901.88
quat2,0.30738,-0.81576,0.48339,-0.07986,1901.88
quat3,0.32562,-0.76061,0.18824,0.52916,1901.88
quat4,-0.58239,0.42724,0.00611,-0.69156,1901.88
quat5,0.00000,-0.86603,0.00000,0.50000,1901.88
quat6,0.00000,-0.86603,0.00000,0.50000,1901.88
quat7,0.00000,-0.86603,0.00000,0.50000,1901.88
quat8,0.00000,-0.86603,0.00000,0.50000,1901.88
quat0,0.52290,0.19044,-0.82586,0.09097,1901.9
quat1,-0.45118,0.79431,-0.17151,-0.36890,1901.9
quat2,0.30999,-0.81221,0.48789,-0.07865,1901.9
quat3,0.32851,-0.76066,0.19879,0.52341,1901.9
quat4,-0.58917,0.42908,0.00031,-0.68466,1901.9
quat5,0.00000,-0.86603,0.00000,0.50000,1901.9
quat6,0.00000,-0.86603,0.00000,0.50000,1901.9
quat7,0.00000,-0.86603,0.00000,0.50000,1901.9
quat8,0.00000,-0.86603,0.00000,0.50000,1901.9
quat0,0.52140,0.18444,-0.82811,0.09141,1901.92
quat1,-0.45315,0.79206,-0.17106,-0.37152,1901.92
quat2,0.31337,-0.81265,0.48559,-0.07486,1901.92
quat3,0.32914,-0.76314,0.20665,0.51631,1901.92
quat4,-0.59405,0.42558,-0.00031,-0.68263,1901.92
quat5,0.00000,-0.86603,0.00000,0.50000,1901.92
quat6,0.00000,-0.86603,0.00000,0.50000,1901.92
quat7,0.00000,-0.86603,0.00000,0.50000,1901.92
quat8,0.00000,-0.86603,0.00000,0.50000,1901.92
quat0,0.52408,0.18145,-0.82672,0.09457,1901.94
quat1,-0.45011,0.79309,-0.17790,-0.36981,1901.94
quat2,0.31576,-0.81288,0.48382,-0.07377,1901.94
quat3,0.33226,-0.76462,0.20953,0.51093,1901.94
quat4,-0.59816,0.41926,0.00241,-0.68295,1901.94
quat5,0.00000,-0.86603,0.00000,0.50000,1901.94
quat6,0.00000,-0.86603,0.00000,0.50000,1901.94
quat7,0.00000,-0.86603,0.00000,0.50000,1901.94
quat8,0.00000,-0.86603,0.00000,0.50000,1901.94
quat0,0.52213,0.17644,-0.82947,0.09071,1901.96
quat1,-0.44297,0.79647,-0.18613,-0.36710,1901.96
quat2,0.31941,-0.81128,0.48371,-0.07637,1901.96
quat3,0.33419,-0.76889,0.21116,0.50253,1901.96
quat4,-0.59952,0.41482,0.00495,-0.68446,1901.96
quat5,0.00000,-0.86603,0.00000,0.50000,1901.96
quat6,0.00000,-0.86603,0.00000,0.50000,1901.96
quat7,0.00000,-0.86603,0.00000,0.50000,1901.96
quat8,0.00000,-0.86603,0.00000,0.50000,1901.96
quat0,0.52131,0.17090,-0.83231,0.07929,1901.98
quat1,-0.43641,0.79732,-0.18917,-0.37154,1901.98
quat2,0.32626,-0.80868,0.48321,-0.07804,1901.98
quat3,0.33550,-0.77626,0.21211,0.48976,1901.98
quat4,-0.60150,0.41147,0.00430,-0.68474,1901.98
quat5,0.00000,-0.86603,0.00000,0.50000,1901.98
quat6,0.00000,-0.86603,0.00000,0.50000,1901.98
quat7,0.00000,-0.86603,0.00000,0.50000,1901.98
quat8,0.00000,-0.86603,0.00000,0.50000,1901.98
quat0,0.52514,0.16691,-0.83142,0.07150,1902
quat1,-0.42756,0.79735,-0.19245,-0.37999,1902
quat2,0.33337,-0.80533,0.48346,-0.08110,1902
quat3,0.33527,-0.78555,0.20756,0.47688,1902
quat4,-0.60349,0.40840,0.00096,-0.68485,1902
quat5,0.00000,-0.86603,0.00000,0.50000,1902
quat6,0.00000,-0.86603,0.00000,0.50000,1902
quat7,0.00000,-0.86603,0.00000,0.50000,1902
quat8,0.00000,-0.86603,0.00000,0.50000,1902
quat0,0.52456,0.15657,-0.83475,0.05933,1902.02
quat1,-0.41631,0.79691,-0.19742,-0.39070,1902.02
quat2,0.33946,-0.80020,0.48675,-0.08674,1902.02
quat3,0.33428,-0.79446,0.20085,0.46556,1902.02
quat4,-0.60740,0.40758,-0.00843,-0.68181,1902.02
quat5,0.00000,-0.86603,0.00000,0.50000,1902.02
quat6,0.00000,-0.86603,0.00000,0.50000,1902.02
quat7,0.00000,-0.86603,0.00000,0.50000,1902.02
quat8,0.00000,-0.86603,0.00000,0.50000,1902.02
quat0,0.51945,0.14752,-0.84040,0.04636,1902.04
quat1,-0.40012,0.79768,-0.20426,-0.40234,1902.04
quat2,0.34289,-0.79436,0.49177,-0.09785,1902.04
quat3,0.33179,-0.80212,0.19333,0.45732,1902.04
quat4,-0.61250,0.40670,-0.02169,-0.67747,1902.04
quat5,0.00000,-0.86603,0.00000,0.50000,1902.04
quat6,0.00000,-0.86603,0.00000,0.50000,1902.04
quat7,0.00000,-0.86603,0.00000,0.50000,1902.04
quat8,0.00000,-0.86603,0.00000,0.50000,1902.04
quat0,0.52601,0.12382,-0.84128,0.01531,1902.06
quat1,-0.37913,0.79860,-0.21633,-0.41438,1902.06
quat2,0.34129,-0.78763,0.49883,-0.11975,1902.06
quat3,0.32838,-0.80961,0.18615,0.44950,1902.06
quat4,-0.62235,0.40552,-0.03828,-0.66841,1902.06
quat5,0.00000,-0.86603,0.00000,0.50000,1902.06
quat6,0.00000,-0.86603,0.00000,0.50000,1902.06
quat7,0.00000,-0.86603,0.00000,0.50000,1902.06
quat8,0.00000,-0.86603,0.00000,0.50000,1902.06
quat0,0.53016,0.10346,-0.84154,0.00598,1902.08
quat1,-0.35420,0.80209,-0.23289,-0.42067,1902.08
quat2,0.33521,-0.78233,0.50381,-0.14753,1902.08
quat3,0.32439,-0.81735,0.17759,0.44179,1902.08
quat4,-0.63625,0.40216,-0.05594,-0.65600,1902.08
quat5,0.00000,-0.86603,0.00000,0.50000,1902.08
quat6,0.00000,-0.86603,0.00000,0.50000,1902.08
quat7,0.00000,-0.86603,0.00000,0.50000,1902.08
quat8,0.00000,-0.86603,0.00000,0.50000,1902.08
quat0,0.53305,0.08549,-0.84173,-0.00581,1902.1
quat1,-0.32844,0.80657,-0.24966,-0.42337,1902.1
quat2,0.33376,-0.77896,0.50286,-0.17015,1902.1
quat3,0.31687,-0.82973,0.17091,0.42654,1902.1
quat4,-0.65504,0.39469,-0.07429,-0.64002,1902.1
quat5,0.00000,-0.86603,0.00000,0.50000,1902.1
quat6,0.00000,-0.86603,0.00000,0.50000,1902.1
quat7,0.00000,-0.86603,0.00000,0.50000,1902.1
quat8,0.00000,-0.86603,0.00000,0.50000,1902.1
quat0,0.53043,0.08221,-0.84370,-0.00780,1902.12
quat1,-0.30576,0.81058,-0.25689,-0.42834,1902.12
quat2,0.33901,-0.77834,0.49615,-0.18189,1902.12
quat3,0.30500,-0.84491,0.16372,0.40780,1902.12
quat4,-0.67177,0.38750,-0.09307,-0.62442,1902.12
quat5,0.00000,-0.86603,0.00000,0.50000,1902.12
quat6,0.00000,-0.86603,0.00000,0.50000,1902.12
quat7,0.00000,-0.86603,0.00000,0.50000,1902.12
quat8,0.00000,-0.86603,0.00000,0.50000,1902.12
quat0,0.52752,0.07627,-0.84562,-0.02868,1902.14
quat1,-0.28567,0.81061,-0.25792,-0.44134,1902.14
quat2,0.35158,-0.77482,0.49038,-0.18859,1902.14
quat3,0.29574,-0.85761,0.15386,0.39162,1902.14
quat4,-0.68713,0.37668,-0.10595,-0.61216,1902.14
quat5,0.00000,-0.86603,0.00000,0.50000,1902.14
quat6,0.00000,-0.86603,0.00000,0.50000,1902.14
quat7,0.00000,-0.86603,0.00000,0.50000,1902.14
quat8,0.00000,-0.86603,0.00000,0.50000,1902.14
quat0,0.52006,0.07008,-0.85007,-0.04484,1902.16
quat1,-0.26652,0.80665,-0.25719,-0.46059,1902.16
quat2,0.36889,-0.76993,0.48481,-0.18997,1902.16
quat3,0.28976,-0.86834,0.13687,0.37854,1902.16
quat4,-0.69994,0.36509,-0.11738,-0.60251,1902.16
quat5,0.00000,-0.86603,0.00000,0.50000,1902.16
quat6,0.00000,-0.86603,0.00000,0.50000,1902.16
quat7,0.00000,-0.86603,0.00000,0.50000,1902.16
quat8,0.00000,-0.86603,0.00000,0.50000,1902.16
quat0,0.51486,0.06787,-0.85297,-0.05237,1902.18
quat1,-0.24594,0.80148,-0.25718,-0.48063,1902.18
quat2,0.39013,-0.76147,0.48116,-0.19090,1902.18
quat3,0.28450,-0.88063,0.11508,0.36099,1902.18
quat4,-0.71166,0.34922,-0.12711,-0.59618,1902.18
quat5,0.00000,-0.86603,0.00000,0.50000,1902.18
quat6,0.00000,-0.86603,0.00000,0.50000,1902.18
quat7,0.00000,-0.86603,0.00000,0.50000,1902.18
quat8,0.00000,-0.86603,0.00000,0.50000,1902.18
quat0,0.50912,0.06025,-0.85599,-0.06671,1902.2
quat1,-0.22332,0.79670,-0.25834,-0.49866,1902.2
quat2,0.41071,-0.75286,0.47781,-0.19032,1902.2
quat3,0.27679,-0.89432,0.09058,0.33968,1902.2
quat4,-0.72054,0.33433,-0.13796,-0.59163,1902.2
quat5,0.00000,-0.86603,0.00000,0.50000,1902.2
quat6,0.00000,-0.86603,0.00000,0.50000,1902.2
quat7,0.00000,-0.86603,0.00000,0.50000,1902.2
quat8,0.00000,-0.86603,0.00000,0.50000,1902.2
quat0,0.50589,0.05575,-0.85780,-0.07178,1902.22
quat1,-0.19851,0.79278,-0.25978,-0.51440,1902.22
quat2,0.43131,-0.74275,0.47619,-0.18851,1902.22
quat3,0.26689,-0.90878,0.06589,0.31392,1902.22
quat4,-0.72770,0.32064,-0.15087,-0.58727,1902.22
quat5,0.00000,-0.86603,0.00000,0.50000,1902.22
quat6,0.00000,-0.86603,0.00000,0.50000,1902.22
quat7,0.00000,-0.86603,0.00000,0.50000,1902.22
quat8,0.00000,-0.86603,0.00000,0.50000,1902.22
quat0,0.49905,0.04892,-0.86155,-0.07929,1902.24
quat1,-0.16894,0.79006,-0.25988,-0.52890,1902.24
quat2,0.45129,-0.73422,0.47348,-0.18185,1902.24
quat3,0.25533,-0.92213,0.03756,0.28821,1902.24
quat4,-0.73344,0.30986,-0.16674,-0.58159,1902.24
quat5,0.00000,-0.86603,0.00000,0.50000,1902.24
quat6,0.00000,-0.86603,0.00000,0.50000,1902.24
quat7,0.00000,-0.86603,0.00000,0.50000,1902.24
quat8,0.00000,-0.86603,0.00000,0.50000,1902.24
quat0,0.49426,0.04740,-0.86404,-0.08299,1902.26
quat1,-0.13695,0.78577,-0.25614,-0.54608,1902.26
quat2,0.47099,-0.72588,0.47124,-0.17087,1902.26
quat3,0.24378,-0.93371,0.00589,0.26216,1902.26
quat4,-0.73953,0.29926,-0.18318,-0.57444,1902.26
quat5,0.00000,-0.86603,0.00000,0.50000,1902.26
quat6,0.00000,-0.86603,0.00000,0.50000,1902.26
quat7,0.00000,-0.86603,0.00000,0.50000,1902.26
quat8,0.00000,-0.86603,0.00000,0.50000,1902.26
quat0,0.49325,0.04754,-0.86388,-0.09037,1902.28
quat1,-0.09721,0.78226,-0.24688,-0.56362,1902.28
quat2,0.48803,-0.72025,0.46865,-0.15309,1902.28
quat3,0.22888,-0.94385,-0.02814,0.23659,1902.28
quat4,-0.74536,0.29112,-0.19946,-0.56560,1902.28
quat5,0.00000,-0.86603,0.00000,0.50000,1902.28
quat6,0.00000,-0.86603,0.00000,0.50000,1902.28
quat7,0.00000,-0.86603,0.00000,0.50000,1902.28
quat8,0.00000,-0.86603,0.00000,0.50000,1902.28
quat0,0.49598,0.04795,-0.86232,-0.08998,1902.3
quat1,-0.05374,0.77442,-0.23146,-0.58635,1902.3
quat2,0.50146,-0.71673,0.46696,-0.12955,1902.3
quat3,0.21110,-0.95271,-0.06460,0.20883,1902.3
quat4,-0.75190,0.28518,-0.21619,-0.55370,1902.3
quat5,0.00000,-0.86603,0.00000,0.50000,1902.3
quat6,0.00000,-0.86603,0.00000,0.50000,1902.3
quat7,0.00000,-0.86603,0.00000,0.50000,1902.3
quat8,0.00000,-0.86603,0.00000,0.50000,1902.3
quat0,0.50192,0.04939,-0.85907,-0.08737,1902.32
quat1,-0.00423,0.76028,-0.20929,-0.61495,1902.32
quat2,0.50939,-0.71738,0.46445,-0.10086,1902.32
quat3,0.18908,-0.95958,-0.10420,0.18053,1902.32
quat4,-0.75848,0.28072,-0.22790,-0.54219,1902.32
quat5,0.00000,-0.86603,0.00000,0.50000,1902.32
quat6,0.00000,-0.86603,0.00000,0.50000,1902.32
quat7,0.00000,-0.86603,0.00000,0.50000,1902.32
quat8,0.00000,-0.86603,0.00000,0.50000,1902.32
quat0,0.50241,0.05407,-0.85845,-0.08785,1902.34
quat1,0.04932,0.73250,-0.18672,-0.65280,1902.34
quat2,0.51346,-0.72110,0.45981,-0.07026,1902.34
quat3,0.16417,-0.96416,-0.14642,0.14832,1902.34
quat4,-0.76822,0.27883,-0.23168,-0.52765,1902.34
quat5,0.00000,-0.86603,0.00000,0.50000,1902.34
quat6,0.00000,-0.86603,0.00000,0.50000,1902.34
quat7,0.00000,-0.86603,0.00000,0.50000,1902.34
quat8,0.00000,-0.86603,0.00000,0.50000,1902.34
quat0,0.50551,0.06103,-0.85671,-0.08239,1902.36
quat1,0.10486,0.69675,-0.16995,-0.68896,1902.36
quat2,0.51299,-0.72789,0.45296,-0.04292,1902.36
quat3,0.13328,-0.96663,-0.18911,0.11004,1902.36
quat4,-0.78068,0.27826,-0.21855,-0.51511,1902.36
quat5,0.00000,-0.86603,0.00000,0.50000,1902.36
quat6,0.00000,-0.86603,0.00000,0.50000,1902.36
quat7,0.00000,-0.86603,0.00000,0.50000,1902.36
quat8,0.00000,-0.86603,0.00000,0.50000,1902.36
quat0,0.50563,0.05239,-0.85688,-0.08577,1902.38
quat1,0.15675,0.66318,-0.16311,-0.71345,1902.38
quat2,0.50854,-0.73774,0.44355,-0.01972,1902.38
quat3,0.10250,-0.96556,-0.22948,0.06730,1902.38
quat4,-0.78966,0.28561,-0.19896,-0.50526,1902.38
quat5,0.00000,-0.86603,0.00000,0.50000,1902.38
quat6,0.00000,-0.86603,0.00000,0.50000,1902.38
quat7,0.00000,-0.86603,0.00000,0.50000,1902.38
quat8,0.00000,-0.86603,0.00000,0.50000,1902.38
quat0,0.50708,0.03610,-0.85468,-0.10530,1902.4
quat1,0.19945,0.64128,-0.14930,-0.72573,1902.4
quat2,0.50329,-0.74939,0.43024,0.00351,1902.4
quat3,0.07193,-0.96153,-0.26384,0.02611,1902.4
quat4,-0.79115,0.30453,-0.18335,-0.49772,1902.4
quat5,0.00000,-0.86603,0.00000,0.50000,1902.4
quat6,0.00000,-0.86603,0.00000,0.50000,1902.4
quat7,0.00000,-0.86603,0.00000,0.50000,1902.4
quat8,0.00000,-0.86603,0.00000,0.50000,1902.4
quat0,0.52543,0.04789,-0.84509,-0.08636,1902.42
quat1,0.22795,0.63173,-0.12596,-0.73013,1902.42
quat2,0.49901,-0.76055,0.41453,0.02667,1902.42
quat3,0.04240,-0.95560,-0.29159,-0.00074,1902.42
quat4,-0.78665,0.32791,-0.16881,-0.49514,1902.42
quat5,0.00000,-0.86603,0.00000,0.50000,1902.42
quat6,0.00000,-0.86603,0.00000,0.50000,1902.42
quat7,0.00000,-0.86603,0.00000,0.50000,1902.42
quat8,0.00000,-0.86603,0.00000,0.50000,1902.42
quat0,0.52780,0.05484,-0.84354,-0.08287,1902.44
quat1,0.23983,0.63381,-0.10127,-0.72836,1902.44
quat2,0.49443,-0.76709,0.40638,0.04446,1902.44
quat3,0.01715,-0.95239,-0.30434,-0.00608,1902.44
quat4,-0.77840,0.34947,-0.15908,-0.49665,1902.44
quat5,0.00000,-0.86603,0.00000,0.50000,1902.44
quat6,0.00000,-0.86603,0.00000,0.50000,1902.44
quat7,0.00000,-0.86603,0.00000,0.50000,1902.44
quat8,0.00000,-0.86603,0.00000,0.50000,1902.44
quat0,0.51763,0.07239,-0.84906,-0.07688,1902.46
quat1,0.23289,0.64627,-0.07839,-0.72246,1902.46
quat2,0.49130,-0.76634,0.41028,0.05494,1902.46
quat3,0.00227,-0.95132,-0.30820,0.00141,1902.46
quat4,-0.76901,0.36331,-0.15656,-0.50211,1902.46
quat5,0.00000,-0.86603,0.00000,0.50000,1902.46
quat6,0.00000,-0.86603,0.00000,0.50000,1902.46
quat7,0.00000,-0.86603,0.00000,0.50000,1902.46
quat8,0.00000,-0.86603,0.00000,0.50000,1902.46
quat0,0.50484,0.07902,-0.85493,-0.08938,1902.48
quat1,0.21647,0.66300,-0.06329,-0.71383,1902.48
quat2,0.49237,-0.76091,0.41876,0.05674,1902.48
quat3,0.00058,-0.95206,-0.30560,0.01351,1902.48
quat4,-0.76292,0.36864,-0.16095,-0.50611,1902.48
quat5,0.00000,-0.86603,0.00000,0.50000,1902.48
quat6,0.00000,-0.86603,0.00000,0.50000,1902.48
quat7,0.00000,-0.86603,0.00000,0.50000,1902.48
quat8,0.00000,-0.86603,0.00000,0.50000,1902.48
quat0,0.50132,0.07208,-0.85449,-0.11540,1902.5
quat1,0.19508,0.67983,-0.05670,-0.70467,1902.5
quat2,0.49821,-0.75375,0.42542,0.05169,1902.5
quat3,0.00307,-0.95426,-0.29724,0.03203,1902.5
quat4,-0.76112,0.36759,-0.16510,-0.50825,1902.5
quat5,0.00000,-0.86603,0.00000,0.50000,1902.5
quat6,0.00000,-0.86603,0.00000,0.50000,1902.5
quat7,0.00000,-0.86603,0.00000,0.50000,1902.5
quat8,0.00000,-0.86603,0.00000,0.50000,1902.5
quat0,0.50057,0.08442,-0.85586,-0.09905,1902.52
quat1,0.16864,0.69947,-0.05622,-0.69220,1902.52
quat2,0.50790,-0.74356,0.43279,0.04301,1902.52
quat3,0.00911,-0.95779,-0.28230,0.05359,1902.52
quat4,-0.76483,0.36022,-0.16849,-0.50685,1902.52
quat5,0.00000,-0.86603,0.00000,0.50000,1902.52
quat6,0.00000,-0.86603,0.00000,0.50000,1902.52
quat7,0.00000,-0.86603,0.00000,0.50000,1902.52
quat8,0.00000,-0.86603,0.00000,0.50000,1902.52
quat0,0.50386,0.08755,-0.85397,-0.09589,1902.54
quat1,0.13991,0.71984,-0.05728,-0.67748,1902.54
quat2,0.51804,-0.73142,0.44222,0.03307,1902.54
quat3,0.01731,-0.96156,-0.26277,0.07780,1902.54
quat4,-0.77029,0.35078,-0.17506,-0.50296,1902.54
quat5,0.00000,-0.86603,0.00000,0.50000,1902.54
quat6,0.00000,-0.86603,0.00000,0.50000,1902.54
quat7,0.00000,-0.86603,0.00000,0.50000,1902.54
quat8,0.00000,-0.86603,0.00000,0.50000,1902.54
quat0,0.50547,0.08912,-0.85361,-0.08897,1902.56
quat1,0.10854,0.74005,-0.06033,-0.66098,1902.56
quat2,0.52783,-0.71764,0.45362,0.02497,1902.56
quat3,0.02915,-0.96468,-0.23999,0.10465,1902.56
quat4,-0.77785,0.33657,-0.18027,-0.49917,1902.56
quat5,0.00000,-0.86603,0.00000,0.50000,1902.56
quat6,0.00000,-0.86603,0.00000,0.50000,1902.56
quat7,0.00000,-0.86603,0.00000,0.50000,1902.56
quat8,0.00000,-0.86603,0.00000,0.50000,1902.56
quat0,0.50686,0.09238,-0.85354,-0.07763,1902.58
quat1,0.07836,0.75896,-0.06373,-0.64326,1902.58
quat2,0.53430,-0.70439,0.46697,0.01738,1902.58
quat3,0.04308,-0.96633,-0.21627,0.13256,1902.58
quat4,-0.78504,0.32146,-0.18492,-0.49616,1902.58
quat5,0.00000,-0.86603,0.00000,0.50000,1902.58
quat6,0.00000,-0.86603,0.00000,0.50000,1902.58
quat7,0.00000,-0.86603,0.00000,0.50000,1902.58
quat8,0.00000,-0.86603,0.00000,0.50000,1902.58
quat0,0.50455,0.09216,-0.85502,-0.07662,1902.6
quat1,0.04741,0.77432,-0.06904,-0.62723,1902.6
quat2,0.53954,-0.69095,0.48103,0.00987,1902.6
quat3,0.06077,-0.96704,-0.19046,0.15767,1902.6
quat4,-0.79272,0.30539,-0.18915,-0.49250,1902.6
quat5,0.00000,-0.86603,0.00000,0.50000,1902.6
quat6,0.00000,-0.86603,0.00000,0.50000,1902.6
quat7,0.00000,-0.86603,0.00000,0.50000,1902.6
quat8,0.00000,-0.86603,0.00000,0.50000,1902.6
quat0,0.50198,0.09571,-0.85639,-0.07377,1902.62
quat1,0.01944,0.78676,-0.07534,-0.61233,1902.62
quat2,0.54314,-0.67966,0.49300,0.00326,1902.62
quat3,0.08097,-0.96646,-0.16610,0.17834,1902.62
quat4,-0.79902,0.29067,-0.19255,-0.48990,1902.62
quat5,0.00000,-0.86603,0.00000,0.50000,1902.62
quat6,0.00000,-0.86603,0.00000,0.50000,1902.62
quat7,0.00000,-0.86603,0.00000,0.50000,1902.62
quat8,0.00000,-0.86603,0.00000,0.50000,1902.62
quat0,0.50408,0.09886,-0.85546,-0.06577,1902.64
quat1,-0.00469,0.79596,-0.08514,-0.59931,1902.64
quat2,0.54724,-0.66785,0.50448,-0.00438,1902.64
quat3,0.10108,-0.96538,-0.14160,0.19439,1902.64
quat4,-0.80564,0.27553,-0.19388,-0.48728,1902.64
quat5,0.00000,-0.86603,0.00000,0.50000,1902.64
quat6,0.00000,-0.86603,0.00000,0.50000,1902.64
quat7,0.00000,-0.86603,0.00000,0.50000,1902.64
quat8,0.00000,-0.86603,0.00000,0.50000,1902.64
quat0,0.50198,0.10374,-0.85661,-0.05900,1902.66
quat1,-0.02541,0.80306,-0.09724,-0.58737,1902.66
quat2,0.54872,-0.65830,0.51514,-0.01366,1902.66
quat3,0.12009,-0.96294,-0.11856,0.21043,1902.66
quat4,-0.81045,0.26240,-0.19473,-0.48620,1902.66
quat5,0.00000,-0.86603,0.00000,0.50000,1902.66
quat6,0.00000,-0.86603,0.00000,0.50000,1902.66
quat7,0.00000,-0.86603,0.00000,0.50000,1902.66
quat8,0.00000,-0.86603,0.00000,0.50000,1902.66
quat0,0.50485,0.10797,-0.85493,-0.05054,1902.68
quat1,-0.04699,0.80678,-0.11150,-0.57834,1902.68
quat2,0.54871,-0.64971,0.52555,-0.02420,1902.68
quat3,0.13973,-0.95934,-0.09608,0.22563,1902.68
quat4,-0.81456,0.24964,-0.19419,-0.48628,1902.68
quat5,0.00000,-0.86603,0.00000,0.50000,1902.68
quat6,0.00000,-0.86603,0.00000,0.50000,1902.68
quat7,0.00000,-0.86603,0.00000,0.50000,1902.68
quat8,0.00000,-0.86603,0.00000,0.50000,1902.68
quat0,0.50445,0.11226,-0.85527,-0.03802,1902.7
quat1,-0.06818,0.80514,-0.12724,-0.57525,1902.7
quat2,0.54741,-0.64441,0.53285,-0.03384,1902.7
quat3,0.15849,-0.95487,-0.07889,0.23850,1902.7
quat4,-0.81634,0.23914,-0.19352,-0.48882,1902.7
quat5,0.00000,-0.86603,0.00000,0.50000,1902.7
quat6,0.00000,-0.86603,0.00000,0.50000,1902.7
quat7,0.00000,-0.86603,0.00000,0.50000,1902.7
quat8,0.00000,-0.86603,0.00000,0.50000,1902.7
quat0,0.50194,0.11555,-0.85660,-0.03076,1902.72
quat1,-0.09024,0.79901,-0.14450,-0.57669,1902.72
quat2,0.54585,-0.63986,0.53926,-0.04279,1902.72
quat3,0.17667,-0.95026,-0.06400,0.24841,1902.72
quat4,-0.81719,0.22937,-0.19379,-0.49198,1902.72
quat5,0.00000,-0.86603,0.00000,0.50000,1902.72
quat6,0.00000,-0.86603,0.00000,0.50000,1902.72
quat7,0.00000,-0.86603,0.00000,0.50000,1902.72
quat8,0.00000,-0.86603,0.00000,0.50000,1902.72
quat0,0.50403,0.12544,-0.85431,-0.01942,1902.74
quat1,-0.10835,0.79435,-0.16080,-0.57569,1902.74
quat2,0.54243,-0.63693,0.54535,-0.05187,1902.74
quat3,0.19360,-0.94462,-0.05150,0.25991,1902.74
quat4,-0.81611,0.22163,-0.19315,-0.49753,1902.74
quat5,0.00000,-0.86603,0.00000,0.50000,1902.74
quat6,0.00000,-0.86603,0.00000,0.50000,1902.74
quat7,0.00000,-0.86603,0.00000,0.50000,1902.74
quat8,0.00000,-0.86603,0.00000,0.50000,1902.74
quat0,0.50494,0.12892,-0.85338,-0.01301,1902.76
quat1,-0.12724,0.79193,-0.17261,-0.57172,1902.76
quat2,0.53693,-0.63509,0.55199,-0.06065,1902.76
quat3,0.21125,-0.93787,-0.03950,0.27242,1902.76
quat4,-0.81356,0.21516,-0.19146,-0.50515,1902.76
quat5,0.00000,-0.86603,0.00000,0.50000,1902.76
quat6,0.00000,-0.86603,0.00000,0.50000,1902.76
quat7,0.00000,-0.86603,0.00000,0.50000,1902.76
quat8,0.00000,-0.86603,0.00000,0.50000,1902.76
quat0,0.50027,0.13290,-0.85559,-0.00551,1902.78
quat1,-0.14467,0.79136,-0.18350,-0.56493,1902.78
quat2,0.53027,-0.63615,0.55619,-0.06912,1902.78
quat3,0.22626,-0.93169,-0.03180,0.28238,1902.78
quat4,-0.80882,0.21095,-0.18785,-0.51578,1902.78
quat5,0.00000,-0.86603,0.00000,0.50000,1902.78
quat6,0.00000,-0.86603,0.00000,0.50000,1902.78
quat7,0.00000,-0.86603,0.00000,0.50000,1902.78
quat8,0.00000,-0.86603,0.00000,0.50000,1902.78
quat0,0.50423,0.13938,-0.85224,0.00410,1902.8
quat1,-0.16147,0.79273,-0.19449,-0.55470,1902.8
quat2,0.52405,-0.63893,0.55800,-0.07602,1902.8
quat3,0.24061,-0.92592,-0.02590,0.29001,1902.8
quat4,-0.80378,0.20641,-0.18241,-0.52731,1902.8
quat5,0.00000,-0.86603,0.00000,0.50000,1902.8
quat6,0.00000,-0.86603,0.00000,0.50000,1902.8
quat7,0.00000,-0.86603,0.00000,0.50000,1902.8
quat8,0.00000,-0.86603,0.00000,0.50000,1902.8
quat0,0.50833,0.14585,-0.84855,0.01710,1902.82
quat1,-0.17579,0.79508,-0.20470,-0.54319,1902.82
quat2,0.51807,-0.64357,0.55730,-0.08267,1902.82
quat3,0.25333,-0.92017,-0.02314,0.29761,1902.82
quat4,-0.79658,0.20336,-0.17626,-0.54133,1902.82
quat5,0.00000,-0.86603,0.00000,0.50000,1902.82
quat6,0.00000,-0.86603,0.00000,0.50000,1902.82
quat7,0.00000,-0.86603,0.00000,0.50000,1902.82
quat8,0.00000,-0.86603,0.00000,0.50000,1902.82
quat0,0.50808,0.15153,-0.84760,0.02156,1902.84
quat1,-0.18834,0.79710,-0.21497,-0.53193,1902.84
quat2,0.51172,-0.64769,0.55742,-0.08904,1902.84
quat3,0.26595,-0.91464,-0.02091,0.30377,1902.84
quat4,-0.78760,0.20268,-0.17326,-0.55551,1902.84
quat5,0.00000,-0.86603,0.00000,0.50000,1902.84
quat6,0.00000,-0.86603,0.00000,0.50000,1902.84
quat7,0.00000,-0.86603,0.00000,0.50000,1902.84
quat8,0.00000,-0.86603,0.00000,0.50000,1902.84
quat0,0.50951,0.16283,-0.84399,0.03956,1902.86
quat1,-0.19632,0.79648,-0.22390,-0.52626,1902.86
quat2,0.50615,-0.65175,0.55664,-0.09586,1902.86
quat3,0.27784,-0.90950,-0.01969,0.30860,1902.86
quat4,-0.77455,0.20391,-0.17140,-0.57368,1902.86
quat5,0.00000,-0.86603,0.00000,0.50000,1902.86
quat6,0.00000,-0.86603,0.00000,0.50000,1902.86
quat7,0.00000,-0.86603,0.00000,0.50000,1902.86
quat8,0.00000,-0.86603,0.00000,0.50000,1902.86
quat0,0.50984,0.16983,-0.84180,0.05098,1902.88
quat1,-0.20506,0.79421,-0.22922,-0.52406,1902.88
quat2,0.50110,-0.65435,0.55722,-0.10115,1902.88
quat3,0.29100,-0.90460,-0.01716,0.31100,1902.88
quat4,-0.75955,0.20344,-0.16542,-0.59526,1902.88
quat5,0.00000,-0.86603,0.00000,0.50000,1902.88
quat6,0.00000,-0.86603,0.00000,0.50000,1902.88
quat7,0.00000,-0.86603,0.00000,0.50000,1902.88
quat8,0.00000,-0.86603,0.00000,0.50000,1902.88
quat0,0.51161,0.17598,-0.83849,0.06491,1902.9
quat1,-0.21339,0.79102,-0.23379,-0.52354,1902.9
quat2,0.49380,-0.65578,0.56072,-0.10822,1902.9
quat3,0.30449,-0.89726,-0.01842,0.31919,1902.9
quat4,-0.74201,0.20483,-0.15633,-0.61889,1902.9
quat5,0.00000,-0.86603,0.00000,0.50000,1902.9
quat6,0.00000,-0.86603,0.00000,0.50000,1902.9
quat7,0.00000,-0.86603,0.00000,0.50000,1902.9
quat8,0.00000,-0.86603,0.00000,0.50000,1902.9
quat0,0.51127,0.18417,-0.83566,0.07975,1902.92
quat1,-0.22084,0.79022,-0.24012,-0.51878,1902.92
quat2,0.48606,-0.65612,0.56535,-0.11679,1902.92
quat3,0.31968,-0.88639,-0.02417,0.33397,1902.92
quat4,-0.72445,0.20951,-0.14981,-0.63940,1902.92
quat5,0.00000,-0.86603,0.00000,0.50000,1902.92
quat6,0.00000,-0.86603,0.00000,0.50000,1902.92
quat7,0.00000,-0.86603,0.00000,0.50000,1902.92
quat8,0.00000,-0.86603,0.00000,0.50000,1902.92
quat0,0.51151,0.19327,-0.83165,0.09674,1902.94
quat1,-0.22434,0.79400,-0.24662,-0.50834,1902.94
quat2,0.47691,-0.65840,0.56834,-0.12672,1902.94
quat3,0.33270,-0.87334,-0.03228,0.35432,1902.94
quat4,-0.70565,0.21731,-0.14406,-0.65885,1902.94
quat5,0.00000,-0.86603,0.00000,0.50000,1902.94
quat6,0.00000,-0.86603,0.00000,0.50000,1902.94
quat7,0.00000,-0.86603,0.00000,0.50000,1902.94
quat8,0.00000,-0.86603,0.00000,0.50000,1902.94
quat0,0.51242,0.19912,-0.82792,0.11104,1902.96
quat1,-0.22689,0.79905,-0.25230,-0.49636,1902.96
quat2,0.46757,-0.66361,0.56810,-0.13514,1902.96
quat3,0.34311,-0.86137,-0.03928,0.37251,1902.96
quat4,-0.68795,0.22212,-0.13359,-0.67789,1902.96
quat5,0.00000,-0.86603,0.00000,0.50000,1902.96
quat6,0.00000,-0.86603,0.00000,0.50000,1902.96
quat7,0.00000,-0.86603,0.00000,0.50000,1902.96
quat8,0.00000,-0.86603,0.00000,0.50000,1902.96
quat0,0.51332,0.21034,-0.82216,0.12774,1902.98
quat1,-0.22837,0.80362,-0.25389,-0.48741,1902.98
quat2,0.45424,-0.67188,0.56690,-0.14443,1902.98
quat3,0.34910,-0.85205,-0.04468,0.38749,1902.98
quat4,-0.67108,0.22555,-0.11981,-0.69601,1902.98
quat5,0.00000,-0.86603,0.00000,0.50000,1902.98
quat6,0.00000,-0.86603,0.00000,0.50000,1902.98
quat7,0.00000,-0.86603,0.00000,0.50000,1902.98
quat8,0.00000,-0.86603,0.00000,0.50000,1902.98
quat0,0.51744,0.21937,-0.81551,0.13810,1903
quat1,-0.22945,0.80778,-0.25549,-0.47914,1903
quat2,0.43822,-0.68137,0.56565,-0.15407,1903
quat3,0.35286,-0.84498,-0.04392,0.39946,1903
quat4,-0.65747,0.22914,-0.10482,-0.71010,1903
quat5,0.00000,-0.86603,0.00000,0.50000,1903
quat6,0.00000,-0.86603,0.00000,0.50000,1903
quat7,0.00000,-0.86603,0.00000,0.50000,1903
quat8,0.00000,-0.86603,0.00000,0.50000,1903
quat0,0.51976,0.23073,-0.80603,0.16410,1903.02
quat1,-0.23084,0.81118,-0.25418,-0.47338,1903.02
quat2,0.42133,-0.69380,0.56122,-0.16176,1903.02
quat3,0.35343,-0.83822,-0.04302,0.41307,1903.02
quat4,-0.64584,0.23538,-0.09162,-0.72048,1903.02
quat5,0.00000,-0.86603,0.00000,0.50000,1903.02
quat6,0.00000,-0.86603,0.00000,0.50000,1903.02
quat7,0.00000,-0.86603,0.00000,0.50000,1903.02
quat8,0.00000,-0.86603,0.00000,0.50000,1903.02
quat0,0.51538,0.25819,-0.78677,0.22072,1903.04
quat1,-0.23325,0.81426,-0.25186,-0.46812,1903.04
quat2,0.40576,-0.70636,0.55545,-0.16702,1903.04
quat3,0.35335,-0.83083,-0.04246,0.42786,1903.04
quat4,-0.63806,0.24261,-0.07955,-0.72642,1903.04
quat5,0.00000,-0.86603,0.00000,0.50000,1903.04
quat6,0.00000,-0.86603,0.00000,0.50000,1903.04
quat7,0.00000,-0.86603,0.00000,0.50000,1903.04
quat8,0.00000,-0.86603,0.00000,0.50000,1903.04
quat0,0.51934,0.23808,-0.80042,0.18144,1903.06
quat1,-0.23608,0.81822,-0.24771,-0.46198,1903.06
quat2,0.38800,-0.71972,0.54948,-0.17183,1903.06
quat3,0.35155,-0.82274,-0.04414,0.44447,1903.06
quat4,-0.63219,0.25209,-0.06905,-0.72940,1903.06
quat5,0.00000,-0.86603,0.00000,0.50000,1903.06
quat6,0.00000,-0.86603,0.00000,0.50000,1903.06
quat7,0.00000,-0.86603,0.00000,0.50000,1903.06
quat8,0.00000,-0.86603,0.00000,0.50000,1903.06
quat0,0.51567,0.24945,-0.79397,0.20364,1903.08
quat1,-0.23945,0.82326,-0.24339,-0.45351,1903.08
quat2,0.36986,-0.73190,0.54446,-0.17634,1903.08
quat3,0.34943,-0.81466,-0.04471,0.46069,1903.08
quat4,-0.62829,0.26295,-0.05981,-0.72975,1903.08
quat5,0.00000,-0.86603,0.00000,0.50000,1903.08
quat6,0.00000,-0.86603,0.00000,0.50000,1903.08
quat7,0.00000,-0.86603,0.00000,0.50000,1903.08
quat8,0.00000,-0.86603,0.00000,0.50000,1903.08
quat0,0.51656,0.25545,-0.78831,0.21560,1903.1
quat1,-0.24135,0.82923,-0.23985,-0.44340,1903.1
quat2,0.35506,-0.74606,0.53435,-0.17831,1903.1
quat3,0.34532,-0.80775,-0.04472,0.47571,1903.1
quat4,-0.62448,0.27520,-0.05101,-0.72917,1903.1
quat5,0.00000,-0.86603,0.00000,0.50000,1903.1
quat6,0.00000,-0.86603,0.00000,0.50000,1903.1
quat7,0.00000,-0.86603,0.00000,0.50000,1903.1
quat8,0.00000,-0.86603,0.00000,0.50000,1903.1
quat0,0.51516,0.26184,-0.78428,0.22573,1903.12
quat1,-0.24409,0.83458,-0.23782,-0.43282,1903.12
quat2,0.34026,-0.75990,0.52378,-0.18007,1903.12
quat3,0.33925,-0.80251,-0.04212,0.48899,1903.12
quat4,-0.62274,0.28801,-0.04141,-0.72632,1903.12
quat5,0.00000,-0.86603,0.00000,0.50000,1903.12
quat6,0.00000,-0.86603,0.00000,0.50000,1903.12
quat7,0.00000,-0.86603,0.00000,0.50000,1903.12
quat8,0.00000,-0.86603,0.00000,0.50000,1903.12
quat0,0.51556,0.27273,-0.77525,0.24249,1903.14
quat1,-0.24592,0.83982,-0.23729,-0.42180,1903.14
quat2,0.32150,-0.77014,0.51800,-0.18760,1903.14
quat3,0.33041,-0.79946,-0.03853,0.50022,1903.14
quat4,-0.62451,0.30078,-0.03296,-0.72002,1903.14
quat5,0.00000,-0.86603,0.00000,0.50000,1903.14
quat6,0.00000,-0.86603,0.00000,0.50000,1903.14
quat7,0.00000,-0.86603,0.00000,0.50000,1903.14
quat8,0.00000,-0.86603,0.00000,0.50000,1903.14
quat0,0.51940,0.27841,-0.76874,0.24847,1903.16
quat1,-0.24942,0.84370,-0.23692,-0.41211,1903.16
quat2,0.30366,-0.78011,0.51083,-0.19564,1903.16
quat3,0.32051,-0.79954,-0.03223,0.50692,1903.16
quat4,-0.62723,0.31639,-0.02862,-0.71110,1903.16
quat5,0.00000,-0.86603,0.00000,0.50000,1903.16
quat6,0.00000,-0.86603,0.00000,0.50000,1903.16
quat7,0.00000,-0.86603,0.00000,0.50000,1903.16
quat8,0.00000,-0.86603,0.00000,0.50000,1903.16
quat0,0.52228,0.28494,-0.76181,0.25629,1903.18
quat1,-0.25177,0.84848,-0.23804,-0.40003,1903.18
quat2,0.28653,-0.79076,0.50224,-0.20086,1903.18
quat3,0.31061,-0.80056,-0.02456,0.51188,1903.18
quat4,-0.62631,0.33412,-0.02585,-0.70387,1903.18
quat5,0.00000,-0.86603,0.00000,0.50000,1903.18
quat6,0.00000,-0.86603,0.00000,0.50000,1903.18
quat7,0.00000,-0.86603,0.00000,0.50000,1903.18
quat8,0.00000,-0.86603,0.00000,0.50000,1903.18
quat0,0.52300,0.28877,-0.75561,0.26858,1903.2
quat1,-0.25450,0.85485,-0.24005,-0.38318,1903.2
quat2,0.26884,-0.79987,0.49640,-0.20375,1903.2
quat3,0.30599,-0.79566,-0.02083,0.52236,1903.2
quat4,-0.62096,0.35018,-0.01613,-0.70109,1903.2
quat5,0.00000,-0.86603,0.00000,0.50000,1903.2
quat6,0.00000,-0.86603,0.00000,0.50000,1903.2
quat7,0.00000,-0.86603,0.00000,0.50000,1903.2
quat8,0.00000,-0.86603,0.00000,0.50000,1903.2
quat0,0.52029,0.29107,-0.75410,0.27551,1903.22
quat1,-0.26007,0.86017,-0.23825,-0.36839,1903.22
quat2,0.25172,-0.80578,0.49348,-0.20935,1903.22
quat3,0.30501,-0.78766,-0.01611,0.53507,1903.22
quat4,-0.61222,0.36260,-0.00424,-0.70263,1903.22
quat5,0.00000,-0.86603,0.00000,0.50000,1903.22
quat6,0.00000,-0.86603,0.00000,0.50000,1903.22
quat7,0.00000,-0.86603,0.00000,0.50000,1903.22
quat8,0.00000,-0.86603,0.00000,0.50000,1903.22
quat0,0.52290,0.28953,-0.75251,0.27654,1903.24
quat1,-0.26877,0.86323,-0.23312,-0.35811,1903.24
quat2,0.23665,-0.81074,0.49136,-0.21277,1903.24
quat3,0.30470,-0.77998,-0.01049,0.54652,1903.24
quat4,-0.60102,0.37733,0.00639,-0.70453,1903.24
quat5,0.00000,-0.86603,0.00000,0.50000,1903.24
quat6,0.00000,-0.86603,0.00000,0.50000,1903.24
quat7,0.00000,-0.86603,0.00000,0.50000,1903.24
quat8,0.00000,-0.86603,0.00000,0.50000,1903.24
quat0,0.52273,0.29333,-0.75132,0.27608,1903.26
quat1,-0.27970,0.86486,-0.22689,-0.34973,1903.26
quat2,0.22541,-0.81603,0.48815,-0.21211,1903.26
quat3,0.30492,-0.77229,-0.00681,0.55727,1903.26
quat4,-0.58981,0.38918,0.01668,-0.70738,1903.26
quat5,0.00000,-0.86603,0.00000,0.50000,1903.26
quat6,0.00000,-0.86603,0.00000,0.50000,1903.26
quat7,0.00000,-0.86603,0.00000,0.50000,1903.26
quat8,0.00000,-0.86603,0.00000,0.50000,1903.26
quat0,0.51731,0.29659,-0.75379,0.27609,1903.28
quat1,-0.28947,0.86678,-0.22309,-0.33930,1903.28
quat2,0.21706,-0.82034,0.48629,-0.20846,1903.28
quat3,0.30616,-0.76308,-0.00630,0.56915,1903.28
quat4,-0.58001,0.39773,0.02734,-0.71039,1903.28
quat5,0.00000,-0.86603,0.00000,0.50000,1903.28
quat6,0.00000,-0.86603,0.00000,0.50000,1903.28
quat7,0.00000,-0.86603,0.00000,0.50000,1903.28
quat8,0.00000,-0.86603,0.00000,0.50000,1903.28
quat0,0.51141,0.30091,-0.75424,0.28114,1903.3
quat1,-0.29844,0.86900,-0.22031,-0.32748,1903.3
quat2,0.20940,-0.82276,0.48714,-0.20470,1903.3
quat3,0.30680,-0.75550,-0.00454,0.57885,1903.3
quat4,-0.57194,0.40341,0.03647,-0.71332,1903.3
quat5,0.00000,-0.86603,0.00000,0.50000,1903.3
quat6,0.00000,-0.86603,0.00000,0.50000,1903.3
quat7,0.00000,-0.86603,0.00000,0.50000,1903.3
quat8,0.00000,-0.86603,0.00000,0.50000,1903.3
quat0,0.50383,0.30300,-0.75850,0.28111,1903.32
quat1,-0.30762,0.86979,-0.21680,-0.31910,1903.32
quat2,0.20468,-0.82370,0.48988,-0.19911,1903.32
quat3,0.30673,-0.75081,-0.00144,0.58498,1903.32
quat4,-0.56693,0.40727,0.04100,-0.71487,1903.32
quat5,0.00000,-0.86603,0.00000,0.50000,1903.32
quat6,0.00000,-0.86603,0.00000,0.50000,1903.32
quat7,0.00000,-0.86603,0.00000,0.50000,1903.32
quat8,0.00000,-0.86603,0.00000,0.50000,1903.32
quat0,0.50075,0.30003,-0.76113,0.28270,1903.34
quat1,-0.31681,0.86971,-0.21122,-0.31405,1903.34
quat2,0.20833,-0.82679,0.48884,-0.18453,1903.34
quat3,0.30693,-0.74793,0.00253,0.58855,1903.34
quat4,-0.56449,0.41114,0.04168,-0.71455,1903.34
quat5,0.00000,-0.86603,0.00000,0.50000,1903.34
quat6,0.00000,-0.86603,0.00000,0.50000,1903.34
quat7,0.00000,-0.86603,0.00000,0.50000,1903.34
quat8,0.00000,-0.86603,0.00000,0.50000,1903.34
quat0,0.49348,0.30204,-0.76515,0.28247,1903.36
quat1,-0.32559,0.86893,-0.20593,-0.31071,1903.36
quat2,0.21476,-0.83028,0.48660,-0.16657,1903.36
quat3,0.30861,-0.74503,0.00424,0.59133,1903.36
quat4,-0.56408,0.41163,0.04278,-0.71453,1903.36
quat5,0.00000,-0.86603,0.00000,0.50000,1903.36
quat6,0.00000,-0.86603,0.00000,0.50000,1903.36
quat7,0.00000,-0.86603,0.00000,0.50000,1903.36
quat8,0.00000,-0.86603,0.00000,0.50000,1903.36
quat0,0.48693,0.30240,-0.76731,0.28755,1903.38
quat1,-0.33181,0.86897,-0.20450,-0.30490,1903.38
quat2,0.21862,-0.83243,0.48573,-0.15274,1903.38
quat3,0.31023,-0.74310,0.00584,0.59289,1903.38
quat4,-0.56540,0.41214,0.04159,-0.71326,1903.38
quat5,0.00000,-0.86603,0.00000,0.50000,1903.38
quat6,0.00000,-0.86603,0.00000,0.50000,1903.38
quat7,0.00000,-0.86603,0.00000,0.50000,1903.38
quat8,0.00000,-0.86603,0.00000,0.50000,1903.38
quat0,0.48119,0.29672,-0.77357,0.28637,1903.4
quat1,-0.33566,0.86911,-0.20545,-0.29962,1903.4
quat2,0.22104,-0.83381,0.48543,-0.14233,1903.4
quat3,0.31116,-0.74303,0.00868,0.59246,1903.4
quat4,-0.56821,0.41231,0.03829,-0.71111,1903.4
quat5,0.00000,-0.86603,0.00000,0.50000,1903.4
quat6,0.00000,-0.86603,0.00000,0.50000,1903.4
quat7,0.00000,-0.86603,0.00000,0.50000,1903.4
quat8,0.00000,-0.86603,0.00000,0.50000,1903.4
quat0,0.48150,0.29517,-0.77304,0.28888,1903.42
quat1,-0.33810,0.86915,-0.20800,-0.29497,1903.42
quat2,0.22291,-0.83442,0.48554,-0.13527,1903.42
quat3,0.31215,-0.74360,0.01212,0.59116,1903.42
quat4,-0.57172,0.41010,0.03694,-0.70964,1903.42
quat5,0.00000,-0.86603,0.00000,0.50000,1903.42
quat6,0.00000,-0.86603,0.00000,0.50000,1903.42
quat7,0.00000,-0.86603,0.00000,0.50000,1903.42
quat8,0.00000,-0.86603,0.00000,0.50000,1903.42
quat0,0.47931,0.29224,-0.77704,0.28473,1903.44
quat1,-0.34010,0.86903,-0.20985,-0.29170,1903.44
quat2,0.22375,-0.83466,0.48621,-0.12989,1903.44
quat3,0.31264,-0.74432,0.01543,0.58993,1903.44
quat4,-0.57582,0.40870,0.03413,-0.70727,1903.44
quat5,0.00000,-0.86603,0.00000,0.50000,1903.44
quat6,0.00000,-0.86603,0.00000,0.50000,1903.44
quat7,0.00000,-0.86603,0.00000,0.50000,1903.44
quat8,0.00000,-0.86603,0.00000,0.50000,1903.44
quat0,0.48289,0.28787,-0.77815,0.28005,1903.46
quat1,-0.34309,0.86821,-0.20965,-0.29078,1903.46
quat2,0.22645,-0.83473,0.48650,-0.12352,1903.46
quat3,0.31408,-0.74513,0.01956,0.58801,1903.46
quat4,-0.57968,0.40449,0.03185,-0.70664,1903.46
quat5,0.00000,-0.86603,0.00000,0.50000,1903.46
quat6,0.00000,-0.86603,0.00000,0.50000,1903.46
quat7,0.00000,-0.86603,0.00000,0.50000,1903.46
quat8,0.00000,-0.86603,0.00000,0.50000,1903.46
quat0,0.48417,0.28536,-0.78021,0.27463,1903.48
quat1,-0.34611,0.86700,-0.20948,-0.29094,1903.48
quat2,0.23058,-0.83580,0.48446,-0.11649,1903.48
quat3,0.31613,-0.74546,0.02249,0.58638,1903.48
quat4,-0.58142,0.39818,0.03208,-0.70879,1903.48
quat5,0.00000,-0.86603,0.00000,0.50000,1903.48
quat6,0.00000,-0.86603,0.00000,0.50000,1903.48
quat7,0.00000,-0.86603,0.00000,0.50000,1903.48
quat8,0.00000,-0.86603,0.00000,0.50000,1903.48
quat0,0.48702,0.28019,-0.78344,0.26556,1903.5
quat1,-0.34876,0.86582,-0.21088,-0.29027,1903.5
quat2,0.23364,-0.83528,0.48504,-0.11164,1903.5
quat3,0.31854,-0.74610,0.02660,0.58410,1903.5
quat4,-0.58362,0.39222,0.03314,-0.71025,1903.5
quat5,0.00000,-0.86603,0.00000,0.50000,1903.5
quat6,0.00000,-0.86603,0.00000,0.50000,1903.5
quat7,0.00000,-0.86603,0.00000,0.50000,1903.5
quat8,0.00000,-0.86603,0.00000,0.50000,1903.5
quat0,0.49076,0.27615,-0.78586,0.25559,1903.52
quat1,-0.35123,0.86437,-0.21086,-0.29160,1903.52
quat2,0.23651,-0.83526,0.48441,-0.10840,1903.52
quat3,0.31864,-0.74880,0.03340,0.58022,1903.52
quat4,-0.58409,0.38955,0.03151,-0.71141,1903.52
quat5,0.00000,-0.86603,0.00000,0.50000,1903.52
quat6,0.00000,-0.86603,0.00000,0.50000,1903.52
quat7,0.00000,-0.86603,0.00000,0.50000,1903.52
quat8,0.00000,-0.86603,0.00000,0.50000,1903.52
quat0,0.49827,0.26792,-0.78879,0.24032,1903.54
quat1,-0.35576,0.86188,-0.21079,-0.29354,1903.54
quat2,0.23923,-0.83554,0.48323,-0.10550,1903.54
quat3,0.31887,-0.75245,0.04180,0.57479,1903.54
quat4,-0.58441,0.38700,0.02948,-0.71262,1903.54
quat5,0.00000,-0.86603,0.00000,0.50000,1903.54
quat6,0.00000,-0.86603,0.00000,0.50000,1903.54
quat7,0.00000,-0.86603,0.00000,0.50000,1903.54
quat8,0.00000,-0.86603,0.00000,0.50000,1903.54
quat0,0.50331,0.26391,-0.79043,0.22859,1903.56
quat1,-0.35977,0.85899,-0.21103,-0.29695,1903.56
quat2,0.23959,-0.83567,0.48295,-0.10491,1903.56
quat3,0.31748,-0.75677,0.04988,0.56923,1903.56
quat4,-0.58356,0.38626,0.02553,-0.71387,1903.56
quat5,0.00000,-0.86603,0.00000,0.50000,1903.56
quat6,0.00000,-0.86603,0.00000,0.50000,1903.56
quat7,0.00000,-0.86603,0.00000,0.50000,1903.56
quat8,0.00000,-0.86603,0.00000,0.50000,1903.56
quat0,0.50947,0.25626,-0.79237,0.21660,1903.58
quat1,-0.36355,0.85561,-0.21274,-0.30085,1903.58
quat2,0.23942,-0.83494,0.48397,-0.10645,1903.58
quat3,0.31597,-0.76113,0.05687,0.56357,1903.58
quat4,-0.58247,0.38640,0.02031,-0.71485,1903.58
quat5,0.00000,-0.86603,0.00000,0.50000,1903.58
quat6,0.00000,-0.86603,0.00000,0.50000,1903.58
quat7,0.00000,-0.86603,0.00000,0.50000,1903.58
quat8,0.00000,-0.86603,0.00000,0.50000,1903.58
quat0,0.51256,0.24924,-0.79600,0.20383,1903.6
quat1,-0.36396,0.85310,-0.21525,-0.30565,1903.6
quat2,0.23844,-0.83472,0.48407,-0.10985,1903.6
quat3,0.31326,-0.76491,0.06199,0.55941,1903.6
quat4,-0.57857,0.38725,0.01535,-0.71767,1903.6
quat5,0.00000,-0.86603,0.00000,0.50000,1903.6
quat6,0.00000,-0.86603,0.00000,0.50000,1903.6
quat7,0.00000,-0.86603,0.00000,0.50000,1903.6
quat8,0.00000,-0.86603,0.00000,0.50000,1903.6
quat0,0.51556,0.24093,-0.80086,0.18649,1903.62
quat1,-0.36224,0.85054,-0.22213,-0.30986,1903.62
quat2,0.23403,-0.83483,0.48403,-0.11835,1903.62
quat3,0.31072,-0.76710,0.06815,0.55710,1903.62
quat4,-0.57386,0.38895,0.01133,-0.72061,1903.62
quat5,0.00000,-0.86603,0.00000,0.50000,1903.62
quat6,0.00000,-0.86603,0.00000,0.50000,1903.62
quat7,0.00000,-0.86603,0.00000,0.50000,1903.62
quat8,0.00000,-0.86603,0.00000,0.50000,1903.62
quat0,0.51934,0.24141,-0.79928,0.18209,1903.64
quat1,-0.35902,0.84955,-0.23245,-0.30878,1903.64
quat2,0.21671,-0.83489,0.48582,-0.14133,1903.64
quat3,0.30609,-0.76977,0.07612,0.55495,1903.64
quat4,-0.56660,0.39328,0.00582,-0.72406,1903.64
quat5,0.00000,-0.86603,0.00000,0.50000,1903.64
quat6,0.00000,-0.86603,0.00000,0.50000,1903.64
quat7,0.00000,-0.86603,0.00000,0.50000,1903.64
quat8,0.00000,-0.86603,0.00000,0.50000,1903.64
quat0,0.52716,0.23234,-0.80294,0.15301,1903.66
quat1,-0.36068,0.84946,-0.24083,-0.30054,1903.66
quat2,0.18871,-0.82937,0.49598,-0.17475,1903.66
quat3,0.29834,-0.77699,0.09297,0.54647,1903.66
quat4,-0.55979,0.40444,0.00107,-0.72324,1903.66
quat5,0.00000,-0.86603,0.00000,0.50000,1903.66
quat6,0.00000,-0.86603,0.00000,0.50000,1903.66
quat7,0.00000,-0.86603,0.00000,0.50000,1903.66
quat8,0.00000,-0.86603,0.00000,0.50000,1903.66
quat0,0.52991,0.23213,-0.80414,0.13662,1903.68
quat1,-0.36857,0.84829,-0.23117,-0.30186,1903.68
quat2,0.18572,-0.82474,0.50216,-0.18208,1903.68
quat3,0.27451,-0.79572,0.12843,0.52439,1903.68
quat4,-0.55698,0.42920,-0.00810,-0.71098,1903.68
quat5,0.00000,-0.86603,0.00000,0.50000,1903.68
quat6,0.00000,-0.86603,0.00000,0.50000,1903.68
quat7,0.00000,-0.86603,0.00000,0.50000,1903.68
quat8,0.00000,-0.86603,0.00000,0.50000,1903.68
quat0,0.52893,0.24113,-0.80360,0.12771,1903.7
quat1,-0.38741,0.83807,-0.20407,-0.32544,1903.7
quat2,0.22031,-0.82927,0.49105,-0.15047,1903.7
quat3,0.24945,-0.80807,0.16864,0.50632,1903.7
quat4,-0.55942,0.46409,-0.02824,-0.68620,1903.7
quat5,0.00000,-0.86603,0.00000,0.50000,1903.7
quat6,0.00000,-0.86603,0.00000,0.50000,1903.7
quat7,0.00000,-0.86603,0.00000,0.50000,1903.7
quat8,0.00000,-0.86603,0.00000,0.50000,1903.7
quat0,0.54090,0.24000,-0.79578,0.12867,1903.72
quat1,-0.41826,0.81998,-0.16556,-0.35395,1903.72
quat2,0.24710,-0.82878,0.48748,-0.12013,1903.72
quat3,0.24409,-0.80787,0.19072,0.50139,1903.72
quat4,-0.55828,0.48316,-0.03747,-0.67340,1903.72
quat5,0.00000,-0.86603,0.00000,0.50000,1903.72
quat6,0.00000,-0.86603,0.00000,0.50000,1903.72
quat7,0.00000,-0.86603,0.00000,0.50000,1903.72
quat8,0.00000,-0.86603,0.00000,0.50000,1903.72
quat0,0.54810,0.21958,-0.80134,0.09609,1903.74
quat1,-0.43888,0.80729,-0.15129,-0.36439,1903.74
quat2,0.25920,-0.82415,0.49226,-0.10614,1903.74
quat3,0.25817,-0.80143,0.18486,0.50683,1903.74
quat4,-0.56153,0.47846,-0.03638,-0.67412,1903.74
quat5,0.00000,-0.86603,0.00000,0.50000,1903.74
quat6,0.00000,-0.86603,0.00000,0.50000,1903.74
quat7,0.00000,-0.86603,0.00000,0.50000,1903.74
quat8,0.00000,-0.86603,0.00000,0.50000,1903.74
quat0,0.54448,0.21891,-0.80467,0.09009,1903.76
quat1,-0.44429,0.80373,-0.16094,-0.36156,1903.76
quat2,0.27490,-0.82167,0.49050,-0.09324,1903.76
quat3,0.27279,-0.79714,0.17391,0.50982,1903.76
quat4,-0.57221,0.46475,-0.03321,-0.67489,1903.76
quat5,0.00000,-0.86603,0.00000,0.50000,1903.76
quat6,0.00000,-0.86603,0.00000,0.50000,1903.76
quat7,0.00000,-0.86603,0.00000,0.50000,1903.76
quat8,0.00000,-0.86603,0.00000,0.50000,1903.76
quat0,0.55082,0.20741,-0.80343,0.08985,1903.78
quat1,-0.44525,0.80001,-0.17314,-0.36299,1903.78
quat2,0.28850,-0.81528,0.49400,-0.08973,1903.78
quat3,0.28117,-0.79884,0.18064,0.50017,1903.78
quat4,-0.58595,0.45469,-0.03326,-0.66994,1903.78
quat5,0.00000,-0.86603,0.00000,0.50000,1903.78
quat6,0.00000,-0.86603,0.00000,0.50000,1903.78
quat7,0.00000,-0.86603,0.00000,0.50000,1903.78
quat8,0.00000,-0.86603,0.00000,0.50000,1903.78
quat0,0.54620,0.20309,-0.80863,0.08086,1903.8
quat1,-0.44723,0.79468,-0.17428,-0.37161,1903.8
quat2,0.30159,-0.81164,0.49335,-0.08296,1903.8
quat3,0.28672,-0.80124,0.19487,0.48768,1903.8
quat4,-0.59688,0.44981,-0.03562,-0.66343,1903.8
quat5,0.00000,-0.86603,0.00000,0.50000,1903.8
quat6,0.00000,-0.86603,0.00000,0.50000,1903.8
quat7,0.00000,-0.86603,0.00000,0.50000,1903.8
quat8,0.00000,-0.86603,0.00000,0.50000,1903.8
quat0,0.54868,0.19714,-0.80943,0.07006,1903.82
quat1,-0.45344,0.78868,-0.17105,-0.37830,1903.82
quat2,0.31260,-0.81084,0.48941,-0.07279,1903.82
quat3,0.29942,-0.79645,0.20041,0.48564,1903.82
quat4,-0.60513,0.43818,-0.02860,-0.66408,1903.82
quat5,0.00000,-0.86603,0.00000,0.50000,1903.82
quat6,0.00000,-0.86603,0.00000,0.50000,1903.82
quat7,0.00000,-0.86603,0.00000,0.50000,1903.82
quat8,0.00000,-0.86603,0.00000,0.50000,1903.82
quat0,0.55095,0.19545,-0.80854,0.06723,1903.84
quat1,-0.45232,0.78837,-0.17666,-0.37771,1903.84
quat2,0.31534,-0.81001,0.48910,-0.07229,1903.84
quat3,0.31505,-0.79046,0.19170,0.48905,1903.84
quat4,-0.60861,0.42065,-0.01537,-0.67262,1903.84
quat5,0.00000,-0.86603,0.00000,0.50000,1903.84
quat6,0.00000,-0.86603,0.00000,0.50000,1903.84
quat7,0.00000,-0.86603,0.00000,0.50000,1903.84
quat8,0.00000,-0.86603,0.00000,0.50000,1903.84
quat0,0.54560,0.18645,-0.81508,0.05661,1903.86
quat1,-0.44810,0.78949,-0.18553,-0.37616,1903.86
quat2,0.31865,-0.80766,0.49031,-0.07576,1903.86
quat3,0.32669,-0.78783,0.18528,0.48813,1903.86
quat4,-0.61248,0.40842,-0.00825,-0.67675,1903.86
quat5,0.00000,-0.86603,0.00000,0.50000,1903.86
quat6,0.00000,-0.86603,0.00000,0.50000,1903.86
quat7,0.00000,-0.86603,0.00000,0.50000,1903.86
quat8,0.00000,-0.86603,0.00000,0.50000,1903.86
quat0,0.54803,0.17694,-0.81561,0.05604,1903.88
quat1,-0.44250,0.78534,-0.18261,-0.39254,1903.88
quat2,0.32304,-0.80818,0.48606,-0.07893,1903.88
quat3,0.32950,-0.79339,0.18234,0.47824,1903.88
quat4,-0.61616,0.40278,-0.01068,-0.67676,1903.88
quat5,0.00000,-0.86603,0.00000,0.50000,1903.88
quat6,0.00000,-0.86603,0.00000,0.50000,1903.88
quat7,0.00000,-0.86603,0.00000,0.50000,1903.88
quat8,0.00000,-0.86603,0.00000,0.50000,1903.88
quat0,0.54508,0.16245,-0.82157,0.03900,1903.9
quat1,-0.43338,0.78344,-0.18622,-0.40463,1903.9
quat2,0.32212,-0.81022,0.48232,-0.08448,1903.9
quat3,0.32717,-0.80209,0.18140,0.46551,1903.9
quat4,-0.61997,0.40101,-0.01900,-0.67414,1903.9
quat5,0.00000,-0.86603,0.00000,0.50000,1903.9
quat6,0.00000,-0.86603,0.00000,0.50000,1903.9
quat7,0.00000,-0.86603,0.00000,0.50000,1903.9
quat8,0.00000,-0.86603,0.00000,0.50000,1903.9
quat0,0.53579,0.15168,-0.83021,0.02586,1903.92
quat1,-0.41730,0.78963,-0.20093,-0.40245,1903.92
quat2,0.31692,-0.81035,0.48347,-0.09567,1903.92
quat3,0.32341,-0.81144,0.17491,0.45428,1903.92
quat4,-0.62223,0.39708,-0.02593,-0.67415,1903.92
quat5,0.00000,-0.86603,0.00000,0.50000,1903.92
quat6,0.00000,-0.86603,0.00000,0.50000,1903.92
quat7,0.00000,-0.86603,0.00000,0.50000,1903.92
quat8,0.00000,-0.86603,0.00000,0.50000,1903.92
quat0,0.52838,0.13836,-0.83766,0.00092,1903.94
quat1,-0.40091,0.79701,-0.21492,-0.39732,1903.94
quat2,0.31534,-0.80787,0.48645,-0.10615,1903.94
quat3,0.31841,-0.82107,0.16215,0.44516,1903.94
quat4,-0.62724,0.39377,-0.03717,-0.67091,1903.94
quat5,0.00000,-0.86603,0.00000,0.50000,1903.94
quat6,0.00000,-0.86603,0.00000,0.50000,1903.94
quat7,0.00000,-0.86603,0.00000,0.50000,1903.94
quat8,0.00000,-0.86603,0.00000,0.50000,1903.94
quat0,0.52573,0.12946,-0.84063,-0.01365,1903.96
quat1,-0.38627,0.79873,-0.22049,-0.40523,1903.96
quat2,0.32060,-0.80232,0.48983,-0.11644,1903.96
quat3,0.31036,-0.83175,0.15043,0.43502,1903.96
quat4,-0.63292,0.39260,-0.04987,-0.66542,1903.96
quat5,0.00000,-0.86603,0.00000,0.50000,1903.96
quat6,0.00000,-0.86603,0.00000,0.50000,1903.96
quat7,0.00000,-0.86603,0.00000,0.50000,1903.96
quat8,0.00000,-0.86603,0.00000,0.50000,1903.96
quat0,0.52908,0.10934,-0.84086,-0.03269,1903.98
quat1,-0.37277,0.79368,-0.22187,-0.42648,1903.98
quat2,0.33159,-0.79334,0.49448,-0.12710,1903.98
quat3,0.29839,-0.84800,0.14081,0.41476,1903.98
quat4,-0.64045,0.39122,-0.06501,-0.65768,1903.98
quat5,0.00000,-0.86603,0.00000,0.50000,1903.98
quat6,0.00000,-0.86603,0.00000,0.50000,1903.98
quat7,0.00000,-0.86603,0.00000,0.50000,1903.98
quat8,0.00000,-0.86603,0.00000,0.50000,1903.98
quat0,0.52703,0.09734,-0.84327,-0.04072,1904
quat1,-0.35609,0.78956,-0.22690,-0.44532,1904
quat2,0.34267,-0.78344,0.49941,-0.13927,1904
quat3,0.29037,-0.86153,0.12527,0.39720,1904
quat4,-0.65037,0.38289,-0.07790,-0.65142,1904
quat5,0.00000,-0.86603,0.00000,0.50000,1904
quat6,0.00000,-0.86603,0.00000,0.50000,1904
quat7,0.00000,-0.86603,0.00000,0.50000,1904
quat8,0.00000,-0.86603,0.00000,0.50000,1904
quat0,0.52316,0.08895,-0.84649,-0.04297,1904.02
quat1,-0.33631,0.78661,-0.23526,-0.46129,1904.02
quat2,0.35440,-0.77202,0.50503,-0.15278,1904.02
quat3,0.28559,-0.87078,0.10711,0.38563,1904.02
quat4,-0.66369,0.36909,-0.08769,-0.64467,1904.02
quat5,0.00000,-0.86603,0.00000,0.50000,1904.02
quat6,0.00000,-0.86603,0.00000,0.50000,1904.02
quat7,0.00000,-0.86603,0.00000,0.50000,1904.02
quat8,0.00000,-0.86603,0.00000,0.50000,1904.02
quat0,0.51277,0.08081,-0.85335,-0.04819,1904.04
quat1,-0.31246,0.78582,-0.24429,-0.47452,1904.04
quat2,0.36794,-0.76146,0.50812,-0.16314,1904.04
quat3,0.27912,-0.87831,0.09109,0.37732,1904.04
quat4,-0.67712,0.35623,-0.09987,-0.63610,1904.04
quat5,0.00000,-0.86603,0.00000,0.50000,1904.04
quat6,0.00000,-0.86603,0.00000,0.50000,1904.04
quat7,0.00000,-0.86603,0.00000,0.50000,1904.04
quat8,0.00000,-0.86603,0.00000,0.50000,1904.04
quat0,0.50242,0.07075,-0.85934,-0.06399,1904.06
quat1,-0.28703,0.78451,-0.25044,-0.48933,1904.06
quat2,0.38515,-0.75091,0.50849,-0.17096,1904.06
quat3,0.27152,-0.88812,0.07395,0.36338,1904.06
quat4,-0.69222,0.33978,-0.11250,-0.62667,1904.06
quat5,0.00000,-0.86603,0.00000,0.50000,1904.06
quat6,0.00000,-0.86603,0.00000,0.50000,1904.06
quat7,0.00000,-0.86603,0.00000,0.50000,1904.06
quat8,0.00000,-0.86603,0.00000,0.50000,1904.06
quat0,0.50520,0.06275,-0.85797,-0.06871,1904.08
quat1,-0.26049,0.77975,-0.25516,-0.50894,1904.08
quat2,0.40269,-0.74394,0.50343,-0.17595,1904.08
quat3,0.26080,-0.90107,0.05514,0.34207,1904.08
quat4,-0.70567,0.32475,-0.12608,-0.61698,1904.08
quat5,0.00000,-0.86603,0.00000,0.50000,1904.08
quat6,0.00000,-0.86603,0.00000,0.50000,1904.08
quat7,0.00000,-0.86603,0.00000,0.50000,1904.08
quat8,0.00000,-0.86603,0.00000,0.50000,1904.08
quat0,0.50689,0.05825,-0.85712,-0.07082,1904.1
quat1,-0.23355,0.77143,-0.26106,-0.53122,1904.1
quat2,0.42023,-0.73752,0.49694,-0.18034,1904.1
quat3,0.24825,-0.91482,0.03632,0.31647,1904.1
quat4,-0.71870,0.30952,-0.13727,-0.60731,1904.1
quat5,0.00000,-0.86603,0.00000,0.50000,1904.1
quat6,0.00000,-0.86603,0.00000,0.50000,1904.1
quat7,0.00000,-0.86603,0.00000,0.50000,1904.1
quat8,0.00000,-0.86603,0.00000,0.50000,1904.1
quat0,0.50074,0.04965,-0.85958,-0.08895,1904.12
quat1,-0.20320,0.76351,-0.26922,-0.55071,1904.12
quat2,0.43781,-0.73242,0.48846,-0.18247,1904.12
quat3,0.23327,-0.92701,0.01388,0.29332,1904.12
quat4,-0.73000,0.29952,-0.15038,-0.59564,1904.12
quat5,0.00000,-0.86603,0.00000,0.50000,1904.12
quat6,0.00000,-0.86603,0.00000,0.50000,1904.12
quat7,0.00000,-0.86603,0.00000,0.50000,1904.12
quat8,0.00000,-0.86603,0.00000,0.50000,1904.12
quat0,0.50230,0.05315,-0.85954,-0.07793,1904.14
quat1,-0.17136,0.75259,-0.27676,-0.57241,1904.14
quat2,0.45506,-0.72621,0.48039,-0.18645,1904.14
quat3,0.21482,-0.93812,-0.01420,0.27124,1904.14
quat4,-0.74040,0.29152,-0.16369,-0.58312,1904.14
quat5,0.00000,-0.86603,0.00000,0.50000,1904.14
quat6,0.00000,-0.86603,0.00000,0.50000,1904.14
quat7,0.00000,-0.86603,0.00000,0.50000,1904.14
quat8,0.00000,-0.86603,0.00000,0.50000,1904.14
quat0,0.49930,0.05039,-0.86127,-0.07983,1904.16
quat1,-0.13482,0.73848,-0.28520,-0.59594,1904.16
quat2,0.47137,-0.72110,0.47104,-0.18958,1904.16
quat3,0.19209,-0.94723,-0.04848,0.25200,1904.16
quat4,-0.74833,0.28999,-0.17944,-0.56895,1904.16
quat5,0.00000,-0.86603,0.00000,0.50000,1904.16
quat6,0.00000,-0.86603,0.00000,0.50000,1904.16
quat7,0.00000,-0.86603,0.00000,0.50000,1904.16
quat8,0.00000,-0.86603,0.00000,0.50000,1904.16
quat0,0.50235,0.05286,-0.85976,-0.07521,1904.18
quat1,-0.09356,0.72050,-0.29729,-0.61947,1904.18
quat2,0.48653,-0.71638,0.46183,-0.19184,1904.18
quat3,0.16558,-0.95432,-0.08741,0.23282,1904.18
quat4,-0.75511,0.29164,-0.19429,-0.55409,1904.18
quat5,0.00000,-0.86603,0.00000,0.50000,1904.18
quat6,0.00000,-0.86603,0.00000,0.50000,1904.18
quat7,0.00000,-0.86603,0.00000,0.50000,1904.18
quat8,0.00000,-0.86603,0.00000,0.50000,1904.18
quat0,0.50502,0.05062,-0.85817,-0.07707,1904.2
quat1,-0.04388,0.70407,-0.30988,-0.63744,1904.2
quat2,0.50069,-0.71368,0.45195,-0.18895,1904.2
quat3,0.13398,-0.95961,-0.12891,0.21116,1904.2
quat4,-0.76004,0.30012,-0.20951,-0.53700,1904.2
quat5,0.00000,-0.86603,0.00000,0.50000,1904.2
quat6,0.00000,-0.86603,0.00000,0.50000,1904.2
quat7,0.00000,-0.86603,0.00000,0.50000,1904.2
quat8,0.00000,-0.86603,0.00000,0.50000,1904.2
quat0,0.50506,0.05429,-0.85844,-0.07100,1904.22
quat1,0.00917,0.68584,-0.31958,-0.65377,1904.22
quat2,0.51293,-0.71164,0.44462,-0.18104,1904.22
quat3,0.09977,-0.96259,-0.17293,0.18322,1904.22
quat4,-0.76574,0.30935,-0.22060,-0.51893,1904.22
quat5,0.00000,-0.86603,0.00000,0.50000,1904.22
quat6,0.00000,-0.86603,0.00000,0.50000,1904.22
quat7,0.00000,-0.86603,0.00000,0.50000,1904.22
quat8,0.00000,-0.86603,0.00000,0.50000,1904.22
quat0,0.50889,0.06012,-0.85609,-0.06732,1904.24
quat1,0.06232,0.66419,-0.32391,-0.67086,1904.24
quat2,0.51952,-0.71074,0.44225,-0.17135,1904.24
quat3,0.06686,-0.96235,-0.21801,0.14790,1904.24
quat4,-0.76963,0.31737,-0.22309,-0.50713,1904.24
quat5,0.00000,-0.86603,0.00000,0.50000,1904.24
quat6,0.00000,-0.86603,0.00000,0.50000,1904.24
quat7,0.00000,-0.86603,0.00000,0.50000,1904.24
quat8,0.00000,-0.86603,0.00000,0.50000,1904.24
quat0,0.50742,0.05822,-0.85689,-0.06979,1904.26
quat1,0.11284,0.64322,-0.32266,-0.68515,1904.26
quat2,0.52130,-0.71563,0.43888,-0.15329,1904.26
quat3,0.03560,-0.95827,-0.26072,0.11169,1904.26
quat4,-0.77032,0.32937,-0.22086,-0.49934,1904.26
quat5,0.00000,-0.86603,0.00000,0.50000,1904.26
quat6,0.00000,-0.86603,0.00000,0.50000,1904.26
quat7,0.00000,-0.86603,0.00000,0.50000,1904.26
quat8,0.00000,-0.86603,0.00000,0.50000,1904.26
quat0,0.49870,0.05851,-0.86137,-0.07688,1904.28
quat1,0.15186,0.62587,-0.31372,-0.69772,1904.28
quat2,0.51965,-0.72295,0.43623,-0.13042,1904.28
quat3,0.00544,-0.95320,-0.29024,0.08458,1904.28
quat4,-0.76778,0.34562,-0.22104,-0.49214,1904.28
quat5,0.00000,-0.86603,0.00000,0.50000,1904.28
quat6,0.00000,-0.86603,0.00000,0.50000,1904.28
quat7,0.00000,-0.86603,0.00000,0.50000,1904.28
quat8,0.00000,-0.86603,0.00000,0.50000,1904.28
quat0,0.49746,0.06971,-0.86183,-0.07015,1904.3
quat1,0.17357,0.61885,-0.29839,-0.70559,1904.3
quat2,0.51820,-0.72791,0.43554,-0.10916,1904.3
quat3,-0.01385,-0.95003,-0.30325,0.07278,1904.3
quat4,-0.76688,0.35490,-0.21532,-0.48947,1904.3
quat5,0.00000,-0.86603,0.00000,0.50000,1904.3
quat6,0.00000,-0.86603,0.00000,0.50000,1904.3
quat7,0.00000,-0.86603,0.00000,0.50000,1904.3
quat8,0.00000,-0.86603,0.00000,0.50000,1904.3
quat0,0.49928,0.06510,-0.86090,-0.07303,1904.32
quat1,0.17695,0.62434,-0.27918,-0.70778,1904.32
quat2,0.52093,-0.72687,0.43775,-0.09308,1904.32
quat3,-0.02009,-0.95083,-0.30045,0.07248,1904.32
quat4,-0.76808,0.35983,-0.21309,-0.48493,1904.32
quat5,0.00000,-0.86603,0.00000,0.50000,1904.32
quat6,0.00000,-0.86603,0.00000,0.50000,1904.32
quat7,0.00000,-0.86603,0.00000,0.50000,1904.32
quat8,0.00000,-0.86603,0.00000,0.50000,1904.32
quat0,0.50203,0.06819,-0.85944,-0.06842,1904.34
quat1,0.16430,0.64020,-0.25738,-0.70491,1904.34
quat2,0.52784,-0.72065,0.44173,-0.08316,1904.34
quat3,-0.01820,-0.95396,-0.28792,0.08205,1904.34
quat4,-0.77204,0.35927,-0.21205,-0.47950,1904.34
quat5,0.00000,-0.86603,0.00000,0.50000,1904.34
quat6,0.00000,-0.86603,0.00000,0.50000,1904.34
quat7,0.00000,-0.86603,0.00000,0.50000,1904.34
quat8,0.00000,-0.86603,0.00000,0.50000,1904.34
quat0,0.50225,0.06270,-0.85961,-0.06987,1904.36
quat1,0.14127,0.66061,-0.23833,-0.69773,1904.36
quat2,0.53809,-0.71122,0.44570,-0.07737,1904.36
quat3,-0.01022,-0.95825,-0.26915,0.09597,1904.36
quat4,-0.77799,0.35346,-0.21021,-0.47499,1904.36
quat5,0.00000,-0.86603,0.00000,0.50000,1904.36
quat6,0.00000,-0.86603,0.00000,0.50000,1904.36
quat7,0.00000,-0.86603,0.00000,0.50000,1904.36
quat8,0.00000,-0.86603,0.00000,0.50000,1904.36
quat0,0.50315,0.06299,-0.85845,-0.07706,1904.38
quat1,0.11645,0.68290,-0.22238,-0.68603,1904.38
quat2,0.54648,-0.70211,0.45013,-0.07603,1904.38
quat3,0.00177,-0.96208,-0.24845,0.11254,1904.38
quat4,-0.78370,0.34533,-0.20760,-0.47272,1904.38
quat5,0.00000,-0.86603,0.00000,0.50000,1904.38
quat6,0.00000,-0.86603,0.00000,0.50000,1904.38
quat7,0.00000,-0.86603,0.00000,0.50000,1904.38
quat8,0.00000,-0.86603,0.00000,0.50000,1904.38
quat0,0.50547,0.07784,-0.85605,-0.07502,1904.4
quat1,0.09111,0.70464,-0.21063,-0.67143,1904.4
quat2,0.55238,-0.69183,0.45849,-0.07768,1904.4
quat3,0.01807,-0.96541,-0.22479,0.13090,1904.4
quat4,-0.79021,0.33531,-0.20432,-0.47053,1904.4
quat5,0.00000,-0.86603,0.00000,0.50000,1904.4
quat6,0.00000,-0.86603,0.00000,0.50000,1904.4
quat7,0.00000,-0.86603,0.00000,0.50000,1904.4
quat8,0.00000,-0.86603,0.00000,0.50000,1904.4
quat0,0.50706,0.08526,-0.85465,-0.07212,1904.42
quat1,0.06436,0.72474,-0.19910,-0.65648,1904.42
quat2,0.55614,-0.68263,0.46752,-0.07844,1904.42
quat3,0.03362,-0.96750,-0.20040,0.15052,1904.42
quat4,-0.79525,0.32608,-0.20039,-0.47021,1904.42
quat5,0.00000,-0.86603,0.00000,0.50000,1904.42
quat6,0.00000,-0.86603,0.00000,0.50000,1904.42
quat7,0.00000,-0.86603,0.00000,0.50000,1904.42
quat8,0.00000,-0.86603,0.00000,0.50000,1904.42
quat0,0.50953,0.09039,-0.85331,-0.06381,1904.44
quat1,0.03420,0.74268,-0.18707,-0.64208,1904.44
quat2,0.55900,-0.67356,0.47728,-0.07772,1904.44
quat3,0.05028,-0.96825,-0.17636,0.16987,1904.44
quat4,-0.79976,0.31644,-0.19719,-0.47050,1904.44
quat5,0.00000,-0.86603,0.00000,0.50000,1904.44
quat6,0.00000,-0.86603,0.00000,0.50000,1904.44
quat7,0.00000,-0.86603,0.00000,0.50000,1904.44
quat8,0.00000,-0.86603,0.00000,0.50000,1904.44
quat0,0.50781,0.09320,-0.85418,-0.06180,1904.46
quat1,0.00377,0.75985,-0.17475,-0.62617,1904.46
quat2,0.56034,-0.66586,0.48671,-0.07590,1904.46
quat3,0.06621,-0.96725,-0.15539,0.18945,1904.46
quat4,-0.80229,0.30806,-0.19509,-0.47262,1904.46
quat5,0.00000,-0.86603,0.00000,0.50000,1904.46
quat6,0.00000,-0.86603,0.00000,0.50000,1904.46
quat7,0.00000,-0.86603,0.00000,0.50000,1904.46
quat8,0.00000,-0.86603,0.00000,0.50000,1904.46
quat0,0.51140,0.09493,-0.85209,-0.05834,1904.48
quat1,-0.02728,0.77363,-0.16507,-0.61115,1904.48
quat2,0.56149,-0.65795,0.49641,-0.07353,1904.48
quat3,0.08425,-0.96490,-0.13698,0.20764,1904.48
quat4,-0.80480,0.29892,-0.19159,-0.47565,1904.48
quat5,0.00000,-0.86603,0.00000,0.50000,1904.48
quat6,0.00000,-0.86603,0.00000,0.50000,1904.48
quat7,0.00000,-0.86603,0.00000,0.50000,1904.48
quat8,0.00000,-0.86603,0.00000,0.50000,1904.48
quat0,0.51406,0.10102,-0.85032,-0.04998,1904.5
quat1,-0.05284,0.78298,-0.16158,-0.59837,1904.5
quat2,0.56149,-0.65191,0.50453,-0.07199,1904.5
quat3,0.10140,-0.96232,-0.12371,0.21989,1904.5
quat4,-0.80558,0.29049,-0.18811,-0.48090,1904.5
quat5,0.00000,-0.86603,0.00000,0.50000,1904.5
quat6,0.00000,-0.86603,0.00000,0.50000,1904.5
quat7,0.00000,-0.86603,0.00000,0.50000,1904.5
quat8,0.00000,-0.86603,0.00000,0.50000,1904.5
quat0,0.51647,0.10653,-0.84856,-0.04313,1904.52
quat1,-0.07616,0.78895,-0.16197,-0.58781,1904.52
quat2,0.56164,-0.64579,0.51222,-0.07171,1904.52
quat3,0.11892,-0.95968,-0.11352,0.22800,1904.52
quat4,-0.80656,0.28043,-0.18399,-0.48680,1904.52
quat5,0.00000,-0.86603,0.00000,0.50000,1904.52
quat6,0.00000,-0.86603,0.00000,0.50000,1904.52
quat7,0.00000,-0.86603,0.00000,0.50000,1904.52
quat8,0.00000,-0.86603,0.00000,0.50000,1904.52
quat0,0.51839,0.11301,-0.84698,-0.03353,1904.54
quat1,-0.09619,0.79228,-0.16512,-0.57946,1904.54
quat2,0.56053,-0.64148,0.51860,-0.07325,1904.54
quat3,0.13575,-0.95616,-0.10439,0.23755,1904.54
quat4,-0.80632,0.27080,-0.18100,-0.49372,1904.54
quat5,0.00000,-0.86603,0.00000,0.50000,1904.54
quat6,0.00000,-0.86603,0.00000,0.50000,1904.54
quat7,0.00000,-0.86603,0.00000,0.50000,1904.54
quat8,0.00000,-0.86603,0.00000,0.50000,1904.54
quat0,0.51803,0.11534,-0.84700,-0.03038,1904.56
quat1,-0.11651,0.79342,-0.17043,-0.57259,1904.56
quat2,0.55839,-0.63705,0.52575,-0.07714,1904.56
quat3,0.15426,-0.95223,-0.09489,0.24589,1904.56
quat4,-0.80656,0.26079,-0.17973,-0.49915,1904.56
quat5,0.00000,-0.86603,0.00000,0.50000,1904.56
quat6,0.00000,-0.86603,0.00000,0.50000,1904.56
quat7,0.00000,-0.86603,0.00000,0.50000,1904.56
quat8,0.00000,-0.86603,0.00000,0.50000,1904.56
quat0,0.51832,0.12122,-0.84636,-0.01792,1904.58
quat1,-0.13464,0.79288,-0.17731,-0.56725,1904.58
quat2,0.55595,-0.63451,0.53067,-0.08189,1904.58
quat3,0.17173,-0.94843,-0.08631,0.25207,1904.58
quat4,-0.80569,0.25174,-0.17871,-0.50553,1904.58
quat5,0.00000,-0.86603,0.00000,0.50000,1904.58
quat6,0.00000,-0.86603,0.00000,0.50000,1904.58
quat7,0.00000,-0.86603,0.00000,0.50000,1904.58
quat8,0.00000,-0.86603,0.00000,0.50000,1904.58
quat0,0.51733,0.12355,-0.84677,-0.00914,1904.6
quat1,-0.14984,0.79199,-0.18658,-0.56168,1904.6
quat2,0.55280,-0.63210,0.53581,-0.08811,1904.6
quat3,0.18900,-0.94484,-0.07723,0.25609,1904.6
quat4,-0.80500,0.24284,-0.17688,-0.51158,1904.6
quat5,0.00000,-0.86603,0.00000,0.50000,1904.6
quat6,0.00000,-0.86603,0.00000,0.50000,1904.6
quat7,0.00000,-0.86603,0.00000,0.50000,1904.6
quat8,0.00000,-0.86603,0.00000,0.50000,1904.6
quat0,0.50831,0.12307,-0.85231,-0.00568,1904.62
quat1,-0.16134,0.79080,-0.19564,-0.55708,1904.62
quat2,0.54807,-0.63238,0.53922,-0.09467,1904.62
quat3,0.20478,-0.94128,-0.06913,0.25939,1904.62
quat4,-0.80290,0.23540,-0.17491,-0.51899,1904.62
quat5,0.00000,-0.86603,0.00000,0.50000,1904.62
quat6,0.00000,-0.86603,0.00000,0.50000,1904.62
quat7,0.00000,-0.86603,0.00000,0.50000,1904.62
quat8,0.00000,-0.86603,0.00000,0.50000,1904.62
quat0,0.51555,0.13156,-0.84665,0.00950,1904.64
quat1,-0.17421,0.79027,-0.20341,-0.55113,1904.64
quat2,0.54181,-0.63297,0.54347,-0.10220,1904.64
quat3,0.22046,-0.93701,-0.06093,0.26399,1904.64
quat4,-0.80065,0.22781,-0.17205,-0.52675,1904.64
quat5,0.00000,-0.86603,0.00000,0.50000,1904.64
quat6,0.00000,-0.86603,0.00000,0.50000,1904.64
quat7,0.00000,-0.86603,0.00000,0.50000,1904.64
quat8,0.00000,-0.86603,0.00000,0.50000,1904.64
quat0,0.51324,0.13465,-0.84740,0.01932,1904.66
quat1,-0.18541,0.79164,-0.21105,-0.54257,1904.66
quat2,0.53559,-0.63588,0.54518,-0.10762,1904.66
quat3,0.23486,-0.93185,-0.05389,0.27129,1904.66
quat4,-0.79692,0.22236,-0.16969,-0.53542,1904.66
quat5,0.00000,-0.86603,0.00000,0.50000,1904.66
quat6,0.00000,-0.86603,0.00000,0.50000,1904.66
quat7,0.00000,-0.86603,0.00000,0.50000,1904.66
quat8,0.00000,-0.86603,0.00000,0.50000,1904.66
quat0,0.51780,0.13808,-0.84374,0.03031,1904.68
quat1,-0.19553,0.79326,-0.21865,-0.53357,1904.68
quat2,0.53047,-0.63798,0.54678,-0.11230,1904.68
quat3,0.24969,-0.92582,-0.04724,0.27978,1904.68
quat4,-0.79352,0.21717,-0.16787,-0.54313,1904.68
quat5,0.00000,-0.86603,0.00000,0.50000,1904.68
quat6,0.00000,-0.86603,0.00000,0.50000,1904.68
quat7,0.00000,-0.86603,0.00000,0.50000,1904.68
quat8,0.00000,-0.86603,0.00000,0.50000,1904.68
quat0,0.51536,0.14346,-0.84375,0.04373,1904.7
quat1,-0.20374,0.79490,-0.22529,-0.52522,1904.7
quat2,0.52340,-0.64208,0.54785,-0.11679,1904.7
quat3,0.26319,-0.91926,-0.04201,0.28969,1904.7
quat4,-0.78900,0.21405,-0.16597,-0.55146,1904.7
quat5,0.00000,-0.86603,0.00000,0.50000,1904.7
quat6,0.00000,-0.86603,0.00000,0.50000,1904.7
quat7,0.00000,-0.86603,0.00000,0.50000,1904.7
quat8,0.00000,-0.86603,0.00000,0.50000,1904.7
quat0,0.51552,0.14686,-0.84263,0.05146,1904.72
quat1,-0.21110,0.79584,-0.23215,-0.51786,1904.72
quat2,0.51510,-0.64605,0.54991,-0.12204,1904.72
quat3,0.27521,-0.91288,-0.03731,0.29921,1904.72
quat4,-0.78499,0.21089,-0.16294,-0.55925,1904.72
quat5,0.00000,-0.86603,0.00000,0.50000,1904.72
quat6,0.00000,-0.86603,0.00000,0.50000,1904.72
quat7,0.00000,-0.86603,0.00000,0.50000,1904.72
quat8,0.00000,-0.86603,0.00000,0.50000,1904.72
quat0,0.51747,0.15182,-0.83966,0.06436,1904.74
quat1,-0.21808,0.79527,-0.23706,-0.51361,1904.74
quat2,0.50618,-0.65154,0.55072,-0.12640,1904.74
quat3,0.28431,-0.90681,-0.03297,0.30946,1904.74
quat4,-0.78046,0.20809,-0.15736,-0.56817,1904.74
quat5,0.00000,-0.86603,0.00000,0.50000,1904.74
quat6,0.00000,-0.86603,0.00000,0.50000,1904.74
quat7,0.00000,-0.86603,0.00000,0.50000,1904.74
quat8,0.00000,-0.86603,0.00000,0.50000,1904.74
quat0,0.51821,0.15478,-0.83812,0.07109,1904.76
quat1,-0.22490,0.79532,-0.24283,-0.50785,1904.76
quat2,0.49885,-0.65481,0.55251,-0.13082,1904.76
quat3,0.29316,-0.90047,-0.02823,0.32002,1904.76
quat4,-0.77620,0.20671,-0.15219,-0.57587,1904.76
quat5,0.00000,-0.86603,0.00000,0.50000,1904.76
quat6,0.00000,-0.86603,0.00000,0.50000,1904.76
quat7,0.00000,-0.86603,0.00000,0.50000,1904.76
quat8,0.00000,-0.86603,0.00000,0.50000,1904.76
quat0,0.52002,0.16153,-0.83407,0.08843,1904.78
quat1,-0.22849,0.79685,-0.24759,-0.50152,1904.78
quat2,0.49138,-0.65893,0.55332,-0.13486,1904.78
quat3,0.30014,-0.89379,-0.02478,0.33231,1904.78
quat4,-0.77117,0.20809,-0.14831,-0.58309,1904.78
quat5,0.00000,-0.86603,0.00000,0.50000,1904.78
quat6,0.00000,-0.86603,0.00000,0.50000,1904.78
quat7,0.00000,-0.86603,0.00000,0.50000,1904.78
quat8,0.00000,-0.86603,0.00000,0.50000,1904.78
quat0,0.51651,0.16624,-0.83460,0.09494,1904.8
quat1,-0.23179,0.79879,-0.25236,-0.49450,1904.8
quat2,0.48405,-0.66267,0.55436,-0.13876,1904.8
quat3,0.30617,-0.88729,-0.02133,0.34426,1904.8
quat4,-0.76649,0.20970,-0.14494,-0.58950,1904.8
quat5,0.00000,-0.86603,0.00000,0.50000,1904.8
quat6,0.00000,-0.86603,0.00000,0.50000,1904.8
quat7,0.00000,-0.86603,0.00000,0.50000,1904.8
quat8,0.00000,-0.86603,0.00000,0.50000,1904.8
quat0,0.51764,0.17445,-0.83052,0.10886,1904.82
quat1,-0.23450,0.80078,-0.25550,-0.48834,1904.82
quat2,0.47411,-0.66840,0.55473,-0.14397,1904.82
quat3,0.30995,-0.88108,-0.01922,0.35673,1904.82
quat4,-0.76064,0.21195,-0.14070,-0.59725,1904.82
quat5,0.00000,-0.86603,0.00000,0.50000,1904.82
quat6,0.00000,-0.86603,0.00000,0.50000,1904.82
quat7,0.00000,-0.86603,0.00000,0.50000,1904.82
quat8,0.00000,-0.86603,0.00000,0.50000,1904.82
quat0,0.51661,0.17839,-0.82889,0.11927,1904.84
quat1,-0.23740,0.80320,-0.25807,-0.48158,1904.84
quat2,0.46310,-0.67557,0.55404,-0.14893,1904.84
quat3,0.31344,-0.87519,-0.01726,0.36811,1904.84
quat4,-0.75438,0.21507,-0.13583,-0.60515,1904.84
quat5,0.00000,-0.86603,0.00000,0.50000,1904.84
quat6,0.00000,-0.86603,0.00000,0.50000,1904.84
quat7,0.00000,-0.86603,0.00000,0.50000,1904.84
quat8,0.00000,-0.86603,0.00000,0.50000,1904.84
quat0,0.51688,0.18524,-0.82521,0.13249,1904.86
quat1,-0.23818,0.80614,-0.26036,-0.47500,1904.86
quat2,0.44975,-0.68464,0.55215,-0.15530,1904.86
quat3,0.31526,-0.86898,-0.01704,0.38105,1904.86
quat4,-0.74643,0.21981,-0.13096,-0.61431,1904.86
quat5,0.00000,-0.86603,0.00000,0.50000,1904.86
quat6,0.00000,-0.86603,0.00000,0.50000,1904.86
quat7,0.00000,-0.86603,0.00000,0.50000,1904.86
quat8,0.00000,-0.86603,0.00000,0.50000,1904.86
quat0,0.51601,0.19354,-0.82194,0.14384,1904.88
quat1,-0.23805,0.80983,-0.26132,-0.46820,1904.88
quat2,0.43617,-0.69484,0.54866,-0.16104,1904.88
quat3,0.31661,-0.86282,-0.01614,0.39374,1904.88
quat4,-0.73792,0.22392,-0.12415,-0.62444,1904.88
quat5,0.00000,-0.86603,0.00000,0.50000,1904.88
quat6,0.00000,-0.86603,0.00000,0.50000,1904.88
quat7,0.00000,-0.86603,0.00000,0.50000,1904.88
quat8,0.00000,-0.86603,0.00000,0.50000,1904.88
quat0,0.51463,0.20207,-0.81737,0.16196,1904.9
quat1,-0.23763,0.81307,-0.26157,-0.46264,1904.9
quat2,0.42144,-0.70635,0.54352,-0.16746,1904.9
quat3,0.31549,-0.85794,-0.01356,0.40524,1904.9
quat4,-0.72725,0.22802,-0.11648,-0.63682,1904.9
quat5,0.00000,-0.86603,0.00000,0.50000,1904.9
quat6,0.00000,-0.86603,0.00000,0.50000,1904.9
quat7,0.00000,-0.86603,0.00000,0.50000,1904.9
quat8,0.00000,-0.86603,0.00000,0.50000,1904.9
quat0,0.51659,0.20808,-0.81256,0.17199,1904.92
quat1,-0.23785,0.81581,-0.26043,-0.45833,1904.92
quat2,0.40398,-0.71811,0.53901,-0.17487,1904.92
quat3,0.31490,-0.85231,-0.01190,0.41746,1904.92
quat4,-0.71553,0.23358,-0.10950,-0.64921,1904.92
quat5,0.00000,-0.86603,0.00000,0.50000,1904.92
quat6,0.00000,-0.86603,0.00000,0.50000,1904.92
quat7,0.00000,-0.86603,0.00000,0.50000,1904.92
quat8,0.00000,-0.86603,0.00000,0.50000,1904.92
quat0,0.51374,0.22046,-0.80536,0.19713,1904.94
quat1,-0.23836,0.81857,-0.25763,-0.45470,1904.94
quat2,0.38287,-0.73087,0.53446,-0.18329,1904.94
quat3,0.31423,-0.84594,-0.01165,0.43070,1904.94
quat4,-0.70152,0.24157,-0.10264,-0.66255,1904.94
quat5,0.00000,-0.86603,0.00000,0.50000,1904.94
quat6,0.00000,-0.86603,0.00000,0.50000,1904.94
quat7,0.00000,-0.86603,0.00000,0.50000,1904.94
quat8,0.00000,-0.86603,0.00000,0.50000,1904.94
quat0,0.51552,0.22717,-0.79876,0.21123,1904.96
quat1,-0.23905,0.82273,-0.25481,-0.44838,1904.96
quat2,0.36161,-0.74325,0.52960,-0.19063,1904.96
quat3,0.31549,-0.83840,-0.01412,0.44425,1904.96
quat4,-0.68750,0.24860,-0.09349,-0.67587,1904.96
quat5,0.00000,-0.86603,0.00000,0.50000,1904.96
quat6,0.00000,-0.86603,0.00000,0.50000,1904.96
quat7,0.00000,-0.86603,0.00000,0.50000,1904.96
quat8,0.00000,-0.86603,0.00000,0.50000,1904.96
quat0,0.51726,0.23181,-0.79441,0.21824,1904.98
quat1,-0.23970,0.82769,-0.25172,-0.44059,1904.98
quat2,0.34153,-0.75632,0.52239,-0.19606,1904.98
quat3,0.31608,-0.82973,-0.01820,0.45969,1904.98
quat4,-0.67212,0.25584,-0.08391,-0.68976,1904.98
quat5,0.00000,-0.86603,0.00000,0.50000,1904.98
quat6,0.00000,-0.86603,0.00000,0.50000,1904.98
quat7,0.00000,-0.86603,0.00000,0.50000,1904.98
quat8,0.00000,-0.86603,0.00000,0.50000,1904.98
quat0,0.51886,0.23835,-0.78765,0.23147,1905
quat1,-0.23991,0.83306,-0.25086,-0.43071,1905
quat2,0.32121,-0.76654,0.51815,-0.20190,1905
quat3,0.31746,-0.82034,-0.02307,0.47511,1905
quat4,-0.65681,0.26137,-0.07384,-0.70344,1905
quat5,0.00000,-0.86603,0.00000,0.50000,1905
quat6,0.00000,-0.86603,0.00000,0.50000,1905
quat7,0.00000,-0.86603,0.00000,0.50000,1905
quat8,0.00000,-0.86603,0.00000,0.50000,1905
quat0,0.51776,0.24763,-0.77933,0.25151,1905.02
quat1,-0.23964,0.83893,-0.25058,-0.41950,1905.02
quat2,0.29867,-0.77248,0.51923,-0.21088,1905.02
quat3,0.31816,-0.81101,-0.03026,0.49002,1905.02
quat4,-0.64207,0.26554,-0.06291,-0.71643,1905.02
quat5,0.00000,-0.86603,0.00000,0.50000,1905.02
quat6,0.00000,-0.86603,0.00000,0.50000,1905.02
quat7,0.00000,-0.86603,0.00000,0.50000,1905.02
quat8,0.00000,-0.86603,0.00000,0.50000,1905.02
quat0,0.51736,0.25300,-0.77433,0.26220,1905.04
quat1,-0.24003,0.84362,-0.25095,-0.40954,1905.04
quat2,0.28064,-0.77680,0.52063,-0.21626,1905.04
quat3,0.31836,-0.80087,-0.03785,0.50578,1905.04
quat4,-0.62998,0.27058,-0.05334,-0.72599,1905.04
quat5,0.00000,-0.86603,0.00000,0.50000,1905.04
quat6,0.00000,-0.86603,0.00000,0.50000,1905.04
quat7,0.00000,-0.86603,0.00000,0.50000,1905.04
quat8,0.00000,-0.86603,0.00000,0.50000,1905.04
quat0,0.52017,0.25839,-0.76512,0.27794,1905.06
quat1,-0.24136,0.84724,-0.25101,-0.40115,1905.06
quat2,0.26834,-0.78245,0.51815,-0.21745,1905.06
quat3,0.31754,-0.79119,-0.04433,0.52079,1905.06
quat4,-0.61864,0.27687,-0.04646,-0.73380,1905.06
quat5,0.00000,-0.86603,0.00000,0.50000,1905.06
quat6,0.00000,-0.86603,0.00000,0.50000,1905.06
quat7,0.00000,-0.86603,0.00000,0.50000,1905.06
quat8,0.00000,-0.86603,0.00000,0.50000,1905.06
quat0,0.51385,0.26515,-0.76389,0.28658,1905.08
quat1,-0.24482,0.85056,-0.25188,-0.39137,1905.08
quat2,0.25503,-0.78858,0.51564,-0.21727,1905.08
quat3,0.31700,-0.78221,-0.04952,0.53404,1905.08
quat4,-0.60782,0.28247,-0.03894,-0.74111,1905.08
quat5,0.00000,-0.86603,0.00000,0.50000,1905.08
quat6,0.00000,-0.86603,0.00000,0.50000,1905.08
quat7,0.00000,-0.86603,0.00000,0.50000,1905.08
quat8,0.00000,-0.86603,0.00000,0.50000,1905.08
quat0,0.51548,0.26477,-0.75949,0.29557,1905.1
quat1,-0.24836,0.85408,-0.25484,-0.37937,1905.1
quat2,0.23704,-0.79414,0.51467,-0.21970,1905.1
quat3,0.31708,-0.77365,-0.05227,0.54607,1905.1
quat4,-0.59789,0.28716,-0.03124,-0.74773,1905.1
quat5,0.00000,-0.86603,0.00000,0.50000,1905.1
quat6,0.00000,-0.86603,0.00000,0.50000,1905.1
quat7,0.00000,-0.86603,0.00000,0.50000,1905.1
quat8,0.00000,-0.86603,0.00000,0.50000,1905.1
quat0,0.51279,0.26839,-0.75655,0.30438,1905.12
quat1,-0.25258,0.85833,-0.25663,-0.36553,1905.12
quat2,0.21760,-0.79761,0.51580,-0.22457,1905.12
quat3,0.31756,-0.76577,-0.05241,0.55679,1905.12
quat4,-0.58929,0.29320,-0.02419,-0.75245,1905.12
quat5,0.00000,-0.86603,0.00000,0.50000,1905.12
quat6,0.00000,-0.86603,0.00000,0.50000,1905.12
quat7,0.00000,-0.86603,0.00000,0.50000,1905.12
quat8,0.00000,-0.86603,0.00000,0.50000,1905.12
quat0,0.50801,0.27073,-0.75664,0.31005,1905.14
quat1,-0.25663,0.86238,-0.25818,-0.35183,1905.14
quat2,0.19892,-0.80109,0.51627,-0.22838,1905.14
quat3,0.31817,-0.75751,-0.05288,0.56758,1905.14
quat4,-0.58116,0.29918,-0.01583,-0.75663,1905.14
quat5,0.00000,-0.86603,0.00000,0.50000,1905.14
quat6,0.00000,-0.86603,0.00000,0.50000,1905.14
quat7,0.00000,-0.86603,0.00000,0.50000,1905.14
quat8,0.00000,-0.86603,0.00000,0.50000,1905.14
quat0,0.50491,0.27196,-0.75640,0.31457,1905.16
quat1,-0.26033,0.86664,-0.25987,-0.33710,1905.16
quat2,0.18352,-0.80406,0.51647,-0.23039,1905.16
quat3,0.31921,-0.74906,-0.05317,0.57810,1905.16
quat4,-0.57348,0.30207,-0.00415,-0.76148,1905.16
quat5,0.00000,-0.86603,0.00000,0.50000,1905.16
quat6,0.00000,-0.86603,0.00000,0.50000,1905.16
quat7,0.00000,-0.86603,0.00000,0.50000,1905.16
quat8,0.00000,-0.86603,0.00000,0.50000,1905.16
quat0,0.50209,0.27401,-0.75464,0.32147,1905.18
quat1,-0.26338,0.87100,-0.26143,-0.32195,1905.18
quat2,0.17131,-0.80576,0.51752,-0.23145,1905.18
quat3,0.31987,-0.74051,-0.05384,0.58858,1905.18
quat4,-0.56679,0.30091,0.01164,-0.76686,1905.18
quat5,0.00000,-0.86603,0.00000,0.50000,1905.18
quat6,0.00000,-0.86603,0.00000,0.50000,1905.18
quat7,0.00000,-0.86603,0.00000,0.50000,1905.18
quat8,0.00000,-0.86603,0.00000,0.50000,1905.18
quat0,0.49818,0.27722,-0.75555,0.32265,1905.2
quat1,-0.26746,0.87468,-0.26155,-0.30822,1905.2
quat2,0.16146,-0.80630,0.51996,-0.23119,1905.2
quat3,0.32093,-0.73268,-0.05298,0.59781,1905.2
quat4,-0.56152,0.30169,0.02491,-0.77011,1905.2
quat5,0.00000,-0.86603,0.00000,0.50000,1905.2
quat6,0.00000,-0.86603,0.00000,0.50000,1905.2
quat7,0.00000,-0.86603,0.00000,0.50000,1905.2
quat8,0.00000,-0.86603,0.00000,0.50000,1905.2
quat0,0.49344,0.27865,-0.75622,0.32712,1905.22
quat1,-0.27358,0.87722,-0.26072,-0.29610,1905.22
quat2,0.15512,-0.80847,0.52080,-0.22602,1905.22
quat3,0.32170,-0.72634,-0.05012,0.60533,1905.22
quat4,-0.55809,0.30831,0.03276,-0.76968,1905.22
quat5,0.00000,-0.86603,0.00000,0.50000,1905.22
quat6,0.00000,-0.86603,0.00000,0.50000,1905.22
quat7,0.00000,-0.86603,0.00000,0.50000,1905.22
quat8,0.00000,-0.86603,0.00000,0.50000,1905.22
quat0,0.48974,0.27987,-0.75868,0.32594,1905.24
quat1,-0.28009,0.87873,-0.25916,-0.28674,1905.24
quat2,0.15505,-0.81235,0.52001,-0.21362,1905.24
quat3,0.32284,-0.72143,-0.04550,0.61093,1905.24
quat4,-0.55578,0.31755,0.03820,-0.76734,1905.24
quat5,0.00000,-0.86603,0.00000,0.50000,1905.24
quat6,0.00000,-0.86603,0.00000,0.50000,1905.24
quat7,0.00000,-0.86603,0.00000,0.50000,1905.24
quat8,0.00000,-0.86603,0.00000,0.50000,1905.24
quat0,0.49033,0.27651,-0.76036,0.32399,1905.26
quat1,-0.28746,0.87937,-0.25397,-0.28208,1905.26
quat2,0.16269,-0.81660,0.51828,-0.19514,1905.26
quat3,0.32412,-0.71809,-0.04058,0.61453,1905.26
quat4,-0.55558,0.32732,0.04060,-0.76325,1905.26
quat5,0.00000,-0.86603,0.00000,0.50000,1905.26
quat6,0.00000,-0.86603,0.00000,0.50000,1905.26
quat7,0.00000,-0.86603,0.00000,0.50000,1905.26
quat8,0.00000,-0.86603,0.00000,0.50000,1905.26
quat0,0.48882,0.27548,-0.76366,0.31935,1905.28
quat1,-0.29552,0.87879,-0.24803,-0.28086,1905.28
quat2,0.17414,-0.82239,0.51263,-0.17480,1905.28
quat3,0.32413,-0.71714,-0.03582,0.61593,1905.28
quat4,-0.55643,0.33653,0.04059,-0.75861,1905.28
quat5,0.00000,-0.86603,0.00000,0.50000,1905.28
quat6,0.00000,-0.86603,0.00000,0.50000,1905.28
quat7,0.00000,-0.86603,0.00000,0.50000,1905.28
quat8,0.00000,-0.86603,0.00000,0.50000,1905.28
quat0,0.48668,0.27637,-0.76714,0.31346,1905.3
quat1,-0.30363,0.87799,-0.24293,-0.27914,1905.3
quat2,0.18278,-0.82609,0.50851,-0.15997,1905.3
quat3,0.32384,-0.71756,-0.03116,0.61585,1905.3
quat4,-0.55895,0.34424,0.04002,-0.75331,1905.3
quat5,0.00000,-0.86603,0.00000,0.50000,1905.3
quat6,0.00000,-0.86603,0.00000,0.50000,1905.3
quat7,0.00000,-0.86603,0.00000,0.50000,1905.3
quat8,0.00000,-0.86603,0.00000,0.50000,1905.3
quat0,0.48753,0.27223,-0.77161,0.30466,1905.32
quat1,-0.31129,0.87705,-0.23796,-0.27796,1905.32
quat2,0.18895,-0.82741,0.50718,-0.14988,1905.32
quat3,0.32201,-0.72028,-0.02434,0.61393,1905.32
quat4,-0.56247,0.35298,0.03673,-0.74678,1905.32
quat5,0.00000,-0.86603,0.00000,0.50000,1905.32
quat6,0.00000,-0.86603,0.00000,0.50000,1905.32
quat7,0.00000,-0.86603,0.00000,0.50000,1905.32
quat8,0.00000,-0.86603,0.00000,0.50000,1905.32
quat0,0.49035,0.27072,-0.77304,0.29779,1905.34
quat1,-0.32032,0.87526,-0.22959,-0.28038,1905.34
quat2,0.20112,-0.82969,0.50279,-0.13550,1905.34
quat3,0.31942,-0.72522,-0.01417,0.60978,1905.34
quat4,-0.56716,0.36460,0.03006,-0.73790,1905.34
quat5,0.00000,-0.86603,0.00000,0.50000,1905.34
quat6,0.00000,-0.86603,0.00000,0.50000,1905.34
quat7,0.00000,-0.86603,0.00000,0.50000,1905.34
quat8,0.00000,-0.86603,0.00000,0.50000,1905.34
quat0,0.49563,0.26740,-0.77550,0.28540,1905.36
quat1,-0.32973,0.87290,-0.22108,-0.28362,1905.36
quat2,0.21611,-0.83361,0.49412,-0.11930,1905.36
quat3,0.31675,-0.73118,-0.00280,0.60418,1905.36
quat4,-0.57129,0.37681,0.02212,-0.72880,1905.36
quat5,0.00000,-0.86603,0.00000,0.50000,1905.36
quat6,0.00000,-0.86603,0.00000,0.50000,1905.36
quat7,0.00000,-0.86603,0.00000,0.50000,1905.36
quat8,0.00000,-0.86603,0.00000,0.50000,1905.36
quat0,0.50034,0.26527,-0.77768,0.27296,1905.38
quat1,-0.33862,0.86932,-0.21534,-0.28854,1905.38
quat2,0.22599,-0.83329,0.49177,-0.11279,1905.38
quat3,0.31580,-0.73629,0.00834,0.59840,1905.38
quat4,-0.57475,0.38325,0.01905,-0.72278,1905.38
quat5,0.00000,-0.86603,0.00000,0.50000,1905.38
quat6,0.00000,-0.86603,0.00000,0.50000,1905.38
quat7,0.00000,-0.86603,0.00000,0.50000,1905.38
quat8,0.00000,-0.86603,0.00000,0.50000,1905.38
quat0,0.50307,0.26455,-0.77997,0.26187,1905.4
quat1,-0.34499,0.86663,-0.21111,-0.29218,1905.4
quat2,0.23241,-0.83112,0.49226,-0.11358,1905.4
quat3,0.31630,-0.74012,0.01638,0.59321,1905.4
quat4,-0.57508,0.38452,0.02007,-0.72182,1905.4
quat5,0.00000,-0.86603,0.00000,0.50000,1905.4
quat6,0.00000,-0.86603,0.00000,0.50000,1905.4
quat7,0.00000,-0.86603,0.00000,0.50000,1905.4
quat8,0.00000,-0.86603,0.00000,0.50000,1905.4
quat0,0.51002,0.25765,-0.78252,0.24730,1905.42
quat1,-0.35062,0.86329,-0.21046,-0.29583,1905.42
quat2,0.23861,-0.83002,0.49143,-0.11239,1905.42
quat3,0.31937,-0.74249,0.02173,0.58842,1905.42
quat4,-0.57436,0.38287,0.02326,-0.72318,1905.42
quat5,0.00000,-0.86603,0.00000,0.50000,1905.42
quat6,0.00000,-0.86603,0.00000,0.50000,1905.42
quat7,0.00000,-0.86603,0.00000,0.50000,1905.42
quat8,0.00000,-0.86603,0.00000,0.50000,1905.42
quat0,0.50908,0.25938,-0.78660,0.23412,1905.44
quat1,-0.35495,0.86047,-0.21046,-0.29886,1905.44
quat2,0.24267,-0.83160,0.48743,-0.10942,1905.44
quat3,0.32356,-0.74359,0.02409,0.58464,1905.44
quat4,-0.57177,0.38031,0.02703,-0.72644,1905.44
quat5,0.00000,-0.86603,0.00000,0.50000,1905.44
quat6,0.00000,-0.86603,0.00000,0.50000,1905.44
quat7,0.00000,-0.86603,0.00000,0.50000,1905.44
quat8,0.00000,-0.86603,0.00000,0.50000,1905.44
quat0,0.51763,0.25270,-0.78843,0.21584,1905.46
quat1,-0.35997,0.85733,-0.21014,-0.30206,1905.46
quat2,0.24263,-0.83291,0.48494,-0.11060,1905.46
quat3,0.32803,-0.74407,0.02548,0.58147,1905.46
quat4,-0.56952,0.37728,0.02996,-0.72966,1905.46
quat5,0.00000,-0.86603,0.00000,0.50000,1905.46
quat6,0.00000,-0.86603,0.00000,0.50000,1905.46
quat7,0.00000,-0.86603,0.00000,0.50000,1905.46
quat8,0.00000,-0.86603,0.00000,0.50000,1905.46
quat0,0.52497,0.25185,-0.78539,0.21012,1905.48
quat1,-0.36308,0.85533,-0.20924,-0.30465,1905.48
quat2,0.23973,-0.83409,0.48308,-0.11600,1905.48
quat3,0.33069,-0.74429,0.02540,0.57968,1905.48
quat4,-0.56563,0.37332,0.03280,-0.73458,1905.48
quat5,0.00000,-0.86603,0.00000,0.50000,1905.48
quat6,0.00000,-0.86603,0.00000,0.50000,1905.48
quat7,0.00000,-0.86603,0.00000,0.50000,1905.48
quat8,0.00000,-0.86603,0.00000,0.50000,1905.48
quat0,0.52658,0.24860,-0.78944,0.19417,1905.5
quat1,-0.36546,0.85394,-0.20896,-0.30588,1905.5
quat2,0.23915,-0.83485,0.48137,-0.11882,1905.5
quat3,0.33314,-0.74307,0.02639,0.57980,1905.5
quat4,-0.56213,0.36865,0.03683,-0.73942,1905.5
quat5,0.00000,-0.86603,0.00000,0.50000,1905.5
quat6,0.00000,-0.86603,0.00000,0.50000,1905.5
quat7,0.00000,-0.86603,0.00000,0.50000,1905.5
quat8,0.00000,-0.86603,0.00000,0.50000,1905.5
quat0,0.53092,0.24767,-0.79041,0.17898,1905.52
quat1,-0.36778,0.85299,-0.20672,-0.30726,1905.52
quat2,0.24083,-0.83754,0.47623,-0.11717,1905.52
quat3,0.33392,-0.74505,0.03315,0.57646,1905.52
quat4,-0.55743,0.36719,0.04077,-0.74349,1905.52
quat5,0.00000,-0.86603,0.00000,0.50000,1905.52
quat6,0.00000,-0.86603,0.00000,0.50000,1905.52
quat7,0.00000,-0.86603,0.00000,0.50000,1905.52
quat8,0.00000,-0.86603,0.00000,0.50000,1905.52
quat0,0.53674,0.24078,-0.79404,0.15306,1905.54
quat1,-0.37472,0.84846,-0.20254,-0.31413,1905.54
quat2,0.24754,-0.83946,0.47049,-0.11257,1905.54
quat3,0.33028,-0.75044,0.04692,0.57057,1905.54
quat4,-0.55505,0.37063,0.04017,-0.74360,1905.54
quat5,0.00000,-0.86603,0.00000,0.50000,1905.54
quat6,0.00000,-0.86603,0.00000,0.50000,1905.54
quat7,0.00000,-0.86603,0.00000,0.50000,1905.54
quat8,0.00000,-0.86603,0.00000,0.50000,1905.54
quat0,0.52859,0.23703,-0.80469,0.12992,1905.56
quat1,-0.38236,0.84367,-0.19285,-0.32376,1905.56
quat2,0.26547,-0.83851,0.46587,-0.09685,1905.56
quat3,0.31888,-0.75729,0.06406,0.56632,1905.56
quat4,-0.56118,0.38290,0.03048,-0.73317,1905.56
quat5,0.00000,-0.86603,0.00000,0.50000,1905.56
quat6,0.00000,-0.86603,0.00000,0.50000,1905.56
quat7,0.00000,-0.86603,0.00000,0.50000,1905.56
quat8,0.00000,-0.86603,0.00000,0.50000,1905.56
quat0,0.52934,0.23358,-0.80751,0.11477,1905.58
quat1,-0.39550,0.83310,-0.17209,-0.34629,1905.58
quat2,0.30093,-0.83249,0.46029,-0.06742,1905.58
quat3,0.30271,-0.76921,0.09075,0.55538,1905.58
quat4,-0.58121,0.40358,0.00558,-0.70660,1905.58
quat5,0.00000,-0.86603,0.00000,0.50000,1905.58
quat6,0.00000,-0.86603,0.00000,0.50000,1905.58
quat7,0.00000,-0.86603,0.00000,0.50000,1905.58
quat8,0.00000,-0.86603,0.00000,0.50000,1905.58
quat0,0.52991,0.23240,-0.80751,0.11448,1905.6
quat1,-0.41159,0.81720,-0.14454,-0.37668,1905.6
quat2,0.32713,-0.82295,0.46245,-0.04334,1905.6
quat3,0.28403,-0.78236,0.12532,0.53994,1905.6
quat4,-0.59979,0.42217,-0.02078,-0.67941,1905.6
quat5,0.00000,-0.86603,0.00000,0.50000,1905.6
quat6,0.00000,-0.86603,0.00000,0.50000,1905.6
quat7,0.00000,-0.86603,0.00000,0.50000,1905.6
quat8,0.00000,-0.86603,0.00000,0.50000,1905.6
quat0,0.52287,0.22435,-0.81694,0.09419,1905.62
quat1,-0.43091,0.79939,-0.13201,-0.39732,1905.62
quat2,0.34553,-0.81359,0.46683,-0.02754,1905.62
quat3,0.27952,-0.78955,0.16077,0.52214,1905.62
quat4,-0.61102,0.42898,-0.03569,-0.66434,1905.62
quat5,0.00000,-0.86603,0.00000,0.50000,1905.62
quat6,0.00000,-0.86603,0.00000,0.50000,1905.62
quat7,0.00000,-0.86603,0.00000,0.50000,1905.62
quat8,0.00000,-0.86603,0.00000,0.50000,1905.62
quat0,0.51912,0.21189,-0.82354,0.08600,1905.64
quat1,-0.43717,0.79381,-0.14450,-0.39732,1905.64
quat2,0.35180,-0.80765,0.47255,-0.02532,1905.64
quat3,0.28939,-0.78743,0.17707,0.51464,1905.64
quat4,-0.61579,0.42579,-0.03636,-0.66195,1905.64
quat5,0.00000,-0.86603,0.00000,0.50000,1905.64
quat6,0.00000,-0.86603,0.00000,0.50000,1905.64
quat7,0.00000,-0.86603,0.00000,0.50000,1905.64
quat8,0.00000,-0.86603,0.00000,0.50000,1905.64
quat0,0.51329,0.20425,-0.83007,0.07615,1905.66
quat1,-0.43765,0.79591,-0.16759,-0.38328,1905.66
quat2,0.34632,-0.80226,0.48480,-0.03762,1905.66
quat3,0.30480,-0.77822,0.18018,0.51865,1905.66
quat4,-0.61772,0.41980,-0.02890,-0.66435,1905.66
quat5,0.00000,-0.86603,0.00000,0.50000,1905.66
quat6,0.00000,-0.86603,0.00000,0.50000,1905.66
quat7,0.00000,-0.86603,0.00000,0.50000,1905.66
quat8,0.00000,-0.86603,0.00000,0.50000,1905.66
quat0,0.51258,0.20187,-0.83122,0.07479,1905.68
quat1,-0.43904,0.79553,-0.17774,-0.37787,1905.68
quat2,0.34128,-0.79678,0.49605,-0.05104,1905.68
quat3,0.31429,-0.77633,0.17918,0.51616,1905.68
quat4,-0.61952,0.41440,-0.02310,-0.66629,1905.68
quat5,0.00000,-0.86603,0.00000,0.50000,1905.68
quat6,0.00000,-0.86603,0.00000,0.50000,1905.68
quat7,0.00000,-0.86603,0.00000,0.50000,1905.68
quat8,0.00000,-0.86603,0.00000,0.50000,1905.68
quat0,0.51237,0.19619,-0.83332,0.06752,1905.7
quat1,-0.44292,0.79132,-0.17777,-0.38214,1905.7
quat2,0.34729,-0.79348,0.49716,-0.05106,1905.7
quat3,0.31749,-0.77930,0.18302,0.50833,1905.7
quat4,-0.62408,0.41018,-0.02262,-0.66465,1905.7
quat5,0.00000,-0.86603,0.00000,0.50000,1905.7
quat6,0.00000,-0.86603,0.00000,0.50000,1905.7
quat7,0.00000,-0.86603,0.00000,0.50000,1905.7
quat8,0.00000,-0.86603,0.00000,0.50000,1905.7
quat0,0.51282,0.18921,-0.83485,0.06517,1905.72
quat1,-0.43996,0.78892,-0.18292,-0.38806,1905.72
quat2,0.35418,-0.79100,0.49595,-0.05393,1905.72
quat3,0.31799,-0.78700,0.18504,0.49524,1905.72
quat4,-0.62637,0.41024,-0.02475,-0.66239,1905.72
quat5,0.00000,-0.86603,0.00000,0.50000,1905.72
quat6,0.00000,-0.86603,0.00000,0.50000,1905.72
quat7,0.00000,-0.86603,0.00000,0.50000,1905.72
quat8,0.00000,-0.86603,0.00000,0.50000,1905.72
quat0,0.51063,0.18442,-0.83787,0.05675,1905.74
quat1,-0.43300,0.79013,-0.19322,-0.38843,1905.74
quat2,0.35668,-0.78712,0.49895,-0.06538,1905.74
quat3,0.32109,-0.79286,0.18360,0.48432,1905.74
quat4,-0.62729,0.41063,-0.02527,-0.66125,1905.74
quat5,0.00000,-0.86603,0.00000,0.50000,1905.74
quat6,0.00000,-0.86603,0.00000,0.50000,1905.74
quat7,0.00000,-0.86603,0.00000,0.50000,1905.74
quat8,0.00000,-0.86603,0.00000,0.50000,1905.74
quat0,0.51099,0.17959,-0.83911,0.05038,1905.76
quat1,-0.42387,0.79381,-0.20422,-0.38535,1905.76
quat2,0.35717,-0.78227,0.50426,-0.07872,1905.76
quat3,0.32618,-0.79698,0.17209,0.47834,1905.76
quat4,-0.62969,0.40581,-0.02548,-0.66193,1905.76
quat5,0.00000,-0.86603,0.00000,0.50000,1905.76
quat6,0.00000,-0.86603,0.00000,0.50000,1905.76
quat7,0.00000,-0.86603,0.00000,0.50000,1905.76
quat8,0.00000,-0.86603,0.00000,0.50000,1905.76
quat0,0.51254,0.16829,-0.84122,0.03646,1905.78
quat1,-0.41645,0.79502,-0.21181,-0.38685,1905.78
quat2,0.36176,-0.77609,0.50938,-0.08567,1905.78
quat3,0.32880,-0.80067,0.15927,0.47482,1905.78
quat4,-0.63659,0.40148,-0.03535,-0.65751,1905.78
quat5,0.00000,-0.86603,0.00000,0.50000,1905.78
quat6,0.00000,-0.86603,0.00000,0.50000,1905.78
quat7,0.00000,-0.86603,0.00000,0.50000,1905.78
quat8,0.00000,-0.86603,0.00000,0.50000,1905.78
quat0,0.51742,0.16115,-0.84002,0.02617,1905.8
quat1,-0.40900,0.79343,-0.21084,-0.39841,1905.8
quat2,0.37200,-0.76903,0.51259,-0.08633,1905.8
quat3,0.32681,-0.80643,0.15154,0.46894,1905.8
quat4,-0.64457,0.39391,-0.04620,-0.65363,1905.8
quat5,0.00000,-0.86603,0.00000,0.50000,1905.8
quat6,0.00000,-0.86603,0.00000,0.50000,1905.8
quat7,0.00000,-0.86603,0.00000,0.50000,1905.8
quat8,0.00000,-0.86603,0.00000,0.50000,1905.8
quat0,0.51169,0.14881,-0.84616,0.00696,1905.82
quat1,-0.40017,0.78966,-0.20891,-0.41553,1905.82
quat2,0.38330,-0.76018,0.51727,-0.08739,1905.82
quat3,0.32463,-0.81430,0.14730,0.45807,1905.82
quat4,-0.65403,0.38352,-0.05599,-0.64963,1905.82
quat5,0.00000,-0.86603,0.00000,0.50000,1905.82
quat6,0.00000,-0.86603,0.00000,0.50000,1905.82
quat7,0.00000,-0.86603,0.00000,0.50000,1905.82
quat8,0.00000,-0.86603,0.00000,0.50000,1905.82
quat0,0.51156,0.14138,-0.84753,-0.00370,1905.84
quat1,-0.38797,0.78708,-0.21280,-0.42977,1905.84
quat2,0.39434,-0.75125,0.52185,-0.08832,1905.84
quat3,0.32324,-0.82147,0.14245,0.44766,1905.84
quat4,-0.66241,0.37149,-0.06491,-0.64730,1905.84
quat5,0.00000,-0.86603,0.00000,0.50000,1905.84
quat6,0.00000,-0.86603,0.00000,0.50000,1905.84
quat7,0.00000,-0.86603,0.00000,0.50000,1905.84
quat8,0.00000,-0.86603,0.00000,0.50000,1905.84
quat0,0.50581,0.13126,-0.85235,-0.02081,1905.86
quat1,-0.37527,0.78501,-0.21685,-0.44261,1905.86
quat2,0.40486,-0.74119,0.52733,-0.09300,1905.86
quat3,0.32422,-0.82739,0.13397,0.43859,1905.86
quat4,-0.67113,0.35655,-0.07162,-0.64601,1905.86
quat5,0.00000,-0.86603,0.00000,0.50000,1905.86
quat6,0.00000,-0.86603,0.00000,0.50000,1905.86
quat7,0.00000,-0.86603,0.00000,0.50000,1905.86
quat8,0.00000,-0.86603,0.00000,0.50000,1905.86
quat0,0.50273,0.12074,-0.85515,-0.03737,1905.88
quat1,-0.36162,0.78386,-0.22111,-0.45378,1905.88
quat2,0.41590,-0.73270,0.52992,-0.09678,1905.88
quat3,0.32639,-0.83283,0.12267,0.42991,1905.88
quat4,-0.67793,0.34133,-0.07750,-0.64645,1905.88
quat5,0.00000,-0.86603,0.00000,0.50000,1905.88
quat6,0.00000,-0.86603,0.00000,0.50000,1905.88
quat7,0.00000,-0.86603,0.00000,0.50000,1905.88
quat8,0.00000,-0.86603,0.00000,0.50000,1905.88
quat0,0.49854,0.11499,-0.85746,-0.05469,1905.9
quat1,-0.34732,0.77867,-0.22378,-0.47220,1905.9
quat2,0.42898,-0.72324,0.53138,-0.10268,1905.9
quat3,0.33034,-0.83825,0.10949,0.41979,1905.9
quat4,-0.68560,0.32398,-0.07980,-0.64701,1905.9
quat5,0.00000,-0.86603,0.00000,0.50000,1905.9
quat6,0.00000,-0.86603,0.00000,0.50000,1905.9
quat7,0.00000,-0.86603,0.00000,0.50000,1905.9
quat8,0.00000,-0.86603,0.00000,0.50000,1905.9
quat0,0.49413,0.10821,-0.85978,-0.07010,1905.92
quat1,-0.33086,0.77258,-0.22526,-0.49287,1905.92
quat2,0.44304,-0.71536,0.52950,-0.10771,1905.92
quat3,0.33293,-0.84626,0.09518,0.40490,1905.92
quat4,-0.69299,0.30882,-0.08491,-0.64589,1905.92
quat5,0.00000,-0.86603,0.00000,0.50000,1905.92
quat6,0.00000,-0.86603,0.00000,0.50000,1905.92
quat7,0.00000,-0.86603,0.00000,0.50000,1905.92
quat8,0.00000,-0.86603,0.00000,0.50000,1905.92
quat0,0.49556,0.09830,-0.85863,-0.08669,1905.94
quat1,-0.31321,0.76635,-0.22631,-0.51322,1905.94
quat2,0.45872,-0.70623,0.52717,-0.11361,1905.94
quat3,0.33149,-0.85844,0.07900,0.38334,1905.94
quat4,-0.70205,0.29214,-0.09056,-0.64310,1905.94
quat5,0.00000,-0.86603,0.00000,0.50000,1905.94
quat6,0.00000,-0.86603,0.00000,0.50000,1905.94
quat7,0.00000,-0.86603,0.00000,0.50000,1905.94
quat8,0.00000,-0.86603,0.00000,0.50000,1905.94
quat0,0.49098,0.09871,-0.85987,-0.09909,1905.96
quat1,-0.29331,0.76029,-0.22706,-0.53326,1905.96
quat2,0.47359,-0.69915,0.52244,-0.11818,1905.96
quat3,0.32522,-0.87239,0.05808,0.36027,1905.96
quat4,-0.70979,0.27888,-0.09927,-0.63920,1905.96
quat5,0.00000,-0.86603,0.00000,0.50000,1905.96
quat6,0.00000,-0.86603,0.00000,0.50000,1905.96
quat7,0.00000,-0.86603,0.00000,0.50000,1905.96
quat8,0.00000,-0.86603,0.00000,0.50000,1905.96
quat0,0.49108,0.09592,-0.85882,-0.10984,1905.98
quat1,-0.27134,0.75364,-0.22917,-0.55307,1905.98
quat2,0.48853,-0.69174,0.51746,-0.12274,1905.98
quat3,0.31606,-0.88722,0.03529,0.33421,1905.98
quat4,-0.71673,0.26651,-0.11076,-0.63482,1905.98
quat5,0.00000,-0.86603,0.00000,0.50000,1905.98
quat6,0.00000,-0.86603,0.00000,0.50000,1905.98
quat7,0.00000,-0.86603,0.00000,0.50000,1905.98
quat8,0.00000,-0.86603,0.00000,0.50000,1905.98
quat0,0.49491,0.09022,-0.85644,-0.11588,1906
quat1,-0.24517,0.74779,-0.23037,-0.57239,1906
quat2,0.50193,-0.68531,0.51236,-0.12611,1906
quat3,0.30554,-0.90125,0.00908,0.30711,1906
quat4,-0.72174,0.25726,-0.12437,-0.63043,1906
quat5,0.00000,-0.86603,0.00000,0.50000,1906
quat6,0.00000,-0.86603,0.00000,0.50000,1906
quat7,0.00000,-0.86603,0.00000,0.50000,1906
quat8,0.00000,-0.86603,0.00000,0.50000,1906
quat0,0.49457,0.08379,-0.85652,-0.12145,1906.02
quat1,-0.21707,0.73853,-0.23501,-0.59349,1906.02
quat2,0.51636,-0.67908,0.50605,-0.12703,1906.02
quat3,0.29390,-0.91468,-0.02184,0.27659,1906.02
quat4,-0.72578,0.25106,-0.14141,-0.62467,1906.02
quat5,0.00000,-0.86603,0.00000,0.50000,1906.02
quat6,0.00000,-0.86603,0.00000,0.50000,1906.02
quat7,0.00000,-0.86603,0.00000,0.50000,1906.02
quat8,0.00000,-0.86603,0.00000,0.50000,1906.02
quat0,0.49729,0.08265,-0.85475,-0.12359,1906.04
quat1,-0.18301,0.72679,-0.23920,-0.61730,1906.04
quat2,0.52836,-0.67442,0.50015,-0.12583,1906.04
quat3,0.27740,-0.92650,-0.05775,0.24764,1906.04
quat4,-0.72894,0.24862,-0.15953,-0.61757,1906.04
quat5,0.00000,-0.86603,0.00000,0.50000,1906.04
quat6,0.00000,-0.86603,0.00000,0.50000,1906.04
quat7,0.00000,-0.86603,0.00000,0.50000,1906.04
quat8,0.00000,-0.86603,0.00000,0.50000,1906.04
quat0,0.49912,0.07823,-0.85310,-0.13032,1906.06
quat1,-0.14599,0.71234,-0.24547,-0.64110,1906.06
quat2,0.53923,-0.66968,0.49603,-0.12132,1906.06
quat3,0.25914,-0.93599,-0.09598,0.21807,1906.06
quat4,-0.73354,0.24868,-0.17934,-0.60656,1906.06
quat5,0.00000,-0.86603,0.00000,0.50000,1906.06
quat6,0.00000,-0.86603,0.00000,0.50000,1906.06
quat7,0.00000,-0.86603,0.00000,0.50000,1906.06
quat8,0.00000,-0.86603,0.00000,0.50000,1906.06
quat0,0.49766,0.07448,-0.85352,-0.13527,1906.08
quat1,-0.10555,0.69910,-0.24927,-0.66180,1906.08
quat2,0.54593,-0.66527,0.49712,-0.11071,1906.08
quat3,0.23511,-0.94362,-0.13458,0.19026,1906.08
quat4,-0.74080,0.25069,-0.19680,-0.59130,1906.08
quat5,0.00000,-0.86603,0.00000,0.50000,1906.08
quat6,0.00000,-0.86603,0.00000,0.50000,1906.08
quat7,0.00000,-0.86603,0.00000,0.50000,1906.08
quat8,0.00000,-0.86603,0.00000,0.50000,1906.08
quat0,0.49856,0.07413,-0.85366,-0.13116,1906.1
quat1,-0.06267,0.67983,-0.25107,-0.68620,1906.1
quat2,0.54860,-0.65822,0.50695,-0.09378,1906.1
quat3,0.20611,-0.94980,-0.17309,0.15952,1906.1
quat4,-0.75584,0.24869,-0.20453,-0.57011,1906.1
quat5,0.00000,-0.86603,0.00000,0.50000,1906.1
quat6,0.00000,-0.86603,0.00000,0.50000,1906.1
quat7,0.00000,-0.86603,0.00000,0.50000,1906.1
quat8,0.00000,-0.86603,0.00000,0.50000,1906.1
quat0,0.50149,0.06755,-0.85230,-0.13238,1906.12
quat1,-0.02312,0.64991,-0.24893,-0.71771,1906.12
quat2,0.54442,-0.65236,0.52226,-0.07268,1906.12
quat3,0.17362,-0.95459,-0.20795,0.12398,1906.12
quat4,-0.77640,0.24492,-0.19919,-0.54547,1906.12
quat5,0.00000,-0.86603,0.00000,0.50000,1906.12
quat6,0.00000,-0.86603,0.00000,0.50000,1906.12
quat7,0.00000,-0.86603,0.00000,0.50000,1906.12
quat8,0.00000,-0.86603,0.00000,0.50000,1906.12
quat0,0.50696,0.05814,-0.84954,-0.13379,1906.14
quat1,0.01177,0.60942,-0.25017,-0.75225,1906.14
quat2,0.53657,-0.64781,0.53803,-0.05437,1906.14
quat3,0.14138,-0.95773,-0.23572,0.08484,1906.14
quat4,-0.79464,0.24009,-0.18986,-0.52427,1906.14
quat5,0.00000,-0.86603,0.00000,0.50000,1906.14
quat6,0.00000,-0.86603,0.00000,0.50000,1906.14
quat7,0.00000,-0.86603,0.00000,0.50000,1906.14
quat8,0.00000,-0.86603,0.00000,0.50000,1906.14
quat0,0.51019,0.03981,-0.84634,-0.14776,1906.16
quat1,0.04376,0.57157,-0.25517,-0.77864,1906.16
quat2,0.52988,-0.64449,0.54976,-0.04033,1906.16
quat3,0.10804,-0.95959,-0.25403,0.05458,1906.16
quat4,-0.80918,0.24673,-0.18443,-0.50034,1906.16
quat5,0.00000,-0.86603,0.00000,0.50000,1906.16
quat6,0.00000,-0.86603,0.00000,0.50000,1906.16
quat7,0.00000,-0.86603,0.00000,0.50000,1906.16
quat8,0.00000,-0.86603,0.00000,0.50000,1906.16
quat0,0.50250,0.02972,-0.84529,-0.17915,1906.18
quat1,0.07214,0.55164,-0.25485,-0.79091,1906.18
quat2,0.52450,-0.64017,0.56042,-0.03188,1906.18
quat3,0.07725,-0.96292,-0.25610,0.03496,1906.18
quat4,-0.82059,0.26128,-0.17353,-0.47776,1906.18
quat5,0.00000,-0.86603,0.00000,0.50000,1906.18
quat6,0.00000,-0.86603,0.00000,0.50000,1906.18
quat7,0.00000,-0.86603,0.00000,0.50000,1906.18
quat8,0.00000,-0.86603,0.00000,0.50000,1906.18
quat0,0.49502,0.03224,-0.84928,-0.18066,1906.2
quat1,0.08793,0.54974,-0.24563,-0.79355,1906.2
quat2,0.52668,-0.63487,0.56471,-0.02555,1906.2
quat3,0.05716,-0.96764,-0.24504,0.01897,1906.2
quat4,-0.82588,0.27924,-0.15682,-0.46407,1906.2
quat5,0.00000,-0.86603,0.00000,0.50000,1906.2
quat6,0.00000,-0.86603,0.00000,0.50000,1906.2
quat7,0.00000,-0.86603,0.00000,0.50000,1906.2
quat8,0.00000,-0.86603,0.00000,0.50000,1906.2
quat0,0.50568,0.03580,-0.84589,-0.16575,1906.22
quat1,0.08935,0.55758,-0.23582,-0.79089,1906.22
quat2,0.53176,-0.63020,0.56539,-0.02047,1906.22
quat3,0.05011,-0.97114,-0.23267,0.01584,1906.22
quat4,-0.82685,0.29531,-0.15466,-0.45297,1906.22
quat5,0.00000,-0.86603,0.00000,0.50000,1906.22
quat6,0.00000,-0.86603,0.00000,0.50000,1906.22
quat7,0.00000,-0.86603,0.00000,0.50000,1906.22
quat8,0.00000,-0.86603,0.00000,0.50000,1906.22
quat0,0.52571,0.03388,-0.83707,-0.14761,1906.24
quat1,0.07796,0.57096,-0.22520,-0.78563,1906.24
quat2,0.53517,-0.62678,0.56613,-0.01558,1906.24
quat3,0.04797,-0.97369,-0.22092,0.02872,1906.24
quat4,-0.82835,0.29795,-0.15859,-0.44711,1906.24
quat5,0.00000,-0.86603,0.00000,0.50000,1906.24
quat6,0.00000,-0.86603,0.00000,0.50000,1906.24
quat7,0.00000,-0.86603,0.00000,0.50000,1906.24
quat8,0.00000,-0.86603,0.00000,0.50000,1906.24
quat0,0.50370,0.03913,-0.85141,-0.14094,1906.26
quat1,0.06313,0.58554,-0.21587,-0.77882,1906.26
quat2,0.53739,-0.62577,0.56523,-0.01166,1906.26
quat3,0.04853,-0.97436,-0.21318,0.05316,1906.26
quat4,-0.83007,0.28982,-0.16682,-0.44628,1906.26
quat5,0.00000,-0.86603,0.00000,0.50000,1906.26
quat6,0.00000,-0.86603,0.00000,0.50000,1906.26
quat7,0.00000,-0.86603,0.00000,0.50000,1906.26
quat8,0.00000,-0.86603,0.00000,0.50000,1906.26
quat0,0.50012,0.04029,-0.85064,-0.15706,1906.28
quat1,0.04720,0.60559,-0.20772,-0.76674,1906.28
quat2,0.54214,-0.62470,0.56190,-0.00986,1906.28
quat3,0.05547,-0.97334,-0.20656,0.08283,1906.28
quat4,-0.83098,0.27784,-0.17669,-0.44840,1906.28
quat5,0.00000,-0.86603,0.00000,0.50000,1906.28
quat6,0.00000,-0.86603,0.00000,0.50000,1906.28
quat7,0.00000,-0.86603,0.00000,0.50000,1906.28
quat8,0.00000,-0.86603,0.00000,0.50000,1906.28
quat0,0.50656,0.05271,-0.84949,-0.13776,1906.3
quat1,0.03212,0.62968,-0.20103,-0.74970,1906.3
quat2,0.54668,-0.62270,0.55967,-0.01230,1906.3
quat3,0.06792,-0.97156,-0.19859,0.10963,1906.3
quat4,-0.83091,0.26569,-0.18286,-0.45339,1906.3
quat5,0.00000,-0.86603,0.00000,0.50000,1906.3
quat6,0.00000,-0.86603,0.00000,0.50000,1906.3
quat7,0.00000,-0.86603,0.00000,0.50000,1906.3
quat8,0.00000,-0.86603,0.00000,0.50000,1906.3
quat0,0.50438,0.06230,-0.85229,-0.12376,1906.32
quat1,0.01539,0.65330,-0.19600,-0.73113,1906.32
quat2,0.55242,-0.61783,0.55927,-0.01829,1906.32
quat3,0.08635,-0.96966,-0.18721,0.13139,1906.32
quat4,-0.83058,0.25537,-0.18853,-0.45759,1906.32
quat5,0.00000,-0.86603,0.00000,0.50000,1906.32
quat6,0.00000,-0.86603,0.00000,0.50000,1906.32
quat7,0.00000,-0.86603,0.00000,0.50000,1906.32
quat8,0.00000,-0.86603,0.00000,0.50000,1906.32
quat0,0.50279,0.06257,-0.85234,-0.12965,1906.34
quat1,-0.00141,0.67588,-0.19292,-0.71131,1906.34
quat2,0.55658,-0.61311,0.56002,-0.02647,1906.34
quat3,0.10523,-0.96760,-0.17437,0.14923,1906.34
quat4,-0.82950,0.24679,-0.19021,-0.46351,1906.34
quat5,0.00000,-0.86603,0.00000,0.50000,1906.34
quat6,0.00000,-0.86603,0.00000,0.50000,1906.34
quat7,0.00000,-0.86603,0.00000,0.50000,1906.34
quat8,0.00000,-0.86603,0.00000,0.50000,1906.34
quat0,0.50789,0.07003,-0.85060,-0.11671,1906.36
quat1,-0.02175,0.69480,-0.19265,-0.69258,1906.36
quat2,0.55965,-0.60778,0.56230,-0.03476,1906.36
quat3,0.12344,-0.96576,-0.15928,0.16342,1906.36
quat4,-0.82861,0.23872,-0.18983,-0.46945,1906.36
quat5,0.00000,-0.86603,0.00000,0.50000,1906.36
quat6,0.00000,-0.86603,0.00000,0.50000,1906.36
quat7,0.00000,-0.86603,0.00000,0.50000,1906.36
quat8,0.00000,-0.86603,0.00000,0.50000,1906.36
quat0,0.50847,0.07506,-0.85096,-0.10810,1906.38
quat1,-0.04363,0.70929,-0.19436,-0.67619,1906.38
quat2,0.56044,-0.60436,0.56466,-0.04260,1906.38
quat3,0.13910,-0.96360,-0.14435,0.17689,1906.38
quat4,-0.82696,0.23182,-0.18978,-0.47579,1906.38
quat5,0.00000,-0.86603,0.00000,0.50000,1906.38
quat6,0.00000,-0.86603,0.00000,0.50000,1906.38
quat7,0.00000,-0.86603,0.00000,0.50000,1906.38
quat8,0.00000,-0.86603,0.00000,0.50000,1906.38
quat0,0.50838,0.07610,-0.85116,-0.10625,1906.4
quat1,-0.06748,0.71967,-0.19732,-0.66226,1906.4
quat2,0.56108,-0.60140,0.56669,-0.04866,1906.4
quat3,0.15525,-0.96065,-0.12808,0.19141,1906.4
quat4,-0.82602,0.22402,-0.18959,-0.48121,1906.4
quat5,0.00000,-0.86603,0.00000,0.50000,1906.4
quat6,0.00000,-0.86603,0.00000,0.50000,1906.4
quat7,0.00000,-0.86603,0.00000,0.50000,1906.4
quat8,0.00000,-0.86603,0.00000,0.50000,1906.4
quat0,0.51141,0.08239,-0.85033,-0.09277,1906.42
quat1,-0.08961,0.72772,-0.20140,-0.64949,1906.42
quat2,0.55970,-0.60115,0.56780,-0.05451,1906.42
quat3,0.16975,-0.95674,-0.11323,0.20740,1906.42
quat4,-0.82425,0.21662,-0.18822,-0.48813,1906.42
quat5,0.00000,-0.86603,0.00000,0.50000,1906.42
quat6,0.00000,-0.86603,0.00000,0.50000,1906.42
quat7,0.00000,-0.86603,0.00000,0.50000,1906.42
quat8,0.00000,-0.86603,0.00000,0.50000,1906.42
quat0,0.51090,0.08564,-0.85120,-0.08432,1906.44
quat1,-0.11365,0.73294,-0.20543,-0.63850,1906.44
quat2,0.55747,-0.60170,0.56895,-0.05902,1906.44
quat3,0.18675,-0.95201,-0.09811,0.22176,1906.44
quat4,-0.82262,0.20938,-0.18697,-0.49447,1906.44
quat5,0.00000,-0.86603,0.00000,0.50000,1906.44
quat6,0.00000,-0.86603,0.00000,0.50000,1906.44
quat7,0.00000,-0.86603,0.00000,0.50000,1906.44
quat8,0.00000,-0.86603,0.00000,0.50000,1906.44
quat0,0.51238,0.09050,-0.85099,-0.07134,1906.46
quat1,-0.13458,0.73738,-0.21093,-0.62743,1906.46
quat2,0.55241,-0.60410,0.57073,-0.06460,1906.46
quat3,0.20384,-0.94731,-0.08376,0.23246,1906.46
quat4,-0.81966,0.20396,-0.18490,-0.50236,1906.46
quat5,0.00000,-0.86603,0.00000,0.50000,1906.46
quat6,0.00000,-0.86603,0.00000,0.50000,1906.46
quat7,0.00000,-0.86603,0.00000,0.50000,1906.46
quat8,0.00000,-0.86603,0.00000,0.50000,1906.46
quat0,0.51441,0.09243,-0.85030,-0.06190,1906.48
quat1,-0.15416,0.73989,-0.21755,-0.61763,1906.48
quat2,0.54591,-0.60717,0.57297,-0.07094,1906.48
quat3,0.22013,-0.94272,-0.06991,0.24070,1906.48
quat4,-0.81658,0.19975,-0.18218,-0.51001,1906.48
quat5,0.00000,-0.86603,0.00000,0.50000,1906.48
quat6,0.00000,-0.86603,0.00000,0.50000,1906.48
quat7,0.00000,-0.86603,0.00000,0.50000,1906.48
quat8,0.00000,-0.86603,0.00000,0.50000,1906.48
quat0,0.51938,0.09956,-0.84758,-0.04413,1906.5
quat1,-0.17187,0.74272,-0.22385,-0.60722,1906.5
quat2,0.53840,-0.61263,0.57344,-0.07733,1906.5
quat3,0.23523,-0.93827,-0.05682,0.24716,1906.5
quat4,-0.81188,0.19776,-0.18009,-0.51896,1906.5
quat5,0.00000,-0.86603,0.00000,0.50000,1906.5
quat6,0.00000,-0.86603,0.00000,0.50000,1906.5
quat7,0.00000,-0.86603,0.00000,0.50000,1906.5
quat8,0.00000,-0.86603,0.00000,0.50000,1906.5
quat0,0.52150,0.10602,-0.84607,-0.03101,1906.52
quat1,-0.18926,0.74581,-0.23172,-0.59519,1906.52
quat2,0.53106,-0.61792,0.57362,-0.08432,1906.52
quat3,0.24923,-0.93371,-0.04426,0.25319,1906.52
quat4,-0.80696,0.19620,-0.17743,-0.52805,1906.52
quat5,0.00000,-0.86603,0.00000,0.50000,1906.52
quat6,0.00000,-0.86603,0.00000,0.50000,1906.52
quat7,0.00000,-0.86603,0.00000,0.50000,1906.52
quat8,0.00000,-0.86603,0.00000,0.50000,1906.52
quat0,0.52078,0.11261,-0.84605,-0.01743,1906.54
quat1,-0.20275,0.74934,-0.24176,-0.58218,1906.54
quat2,0.52285,-0.62505,0.57214,-0.09272,1906.54
quat3,0.26156,-0.92846,-0.03437,0.26149,1906.54
quat4,-0.80047,0.19644,-0.17460,-0.53867,1906.54
quat5,0.00000,-0.86603,0.00000,0.50000,1906.54
quat6,0.00000,-0.86603,0.00000,0.50000,1906.54
quat7,0.00000,-0.86603,0.00000,0.50000,1906.54
quat8,0.00000,-0.86603,0.00000,0.50000,1906.54
quat0,0.53065,0.11629,-0.83955,-0.00675,1906.56
quat1,-0.21457,0.75302,-0.25253,-0.56846,1906.56
quat2,0.51183,-0.63231,0.57221,-0.10390,1906.56
quat3,0.27388,-0.92155,-0.02424,0.27413,1906.56
quat4,-0.79436,0.19670,-0.17051,-0.54884,1906.56
quat5,0.00000,-0.86603,0.00000,0.50000,1906.56
quat6,0.00000,-0.86603,0.00000,0.50000,1906.56
quat7,0.00000,-0.86603,0.00000,0.50000,1906.56
quat8,0.00000,-0.86603,0.00000,0.50000,1906.56
quat0,0.53062,0.11865,-0.83924,0.00633,1906.58
quat1,-0.22518,0.75591,-0.26236,-0.55594,1906.58
quat2,0.49990,-0.64305,0.56871,-0.11474,1906.58
quat3,0.28547,-0.91336,-0.01814,0.28974,1906.58
quat4,-0.78707,0.19822,-0.16596,-0.56008,1906.58
quat5,0.00000,-0.86603,0.00000,0.50000,1906.58
quat6,0.00000,-0.86603,0.00000,0.50000,1906.58
quat7,0.00000,-0.86603,0.00000,0.50000,1906.58
quat8,0.00000,-0.86603,0.00000,0.50000,1906.58
quat0,0.53295,0.12361,-0.83685,0.01918,1906.6
quat1,-0.23653,0.75732,-0.27170,-0.54470,1906.6
quat2,0.48825,-0.65423,0.56367,-0.12601,1906.6
quat3,0.29644,-0.90482,-0.01420,0.30534,1906.6
quat4,-0.78008,0.19868,-0.15762,-0.57198,1906.6
quat5,0.00000,-0.86603,0.00000,0.50000,1906.6
quat6,0.00000,-0.86603,0.00000,0.50000,1906.6
quat7,0.00000,-0.86603,0.00000,0.50000,1906.6
quat8,0.00000,-0.86603,0.00000,0.50000,1906.6
quat0,0.53043,0.13041,-0.83713,0.02939,1906.62
quat1,-0.24534,0.76009,-0.28175,-0.53169,1906.62
quat2,0.47251,-0.66755,0.55888,-0.13698,1906.62
quat3,0.30577,-0.89670,-0.01013,0.31988,1906.62
quat4,-0.77196,0.19979,-0.14769,-0.58511,1906.62
quat5,0.00000,-0.86603,0.00000,0.50000,1906.62
quat6,0.00000,-0.86603,0.00000,0.50000,1906.62
quat7,0.00000,-0.86603,0.00000,0.50000,1906.62
quat8,0.00000,-0.86603,0.00000,0.50000,1906.62
quat0,0.52841,0.13319,-0.83761,0.03816,1906.64
quat1,-0.25259,0.76257,-0.29101,-0.51961,1906.64
quat2,0.45552,-0.67985,0.55577,-0.14637,1906.64
quat3,0.31497,-0.89025,-0.00413,0.32898,1906.64
quat4,-0.76370,0.20110,-0.13936,-0.59741,1906.64
quat5,0.00000,-0.86603,0.00000,0.50000,1906.64
quat6,0.00000,-0.86603,0.00000,0.50000,1906.64
quat7,0.00000,-0.86603,0.00000,0.50000,1906.64
quat8,0.00000,-0.86603,0.00000,0.50000,1906.64
quat0,0.52605,0.14119,-0.83696,0.05329,1906.66
quat1,-0.25777,0.76701,-0.29708,-0.50695,1906.66
quat2,0.44280,-0.69242,0.54929,-0.15091,1906.66
quat3,0.32254,-0.88475,0.00063,0.33642,1906.66
quat4,-0.75450,0.20333,-0.13279,-0.60972,1906.66
quat5,0.00000,-0.86603,0.00000,0.50000,1906.66
quat6,0.00000,-0.86603,0.00000,0.50000,1906.66
quat7,0.00000,-0.86603,0.00000,0.50000,1906.66
quat8,0.00000,-0.86603,0.00000,0.50000,1906.66
quat0,0.52429,0.14378,-0.83705,0.06164,1906.68
quat1,-0.26245,0.77218,-0.30016,-0.49474,1906.68
quat2,0.43331,-0.70309,0.54314,-0.15136,1906.68
quat3,0.33010,-0.87879,0.00568,0.34458,1906.68
quat4,-0.74645,0.20428,-0.12605,-0.62065,1906.68
quat5,0.00000,-0.86603,0.00000,0.50000,1906.68
quat6,0.00000,-0.86603,0.00000,0.50000,1906.68
quat7,0.00000,-0.86603,0.00000,0.50000,1906.68
quat8,0.00000,-0.86603,0.00000,0.50000,1906.68
quat0,0.52127,0.15218,-0.83595,0.07934,1906.7
quat1,-0.26549,0.77740,-0.30031,-0.48475,1906.7
quat2,0.42212,-0.71346,0.53827,-0.15186,1906.7
quat3,0.33507,-0.87268,0.00891,0.35506,1906.7
quat4,-0.73726,0.20620,-0.12153,-0.63179,1906.7
quat5,0.00000,-0.86603,0.00000,0.50000,1906.7
quat6,0.00000,-0.86603,0.00000,0.50000,1906.7
quat7,0.00000,-0.86603,0.00000,0.50000,1906.7
quat8,0.00000,-0.86603,0.00000,0.50000,1906.7
quat0,0.51995,0.15590,-0.83506,0.08959,1906.72
quat1,-0.26915,0.78068,-0.29976,-0.47774,1906.72
quat2,0.40853,-0.72161,0.53698,-0.15501,1906.72
quat3,0.34027,-0.86643,0.01040,0.36526,1906.72
quat4,-0.72856,0.20580,-0.11676,-0.64281,1906.72
quat5,0.00000,-0.86603,0.00000,0.50000,1906.72
quat6,0.00000,-0.86603,0.00000,0.50000,1906.72
quat7,0.00000,-0.86603,0.00000,0.50000,1906.72
quat8,0.00000,-0.86603,0.00000,0.50000,1906.72
quat0,0.51603,0.16562,-0.83362,0.10661,1906.74
quat1,-0.27175,0.78362,-0.29869,-0.47210,1906.74
quat2,0.39341,-0.73020,0.53563,-0.15858,1906.74
quat3,0.34425,-0.85975,0.00870,0.37715,1906.74
quat4,-0.71877,0.20436,-0.10727,-0.65582,1906.74
quat5,0.00000,-0.86603,0.00000,0.50000,1906.74
quat6,0.00000,-0.86603,0.00000,0.50000,1906.74
quat7,0.00000,-0.86603,0.00000,0.50000,1906.74
quat8,0.00000,-0.86603,0.00000,0.50000,1906.74
quat0,0.51172,0.17416,-0.83306,0.11756,1906.76
quat1,-0.27359,0.78643,-0.29856,-0.46641,1906.76
quat2,0.38034,-0.73870,0.53284,-0.16045,1906.76
quat3,0.34781,-0.85275,0.00543,0.38965,1906.76
quat4,-0.70908,0.20361,-0.09673,-0.66813,1906.76
quat5,0.00000,-0.86603,0.00000,0.50000,1906.76
quat6,0.00000,-0.86603,0.00000,0.50000,1906.76
quat7,0.00000,-0.86603,0.00000,0.50000,1906.76
quat8,0.00000,-0.86603,0.00000,0.50000,1906.76
quat0,0.51299,0.18517,-0.82783,0.13131,1906.78
quat1,-0.27318,0.79103,-0.29831,-0.45898,1906.78
quat2,0.36789,-0.74773,0.52844,-0.16221,1906.78
quat3,0.34941,-0.84593,0.00236,0.40287,1906.78
quat4,-0.69732,0.20674,-0.08866,-0.68055,1906.78
quat5,0.00000,-0.86603,0.00000,0.50000,1906.78
quat6,0.00000,-0.86603,0.00000,0.50000,1906.78
quat7,0.00000,-0.86603,0.00000,0.50000,1906.78
quat8,0.00000,-0.86603,0.00000,0.50000,1906.78
quat0,0.51120,0.19378,-0.82503,0.14302,1906.8
quat1,-0.27278,0.79533,-0.29820,-0.45180,1906.8
quat2,0.35176,-0.75578,0.52643,-0.16717,1906.8
quat3,0.35069,-0.83988,0.00300,0.41425,1906.8
quat4,-0.68480,0.21244,-0.08295,-0.69212,1906.8
quat5,0.00000,-0.86603,0.00000,0.50000,1906.8
quat6,0.00000,-0.86603,0.00000,0.50000,1906.8
quat7,0.00000,-0.86603,0.00000,0.50000,1906.8
quat8,0.00000,-0.86603,0.00000,0.50000,1906.8
quat0,0.50862,0.20077,-0.82209,0.15863,1906.82
quat1,-0.27199,0.80012,-0.29585,-0.44530,1906.82
quat2,0.33377,-0.76366,0.52425,-0.17492,1906.82
quat3,0.34998,-0.83559,0.00657,0.42339,1906.82
quat4,-0.67164,0.21774,-0.07479,-0.70420,1906.82
quat5,0.00000,-0.86603,0.00000,0.50000,1906.82
quat6,0.00000,-0.86603,0.00000,0.50000,1906.82
quat7,0.00000,-0.86603,0.00000,0.50000,1906.82
quat8,0.00000,-0.86603,0.00000,0.50000,1906.82
quat0,0.51108,0.20301,-0.81838,0.16686,1906.84
quat1,-0.26964,0.80366,-0.29515,-0.44082,1906.84
quat2,0.31646,-0.77153,0.52087,-0.18243,1906.84
quat3,0.35033,-0.83089,0.01099,0.43218,1906.84
quat4,-0.65845,0.22200,-0.06126,-0.71652,1906.84
quat5,0.00000,-0.86603,0.00000,0.50000,1906.84
quat6,0.00000,-0.86603,0.00000,0.50000,1906.84
quat7,0.00000,-0.86603,0.00000,0.50000,1906.84
quat8,0.00000,-0.86603,0.00000,0.50000,1906.84
quat0,0.51206,0.20748,-0.81359,0.18117,1906.86
quat1,-0.26586,0.80799,-0.29423,-0.43578,1906.86
quat2,0.29929,-0.77936,0.51696,-0.18913,1906.86
quat3,0.35065,-0.82377,0.01352,0.44528,1906.86
quat4,-0.64421,0.22735,-0.04516,-0.72888,1906.86
quat5,0.00000,-0.86603,0.00000,0.50000,1906.86
quat6,0.00000,-0.86603,0.00000,0.50000,1906.86
quat7,0.00000,-0.86603,0.00000,0.50000,1906.86
quat8,0.00000,-0.86603,0.00000,0.50000,1906.86
quat0,0.51032,0.21074,-0.81179,0.19013,1906.88
quat1,-0.26178,0.81394,-0.29331,-0.42771,1906.88
quat2,0.28191,-0.78602,0.51449,-0.19492,1906.88
quat3,0.35178,-0.81411,0.01527,0.46179,1906.88
quat4,-0.63092,0.23480,-0.02881,-0.73891,1906.88
quat5,0.00000,-0.86603,0.00000,0.50000,1906.88
quat6,0.00000,-0.86603,0.00000,0.50000,1906.88
quat7,0.00000,-0.86603,0.00000,0.50000,1906.88
quat8,0.00000,-0.86603,0.00000,0.50000,1906.88
quat0,0.50718,0.21735,-0.80820,0.20576,1906.9
quat1,-0.25723,0.82074,-0.29186,-0.41837,1906.9
quat2,0.26474,-0.79269,0.51180,-0.19903,1906.9
quat3,0.35299,-0.80323,0.01633,0.47953,1906.9
quat4,-0.61760,0.24450,-0.01297,-0.74741,1906.9
quat5,0.00000,-0.86603,0.00000,0.50000,1906.9
quat6,0.00000,-0.86603,0.00000,0.50000,1906.9
quat7,0.00000,-0.86603,0.00000,0.50000,1906.9
quat8,0.00000,-0.86603,0.00000,0.50000,1906.9
quat0,0.50765,0.21949,-0.80456,0.21632,1906.92
quat1,-0.25311,0.82746,-0.28946,-0.40922,1906.92
quat2,0.24809,-0.79779,0.51136,-0.20121,1906.92
quat3,0.35470,-0.79234,0.01866,0.49602,1906.92
quat4,-0.60718,0.25160,0.00447,-0.75366,1906.92
quat5,0.00000,-0.86603,0.00000,0.50000,1906.92
quat6,0.00000,-0.86603,0.00000,0.50000,1906.92
quat7,0.00000,-0.86603,0.00000,0.50000,1906.92
quat8,0.00000,-0.86603,0.00000,0.50000,1906.92
quat0,0.50558,0.22465,-0.80074,0.22962,1906.94
quat1,-0.24991,0.83518,-0.28317,-0.39979,1906.94
quat2,0.23391,-0.80213,0.51153,-0.20054,1906.94
quat3,0.35523,-0.78181,0.02101,0.51200,1906.94
quat4,-0.59866,0.25694,0.02152,-0.75837,1906.94
quat5,0.00000,-0.86603,0.00000,0.50000,1906.94
quat6,0.00000,-0.86603,0.00000,0.50000,1906.94
quat7,0.00000,-0.86603,0.00000,0.50000,1906.94
quat8,0.00000,-0.86603,0.00000,0.50000,1906.94
quat0,0.50787,0.22954,-0.79485,0.23998,1906.96
quat1,-0.24910,0.84141,-0.27651,-0.39182,1906.96
quat2,0.22542,-0.80749,0.50925,-0.19447,1906.96
quat3,0.35483,-0.77235,0.02397,0.52630,1906.96
quat4,-0.59390,0.26179,0.03369,-0.76001,1906.96
quat5,0.00000,-0.86603,0.00000,0.50000,1906.96
quat6,0.00000,-0.86603,0.00000,0.50000,1906.96
quat7,0.00000,-0.86603,0.00000,0.50000,1906.96
quat8,0.00000,-0.86603,0.00000,0.50000,1906.96
quat0,0.50590,0.23719,-0.79103,0.24917,1906.98
quat1,-0.25008,0.84635,-0.26951,-0.38539,1906.98
quat2,0.21789,-0.81554,0.50308,-0.18528,1906.98
quat3,0.35403,-0.76438,0.02615,0.53823,1906.98
quat4,-0.59067,0.26950,0.03939,-0.75955,1906.98
quat5,0.00000,-0.86603,0.00000,0.50000,1906.98
quat6,0.00000,-0.86603,0.00000,0.50000,1906.98
quat7,0.00000,-0.86603,0.00000,0.50000,1906.98
quat8,0.00000,-0.86603,0.00000,0.50000,1906.98
quat0,0.50692,0.24115,-0.78731,0.25502,1907
quat1,-0.25275,0.85116,-0.26355,-0.37706,1907
quat2,0.20767,-0.82284,0.49755,-0.17958,1907
quat3,0.35585,-0.75589,0.02489,0.54898,1907
quat4,-0.58814,0.27717,0.04358,-0.75853,1907
quat5,0.00000,-0.86603,0.00000,0.50000,1907
quat6,0.00000,-0.86603,0.00000,0.50000,1907
quat7,0.00000,-0.86603,0.00000,0.50000,1907
quat8,0.00000,-0.86603,0.00000,0.50000,1907
quat0,0.50705,0.25084,-0.77987,0.26790,1907.02
quat1,-0.25536,0.85683,-0.26008,-0.36469,1907.02
quat2,0.19357,-0.82748,0.49509,-0.18080,1907.02
quat3,0.35823,-0.74432,0.01956,0.56327,1907.02
quat4,-0.58488,0.27987,0.05037,-0.75964,1907.02
quat5,0.00000,-0.86603,0.00000,0.50000,1907.02
quat6,0.00000,-0.86603,0.00000,0.50000,1907.02
quat7,0.00000,-0.86603,0.00000,0.50000,1907.02
quat8,0.00000,-0.86603,0.00000,0.50000,1907.02
quat0,0.50443,0.25821,-0.77579,0.27755,1907.04
quat1,-0.25625,0.86143,-0.26057,-0.35269,1907.04
quat2,0.18075,-0.83125,0.49303,-0.18243,1907.04
quat3,0.36012,-0.73236,0.01339,0.57774,1907.04
quat4,-0.58125,0.27556,0.05905,-0.76336,1907.04
quat5,0.00000,-0.86603,0.00000,0.50000,1907.04
quat6,0.00000,-0.86603,0.00000,0.50000,1907.04
quat7,0.00000,-0.86603,0.00000,0.50000,1907.04
quat8,0.00000,-0.86603,0.00000,0.50000,1907.04
quat0,0.50441,0.26179,-0.77329,0.28118,1907.06
quat1,-0.25555,0.86515,-0.26362,-0.34163,1907.06
quat2,0.16922,-0.83349,0.49213,-0.18565,1907.06
quat3,0.36231,-0.72034,0.00520,0.59145,1907.06
quat4,-0.57674,0.27058,0.06741,-0.76786,1907.06
quat5,0.00000,-0.86603,0.00000,0.50000,1907.06
quat6,0.00000,-0.86603,0.00000,0.50000,1907.06
quat7,0.00000,-0.86603,0.00000,0.50000,1907.06
quat8,0.00000,-0.86603,0.00000,0.50000,1907.06
quat0,0.50577,0.26742,-0.76931,0.28434,1907.08
quat1,-0.25650,0.86790,-0.26570,-0.33222,1907.08
quat2,0.15718,-0.83432,0.49342,-0.18904,1907.08
quat3,0.36795,-0.70922,-0.00494,0.60133,1907.08
quat4,-0.57351,0.26861,0.07237,-0.77052,1907.08
quat5,0.00000,-0.86603,0.00000,0.50000,1907.08
quat6,0.00000,-0.86603,0.00000,0.50000,1907.08
quat7,0.00000,-0.86603,0.00000,0.50000,1907.08
quat8,0.00000,-0.86603,0.00000,0.50000,1907.08
quat0,0.50563,0.27695,-0.76272,0.29308,1907.1
quat1,-0.25996,0.87021,-0.26454,-0.32430,1907.1
quat2,0.14722,-0.83399,0.49669,-0.18998,1907.1
quat3,0.37262,-0.69873,-0.01636,0.61046,1907.1
quat4,-0.57123,0.26446,0.07829,-0.77307,1907.1
quat5,0.00000,-0.86603,0.00000,0.50000,1907.1
quat6,0.00000,-0.86603,0.00000,0.50000,1907.1
quat7,0.00000,-0.86603,0.00000,0.50000,1907.1
quat8,0.00000,-0.86603,0.00000,0.50000,1907.1
quat0,0.50707,0.28235,-0.75860,0.29612,1907.12
quat1,-0.26640,0.87163,-0.26029,-0.31865,1907.12
quat2,0.14289,-0.83259,0.50194,-0.18556,1907.12
quat3,0.37514,-0.69138,-0.02338,0.61702,1907.12
quat4,-0.56937,0.25967,0.08596,-0.77524,1907.12
quat5,0.00000,-0.86603,0.00000,0.50000,1907.12
quat6,0.00000,-0.86603,0.00000,0.50000,1907.12
quat7,0.00000,-0.86603,0.00000,0.50000,1907.12
quat8,0.00000,-0.86603,0.00000,0.50000,1907.12
quat0,0.50000,0.28745,-0.76123,0.29649,1907.14
quat1,-0.27609,0.87085,-0.25414,-0.31748,1907.14
quat2,0.14881,-0.83404,0.50315,-0.17054,1907.14
quat3,0.37487,-0.68715,-0.02513,0.62183,1907.14
quat4,-0.56917,0.26456,0.08687,-0.77364,1907.14
quat5,0.00000,-0.86603,0.00000,0.50000,1907.14
quat6,0.00000,-0.86603,0.00000,0.50000,1907.14
quat7,0.00000,-0.86603,0.00000,0.50000,1907.14
quat8,0.00000,-0.86603,0.00000,0.50000,1907.14
quat0,0.50074,0.28787,-0.76070,0.29619,1907.16
quat1,-0.28624,0.86928,-0.24886,-0.31701,1907.16
quat2,0.15866,-0.83629,0.50221,-0.15241,1907.16
quat3,0.37334,-0.68455,-0.02416,0.62564,1907.16
quat4,-0.56940,0.27332,0.08630,-0.77047,1907.16
quat5,0.00000,-0.86603,0.00000,0.50000,1907.16
quat6,0.00000,-0.86603,0.00000,0.50000,1907.16
quat7,0.00000,-0.86603,0.00000,0.50000,1907.16
quat8,0.00000,-0.86603,0.00000,0.50000,1907.16
quat0,0.49774,0.29024,-0.76166,0.29646,1907.18
quat1,-0.29497,0.86842,-0.24697,-0.31280,1907.18
quat2,0.16293,-0.83518,0.50530,-0.14352,1907.18
quat3,0.37249,-0.68112,-0.02347,0.62990,1907.18
quat4,-0.56969,0.28239,0.08518,-0.76711,1907.18
quat5,0.00000,-0.86603,0.00000,0.50000,1907.18
quat6,0.00000,-0.86603,0.00000,0.50000,1907.18
quat7,0.00000,-0.86603,0.00000,0.50000,1907.18
quat8,0.00000,-0.86603,0.00000,0.50000,1907.18
quat0,0.49693,0.28984,-0.76139,0.29887,1907.2
quat1,-0.30233,0.86746,-0.24831,-0.30733,1907.2
quat2,0.16379,-0.83317,0.50895,-0.14131,1907.2
quat3,0.37309,-0.67804,-0.02315,0.63288,1907.2
quat4,-0.56913,0.28812,0.08556,-0.76535,1907.2
quat5,0.00000,-0.86603,0.00000,0.50000,1907.2
quat6,0.00000,-0.86603,0.00000,0.50000,1907.2
quat7,0.00000,-0.86603,0.00000,0.50000,1907.2
quat8,0.00000,-0.86603,0.00000,0.50000,1907.2
quat0,0.49558,0.28885,-0.76454,0.29402,1907.22
quat1,-0.30921,0.86575,-0.25167,-0.30254,1907.22
quat2,0.16469,-0.83009,0.51353,-0.14180,1907.22
quat3,0.37472,-0.67579,-0.02365,0.63430,1907.22
quat4,-0.56942,0.28970,0.08807,-0.76425,1907.22
quat5,0.00000,-0.86603,0.00000,0.50000,1907.22
quat6,0.00000,-0.86603,0.00000,0.50000,1907.22
quat7,0.00000,-0.86603,0.00000,0.50000,1907.22
quat8,0.00000,-0.86603,0.00000,0.50000,1907.22
quat0,0.49732,0.28605,-0.76383,0.29566,1907.24
quat1,-0.31397,0.86419,-0.25641,-0.29808,1907.24
quat2,0.16739,-0.82623,0.51874,-0.14224,1907.24
quat3,0.37525,-0.67556,-0.02395,0.63422,1907.24
quat4,-0.57056,0.29289,0.08892,-0.76208,1907.24
quat5,0.00000,-0.86603,0.00000,0.50000,1907.24
quat6,0.00000,-0.86603,0.00000,0.50000,1907.24
quat7,0.00000,-0.86603,0.00000,0.50000,1907.24
quat8,0.00000,-0.86603,0.00000,0.50000,1907.24
quat0,0.49897,0.28663,-0.76591,0.28680,1907.26
quat1,-0.31942,0.86171,-0.25989,-0.29647,1907.26
quat2,0.17432,-0.82302,0.52227,-0.13956,1907.26
quat3,0.37700,-0.67605,-0.02274,0.63270,1907.26
quat4,-0.57364,0.29935,0.08681,-0.75749,1907.26
quat5,0.00000,-0.86603,0.00000,0.50000,1907.26
quat6,0.00000,-0.86603,0.00000,0.50000,1907.26
quat7,0.00000,-0.86603,0.00000,0.50000,1907.26
quat8,0.00000,-0.86603,0.00000,0.50000,1907.26
quat0,0.50104,0.28153,-0.77023,0.27649,1907.28
quat1,-0.32537,0.85904,-0.26084,-0.29689,1907.28
quat2,0.18180,-0.82137,0.52269,-0.13824,1907.28
quat3,0.37890,-0.67800,-0.02045,0.62955,1907.28
quat4,-0.57567,0.30382,0.08681,-0.75416,1907.28
quat5,0.00000,-0.86603,0.00000,0.50000,1907.28
quat6,0.00000,-0.86603,0.00000,0.50000,1907.28
quat7,0.00000,-0.86603,0.00000,0.50000,1907.28
quat8,0.00000,-0.86603,0.00000,0.50000,1907.28
quat0,0.50615,0.27958,-0.77005,0.26959,1907.3
quat1,-0.33104,0.85701,-0.26236,-0.29515,1907.3
quat2,0.18773,-0.81883,0.52447,-0.13858,1907.3
quat3,0.38124,-0.68081,-0.01762,0.62518,1907.3
quat4,-0.57881,0.30922,0.08565,-0.74968,1907.3
quat5,0.00000,-0.86603,0.00000,0.50000,1907.3
quat6,0.00000,-0.86603,0.00000,0.50000,1907.3
quat7,0.00000,-0.86603,0.00000,0.50000,1907.3
quat8,0.00000,-0.86603,0.00000,0.50000,1907.3
quat0,0.51122,0.27741,-0.76911,0.26490,1907.32
quat1,-0.33626,0.85506,-0.26281,-0.29451,1907.32
quat2,0.19288,-0.81711,0.52483,-0.14029,1907.32
quat3,0.38146,-0.68623,-0.01261,0.61921,1907.32
quat4,-0.58146,0.31521,0.08215,-0.74552,1907.32
quat5,0.00000,-0.86603,0.00000,0.50000,1907.32
quat6,0.00000,-0.86603,0.00000,0.50000,1907.32
quat7,0.00000,-0.86603,0.00000,0.50000,1907.32
quat8,0.00000,-0.86603,0.00000,0.50000,1907.32
quat0,0.51574,0.27204,-0.77381,0.24742,1907.34
quat1,-0.34301,0.85207,-0.26297,-0.29524,1907.34
quat2,0.19921,-0.81644,0.52352,-0.14027,1907.34
quat3,0.38027,-0.69377,-0.00433,0.61160,1907.34
quat4,-0.58378,0.32061,0.07987,-0.74164,1907.34
quat5,0.00000,-0.86603,0.00000,0.50000,1907.34
quat6,0.00000,-0.86603,0.00000,0.50000,1907.34
quat7,0.00000,-0.86603,0.00000,0.50000,1907.34
quat8,0.00000,-0.86603,0.00000,0.50000,1907.34
quat0,0.51974,0.27083,-0.77409,0.23938,1907.36
quat1,-0.35082,0.84936,-0.25827,-0.29801,1907.36
quat2,0.20541,-0.81662,0.52110,-0.13924,1907.36
quat3,0.37580,-0.70099,0.00586,0.60609,1907.36
quat4,-0.58552,0.32961,0.07439,-0.73688,1907.36
quat5,0.00000,-0.86603,0.00000,0.50000,1907.36
quat6,0.00000,-0.86603,0.00000,0.50000,1907.36
quat7,0.00000,-0.86603,0.00000,0.50000,1907.36
quat8,0.00000,-0.86603,0.00000,0.50000,1907.36
quat0,0.52466,0.26200,-0.77903,0.22182,1907.38
quat1,-0.35870,0.84608,-0.25364,-0.30189,1907.38
quat2,0.21246,-0.81777,0.51700,-0.13719,1907.38
quat3,0.37218,-0.70877,0.01706,0.59903,1907.38
quat4,-0.58678,0.33828,0.06824,-0.73253,1907.38
quat5,0.00000,-0.86603,0.00000,0.50000,1907.38
quat6,0.00000,-0.86603,0.00000,0.50000,1907.38
quat7,0.00000,-0.86603,0.00000,0.50000,1907.38
quat8,0.00000,-0.86603,0.00000,0.50000,1907.38
quat0,0.52596,0.25450,-0.78541,0.20426,1907.4
quat1,-0.36370,0.84380,-0.25061,-0.30481,1907.4
quat2,0.21831,-0.81985,0.51160,-0.13585,1907.4
quat3,0.36809,-0.71651,0.02733,0.59193,1907.4
quat4,-0.58568,0.34335,0.06414,-0.73142,1907.4
quat5,0.00000,-0.86603,0.00000,0.50000,1907.4
quat6,0.00000,-0.86603,0.00000,0.50000,1907.4
quat7,0.00000,-0.86603,0.00000,0.50000,1907.4
quat8,0.00000,-0.86603,0.00000,0.50000,1907.4
quat0,0.52525,0.24833,-0.79246,0.18560,1907.42
quat1,-0.36690,0.84244,-0.25128,-0.30419,1907.42
quat2,0.22113,-0.82106,0.50830,-0.13638,1907.42
quat3,0.36550,-0.72198,0.03665,0.58636,1907.42
quat4,-0.58463,0.34581,0.06079,-0.73139,1907.42
quat5,0.00000,-0.86603,0.00000,0.50000,1907.42
quat6,0.00000,-0.86603,0.00000,0.50000,1907.42
quat7,0.00000,-0.86603,0.00000,0.50000,1907.42
quat8,0.00000,-0.86603,0.00000,0.50000,1907.42
quat0,0.52557,0.23997,-0.79937,0.16490,1907.44
quat1,-0.36853,0.84275,-0.25072,-0.30181,1907.44
quat2,0.22216,-0.82473,0.50119,-0.13886,1907.44
quat3,0.36081,-0.72692,0.04442,0.58261,1907.44
quat4,-0.57910,0.34812,0.05676,-0.73500,1907.44
quat5,0.00000,-0.86603,0.00000,0.50000,1907.44
quat6,0.00000,-0.86603,0.00000,0.50000,1907.44
quat7,0.00000,-0.86603,0.00000,0.50000,1907.44
quat8,0.00000,-0.86603,0.00000,0.50000,1907.44
quat0,0.51946,0.22906,-0.81144,0.13878,1907.46
quat1,-0.37297,0.84219,-0.24779,-0.30036,1907.46
quat2,0.22705,-0.82584,0.49766,-0.13698,1907.46
quat3,0.35675,-0.72958,0.05555,0.58082,1907.46
quat4,-0.57983,0.35179,0.05377,-0.73291,1907.46
quat5,0.00000,-0.86603,0.00000,0.50000,1907.46
quat6,0.00000,-0.86603,0.00000,0.50000,1907.46
quat7,0.00000,-0.86603,0.00000,0.50000,1907.46
quat8,0.00000,-0.86603,0.00000,0.50000,1907.46
quat0,0.52091,0.22406,-0.81205,0.13792,1907.48
quat1,-0.37994,0.84192,-0.23647,-0.30150,1907.48
quat2,0.24328,-0.82467,0.49487,-0.12584,1907.48
quat3,0.34527,-0.73514,0.07868,0.57807,1907.48
quat4,-0.58873,0.36730,0.03811,-0.71906,1907.48
quat5,0.00000,-0.86603,0.00000,0.50000,1907.48
quat6,0.00000,-0.86603,0.00000,0.50000,1907.48
quat7,0.00000,-0.86603,0.00000,0.50000,1907.48
quat8,0.00000,-0.86603,0.00000,0.50000,1907.48
quat0,0.51981,0.22090,-0.81497,0.12971,1907.5
quat1,-0.39635,0.83399,-0.21864,-0.31553,1907.5
quat2,0.26080,-0.82259,0.49347,-0.10873,1907.5
quat3,0.33334,-0.74539,0.11341,0.56606,1907.5
quat4,-0.59788,0.38303,0.02477,-0.70371,1907.5
quat5,0.00000,-0.86603,0.00000,0.50000,1907.5
quat6,0.00000,-0.86603,0.00000,0.50000,1907.5
quat7,0.00000,-0.86603,0.00000,0.50000,1907.5
quat8,0.00000,-0.86603,0.00000,0.50000,1907.5
quat0,0.52020,0.21773,-0.81654,0.12346,1907.52
quat1,-0.41613,0.82274,-0.20358,-0.32938,1907.52
quat2,0.27063,-0.81864,0.49619,-0.10185,1907.52
quat3,0.33038,-0.74691,0.14694,0.55803,1907.52
quat4,-0.60351,0.38959,0.01972,-0.69542,1907.52
quat5,0.00000,-0.86603,0.00000,0.50000,1907.52
quat6,0.00000,-0.86603,0.00000,0.50000,1907.52
quat7,0.00000,-0.86603,0.00000,0.50000,1907.52
quat8,0.00000,-0.86603,0.00000,0.50000,1907.52
quat0,0.52067,0.20193,-0.82204,0.11121,1907.54
quat1,-0.42701,0.81432,-0.20503,-0.33542,1907.54
quat2,0.28056,-0.81208,0.50197,-0.09917,1907.54
quat3,0.33516,-0.74823,0.16348,0.54871,1907.54
quat4,-0.60953,0.39241,0.01407,-0.68869,1907.54
quat5,0.00000,-0.86603,0.00000,0.50000,1907.54
quat6,0.00000,-0.86603,0.00000,0.50000,1907.54
quat7,0.00000,-0.86603,0.00000,0.50000,1907.54
quat8,0.00000,-0.86603,0.00000,0.50000,1907.54
quat0,0.51650,0.19769,-0.82716,0.09971,1907.56
quat1,-0.42918,0.81103,-0.21131,-0.33671,1907.56
quat2,0.28974,-0.80679,0.50611,-0.09483,1907.56
quat3,0.33643,-0.75047,0.17410,0.54157,1907.56
quat4,-0.61321,0.39840,0.00528,-0.68208,1907.56
quat5,0.00000,-0.86603,0.00000,0.50000,1907.56
quat6,0.00000,-0.86603,0.00000,0.50000,1907.56
quat7,0.00000,-0.86603,0.00000,0.50000,1907.56
quat8,0.00000,-0.86603,0.00000,0.50000,1907.56
quat0,0.51752,0.19456,-0.82755,0.09732,1907.58
quat1,-0.43187,0.80746,-0.21616,-0.33877,1907.58
quat2,0.29247,-0.80216,0.51149,-0.09684,1907.58
quat3,0.33572,-0.75428,0.18453,0.53321,1907.58
quat4,-0.61436,0.40204,0.00033,-0.67891,1907.58
quat5,0.00000,-0.86603,0.00000,0.50000,1907.58
quat6,0.00000,-0.86603,0.00000,0.50000,1907.58
quat7,0.00000,-0.86603,0.00000,0.50000,1907.58
quat8,0.00000,-0.86603,0.00000,0.50000,1907.58
quat0,0.51914,0.19185,-0.82666,0.10162,1907.6
quat1,-0.43410,0.80364,-0.21892,-0.34322,1907.6
quat2,0.29253,-0.80022,0.51410,-0.09890,1907.6
quat3,0.33211,-0.75982,0.19077,0.52534,1907.6
quat4,-0.61344,0.40621,-0.00471,-0.67725,1907.6
quat5,0.00000,-0.86603,0.00000,0.50000,1907.6
quat6,0.00000,-0.86603,0.00000,0.50000,1907.6
quat7,0.00000,-0.86603,0.00000,0.50000,1907.6
quat8,0.00000,-0.86603,0.00000,0.50000,1907.6
quat0,0.51934,0.18596,-0.82886,0.09325,1907.62
quat1,-0.43130,0.80098,-0.22949,-0.34604,1907.62
quat2,0.29596,-0.79657,0.51737,-0.10106,1907.62
quat3,0.33173,-0.76547,0.19085,0.51730,1907.62
quat4,-0.61322,0.40639,-0.00655,-0.67732,1907.62
quat5,0.00000,-0.86603,0.00000,0.50000,1907.62
quat6,0.00000,-0.86603,0.00000,0.50000,1907.62
quat7,0.00000,-0.86603,0.00000,0.50000,1907.62
quat8,0.00000,-0.86603,0.00000,0.50000,1907.62
quat0,0.52350,0.18019,-0.82764,0.09211,1907.64
quat1,-0.42362,0.79957,-0.23947,-0.35198,1907.64
quat2,0.30126,-0.79331,0.51850,-0.10518,1907.64
quat3,0.32935,-0.77416,0.18949,0.50626,1907.64
quat4,-0.61367,0.40696,-0.01151,-0.67651,1907.64
quat5,0.00000,-0.86603,0.00000,0.50000,1907.64
quat6,0.00000,-0.86603,0.00000,0.50000,1907.64
quat7,0.00000,-0.86603,0.00000,0.50000,1907.64
quat8,0.00000,-0.86603,0.00000,0.50000,1907.64
quat0,0.52360,0.17334,-0.83041,0.07886,1907.66
quat1,-0.41918,0.79653,-0.24274,-0.36182,1907.66
quat2,0.30698,-0.78958,0.51998,-0.10933,1907.66
quat3,0.32572,-0.78462,0.18917,0.49244,1907.66
quat4,-0.61683,0.40687,-0.01979,-0.67349,1907.66
quat5,0.00000,-0.86603,0.00000,0.50000,1907.66
quat6,0.00000,-0.86603,0.00000,0.50000,1907.66
quat7,0.00000,-0.86603,0.00000,0.50000,1907.66
quat8,0.00000,-0.86603,0.00000,0.50000,1907.66
quat0,0.52050,0.16742,-0.83498,0.06216,1907.68
quat1,-0.41136,0.79383,-0.24523,-0.37481,1907.68
quat2,0.31308,-0.78606,0.52060,-0.11427,1907.68
quat3,0.31986,-0.79553,0.18640,0.47967,1907.68
quat4,-0.62072,0.40531,-0.02875,-0.67052,1907.68
quat5,0.00000,-0.86603,0.00000,0.50000,1907.68
quat6,0.00000,-0.86603,0.00000,0.50000,1907.68
quat7,0.00000,-0.86603,0.00000,0.50000,1907.68
quat8,0.00000,-0.86603,0.00000,0.50000,1907.68
quat0,0.51914,0.15795,-0.83857,0.04843,1907.7
quat1,-0.39993,0.79271,-0.25003,-0.38620,1907.7
quat2,0.31911,-0.78103,0.52302,-0.12088,1907.7
quat3,0.31600,-0.80413,0.17963,0.47037,1907.7
quat4,-0.62734,0.40209,-0.03893,-0.66578,1907.7
quat5,0.00000,-0.86603,0.00000,0.50000,1907.7
quat6,0.00000,-0.86603,0.00000,0.50000,1907.7
quat7,0.00000,-0.86603,0.00000,0.50000,1907.7
quat8,0.00000,-0.86603,0.00000,0.50000,1907.7
quat0,0.51902,0.14791,-0.84083,0.04183,1907.72
quat1,-0.38402,0.79315,-0.25592,-0.39742,1907.72
quat2,0.32339,-0.77607,0.52545,-0.13056,1907.72
quat3,0.31409,-0.81044,0.16731,0.46535,1907.72
quat4,-0.63456,0.39575,-0.04760,-0.66215,1907.72
quat5,0.00000,-0.86603,0.00000,0.50000,1907.72
quat6,0.00000,-0.86603,0.00000,0.50000,1907.72
quat7,0.00000,-0.86603,0.00000,0.50000,1907.72
quat8,0.00000,-0.86603,0.00000,0.50000,1907.72
quat0,0.52167,0.13399,-0.84189,0.03360,1907.74
quat1,-0.36874,0.79369,-0.25863,-0.40890,1907.74
quat2,0.32902,-0.77197,0.52593,-0.13855,1907.74
quat3,0.31251,-0.81775,0.15573,0.45757,1907.74
quat4,-0.64568,0.38663,-0.05707,-0.65602,1907.74
quat5,0.00000,-0.86603,0.00000,0.50000,1907.74
quat6,0.00000,-0.86603,0.00000,0.50000,1907.74
quat7,0.00000,-0.86603,0.00000,0.50000,1907.74
quat8,0.00000,-0.86603,0.00000,0.50000,1907.74
quat0,0.52394,0.12667,-0.84177,0.02935,1907.76
quat1,-0.35240,0.79448,-0.25936,-0.42113,1907.76
quat2,0.33528,-0.77035,0.52166,-0.14838,1907.76
quat3,0.30893,-0.82776,0.14378,0.44576,1907.76
quat4,-0.65680,0.37378,-0.06385,-0.65178,1907.76
quat5,0.00000,-0.86603,0.00000,0.50000,1907.76
quat6,0.00000,-0.86603,0.00000,0.50000,1907.76
quat7,0.00000,-0.86603,0.00000,0.50000,1907.76
quat8,0.00000,-0.86603,0.00000,0.50000,1907.76
quat0,0.52476,0.10778,-0.84439,0.00437,1907.78
quat1,-0.33491,0.79398,-0.26116,-0.43500,1907.78
quat2,0.34169,-0.76830,0.51716,-0.15973,1907.78
quat3,0.30653,-0.83872,0.12967,0.43102,1907.78
quat4,-0.66786,0.35995,-0.06982,-0.64771,1907.78
quat5,0.00000,-0.86603,0.00000,0.50000,1907.78
quat6,0.00000,-0.86603,0.00000,0.50000,1907.78
quat7,0.00000,-0.86603,0.00000,0.50000,1907.78
quat8,0.00000,-0.86603,0.00000,0.50000,1907.78
quat0,0.52333,0.10174,-0.84603,-0.00240,1907.8
quat1,-0.31576,0.79252,-0.26649,-0.44854,1907.8
quat2,0.35081,-0.76427,0.51327,-0.17140,1907.8
quat3,0.30672,-0.84742,0.11144,0.41878,1907.8
quat4,-0.67679,0.34321,-0.07333,-0.64713,1907.8
quat5,0.00000,-0.86603,0.00000,0.50000,1907.8
quat6,0.00000,-0.86603,0.00000,0.50000,1907.8
quat7,0.00000,-0.86603,0.00000,0.50000,1907.8
quat8,0.00000,-0.86603,0.00000,0.50000,1907.8
quat0,0.51637,0.09290,-0.85113,-0.01750,1907.82
quat1,-0.29650,0.78947,-0.27258,-0.46317,1907.82
quat2,0.36356,-0.75727,0.51151,-0.18092,1907.82
quat3,0.30911,-0.85473,0.09041,0.40707,1907.82
quat4,-0.68561,0.32661,-0.07992,-0.64567,1907.82
quat5,0.00000,-0.86603,0.00000,0.50000,1907.82
quat6,0.00000,-0.86603,0.00000,0.50000,1907.82
quat7,0.00000,-0.86603,0.00000,0.50000,1907.82
quat8,0.00000,-0.86603,0.00000,0.50000,1907.82
quat0,0.51501,0.08689,-0.85230,-0.02820,1907.84
quat1,-0.27768,0.78370,-0.27775,-0.48121,1907.84
quat2,0.37798,-0.74914,0.51016,-0.18885,1907.84
quat3,0.31041,-0.86321,0.06770,0.39234,1907.84
quat4,-0.69335,0.30868,-0.08968,-0.64494,1907.84
quat5,0.00000,-0.86603,0.00000,0.50000,1907.84
quat6,0.00000,-0.86603,0.00000,0.50000,1907.84
quat7,0.00000,-0.86603,0.00000,0.50000,1907.84
quat8,0.00000,-0.86603,0.00000,0.50000,1907.84
quat0,0.51121,0.07726,-0.85503,-0.04014,1907.86
quat1,-0.25884,0.77531,-0.28262,-0.50203,1907.86
quat2,0.39379,-0.74030,0.50837,-0.19606,1907.86
quat3,0.30729,-0.87484,0.04602,0.37163,1907.86
quat4,-0.70173,0.29164,-0.10245,-0.64189,1907.86
quat5,0.00000,-0.86603,0.00000,0.50000,1907.86
quat6,0.00000,-0.86603,0.00000,0.50000,1907.86
quat7,0.00000,-0.86603,0.00000,0.50000,1907.86
quat8,0.00000,-0.86603,0.00000,0.50000,1907.86
quat0,0.50912,0.07131,-0.85621,-0.05121,1907.88
quat1,-0.24024,0.76547,-0.28883,-0.52241,1907.88
quat2,0.40800,-0.73378,0.50406,-0.20256,1907.88
quat3,0.30055,-0.88758,0.02587,0.34814,1907.88
quat4,-0.70922,0.27681,-0.11710,-0.63771,1907.88
quat5,0.00000,-0.86603,0.00000,0.50000,1907.88
quat6,0.00000,-0.86603,0.00000,0.50000,1907.88
quat7,0.00000,-0.86603,0.00000,0.50000,1907.88
quat8,0.00000,-0.86603,0.00000,0.50000,1907.88
quat0,0.50721,0.06286,-0.85741,-0.06034,1907.9
quat1,-0.21832,0.75507,-0.29729,-0.54205,1907.9
quat2,0.42250,-0.72746,0.49869,-0.20882,1907.9
quat3,0.29285,-0.90051,0.00498,0.32139,1907.9
quat4,-0.71772,0.26159,-0.13274,-0.63153,1907.9
quat5,0.00000,-0.86603,0.00000,0.50000,1907.9
quat6,0.00000,-0.86603,0.00000,0.50000,1907.9
quat7,0.00000,-0.86603,0.00000,0.50000,1907.9
quat8,0.00000,-0.86603,0.00000,0.50000,1907.9
quat0,0.50567,0.05139,-0.85828,-0.07080,1907.92
quat1,-0.19070,0.74715,-0.30823,-0.55714,1907.92
quat2,0.43758,-0.72197,0.49203,-0.21259,1907.92
quat3,0.28531,-0.91213,-0.01944,0.29368,1907.92
quat4,-0.72555,0.24863,-0.14987,-0.62394,1907.92
quat5,0.00000,-0.86603,0.00000,0.50000,1907.92
quat6,0.00000,-0.86603,0.00000,0.50000,1907.92
quat7,0.00000,-0.86603,0.00000,0.50000,1907.92
quat8,0.00000,-0.86603,0.00000,0.50000,1907.92
quat0,0.50566,0.04370,-0.85805,-0.07844,1907.94
quat1,-0.15995,0.73782,-0.31872,-0.57311,1907.94
quat2,0.45097,-0.71424,0.48944,-0.21664,1907.94
quat3,0.27768,-0.92194,-0.04686,0.26595,1907.94
quat4,-0.73361,0.23547,-0.16693,-0.61523,1907.94
quat5,0.00000,-0.86603,0.00000,0.50000,1907.94
quat6,0.00000,-0.86603,0.00000,0.50000,1907.94
quat7,0.00000,-0.86603,0.00000,0.50000,1907.94
quat8,0.00000,-0.86603,0.00000,0.50000,1907.94
quat0,0.50336,0.03405,-0.85880,-0.08908,1907.96
quat1,-0.12637,0.72515,-0.32983,-0.59110,1907.96
quat2,0.46298,-0.70651,0.48889,-0.21790,1907.96
quat3,0.26921,-0.93008,-0.07745,0.23765,1907.96
quat4,-0.74005,0.22450,-0.18531,-0.60629,1907.96
quat5,0.00000,-0.86603,0.00000,0.50000,1907.96
quat6,0.00000,-0.86603,0.00000,0.50000,1907.96
quat7,0.00000,-0.86603,0.00000,0.50000,1907.96
quat8,0.00000,-0.86603,0.00000,0.50000,1907.96
quat0,0.50183,0.02642,-0.85823,-0.10447,1907.98
quat1,-0.09089,0.70650,-0.34036,-0.61380,1907.98
quat2,0.47382,-0.69907,0.48992,-0.21628,1907.98
quat3,0.26042,-0.93558,-0.11107,0.21104,1907.98
quat4,-0.74625,0.21454,-0.20226,-0.59681,1907.98
quat5,0.00000,-0.86603,0.00000,0.50000,1907.98
quat6,0.00000,-0.86603,0.00000,0.50000,1907.98
quat7,0.00000,-0.86603,0.00000,0.50000,1907.98
quat8,0.00000,-0.86603,0.00000,0.50000,1907.98
quat0,0.50493,0.01814,-0.85501,-0.11699,1908
quat1,-0.05101,0.68159,-0.35264,-0.63912,1908
quat2,0.48362,-0.69289,0.49061,-0.21288,1908
quat3,0.24964,-0.93858,-0.14789,0.18677,1908
quat4,-0.75116,0.20867,-0.21970,-0.58647,1908
quat5,0.00000,-0.86603,0.00000,0.50000,1908
quat6,0.00000,-0.86603,0.00000,0.50000,1908
quat7,0.00000,-0.86603,0.00000,0.50000,1908
quat8,0.00000,-0.86603,0.00000,0.50000,1908
quat0,0.50605,0.01785,-0.85520,-0.11061,1908.02
quat1,-0.00569,0.65132,-0.36678,-0.66425,1908.02
quat2,0.49113,-0.68799,0.49271,-0.20664,1908.02
quat3,0.23432,-0.94043,-0.18691,0.16048,1908.02
quat4,-0.75753,0.20300,-0.23210,-0.57538,1908.02
quat5,0.00000,-0.86603,0.00000,0.50000,1908.02
quat6,0.00000,-0.86603,0.00000,0.50000,1908.02
quat7,0.00000,-0.86603,0.00000,0.50000,1908.02
quat8,0.00000,-0.86603,0.00000,0.50000,1908.02
quat0,0.50929,0.01414,-0.85158,-0.12346,1908.04
quat1,0.04369,0.61964,-0.37862,-0.68614,1908.04
quat2,0.49414,-0.68573,0.49587,-0.19929,1908.04
quat3,0.21381,-0.94128,-0.22745,0.12861,1908.04
quat4,-0.76493,0.19967,-0.23864,-0.56397,1908.04
quat5,0.00000,-0.86603,0.00000,0.50000,1908.04
quat6,0.00000,-0.86603,0.00000,0.50000,1908.04
quat7,0.00000,-0.86603,0.00000,0.50000,1908.04
quat8,0.00000,-0.86603,0.00000,0.50000,1908.04
quat0,0.50554,0.00787,-0.85346,-0.12642,1908.06
quat1,0.09052,0.59249,-0.38452,-0.70207,1908.06
quat2,0.49418,-0.68947,0.49595,-0.18561,1908.06
quat3,0.19046,-0.94179,-0.26113,0.09252,1908.06
quat4,-0.77218,0.20182,-0.24047,-0.55243,1908.06
quat5,0.00000,-0.86603,0.00000,0.50000,1908.06
quat6,0.00000,-0.86603,0.00000,0.50000,1908.06
quat7,0.00000,-0.86603,0.00000,0.50000,1908.06
quat8,0.00000,-0.86603,0.00000,0.50000,1908.06
quat0,0.50378,-0.00294,-0.85175,-0.14395,1908.08
quat1,0.12977,0.57671,-0.37931,-0.71182,1908.08
quat2,0.49017,-0.69671,0.49526,-0.17041,1908.08
quat3,0.16908,-0.94083,-0.28646,0.06476,1908.08
quat4,-0.77686,0.21008,-0.23930,-0.54323,1908.08
quat5,0.00000,-0.86603,0.00000,0.50000,1908.08
quat6,0.00000,-0.86603,0.00000,0.50000,1908.08
quat7,0.00000,-0.86603,0.00000,0.50000,1908.08
quat8,0.00000,-0.86603,0.00000,0.50000,1908.08
quat0,0.49389,0.00332,-0.85796,-0.14128,1908.1
quat1,0.15485,0.56980,-0.37022,-0.71714,1908.1
quat2,0.48810,-0.70301,0.49354,-0.15481,1908.1
quat3,0.15224,-0.94064,-0.29886,0.05200,1908.1
quat4,-0.77962,0.21739,-0.23303,-0.53911,1908.1
quat5,0.00000,-0.86603,0.00000,0.50000,1908.1
quat6,0.00000,-0.86603,0.00000,0.50000,1908.1
quat7,0.00000,-0.86603,0.00000,0.50000,1908.1
quat8,0.00000,-0.86603,0.00000,0.50000,1908.1
quat0,0.50539,0.00524,-0.85087,-0.14345,1908.12
quat1,0.16035,0.57057,-0.35945,-0.72079,1908.12
quat2,0.48676,-0.70485,0.49531,-0.14466,1908.12
quat3,0.14700,-0.94115,-0.30065,0.04723,1908.12
quat4,-0.77993,0.22351,-0.22878,-0.53797,1908.12
quat5,0.00000,-0.86603,0.00000,0.50000,1908.12
quat6,0.00000,-0.86603,0.00000,0.50000,1908.12
quat7,0.00000,-0.86603,0.00000,0.50000,1908.12
quat8,0.00000,-0.86603,0.00000,0.50000,1908.12
quat0,0.50235,0.01120,-0.85450,-0.13169,1908.14
quat1,0.15083,0.57893,-0.34916,-0.72124,1908.14
quat2,0.49075,-0.70251,0.49658,-0.13807,1908.14
quat3,0.15010,-0.94244,-0.29494,0.04780,1908.14
quat4,-0.77945,0.22719,-0.22981,-0.53669,1908.14
quat5,0.00000,-0.86603,0.00000,0.50000,1908.14
quat6,0.00000,-0.86603,0.00000,0.50000,1908.14
quat7,0.00000,-0.86603,0.00000,0.50000,1908.14
quat8,0.00000,-0.86603,0.00000,0.50000,1908.14
quat0,0.49516,0.01208,-0.85787,-0.13689,1908.16
quat1,0.13449,0.59105,-0.34084,-0.71861,1908.16
quat2,0.49833,-0.69592,0.49892,-0.13576,1908.16
quat3,0.15774,-0.94434,-0.28395,0.05205,1908.16
quat4,-0.78169,0.22340,-0.23052,-0.53470,1908.16
quat5,0.00000,-0.86603,0.00000,0.50000,1908.16
quat6,0.00000,-0.86603,0.00000,0.50000,1908.16
quat7,0.00000,-0.86603,0.00000,0.50000,1908.16
quat8,0.00000,-0.86603,0.00000,0.50000,1908.16
quat0,0.50205,0.01782,-0.85330,-0.13964,1908.18
quat1,0.11308,0.60706,-0.33284,-0.71268,1908.18
quat2,0.50803,-0.68847,0.49895,-0.13773,1908.18
quat3,0.16536,-0.94584,-0.27238,0.06204,1908.18
quat4,-0.78462,0.21725,-0.22908,-0.53357,1908.18
quat5,0.00000,-0.86603,0.00000,0.50000,1908.18
quat6,0.00000,-0.86603,0.00000,0.50000,1908.18
quat7,0.00000,-0.86603,0.00000,0.50000,1908.18
quat8,0.00000,-0.86603,0.00000,0.50000,1908.18
quat0,0.50220,0.02539,-0.85415,-0.13261,1908.2
quat1,0.08804,0.62512,-0.32656,-0.70344,1908.2
quat2,0.51678,-0.67896,0.50144,-0.14322,1908.2
quat3,0.17417,-0.94761,-0.25691,0.07544,1908.2
quat4,-0.78862,0.21053,-0.22613,-0.53162,1908.2
quat5,0.00000,-0.86603,0.00000,0.50000,1908.2
quat6,0.00000,-0.86603,0.00000,0.50000,1908.2
quat7,0.00000,-0.86603,0.00000,0.50000,1908.2
quat8,0.00000,-0.86603,0.00000,0.50000,1908.2
quat0,0.50852,0.03473,-0.85135,-0.12413,1908.22
quat1,0.06043,0.64471,-0.31959,-0.69178,1908.22
quat2,0.52424,-0.66875,0.50569,-0.14908,1908.22
quat3,0.18324,-0.94929,-0.23866,0.09116,1908.22
quat4,-0.79193,0.20546,-0.22253,-0.53021,1908.22
quat5,0.00000,-0.86603,0.00000,0.50000,1908.22
quat6,0.00000,-0.86603,0.00000,0.50000,1908.22
quat7,0.00000,-0.86603,0.00000,0.50000,1908.22
quat8,0.00000,-0.86603,0.00000,0.50000,1908.22
quat0,0.51032,0.04055,-0.85022,-0.12269,1908.24
quat1,0.02931,0.66217,-0.31182,-0.68076,1908.24
quat2,0.53011,-0.65697,0.51333,-0.15448,1908.24
quat3,0.19417,-0.95068,-0.21819,0.10436,1908.24
quat4,-0.79572,0.19859,-0.21729,-0.52931,1908.24
quat5,0.00000,-0.86603,0.00000,0.50000,1908.24
quat6,0.00000,-0.86603,0.00000,0.50000,1908.24
quat7,0.00000,-0.86603,0.00000,0.50000,1908.24
quat8,0.00000,-0.86603,0.00000,0.50000,1908.24
quat0,0.51088,0.04549,-0.84944,-0.12407,1908.26
quat1,-0.00353,0.67663,-0.30324,-0.67098,1908.26
quat2,0.53223,-0.64767,0.52171,-0.15833,1908.26
quat3,0.20555,-0.95139,-0.19839,0.11510,1908.26
quat4,-0.79825,0.19220,-0.21253,-0.52980,1908.26
quat5,0.00000,-0.86603,0.00000,0.50000,1908.26
quat6,0.00000,-0.86603,0.00000,0.50000,1908.26
quat7,0.00000,-0.86603,0.00000,0.50000,1908.26
quat8,0.00000,-0.86603,0.00000,0.50000,1908.26
quat0,0.51192,0.04843,-0.84980,-0.11592,1908.28
quat1,-0.03707,0.68690,-0.29598,-0.66272,1908.28
quat2,0.53327,-0.64034,0.52953,-0.15869,1908.28
quat3,0.21749,-0.95133,-0.17940,0.12444,1908.28
quat4,-0.80080,0.18456,-0.20849,-0.53027,1908.28
quat5,0.00000,-0.86603,0.00000,0.50000,1908.28
quat6,0.00000,-0.86603,0.00000,0.50000,1908.28
quat7,0.00000,-0.86603,0.00000,0.50000,1908.28
quat8,0.00000,-0.86603,0.00000,0.50000,1908.28
quat0,0.51488,0.05489,-0.84911,-0.10439,1908.3
quat1,-0.06611,0.69583,-0.28998,-0.65373,1908.3
quat2,0.53375,-0.63609,0.53447,-0.15759,1908.3
quat3,0.22791,-0.95016,-0.16279,0.13692,1908.3
quat4,-0.80214,0.17703,-0.20359,-0.53271,1908.3
quat5,0.00000,-0.86603,0.00000,0.50000,1908.3
quat6,0.00000,-0.86603,0.00000,0.50000,1908.3
quat7,0.00000,-0.86603,0.00000,0.50000,1908.3
quat8,0.00000,-0.86603,0.00000,0.50000,1908.3
quat0,0.51523,0.06121,-0.84931,-0.09730,1908.32
quat1,-0.09349,0.70423,-0.28640,-0.64288,1908.32
quat2,0.53289,-0.63182,0.54037,-0.15758,1908.32
quat3,0.23926,-0.94777,-0.14586,0.15238,1908.32
quat4,-0.80289,0.17024,-0.19802,-0.53589,1908.32
quat5,0.00000,-0.86603,0.00000,0.50000,1908.32
quat6,0.00000,-0.86603,0.00000,0.50000,1908.32
quat7,0.00000,-0.86603,0.00000,0.50000,1908.32
quat8,0.00000,-0.86603,0.00000,0.50000,1908.32
quat0,0.52129,0.06718,-0.84601,-0.08949,1908.34
quat1,-0.11556,0.71237,-0.28411,-0.63123,1908.34
quat2,0.53101,-0.62891,0.54520,-0.15893,1908.34
quat3,0.25144,-0.94418,-0.13037,0.16825,1908.34
quat4,-0.80107,0.16686,-0.19441,-0.54097,1908.34
quat5,0.00000,-0.86603,0.00000,0.50000,1908.34
quat6,0.00000,-0.86603,0.00000,0.50000,1908.34
quat7,0.00000,-0.86603,0.00000,0.50000,1908.34
quat8,0.00000,-0.86603,0.00000,0.50000,1908.34
quat0,0.52164,0.07371,-0.84563,-0.08586,1908.36
quat1,-0.13614,0.72003,-0.28362,-0.61853,1908.36
quat2,0.52817,-0.62557,0.55075,-0.16240,1908.36
quat3,0.26690,-0.93972,-0.11493,0.18020,1908.36
quat4,-0.79876,0.16316,-0.18989,-0.54708,1908.36
quat5,0.00000,-0.86603,0.00000,0.50000,1908.36
quat6,0.00000,-0.86603,0.00000,0.50000,1908.36
quat7,0.00000,-0.86603,0.00000,0.50000,1908.36
quat8,0.00000,-0.86603,0.00000,0.50000,1908.36
quat0,0.52077,0.08167,-0.84683,-0.07076,1908.38
quat1,-0.15459,0.72765,-0.28450,-0.60471,1908.38
quat2,0.52325,-0.62523,0.55466,-0.16628,1908.38
quat3,0.28270,-0.93466,-0.10186,0.19007,1908.38
quat4,-0.79461,0.16036,-0.18470,-0.55566,1908.38
quat5,0.00000,-0.86603,0.00000,0.50000,1908.38
quat6,0.00000,-0.86603,0.00000,0.50000,1908.38
quat7,0.00000,-0.86603,0.00000,0.50000,1908.38
quat8,0.00000,-0.86603,0.00000,0.50000,1908.38
quat0,0.51743,0.08455,-0.84890,-0.06696,1908.4
quat1,-0.17228,0.73494,-0.28703,-0.58975,1908.4
quat2,0.51773,-0.62586,0.55802,-0.16993,1908.4
quat3,0.29933,-0.92912,-0.09063,0.19728,1908.4
quat4,-0.78976,0.15734,-0.17989,-0.56495,1908.4
quat5,0.00000,-0.86603,0.00000,0.50000,1908.4
quat6,0.00000,-0.86603,0.00000,0.50000,1908.4
quat7,0.00000,-0.86603,0.00000,0.50000,1908.4
quat8,0.00000,-0.86603,0.00000,0.50000,1908.4
quat0,0.52309,0.09147,-0.84583,-0.05069,1908.42
quat1,-0.18645,0.74105,-0.29084,-0.57575,1908.42
quat2,0.51101,-0.62860,0.55984,-0.17410,1908.42
quat3,0.31477,-0.92311,-0.08106,0.20544,1908.42
quat4,-0.78286,0.15567,-0.17472,-0.57651,1908.42
quat5,0.00000,-0.86603,0.00000,0.50000,1908.42
quat6,0.00000,-0.86603,0.00000,0.50000,1908.42
quat7,0.00000,-0.86603,0.00000,0.50000,1908.42
quat8,0.00000,-0.86603,0.00000,0.50000,1908.42
quat0,0.51447,0.09635,-0.85084,-0.04599,1908.44
quat1,-0.19887,0.74450,-0.29617,-0.56431,1908.44
quat2,0.50310,-0.63210,0.56167,-0.17850,1908.44
quat3,0.32943,-0.91670,-0.07036,0.21489,1908.44
quat4,-0.77501,0.15533,-0.16984,-0.58855,1908.44
quat5,0.00000,-0.86603,0.00000,0.50000,1908.44
quat6,0.00000,-0.86603,0.00000,0.50000,1908.44
quat7,0.00000,-0.86603,0.00000,0.50000,1908.44
quat8,0.00000,-0.86603,0.00000,0.50000,1908.44
quat0,0.50985,0.09948,-0.85367,-0.03748,1908.46
quat1,-0.21020,0.74629,-0.30094,-0.55525,1908.46
quat2,0.49300,-0.63818,0.56225,-0.18320,1908.46
quat3,0.34335,-0.90929,-0.06223,0.22679,1908.46
quat4,-0.76521,0.15770,-0.16471,-0.60204,1908.46
quat5,0.00000,-0.86603,0.00000,0.50000,1908.46
quat6,0.00000,-0.86603,0.00000,0.50000,1908.46
quat7,0.00000,-0.86603,0.00000,0.50000,1908.46
quat8,0.00000,-0.86603,0.00000,0.50000,1908.46
quat0,0.51466,0.11044,-0.84995,-0.02282,1908.48
quat1,-0.22159,0.74783,-0.30490,-0.54652,1908.48
quat2,0.48250,-0.64536,0.56182,-0.18725,1908.48
quat3,0.35671,-0.90102,-0.05572,0.24043,1908.48
quat4,-0.75538,0.16019,-0.15795,-0.61546,1908.48
quat5,0.00000,-0.86603,0.00000,0.50000,1908.48
quat6,0.00000,-0.86603,0.00000,0.50000,1908.48
quat7,0.00000,-0.86603,0.00000,0.50000,1908.48
quat8,0.00000,-0.86603,0.00000,0.50000,1908.48
quat0,0.51467,0.11843,-0.84911,-0.01023,1908.5
quat1,-0.23044,0.75181,-0.30845,-0.53530,1908.5
quat2,0.46943,-0.65361,0.56144,-0.19292,1908.5
quat3,0.36744,-0.89207,-0.05157,0.25793,1908.5
quat4,-0.74428,0.16299,-0.14994,-0.63008,1908.5
quat5,0.00000,-0.86603,0.00000,0.50000,1908.5
quat6,0.00000,-0.86603,0.00000,0.50000,1908.5
quat7,0.00000,-0.86603,0.00000,0.50000,1908.5
quat8,0.00000,-0.86603,0.00000,0.50000,1908.5
quat0,0.50920,0.12377,-0.85168,-0.00679,1908.52
quat1,-0.23837,0.75691,-0.31209,-0.52237,1908.52
quat2,0.45221,-0.66105,0.56441,-0.19990,1908.52
quat3,0.37674,-0.88312,-0.04749,0.27553,1908.52
quat4,-0.73402,0.16467,-0.14096,-0.64360,1908.52
quat5,0.00000,-0.86603,0.00000,0.50000,1908.52
quat6,0.00000,-0.86603,0.00000,0.50000,1908.52
quat7,0.00000,-0.86603,0.00000,0.50000,1908.52
quat8,0.00000,-0.86603,0.00000,0.50000,1908.52
quat0,0.50695,0.13568,-0.85121,0.00640,1908.54
quat1,-0.24430,0.76312,-0.31523,-0.50851,1908.54
quat2,0.43228,-0.66920,0.56759,-0.20773,1908.54
quat3,0.38471,-0.87469,-0.04555,0.29127,1908.54
quat4,-0.72304,0.16543,-0.13204,-0.65758,1908.54
quat5,0.00000,-0.86603,0.00000,0.50000,1908.54
quat6,0.00000,-0.86603,0.00000,0.50000,1908.54
quat7,0.00000,-0.86603,0.00000,0.50000,1908.54
quat8,0.00000,-0.86603,0.00000,0.50000,1908.54
quat0,0.50638,0.14368,-0.85012,0.01511,1908.56
quat1,-0.25012,0.76907,-0.31866,-0.49440,1908.56
quat2,0.41403,-0.67656,0.57040,-0.21329,1908.56
quat3,0.39142,-0.86738,-0.04315,0.30426,1908.56
quat4,-0.71258,0.16634,-0.12369,-0.67027,1908.56
quat5,0.00000,-0.86603,0.00000,0.50000,1908.56
quat6,0.00000,-0.86603,0.00000,0.50000,1908.56
quat7,0.00000,-0.86603,0.00000,0.50000,1908.56
quat8,0.00000,-0.86603,0.00000,0.50000,1908.56
quat0,0.50512,0.15178,-0.84904,0.03085,1908.58
quat1,-0.25542,0.77323,-0.32139,-0.48330,1908.58
quat2,0.39873,-0.68548,0.57018,-0.21455,1908.58
quat3,0.39622,-0.86130,-0.04034,0.31550,1908.58
quat4,-0.70156,0.17033,-0.11726,-0.68194,1908.58
quat5,0.00000,-0.86603,0.00000,0.50000,1908.58
quat6,0.00000,-0.86603,0.00000,0.50000,1908.58
quat7,0.00000,-0.86603,0.00000,0.50000,1908.58
quat8,0.00000,-0.86603,0.00000,0.50000,1908.58
quat0,0.50063,0.15895,-0.84992,0.04181,1908.6
quat1,-0.26141,0.77361,-0.32136,-0.47949,1908.6
quat2,0.38246,-0.69325,0.57034,-0.21873,1908.6
quat3,0.40041,-0.85453,-0.03590,0.32888,1908.6
quat4,-0.69043,0.17631,-0.11448,-0.69219,1908.6
quat5,0.00000,-0.86603,0.00000,0.50000,1908.6
quat6,0.00000,-0.86603,0.00000,0.50000,1908.6
quat7,0.00000,-0.86603,0.00000,0.50000,1908.6
quat8,0.00000,-0.86603,0.00000,0.50000,1908.6
quat0,0.50073,0.16481,-0.84795,0.05549,1908.62
quat1,-0.26490,0.77466,-0.32043,-0.47651,1908.62
quat2,0.36330,-0.70187,0.57020,-0.22419,1908.62
quat3,0.40301,-0.84817,-0.03107,0.34239,1908.62
quat4,-0.67817,0.18186,-0.10601,-0.70411,1908.62
quat5,0.00000,-0.86603,0.00000,0.50000,1908.62
quat6,0.00000,-0.86603,0.00000,0.50000,1908.62
quat7,0.00000,-0.86603,0.00000,0.50000,1908.62
quat8,0.00000,-0.86603,0.00000,0.50000,1908.62
quat0,0.50094,0.17001,-0.84614,0.06484,1908.64
quat1,-0.26820,0.77817,-0.31820,-0.47039,1908.64
quat2,0.34292,-0.71071,0.56986,-0.22927,1908.64
quat3,0.40450,-0.84297,-0.02654,0.35366,1908.64
quat4,-0.66626,0.18593,-0.09395,-0.71603,1908.64
quat5,0.00000,-0.86603,0.00000,0.50000,1908.64
quat6,0.00000,-0.86603,0.00000,0.50000,1908.64
quat7,0.00000,-0.86603,0.00000,0.50000,1908.64
quat8,0.00000,-0.86603,0.00000,0.50000,1908.64
quat0,0.50040,0.18261,-0.84209,0.08446,1908.66
quat1,-0.27000,0.78472,-0.31580,-0.45998,1908.66
quat2,0.32588,-0.72168,0.56517,-0.23143,1908.66
quat3,0.40342,-0.83873,-0.02236,0.36509,1908.66
quat4,-0.65289,0.19145,-0.08230,-0.72822,1908.66
quat5,0.00000,-0.86603,0.00000,0.50000,1908.66
quat6,0.00000,-0.86603,0.00000,0.50000,1908.66
quat7,0.00000,-0.86603,0.00000,0.50000,1908.66
quat8,0.00000,-0.86603,0.00000,0.50000,1908.66
quat0,0.50126,0.19159,-0.83783,0.10034,1908.68
quat1,-0.27145,0.79028,-0.31350,-0.45110,1908.68
quat2,0.31205,-0.73310,0.55832,-0.23125,1908.68
quat3,0.40109,-0.83365,-0.01869,0.37923,1908.68
quat4,-0.64108,0.19725,-0.07111,-0.73828,1908.68
quat5,0.00000,-0.86603,0.00000,0.50000,1908.68
quat6,0.00000,-0.86603,0.00000,0.50000,1908.68
quat7,0.00000,-0.86603,0.00000,0.50000,1908.68
quat8,0.00000,-0.86603,0.00000,0.50000,1908.68
quat0,0.50055,0.21215,-0.82828,0.13561,1908.7
quat1,-0.27177,0.79477,-0.30941,-0.44581,1908.7
quat2,0.29571,-0.74377,0.55213,-0.23350,1908.7
quat3,0.39719,-0.82823,-0.01645,0.39498,1908.7
quat4,-0.62957,0.20508,-0.06249,-0.74678,1908.7
quat5,0.00000,-0.86603,0.00000,0.50000,1908.7
quat6,0.00000,-0.86603,0.00000,0.50000,1908.7
quat7,0.00000,-0.86603,0.00000,0.50000,1908.7
quat8,0.00000,-0.86603,0.00000,0.50000,1908.7
quat0,0.50143,0.21669,-0.82563,0.14121,1908.72
quat1,-0.27229,0.79848,-0.30504,-0.44186,1908.72
quat2,0.27689,-0.75239,0.54815,-0.23828,1908.72
quat3,0.39450,-0.82233,-0.01714,0.40970,1908.72
quat4,-0.61969,0.21266,-0.05407,-0.75355,1908.72
quat5,0.00000,-0.86603,0.00000,0.50000,1908.72
quat6,0.00000,-0.86603,0.00000,0.50000,1908.72
quat7,0.00000,-0.86603,0.00000,0.50000,1908.72
quat8,0.00000,-0.86603,0.00000,0.50000,1908.72
quat0,0.50204,0.22172,-0.82272,0.14808,1908.74
quat1,-0.27257,0.80299,-0.29865,-0.43786,1908.74
quat2,0.25895,-0.76157,0.54253,-0.24211,1908.74
quat3,0.39048,-0.81636,-0.01903,0.42511,1908.74
quat4,-0.60936,0.22083,-0.04515,-0.76018,1908.74
quat5,0.00000,-0.86603,0.00000,0.50000,1908.74
quat6,0.00000,-0.86603,0.00000,0.50000,1908.74
quat7,0.00000,-0.86603,0.00000,0.50000,1908.74
quat8,0.00000,-0.86603,0.00000,0.50000,1908.74
quat0,0.50644,0.22718,-0.81666,0.15801,1908.76
quat1,-0.27264,0.80872,-0.29234,-0.43148,1908.76
quat2,0.24395,-0.77016,0.53658,-0.24379,1908.76
quat3,0.38588,-0.80971,-0.02000,0.44166,1908.76
quat4,-0.60024,0.22688,-0.03429,-0.76620,1908.76
quat5,0.00000,-0.86603,0.00000,0.50000,1908.76
quat6,0.00000,-0.86603,0.00000,0.50000,1908.76
quat7,0.00000,-0.86603,0.00000,0.50000,1908.76
quat8,0.00000,-0.86603,0.00000,0.50000,1908.76
quat0,0.50818,0.23419,-0.81040,0.17371,1908.78
quat1,-0.26996,0.81527,-0.28723,-0.42421,1908.78
quat2,0.23172,-0.77837,0.53009,-0.24384,1908.78
quat3,0.38153,-0.80209,-0.02351,0.45884,1908.78
quat4,-0.59126,0.23309,-0.02367,-0.77170,1908.78
quat5,0.00000,-0.86603,0.00000,0.50000,1908.78
quat6,0.00000,-0.86603,0.00000,0.50000,1908.78
quat7,0.00000,-0.86603,0.00000,0.50000,1908.78
quat8,0.00000,-0.86603,0.00000,0.50000,1908.78
quat0,0.50945,0.23905,-0.80610,0.18310,1908.8
quat1,-0.26844,0.82136,-0.28187,-0.41697,1908.8
quat2,0.22045,-0.78443,0.52625,-0.24316,1908.8
quat3,0.37681,-0.79451,-0.02532,0.47553,1908.8
quat4,-0.58434,0.23880,-0.01319,-0.77547,1908.8
quat5,0.00000,-0.86603,0.00000,0.50000,1908.8
quat6,0.00000,-0.86603,0.00000,0.50000,1908.8
quat7,0.00000,-0.86603,0.00000,0.50000,1908.8
quat8,0.00000,-0.86603,0.00000,0.50000,1908.8
quat0,0.50692,0.24612,-0.80225,0.19712,1908.82
quat1,-0.26673,0.82737,-0.27664,-0.40962,1908.82
quat2,0.21009,-0.78875,0.52387,-0.24350,1908.82
quat3,0.36901,-0.78846,-0.02456,0.49149,1908.82
quat4,-0.57934,0.24515,-0.00424,-0.77734,1908.82
quat5,0.00000,-0.86603,0.00000,0.50000,1908.82
quat6,0.00000,-0.86603,0.00000,0.50000,1908.82
quat7,0.00000,-0.86603,0.00000,0.50000,1908.82
quat8,0.00000,-0.86603,0.00000,0.50000,1908.82
quat0,0.50776,0.24952,-0.79906,0.20352,1908.84
quat1,-0.26654,0.83151,-0.27180,-0.40456,1908.84
quat2,0.20180,-0.79248,0.52158,-0.24330,1908.84
quat3,0.36177,-0.78400,-0.02184,0.50398,1908.84
quat4,-0.57568,0.25608,-0.00027,-0.77654,1908.84
quat5,0.00000,-0.86603,0.00000,0.50000,1908.84
quat6,0.00000,-0.86603,0.00000,0.50000,1908.84
quat7,0.00000,-0.86603,0.00000,0.50000,1908.84
quat8,0.00000,-0.86603,0.00000,0.50000,1908.84
quat0,0.50545,0.25787,-0.79419,0.21746,1908.86
quat1,-0.26621,0.83536,-0.26751,-0.39970,1908.86
quat2,0.19473,-0.79655,0.51796,-0.24353,1908.86
quat3,0.35503,-0.77899,-0.02006,0.51645,1908.86
quat4,-0.57146,0.26853,0.00136,-0.77545,1908.86
quat5,0.00000,-0.86603,0.00000,0.50000,1908.86
quat6,0.00000,-0.86603,0.00000,0.50000,1908.86
quat7,0.00000,-0.86603,0.00000,0.50000,1908.86
quat8,0.00000,-0.86603,0.00000,0.50000,1908.86
quat0,0.50271,0.26300,-0.79248,0.22382,1908.88
quat1,-0.26562,0.83979,-0.26562,-0.39198,1908.88
quat2,0.18820,-0.80030,0.51466,-0.24336,1908.88
quat3,0.35043,-0.77246,-0.01938,0.52926,1908.88
quat4,-0.56768,0.27872,0.00543,-0.77461,1908.88
quat5,0.00000,-0.86603,0.00000,0.50000,1908.88
quat6,0.00000,-0.86603,0.00000,0.50000,1908.88
quat7,0.00000,-0.86603,0.00000,0.50000,1908.88
quat8,0.00000,-0.86603,0.00000,0.50000,1908.88
quat0,0.50059,0.27184,-0.78670,0.23794,1908.9
quat1,-0.26463,0.84519,-0.26482,-0.38145,1908.9
quat2,0.17936,-0.80373,0.51275,-0.24277,1908.9
quat3,0.34643,-0.76555,-0.01903,0.54181,1908.9
quat4,-0.56379,0.28601,0.01068,-0.77474,1908.9
quat5,0.00000,-0.86603,0.00000,0.50000,1908.9
quat6,0.00000,-0.86603,0.00000,0.50000,1908.9
quat7,0.00000,-0.86603,0.00000,0.50000,1908.9
quat8,0.00000,-0.86603,0.00000,0.50000,1908.9
quat0,0.49776,0.27644,-0.78546,0.24262,1908.92
quat1,-0.26564,0.84970,-0.26257,-0.37217,1908.92
quat2,0.17098,-0.80617,0.51164,-0.24307,1908.92
quat3,0.34365,-0.75879,-0.01898,0.55298,1908.92
quat4,-0.56001,0.29176,0.01542,-0.77526,1908.92
quat5,0.00000,-0.86603,0.00000,0.50000,1908.92
quat6,0.00000,-0.86603,0.00000,0.50000,1908.92
quat7,0.00000,-0.86603,0.00000,0.50000,1908.92
quat8,0.00000,-0.86603,0.00000,0.50000,1908.92
quat0,0.49631,0.28076,-0.78163,0.25280,1908.94
quat1,-0.26686,0.85286,-0.26035,-0.36556,1908.94
quat2,0.16444,-0.80926,0.50946,-0.24189,1908.94
quat3,0.34301,-0.75118,-0.02104,0.56359,1908.94
quat4,-0.55565,0.29574,0.02085,-0.77676,1908.94
quat5,0.00000,-0.86603,0.00000,0.50000,1908.94
quat6,0.00000,-0.86603,0.00000,0.50000,1908.94
quat7,0.00000,-0.86603,0.00000,0.50000,1908.94
quat8,0.00000,-0.86603,0.00000,0.50000,1908.94
quat0,0.49184,0.28346,-0.78153,0.25876,1908.96
quat1,-0.26802,0.85606,-0.25908,-0.35807,1908.96
quat2,0.15933,-0.81242,0.50728,-0.23927,1908.96
quat3,0.34500,-0.74160,-0.02572,0.57476,1908.96
quat4,-0.55211,0.29743,0.02792,-0.77842,1908.96
quat5,0.00000,-0.86603,0.00000,0.50000,1908.96
quat6,0.00000,-0.86603,0.00000,0.50000,1908.96
quat7,0.00000,-0.86603,0.00000,0.50000,1908.96
quat8,0.00000,-0.86603,0.00000,0.50000,1908.96
quat0,0.48894,0.28752,-0.77935,0.26624,1908.98
quat1,-0.26852,0.86002,-0.25878,-0.34829,1908.98
quat2,0.15370,-0.81432,0.50691,-0.23727,1908.98
quat3,0.34511,-0.73286,-0.02814,0.58568,1908.98
quat4,-0.54960,0.29562,0.03733,-0.78048,1908.98
quat5,0.00000,-0.86603,0.00000,0.50000,1908.98
quat6,0.00000,-0.86603,0.00000,0.50000,1908.98
quat7,0.00000,-0.86603,0.00000,0.50000,1908.98
quat8,0.00000,-0.86603,0.00000,0.50000,1908.98
quat0,0.48682,0.28863,-0.78000,0.26704,1909
quat1,-0.27030,0.86319,-0.25781,-0.33966,1909
quat2,0.14865,-0.81456,0.50886,-0.23549,1909
quat3,0.34480,-0.72723,-0.02724,0.59288,1909
quat4,-0.54920,0.29303,0.04745,-0.78119,1909
quat5,0.00000,-0.86603,0.00000,0.50000,1909
quat6,0.00000,-0.86603,0.00000,0.50000,1909
quat7,0.00000,-0.86603,0.00000,0.50000,1909
quat8,0.00000,-0.86603,0.00000,0.50000,1909
quat0,0.48676,0.28959,-0.77729,0.27391,1909.02
quat1,-0.27423,0.86496,-0.25503,-0.33406,1909.02
quat2,0.14847,-0.81603,0.50947,-0.22912,1909.02
quat3,0.34349,-0.72429,-0.02320,0.59740,1909.02
quat4,-0.55132,0.29989,0.04940,-0.77696,1909.02
quat5,0.00000,-0.86603,0.00000,0.50000,1909.02
quat6,0.00000,-0.86603,0.00000,0.50000,1909.02
quat7,0.00000,-0.86603,0.00000,0.50000,1909.02
quat8,0.00000,-0.86603,0.00000,0.50000,1909.02
quat0,0.48580,0.29037,-0.77787,0.27312,1909.04
quat1,-0.27910,0.86594,-0.25308,-0.32894,1909.04
quat2,0.15291,-0.81919,0.50799,-0.21792,1909.04
quat3,0.34337,-0.72175,-0.01895,0.60068,1909.04
quat4,-0.55412,0.30983,0.04774,-0.77115,1909.04
quat5,0.00000,-0.86603,0.00000,0.50000,1909.04
quat6,0.00000,-0.86603,0.00000,0.50000,1909.04
quat7,0.00000,-0.86603,0.00000,0.50000,1909.04
quat8,0.00000,-0.86603,0.00000,0.50000,1909.04
quat0,0.48477,0.29081,-0.77864,0.27230,1909.06
quat1,-0.28406,0.86701,-0.25220,-0.32249,1909.06
quat2,0.15769,-0.82123,0.50788,-0.20680,1909.06
quat3,0.34501,-0.71797,-0.01644,0.60433,1909.06
quat4,-0.55643,0.31504,0.04899,-0.76729,1909.06
quat5,0.00000,-0.86603,0.00000,0.50000,1909.06
quat6,0.00000,-0.86603,0.00000,0.50000,1909.06
quat7,0.00000,-0.86603,0.00000,0.50000,1909.06
quat8,0.00000,-0.86603,0.00000,0.50000,1909.06
quat0,0.48326,0.29003,-0.77912,0.27443,1909.08
quat1,-0.28893,0.86792,-0.25202,-0.31580,1909.08
quat2,0.16224,-0.82200,0.50870,-0.19802,1909.08
quat3,0.34808,-0.71403,-0.01485,0.60728,1909.08
quat4,-0.55776,0.31543,0.05273,-0.76592,1909.08
quat5,0.00000,-0.86603,0.00000,0.50000,1909.08
quat6,0.00000,-0.86603,0.00000,0.50000,1909.08
quat7,0.00000,-0.86603,0.00000,0.50000,1909.08
quat8,0.00000,-0.86603,0.00000,0.50000,1909.08
quat0,0.48150,0.28948,-0.78091,0.27301,1909.1
quat1,-0.29395,0.86869,-0.25209,-0.30890,1909.1
quat2,0.16768,-0.82246,0.50937,-0.18970,1909.1
quat3,0.35228,-0.71007,-0.01412,0.60951,1909.1
quat4,-0.55880,0.31330,0.05824,-0.76563,1909.1
quat5,0.00000,-0.86603,0.00000,0.50000,1909.1
quat6,0.00000,-0.86603,0.00000,0.50000,1909.1
quat7,0.00000,-0.86603,0.00000,0.50000,1909.1
quat8,0.00000,-0.86603,0.00000,0.50000,1909.1
quat0,0.48127,0.28727,-0.78295,0.26990,1909.12
quat1,-0.29900,0.86899,-0.25203,-0.30320,1909.12
quat2,0.17348,-0.82259,0.51051,-0.18062,1909.12
quat3,0.35520,-0.70769,-0.01247,0.61061,1909.12
quat4,-0.56099,0.31092,0.06394,-0.76454,1909.12
quat5,0.00000,-0.86603,0.00000,0.50000,1909.12
quat6,0.00000,-0.86603,0.00000,0.50000,1909.12
quat7,0.00000,-0.86603,0.00000,0.50000,1909.12
quat8,0.00000,-0.86603,0.00000,0.50000,1909.12
quat0,0.48144,0.28465,-0.78504,0.26627,1909.14
quat1,-0.30492,0.86847,-0.25152,-0.29920,1909.14
quat2,0.18064,-0.82310,0.51092,-0.16978,1909.14
quat3,0.35728,-0.70730,-0.00833,0.60993,1909.14
quat4,-0.56493,0.31375,0.06578,-0.76032,1909.14
quat5,0.00000,-0.86603,0.00000,0.50000,1909.14
quat6,0.00000,-0.86603,0.00000,0.50000,1909.14
quat7,0.00000,-0.86603,0.00000,0.50000,1909.14
quat8,0.00000,-0.86603,0.00000,0.50000,1909.14
quat0,0.47943,0.28269,-0.78920,0.25959,1909.16
quat1,-0.31061,0.86764,-0.25042,-0.29666,1909.16
quat2,0.18907,-0.82430,0.50955,-0.15855,1909.16
quat3,0.35834,-0.70805,-0.00324,0.60848,1909.16
quat4,-0.56909,0.31804,0.06499,-0.75549,1909.16
quat5,0.00000,-0.86603,0.00000,0.50000,1909.16
quat6,0.00000,-0.86603,0.00000,0.50000,1909.16
quat7,0.00000,-0.86603,0.00000,0.50000,1909.16
quat8,0.00000,-0.86603,0.00000,0.50000,1909.16
quat0,0.47918,0.27821,-0.79367,0.25113,1909.18
quat1,-0.31711,0.86635,-0.24996,-0.29395,1909.18
quat2,0.19653,-0.82512,0.50789,-0.15034,1909.18
quat3,0.36103,-0.70853,0.00141,0.60634,1909.18
quat4,-0.57323,0.31926,0.06611,-0.75173,1909.18
quat5,0.00000,-0.86603,0.00000,0.50000,1909.18
quat6,0.00000,-0.86603,0.00000,0.50000,1909.18
quat7,0.00000,-0.86603,0.00000,0.50000,1909.18
quat8,0.00000,-0.86603,0.00000,0.50000,1909.18
quat0,0.47815,0.27551,-0.79647,0.24719,1909.2
quat1,-0.32209,0.86540,-0.25041,-0.29093,1909.2
quat2,0.20083,-0.82473,0.50804,-0.14621,1909.2
quat3,0.36333,-0.70912,0.00529,0.60424,1909.2
quat4,-0.57597,0.31876,0.06976,-0.74952,1909.2
quat5,0.00000,-0.86603,0.00000,0.50000,1909.2
quat6,0.00000,-0.86603,0.00000,0.50000,1909.2
quat7,0.00000,-0.86603,0.00000,0.50000,1909.2
quat8,0.00000,-0.86603,0.00000,0.50000,1909.2
quat0,0.48098,0.26890,-0.79917,0.24016,1909.22
quat1,-0.32713,0.86358,-0.25180,-0.28950,1909.22
quat2,0.20494,-0.82272,0.51007,-0.14479,1909.22
quat3,0.36547,-0.71085,0.01210,0.60082,1909.22
quat4,-0.57992,0.32226,0.06945,-0.74499,1909.22
quat5,0.00000,-0.86603,0.00000,0.50000,1909.22
quat6,0.00000,-0.86603,0.00000,0.50000,1909.22
quat7,0.00000,-0.86603,0.00000,0.50000,1909.22
quat8,0.00000,-0.86603,0.00000,0.50000,1909.22
quat0,0.47867,0.26575,-0.80492,0.22882,1909.24
quat1,-0.33216,0.86145,-0.25279,-0.28927,1909.24
quat2,0.21019,-0.82214,0.50927,-0.14336,1909.24
quat3,0.36683,-0.71397,0.02009,0.59605,1909.24
quat4,-0.58249,0.32507,0.06861,-0.74184,1909.24
quat5,0.00000,-0.86603,0.00000,0.50000,1909.24
quat6,0.00000,-0.86603,0.00000,0.50000,1909.24
quat7,0.00000,-0.86603,0.00000,0.50000,1909.24
quat8,0.00000,-0.86603,0.00000,0.50000,1909.24
quat0,0.48367,0.25516,-0.80917,0.21492,1909.26
quat1,-0.33853,0.85892,-0.25411,-0.28823,1909.26
quat2,0.21455,-0.82185,0.50848,-0.14138,1909.26
quat3,0.36889,-0.71745,0.02879,0.59021,1909.26
quat4,-0.58522,0.32830,0.06706,-0.73840,1909.26
quat5,0.00000,-0.86603,0.00000,0.50000,1909.26
quat6,0.00000,-0.86603,0.00000,0.50000,1909.26
quat7,0.00000,-0.86603,0.00000,0.50000,1909.26
quat8,0.00000,-0.86603,0.00000,0.50000,1909.26
quat0,0.48718,0.24848,-0.81206,0.20363,1909.28
quat1,-0.34547,0.85626,-0.25457,-0.28752,1909.28
quat2,0.21641,-0.82194,0.50748,-0.14157,1909.28
quat3,0.36942,-0.72296,0.03784,0.58261,1909.28
quat4,-0.58617,0.33198,0.06477,-0.73621,1909.28
quat5,0.00000,-0.86603,0.00000,0.50000,1909.28
quat6,0.00000,-0.86603,0.00000,0.50000,1909.28
quat7,0.00000,-0.86603,0.00000,0.50000,1909.28
quat8,0.00000,-0.86603,0.00000,0.50000,1909.28
quat0,0.48836,0.23735,-0.81980,0.18192,1909.3
quat1,-0.35302,0.85289,-0.25637,-0.28676,1909.3
quat2,0.21801,-0.82165,0.50694,-0.14276,1909.3
quat3,0.36940,-0.72947,0.04803,0.57369,1909.3
quat4,-0.58630,0.33498,0.06406,-0.73481,1909.3
quat5,0.00000,-0.86603,0.00000,0.50000,1909.3
quat6,0.00000,-0.86603,0.00000,0.50000,1909.3
quat7,0.00000,-0.86603,0.00000,0.50000,1909.3
quat8,0.00000,-0.86603,0.00000,0.50000,1909.3
quat0,0.49068,0.22998,-0.82240,0.17319,1909.32
quat1,-0.35886,0.85005,-0.25739,-0.28704,1909.32
quat2,0.22068,-0.82275,0.50412,-0.14232,1909.32
quat3,0.36666,-0.73661,0.06061,0.56506,1909.32
quat4,-0.58452,0.33993,0.06300,-0.73404,1909.32
quat5,0.00000,-0.86603,0.00000,0.50000,1909.32
quat6,0.00000,-0.86603,0.00000,0.50000,1909.32
quat7,0.00000,-0.86603,0.00000,0.50000,1909.32
quat8,0.00000,-0.86603,0.00000,0.50000,1909.32
quat0,0.49249,0.21905,-0.82826,0.15317,1909.34
quat1,-0.36473,0.84713,-0.25783,-0.28788,1909.34
quat2,0.22612,-0.82418,0.50013,-0.13954,1909.34
quat3,0.36477,-0.74324,0.07480,0.55582,1909.34
quat4,-0.58205,0.34539,0.06272,-0.73348,1909.34
quat5,0.00000,-0.86603,0.00000,0.50000,1909.34
quat6,0.00000,-0.86603,0.00000,0.50000,1909.34
quat7,0.00000,-0.86603,0.00000,0.50000,1909.34
quat8,0.00000,-0.86603,0.00000,0.50000,1909.34
quat0,0.49066,0.20972,-0.83416,0.13944,1909.36
quat1,-0.36890,0.84537,-0.25626,-0.28913,1909.36
quat2,0.23190,-0.82683,0.49324,-0.13887,1909.36
quat3,0.36134,-0.74911,0.09098,0.54771,1909.36
quat4,-0.57687,0.35082,0.06261,-0.73500,1909.36
quat5,0.00000,-0.86603,0.00000,0.50000,1909.36
quat6,0.00000,-0.86603,0.00000,0.50000,1909.36
quat7,0.00000,-0.86603,0.00000,0.50000,1909.36
quat8,0.00000,-0.86603,0.00000,0.50000,1909.36
quat0,0.48754,0.19327,-0.84407,0.11175,1909.38
quat1,-0.37616,0.84293,-0.25227,-0.29041,1909.38
quat2,0.23409,-0.82799,0.48949,-0.14156,1909.38
quat3,0.35958,-0.75159,0.10704,0.54255,1909.38
quat4,-0.57265,0.35526,0.06414,-0.73603,1909.38
quat5,0.00000,-0.86603,0.00000,0.50000,1909.38
quat6,0.00000,-0.86603,0.00000,0.50000,1909.38
quat7,0.00000,-0.86603,0.00000,0.50000,1909.38
quat8,0.00000,-0.86603,0.00000,0.50000,1909.38
quat0,0.49206,0.18438,-0.84492,0.10000,1909.4
quat1,-0.38391,0.84008,-0.24554,-0.29427,1909.4
quat2,0.23467,-0.82700,0.49008,-0.14428,1909.4
quat3,0.35556,-0.75277,0.12043,0.54076,1909.4
quat4,-0.57275,0.36192,0.05894,-0.73314,1909.4
quat5,0.00000,-0.86603,0.00000,0.50000,1909.4
quat6,0.00000,-0.86603,0.00000,0.50000,1909.4
quat7,0.00000,-0.86603,0.00000,0.50000,1909.4
quat8,0.00000,-0.86603,0.00000,0.50000,1909.4
quat0,0.49334,0.17711,-0.84730,0.08561,1909.42
quat1,-0.39688,0.83452,-0.23726,-0.29961,1909.42
quat2,0.24350,-0.82586,0.49082,-0.13322,1909.42
quat3,0.34816,-0.75583,0.13766,0.53718,1909.42
quat4,-0.57926,0.37751,0.04226,-0.72122,1909.42
quat5,0.00000,-0.86603,0.00000,0.50000,1909.42
quat6,0.00000,-0.86603,0.00000,0.50000,1909.42
quat7,0.00000,-0.86603,0.00000,0.50000,1909.42
quat8,0.00000,-0.86603,0.00000,0.50000,1909.42
quat0,0.49637,0.18778,-0.84281,0.08964,1909.44
quat1,-0.41689,0.82284,-0.22653,-0.31277,1909.44
quat2,0.25531,-0.82399,0.49161,-0.11907,1909.44
quat3,0.33863,-0.76271,0.16516,0.52567,1909.44
quat4,-0.58583,0.39171,0.02582,-0.70901,1909.44
quat5,0.00000,-0.86603,0.00000,0.50000,1909.44
quat6,0.00000,-0.86603,0.00000,0.50000,1909.44
quat7,0.00000,-0.86603,0.00000,0.50000,1909.44
quat8,0.00000,-0.86603,0.00000,0.50000,1909.44
quat0,0.49842,0.17640,-0.84568,0.07274,1909.46
quat1,-0.43343,0.81032,-0.22274,-0.32543,1909.46
quat2,0.26056,-0.81661,0.50105,-0.11917,1909.46
quat3,0.33287,-0.76532,0.19137,0.51658,1909.46
quat4,-0.59048,0.39822,0.01840,-0.70173,1909.46
quat5,0.00000,-0.86603,0.00000,0.50000,1909.46
quat6,0.00000,-0.86603,0.00000,0.50000,1909.46
quat7,0.00000,-0.86603,0.00000,0.50000,1909.46
quat8,0.00000,-0.86603,0.00000,0.50000,1909.46
quat0,0.49417,0.16681,-0.85054,0.06742,1909.48
quat1,-0.43792,0.80402,-0.23074,-0.32945,1909.48
quat2,0.26916,-0.80918,0.50893,-0.11733,1909.48
quat3,0.33133,-0.76400,0.20472,0.51441,1909.48
quat4,-0.59372,0.40793,0.00808,-0.69356,1909.48
quat5,0.00000,-0.86603,0.00000,0.50000,1909.48
quat6,0.00000,-0.86603,0.00000,0.50000,1909.48
quat7,0.00000,-0.86603,0.00000,0.50000,1909.48
quat8,0.00000,-0.86603,0.00000,0.50000,1909.48
quat0,0.49095,0.16225,-0.85427,0.05345,1909.5
quat1,-0.44077,0.79960,-0.23967,-0.33004,1909.5
quat2,0.27592,-0.80397,0.51445,-0.11333,1909.5
quat3,0.33301,-0.76329,0.21184,0.51149,1909.5
quat4,-0.59903,0.41672,-0.00499,-0.68372,1909.5
quat5,0.00000,-0.86603,0.00000,0.50000,1909.5
quat6,0.00000,-0.86603,0.00000,0.50000,1909.5
quat7,0.00000,-0.86603,0.00000,0.50000,1909.5
quat8,0.00000,-0.86603,0.00000,0.50000,1909.5
quat0,0.49341,0.16251,-0.85286,0.05260,1909.52
quat1,-0.44582,0.79509,-0.24283,-0.33183,1909.52
quat2,0.27483,-0.80064,0.51988,-0.11473,1909.52
quat3,0.33330,-0.76329,0.21919,0.50819,1909.52
quat4,-0.60174,0.41736,-0.01042,-0.68089,1909.52
quat5,0.00000,-0.86603,0.00000,0.50000,1909.52
quat6,0.00000,-0.86603,0.00000,0.50000,1909.52
quat7,0.00000,-0.86603,0.00000,0.50000,1909.52
quat8,0.00000,-0.86603,0.00000,0.50000,1909.52
quat0,0.49306,0.15333,-0.85521,0.04473,1909.54
quat1,-0.44901,0.79124,-0.24772,-0.33310,1909.54
quat2,0.27750,-0.79830,0.52237,-0.11333,1909.54
quat3,0.33579,-0.76411,0.22364,0.50336,1909.54
quat4,-0.60498,0.41681,-0.01307,-0.67831,1909.54
quat5,0.00000,-0.86603,0.00000,0.50000,1909.54
quat6,0.00000,-0.86603,0.00000,0.50000,1909.54
quat7,0.00000,-0.86603,0.00000,0.50000,1909.54
quat8,0.00000,-0.86603,0.00000,0.50000,1909.54
quat0,0.49338,0.15253,-0.85532,0.04170,1909.56
quat1,-0.44680,0.78992,-0.25425,-0.33430,1909.56
quat2,0.28396,-0.79636,0.52221,-0.11171,1909.56
quat3,0.33810,-0.76473,0.22782,0.49898,1909.56
quat4,-0.60675,0.41951,-0.01528,-0.67501,1909.56
quat5,0.00000,-0.86603,0.00000,0.50000,1909.56
quat6,0.00000,-0.86603,0.00000,0.50000,1909.56
quat7,0.00000,-0.86603,0.00000,0.50000,1909.56
quat8,0.00000,-0.86603,0.00000,0.50000,1909.56
quat0,0.49409,0.14919,-0.85598,0.03032,1909.58
quat1,-0.44394,0.78866,-0.26096,-0.33591,1909.58
quat2,0.28967,-0.79175,0.52513,-0.11602,1909.58
quat3,0.34148,-0.76737,0.23128,0.49097,1909.58
quat4,-0.60844,0.41884,-0.01336,-0.67394,1909.58
quat5,0.00000,-0.86603,0.00000,0.50000,1909.58
quat6,0.00000,-0.86603,0.00000,0.50000,1909.58
quat7,0.00000,-0.86603,0.00000,0.50000,1909.58
quat8,0.00000,-0.86603,0.00000,0.50000,1909.58
quat0,0.49431,0.14382,-0.85709,0.01941,1909.6
quat1,-0.43974,0.78775,-0.26055,-0.34379,1909.6
quat2,0.29828,-0.78824,0.52511,-0.11817,1909.6
quat3,0.34293,-0.77376,0.23042,0.48020,1909.6
quat4,-0.61063,0.41782,-0.01430,-0.67257,1909.6
quat5,0.00000,-0.86603,0.00000,0.50000,1909.6
quat6,0.00000,-0.86603,0.00000,0.50000,1909.6
quat7,0.00000,-0.86603,0.00000,0.50000,1909.6
quat8,0.00000,-0.86603,0.00000,0.50000,1909.6
quat0,0.49309,0.13735,-0.85904,0.00696,1909.62
quat1,-0.43488,0.78526,-0.25871,-0.35683,1909.62
quat2,0.31108,-0.78422,0.52390,-0.11733,1909.62
quat3,0.34570,-0.78094,0.22390,0.46957,1909.62
quat4,-0.61690,0.41342,-0.01826,-0.66947,1909.62
quat5,0.00000,-0.86603,0.00000,0.50000,1909.62
quat6,0.00000,-0.86603,0.00000,0.50000,1909.62
quat7,0.00000,-0.86603,0.00000,0.50000,1909.62
quat8,0.00000,-0.86603,0.00000,0.50000,1909.62
quat0,0.49066,0.13257,-0.86121,0.00032,1909.64
quat1,-0.42633,0.78417,-0.25543,-0.37160,1909.64
quat2,0.32233,-0.77938,0.52353,-0.12074,1909.64
quat3,0.34765,-0.78925,0.21190,0.45970,1909.64
quat4,-0.62447,0.40507,-0.02254,-0.66741,1909.64
quat5,0.00000,-0.86603,0.00000,0.50000,1909.64
quat6,0.00000,-0.86603,0.00000,0.50000,1909.64
quat7,0.00000,-0.86603,0.00000,0.50000,1909.64
quat8,0.00000,-0.86603,0.00000,0.50000,1909.64
quat0,0.49054,0.12079,-0.86286,-0.01623,1909.66
quat1,-0.41747,0.78328,-0.25093,-0.38629,1909.66
quat2,0.33502,-0.77385,0.52372,-0.12097,1909.66
quat3,0.34840,-0.79785,0.19910,0.44991,1909.66
quat4,-0.63561,0.39658,-0.03015,-0.66168,1909.66
quat5,0.00000,-0.86603,0.00000,0.50000,1909.66
quat6,0.00000,-0.86603,0.00000,0.50000,1909.66
quat7,0.00000,-0.86603,0.00000,0.50000,1909.66
quat8,0.00000,-0.86603,0.00000,0.50000,1909.66
quat0,0.49549,0.11053,-0.86105,-0.02959,1909.68
quat1,-0.40688,0.78275,-0.24488,-0.40222,1909.68
quat2,0.34840,-0.76828,0.52276,-0.12282,1909.68
quat3,0.34711,-0.80783,0.18492,0.43901,1909.68
quat4,-0.64741,0.38424,-0.03828,-0.65708,1909.68
quat5,0.00000,-0.86603,0.00000,0.50000,1909.68
quat6,0.00000,-0.86603,0.00000,0.50000,1909.68
quat7,0.00000,-0.86603,0.00000,0.50000,1909.68
quat8,0.00000,-0.86603,0.00000,0.50000,1909.68
quat0,0.49706,0.09915,-0.86053,-0.05087,1909.7
quat1,-0.39471,0.78185,-0.24137,-0.41792,1909.7
quat2,0.36075,-0.76245,0.52265,-0.12395,1909.7
quat3,0.34308,-0.81969,0.17211,0.42519,1909.7
quat4,-0.65915,0.37313,-0.04839,-0.65111,1909.7
quat5,0.00000,-0.86603,0.00000,0.50000,1909.7
quat6,0.00000,-0.86603,0.00000,0.50000,1909.7
quat7,0.00000,-0.86603,0.00000,0.50000,1909.7
quat8,0.00000,-0.86603,0.00000,0.50000,1909.7
quat0,0.49502,0.09517,-0.86163,-0.05916,1909.72
quat1,-0.38096,0.78059,-0.24047,-0.43327,1909.72
quat2,0.37363,-0.75584,0.52262,-0.12637,1909.72
quat3,0.33862,-0.83062,0.15732,0.41310,1909.72
quat4,-0.66803,0.36207,-0.05841,-0.64748,1909.72
quat5,0.00000,-0.86603,0.00000,0.50000,1909.72
quat6,0.00000,-0.86603,0.00000,0.50000,1909.72
quat7,0.00000,-0.86603,0.00000,0.50000,1909.72
quat8,0.00000,-0.86603,0.00000,0.50000,1909.72
quat0,0.49543,0.08328,-0.86128,-0.07620,1909.74
quat1,-0.36578,0.77712,-0.24061,-0.45210,1909.74
quat2,0.38629,-0.74791,0.52351,-0.13172,1909.74
quat3,0.33355,-0.84111,0.13998,0.40210,1909.74
quat4,-0.67640,0.35441,-0.07012,-0.64185,1909.74
quat5,0.00000,-0.86603,0.00000,0.50000,1909.74
quat6,0.00000,-0.86603,0.00000,0.50000,1909.74
quat7,0.00000,-0.86603,0.00000,0.50000,1909.74
quat8,0.00000,-0.86603,0.00000,0.50000,1909.74
quat0,0.49244,0.08408,-0.86233,-0.08261,1909.76
quat1,-0.34955,0.77271,-0.24010,-0.47232,1909.76
quat2,0.39863,-0.74019,0.52377,-0.13740,1909.76
quat3,0.32503,-0.85282,0.12213,0.39004,1909.76
quat4,-0.68326,0.34638,-0.08316,-0.63739,1909.76
quat5,0.00000,-0.86603,0.00000,0.50000,1909.76
quat6,0.00000,-0.86603,0.00000,0.50000,1909.76
quat7,0.00000,-0.86603,0.00000,0.50000,1909.76
quat8,0.00000,-0.86603,0.00000,0.50000,1909.76
quat0,0.48945,0.08030,-0.86323,-0.09392,1909.78
quat1,-0.33173,0.76617,-0.24181,-0.49443,1909.78
quat2,0.41248,-0.73207,0.52282,-0.14350,1909.78
quat3,0.31439,-0.86604,0.10249,0.37500,1909.78
quat4,-0.68981,0.33552,-0.09532,-0.63443,1909.78
quat5,0.00000,-0.86603,0.00000,0.50000,1909.78
quat6,0.00000,-0.86603,0.00000,0.50000,1909.78
quat7,0.00000,-0.86603,0.00000,0.50000,1909.78
quat8,0.00000,-0.86603,0.00000,0.50000,1909.78
quat0,0.48682,0.07875,-0.86393,-0.10214,1909.8
quat1,-0.31168,0.75731,-0.24578,-0.51858,1909.8
quat2,0.42585,-0.72515,0.51975,-0.15055,1909.8
quat3,0.30345,-0.87986,0.08034,0.35679,1909.8
quat4,-0.69403,0.32428,-0.10851,-0.63355,1909.8
quat5,0.00000,-0.86603,0.00000,0.50000,1909.8
quat6,0.00000,-0.86603,0.00000,0.50000,1909.8
quat7,0.00000,-0.86603,0.00000,0.50000,1909.8
quat8,0.00000,-0.86603,0.00000,0.50000,1909.8
quat0,0.48693,0.07440,-0.86347,-0.10852,1909.82
quat1,-0.28545,0.74870,-0.25357,-0.54192,1909.82
quat2,0.43895,-0.71825,0.51617,-0.15812,1909.82
quat3,0.29297,-0.89370,0.05608,0.33516,1909.82
quat4,-0.69749,0.31170,-0.12223,-0.63357,1909.82
quat5,0.00000,-0.86603,0.00000,0.50000,1909.82
quat6,0.00000,-0.86603,0.00000,0.50000,1909.82
quat7,0.00000,-0.86603,0.00000,0.50000,1909.82
quat8,0.00000,-0.86603,0.00000,0.50000,1909.82
quat0,0.48696,0.06767,-0.86267,-0.11868,1909.84
quat1,-0.25612,0.74020,-0.26415,-0.56279,1909.84
quat2,0.45287,-0.71254,0.50995,-0.16479,1909.84
quat3,0.28418,-0.90596,0.02701,0.31266,1909.84
quat4,-0.70064,0.29882,-0.13782,-0.63310,1909.84
quat5,0.00000,-0.86603,0.00000,0.50000,1909.84
quat6,0.00000,-0.86603,0.00000,0.50000,1909.84
quat7,0.00000,-0.86603,0.00000,0.50000,1909.84
quat8,0.00000,-0.86603,0.00000,0.50000,1909.84
quat0,0.48909,0.06328,-0.86044,-0.12814,1909.86
quat1,-0.22314,0.73050,-0.27659,-0.58315,1909.86
quat2,0.46568,-0.70671,0.50434,-0.17130,1909.86
quat3,0.27661,-0.91683,-0.00761,0.28784,1909.86
quat4,-0.70541,0.28312,-0.15241,-0.63167,1909.86
quat5,0.00000,-0.86603,0.00000,0.50000,1909.86
quat6,0.00000,-0.86603,0.00000,0.50000,1909.86
quat7,0.00000,-0.86603,0.00000,0.50000,1909.86
quat8,0.00000,-0.86603,0.00000,0.50000,1909.86
quat0,0.48758,0.05767,-0.85982,-0.14018,1909.88
quat1,-0.18575,0.72042,-0.28845,-0.60274,1909.88
quat2,0.47983,-0.70267,0.49595,-0.17335,1909.88
quat3,0.26783,-0.92498,-0.04653,0.26553,1909.88
quat4,-0.70968,0.26960,-0.17002,-0.62830,1909.88
quat5,0.00000,-0.86603,0.00000,0.50000,1909.88
quat6,0.00000,-0.86603,0.00000,0.50000,1909.88
quat7,0.00000,-0.86603,0.00000,0.50000,1909.88
quat8,0.00000,-0.86603,0.00000,0.50000,1909.88
quat0,0.48614,0.05810,-0.85954,-0.14659,1909.9
quat1,-0.14589,0.70661,-0.29966,-0.62420,1909.9
quat2,0.49395,-0.69807,0.48870,-0.17290,1909.9
quat3,0.25723,-0.93206,-0.08664,0.23997,1909.9
quat4,-0.71412,0.25803,-0.18868,-0.62278,1909.9
quat5,0.00000,-0.86603,0.00000,0.50000,1909.9
quat6,0.00000,-0.86603,0.00000,0.50000,1909.9
quat7,0.00000,-0.86603,0.00000,0.50000,1909.9
quat8,0.00000,-0.86603,0.00000,0.50000,1909.9
quat0,0.48620,0.05741,-0.85926,-0.14829,1909.92
quat1,-0.10371,0.69112,-0.30782,-0.64563,1909.92
quat2,0.50808,-0.69375,0.48224,-0.16736,1909.92
quat3,0.24371,-0.93765,-0.12869,0.21181,1909.92
quat4,-0.71919,0.25111,-0.20570,-0.61433,1909.92
quat5,0.00000,-0.86603,0.00000,0.50000,1909.92
quat6,0.00000,-0.86603,0.00000,0.50000,1909.92
quat7,0.00000,-0.86603,0.00000,0.50000,1909.92
quat8,0.00000,-0.86603,0.00000,0.50000,1909.92
quat0,0.48822,0.05061,-0.85698,-0.15704,1909.94
quat1,-0.05814,0.67083,-0.31420,-0.66924,1909.94
quat2,0.52232,-0.68777,0.47905,-0.15706,1909.94
quat3,0.22691,-0.94171,-0.17106,0.18007,1909.94
quat4,-0.72743,0.24811,-0.21786,-0.60152,1909.94
quat5,0.00000,-0.86603,0.00000,0.50000,1909.94
quat6,0.00000,-0.86603,0.00000,0.50000,1909.94
quat7,0.00000,-0.86603,0.00000,0.50000,1909.94
quat8,0.00000,-0.86603,0.00000,0.50000,1909.94
quat0,0.49765,0.04625,-0.85230,-0.15423,1909.96
quat1,-0.00933,0.64648,-0.31548,-0.69459,1909.96
quat2,0.53221,-0.68280,0.47961,-0.14325,1909.96
quat3,0.20332,-0.94505,-0.21068,0.14547,1909.96
quat4,-0.73711,0.24954,-0.22311,-0.58704,1909.96
quat5,0.00000,-0.86603,0.00000,0.50000,1909.96
quat6,0.00000,-0.86603,0.00000,0.50000,1909.96
quat7,0.00000,-0.86603,0.00000,0.50000,1909.96
quat8,0.00000,-0.86603,0.00000,0.50000,1909.96
quat0,0.49136,0.03681,-0.85471,-0.16331,1909.98
quat1,0.03668,0.61967,-0.31038,-0.71995,1909.98
quat2,0.53628,-0.68212,0.48119,-0.12475,1909.98
quat3,0.17543,-0.94736,-0.24541,0.10724,1909.98
quat4,-0.74678,0.25466,-0.22103,-0.57324,1909.98
quat5,0.00000,-0.86603,0.00000,0.50000,1909.98
quat6,0.00000,-0.86603,0.00000,0.50000,1909.98
quat7,0.00000,-0.86603,0.00000,0.50000,1909.98
quat8,0.00000,-0.86603,0.00000,0.50000,1909.98
quat0,0.48875,0.02773,-0.85590,-0.16673,1910
quat1,0.07621,0.59733,-0.30198,-0.73906,1910
quat2,0.53634,-0.68568,0.48154,-0.10150,1910
quat3,0.14857,-0.94748,-0.27494,0.06789,1910
quat4,-0.75630,0.26335,-0.21642,-0.55841,1910
quat5,0.00000,-0.86603,0.00000,0.50000,1910
quat6,0.00000,-0.86603,0.00000,0.50000,1910
quat7,0.00000,-0.86603,0.00000,0.50000,1910
quat8,0.00000,-0.86603,0.00000,0.50000,1910
quat0,0.47948,0.02395,-0.85858,-0.17989,1910.02
quat1,0.10490,0.58425,-0.29063,-0.75045,1910.02
quat2,0.53442,-0.69045,0.48116,-0.07849,1910.02
quat3,0.12399,-0.94768,-0.29060,0.04553,1910.02
quat4,-0.76540,0.27148,-0.21278,-0.54331,1910.02
quat5,0.00000,-0.86603,0.00000,0.50000,1910.02
quat6,0.00000,-0.86603,0.00000,0.50000,1910.02
quat7,0.00000,-0.86603,0.00000,0.50000,1910.02
quat8,0.00000,-0.86603,0.00000,0.50000,1910.02
quat0,0.49302,0.02997,-0.85180,-0.17454,1910.04
quat1,0.11678,0.58018,-0.27703,-0.75697,1910.04
quat2,0.53406,-0.69247,0.48128,-0.06017,1910.04
quat3,0.10866,-0.94982,-0.29082,0.03813,1910.04
quat4,-0.77503,0.27398,-0.21043,-0.52914,1910.04
quat5,0.00000,-0.86603,0.00000,0.50000,1910.04
quat6,0.00000,-0.86603,0.00000,0.50000,1910.04
quat7,0.00000,-0.86603,0.00000,0.50000,1910.04
quat8,0.00000,-0.86603,0.00000,0.50000,1910.04
quat0,0.49522,0.03757,-0.85381,-0.15608,1910.06
quat1,0.11540,0.58329,-0.26502,-0.75909,1910.06
quat2,0.53530,-0.68984,0.48498,-0.04863,1910.06
quat3,0.10346,-0.95345,-0.28015,0.04180,1910.06
quat4,-0.78382,0.27178,-0.21139,-0.51680,1910.06
quat5,0.00000,-0.86603,0.00000,0.50000,1910.06
quat6,0.00000,-0.86603,0.00000,0.50000,1910.06
quat7,0.00000,-0.86603,0.00000,0.50000,1910.06
quat8,0.00000,-0.86603,0.00000,0.50000,1910.06
quat0,0.49174,0.03122,-0.85434,-0.16529,1910.08
quat1,0.10319,0.59284,-0.25537,-0.75675,1910.08
quat2,0.53995,-0.68166,0.49182,-0.04378,1910.08
quat3,0.10778,-0.95763,-0.26180,0.05279,1910.08
quat4,-0.79227,0.26293,-0.21485,-0.50696,1910.08
quat5,0.00000,-0.86603,0.00000,0.50000,1910.08
quat6,0.00000,-0.86603,0.00000,0.50000,1910.08
quat7,0.00000,-0.86603,0.00000,0.50000,1910.08
quat8,0.00000,-0.86603,0.00000,0.50000,1910.08
quat0,0.49125,0.02781,-0.85209,-0.17843,1910.1
quat1,0.08634,0.60582,-0.24866,-0.75080,1910.1
quat2,0.54555,-0.67219,0.49864,-0.04361,1910.1
quat3,0.11878,-0.96038,-0.24282,0.06787,1910.1
quat4,-0.79836,0.25133,-0.21749,-0.50214,1910.1
quat5,0.00000,-0.86603,0.00000,0.50000,1910.1
quat6,0.00000,-0.86603,0.00000,0.50000,1910.1
quat7,0.00000,-0.86603,0.00000,0.50000,1910.1
quat8,0.00000,-0.86603,0.00000,0.50000,1910.1
quat0,0.49158,0.03560,-0.85281,-0.17262,1910.12
quat1,0.06527,0.62055,-0.24403,-0.74236,1910.12
quat2,0.55007,-0.66182,0.50712,-0.04733,1910.12
quat3,0.13326,-0.96182,-0.22328,0.08538,1910.12
quat4,-0.80280,0.23882,-0.22044,-0.49988,1910.12
quat5,0.00000,-0.86603,0.00000,0.50000,1910.12
quat6,0.00000,-0.86603,0.00000,0.50000,1910.12
quat7,0.00000,-0.86603,0.00000,0.50000,1910.12
quat8,0.00000,-0.86603,0.00000,0.50000,1910.12
quat0,0.49524,0.05046,-0.85296,-0.15701,1910.14
quat1,0.04329,0.63660,-0.24089,-0.73133,1910.14
quat2,0.55437,-0.65141,0.51538,-0.05217,1910.14
quat3,0.14829,-0.96168,-0.20477,0.10612,1910.14
quat4,-0.80514,0.22787,-0.22292,-0.50013,1910.14
quat5,0.00000,-0.86603,0.00000,0.50000,1910.14
quat6,0.00000,-0.86603,0.00000,0.50000,1910.14
quat7,0.00000,-0.86603,0.00000,0.50000,1910.14
quat8,0.00000,-0.86603,0.00000,0.50000,1910.14
quat0,0.49279,0.05927,-0.85541,-0.14806,1910.16
quat1,0.01903,0.65279,-0.23803,-0.71892,1910.16
quat2,0.55791,-0.63996,0.52526,-0.05740,1910.16
quat3,0.16149,-0.96045,-0.18466,0.13178,1910.16
quat4,-0.80760,0.21709,-0.22490,-0.50008,1910.16
quat5,0.00000,-0.86603,0.00000,0.50000,1910.16
quat6,0.00000,-0.86603,0.00000,0.50000,1910.16
quat7,0.00000,-0.86603,0.00000,0.50000,1910.16
quat8,0.00000,-0.86603,0.00000,0.50000,1910.16
quat0,0.49623,0.06088,-0.85305,-0.14950,1910.18
quat1,-0.00678,0.66777,-0.23402,-0.70659,1910.18
quat2,0.55892,-0.63087,0.53461,-0.06165,1910.18
quat3,0.17397,-0.95773,-0.16488,0.15908,1910.18
quat4,-0.80915,0.20718,-0.22473,-0.50184,1910.18
quat5,0.00000,-0.86603,0.00000,0.50000,1910.18
quat6,0.00000,-0.86603,0.00000,0.50000,1910.18
quat7,0.00000,-0.86603,0.00000,0.50000,1910.18
quat8,0.00000,-0.86603,0.00000,0.50000,1910.18
quat0,0.49778,0.06577,-0.85288,-0.14315,1910.2
quat1,-0.03463,0.67993,-0.23229,-0.69465,1910.2
quat2,0.55946,-0.62238,0.54351,-0.06513,1910.2
quat3,0.18855,-0.95411,-0.14449,0.18235,1910.2
quat4,-0.81067,0.19773,-0.22374,-0.50365,1910.2
quat5,0.00000,-0.86603,0.00000,0.50000,1910.2
quat6,0.00000,-0.86603,0.00000,0.50000,1910.2
quat7,0.00000,-0.86603,0.00000,0.50000,1910.2
quat8,0.00000,-0.86603,0.00000,0.50000,1910.2
quat0,0.49911,0.07176,-0.85285,-0.13561,1910.22
quat1,-0.05887,0.68909,-0.23295,-0.68368,1910.22
quat2,0.55882,-0.61595,0.55107,-0.06818,1910.22
quat3,0.20318,-0.95028,-0.12524,0.20001,1910.22
quat4,-0.81087,0.18993,-0.22292,-0.50668,1910.22
quat5,0.00000,-0.86603,0.00000,0.50000,1910.22
quat6,0.00000,-0.86603,0.00000,0.50000,1910.22
quat7,0.00000,-0.86603,0.00000,0.50000,1910.22
quat8,0.00000,-0.86603,0.00000,0.50000,1910.22
quat0,0.50134,0.07395,-0.85240,-0.12886,1910.24
quat1,-0.08270,0.69448,-0.23555,-0.67481,1910.24
quat2,0.55769,-0.60875,0.55964,-0.07219,1910.24
quat3,0.21841,-0.94678,-0.10624,0.21125,1910.24
quat4,-0.81081,0.18279,-0.22200,-0.50980,1910.24
quat5,0.00000,-0.86603,0.00000,0.50000,1910.24
quat6,0.00000,-0.86603,0.00000,0.50000,1910.24
quat7,0.00000,-0.86603,0.00000,0.50000,1910.24
quat8,0.00000,-0.86603,0.00000,0.50000,1910.24
quat0,0.50438,0.08082,-0.85189,-0.11556,1910.26
quat1,-0.10429,0.69898,-0.23900,-0.66591,1910.26
quat2,0.55570,-0.60375,0.56646,-0.07621,1910.26
quat3,0.23224,-0.94329,-0.09017,0.21941,1910.26
quat4,-0.80913,0.17724,-0.22136,-0.51469,1910.26
quat5,0.00000,-0.86603,0.00000,0.50000,1910.26
quat6,0.00000,-0.86603,0.00000,0.50000,1910.26
quat7,0.00000,-0.86603,0.00000,0.50000,1910.26
quat8,0.00000,-0.86603,0.00000,0.50000,1910.26
quat0,0.50566,0.08374,-0.85147,-0.11085,1910.28
quat1,-0.12497,0.70277,-0.24327,-0.65675,1910.28
quat2,0.55310,-0.59834,0.57396,-0.08151,1910.28
quat3,0.24746,-0.93882,-0.07575,0.22724,1910.28
quat4,-0.80837,0.16974,-0.21912,-0.51934,1910.28
quat5,0.00000,-0.86603,0.00000,0.50000,1910.28
quat6,0.00000,-0.86603,0.00000,0.50000,1910.28
quat7,0.00000,-0.86603,0.00000,0.50000,1910.28
quat8,0.00000,-0.86603,0.00000,0.50000,1910.28
quat0,0.50736,0.09154,-0.85172,-0.09374,1910.3
quat1,-0.14363,0.70696,-0.24826,-0.64649,1910.3
quat2,0.54971,-0.59507,0.57975,-0.08719,1910.3
quat3,0.26282,-0.93349,-0.06456,0.23526,1910.3
quat4,-0.80651,0.16312,-0.21696,-0.52522,1910.3
quat5,0.00000,-0.86603,0.00000,0.50000,1910.3
quat6,0.00000,-0.86603,0.00000,0.50000,1910.3
quat7,0.00000,-0.86603,0.00000,0.50000,1910.3
quat8,0.00000,-0.86603,0.00000,0.50000,1910.3
quat0,0.51182,0.09624,-0.84912,-0.08818,1910.32
quat1,-0.16206,0.71139,-0.25492,-0.63457,1910.32
quat2,0.54658,-0.59186,0.58492,-0.09391,1910.32
quat3,0.27947,-0.92721,-0.05462,0.24331,1910.32
quat4,-0.80474,0.15583,-0.21454,-0.53112,1910.32
quat5,0.00000,-0.86603,0.00000,0.50000,1910.32
quat6,0.00000,-0.86603,0.00000,0.50000,1910.32
quat7,0.00000,-0.86603,0.00000,0.50000,1910.32
quat8,0.00000,-0.86603,0.00000,0.50000,1910.32
quat0,0.51270,0.10684,-0.84912,-0.06874,1910.34
quat1,-0.17659,0.71478,-0.26389,-0.62311,1910.34
quat2,0.54175,-0.59064,0.58937,-0.10149,1910.34
quat3,0.29420,-0.92045,-0.04703,0.25301,1910.34
quat4,-0.80152,0.15007,-0.21088,-0.53905,1910.34
quat5,0.00000,-0.86603,0.00000,0.50000,1910.34
quat6,0.00000,-0.86603,0.00000,0.50000,1910.34
quat7,0.00000,-0.86603,0.00000,0.50000,1910.34
quat8,0.00000,-0.86603,0.00000,0.50000,1910.34
quat0,0.51590,0.11174,-0.84735,-0.05799,1910.36
quat1,-0.19063,0.71699,-0.27354,-0.61218,1910.36
quat2,0.53698,-0.58960,0.59344,-0.10892,1910.36
quat3,0.30869,-0.91311,-0.04113,0.26315,1910.36
quat4,-0.79773,0.14600,-0.20897,-0.54648,1910.36
quat5,0.00000,-0.86603,0.00000,0.50000,1910.36
quat6,0.00000,-0.86603,0.00000,0.50000,1910.36
quat7,0.00000,-0.86603,0.00000,0.50000,1910.36
quat8,0.00000,-0.86603,0.00000,0.50000,1910.36
quat0,0.51671,0.12152,-0.84667,-0.03735,1910.38
quat1,-0.20101,0.72030,-0.28293,-0.60060,1910.38
quat2,0.53076,-0.59014,0.59692,-0.11715,1910.38
quat3,0.32172,-0.90563,-0.03666,0.27385,1910.38
quat4,-0.79276,0.14399,-0.20726,-0.55484,1910.38
quat5,0.00000,-0.86603,0.00000,0.50000,1910.38
quat6,0.00000,-0.86603,0.00000,0.50000,1910.38
quat7,0.00000,-0.86603,0.00000,0.50000,1910.38
quat8,0.00000,-0.86603,0.00000,0.50000,1910.38
quat0,0.52382,0.12496,-0.84227,-0.02402,1910.4
quat1,-0.21088,0.72295,-0.29211,-0.58952,1910.4
quat2,0.52387,-0.59119,0.60025,-0.12556,1910.4
quat3,0.33487,-0.89766,-0.03337,0.28452,1910.4
quat4,-0.78797,0.14138,-0.20278,-0.56391,1910.4
quat5,0.00000,-0.86603,0.00000,0.50000,1910.4
quat6,0.00000,-0.86603,0.00000,0.50000,1910.4
quat7,0.00000,-0.86603,0.00000,0.50000,1910.4
quat8,0.00000,-0.86603,0.00000,0.50000,1910.4
quat0,0.52508,0.13080,-0.84082,-0.01428,1910.42
quat1,-0.21864,0.72494,-0.30116,-0.57962,1910.42
quat2,0.51407,-0.59495,0.60306,-0.13446,1910.42
quat3,0.34611,-0.88958,-0.03078,0.29650,1910.42
quat4,-0.78206,0.13929,-0.19534,-0.57518,1910.42
quat5,0.00000,-0.86603,0.00000,0.50000,1910.42
quat6,0.00000,-0.86603,0.00000,0.50000,1910.42
quat7,0.00000,-0.86603,0.00000,0.50000,1910.42
quat8,0.00000,-0.86603,0.00000,0.50000,1910.42
quat0,0.52781,0.13657,-0.83831,0.00058,1910.44
quat1,-0.22642,0.72742,-0.30982,-0.56886,1910.44
quat2,0.50371,-0.59963,0.60528,-0.14270,1910.44
quat3,0.35627,-0.88173,-0.02862,0.30791,1910.44
quat4,-0.77608,0.13852,-0.18720,-0.58607,1910.44
quat5,0.00000,-0.86603,0.00000,0.50000,1910.44
quat6,0.00000,-0.86603,0.00000,0.50000,1910.44
quat7,0.00000,-0.86603,0.00000,0.50000,1910.44
quat8,0.00000,-0.86603,0.00000,0.50000,1910.44
quat0,0.53152,0.14647,-0.83412,0.01638,1910.46
quat1,-0.23315,0.73184,-0.31673,-0.55654,1910.46
quat2,0.49364,-0.60716,0.60431,-0.14999,1910.46
quat3,0.36443,-0.87499,-0.02816,0.31747,1910.46
quat4,-0.76852,0.14087,-0.18144,-0.59718,1910.46
quat5,0.00000,-0.86603,0.00000,0.50000,1910.46
quat6,0.00000,-0.86603,0.00000,0.50000,1910.46
quat7,0.00000,-0.86603,0.00000,0.50000,1910.46
quat8,0.00000,-0.86603,0.00000,0.50000,1910.46
quat0,0.52609,0.15576,-0.83548,0.03066,1910.48
quat1,-0.24026,0.73657,-0.32171,-0.54428,1910.48
quat2,0.48334,-0.61504,0.60294,-0.15675,1910.48
quat3,0.37112,-0.86798,-0.02830,0.32876,1910.48
quat4,-0.76100,0.14380,-0.17552,-0.60777,1910.48
quat5,0.00000,-0.86603,0.00000,0.50000,1910.48
quat6,0.00000,-0.86603,0.00000,0.50000,1910.48
quat7,0.00000,-0.86603,0.00000,0.50000,1910.48
quat8,0.00000,-0.86603,0.00000,0.50000,1910.48
quat0,0.52719,0.16218,-0.83318,0.03962,1910.5
quat1,-0.24537,0.74238,-0.32604,-0.53137,1910.5
quat2,0.47226,-0.62502,0.59977,-0.16308,1910.5
quat3,0.37658,-0.86045,-0.03005,0.34192,1910.5
quat4,-0.75253,0.14791,-0.16834,-0.61926,1910.5
quat5,0.00000,-0.86603,0.00000,0.50000,1910.5
quat6,0.00000,-0.86603,0.00000,0.50000,1910.5
quat7,0.00000,-0.86603,0.00000,0.50000,1910.5
quat8,0.00000,-0.86603,0.00000,0.50000,1910.5
quat0,0.52022,0.17201,-0.83498,0.05087,1910.52
quat1,-0.24948,0.74866,-0.32862,-0.51892,1910.52
quat2,0.46121,-0.63574,0.59565,-0.16827,1910.52
quat3,0.38146,-0.85348,-0.03165,0.35364,1910.52
quat4,-0.74407,0.15263,-0.16058,-0.63031,1910.52
quat5,0.00000,-0.86603,0.00000,0.50000,1910.52
quat6,0.00000,-0.86603,0.00000,0.50000,1910.52
quat7,0.00000,-0.86603,0.00000,0.50000,1910.52
quat8,0.00000,-0.86603,0.00000,0.50000,1910.52
quat0,0.51511,0.18510,-0.83441,0.06454,1910.54
quat1,-0.25252,0.75550,-0.32883,-0.50727,1910.54
quat2,0.44908,-0.64878,0.58929,-0.17366,1910.54
quat3,0.38320,-0.84834,-0.03283,0.36387,1910.54
quat4,-0.73413,0.15986,-0.15370,-0.64177,1910.54
quat5,0.00000,-0.86603,0.00000,0.50000,1910.54
quat6,0.00000,-0.86603,0.00000,0.50000,1910.54
quat7,0.00000,-0.86603,0.00000,0.50000,1910.54
quat8,0.00000,-0.86603,0.00000,0.50000,1910.54
quat0,0.51319,0.19647,-0.83186,0.07776,1910.56
quat1,-0.25307,0.76174,-0.32931,-0.49725,1910.56
quat2,0.43634,-0.66193,0.58266,-0.17878,1910.56
quat3,0.38262,-0.84403,-0.03353,0.37428,1910.56
quat4,-0.72534,0.16693,-0.14576,-0.65174,1910.56
quat5,0.00000,-0.86603,0.00000,0.50000,1910.56
quat6,0.00000,-0.86603,0.00000,0.50000,1910.56
quat7,0.00000,-0.86603,0.00000,0.50000,1910.56
quat8,0.00000,-0.86603,0.00000,0.50000,1910.56
quat0,0.50857,0.20849,-0.83073,0.08818,1910.58
quat1,-0.25255,0.76803,-0.32734,-0.48909,1910.58
quat2,0.42317,-0.67650,0.57409,-0.18354,1910.58
quat3,0.37959,-0.84066,-0.03572,0.38461,1910.58
quat4,-0.71747,0.17445,-0.13601,-0.66053,1910.58
quat5,0.00000,-0.86603,0.00000,0.50000,1910.58
quat6,0.00000,-0.86603,0.00000,0.50000,1910.58
quat7,0.00000,-0.86603,0.00000,0.50000,1910.58
quat8,0.00000,-0.86603,0.00000,0.50000,1910.58
quat0,0.50889,0.22000,-0.82565,0.10458,1910.6
quat1,-0.25268,0.77382,-0.32317,-0.48261,1910.6
quat2,0.40972,-0.69022,0.56583,-0.18856,1910.6
quat3,0.37419,-0.83857,-0.03736,0.39419,1910.6
quat4,-0.71237,0.18310,-0.12690,-0.66551,1910.6
quat5,0.00000,-0.86603,0.00000,0.50000,1910.6
quat6,0.00000,-0.86603,0.00000,0.50000,1910.6
quat7,0.00000,-0.86603,0.00000,0.50000,1910.6
quat8,0.00000,-0.86603,0.00000,0.50000,1910.6
quat0,0.50742,0.23128,-0.82131,0.12036,1910.62
quat1,-0.25140,0.77914,-0.31741,-0.47853,1910.62
quat2,0.39571,-0.70505,0.55572,-0.19363,1910.62
quat3,0.36679,-0.83723,-0.03695,0.40390,1910.62
quat4,-0.70695,0.19609,-0.12270,-0.66837,1910.62
quat5,0.00000,-0.86603,0.00000,0.50000,1910.62
quat6,0.00000,-0.86603,0.00000,0.50000,1910.62
quat7,0.00000,-0.86603,0.00000,0.50000,1910.62
quat8,0.00000,-0.86603,0.00000,0.50000,1910.62
quat0,0.51072,0.23503,-0.81697,0.12842,1910.64
quat1,-0.25184,0.78415,-0.31006,-0.47492,1910.64
quat2,0.38104,-0.71869,0.54629,-0.19962,1910.64
quat3,0.35945,-0.83608,-0.03263,0.41317,1910.64
quat4,-0.70146,0.21068,-0.11922,-0.67034,1910.64
quat5,0.00000,-0.86603,0.00000,0.50000,1910.64
quat6,0.00000,-0.86603,0.00000,0.50000,1910.64
quat7,0.00000,-0.86603,0.00000,0.50000,1910.64
quat8,0.00000,-0.86603,0.00000,0.50000,1910.64
quat0,0.50944,0.23947,-0.81445,0.14068,1910.66
quat1,-0.25148,0.78977,-0.30249,-0.47066,1910.66
quat2,0.36481,-0.73215,0.53720,-0.20563,1910.66
quat3,0.35245,-0.83464,-0.02654,0.42244,1910.66
quat4,-0.69563,0.22359,-0.11205,-0.67346,1910.66
quat5,0.00000,-0.86603,0.00000,0.50000,1910.66
quat6,0.00000,-0.86603,0.00000,0.50000,1910.66
quat7,0.00000,-0.86603,0.00000,0.50000,1910.66
quat8,0.00000,-0.86603,0.00000,0.50000,1910.66
quat0,0.50908,0.24392,-0.81157,0.15062,1910.68
quat1,-0.25140,0.79692,-0.29495,-0.46337,1910.68
quat2,0.35085,-0.74439,0.52798,-0.20982,1910.68
quat3,0.34661,-0.83273,-0.02050,0.43127,1910.68
quat4,-0.69008,0.23500,-0.10180,-0.67690,1910.68
quat5,0.00000,-0.86603,0.00000,0.50000,1910.68
quat6,0.00000,-0.86603,0.00000,0.50000,1910.68
quat7,0.00000,-0.86603,0.00000,0.50000,1910.68
quat8,0.00000,-0.86603,0.00000,0.50000,1910.68
quat0,0.50906,0.24995,-0.80722,0.16362,1910.7
quat1,-0.25120,0.80405,-0.28676,-0.45626,1910.7
quat2,0.33802,-0.75650,0.51812,-0.21215,1910.7
quat3,0.34078,-0.82961,-0.01663,0.44197,1910.7
quat4,-0.68335,0.24715,-0.09161,-0.68085,1910.7
quat5,0.00000,-0.86603,0.00000,0.50000,1910.7
quat6,0.00000,-0.86603,0.00000,0.50000,1910.7
quat7,0.00000,-0.86603,0.00000,0.50000,1910.7
quat8,0.00000,-0.86603,0.00000,0.50000,1910.7
quat0,0.50656,0.25343,-0.80568,0.17333,1910.72
quat1,-0.25358,0.80910,-0.27673,-0.45219,1910.72
quat2,0.32467,-0.76708,0.51041,-0.21368,1910.72
quat3,0.33641,-0.82437,-0.01436,0.45502,1910.72
quat4,-0.67667,0.25811,-0.07992,-0.68491,1910.72
quat5,0.00000,-0.86603,0.00000,0.50000,1910.72
quat6,0.00000,-0.86603,0.00000,0.50000,1910.72
quat7,0.00000,-0.86603,0.00000,0.50000,1910.72
quat8,0.00000,-0.86603,0.00000,0.50000,1910.72
quat0,0.50811,0.25691,-0.79966,0.19069,1910.74
quat1,-0.25494,0.81527,-0.26630,-0.44657,1910.74
quat2,0.31081,-0.77596,0.50443,-0.21642,1910.74
quat3,0.33191,-0.81852,-0.01264,0.46872,1910.74
quat4,-0.66966,0.26906,-0.06853,-0.68881,1910.74
quat5,0.00000,-0.86603,0.00000,0.50000,1910.74
quat6,0.00000,-0.86603,0.00000,0.50000,1910.74
quat7,0.00000,-0.86603,0.00000,0.50000,1910.74
quat8,0.00000,-0.86603,0.00000,0.50000,1910.74
quat0,0.50597,0.26111,-0.79727,0.20045,1910.76
quat1,-0.25681,0.82190,-0.25796,-0.43816,1910.76
quat2,0.29913,-0.78404,0.49878,-0.21684,1910.76
quat3,0.32658,-0.81352,-0.00895,0.48109,1910.76
quat4,-0.66300,0.28169,-0.05995,-0.69101,1910.76
quat5,0.00000,-0.86603,0.00000,0.50000,1910.76
quat6,0.00000,-0.86603,0.00000,0.50000,1910.76
quat7,0.00000,-0.86603,0.00000,0.50000,1910.76
quat8,0.00000,-0.86603,0.00000,0.50000,1910.76
quat0,0.50469,0.26922,-0.79210,0.21305,1910.78
quat1,-0.25845,0.82865,-0.25085,-0.42851,1910.78
quat2,0.29030,-0.79270,0.49135,-0.21431,1910.78
quat3,0.32065,-0.80832,-0.00402,0.49374,1910.78
quat4,-0.65595,0.29517,-0.05252,-0.69271,1910.78
quat5,0.00000,-0.86603,0.00000,0.50000,1910.78
quat6,0.00000,-0.86603,0.00000,0.50000,1910.78
quat7,0.00000,-0.86603,0.00000,0.50000,1910.78
quat8,0.00000,-0.86603,0.00000,0.50000,1910.78
quat0,0.50543,0.27083,-0.78935,0.21935,1910.8
quat1,-0.26177,0.83405,-0.24418,-0.41979,1910.8
quat2,0.28101,-0.80104,0.48495,-0.21023,1910.8
quat3,0.31544,-0.80180,0.00121,0.50756,1910.8
quat4,-0.64938,0.30918,-0.04457,-0.69335,1910.8
quat5,0.00000,-0.86603,0.00000,0.50000,1910.8
quat6,0.00000,-0.86603,0.00000,0.50000,1910.8
quat7,0.00000,-0.86603,0.00000,0.50000,1910.8
quat8,0.00000,-0.86603,0.00000,0.50000,1910.8
quat0,0.50526,0.27336,-0.78517,0.23128,1910.82
quat1,-0.26588,0.83916,-0.23769,-0.41064,1910.82
quat2,0.26866,-0.80832,0.48105,-0.20747,1910.82
quat3,0.31090,-0.79469,0.00740,0.52130,1910.82
quat4,-0.64256,0.32677,-0.03987,-0.69191,1910.82
quat5,0.00000,-0.86603,0.00000,0.50000,1910.82
quat6,0.00000,-0.86603,0.00000,0.50000,1910.82
quat7,0.00000,-0.86603,0.00000,0.50000,1910.82
quat8,0.00000,-0.86603,0.00000,0.50000,1910.82
quat0,0.50405,0.27204,-0.78418,0.23872,1910.84
quat1,-0.26998,0.84437,-0.23259,-0.40007,1910.84
quat2,0.25725,-0.81439,0.47790,-0.20543,1910.84
quat3,0.30718,-0.78868,0.01498,0.53235,1910.84
quat4,-0.63587,0.34616,-0.03809,-0.68877,1910.84
quat5,0.00000,-0.86603,0.00000,0.50000,1910.84
quat6,0.00000,-0.86603,0.00000,0.50000,1910.84
quat7,0.00000,-0.86603,0.00000,0.50000,1910.84
quat8,0.00000,-0.86603,0.00000,0.50000,1910.84
quat0,0.50354,0.26956,-0.78364,0.24434,1910.86
quat1,-0.27258,0.84990,-0.22927,-0.38834,1910.86
quat2,0.24640,-0.81989,0.47460,-0.20451,1910.86
quat3,0.30349,-0.78316,0.02238,0.54227,1910.86
quat4,-0.62793,0.36251,-0.03386,-0.68785,1910.86
quat5,0.00000,-0.86603,0.00000,0.50000,1910.86
quat6,0.00000,-0.86603,0.00000,0.50000,1910.86
quat7,0.00000,-0.86603,0.00000,0.50000,1910.86
quat8,0.00000,-0.86603,0.00000,0.50000,1910.86
quat0,0.50433,0.26704,-0.78255,0.24890,1910.88
quat1,-0.27459,0.85499,-0.22897,-0.37572,1910.88
quat2,0.23411,-0.82263,0.47475,-0.20757,1910.88
quat3,0.30124,-0.77735,0.02927,0.55148,1910.88
quat4,-0.62004,0.37304,-0.02583,-0.68972,1910.88
quat5,0.00000,-0.86603,0.00000,0.50000,1910.88
quat6,0.00000,-0.86603,0.00000,0.50000,1910.88
quat7,0.00000,-0.86603,0.00000,0.50000,1910.88
quat8,0.00000,-0.86603,0.00000,0.50000,1910.88
quat0,0.50524,0.26658,-0.77991,0.25575,1910.9
quat1,-0.27653,0.85941,-0.23022,-0.36325,1910.9
quat2,0.22049,-0.82237,0.47905,-0.21355,1910.9
quat3,0.30018,-0.77226,0.03432,0.55887,1910.9
quat4,-0.61296,0.37950,-0.01711,-0.69279,1910.9
quat5,0.00000,-0.86603,0.00000,0.50000,1910.9
quat6,0.00000,-0.86603,0.00000,0.50000,1910.9
quat7,0.00000,-0.86603,0.00000,0.50000,1910.9
quat8,0.00000,-0.86603,0.00000,0.50000,1910.9
quat0,0.50391,0.26353,-0.78183,0.25568,1910.92
quat1,-0.27865,0.86266,-0.23328,-0.35178,1910.92
quat2,0.20911,-0.82136,0.48427,-0.21708,1910.92
quat3,0.30082,-0.76811,0.03754,0.56400,1910.92
quat4,-0.60746,0.38366,-0.00908,-0.69550,1910.92
quat5,0.00000,-0.86603,0.00000,0.50000,1910.92
quat6,0.00000,-0.86603,0.00000,0.50000,1910.92
quat7,0.00000,-0.86603,0.00000,0.50000,1910.92
quat8,0.00000,-0.86603,0.00000,0.50000,1910.92
quat0,0.50119,0.26168,-0.78309,0.25905,1910.94
quat1,-0.28155,0.86465,-0.23615,-0.34255,1910.94
quat2,0.20308,-0.82175,0.48756,-0.21396,1910.94
quat3,0.30221,-0.76535,0.04104,0.56677,1910.94
quat4,-0.60341,0.38880,-0.00500,-0.69620,1910.94
quat5,0.00000,-0.86603,0.00000,0.50000,1910.94
quat6,0.00000,-0.86603,0.00000,0.50000,1910.94
quat7,0.00000,-0.86603,0.00000,0.50000,1910.94
quat8,0.00000,-0.86603,0.00000,0.50000,1910.94
quat0,0.49969,0.26053,-0.78408,0.26011,1910.96
quat1,-0.28520,0.86575,-0.23785,-0.33551,1910.96
quat2,0.20163,-0.82300,0.48965,-0.20556,1910.96
quat3,0.30295,-0.76364,0.04453,0.56841,1910.96
quat4,-0.60114,0.39251,-0.00278,-0.69610,1910.96
quat5,0.00000,-0.86603,0.00000,0.50000,1910.96
quat6,0.00000,-0.86603,0.00000,0.50000,1910.96
quat7,0.00000,-0.86603,0.00000,0.50000,1910.96
quat8,0.00000,-0.86603,0.00000,0.50000,1910.96
quat0,0.49755,0.25736,-0.78699,0.25857,1910.98
quat1,-0.28899,0.86631,-0.23870,-0.33016,1910.98
quat2,0.20334,-0.82400,0.49158,-0.19499,1910.98
quat3,0.30394,-0.76327,0.04831,0.56807,1910.98
quat4,-0.59991,0.39421,-0.00253,-0.69621,1910.98
quat5,0.00000,-0.86603,0.00000,0.50000,1910.98
quat6,0.00000,-0.86603,0.00000,0.50000,1910.98
quat7,0.00000,-0.86603,0.00000,0.50000,1910.98
quat8,0.00000,-0.86603,0.00000,0.50000,1910.98
quat0,0.49673,0.25357,-0.78961,0.25591,1911
quat1,-0.29277,0.86615,-0.24002,-0.32628,1911
quat2,0.20584,-0.82505,0.49219,-0.18620,1911
quat3,0.30493,-0.76324,0.05154,0.56730,1911
quat4,-0.59781,0.39283,-0.00030,-0.69879,1911
quat5,0.00000,-0.86603,0.00000,0.50000,1911
quat6,0.00000,-0.86603,0.00000,0.50000,1911
quat7,0.00000,-0.86603,0.00000,0.50000,1911
quat8,0.00000,-0.86603,0.00000,0.50000,1911
quat0,0.49518,0.25168,-0.79214,0.25293,1911.02
quat1,-0.29685,0.86566,-0.24173,-0.32262,1911.02
quat2,0.20521,-0.82422,0.49535,-0.18215,1911.02
quat3,0.30778,-0.76240,0.05393,0.56666,1911.02
quat4,-0.59675,0.38677,0.00695,-0.70303,1911.02
quat5,0.00000,-0.86603,0.00000,0.50000,1911.02
quat6,0.00000,-0.86603,0.00000,0.50000,1911.02
quat7,0.00000,-0.86603,0.00000,0.50000,1911.02
quat8,0.00000,-0.86603,0.00000,0.50000,1911.02
quat0,0.49617,0.24730,-0.79517,0.24569,1911.04
quat1,-0.30024,0.86529,-0.24300,-0.31950,1911.04
quat2,0.20302,-0.82235,0.50005,-0.18020,1911.04
quat3,0.31012,-0.76197,0.05633,0.56574,1911.04
quat4,-0.59640,0.38329,0.01092,-0.70518,1911.04
quat5,0.00000,-0.86603,0.00000,0.50000,1911.04
quat6,0.00000,-0.86603,0.00000,0.50000,1911.04
quat7,0.00000,-0.86603,0.00000,0.50000,1911.04
quat8,0.00000,-0.86603,0.00000,0.50000,1911.04
quat0,0.49808,0.24334,-0.79641,0.24174,1911.06
quat1,-0.30493,0.86414,-0.24308,-0.31809,1911.06
quat2,0.20382,-0.82097,0.50369,-0.17540,1911.06
quat3,0.31211,-0.76226,0.06108,0.56375,1911.06
quat4,-0.59872,0.38067,0.01201,-0.70461,1911.06
quat5,0.00000,-0.86603,0.00000,0.50000,1911.06
quat6,0.00000,-0.86603,0.00000,0.50000,1911.06
quat7,0.00000,-0.86603,0.00000,0.50000,1911.06
quat8,0.00000,-0.86603,0.00000,0.50000,1911.06
quat0,0.49959,0.24033,-0.79814,0.23584,1911.08
quat1,-0.30943,0.86304,-0.24193,-0.31762,1911.08
quat2,0.20840,-0.82061,0.50457,-0.16905,1911.08
quat3,0.31351,-0.76316,0.06714,0.56107,1911.08
quat4,-0.60104,0.37935,0.01157,-0.70336,1911.08
quat5,0.00000,-0.86603,0.00000,0.50000,1911.08
quat6,0.00000,-0.86603,0.00000,0.50000,1911.08
quat7,0.00000,-0.86603,0.00000,0.50000,1911.08
quat8,0.00000,-0.86603,0.00000,0.50000,1911.08
quat0,0.50195,0.23333,-0.80191,0.22480,1911.1
quat1,-0.31445,0.86173,-0.24167,-0.31646,1911.1
quat2,0.21506,-0.82027,0.50493,-0.16111,1911.1
quat3,0.31589,-0.76403,0.07425,0.55764,1911.1
quat4,-0.60377,0.37854,0.01114,-0.70146,1911.1
quat5,0.00000,-0.86603,0.00000,0.50000,1911.1
quat6,0.00000,-0.86603,0.00000,0.50000,1911.1
quat7,0.00000,-0.86603,0.00000,0.50000,1911.1
quat8,0.00000,-0.86603,0.00000,0.50000,1911.1
quat0,0.50252,0.23042,-0.80426,0.21806,1911.12
quat1,-0.31941,0.86006,-0.24167,-0.31602,1911.12
quat2,0.22052,-0.82028,0.50424,-0.15575,1911.12
quat3,0.31801,-0.76532,0.08084,0.55374,1911.12
quat4,-0.60550,0.38006,0.00866,-0.69918,1911.12
quat5,0.00000,-0.86603,0.00000,0.50000,1911.12
quat6,0.00000,-0.86603,0.00000,0.50000,1911.12
quat7,0.00000,-0.86603,0.00000,0.50000,1911.12
quat8,0.00000,-0.86603,0.00000,0.50000,1911.12
quat0,0.50520,0.22194,-0.80881,0.20331,1911.14
quat1,-0.32570,0.85747,-0.24273,-0.31581,1911.14
quat2,0.22358,-0.82014,0.50385,-0.15333,1911.14
quat3,0.32032,-0.76672,0.08817,0.54933,1911.14
quat4,-0.60636,0.38175,0.00674,-0.69753,1911.14
quat5,0.00000,-0.86603,0.00000,0.50000,1911.14
quat6,0.00000,-0.86603,0.00000,0.50000,1911.14
quat7,0.00000,-0.86603,0.00000,0.50000,1911.14
quat8,0.00000,-0.86603,0.00000,0.50000,1911.14
quat0,0.50601,0.21754,-0.81198,0.19320,1911.16
quat1,-0.33081,0.85516,-0.24413,-0.31571,1911.16
quat2,0.22414,-0.82010,0.50337,-0.15435,1911.16
quat3,0.32154,-0.76897,0.09589,0.54414,1911.16
quat4,-0.60535,0.38175,0.00822,-0.69839,1911.16
quat5,0.00000,-0.86603,0.00000,0.50000,1911.16
quat6,0.00000,-0.86603,0.00000,0.50000,1911.16
quat7,0.00000,-0.86603,0.00000,0.50000,1911.16
quat8,0.00000,-0.86603,0.00000,0.50000,1911.16
quat0,0.50750,0.21026,-0.81648,0.17774,1911.18
quat1,-0.33591,0.85253,-0.24675,-0.31538,1911.18
quat2,0.22485,-0.81950,0.50345,-0.15621,1911.18
quat3,0.32277,-0.77189,0.10389,0.53778,1911.18
quat4,-0.60427,0.38096,0.01016,-0.69973,1911.18
quat5,0.00000,-0.86603,0.00000,0.50000,1911.18
quat6,0.00000,-0.86603,0.00000,0.50000,1911.18
quat7,0.00000,-0.86603,0.00000,0.50000,1911.18
quat8,0.00000,-0.86603,0.00000,0.50000,1911.18
quat0,0.51044,0.20544,-0.81793,0.16804,1911.2
quat1,-0.33896,0.85069,-0.24882,-0.31548,1911.2
quat2,0.22732,-0.81981,0.50182,-0.15627,1911.2
quat3,0.32247,-0.77559,0.11043,0.53130,1911.2
quat4,-0.60163,0.38193,0.01029,-0.70147,1911.2
quat5,0.00000,-0.86603,0.00000,0.50000,1911.2
quat6,0.00000,-0.86603,0.00000,0.50000,1911.2
quat7,0.00000,-0.86603,0.00000,0.50000,1911.2
quat8,0.00000,-0.86603,0.00000,0.50000,1911.2
quat0,0.51150,0.19660,-0.82312,0.14897,1911.22
quat1,-0.34204,0.84862,-0.25023,-0.31661,1911.22
quat2,0.23377,-0.81874,0.50106,-0.15481,1911.22
quat3,0.32254,-0.77887,0.11702,0.52501,1911.22
quat4,-0.59898,0.38398,0.00947,-0.70263,1911.22
quat5,0.00000,-0.86603,0.00000,0.50000,1911.22
quat6,0.00000,-0.86603,0.00000,0.50000,1911.22
quat7,0.00000,-0.86603,0.00000,0.50000,1911.22
quat8,0.00000,-0.86603,0.00000,0.50000,1911.22
quat0,0.50685,0.19396,-0.82826,0.13955,1911.24
quat1,-0.34321,0.84711,-0.24912,-0.32022,1911.24
quat2,0.24394,-0.81834,0.49766,-0.15215,1911.24
quat3,0.32032,-0.78207,0.12393,0.52000,1911.24
quat4,-0.59433,0.38835,0.00692,-0.70421,1911.24
quat5,0.00000,-0.86603,0.00000,0.50000,1911.24
quat6,0.00000,-0.86603,0.00000,0.50000,1911.24
quat7,0.00000,-0.86603,0.00000,0.50000,1911.24
quat8,0.00000,-0.86603,0.00000,0.50000,1911.24
quat0,0.50215,0.18496,-0.83613,0.12049,1911.26
quat1,-0.34551,0.84528,-0.24604,-0.32495,1911.26
quat2,0.25719,-0.81752,0.49426,-0.14568,1911.26
quat3,0.31789,-0.78435,0.13223,0.51600,1911.26
quat4,-0.59034,0.39429,0.00351,-0.70429,1911.26
quat5,0.00000,-0.86603,0.00000,0.50000,1911.26
quat6,0.00000,-0.86603,0.00000,0.50000,1911.26
quat7,0.00000,-0.86603,0.00000,0.50000,1911.26
quat8,0.00000,-0.86603,0.00000,0.50000,1911.26
quat0,0.49763,0.18431,-0.83957,0.11624,1911.28
quat1,-0.34839,0.84439,-0.23913,-0.32931,1911.28
quat2,0.27462,-0.81406,0.49395,-0.13379,1911.28
quat3,0.31441,-0.78569,0.14111,0.51373,1911.28
quat4,-0.59162,0.40123,-0.00204,-0.69928,1911.28
quat5,0.00000,-0.86603,0.00000,0.50000,1911.28
quat6,0.00000,-0.86603,0.00000,0.50000,1911.28
quat7,0.00000,-0.86603,0.00000,0.50000,1911.28
quat8,0.00000,-0.86603,0.00000,0.50000,1911.28
quat0,0.50013,0.18404,-0.83985,0.10316,1911.3
quat1,-0.35924,0.83957,-0.22888,-0.33718,1911.3
quat2,0.29790,-0.80911,0.49401,-0.11203,1911.3
quat3,0.30990,-0.78762,0.15895,0.50829,1911.3
quat4,-0.59846,0.41123,-0.01317,-0.68743,1911.3
quat5,0.00000,-0.86603,0.00000,0.50000,1911.3
quat6,0.00000,-0.86603,0.00000,0.50000,1911.3
quat7,0.00000,-0.86603,0.00000,0.50000,1911.3
quat8,0.00000,-0.86603,0.00000,0.50000,1911.3
quat0,0.50208,0.18925,-0.83776,0.10126,1911.32
quat1,-0.37879,0.82731,-0.21246,-0.35630,1911.32
quat2,0.31983,-0.80453,0.49198,-0.09163,1911.32
quat3,0.30509,-0.79036,0.18202,0.49912,1911.32
quat4,-0.60497,0.41608,-0.01944,-0.67862,1911.32
quat5,0.00000,-0.86603,0.00000,0.50000,1911.32
quat6,0.00000,-0.86603,0.00000,0.50000,1911.32
quat7,0.00000,-0.86603,0.00000,0.50000,1911.32
quat8,0.00000,-0.86603,0.00000,0.50000,1911.32
quat0,0.50165,0.17361,-0.84337,0.08325,1911.34
quat1,-0.39692,0.81390,-0.20082,-0.37375,1911.34
quat2,0.33018,-0.79711,0.49822,-0.08588,1911.34
quat3,0.30933,-0.78769,0.20044,0.49364,1911.34
quat4,-0.61069,0.41406,-0.01692,-0.67479,1911.34
quat5,0.00000,-0.86603,0.00000,0.50000,1911.34
quat6,0.00000,-0.86603,0.00000,0.50000,1911.34
quat7,0.00000,-0.86603,0.00000,0.50000,1911.34
quat8,0.00000,-0.86603,0.00000,0.50000,1911.34
quat0,0.49834,0.16670,-0.84745,0.07544,1911.36
quat1,-0.40296,0.80938,-0.20513,-0.37477,1911.36
quat2,0.33539,-0.79010,0.50535,-0.08874,1911.36
quat3,0.31889,-0.78201,0.20928,0.49292,1911.36
quat4,-0.61582,0.41607,-0.01728,-0.66884,1911.36
quat5,0.00000,-0.86603,0.00000,0.50000,1911.36
quat6,0.00000,-0.86603,0.00000,0.50000,1911.36
quat7,0.00000,-0.86603,0.00000,0.50000,1911.36
quat8,0.00000,-0.86603,0.00000,0.50000,1911.36
quat0,0.49766,0.15812,-0.85060,0.06171,1911.38
quat1,-0.40575,0.80926,-0.21711,-0.36515,1911.38
quat2,0.33682,-0.78599,0.51051,-0.09028,1911.38
quat3,0.32946,-0.77625,0.21404,0.49303,1911.38
quat4,-0.62230,0.41765,-0.01795,-0.66181,1911.38
quat5,0.00000,-0.86603,0.00000,0.50000,1911.38
quat6,0.00000,-0.86603,0.00000,0.50000,1911.38
quat7,0.00000,-0.86603,0.00000,0.50000,1911.38
quat8,0.00000,-0.86603,0.00000,0.50000,1911.38
quat0,0.49982,0.15345,-0.85024,0.06103,1911.4
quat1,-0.40983,0.80707,-0.22309,-0.36180,1911.4
quat2,0.33517,-0.78365,0.51453,-0.09390,1911.4
quat3,0.33742,-0.77257,0.21797,0.49171,1911.4
quat4,-0.62759,0.41048,-0.01374,-0.66140,1911.4
quat5,0.00000,-0.86603,0.00000,0.50000,1911.4
quat6,0.00000,-0.86603,0.00000,0.50000,1911.4
quat7,0.00000,-0.86603,0.00000,0.50000,1911.4
quat8,0.00000,-0.86603,0.00000,0.50000,1911.4
quat0,0.49776,0.14658,-0.85317,0.05330,1911.42
quat1,-0.41378,0.80346,-0.22619,-0.36341,1911.42
quat2,0.33503,-0.78118,0.51781,-0.09685,1911.42
quat3,0.34405,-0.77137,0.22046,0.48787,1911.42
quat4,-0.63240,0.40464,-0.01090,-0.66047,1911.42
quat5,0.00000,-0.86603,0.00000,0.50000,1911.42
quat6,0.00000,-0.86603,0.00000,0.50000,1911.42
quat7,0.00000,-0.86603,0.00000,0.50000,1911.42
quat8,0.00000,-0.86603,0.00000,0.50000,1911.42
quat0,0.49629,0.14779,-0.85386,0.05261,1911.44
quat1,-0.41398,0.80149,-0.23053,-0.36482,1911.44
quat2,0.33868,-0.77859,0.51899,-0.09865,1911.44
quat3,0.34565,-0.77376,0.22591,0.48040,1911.44
quat4,-0.63410,0.40552,-0.01160,-0.65828,1911.44
quat5,0.00000,-0.86603,0.00000,0.50000,1911.44
quat6,0.00000,-0.86603,0.00000,0.50000,1911.44
quat7,0.00000,-0.86603,0.00000,0.50000,1911.44
quat8,0.00000,-0.86603,0.00000,0.50000,1911.44
quat0,0.49644,0.14242,-0.85536,0.04040,1911.46
quat1,-0.41048,0.80043,-0.23707,-0.36689,1911.46
quat2,0.34149,-0.77332,0.52345,-0.10660,1911.46
quat3,0.34530,-0.77956,0.23071,0.46885,1911.46
quat4,-0.63419,0.40699,-0.01242,-0.65727,1911.46
quat5,0.00000,-0.86603,0.00000,0.50000,1911.46
quat6,0.00000,-0.86603,0.00000,0.50000,1911.46
quat7,0.00000,-0.86603,0.00000,0.50000,1911.46
quat8,0.00000,-0.86603,0.00000,0.50000,1911.46
quat0,0.49469,0.14339,-0.85647,0.03440,1911.48
quat1,-0.40491,0.79948,-0.24223,-0.37176,1911.48
quat2,0.34292,-0.76886,0.52690,-0.11675,1911.48
quat3,0.34282,-0.78868,0.22983,0.45567,1911.48
quat4,-0.63233,0.40991,-0.01620,-0.65717,1911.48
quat5,0.00000,-0.86603,0.00000,0.50000,1911.48
quat6,0.00000,-0.86603,0.00000,0.50000,1911.48
quat7,0.00000,-0.86603,0.00000,0.50000,1911.48
quat8,0.00000,-0.86603,0.00000,0.50000,1911.48
quat0,0.49314,0.13921,-0.85839,0.02461,1911.5
quat1,-0.39790,0.79687,-0.24892,-0.38042,1911.5
quat2,0.34580,-0.76387,0.52965,-0.12809,1911.5
quat3,0.34204,-0.80032,0.21803,0.44154,1911.5
quat4,-0.63145,0.41172,-0.02194,-0.65672,1911.5
quat5,0.00000,-0.86603,0.00000,0.50000,1911.5
quat6,0.00000,-0.86603,0.00000,0.50000,1911.5
quat7,0.00000,-0.86603,0.00000,0.50000,1911.5
quat8,0.00000,-0.86603,0.00000,0.50000,1911.5
quat0,0.49083,0.13613,-0.86042,0.01498,1911.52
quat1,-0.38594,0.79442,-0.25662,-0.39255,1911.52
quat2,0.34847,-0.75948,0.53043,-0.14282,1911.52
quat3,0.33816,-0.80841,0.19974,0.43844,1911.52
quat4,-0.63154,0.41385,-0.03267,-0.65484,1911.52
quat5,0.00000,-0.86603,0.00000,0.50000,1911.52
quat6,0.00000,-0.86603,0.00000,0.50000,1911.52
quat7,0.00000,-0.86603,0.00000,0.50000,1911.52
quat8,0.00000,-0.86603,0.00000,0.50000,1911.52
quat0,0.49029,0.12905,-0.86195,0.00267,1911.54
quat1,-0.37554,0.79033,-0.26512,-0.40505,1911.54
quat2,0.35230,-0.75312,0.53268,-0.15797,1911.54
quat3,0.33279,-0.81738,0.18275,0.43330,1911.54
quat4,-0.63434,0.41342,-0.04567,-0.65162,1911.54
quat5,0.00000,-0.86603,0.00000,0.50000,1911.54
quat6,0.00000,-0.86603,0.00000,0.50000,1911.54
quat7,0.00000,-0.86603,0.00000,0.50000,1911.54
quat8,0.00000,-0.86603,0.00000,0.50000,1911.54
quat0,0.48900,0.12164,-0.86372,-0.00796,1911.56
quat1,-0.36427,0.78663,-0.27390,-0.41653,1911.56
quat2,0.35760,-0.74570,0.53506,-0.17253,1911.56
quat3,0.32286,-0.82905,0.16734,0.42477,1911.56
quat4,-0.63939,0.41178,-0.06182,-0.64638,1911.56
quat5,0.00000,-0.86603,0.00000,0.50000,1911.56
quat6,0.00000,-0.86603,0.00000,0.50000,1911.56
quat7,0.00000,-0.86603,0.00000,0.50000,1911.56
quat8,0.00000,-0.86603,0.00000,0.50000,1911.56
quat0,0.48775,0.11223,-0.86535,-0.02605,1911.58
quat1,-0.35229,0.78102,-0.28440,-0.43013,1911.58
quat2,0.36613,-0.73735,0.53712,-0.18378,1911.58
quat3,0.31446,-0.83915,0.15002,0.41766,1911.58
quat4,-0.64795,0.40482,-0.07698,-0.64058,1911.58
quat5,0.00000,-0.86603,0.00000,0.50000,1911.58
quat6,0.00000,-0.86603,0.00000,0.50000,1911.58
quat7,0.00000,-0.86603,0.00000,0.50000,1911.58
quat8,0.00000,-0.86603,0.00000,0.50000,1911.58
quat0,0.49050,0.10482,-0.86430,-0.03764,1911.6
quat1,-0.33987,0.77554,-0.29080,-0.44548,1911.6
quat2,0.37498,-0.72948,0.53795,-0.19459,1911.6
quat3,0.30782,-0.84861,0.13039,0.41002,1911.6
quat4,-0.65939,0.39369,-0.09016,-0.63410,1911.6
quat5,0.00000,-0.86603,0.00000,0.50000,1911.6
quat6,0.00000,-0.86603,0.00000,0.50000,1911.6
quat7,0.00000,-0.86603,0.00000,0.50000,1911.6
quat8,0.00000,-0.86603,0.00000,0.50000,1911.6
quat0,0.49472,0.09314,-0.86241,-0.05315,1911.62
quat1,-0.32776,0.76838,-0.29599,-0.46320,1911.62
quat2,0.38681,-0.72264,0.53651,-0.20083,1911.62
quat3,0.30165,-0.85871,0.11273,0.39865,1911.62
quat4,-0.67397,0.37936,-0.10256,-0.62557,1911.62
quat5,0.00000,-0.86603,0.00000,0.50000,1911.62
quat6,0.00000,-0.86603,0.00000,0.50000,1911.62
quat7,0.00000,-0.86603,0.00000,0.50000,1911.62
quat8,0.00000,-0.86603,0.00000,0.50000,1911.62
quat0,0.49517,0.08787,-0.86207,-0.06262,1911.64
quat1,-0.31416,0.76023,-0.29986,-0.48315,1911.64
quat2,0.40085,-0.71629,0.53259,-0.20638,1911.64
quat3,0.29458,-0.87047,0.09588,0.38250,1911.64
quat4,-0.68839,0.36057,-0.11200,-0.61932,1911.64
quat5,0.00000,-0.86603,0.00000,0.50000,1911.64
quat6,0.00000,-0.86603,0.00000,0.50000,1911.64
quat7,0.00000,-0.86603,0.00000,0.50000,1911.64
quat8,0.00000,-0.86603,0.00000,0.50000,1911.64
quat0,0.49972,0.08038,-0.85895,-0.07766,1911.66
quat1,-0.29872,0.75082,-0.30279,-0.50533,1911.66
quat2,0.41602,-0.71022,0.52741,-0.21061,1911.66
quat3,0.28941,-0.88319,0.07793,0.36075,1911.66
quat4,-0.70171,0.34166,-0.12084,-0.61341,1911.66
quat5,0.00000,-0.86603,0.00000,0.50000,1911.66
quat6,0.00000,-0.86603,0.00000,0.50000,1911.66
quat7,0.00000,-0.86603,0.00000,0.50000,1911.66
quat8,0.00000,-0.86603,0.00000,0.50000,1911.66
quat0,0.50088,0.07808,-0.85749,-0.08797,1911.68
quat1,-0.28084,0.74083,-0.30711,-0.52724,1911.68
quat2,0.43184,-0.70526,0.51977,-0.21439,1911.68
quat3,0.28407,-0.89647,0.05792,0.33509,1911.68
quat4,-0.71148,0.32174,-0.12939,-0.61117,1911.68
quat5,0.00000,-0.86603,0.00000,0.50000,1911.68
quat6,0.00000,-0.86603,0.00000,0.50000,1911.68
quat7,0.00000,-0.86603,0.00000,0.50000,1911.68
quat8,0.00000,-0.86603,0.00000,0.50000,1911.68
quat0,0.50038,0.07469,-0.85747,-0.09376,1911.7
quat1,-0.26040,0.73115,-0.31105,-0.54850,1911.7
quat2,0.44595,-0.69959,0.51360,-0.21890,1911.7
quat3,0.27855,-0.90779,0.03291,0.31183,1911.7
quat4,-0.71943,0.30229,-0.13769,-0.60999,1911.7
quat5,0.00000,-0.86603,0.00000,0.50000,1911.7
quat6,0.00000,-0.86603,0.00000,0.50000,1911.7
quat7,0.00000,-0.86603,0.00000,0.50000,1911.7
quat8,0.00000,-0.86603,0.00000,0.50000,1911.7
quat0,0.50246,0.07066,-0.85627,-0.09667,1911.72
quat1,-0.23448,0.72295,-0.31751,-0.56706,1911.72
quat2,0.46138,-0.69631,0.50347,-0.22090,1911.72
quat3,0.27370,-0.91679,0.00048,0.29085,1911.72
quat4,-0.72368,0.28680,-0.15057,-0.60940,1911.72
quat5,0.00000,-0.86603,0.00000,0.50000,1911.72
quat6,0.00000,-0.86603,0.00000,0.50000,1911.72
quat7,0.00000,-0.86603,0.00000,0.50000,1911.72
quat8,0.00000,-0.86603,0.00000,0.50000,1911.72
quat0,0.50295,0.06679,-0.85586,-0.10043,1911.74
quat1,-0.20437,0.71648,-0.32468,-0.58265,1911.74
quat2,0.47513,-0.69199,0.49590,-0.22247,1911.74
quat3,0.26601,-0.92502,-0.03500,0.26897,1911.74
quat4,-0.72613,0.27265,-0.16492,-0.60926,1911.74
quat5,0.00000,-0.86603,0.00000,0.50000,1911.74
quat6,0.00000,-0.86603,0.00000,0.50000,1911.74
quat7,0.00000,-0.86603,0.00000,0.50000,1911.74
quat8,0.00000,-0.86603,0.00000,0.50000,1911.74
quat0,0.50329,0.06348,-0.85532,-0.10529,1911.76
quat1,-0.16735,0.71142,-0.33191,-0.59642,1911.76
quat2,0.49000,-0.68883,0.48707,-0.21951,1911.76
quat3,0.25581,-0.93222,-0.07298,0.24534,1911.76
quat4,-0.72647,0.26349,-0.18376,-0.60749,1911.76
quat5,0.00000,-0.86603,0.00000,0.50000,1911.76
quat6,0.00000,-0.86603,0.00000,0.50000,1911.76
quat7,0.00000,-0.86603,0.00000,0.50000,1911.76
quat8,0.00000,-0.86603,0.00000,0.50000,1911.76
quat0,0.50253,0.06317,-0.85558,-0.10703,1911.78
quat1,-0.12659,0.70468,-0.33589,-0.61203,1911.78
quat2,0.50451,-0.68626,0.47850,-0.21345,1911.78
quat3,0.24299,-0.93798,-0.11160,0.22066,1911.78
quat4,-0.72739,0.25659,-0.20255,-0.60336,1911.78
quat5,0.00000,-0.86603,0.00000,0.50000,1911.78
quat6,0.00000,-0.86603,0.00000,0.50000,1911.78
quat7,0.00000,-0.86603,0.00000,0.50000,1911.78
quat8,0.00000,-0.86603,0.00000,0.50000,1911.78
quat0,0.50666,0.05579,-0.85304,-0.11186,1911.8
quat1,-0.08270,0.69673,-0.33644,-0.62812,1911.8
quat2,0.51882,-0.68558,0.46890,-0.20234,1911.8
quat3,0.22658,-0.94156,-0.15108,0.19824,1911.8
quat4,-0.72970,0.25390,-0.21953,-0.59572,1911.8
quat5,0.00000,-0.86603,0.00000,0.50000,1911.8
quat6,0.00000,-0.86603,0.00000,0.50000,1911.8
quat7,0.00000,-0.86603,0.00000,0.50000,1911.8
quat8,0.00000,-0.86603,0.00000,0.50000,1911.8
quat0,0.50536,0.05851,-0.85415,-0.10781,1911.82
quat1,-0.03527,0.68519,-0.33351,-0.64656,1911.82
quat2,0.53094,-0.68458,0.46303,-0.18724,1911.82
quat3,0.20779,-0.94384,-0.19034,0.17254,1911.82
quat4,-0.73565,0.25385,-0.23202,-0.58357,1911.82
quat5,0.00000,-0.86603,0.00000,0.50000,1911.82
quat6,0.00000,-0.86603,0.00000,0.50000,1911.82
quat7,0.00000,-0.86603,0.00000,0.50000,1911.82
quat8,0.00000,-0.86603,0.00000,0.50000,1911.82
quat0,0.50402,0.04986,-0.85530,-0.10927,1911.84
quat1,0.01021,0.66906,-0.32231,-0.66960,1911.84
quat2,0.53685,-0.68773,0.45983,-0.16545,1911.84
quat3,0.18752,-0.94548,-0.22625,0.14037,1911.84
quat4,-0.74220,0.25570,-0.23460,-0.57335,1911.84
quat5,0.00000,-0.86603,0.00000,0.50000,1911.84
quat6,0.00000,-0.86603,0.00000,0.50000,1911.84
quat7,0.00000,-0.86603,0.00000,0.50000,1911.84
quat8,0.00000,-0.86603,0.00000,0.50000,1911.84
quat0,0.50227,0.04158,-0.85542,-0.11934,1911.86
quat1,0.04782,0.65096,-0.30346,-0.69418,1911.86
quat2,0.54053,-0.69305,0.45761,-0.13456,1911.86
quat3,0.17078,-0.94518,-0.25906,0.10175,1911.86
quat4,-0.74830,0.25668,-0.23485,-0.56481,1911.86
quat5,0.00000,-0.86603,0.00000,0.50000,1911.86
quat6,0.00000,-0.86603,0.00000,0.50000,1911.86
quat7,0.00000,-0.86603,0.00000,0.50000,1911.86
quat8,0.00000,-0.86603,0.00000,0.50000,1911.86
quat0,0.49867,0.04066,-0.85752,-0.11969,1911.88
quat1,0.07328,0.63458,-0.27344,-0.71914,1911.88
quat2,0.54163,-0.69698,0.45982,-0.09704,1911.88
quat3,0.16060,-0.94321,-0.28159,0.07255,1911.88
quat4,-0.75581,0.25434,-0.23246,-0.55680,1911.88
quat5,0.00000,-0.86603,0.00000,0.50000,1911.88
quat6,0.00000,-0.86603,0.00000,0.50000,1911.88
quat7,0.00000,-0.86603,0.00000,0.50000,1911.88
quat8,0.00000,-0.86603,0.00000,0.50000,1911.88
quat0,0.50174,0.04615,-0.85635,-0.11314,1911.9
quat1,0.08524,0.62216,-0.23932,-0.74053,1911.9
quat2,0.54148,-0.69629,0.46721,-0.06076,1911.9
quat3,0.15375,-0.94239,-0.28979,0.06549,1911.9
quat4,-0.76383,0.24991,-0.23212,-0.54793,1911.9
quat5,0.00000,-0.86603,0.00000,0.50000,1911.9
quat6,0.00000,-0.86603,0.00000,0.50000,1911.9
quat7,0.00000,-0.86603,0.00000,0.50000,1911.9
quat8,0.00000,-0.86603,0.00000,0.50000,1911.9
quat0,0.50561,0.04646,-0.85310,-0.12011,1911.92
quat1,0.08669,0.62017,-0.20835,-0.75131,1911.92
quat2,0.54638,-0.68879,0.47544,-0.03159,1911.92
quat3,0.15430,-0.94363,-0.28419,0.07059,1911.92
quat4,-0.77285,0.24136,-0.23386,-0.53829,1911.92
quat5,0.00000,-0.86603,0.00000,0.50000,1911.92
quat6,0.00000,-0.86603,0.00000,0.50000,1911.92
quat7,0.00000,-0.86603,0.00000,0.50000,1911.92
quat8,0.00000,-0.86603,0.00000,0.50000,1911.92
quat0,0.50508,0.05525,-0.85299,-0.11935,1911.94
quat1,0.07853,0.63511,-0.18184,-0.74660,1911.94
quat2,0.55650,-0.67650,0.48220,-0.01143,1911.94
quat3,0.16082,-0.94611,-0.26924,0.08081,1911.94
quat4,-0.78200,0.23120,-0.23721,-0.52797,1911.94
quat5,0.00000,-0.86603,0.00000,0.50000,1911.94
quat6,0.00000,-0.86603,0.00000,0.50000,1911.94
quat7,0.00000,-0.86603,0.00000,0.50000,1911.94
quat8,0.00000,-0.86603,0.00000,0.50000,1911.94
quat0,0.50596,0.06359,-0.85097,-0.12576,1911.96
quat1,0.06152,0.65751,-0.16293,-0.73304,1911.96
quat2,0.56641,-0.66260,0.49002,-0.00413,1911.96
quat3,0.17049,-0.94908,-0.24827,0.09247,1911.96
quat4,-0.79119,0.21799,-0.23931,-0.51887,1911.96
quat5,0.00000,-0.86603,0.00000,0.50000,1911.96
quat6,0.00000,-0.86603,0.00000,0.50000,1911.96
quat7,0.00000,-0.86603,0.00000,0.50000,1911.96
quat8,0.00000,-0.86603,0.00000,0.50000,1911.96
quat0,0.50763,0.07250,-0.84930,-0.12548,1911.98
quat1,0.04086,0.67904,-0.15463,-0.71647,1911.98
quat2,0.57264,-0.65235,0.49648,-0.00570,1911.98
quat3,0.18148,-0.95091,-0.22701,0.10635,1911.98
quat4,-0.79820,0.20513,-0.23848,-0.51373,1911.98
quat5,0.00000,-0.86603,0.00000,0.50000,1911.98
quat6,0.00000,-0.86603,0.00000,0.50000,1911.98
quat7,0.00000,-0.86603,0.00000,0.50000,1911.98
quat8,0.00000,-0.86603,0.00000,0.50000,1911.98
quat0,0.50762,0.07670,-0.84784,-0.13269,1912
quat1,0.01786,0.69695,-0.15589,-0.69974,1912
quat2,0.57569,-0.64336,0.50450,-0.01189,1912
quat3,0.19376,-0.95176,-0.20427,0.12203,1912
quat4,-0.80426,0.19276,-0.23584,-0.51028,1912
quat5,0.00000,-0.86603,0.00000,0.50000,1912
quat6,0.00000,-0.86603,0.00000,0.50000,1912
quat7,0.00000,-0.86603,0.00000,0.50000,1912
quat8,0.00000,-0.86603,0.00000,0.50000,1912
quat0,0.51158,0.08430,-0.84556,-0.12732,1912.02
quat1,-0.00665,0.71135,-0.16045,-0.68425,1912.02
quat2,0.57695,-0.63622,0.51187,-0.01855,1912.02
quat3,0.20544,-0.95137,-0.18104,0.14111,1912.02
quat4,-0.80800,0.18341,-0.23358,-0.50886,1912.02
quat5,0.00000,-0.86603,0.00000,0.50000,1912.02
quat6,0.00000,-0.86603,0.00000,0.50000,1912.02
quat7,0.00000,-0.86603,0.00000,0.50000,1912.02
quat8,0.00000,-0.86603,0.00000,0.50000,1912.02
quat0,0.51333,0.08864,-0.84481,-0.12215,1912.04
quat1,-0.03386,0.72254,-0.16517,-0.67046,1912.04
quat2,0.57729,-0.62903,0.52009,-0.02369,1912.04
quat3,0.21787,-0.94951,-0.15761,0.16165,1912.04
quat4,-0.81088,0.17511,-0.23180,-0.50802,1912.04
quat5,0.00000,-0.86603,0.00000,0.50000,1912.04
quat6,0.00000,-0.86603,0.00000,0.50000,1912.04
quat7,0.00000,-0.86603,0.00000,0.50000,1912.04
quat8,0.00000,-0.86603,0.00000,0.50000,1912.04
quat0,0.51566,0.08962,-0.84416,-0.11605,1912.06
quat1,-0.06196,0.73180,-0.16987,-0.65710,1912.06
quat2,0.57691,-0.62343,0.52703,-0.02748,1912.06
quat3,0.23020,-0.94633,-0.13681,0.18094,1912.06
quat4,-0.81202,0.16816,-0.22927,-0.50969,1912.06
quat5,0.00000,-0.86603,0.00000,0.50000,1912.06
quat6,0.00000,-0.86603,0.00000,0.50000,1912.06
quat7,0.00000,-0.86603,0.00000,0.50000,1912.06
quat8,0.00000,-0.86603,0.00000,0.50000,1912.06
quat0,0.51953,0.09624,-0.84255,-0.10456,1912.08
quat1,-0.08860,0.73860,-0.17489,-0.64501,1912.08
quat2,0.57531,-0.61767,0.53528,-0.03137,1912.08
quat3,0.24390,-0.94240,-0.11867,0.19573,1912.08
quat4,-0.81213,0.16174,-0.22761,-0.51232,1912.08
quat5,0.00000,-0.86603,0.00000,0.50000,1912.08
quat6,0.00000,-0.86603,0.00000,0.50000,1912.08
quat7,0.00000,-0.86603,0.00000,0.50000,1912.08
quat8,0.00000,-0.86603,0.00000,0.50000,1912.08
quat0,0.52190,0.10283,-0.84162,-0.09339,1912.1
quat1,-0.11249,0.74392,-0.17987,-0.63370,1912.1
quat2,0.57227,-0.61437,0.54212,-0.03423,1912.1
quat3,0.25647,-0.93805,-0.10493,0.20803,1912.1
quat4,-0.81010,0.15725,-0.22637,-0.51745,1912.1
quat5,0.00000,-0.86603,0.00000,0.50000,1912.1
quat6,0.00000,-0.86603,0.00000,0.50000,1912.1
quat7,0.00000,-0.86603,0.00000,0.50000,1912.1
quat8,0.00000,-0.86603,0.00000,0.50000,1912.1
quat0,0.52351,0.10485,-0.84103,-0.08728,1912.12
quat1,-0.13490,0.74949,-0.18444,-0.62133,1912.12
quat2,0.56927,-0.61004,0.54991,-0.03723,1912.12
quat3,0.26956,-0.93318,-0.09304,0.21877,1912.12
quat4,-0.80786,0.15193,-0.22397,-0.52356,1912.12
quat5,0.00000,-0.86603,0.00000,0.50000,1912.12
quat6,0.00000,-0.86603,0.00000,0.50000,1912.12
quat7,0.00000,-0.86603,0.00000,0.50000,1912.12
quat8,0.00000,-0.86603,0.00000,0.50000,1912.12
quat0,0.52632,0.11270,-0.83977,-0.07124,1912.14
quat1,-0.15499,0.75612,-0.18833,-0.60728,1912.14
quat2,0.56572,-0.60669,0.55709,-0.03921,1912.14
quat3,0.28209,-0.92725,-0.08346,0.23165,1912.14
quat4,-0.80447,0.14816,-0.21967,-0.53162,1912.14
quat5,0.00000,-0.86603,0.00000,0.50000,1912.14
quat6,0.00000,-0.86603,0.00000,0.50000,1912.14
quat7,0.00000,-0.86603,0.00000,0.50000,1912.14
quat8,0.00000,-0.86603,0.00000,0.50000,1912.14
quat0,0.52624,0.11356,-0.84012,-0.06610,1912.16
quat1,-0.17468,0.76208,-0.19413,-0.59248,1912.16
quat2,0.56122,-0.60202,0.56652,-0.04074,1912.16
quat3,0.29644,-0.92016,-0.07328,0.24508,1912.16
quat4,-0.80059,0.14541,-0.21687,-0.53933,1912.16
quat5,0.00000,-0.86603,0.00000,0.50000,1912.16
quat6,0.00000,-0.86603,0.00000,0.50000,1912.16
quat7,0.00000,-0.86603,0.00000,0.50000,1912.16
quat8,0.00000,-0.86603,0.00000,0.50000,1912.16
quat0,0.52954,0.12281,-0.83772,-0.05219,1912.18
quat1,-0.19201,0.76523,-0.20130,-0.58054,1912.18
quat2,0.55605,-0.59836,0.57536,-0.04160,1912.18
quat3,0.31079,-0.91260,-0.06431,0.25776,1912.18
quat4,-0.79441,0.14487,-0.21548,-0.54908,1912.18
quat5,0.00000,-0.86603,0.00000,0.50000,1912.18
quat6,0.00000,-0.86603,0.00000,0.50000,1912.18
quat7,0.00000,-0.86603,0.00000,0.50000,1912.18
quat8,0.00000,-0.86603,0.00000,0.50000,1912.18
quat0,0.53249,0.12742,-0.83583,-0.04007,1912.2
quat1,-0.20953,0.76419,-0.20880,-0.57316,1912.2
quat2,0.55119,-0.59532,0.58307,-0.04252,1912.2
quat3,0.32623,-0.90450,-0.05589,0.26895,1912.2
quat4,-0.78770,0.14411,-0.21142,-0.56041,1912.2
quat5,0.00000,-0.86603,0.00000,0.50000,1912.2
quat6,0.00000,-0.86603,0.00000,0.50000,1912.2
quat7,0.00000,-0.86603,0.00000,0.50000,1912.2
quat8,0.00000,-0.86603,0.00000,0.50000,1912.2
quat0,0.53339,0.13534,-0.83451,-0.02783,1912.22
quat1,-0.22555,0.76153,-0.21658,-0.56771,1912.22
quat2,0.54530,-0.59521,0.58857,-0.04428,1912.22
quat3,0.34020,-0.89599,-0.04953,0.28107,1912.22
quat4,-0.77979,0.14504,-0.20416,-0.57377,1912.22
quat5,0.00000,-0.86603,0.00000,0.50000,1912.22
quat6,0.00000,-0.86603,0.00000,0.50000,1912.22
quat7,0.00000,-0.86603,0.00000,0.50000,1912.22
quat8,0.00000,-0.86603,0.00000,0.50000,1912.22
quat0,0.53116,0.14304,-0.83494,-0.01676,1912.24
quat1,-0.24008,0.75661,-0.22656,-0.56442,1912.24
quat2,0.53877,-0.59662,0.59291,-0.04716,1912.24
quat3,0.35328,-0.88672,-0.04469,0.29483,1912.24
quat4,-0.77229,0.14560,-0.19339,-0.58735,1912.24
quat5,0.00000,-0.86603,0.00000,0.50000,1912.24
quat6,0.00000,-0.86603,0.00000,0.50000,1912.24
quat7,0.00000,-0.86603,0.00000,0.50000,1912.24
quat8,0.00000,-0.86603,0.00000,0.50000,1912.24
quat0,0.53139,0.15198,-0.83338,0.00092,1912.26
quat1,-0.25262,0.75311,-0.23629,-0.55962,1912.26
quat2,0.53070,-0.60167,0.59470,-0.05184,1912.26
quat3,0.36342,-0.87682,-0.04367,0.31177,1912.26
quat4,-0.76317,0.14980,-0.18393,-0.60109,1912.26
quat5,0.00000,-0.86603,0.00000,0.50000,1912.26
quat6,0.00000,-0.86603,0.00000,0.50000,1912.26
quat7,0.00000,-0.86603,0.00000,0.50000,1912.26
quat8,0.00000,-0.86603,0.00000,0.50000,1912.26
quat0,0.53318,0.15614,-0.83138,0.01163,1912.28
quat1,-0.26313,0.75352,-0.24644,-0.54976,1912.28
quat2,0.52009,-0.60840,0.59658,-0.05876,1912.28
quat3,0.37166,-0.86641,-0.04372,0.33059,1912.28
quat4,-0.75400,0.15772,-0.17679,-0.61266,1912.28
quat5,0.00000,-0.86603,0.00000,0.50000,1912.28
quat6,0.00000,-0.86603,0.00000,0.50000,1912.28
quat7,0.00000,-0.86603,0.00000,0.50000,1912.28
quat8,0.00000,-0.86603,0.00000,0.50000,1912.28
quat0,0.52928,0.16775,-0.83118,0.02944,1912.3
quat1,-0.26971,0.75780,-0.25601,-0.53615,1912.3
quat2,0.50853,-0.61788,0.59593,-0.06699,1912.3
quat3,0.37765,-0.85618,-0.04462,0.34979,1912.3
quat4,-0.74397,0.16883,-0.17174,-0.62331,1912.3
quat5,0.00000,-0.86603,0.00000,0.50000,1912.3
quat6,0.00000,-0.86603,0.00000,0.50000,1912.3
quat7,0.00000,-0.86603,0.00000,0.50000,1912.3
quat8,0.00000,-0.86603,0.00000,0.50000,1912.3
quat0,0.52974,0.17439,-0.82921,0.03713,1912.32
quat1,-0.27457,0.76187,-0.26537,-0.52321,1912.32
quat2,0.49713,-0.62861,0.59322,-0.07615,1912.32
quat3,0.38122,-0.84888,-0.04221,0.36373,1912.32
quat4,-0.73431,0.18035,-0.16564,-0.63311,1912.32
quat5,0.00000,-0.86603,0.00000,0.50000,1912.32
quat6,0.00000,-0.86603,0.00000,0.50000,1912.32
quat7,0.00000,-0.86603,0.00000,0.50000,1912.32
quat8,0.00000,-0.86603,0.00000,0.50000,1912.32
quat0,0.52882,0.18324,-0.82698,0.05368,1912.34
quat1,-0.27591,0.76698,-0.27285,-0.51106,1912.34
quat2,0.48340,-0.64135,0.58942,-0.08701,1912.34
quat3,0.38272,-0.84371,-0.03756,0.37452,1912.34
quat4,-0.72327,0.19244,-0.15936,-0.64378,1912.34
quat5,0.00000,-0.86603,0.00000,0.50000,1912.34
quat6,0.00000,-0.86603,0.00000,0.50000,1912.34
quat7,0.00000,-0.86603,0.00000,0.50000,1912.34
quat8,0.00000,-0.86603,0.00000,0.50000,1912.34
quat0,0.52792,0.19029,-0.82508,0.06590,1912.36
quat1,-0.27591,0.77251,-0.27911,-0.49919,1912.36
quat2,0.46666,-0.65462,0.58643,-0.09898,1912.36
quat3,0.38287,-0.83973,-0.03220,0.38371,1912.36
quat4,-0.71214,0.20319,-0.15031,-0.65497,1912.36
quat5,0.00000,-0.86603,0.00000,0.50000,1912.36
quat6,0.00000,-0.86603,0.00000,0.50000,1912.36
quat7,0.00000,-0.86603,0.00000,0.50000,1912.36
quat8,0.00000,-0.86603,0.00000,0.50000,1912.36
quat0,0.52553,0.19625,-0.82371,0.08246,1912.38
quat1,-0.27490,0.77837,-0.28328,-0.48819,1912.38
quat2,0.44925,-0.67009,0.58039,-0.11090,1912.38
quat3,0.38165,-0.83600,-0.02935,0.39317,1912.38
quat4,-0.70013,0.21393,-0.13965,-0.66675,1912.38
quat5,0.00000,-0.86603,0.00000,0.50000,1912.38
quat6,0.00000,-0.86603,0.00000,0.50000,1912.38
quat7,0.00000,-0.86603,0.00000,0.50000,1912.38
quat8,0.00000,-0.86603,0.00000,0.50000,1912.38
quat0,0.52165,0.20354,-0.82350,0.09103,1912.4
quat1,-0.27438,0.78309,-0.28508,-0.47981,1912.4
quat2,0.43184,-0.68588,0.57298,-0.12150,1912.4
quat3,0.38017,-0.83213,-0.02687,0.40287,1912.4
quat4,-0.68859,0.22281,-0.12561,-0.67855,1912.4
quat5,0.00000,-0.86603,0.00000,0.50000,1912.4
quat6,0.00000,-0.86603,0.00000,0.50000,1912.4
quat7,0.00000,-0.86603,0.00000,0.50000,1912.4
quat8,0.00000,-0.86603,0.00000,0.50000,1912.4
quat0,0.52049,0.21115,-0.82046,0.10658,1912.42
quat1,-0.27313,0.78804,-0.28413,-0.47292,1912.42
quat2,0.41142,-0.70175,0.56613,-0.13332,1912.42
quat3,0.37772,-0.82773,-0.02492,0.41421,1912.42
quat4,-0.67570,0.23318,-0.11272,-0.69019,1912.42
quat5,0.00000,-0.86603,0.00000,0.50000,1912.42
quat6,0.00000,-0.86603,0.00000,0.50000,1912.42
quat7,0.00000,-0.86603,0.00000,0.50000,1912.42
quat8,0.00000,-0.86603,0.00000,0.50000,1912.42
quat0,0.52150,0.21859,-0.81581,0.12132,1912.44
quat1,-0.27279,0.79246,-0.28181,-0.46710,1912.44
quat2,0.38991,-0.71595,0.56052,-0.14562,1912.44
quat3,0.37538,-0.82302,-0.02445,0.42559,1912.44
quat4,-0.66294,0.24372,-0.10148,-0.70058,1912.44
quat5,0.00000,-0.86603,0.00000,0.50000,1912.44
quat6,0.00000,-0.86603,0.00000,0.50000,1912.44
quat7,0.00000,-0.86603,0.00000,0.50000,1912.44
quat8,0.00000,-0.86603,0.00000,0.50000,1912.44
quat0,0.51941,0.22607,-0.81246,0.13788,1912.46
quat1,-0.27153,0.79717,-0.27874,-0.46162,1912.46
quat2,0.37073,-0.72989,0.55267,-0.15614,1912.46
quat3,0.37186,-0.81847,-0.02490,0.43727,1912.46
quat4,-0.64989,0.25319,-0.08970,-0.71098,1912.46
quat5,0.00000,-0.86603,0.00000,0.50000,1912.46
quat6,0.00000,-0.86603,0.00000,0.50000,1912.46
quat7,0.00000,-0.86603,0.00000,0.50000,1912.46
quat8,0.00000,-0.86603,0.00000,0.50000,1912.46
quat0,0.51845,0.23503,-0.80810,0.15147,1912.48
quat1,-0.27148,0.80231,-0.27416,-0.45544,1912.48
quat2,0.35502,-0.74204,0.54445,-0.16404,1912.48
quat3,0.36884,-0.81327,-0.02598,0.44931,1912.48
quat4,-0.63801,0.25970,-0.07547,-0.72098,1912.48
quat5,0.00000,-0.86603,0.00000,0.50000,1912.48
quat6,0.00000,-0.86603,0.00000,0.50000,1912.48
quat7,0.00000,-0.86603,0.00000,0.50000,1912.48
quat8,0.00000,-0.86603,0.00000,0.50000,1912.48
quat0,0.51865,0.24199,-0.80294,0.16655,1912.5
quat1,-0.26979,0.80850,-0.27014,-0.44785,1912.5
quat2,0.33929,-0.75286,0.53729,-0.17147,1912.5
quat3,0.36489,-0.80767,-0.02785,0.46232,1912.5
quat4,-0.62521,0.26676,-0.06228,-0.73080,1912.5
quat5,0.00000,-0.86603,0.00000,0.50000,1912.5
quat6,0.00000,-0.86603,0.00000,0.50000,1912.5
quat7,0.00000,-0.86603,0.00000,0.50000,1912.5
quat8,0.00000,-0.86603,0.00000,0.50000,1912.5
quat0,0.51634,0.24793,-0.80117,0.17337,1912.52
quat1,-0.26932,0.81404,-0.26640,-0.44027,1912.52
quat2,0.32165,-0.76129,0.53344,-0.18006,1912.52
quat3,0.36110,-0.80167,-0.02991,0.47544,1912.52
quat4,-0.61322,0.27381,-0.05054,-0.73921,1912.52
quat5,0.00000,-0.86603,0.00000,0.50000,1912.52
quat6,0.00000,-0.86603,0.00000,0.50000,1912.52
quat7,0.00000,-0.86603,0.00000,0.50000,1912.52
quat8,0.00000,-0.86603,0.00000,0.50000,1912.52
quat0,0.51886,0.25250,-0.79507,0.18679,1912.54
quat1,-0.26893,0.81969,-0.26231,-0.43240,1912.54
quat2,0.30364,-0.76892,0.52995,-0.18898,1912.54
quat3,0.35697,-0.79517,-0.03394,0.48901,1912.54
quat4,-0.60209,0.27933,-0.03819,-0.74700,1912.54
quat5,0.00000,-0.86603,0.00000,0.50000,1912.54
quat6,0.00000,-0.86603,0.00000,0.50000,1912.54
quat7,0.00000,-0.86603,0.00000,0.50000,1912.54
quat8,0.00000,-0.86603,0.00000,0.50000,1912.54
quat0,0.51990,0.25614,-0.79081,0.19678,1912.56
quat1,-0.26841,0.82506,-0.25903,-0.42442,1912.56
quat2,0.28832,-0.77518,0.52674,-0.19625,1912.56
quat3,0.35375,-0.78854,-0.03969,0.50149,1912.56
quat4,-0.59354,0.28358,-0.02530,-0.75276,1912.56
quat5,0.00000,-0.86603,0.00000,0.50000,1912.56
quat6,0.00000,-0.86603,0.00000,0.50000,1912.56
quat7,0.00000,-0.86603,0.00000,0.50000,1912.56
quat8,0.00000,-0.86603,0.00000,0.50000,1912.56
quat0,0.52152,0.26139,-0.78437,0.21086,1912.58
quat1,-0.26595,0.83082,-0.25633,-0.41630,1912.58
quat2,0.27643,-0.78123,0.52221,-0.20141,1912.58
quat3,0.34902,-0.78247,-0.04565,0.51365,1912.58
quat4,-0.58666,0.28990,-0.01561,-0.75601,1912.58
quat5,0.00000,-0.86603,0.00000,0.50000,1912.58
quat6,0.00000,-0.86603,0.00000,0.50000,1912.58
quat7,0.00000,-0.86603,0.00000,0.50000,1912.58
quat8,0.00000,-0.86603,0.00000,0.50000,1912.58
quat0,0.51935,0.26753,-0.78212,0.21676,1912.6
quat1,-0.26213,0.83779,-0.25561,-0.40505,1912.6
quat2,0.26705,-0.78692,0.51791,-0.20299,1912.6
quat3,0.34101,-0.77871,-0.04849,0.52437,1912.6
quat4,-0.58364,0.29955,-0.01019,-0.75467,1912.6
quat5,0.00000,-0.86603,0.00000,0.50000,1912.6
quat6,0.00000,-0.86603,0.00000,0.50000,1912.6
quat7,0.00000,-0.86603,0.00000,0.50000,1912.6
quat8,0.00000,-0.86603,0.00000,0.50000,1912.6
quat0,0.51281,0.27834,-0.77958,0.22760,1912.62
quat1,-0.25696,0.84472,-0.25690,-0.39296,1912.62
quat2,0.25877,-0.79298,0.51299,-0.20265,1912.62
quat3,0.32936,-0.77858,-0.04572,0.53221,1912.62
quat4,-0.58296,0.31460,-0.01272,-0.74902,1912.62
quat5,0.00000,-0.86603,0.00000,0.50000,1912.62
quat6,0.00000,-0.86603,0.00000,0.50000,1912.62
quat7,0.00000,-0.86603,0.00000,0.50000,1912.62
quat8,0.00000,-0.86603,0.00000,0.50000,1912.62
quat0,0.51255,0.27728,-0.77836,0.23358,1912.64
quat1,-0.25472,0.84925,-0.25580,-0.38530,1912.64
quat2,0.24905,-0.79886,0.50864,-0.20268,1912.64
quat3,0.31876,-0.78102,-0.03809,0.53567,1912.64
quat4,-0.58195,0.33136,-0.01890,-0.74241,1912.64
quat5,0.00000,-0.86603,0.00000,0.50000,1912.64
quat6,0.00000,-0.86603,0.00000,0.50000,1912.64
quat7,0.00000,-0.86603,0.00000,0.50000,1912.64
quat8,0.00000,-0.86603,0.00000,0.50000,1912.64
quat0,0.50966,0.27752,-0.77765,0.24184,1912.66
quat1,-0.25499,0.85258,-0.24969,-0.38175,1912.66
quat2,0.23766,-0.80543,0.50403,-0.20189,1912.66
quat3,0.30890,-0.78372,-0.02889,0.53808,1912.66
quat4,-0.57973,0.34067,-0.01967,-0.73991,1912.66
quat5,0.00000,-0.86603,0.00000,0.50000,1912.66
quat6,0.00000,-0.86603,0.00000,0.50000,1912.66
quat7,0.00000,-0.86603,0.00000,0.50000,1912.66
quat8,0.00000,-0.86603,0.00000,0.50000,1912.66
quat0,0.50965,0.27719,-0.77698,0.24439,1912.68
quat1,-0.25622,0.85562,-0.24479,-0.37728,1912.68
quat2,0.22802,-0.81348,0.49699,-0.19815,1912.68
quat3,0.30295,-0.78422,-0.02214,0.54104,1912.68
quat4,-0.57672,0.34396,-0.01693,-0.74081,1912.68
quat5,0.00000,-0.86603,0.00000,0.50000,1912.68
quat6,0.00000,-0.86603,0.00000,0.50000,1912.68
quat7,0.00000,-0.86603,0.00000,0.50000,1912.68
quat8,0.00000,-0.86603,0.00000,0.50000,1912.68
quat0,0.50770,0.27950,-0.77534,0.25095,1912.7
quat1,-0.25667,0.85834,-0.24168,-0.37278,1912.7
quat2,0.21965,-0.82171,0.48853,-0.19465,1912.7
quat3,0.30035,-0.78148,-0.02011,0.54652,1912.7
quat4,-0.57233,0.34581,-0.01416,-0.74341,1912.7
quat5,0.00000,-0.86603,0.00000,0.50000,1912.7
quat6,0.00000,-0.86603,0.00000,0.50000,1912.7
quat7,0.00000,-0.86603,0.00000,0.50000,1912.7
quat8,0.00000,-0.86603,0.00000,0.50000,1912.7
quat0,0.50771,0.28071,-0.77498,0.25067,1912.72
quat1,-0.25720,0.86123,-0.23968,-0.36701,1912.72
quat2,0.21034,-0.82775,0.48294,-0.19327,1912.72
quat3,0.29916,-0.77682,-0.01966,0.55378,1912.72
quat4,-0.56818,0.34599,-0.01081,-0.74656,1912.72
quat5,0.00000,-0.86603,0.00000,0.50000,1912.72
quat6,0.00000,-0.86603,0.00000,0.50000,1912.72
quat7,0.00000,-0.86603,0.00000,0.50000,1912.72
quat8,0.00000,-0.86603,0.00000,0.50000,1912.72
quat0,0.50864,0.28065,-0.77369,0.25283,1912.74
quat1,-0.25765,0.86404,-0.23771,-0.36131,1912.74
quat2,0.19991,-0.83138,0.48114,-0.19325,1912.74
quat3,0.29755,-0.77329,-0.01683,0.55965,1912.74
quat4,-0.56438,0.34724,-0.00717,-0.74890,1912.74
quat5,0.00000,-0.86603,0.00000,0.50000,1912.74
quat6,0.00000,-0.86603,0.00000,0.50000,1912.74
quat7,0.00000,-0.86603,0.00000,0.50000,1912.74
quat8,0.00000,-0.86603,0.00000,0.50000,1912.74
quat0,0.50808,0.28105,-0.77331,0.25466,1912.76
quat1,-0.26025,0.86572,-0.23303,-0.35846,1912.76
quat2,0.19202,-0.83374,0.48092,-0.19164,1912.76
quat3,0.29514,-0.77116,-0.01114,0.56399,1912.76
quat4,-0.56168,0.34869,-0.00290,-0.75028,1912.76
quat5,0.00000,-0.86603,0.00000,0.50000,1912.76
quat6,0.00000,-0.86603,0.00000,0.50000,1912.76
quat7,0.00000,-0.86603,0.00000,0.50000,1912.76
quat8,0.00000,-0.86603,0.00000,0.50000,1912.76
quat0,0.50908,0.28126,-0.77247,0.25499,1912.78
quat1,-0.26424,0.86635,-0.22829,-0.35707,1912.78
quat2,0.18813,-0.83651,0.47970,-0.18639,1912.78
quat3,0.29220,-0.76950,-0.00276,0.56787,1912.78
quat4,-0.55980,0.35278,0.00004,-0.74978,1912.78
quat5,0.00000,-0.86603,0.00000,0.50000,1912.78
quat6,0.00000,-0.86603,0.00000,0.50000,1912.78
quat7,0.00000,-0.86603,0.00000,0.50000,1912.78
quat8,0.00000,-0.86603,0.00000,0.50000,1912.78
quat0,0.51017,0.28178,-0.77160,0.25487,1912.8
quat1,-0.26893,0.86670,-0.22438,-0.35518,1912.8
quat2,0.18552,-0.83863,0.47940,-0.18015,1912.8
quat3,0.29076,-0.76692,0.00515,0.57207,1912.8
quat4,-0.55842,0.35974,0.00130,-0.74749,1912.8
quat5,0.00000,-0.86603,0.00000,0.50000,1912.8
quat6,0.00000,-0.86603,0.00000,0.50000,1912.8
quat7,0.00000,-0.86603,0.00000,0.50000,1912.8
quat8,0.00000,-0.86603,0.00000,0.50000,1912.8
quat0,0.51047,0.28242,-0.77106,0.25520,1912.82
quat1,-0.27491,0.86695,-0.22101,-0.35212,1912.82
quat2,0.18261,-0.83993,0.48029,-0.17461,1912.82
quat3,0.29130,-0.76285,0.01153,0.57713,1912.82
quat4,-0.55740,0.36514,0.00382,-0.74563,1912.82
quat5,0.00000,-0.86603,0.00000,0.50000,1912.82
quat6,0.00000,-0.86603,0.00000,0.50000,1912.82
quat7,0.00000,-0.86603,0.00000,0.50000,1912.82
quat8,0.00000,-0.86603,0.00000,0.50000,1912.82
quat0,0.50941,0.28311,-0.77092,0.25697,1912.84
quat1,-0.28123,0.86699,-0.21901,-0.34824,1912.84
quat2,0.18015,-0.84012,0.48271,-0.16952,1912.84
quat3,0.29372,-0.75739,0.01657,0.58294,1912.84
quat4,-0.55665,0.36832,0.00720,-0.74460,1912.84
quat5,0.00000,-0.86603,0.00000,0.50000,1912.84
quat6,0.00000,-0.86603,0.00000,0.50000,1912.84
quat7,0.00000,-0.86603,0.00000,0.50000,1912.84
quat8,0.00000,-0.86603,0.00000,0.50000,1912.84
quat0,0.50663,0.28404,-0.77223,0.25752,1912.86
quat1,-0.28736,0.86706,-0.21849,-0.34335,1912.86
quat2,0.18192,-0.83998,0.48510,-0.16126,1912.86
quat3,0.29786,-0.75129,0.02072,0.58857,1912.86
quat4,-0.55700,0.36895,0.01192,-0.74397,1912.86
quat5,0.00000,-0.86603,0.00000,0.50000,1912.86
quat6,0.00000,-0.86603,0.00000,0.50000,1912.86
quat7,0.00000,-0.86603,0.00000,0.50000,1912.86
quat8,0.00000,-0.86603,0.00000,0.50000,1912.86
quat0,0.50560,0.28482,-0.77217,0.25885,1912.88
quat1,-0.29396,0.86687,-0.21758,-0.33879,1912.88
quat2,0.18861,-0.84079,0.48552,-0.14754,1912.88
quat3,0.30210,-0.74558,0.02452,0.59350,1912.88
quat4,-0.55860,0.36835,0.01669,-0.74297,1912.88
quat5,0.00000,-0.86603,0.00000,0.50000,1912.88
quat6,0.00000,-0.86603,0.00000,0.50000,1912.88
quat7,0.00000,-0.86603,0.00000,0.50000,1912.88
quat8,0.00000,-0.86603,0.00000,0.50000,1912.88
quat0,0.50627,0.28295,-0.77340,0.25590,1912.9
quat1,-0.30180,0.86597,-0.21501,-0.33582,1912.9
quat2,0.19738,-0.84098,0.48596,-0.13281,1912.9
quat3,0.30618,-0.74135,0.02798,0.59655,1912.9
quat4,-0.56201,0.36684,0.02049,-0.74105,1912.9
quat5,0.00000,-0.86603,0.00000,0.50000,1912.9
quat6,0.00000,-0.86603,0.00000,0.50000,1912.9
quat7,0.00000,-0.86603,0.00000,0.50000,1912.9
quat8,0.00000,-0.86603,0.00000,0.50000,1912.9
quat0,0.50567,0.28156,-0.77573,0.25151,1912.92
quat1,-0.31018,0.86457,-0.21178,-0.33386,1912.92
quat2,0.20578,-0.84092,0.48621,-0.11882,1912.92
quat3,0.31126,-0.73797,0.02938,0.59804,1912.92
quat4,-0.56636,0.36444,0.02279,-0.73885,1912.92
quat5,0.00000,-0.86603,0.00000,0.50000,1912.92
quat6,0.00000,-0.86603,0.00000,0.50000,1912.92
quat7,0.00000,-0.86603,0.00000,0.50000,1912.92
quat8,0.00000,-0.86603,0.00000,0.50000,1912.92
quat0,0.50796,0.27469,-0.77763,0.24861,1912.94
quat1,-0.31908,0.86237,-0.20992,-0.33233,1912.94
quat2,0.21406,-0.84070,0.48573,-0.10714,1912.94
quat3,0.31799,-0.73544,0.02981,0.59759,1912.94
quat4,-0.57202,0.35981,0.02575,-0.73666,1912.94
quat5,0.00000,-0.86603,0.00000,0.50000,1912.94
quat6,0.00000,-0.86603,0.00000,0.50000,1912.94
quat7,0.00000,-0.86603,0.00000,0.50000,1912.94
quat8,0.00000,-0.86603,0.00000,0.50000,1912.94
quat0,0.51099,0.27175,-0.77880,0.24187,1912.96
quat1,-0.32702,0.86022,-0.20925,-0.33060,1912.96
quat2,0.22088,-0.83968,0.48608,-0.09938,1912.96
quat3,0.32365,-0.73491,0.03101,0.59514,1912.96
quat4,-0.57824,0.35299,0.02967,-0.73496,1912.96
quat5,0.00000,-0.86603,0.00000,0.50000,1912.96
quat6,0.00000,-0.86603,0.00000,0.50000,1912.96
quat7,0.00000,-0.86603,0.00000,0.50000,1912.96
quat8,0.00000,-0.86603,0.00000,0.50000,1912.96
quat0,0.50245,0.26828,-0.78911,0.22994,1912.98
quat1,-0.33434,0.85783,-0.21088,-0.32843,1912.98
quat2,0.22561,-0.83647,0.48986,-0.09721,1912.98
quat3,0.33006,-0.73530,0.03290,0.59103,1912.98
quat4,-0.58535,0.34640,0.03349,-0.73229,1912.98
quat5,0.00000,-0.86603,0.00000,0.50000,1912.98
quat6,0.00000,-0.86603,0.00000,0.50000,1912.98
quat7,0.00000,-0.86603,0.00000,0.50000,1912.98
quat8,0.00000,-0.86603,0.00000,0.50000,1912.98
quat0,0.50534,0.26463,-0.78941,0.22678,1913
quat1,-0.34073,0.85522,-0.21381,-0.32679,1913
quat2,0.23130,-0.83405,0.49148,-0.09645,1913
quat3,0.33684,-0.73600,0.03441,0.58623,1913
quat4,-0.59196,0.34223,0.03437,-0.72889,1913
quat5,0.00000,-0.86603,0.00000,0.50000,1913
quat6,0.00000,-0.86603,0.00000,0.50000,1913
quat7,0.00000,-0.86603,0.00000,0.50000,1913
quat8,0.00000,-0.86603,0.00000,0.50000,1913
quat0,0.50661,0.25722,-0.79430,0.21512,1913.02
quat1,-0.34691,0.85225,-0.21846,-0.32497,1913.02
quat2,0.23650,-0.83136,0.49349,-0.09678,1913.02
quat3,0.34434,-0.73726,0.03717,0.58008,1913.02
quat4,-0.59863,0.33830,0.03480,-0.72525,1913.02
quat5,0.00000,-0.86603,0.00000,0.50000,1913.02
quat6,0.00000,-0.86603,0.00000,0.50000,1913.02
quat7,0.00000,-0.86603,0.00000,0.50000,1913.02
quat8,0.00000,-0.86603,0.00000,0.50000,1913.02
quat0,0.50491,0.25291,-0.79812,0.21000,1913.04
quat1,-0.35162,0.84984,-0.22208,-0.32376,1913.04
quat2,0.23911,-0.82884,0.49592,-0.09959,1913.04
quat3,0.35030,-0.73955,0.04024,0.57335,1913.04
quat4,-0.60294,0.33450,0.03630,-0.72336,1913.04
quat5,0.00000,-0.86603,0.00000,0.50000,1913.04
quat6,0.00000,-0.86603,0.00000,0.50000,1913.04
quat7,0.00000,-0.86603,0.00000,0.50000,1913.04
quat8,0.00000,-0.86603,0.00000,0.50000,1913.04
quat0,0.50400,0.24557,-0.80394,0.19837,1913.06
quat1,-0.35617,0.84767,-0.22513,-0.32237,1913.06
quat2,0.24200,-0.82650,0.49786,-0.10229,1913.06
quat3,0.35603,-0.74213,0.04415,0.56616,1913.06
quat4,-0.60645,0.33154,0.03769,-0.72172,1913.06
quat5,0.00000,-0.86603,0.00000,0.50000,1913.06
quat6,0.00000,-0.86603,0.00000,0.50000,1913.06
quat7,0.00000,-0.86603,0.00000,0.50000,1913.06
quat8,0.00000,-0.86603,0.00000,0.50000,1913.06
quat0,0.50170,0.24228,-0.80805,0.19146,1913.08
quat1,-0.35922,0.84665,-0.22710,-0.32027,1913.08
quat2,0.24524,-0.82570,0.49726,-0.10398,1913.08
quat3,0.35925,-0.74434,0.04796,0.56089,1913.08
quat4,-0.60772,0.33054,0.03861,-0.72106,1913.08
quat5,0.00000,-0.86603,0.00000,0.50000,1913.08
quat6,0.00000,-0.86603,0.00000,0.50000,1913.08
quat7,0.00000,-0.86603,0.00000,0.50000,1913.08
quat8,0.00000,-0.86603,0.00000,0.50000,1913.08
quat0,0.50029,0.23366,-0.81512,0.17522,1913.1
quat1,-0.36272,0.84566,-0.22923,-0.31741,1913.1
quat2,0.24957,-0.82535,0.49552,-0.10475,1913.1
quat3,0.36183,-0.74608,0.05446,0.55631,1913.1
quat4,-0.60830,0.33080,0.04014,-0.72037,1913.1
quat5,0.00000,-0.86603,0.00000,0.50000,1913.1
quat6,0.00000,-0.86603,0.00000,0.50000,1913.1
quat7,0.00000,-0.86603,0.00000,0.50000,1913.1
quat8,0.00000,-0.86603,0.00000,0.50000,1913.1
quat0,0.49814,0.22604,-0.82153,0.16077,1913.12
quat1,-0.36594,0.84542,-0.22853,-0.31486,1913.12
quat2,0.25427,-0.82690,0.49032,-0.10570,1913.12
quat3,0.36121,-0.74973,0.06432,0.55072,1913.12
quat4,-0.60685,0.33300,0.04141,-0.72051,1913.12
quat5,0.00000,-0.86603,0.00000,0.50000,1913.12
quat6,0.00000,-0.86603,0.00000,0.50000,1913.12
quat7,0.00000,-0.86603,0.00000,0.50000,1913.12
quat8,0.00000,-0.86603,0.00000,0.50000,1913.12
quat0,0.49643,0.21281,-0.83016,0.13821,1913.14
quat1,-0.37091,0.84508,-0.22485,-0.31257,1913.14
quat2,0.25770,-0.82829,0.48543,-0.10903,1913.14
quat3,0.35878,-0.75324,0.07871,0.54563,1913.14
quat4,-0.60427,0.33876,0.04207,-0.71995,1913.14
quat5,0.00000,-0.86603,0.00000,0.50000,1913.14
quat6,0.00000,-0.86603,0.00000,0.50000,1913.14
quat7,0.00000,-0.86603,0.00000,0.50000,1913.14
quat8,0.00000,-0.86603,0.00000,0.50000,1913.14
quat0,0.48959,0.20914,-0.83709,0.12587,1913.16
quat1,-0.37677,0.84494,-0.21887,-0.31019,1913.16
quat2,0.25917,-0.82833,0.48391,-0.11195,1913.16
quat3,0.35561,-0.75726,0.09406,0.53968,1913.16
quat4,-0.60293,0.35041,0.03873,-0.71567,1913.16
quat5,0.00000,-0.86603,0.00000,0.50000,1913.16
quat6,0.00000,-0.86603,0.00000,0.50000,1913.16
quat7,0.00000,-0.86603,0.00000,0.50000,1913.16
quat8,0.00000,-0.86603,0.00000,0.50000,1913.16
quat0,0.48735,0.20754,-0.84174,0.10436,1913.18
quat1,-0.38925,0.84232,-0.21007,-0.30798,1913.18
quat2,0.26705,-0.82737,0.48311,-0.10366,1913.18
quat3,0.35420,-0.76082,0.11134,0.53225,1913.18
quat4,-0.60636,0.36468,0.03242,-0.70589,1913.18
quat5,0.00000,-0.86603,0.00000,0.50000,1913.18
quat6,0.00000,-0.86603,0.00000,0.50000,1913.18
quat7,0.00000,-0.86603,0.00000,0.50000,1913.18
quat8,0.00000,-0.86603,0.00000,0.50000,1913.18
quat0,0.49515,0.21269,-0.83531,0.10880,1913.2
quat1,-0.41095,0.83196,-0.19150,-0.31982,1913.2
quat2,0.27781,-0.82533,0.48267,-0.09321,1913.2
quat3,0.35274,-0.75994,0.13026,0.53019,1913.2
quat4,-0.60839,0.37278,0.03072,-0.69997,1913.2
quat5,0.00000,-0.86603,0.00000,0.50000,1913.2
quat6,0.00000,-0.86603,0.00000,0.50000,1913.2
quat7,0.00000,-0.86603,0.00000,0.50000,1913.2
quat8,0.00000,-0.86603,0.00000,0.50000,1913.2
quat0,0.49708,0.19371,-0.84091,0.09086,1913.22
quat1,-0.42907,0.82067,-0.17917,-0.33210,1913.22
quat2,0.28703,-0.81908,0.48854,-0.08975,1913.22
quat3,0.35781,-0.75484,0.14261,0.53089,1913.22
quat4,-0.61148,0.37482,0.03253,-0.69609,1913.22
quat5,0.00000,-0.86603,0.00000,0.50000,1913.22
quat6,0.00000,-0.86603,0.00000,0.50000,1913.22
quat7,0.00000,-0.86603,0.00000,0.50000,1913.22
quat8,0.00000,-0.86603,0.00000,0.50000,1913.22
quat0,0.49732,0.18946,-0.84192,0.08919,1913.24
quat1,-0.43507,0.81574,-0.18593,-0.33275,1913.24
quat2,0.29669,-0.81407,0.49217,-0.08382,1913.24
quat3,0.36212,-0.75163,0.15431,0.52926,1913.24
quat4,-0.61451,0.37457,0.03043,-0.69366,1913.24
quat5,0.00000,-0.86603,0.00000,0.50000,1913.24
quat6,0.00000,-0.86603,0.00000,0.50000,1913.24
quat7,0.00000,-0.86603,0.00000,0.50000,1913.24
quat8,0.00000,-0.86603,0.00000,0.50000,1913.24
quat0,0.49843,0.17794,-0.84534,0.07286,1913.26
quat1,-0.43672,0.81195,-0.19734,-0.33328,1913.26
quat2,0.29666,-0.80873,0.50016,-0.08825,1913.26
quat3,0.36532,-0.75222,0.16402,0.52326,1913.26
quat4,-0.62028,0.37543,0.02337,-0.68830,1913.26
quat5,0.00000,-0.86603,0.00000,0.50000,1913.26
quat6,0.00000,-0.86603,0.00000,0.50000,1913.26
quat7,0.00000,-0.86603,0.00000,0.50000,1913.26
quat8,0.00000,-0.86603,0.00000,0.50000,1913.26
quat0,0.49912,0.17523,-0.84560,0.07167,1913.28
quat1,-0.43686,0.80778,-0.20684,-0.33743,1913.28
quat2,0.29503,-0.80557,0.50556,-0.09179,1913.28
quat3,0.36217,-0.75583,0.17788,0.51567,1913.28
quat4,-0.62386,0.38043,0.01312,-0.68257,1913.28
quat5,0.00000,-0.86603,0.00000,0.50000,1913.28
quat6,0.00000,-0.86603,0.00000,0.50000,1913.28
quat7,0.00000,-0.86603,0.00000,0.50000,1913.28
quat8,0.00000,-0.86603,0.00000,0.50000,1913.28
quat0,0.49875,0.17337,-0.84660,0.06682,1913.3
quat1,-0.43587,0.80437,-0.21563,-0.34133,1913.3
quat2,0.29933,-0.80318,0.50725,-0.08939,1913.3
quat3,0.36071,-0.75807,0.18612,0.51046,1913.3
quat4,-0.62328,0.38380,0.00830,-0.68129,1913.3
quat5,0.00000,-0.86603,0.00000,0.50000,1913.3
quat6,0.00000,-0.86603,0.00000,0.50000,1913.3
quat7,0.00000,-0.86603,0.00000,0.50000,1913.3
quat8,0.00000,-0.86603,0.00000,0.50000,1913.3
quat0,0.50037,0.17431,-0.84571,0.06348,1913.32
quat1,-0.43113,0.80306,-0.22250,-0.34601,1913.32
quat2,0.30268,-0.80112,0.50838,-0.09022,1913.32
quat3,0.36101,-0.76024,0.18747,0.50652,1913.32
quat4,-0.61960,0.38542,0.00789,-0.68373,1913.32
quat5,0.00000,-0.86603,0.00000,0.50000,1913.32
quat6,0.00000,-0.86603,0.00000,0.50000,1913.32
quat7,0.00000,-0.86603,0.00000,0.50000,1913.32
quat8,0.00000,-0.86603,0.00000,0.50000,1913.32
quat0,0.50140,0.17042,-0.84659,0.05330,1913.34
quat1,-0.42469,0.80161,-0.23289,-0.35046,1913.34
quat2,0.30621,-0.79574,0.51342,-0.09711,1913.34
quat3,0.36208,-0.76521,0.18605,0.49874,1913.34
quat4,-0.61821,0.38198,0.00939,-0.68689,1913.34
quat5,0.00000,-0.86603,0.00000,0.50000,1913.34
quat6,0.00000,-0.86603,0.00000,0.50000,1913.34
quat7,0.00000,-0.86603,0.00000,0.50000,1913.34
quat8,0.00000,-0.86603,0.00000,0.50000,1913.34
quat0,0.49974,0.16675,-0.84888,0.04307,1913.36
quat1,-0.41673,0.79930,-0.23604,-0.36295,1913.36
quat2,0.31416,-0.79151,0.51448,-0.10067,1913.36
quat3,0.35849,-0.77523,0.18465,0.48622,1913.36
quat4,-0.61832,0.38215,0.00264,-0.68675,1913.36
quat5,0.00000,-0.86603,0.00000,0.50000,1913.36
quat6,0.00000,-0.86603,0.00000,0.50000,1913.36
quat7,0.00000,-0.86603,0.00000,0.50000,1913.36
quat8,0.00000,-0.86603,0.00000,0.50000,1913.36
quat0,0.50090,0.15941,-0.85015,0.03047,1913.38
quat1,-0.40928,0.79542,-0.23289,-0.38152,1913.38
quat2,0.32400,-0.78736,0.51392,-0.10479,1913.38
quat3,0.35273,-0.78722,0.18588,0.47045,1913.38
quat4,-0.62106,0.38548,-0.01018,-0.68234,1913.38
quat5,0.00000,-0.86603,0.00000,0.50000,1913.38
quat6,0.00000,-0.86603,0.00000,0.50000,1913.38
quat7,0.00000,-0.86603,0.00000,0.50000,1913.38
quat8,0.00000,-0.86603,0.00000,0.50000,1913.38
quat0,0.50216,0.15393,-0.85066,0.02257,1913.4
quat1,-0.39774,0.79243,-0.23094,-0.40066,1913.4
quat2,0.33103,-0.78333,0.51376,-0.11346,1913.4
quat3,0.34839,-0.79808,0.18380,0.45597,1913.4
quat4,-0.62293,0.38258,-0.01539,-0.68217,1913.4
quat5,0.00000,-0.86603,0.00000,0.50000,1913.4
quat6,0.00000,-0.86603,0.00000,0.50000,1913.4
quat7,0.00000,-0.86603,0.00000,0.50000,1913.4
quat8,0.00000,-0.86603,0.00000,0.50000,1913.4
quat0,0.50269,0.14301,-0.85249,0.01040,1913.42
quat1,-0.38417,0.79167,-0.23236,-0.41435,1913.42
quat2,0.33955,-0.77919,0.51350,-0.11784,1913.42
quat3,0.34787,-0.80432,0.17501,0.44882,1913.42
quat4,-0.62641,0.37767,-0.02088,-0.68157,1913.42
quat5,0.00000,-0.86603,0.00000,0.50000,1913.42
quat6,0.00000,-0.86603,0.00000,0.50000,1913.42
quat7,0.00000,-0.86603,0.00000,0.50000,1913.42
quat8,0.00000,-0.86603,0.00000,0.50000,1913.42
quat0,0.50513,0.13345,-0.85266,0.00167,1913.44
quat1,-0.36791,0.79258,-0.23216,-0.42727,1913.44
quat2,0.35042,-0.77538,0.51104,-0.12181,1913.44
quat3,0.34869,-0.80998,0.16260,0.44261,1913.44
quat4,-0.63120,0.36829,-0.02637,-0.68209,1913.44
quat5,0.00000,-0.86603,0.00000,0.50000,1913.44
quat6,0.00000,-0.86603,0.00000,0.50000,1913.44
quat7,0.00000,-0.86603,0.00000,0.50000,1913.44
quat8,0.00000,-0.86603,0.00000,0.50000,1913.44
quat0,0.50615,0.12050,-0.85390,-0.01214,1913.46
quat1,-0.34962,0.79272,-0.23159,-0.44241,1913.46
quat2,0.36396,-0.77024,0.50826,-0.12623,1913.46
quat3,0.35014,-0.81702,0.14689,0.43394,1913.46
quat4,-0.63928,0.35456,-0.03187,-0.68161,1913.46
quat5,0.00000,-0.86603,0.00000,0.50000,1913.46
quat6,0.00000,-0.86603,0.00000,0.50000,1913.46
quat7,0.00000,-0.86603,0.00000,0.50000,1913.46
quat8,0.00000,-0.86603,0.00000,0.50000,1913.46
quat0,0.50810,0.10928,-0.85401,-0.02345,1913.48
quat1,-0.33009,0.79024,-0.23319,-0.46064,1913.48
quat2,0.37910,-0.76356,0.50570,-0.13235,1913.48
quat3,0.34947,-0.82767,0.12906,0.41974,1913.48
quat4,-0.65016,0.33398,-0.03703,-0.68146,1913.48
quat5,0.00000,-0.86603,0.00000,0.50000,1913.48
quat6,0.00000,-0.86603,0.00000,0.50000,1913.48
quat7,0.00000,-0.86603,0.00000,0.50000,1913.48
quat8,0.00000,-0.86603,0.00000,0.50000,1913.48
quat0,0.51363,0.09506,-0.85156,-0.04478,1913.5
quat1,-0.30969,0.78667,-0.23655,-0.47884,1913.5
quat2,0.39562,-0.75499,0.50400,-0.13951,1913.5
quat3,0.34975,-0.83955,0.10641,0.40187,1913.5
quat4,-0.66282,0.30665,-0.03965,-0.68196,1913.5
quat5,0.00000,-0.86603,0.00000,0.50000,1913.5
quat6,0.00000,-0.86603,0.00000,0.50000,1913.5
quat7,0.00000,-0.86603,0.00000,0.50000,1913.5
quat8,0.00000,-0.86603,0.00000,0.50000,1913.5
quat0,0.51644,0.09116,-0.85044,-0.04156,1913.52
quat1,-0.28868,0.78203,-0.24269,-0.49618,1913.52
quat2,0.41131,-0.74713,0.50103,-0.14697,1913.52
quat3,0.35072,-0.85071,0.08146,0.38295,1913.52
quat4,-0.67339,0.27934,-0.04220,-0.68318,1913.52
quat5,0.00000,-0.86603,0.00000,0.50000,1913.52
quat6,0.00000,-0.86603,0.00000,0.50000,1913.52
quat7,0.00000,-0.86603,0.00000,0.50000,1913.52
quat8,0.00000,-0.86603,0.00000,0.50000,1913.52
quat0,0.51733,0.08624,-0.84924,-0.06112,1913.54
quat1,-0.26774,0.77712,-0.25035,-0.51159,1913.54
quat2,0.42564,-0.73699,0.50068,-0.15811,1913.54
quat3,0.35051,-0.86177,0.05662,0.36235,1913.54
quat4,-0.68307,0.25579,-0.04590,-0.68255,1913.54
quat5,0.00000,-0.86603,0.00000,0.50000,1913.54
quat6,0.00000,-0.86603,0.00000,0.50000,1913.54
quat7,0.00000,-0.86603,0.00000,0.50000,1913.54
quat8,0.00000,-0.86603,0.00000,0.50000,1913.54
quat0,0.51834,0.08082,-0.84910,-0.06178,1913.56
quat1,-0.24461,0.77240,-0.26235,-0.52416,1913.56
quat2,0.43959,-0.72736,0.49905,-0.16928,1913.56
quat3,0.34537,-0.87364,0.03251,0.34120,1913.56
quat4,-0.69026,0.24097,-0.05591,-0.67996,1913.56
quat5,0.00000,-0.86603,0.00000,0.50000,1913.56
quat6,0.00000,-0.86603,0.00000,0.50000,1913.56
quat7,0.00000,-0.86603,0.00000,0.50000,1913.56
quat8,0.00000,-0.86603,0.00000,0.50000,1913.56
quat0,0.51123,0.07907,-0.85340,-0.06401,1913.58
quat1,-0.22084,0.76653,-0.27432,-0.53703,1913.58
quat2,0.45260,-0.71661,0.49873,-0.18135,1913.58
quat3,0.33573,-0.88674,0.00810,0.31767,1913.58
quat4,-0.69583,0.22804,-0.06842,-0.67760,1913.58
quat5,0.00000,-0.86603,0.00000,0.50000,1913.58
quat6,0.00000,-0.86603,0.00000,0.50000,1913.58
quat7,0.00000,-0.86603,0.00000,0.50000,1913.58
quat8,0.00000,-0.86603,0.00000,0.50000,1913.58
quat0,0.51174,0.06908,-0.85352,-0.06974,1913.6
quat1,-0.19413,0.76020,-0.28597,-0.55012,1913.6
quat2,0.46510,-0.70832,0.49595,-0.18974,1913.6
quat3,0.32437,-0.89916,-0.01993,0.29309,1913.6
quat4,-0.70038,0.22023,-0.08560,-0.67353,1913.6
quat5,0.00000,-0.86603,0.00000,0.50000,1913.6
quat6,0.00000,-0.86603,0.00000,0.50000,1913.6
quat7,0.00000,-0.86603,0.00000,0.50000,1913.6
quat8,0.00000,-0.86603,0.00000,0.50000,1913.6
quat0,0.51174,0.06260,-0.85362,-0.07441,1913.62
quat1,-0.16663,0.75012,-0.29722,-0.56675,1913.62
quat2,0.47810,-0.70156,0.49072,-0.19603,1913.62
quat3,0.31365,-0.90925,-0.05173,0.26871,1913.62
quat4,-0.70514,0.21294,-0.10309,-0.66844,1913.62
quat5,0.00000,-0.86603,0.00000,0.50000,1913.62
quat6,0.00000,-0.86603,0.00000,0.50000,1913.62
quat7,0.00000,-0.86603,0.00000,0.50000,1913.62
quat8,0.00000,-0.86603,0.00000,0.50000,1913.62
quat0,0.50653,0.05898,-0.85696,-0.07468,1913.64
quat1,-0.13361,0.73921,-0.30892,-0.58334,1913.64
quat2,0.48848,-0.69728,0.48464,-0.20079,1913.64
quat3,0.30117,-0.91786,-0.08707,0.24343,1913.64
quat4,-0.70932,0.20966,-0.12293,-0.66166,1913.64
quat5,0.00000,-0.86603,0.00000,0.50000,1913.64
quat6,0.00000,-0.86603,0.00000,0.50000,1913.64
quat7,0.00000,-0.86603,0.00000,0.50000,1913.64
quat8,0.00000,-0.86603,0.00000,0.50000,1913.64
quat0,0.50517,0.05523,-0.85700,-0.08543,1913.66
quat1,-0.09781,0.72490,-0.32258,-0.60075,1913.66
quat2,0.49906,-0.69466,0.47718,-0.20171,1913.66
quat3,0.28528,-0.92531,-0.12321,0.21735,1913.66
quat4,-0.71398,0.20971,-0.14303,-0.65253,1913.66
quat5,0.00000,-0.86603,0.00000,0.50000,1913.66
quat6,0.00000,-0.86603,0.00000,0.50000,1913.66
quat7,0.00000,-0.86603,0.00000,0.50000,1913.66
quat8,0.00000,-0.86603,0.00000,0.50000,1913.66
quat0,0.50297,0.05740,-0.85808,-0.08615,1913.68
quat1,-0.05705,0.70916,-0.33267,-0.61900,1913.68
quat2,0.50743,-0.69494,0.46989,-0.19694,1913.68
quat3,0.26398,-0.93191,-0.16080,0.18975,1913.68
quat4,-0.71893,0.21617,-0.16192,-0.64047,1913.68
quat5,0.00000,-0.86603,0.00000,0.50000,1913.68
quat6,0.00000,-0.86603,0.00000,0.50000,1913.68
quat7,0.00000,-0.86603,0.00000,0.50000,1913.68
quat8,0.00000,-0.86603,0.00000,0.50000,1913.68
quat0,0.50447,0.05042,-0.85734,-0.08906,1913.7
quat1,-0.01205,0.68974,-0.33872,-0.63983,1913.7
quat2,0.51652,-0.69624,0.46269,-0.18539,1913.7
quat3,0.23924,-0.93686,-0.19868,0.15993,1913.7
quat4,-0.72584,0.22825,-0.17816,-0.62396,1913.7
quat5,0.00000,-0.86603,0.00000,0.50000,1913.7
quat6,0.00000,-0.86603,0.00000,0.50000,1913.7
quat7,0.00000,-0.86603,0.00000,0.50000,1913.7
quat8,0.00000,-0.86603,0.00000,0.50000,1913.7
quat0,0.50377,0.04187,-0.85744,-0.09628,1913.72
quat1,0.03348,0.66461,-0.34000,-0.66451,1913.72
quat2,0.52319,-0.69843,0.45899,-0.16671,1913.72
quat3,0.20736,-0.94092,-0.23620,0.12600,1913.72
quat4,-0.73474,0.24611,-0.18815,-0.60348,1913.72
quat5,0.00000,-0.86603,0.00000,0.50000,1913.72
quat6,0.00000,-0.86603,0.00000,0.50000,1913.72
quat7,0.00000,-0.86603,0.00000,0.50000,1913.72
quat8,0.00000,-0.86603,0.00000,0.50000,1913.72
quat0,0.50302,0.04341,-0.85813,-0.09329,1913.74
quat1,0.07770,0.63421,-0.33887,-0.69059,1913.74
quat2,0.52302,-0.70182,0.46189,-0.14336,1913.74
quat3,0.17323,-0.94309,-0.27071,0.08538,1913.74
quat4,-0.74562,0.26352,-0.18798,-0.58247,1913.74
quat5,0.00000,-0.86603,0.00000,0.50000,1913.74
quat6,0.00000,-0.86603,0.00000,0.50000,1913.74
quat7,0.00000,-0.86603,0.00000,0.50000,1913.74
quat8,0.00000,-0.86603,0.00000,0.50000,1913.74
quat0,0.49538,0.04320,-0.86226,-0.09610,1913.76
quat1,0.11752,0.60676,-0.33041,-0.71334,1913.76
quat2,0.51700,-0.70687,0.46925,-0.11333,1913.76
quat3,0.13970,-0.94392,-0.29608,0.04297,1913.76
quat4,-0.75526,0.28303,-0.18005,-0.56308,1913.76
quat5,0.00000,-0.86603,0.00000,0.50000,1913.76
quat6,0.00000,-0.86603,0.00000,0.50000,1913.76
quat7,0.00000,-0.86603,0.00000,0.50000,1913.76
quat8,0.00000,-0.86603,0.00000,0.50000,1913.76
quat0,0.49224,0.03201,-0.86331,-0.10666,1913.78
quat1,0.14664,0.58424,-0.31297,-0.73431,1913.78
quat2,0.50780,-0.71102,0.47982,-0.07976,1913.78
quat3,0.10873,-0.94431,-0.31046,0.00862,1913.78
quat4,-0.76562,0.30113,-0.16309,-0.54456,1913.78
quat5,0.00000,-0.86603,0.00000,0.50000,1913.78
quat6,0.00000,-0.86603,0.00000,0.50000,1913.78
quat7,0.00000,-0.86603,0.00000,0.50000,1913.78
quat8,0.00000,-0.86603,0.00000,0.50000,1913.78
quat0,0.48594,0.02510,-0.86694,-0.10795,1913.8
quat1,0.15706,0.57113,-0.28529,-0.75349,1913.8
quat2,0.50328,-0.71218,0.48750,-0.04298,1913.8
quat3,0.08427,-0.94702,-0.30960,-0.01427,1913.8
quat4,-0.77525,0.31582,-0.14624,-0.52712,1913.8
quat5,0.00000,-0.86603,0.00000,0.50000,1913.8
quat6,0.00000,-0.86603,0.00000,0.50000,1913.8
quat7,0.00000,-0.86603,0.00000,0.50000,1913.8
quat8,0.00000,-0.86603,0.00000,0.50000,1913.8
quat0,0.49589,0.02404,-0.85937,-0.12249,1913.82
quat1,0.15209,0.57158,-0.25141,-0.76613,1913.82
quat2,0.50450,-0.70809,0.49394,-0.01017,1913.82
quat3,0.07114,-0.95087,-0.29990,-0.02920,1913.82
quat4,-0.78315,0.32552,-0.13190,-0.51313,1913.82
quat5,0.00000,-0.86603,0.00000,0.50000,1913.82
quat6,0.00000,-0.86603,0.00000,0.50000,1913.82
quat7,0.00000,-0.86603,0.00000,0.50000,1913.82
quat8,0.00000,-0.86603,0.00000,0.50000,1913.82
quat0,0.47934,0.03812,-0.86865,-0.11930,1913.84
quat1,0.13580,0.58938,-0.21316,-0.76730,1913.84
quat2,0.51400,-0.69712,0.49954,0.01701,1913.84
quat3,0.06477,-0.95605,-0.28423,-0.03145,1913.84
quat4,-0.78924,0.33278,-0.12509,-0.50071,1913.84
quat5,0.00000,-0.86603,0.00000,0.50000,1913.84
quat6,0.00000,-0.86603,0.00000,0.50000,1913.84
quat7,0.00000,-0.86603,0.00000,0.50000,1913.84
quat8,0.00000,-0.86603,0.00000,0.50000,1913.84
quat0,0.50171,0.04107,-0.85502,-0.12468,1913.86
quat1,0.11341,0.61856,-0.17653,-0.75721,1913.86
quat2,0.52802,-0.68267,0.50394,0.03465,1913.86
quat3,0.05976,-0.96149,-0.26736,-0.02195,1913.86
quat4,-0.79487,0.33471,-0.12112,-0.49140,1913.86
quat5,0.00000,-0.86603,0.00000,0.50000,1913.86
quat6,0.00000,-0.86603,0.00000,0.50000,1913.86
quat7,0.00000,-0.86603,0.00000,0.50000,1913.86
quat8,0.00000,-0.86603,0.00000,0.50000,1913.86
quat0,0.49410,0.05197,-0.85764,-0.13275,1913.88
quat1,0.08822,0.65187,-0.14788,-0.73852,1913.88
quat2,0.54513,-0.66790,0.50494,0.04216,1913.88
quat3,0.05894,-0.96659,-0.24945,-0.00194,1913.88
quat4,-0.79941,0.33279,-0.12132,-0.48526,1913.88
quat5,0.00000,-0.86603,0.00000,0.50000,1913.88
quat6,0.00000,-0.86603,0.00000,0.50000,1913.88
quat7,0.00000,-0.86603,0.00000,0.50000,1913.88
quat8,0.00000,-0.86603,0.00000,0.50000,1913.88
quat0,0.49156,0.05530,-0.85637,-0.14809,1913.9
quat1,0.06355,0.68425,-0.12844,-0.71503,1913.9
quat2,0.56042,-0.65541,0.50466,0.04112,1913.9
quat3,0.06389,-0.96989,-0.23376,0.02420,1913.9
quat4,-0.80173,0.32861,-0.12446,-0.48348,1913.9
quat5,0.00000,-0.86603,0.00000,0.50000,1913.9
quat6,0.00000,-0.86603,0.00000,0.50000,1913.9
quat7,0.00000,-0.86603,0.00000,0.50000,1913.9
quat8,0.00000,-0.86603,0.00000,0.50000,1913.9
quat0,0.49162,0.06627,-0.85508,-0.15086,1913.92
quat1,0.03918,0.71282,-0.11850,-0.69016,1913.92
quat2,0.57210,-0.64441,0.50628,0.03348,1913.92
quat3,0.07676,-0.97139,-0.21898,0.05057,1913.92
quat4,-0.80440,0.31851,-0.12462,-0.48577,1913.92
quat5,0.00000,-0.86603,0.00000,0.50000,1913.92
quat6,0.00000,-0.86603,0.00000,0.50000,1913.92
quat7,0.00000,-0.86603,0.00000,0.50000,1913.92
quat8,0.00000,-0.86603,0.00000,0.50000,1913.92
quat0,0.50134,0.07869,-0.85125,-0.13355,1913.94
quat1,0.01392,0.73629,-0.11476,-0.66672,1913.94
quat2,0.57946,-0.63555,0.50965,0.02369,1913.94
quat3,0.09413,-0.97129,-0.20564,0.07374,1913.94
quat4,-0.80579,0.30595,-0.12415,-0.49162,1913.94
quat5,0.00000,-0.86603,0.00000,0.50000,1913.94
quat6,0.00000,-0.86603,0.00000,0.50000,1913.94
quat7,0.00000,-0.86603,0.00000,0.50000,1913.94
quat8,0.00000,-0.86603,0.00000,0.50000,1913.94
quat0,0.50394,0.06883,-0.84972,-0.13885,1913.96
quat1,-0.01604,0.75689,-0.11321,-0.64346,1913.96
quat2,0.58478,-0.62782,0.51346,0.01502,1913.96
quat3,0.11542,-0.96998,-0.19251,0.09358,1913.96
quat4,-0.80672,0.29219,-0.12538,-0.49811,1913.96
quat5,0.00000,-0.86603,0.00000,0.50000,1913.96
quat6,0.00000,-0.86603,0.00000,0.50000,1913.96
quat7,0.00000,-0.86603,0.00000,0.50000,1913.96
quat8,0.00000,-0.86603,0.00000,0.50000,1913.96
quat0,0.50307,0.06619,-0.85099,-0.13553,1913.98
quat1,-0.04546,0.77168,-0.11418,-0.62403,1913.98
quat2,0.58644,-0.62259,0.51809,0.00713,1913.98
quat3,0.13738,-0.96740,-0.18159,0.11084,1913.98
quat4,-0.80629,0.27844,-0.12524,-0.50664,1913.98
quat5,0.00000,-0.86603,0.00000,0.50000,1913.98
quat6,0.00000,-0.86603,0.00000,0.50000,1913.98
quat7,0.00000,-0.86603,0.00000,0.50000,1913.98
quat8,0.00000,-0.86603,0.00000,0.50000,1913.98
quat0,0.50763,0.07004,-0.84819,-0.13406,1914
quat1,-0.07092,0.77827,-0.12181,-0.61190,1914
quat2,0.58481,-0.61860,0.52472,0.00039,1914
quat3,0.15892,-0.96416,-0.17086,0.12624,1914
quat4,-0.80535,0.26537,-0.12496,-0.51514,1914
quat5,0.00000,-0.86603,0.00000,0.50000,1914
quat6,0.00000,-0.86603,0.00000,0.50000,1914
quat7,0.00000,-0.86603,0.00000,0.50000,1914
quat8,0.00000,-0.86603,0.00000,0.50000,1914
quat0,0.50627,0.07955,-0.84899,-0.12874,1914.02
quat1,-0.09236,0.78147,-0.12962,-0.60330,1914.02
quat2,0.58286,-0.61478,0.53131,-0.00572,1914.02
quat3,0.17680,-0.96046,-0.16150,0.14206,1914.02
quat4,-0.80301,0.25514,-0.12570,-0.52372,1914.02
quat5,0.00000,-0.86603,0.00000,0.50000,1914.02
quat6,0.00000,-0.86603,0.00000,0.50000,1914.02
quat7,0.00000,-0.86603,0.00000,0.50000,1914.02
quat8,0.00000,-0.86603,0.00000,0.50000,1914.02
quat0,0.51172,0.08225,-0.84663,-0.12083,1914.04
quat1,-0.11099,0.78554,-0.13521,-0.59358,1914.04
quat2,0.57958,-0.61138,0.53868,-0.01172,1914.04
quat3,0.19238,-0.95676,-0.15090,0.15758,1914.04
quat4,-0.80152,0.24607,-0.12723,-0.52994,1914.04
quat5,0.00000,-0.86603,0.00000,0.50000,1914.04
quat6,0.00000,-0.86603,0.00000,0.50000,1914.04
quat7,0.00000,-0.86603,0.00000,0.50000,1914.04
quat8,0.00000,-0.86603,0.00000,0.50000,1914.04
quat0,0.51211,0.08180,-0.84725,-0.11494,1914.06
quat1,-0.12620,0.79096,-0.13854,-0.58246,1914.06
quat2,0.57525,-0.61057,0.54408,-0.01632,1914.06
quat3,0.20487,-0.95320,-0.14060,0.17225,1914.06
quat4,-0.79967,0.23838,-0.12791,-0.53604,1914.06
quat5,0.00000,-0.86603,0.00000,0.50000,1914.06
quat6,0.00000,-0.86603,0.00000,0.50000,1914.06
quat7,0.00000,-0.86603,0.00000,0.50000,1914.06
quat8,0.00000,-0.86603,0.00000,0.50000,1914.06
quat0,0.51099,0.08277,-0.84839,-0.11075,1914.08
quat1,-0.13967,0.79578,-0.14363,-0.57148,1914.08
quat2,0.57160,-0.60993,0.54850,-0.02027,1914.08
quat3,0.21667,-0.94987,-0.12919,0.18471,1914.08
quat4,-0.79796,0.23239,-0.12956,-0.54081,1914.08
quat5,0.00000,-0.86603,0.00000,0.50000,1914.08
quat6,0.00000,-0.86603,0.00000,0.50000,1914.08
quat7,0.00000,-0.86603,0.00000,0.50000,1914.08
quat8,0.00000,-0.86603,0.00000,0.50000,1914.08
quat0,0.51069,0.08880,-0.84937,-0.09937,1914.1
quat1,-0.14959,0.79876,-0.15055,-0.56297,1914.1
quat2,0.56767,-0.61083,0.55141,-0.02441,1914.1
quat3,0.22642,-0.94659,-0.11890,0.19638,1914.1
quat4,-0.79547,0.22883,-0.13178,-0.54543,1914.1
quat5,0.00000,-0.86603,0.00000,0.50000,1914.1
quat6,0.00000,-0.86603,0.00000,0.50000,1914.1
quat7,0.00000,-0.86603,0.00000,0.50000,1914.1
quat8,0.00000,-0.86603,0.00000,0.50000,1914.1
quat0,0.51141,0.09085,-0.84885,-0.09829,1914.12
quat1,-0.15912,0.79755,-0.15909,-0.55973,1914.12
quat2,0.56353,-0.61128,0.55489,-0.02956,1914.12
quat3,0.23666,-0.94305,-0.10829,0.20719,1914.12
quat4,-0.79362,0.22533,-0.13430,-0.54896,1914.12
quat5,0.00000,-0.86603,0.00000,0.50000,1914.12
quat6,0.00000,-0.86603,0.00000,0.50000,1914.12
quat7,0.00000,-0.86603,0.00000,0.50000,1914.12
quat8,0.00000,-0.86603,0.00000,0.50000,1914.12
quat0,0.51152,0.09698,-0.84936,-0.08678,1914.14
quat1,-0.16761,0.79532,-0.16649,-0.55826,1914.14
quat2,0.55884,-0.61369,0.55668,-0.03438,1914.14
quat3,0.24661,-0.93930,-0.09870,0.21717,1914.14
quat4,-0.79152,0.22212,-0.13702,-0.55261,1914.14
quat5,0.00000,-0.86603,0.00000,0.50000,1914.14
quat6,0.00000,-0.86603,0.00000,0.50000,1914.14
quat7,0.00000,-0.86603,0.00000,0.50000,1914.14
quat8,0.00000,-0.86603,0.00000,0.50000,1914.14
quat0,0.51086,0.10078,-0.85006,-0.07917,1914.16
quat1,-0.17734,0.79347,-0.17304,-0.55589,1914.16
quat2,0.55330,-0.61641,0.55888,-0.03935,1914.16
quat3,0.25640,-0.93573,-0.08911,0.22521,1914.16
quat4,-0.79008,0.21861,-0.14051,-0.55520,1914.16
quat5,0.00000,-0.86603,0.00000,0.50000,1914.16
quat6,0.00000,-0.86603,0.00000,0.50000,1914.16
quat7,0.00000,-0.86603,0.00000,0.50000,1914.16
quat8,0.00000,-0.86603,0.00000,0.50000,1914.16
quat0,0.51208,0.10486,-0.84954,-0.07116,1914.18
quat1,-0.18498,0.79253,-0.17892,-0.55288,1914.18
quat2,0.54810,-0.62056,0.55911,-0.04339,1914.18
quat3,0.26377,-0.93267,-0.08154,0.23216,1914.18
quat4,-0.78771,0.21652,-0.14426,-0.55842,1914.18
quat5,0.00000,-0.86603,0.00000,0.50000,1914.18
quat6,0.00000,-0.86603,0.00000,0.50000,1914.18
quat7,0.00000,-0.86603,0.00000,0.50000,1914.18
quat8,0.00000,-0.86603,0.00000,0.50000,1914.18
quat0,0.51111,0.10656,-0.85023,-0.06724,1914.2
quat1,-0.19133,0.79165,-0.18491,-0.55000,1914.2
quat2,0.54417,-0.62388,0.55891,-0.04771,1914.2
quat3,0.27037,-0.92969,-0.07415,0.23889,1914.2
quat4,-0.78617,0.21330,-0.14638,-0.56126,1914.2
quat5,0.00000,-0.86603,0.00000,0.50000,1914.2
quat6,0.00000,-0.86603,0.00000,0.50000,1914.2
quat7,0.00000,-0.86603,0.00000,0.50000,1914.2
quat8,0.00000,-0.86603,0.00000,0.50000,1914.2
quat0,0.51249,0.11205,-0.84942,-0.05728,1914.22
quat1,-0.19479,0.79093,-0.19049,-0.54790,1914.22
quat2,0.54069,-0.62740,0.55790,-0.05270,1914.22
quat3,0.27639,-0.92615,-0.06740,0.24761,1914.22
quat4,-0.78490,0.20866,-0.14499,-0.56513,1914.22
quat5,0.00000,-0.86603,0.00000,0.50000,1914.22
quat6,0.00000,-0.86603,0.00000,0.50000,1914.22
quat7,0.00000,-0.86603,0.00000,0.50000,1914.22
quat8,0.00000,-0.86603,0.00000,0.50000,1914.22
quat0,0.51364,0.11430,-0.84877,-0.05205,1914.24
quat1,-0.19697,0.79099,-0.19573,-0.54518,1914.24
quat2,0.53782,-0.63022,0.55704,-0.05733,1914.24
quat3,0.28253,-0.92227,-0.06090,0.25669,1914.24
quat4,-0.78459,0.20441,-0.14431,-0.56728,1914.24
quat5,0.00000,-0.86603,0.00000,0.50000,1914.24
quat6,0.00000,-0.86603,0.00000,0.50000,1914.24
quat7,0.00000,-0.86603,0.00000,0.50000,1914.24
quat8,0.00000,-0.86603,0.00000,0.50000,1914.24
quat0,0.51289,0.11960,-0.84896,-0.04372,1914.26
quat1,-0.19770,0.79288,-0.20089,-0.54028,1914.26
quat2,0.53573,-0.63227,0.55638,-0.06055,1914.26
quat3,0.28743,-0.91881,-0.05521,0.26480,1914.26
quat4,-0.78389,0.20269,-0.14657,-0.56828,1914.26
quat5,0.00000,-0.86603,0.00000,0.50000,1914.26
quat6,0.00000,-0.86603,0.00000,0.50000,1914.26
quat7,0.00000,-0.86603,0.00000,0.50000,1914.26
quat8,0.00000,-0.86603,0.00000,0.50000,1914.26
quat0,0.51219,0.12160,-0.84923,-0.04107,1914.28
quat1,-0.19948,0.79434,-0.20571,-0.53564,1914.28
quat2,0.53366,-0.63270,0.55756,-0.06353,1914.28
quat3,0.29201,-0.91570,-0.04906,0.27169,1914.28
quat4,-0.78414,0.20023,-0.14810,-0.56842,1914.28
quat5,0.00000,-0.86603,0.00000,0.50000,1914.28
quat6,0.00000,-0.86603,0.00000,0.50000,1914.28
quat7,0.00000,-0.86603,0.00000,0.50000,1914.28
quat8,0.00000,-0.86603,0.00000,0.50000,1914.28
quat0,0.51294,0.12352,-0.84868,-0.03707,1914.3
quat1,-0.20131,0.79455,-0.20919,-0.53330,1914.3
quat2,0.53187,-0.63369,0.55788,-0.06571,1914.3
quat3,0.29553,-0.91292,-0.04396,0.27803,1914.3
quat4,-0.78436,0.19722,-0.14791,-0.56921,1914.3
quat5,0.00000,-0.86603,0.00000,0.50000,1914.3
quat6,0.00000,-0.86603,0.00000,0.50000,1914.3
quat7,0.00000,-0.86603,0.00000,0.50000,1914.3
quat8,0.00000,-0.86603,0.00000,0.50000,1914.3
quat0,0.51388,0.12833,-0.84773,-0.02826,1914.32
quat1,-0.20466,0.79331,-0.21216,-0.53269,1914.32
quat2,0.53011,-0.63363,0.55937,-0.06779,1914.32
quat3,0.29929,-0.91032,-0.03806,0.28338,1914.32
quat4,-0.78497,0.19398,-0.14815,-0.56943,1914.32
quat5,0.00000,-0.86603,0.00000,0.50000,1914.32
quat6,0.00000,-0.86603,0.00000,0.50000,1914.32
quat7,0.00000,-0.86603,0.00000,0.50000,1914.32
quat8,0.00000,-0.86603,0.00000,0.50000,1914.32
quat0,0.51492,0.12984,-0.84700,-0.02412,1914.34
quat1,-0.20728,0.79187,-0.21532,-0.53255,1914.34
quat2,0.52796,-0.63333,0.56158,-0.06917,1914.34
quat3,0.30289,-0.90761,-0.03368,0.28872,1914.34
quat4,-0.78494,0.19216,-0.14895,-0.56988,1914.34
quat5,0.00000,-0.86603,0.00000,0.50000,1914.34
quat6,0.00000,-0.86603,0.00000,0.50000,1914.34
quat7,0.00000,-0.86603,0.00000,0.50000,1914.34
quat8,0.00000,-0.86603,0.00000,0.50000,1914.34
quat0,0.51587,0.13224,-0.84618,-0.01915,1914.36
quat1,-0.21031,0.79092,-0.21913,-0.53122,1914.36
quat2,0.52746,-0.63171,0.56393,-0.06867,1914.36
quat3,0.30711,-0.90468,-0.02862,0.29399,1914.36
quat4,-0.78534,0.19073,-0.15029,-0.56945,1914.36
quat5,0.00000,-0.86603,0.00000,0.50000,1914.36
quat6,0.00000,-0.86603,0.00000,0.50000,1914.36
quat7,0.00000,-0.86603,0.00000,0.50000,1914.36
quat8,0.00000,-0.86603,0.00000,0.50000,1914.36
quat0,0.51959,0.13605,-0.84340,-0.01372,1914.38
quat1,-0.21218,0.79043,-0.22286,-0.52966,1914.38
quat2,0.52751,-0.62906,0.56696,-0.06768,1914.38
quat3,0.31038,-0.90185,-0.02430,0.29957,1914.38
quat4,-0.78531,0.19035,-0.15226,-0.56911,1914.38
quat5,0.00000,-0.86603,0.00000,0.50000,1914.38
quat6,0.00000,-0.86603,0.00000,0.50000,1914.38
quat7,0.00000,-0.86603,0.00000,0.50000,1914.38
quat8,0.00000,-0.86603,0.00000,0.50000,1914.38
quat0,0.51978,0.13781,-0.84303,-0.01132,1914.4
quat1,-0.21424,0.78850,-0.22710,-0.52990,1914.4
quat2,0.52635,-0.62435,0.57303,-0.06917,1914.4
quat3,0.31310,-0.89922,-0.02108,0.30484,1914.4
quat4,-0.78557,0.18958,-0.15445,-0.56840,1914.4
quat5,0.00000,-0.86603,0.00000,0.50000,1914.4
quat6,0.00000,-0.86603,0.00000,0.50000,1914.4
quat7,0.00000,-0.86603,0.00000,0.50000,1914.4
quat8,0.00000,-0.86603,0.00000,0.50000,1914.4
