QUAT,w,x,y,z,timestamp
quat0,-0.92780,0.07939,-0.33063,-0.15353,1156.84
quat1,0.36140,0.00525,-0.32124,-0.87531,1156.84
quat2,-0.37268,0.10520,0.52885,0.75523,1156.84
quat3,0.47985,-0.76865,0.10876,0.40878,1156.84
quat4,0.60020,-0.62673,-0.04319,0.49508,1156.84
quat5,0.00000,0.38268,0.00000,-0.92388,1156.84
quat6,0.00000,0.38268,0.00000,-0.92388,1156.84
quat7,0.00000,0.38268,0.00000,-0.92388,1156.84
quat8,0.00000,0.38268,0.00000,-0.92388,1156.84
quat0,0.92545,-0.12992,-0.35572,-0.01070,1156.86
quat1,0.36169,0.00514,-0.32205,-0.87489,1156.86
quat2,-0.37255,0.10619,0.53027,0.75415,1156.86
quat3,0.47986,-0.76877,0.10866,0.40856,1156.86
quat4,0.60051,-0.62912,-0.04000,0.49193,1156.86
quat5,0.00000,0.38268,0.00000,-0.92388,1156.86
quat6,0.00000,0.38268,0.00000,-0.92388,1156.86
quat7,0.00000,0.38268,0.00000,-0.92388,1156.86
quat8,0.00000,0.38268,0.00000,-0.92388,1156.86
quat0,0.91719,-0.12473,-0.37828,0.01034,1156.88
quat1,0.36193,0.00471,-0.32274,-0.87454,1156.88
quat2,-0.37224,0.10726,0.53197,0.75295,1156.88
quat3,0.47998,-0.76880,0.10834,0.40846,1156.88
quat4,0.60117,-0.63148,-0.03691,0.48834,1156.88
quat5,0.00000,0.38268,0.00000,-0.92388,1156.88
quat6,0.00000,0.38268,0.00000,-0.92388,1156.88
quat7,0.00000,0.38268,0.00000,-0.92388,1156.88
quat8,0.00000,0.38268,0.00000,-0.92388,1156.88
quat0,0.91726,-0.12409,-0.37832,0.01039,1156.9
quat1,0.36229,0.00433,-0.32332,-0.87418,1156.9
quat2,-0.37190,0.10799,0.53372,0.75178,1156.9
quat3,0.48017,-0.76866,0.10797,0.40858,1156.9
quat4,0.60181,-0.63300,-0.03475,0.48572,1156.9
quat5,0.00000,0.38268,0.00000,-0.92388,1156.9
quat6,0.00000,0.38268,0.00000,-0.92388,1156.9
quat7,0.00000,0.38268,0.00000,-0.92388,1156.9
quat8,0.00000,0.38268,0.00000,-0.92388,1156.9
quat0,0.91787,-0.12336,-0.37709,0.01028,1156.92
quat1,0.36276,0.00358,-0.32384,-0.87380,1156.92
quat2,-0.37179,0.10877,0.53532,0.75058,1156.92
quat3,0.48054,-0.76862,0.10777,0.40828,1156.92
quat4,0.60242,-0.63412,-0.03354,0.48358,1156.92
quat5,0.00000,0.38268,0.00000,-0.92388,1156.92
quat6,0.00000,0.38268,0.00000,-0.92388,1156.92
quat7,0.00000,0.38268,0.00000,-0.92388,1156.92
quat8,0.00000,0.38268,0.00000,-0.92388,1156.92
quat0,0.91771,-0.12294,-0.37760,0.01037,1156.94
quat1,0.36330,0.00288,-0.32467,-0.87326,1156.94
quat2,-0.37146,0.11010,0.53706,0.74931,1156.94
quat3,0.48120,-0.76846,0.10776,0.40781,1156.94
quat4,0.60309,-0.63492,-0.03319,0.48172,1156.94
quat5,0.00000,0.38268,0.00000,-0.92388,1156.94
quat6,0.00000,0.38268,0.00000,-0.92388,1156.94
quat7,0.00000,0.38268,0.00000,-0.92388,1156.94
quat8,0.00000,0.38268,0.00000,-0.92388,1156.94
quat0,0.91789,-0.12233,-0.37736,0.01041,1156.96
quat1,0.36385,0.00265,-0.32521,-0.87284,1156.96
quat2,-0.37030,0.11290,0.53968,0.74758,1156.96
quat3,0.48226,-0.76803,0.10763,0.40739,1156.96
quat4,0.60399,-0.63618,-0.03241,0.47898,1156.96
quat5,0.00000,0.38268,0.00000,-0.92388,1156.96
quat6,0.00000,0.38268,0.00000,-0.92388,1156.96
quat7,0.00000,0.38268,0.00000,-0.92388,1156.96
quat8,0.00000,0.38268,0.00000,-0.92388,1156.96
quat0,0.91781,-0.12164,-0.37777,0.01063,1156.98
quat1,0.36458,0.00239,-0.32591,-0.87227,1156.98
quat2,-0.36677,0.11904,0.54457,0.74482,1156.98
quat3,0.48371,-0.76723,0.10742,0.40724,1156.98
quat4,0.60526,-0.63898,-0.02911,0.47383,1156.98
quat5,0.00000,0.38268,0.00000,-0.92388,1156.98
quat6,0.00000,0.38268,0.00000,-0.92388,1156.98
quat7,0.00000,0.38268,0.00000,-0.92388,1156.98
quat8,0.00000,0.38268,0.00000,-0.92388,1156.98
quat0,0.91790,-0.12092,-0.37779,0.01058,1157
quat1,0.36453,0.00181,-0.32682,-0.87196,1157
quat2,-0.35798,0.13231,0.55428,0.73968,1157
quat3,0.48541,-0.76619,0.10769,0.40712,1157
quat4,0.60650,-0.64587,-0.01976,0.46327,1157
quat5,0.00000,0.38268,0.00000,-0.92388,1157
quat6,0.00000,0.38268,0.00000,-0.92388,1157
quat7,0.00000,0.38268,0.00000,-0.92388,1157
quat8,0.00000,0.38268,0.00000,-0.92388,1157
quat0,0.91764,-0.12087,-0.37843,0.01050,1157.02
quat1,0.36368,0.00080,-0.32810,-0.87183,1157.02
quat2,-0.34306,0.15583,0.57076,0.72956,1157.02
quat3,0.48645,-0.76552,0.10827,0.40697,1157.02
quat4,0.60917,-0.65866,0.00055,0.44169,1157.02
quat5,0.00000,0.38268,0.00000,-0.92388,1157.02
quat6,0.00000,0.38268,0.00000,-0.92388,1157.02
quat7,0.00000,0.38268,0.00000,-0.92388,1157.02
quat8,0.00000,0.38268,0.00000,-0.92388,1157.02
quat0,0.91776,-0.11951,-0.37861,0.00946,1157.04
quat1,0.36136,-0.00175,-0.32997,-0.87209,1157.04
quat2,-0.31991,0.19045,0.59370,0.71337,1157.04
quat3,0.48709,-0.76487,0.10940,0.40711,1157.04
quat4,0.61322,-0.67838,0.03545,0.40313,1157.04
quat5,0.00000,0.38268,0.00000,-0.92388,1157.04
quat6,0.00000,0.38268,0.00000,-0.92388,1157.04
quat7,0.00000,0.38268,0.00000,-0.92388,1157.04
quat8,0.00000,0.38268,0.00000,-0.92388,1157.04
quat0,0.91816,-0.12001,-0.37748,0.00939,1157.06
quat1,0.35709,-0.00615,-0.33348,-0.87249,1157.06
quat2,-0.29144,0.22912,0.61943,0.69201,1157.06
quat3,0.48641,-0.76511,0.11264,0.40660,1157.06
quat4,0.61684,-0.70028,0.07909,0.35053,1157.06
quat5,0.00000,0.38268,0.00000,-0.92388,1157.06
quat6,0.00000,0.38268,0.00000,-0.92388,1157.06
quat7,0.00000,0.38268,0.00000,-0.92388,1157.06
quat8,0.00000,0.38268,0.00000,-0.92388,1157.06
quat0,0.91875,-0.11960,-0.37619,0.00865,1157.08
quat1,0.35230,-0.01290,-0.33909,-0.87220,1157.08
quat2,-0.26308,0.26264,0.64415,0.66849,1157.08
quat3,0.48529,-0.76644,0.11954,0.40344,1157.08
quat4,0.61647,-0.71864,0.12032,0.29841,1157.08
quat5,0.00000,0.38268,0.00000,-0.92388,1157.08
quat6,0.00000,0.38268,0.00000,-0.92388,1157.08
quat7,0.00000,0.38268,0.00000,-0.92388,1157.08
quat8,0.00000,0.38268,0.00000,-0.92388,1157.08
quat0,0.91847,-0.12044,-0.37659,0.00931,1157.1
quat1,0.34726,-0.02079,-0.34653,-0.87115,1157.1
quat2,-0.24196,0.28297,0.66403,0.64842,1157.1
quat3,0.48409,-0.76846,0.13042,0.39764,1157.1
quat4,0.61635,-0.72827,0.14574,0.26172,1157.1
quat5,0.00000,0.38268,0.00000,-0.92388,1157.1
quat6,0.00000,0.38268,0.00000,-0.92388,1157.1
quat7,0.00000,0.38268,0.00000,-0.92388,1157.1
quat8,0.00000,0.38268,0.00000,-0.92388,1157.1
quat0,0.91885,-0.11960,-0.37595,0.00831,1157.12
quat1,0.34556,-0.02504,-0.35530,-0.86817,1157.12
quat2,-0.23230,0.28841,0.67718,0.63584,1157.12
quat3,0.48546,-0.76782,0.14267,0.39298,1157.12
quat4,0.61842,-0.73084,0.15167,0.24581,1157.12
quat5,0.00000,0.38268,0.00000,-0.92388,1157.12
quat6,0.00000,0.38268,0.00000,-0.92388,1157.12
quat7,0.00000,0.38268,0.00000,-0.92388,1157.12
quat8,0.00000,0.38268,0.00000,-0.92388,1157.12
quat0,0.91824,-0.12146,-0.37689,0.00607,1157.14
quat1,0.34922,-0.02313,-0.36432,-0.86300,1157.14
quat2,-0.23146,0.28413,0.68585,0.62874,1157.14
quat3,0.49337,-0.76088,0.15074,0.39360,1157.14
quat4,0.62345,-0.72813,0.14658,0.24424,1157.14
quat5,0.00000,0.38268,0.00000,-0.92388,1157.14
quat6,0.00000,0.38268,0.00000,-0.92388,1157.14
quat7,0.00000,0.38268,0.00000,-0.92388,1157.14
quat8,0.00000,0.38268,0.00000,-0.92388,1157.14
quat0,0.91819,-0.12218,-0.37678,0.00500,1157.16
quat1,0.35618,-0.01752,-0.37239,-0.85683,1157.16
quat2,-0.23272,0.27577,0.69412,0.62289,1157.16
quat3,0.50477,-0.75019,0.15406,0.39836,1157.16
quat4,0.63075,-0.72181,0.14431,0.24561,1157.16
quat5,0.00000,0.38268,0.00000,-0.92388,1157.16
quat6,0.00000,0.38268,0.00000,-0.92388,1157.16
quat7,0.00000,0.38268,0.00000,-0.92388,1157.16
quat8,0.00000,0.38268,0.00000,-0.92388,1157.16
quat0,0.91862,-0.12085,-0.37618,0.00509,1157.18
quat1,0.36258,-0.01246,-0.37979,-0.85097,1157.18
quat2,-0.23143,0.26514,0.70440,0.61641,1157.18
quat3,0.51458,-0.74078,0.15650,0.40244,1157.18
quat4,0.63950,-0.71201,0.15020,0.24803,1157.18
quat5,0.00000,0.38268,0.00000,-0.92388,1157.18
quat6,0.00000,0.38268,0.00000,-0.92388,1157.18
quat7,0.00000,0.38268,0.00000,-0.92388,1157.18
quat8,0.00000,0.38268,0.00000,-0.92388,1157.18
quat0,0.91841,-0.12178,-0.37639,0.00416,1157.2
quat1,0.36676,-0.00857,-0.38672,-0.84608,1157.2
quat2,-0.22731,0.25295,0.71608,0.60957,1157.2
quat3,0.52208,-0.73446,0.15911,0.40334,1157.2
quat4,0.64885,-0.69906,0.16238,0.25287,1157.2
quat5,0.00000,0.38268,0.00000,-0.92388,1157.2
quat6,0.00000,0.38268,0.00000,-0.92388,1157.2
quat7,0.00000,0.38268,0.00000,-0.92388,1157.2
quat8,0.00000,0.38268,0.00000,-0.92388,1157.2
quat0,0.91837,-0.12185,-0.37648,0.00418,1157.22
quat1,0.36909,-0.00494,-0.39345,-0.84199,1157.22
quat2,-0.22334,0.23793,0.72614,0.60517,1157.22
quat3,0.52727,-0.72995,0.16121,0.40395,1157.22
quat4,0.65815,-0.68357,0.17611,0.26184,1157.22
quat5,0.00000,0.38268,0.00000,-0.92388,1157.22
quat6,0.00000,0.38268,0.00000,-0.92388,1157.22
quat7,0.00000,0.38268,0.00000,-0.92388,1157.22
quat8,0.00000,0.38268,0.00000,-0.92388,1157.22
quat0,0.91798,-0.12204,-0.37736,0.00501,1157.24
quat1,0.37080,0.00042,-0.40003,-0.83814,1157.24
quat2,-0.22070,0.22032,0.73303,0.60449,1157.24
quat3,0.53433,-0.72369,0.15804,0.40718,1157.24
quat4,0.66660,-0.66676,0.18845,0.27487,1157.24
quat5,0.00000,0.38268,0.00000,-0.92388,1157.24
quat6,0.00000,0.38268,0.00000,-0.92388,1157.24
quat7,0.00000,0.38268,0.00000,-0.92388,1157.24
quat8,0.00000,0.38268,0.00000,-0.92388,1157.24
quat0,0.91826,-0.12251,-0.37652,0.00459,1157.26
quat1,0.37200,0.01024,-0.40515,-0.83508,1157.26
quat2,-0.21915,0.20082,0.73609,0.60812,1157.26
quat3,0.54353,-0.71504,0.15180,0.41261,1157.26
quat4,0.67244,-0.65111,0.19718,0.29156,1157.26
quat5,0.00000,0.38268,0.00000,-0.92388,1157.26
quat6,0.00000,0.38268,0.00000,-0.92388,1157.26
quat7,0.00000,0.38268,0.00000,-0.92388,1157.26
quat8,0.00000,0.38268,0.00000,-0.92388,1157.26
quat0,0.91829,-0.11986,-0.37728,0.00569,1157.28
quat1,0.37253,0.02239,-0.40830,-0.83307,1157.28
quat2,-0.21975,0.17952,0.73505,0.61578,1157.28
quat3,0.55081,-0.70412,0.15128,0.42182,1157.28
quat4,0.67445,-0.63949,0.20106,0.30943,1157.28
quat5,0.00000,0.38268,0.00000,-0.92388,1157.28
quat6,0.00000,0.38268,0.00000,-0.92388,1157.28
quat7,0.00000,0.38268,0.00000,-0.92388,1157.28
quat8,0.00000,0.38268,0.00000,-0.92388,1157.28
quat0,0.91689,-0.12418,-0.37930,0.00539,1157.3
quat1,0.37282,0.03565,-0.41108,-0.83111,1157.3
quat2,-0.22172,0.15772,0.73028,0.62662,1157.3
quat3,0.55409,-0.69290,0.15228,0.43552,1157.3
quat4,0.67385,-0.63127,0.19855,0.32864,1157.3
quat5,0.00000,0.38268,0.00000,-0.92388,1157.3
quat6,0.00000,0.38268,0.00000,-0.92388,1157.3
quat7,0.00000,0.38268,0.00000,-0.92388,1157.3
quat8,0.00000,0.38268,0.00000,-0.92388,1157.3
quat0,0.91673,-0.12151,-0.38054,0.00536,1157.32
quat1,0.37150,0.04993,-0.41337,-0.82983,1157.32
quat2,-0.22245,0.13733,0.72342,0.63900,1157.32
quat3,0.55463,-0.68505,0.15658,0.44562,1157.32
quat4,0.67154,-0.62474,0.19107,0.34961,1157.32
quat5,0.00000,0.38268,0.00000,-0.92388,1157.32
quat6,0.00000,0.38268,0.00000,-0.92388,1157.32
quat7,0.00000,0.38268,0.00000,-0.92388,1157.32
quat8,0.00000,0.38268,0.00000,-0.92388,1157.32
quat0,0.91628,-0.12056,-0.38195,0.00382,1157.34
quat1,0.36860,0.06462,-0.41429,-0.82965,1157.34
quat2,-0.22158,0.11859,0.71501,0.65238,1157.34
quat3,0.55246,-0.67925,0.16189,0.45519,1157.34
quat4,0.66611,-0.62018,0.18277,0.37185,1157.34
quat5,0.00000,0.38268,0.00000,-0.92388,1157.34
quat6,0.00000,0.38268,0.00000,-0.92388,1157.34
quat7,0.00000,0.38268,0.00000,-0.92388,1157.34
quat8,0.00000,0.38268,0.00000,-0.92388,1157.34
quat0,0.91628,-0.12172,-0.38157,0.00379,1157.36
quat1,0.36460,0.07888,-0.41426,-0.83020,1157.36
quat2,-0.22015,0.10087,0.70487,0.66672,1157.36
quat3,0.54880,-0.67415,0.16543,0.46581,1157.36
quat4,0.65882,-0.61691,0.17349,0.39407,1157.36
quat5,0.00000,0.38268,0.00000,-0.92388,1157.36
quat6,0.00000,0.38268,0.00000,-0.92388,1157.36
quat7,0.00000,0.38268,0.00000,-0.92388,1157.36
quat8,0.00000,0.38268,0.00000,-0.92388,1157.36
quat0,0.91733,-0.11944,-0.37976,0.00505,1157.38
quat1,0.35871,0.09226,-0.41327,-0.83188,1157.38
quat2,-0.21867,0.08414,0.69350,0.68129,1157.38
quat3,0.54420,-0.67015,0.16696,0.47630,1157.38
quat4,0.65023,-0.61462,0.16178,0.41626,1157.38
quat5,0.00000,0.38268,0.00000,-0.92388,1157.38
quat6,0.00000,0.38268,0.00000,-0.92388,1157.38
quat7,0.00000,0.38268,0.00000,-0.92388,1157.38
quat8,0.00000,0.38268,0.00000,-0.92388,1157.38
quat0,0.91887,-0.12082,-0.37558,0.00545,1157.4
quat1,0.35202,0.10568,-0.41039,-0.83456,1157.4
quat2,-0.21475,0.06998,0.68204,0.69556,1157.4
quat3,0.53728,-0.66860,0.16747,0.48606,1157.4
quat4,0.63968,-0.61369,0.15107,0.43746,1157.4
quat5,0.00000,0.38268,0.00000,-0.92388,1157.4
quat6,0.00000,0.38268,0.00000,-0.92388,1157.4
quat7,0.00000,0.38268,0.00000,-0.92388,1157.4
quat8,0.00000,0.38268,0.00000,-0.92388,1157.4
quat0,0.91946,-0.12024,-0.37431,0.00538,1157.42
quat1,0.34557,0.11921,-0.40490,-0.83811,1157.42
quat2,-0.20873,0.05945,0.67026,0.70968,1157.42
quat3,0.52751,-0.67104,0.16775,0.49325,1157.42
quat4,0.62778,-0.61532,0.14325,0.45471,1157.42
quat5,0.00000,0.38268,0.00000,-0.92388,1157.42
quat6,0.00000,0.38268,0.00000,-0.92388,1157.42
quat7,0.00000,0.38268,0.00000,-0.92388,1157.42
quat8,0.00000,0.38268,0.00000,-0.92388,1157.42
quat0,0.92054,-0.11621,-0.37289,0.00711,1157.44
quat1,0.33944,0.13201,-0.39676,-0.84257,1157.44
quat2,-0.20104,0.05347,0.65827,0.72347,1157.44
quat3,0.51599,-0.67688,0.16784,0.49741,1157.44
quat4,0.61504,-0.61997,0.13830,0.46715,1157.44
quat5,0.00000,0.38268,0.00000,-0.92388,1157.44
quat6,0.00000,0.38268,0.00000,-0.92388,1157.44
quat7,0.00000,0.38268,0.00000,-0.92388,1157.44
quat8,0.00000,0.38268,0.00000,-0.92388,1157.44
quat0,0.92101,-0.11479,-0.37213,0.00907,1157.46
quat1,0.33275,0.14012,-0.38749,-0.84823,1157.46
quat2,-0.19372,0.05138,0.64573,0.73679,1157.46
quat3,0.50366,-0.68435,0.16620,0.50037,1157.46
quat4,0.60133,-0.62760,0.13500,0.47569,1157.46
quat5,0.00000,0.38268,0.00000,-0.92388,1157.46
quat6,0.00000,0.38268,0.00000,-0.92388,1157.46
quat7,0.00000,0.38268,0.00000,-0.92388,1157.46
quat8,0.00000,0.38268,0.00000,-0.92388,1157.46
quat0,0.92092,-0.11238,-0.37305,0.01060,1157.48
quat1,0.32628,0.14142,-0.37744,-0.85503,1157.48
quat2,-0.18804,0.05314,0.63249,0.74952,1157.48
quat3,0.49255,-0.69199,0.16148,0.50246,1157.48
quat4,0.58794,-0.63647,0.13090,0.48177,1157.48
quat5,0.00000,0.38268,0.00000,-0.92388,1157.48
quat6,0.00000,0.38268,0.00000,-0.92388,1157.48
quat7,0.00000,0.38268,0.00000,-0.92388,1157.48
quat8,0.00000,0.38268,0.00000,-0.92388,1157.48
quat0,0.92046,-0.11084,-0.37459,0.01254,1157.5
quat1,0.31991,0.13773,-0.36590,-0.86302,1157.5
quat2,-0.18647,0.05741,0.61819,0.76143,1157.5
quat3,0.48198,-0.70119,0.15461,0.50212,1157.5
quat4,0.57618,-0.64544,0.12332,0.48603,1157.5
quat5,0.00000,0.38268,0.00000,-0.92388,1157.5
quat6,0.00000,0.38268,0.00000,-0.92388,1157.5
quat7,0.00000,0.38268,0.00000,-0.92388,1157.5
quat8,0.00000,0.38268,0.00000,-0.92388,1157.5
quat0,0.92015,-0.10719,-0.37630,0.01538,1157.52
quat1,0.31595,0.13084,-0.35342,-0.87072,1157.52
quat2,-0.19068,0.06266,0.60245,0.77251,1157.52
quat3,0.47307,-0.71083,0.14658,0.49944,1157.52
quat4,0.56625,-0.65441,0.11240,0.48834,1157.52
quat5,0.00000,0.38268,0.00000,-0.92388,1157.52
quat6,0.00000,0.38268,0.00000,-0.92388,1157.52
quat7,0.00000,0.38268,0.00000,-0.92388,1157.52
quat8,0.00000,0.38268,0.00000,-0.92388,1157.52
quat0,0.92015,-0.10563,-0.37673,0.01520,1157.54
quat1,0.31449,0.12210,-0.34155,-0.87723,1157.54
quat2,-0.20178,0.06871,0.58545,0.78219,1157.54
quat3,0.46690,-0.72052,0.13820,0.49372,1157.54
quat4,0.55892,-0.66428,0.09962,0.48623,1157.54
quat5,0.00000,0.38268,0.00000,-0.92388,1157.54
quat6,0.00000,0.38268,0.00000,-0.92388,1157.54
quat7,0.00000,0.38268,0.00000,-0.92388,1157.54
quat8,0.00000,0.38268,0.00000,-0.92388,1157.54
quat0,0.92024,-0.10233,-0.37735,0.01707,1157.56
quat1,0.31423,0.11003,-0.33222,-0.88249,1157.56
quat2,-0.21790,0.07793,0.56834,0.78958,1157.56
quat3,0.46342,-0.73014,0.12979,0.48508,1157.56
quat4,0.55487,-0.67422,0.08413,0.48007,1157.56
quat5,0.00000,0.38268,0.00000,-0.92388,1157.56
quat6,0.00000,0.38268,0.00000,-0.92388,1157.56
quat7,0.00000,0.38268,0.00000,-0.92388,1157.56
quat8,0.00000,0.38268,0.00000,-0.92388,1157.56
quat0,0.91960,-0.10199,-0.37903,0.01679,1157.58
quat1,0.31566,0.09421,-0.32587,-0.88617,1157.58
quat2,-0.23584,0.09306,0.55371,0.79318,1157.58
quat3,0.46273,-0.73841,0.12265,0.47496,1157.58
quat4,0.55445,-0.68260,0.06585,0.47149,1157.58
quat5,0.00000,0.38268,0.00000,-0.92388,1157.58
quat6,0.00000,0.38268,0.00000,-0.92388,1157.58
quat7,0.00000,0.38268,0.00000,-0.92388,1157.58
quat8,0.00000,0.38268,0.00000,-0.92388,1157.58
quat0,0.91929,-0.09891,-0.38055,0.01713,1157.6
quat1,0.31922,0.07713,-0.32196,-0.88797,1157.6
quat2,-0.25532,0.11169,0.54238,0.79257,1157.6
quat3,0.46497,-0.74522,0.11649,0.46355,1157.6
quat4,0.55761,-0.68906,0.04817,0.46038,1157.6
quat5,0.00000,0.38268,0.00000,-0.92388,1157.6
quat6,0.00000,0.38268,0.00000,-0.92388,1157.6
quat7,0.00000,0.38268,0.00000,-0.92388,1157.6
quat8,0.00000,0.38268,0.00000,-0.92388,1157.6
quat0,0.91927,-0.09887,-0.38062,0.01705,1157.62
quat1,0.32571,0.06098,-0.32028,-0.88748,1157.62
quat2,-0.27639,0.12971,0.53495,0.78779,1157.62
quat3,0.46991,-0.75069,0.11094,0.45092,1157.62
quat4,0.56445,-0.69430,0.03416,0.44517,1157.62
quat5,0.00000,0.38268,0.00000,-0.92388,1157.62
quat6,0.00000,0.38268,0.00000,-0.92388,1157.62
quat7,0.00000,0.38268,0.00000,-0.92388,1157.62
quat8,0.00000,0.38268,0.00000,-0.92388,1157.62
quat0,0.91812,-0.09687,-0.38390,0.01695,1157.64
quat1,0.33464,0.04590,-0.31991,-0.88519,1157.64
quat2,-0.29673,0.14575,0.53164,0.77979,1157.64
quat3,0.47665,-0.75460,0.10619,0.43831,1157.64
quat4,0.57446,-0.69774,0.02489,0.42724,1157.64
quat5,0.00000,0.38268,0.00000,-0.92388,1157.64
quat6,0.00000,0.38268,0.00000,-0.92388,1157.64
quat7,0.00000,0.38268,0.00000,-0.92388,1157.64
quat8,0.00000,0.38268,0.00000,-0.92388,1157.64
quat0,0.91799,-0.09694,-0.38425,0.01576,1157.66
quat1,0.34617,0.03177,-0.32119,-0.88091,1157.66
quat2,-0.31448,0.15867,0.53273,0.76950,1157.66
quat3,0.48517,-0.75605,0.10217,0.42726,1157.66
quat4,0.58652,-0.69849,0.01896,0.40957,1157.66
quat5,0.00000,0.38268,0.00000,-0.92388,1157.66
quat6,0.00000,0.38268,0.00000,-0.92388,1157.66
quat7,0.00000,0.38268,0.00000,-0.92388,1157.66
quat8,0.00000,0.38268,0.00000,-0.92388,1157.66
quat0,0.91685,-0.09534,-0.38739,0.01481,1157.68
quat1,0.35955,0.02138,-0.32323,-0.87509,1157.68
quat2,-0.33070,0.16768,0.53644,0.75812,1157.68
quat3,0.49531,-0.75430,0.09906,0.41939,1157.68
quat4,0.59994,-0.69689,0.01506,0.39267,1157.68
quat5,0.00000,0.38268,0.00000,-0.92388,1157.68
quat6,0.00000,0.38268,0.00000,-0.92388,1157.68
quat7,0.00000,0.38268,0.00000,-0.92388,1157.68
quat8,0.00000,0.38268,0.00000,-0.92388,1157.68
quat0,0.91623,-0.09507,-0.38894,0.01456,1157.7
quat1,0.37422,0.01572,-0.32630,-0.86789,1157.7
quat2,-0.34677,0.17139,0.54043,0.74720,1157.7
quat3,0.50643,-0.75028,0.09769,0.41361,1157.7
quat4,0.61415,-0.69330,0.01263,0.37683,1157.7
quat5,0.00000,0.38268,0.00000,-0.92388,1157.7
quat6,0.00000,0.38268,0.00000,-0.92388,1157.7
quat7,0.00000,0.38268,0.00000,-0.92388,1157.7
quat8,0.00000,0.38268,0.00000,-0.92388,1157.7
quat0,0.91597,-0.09540,-0.38954,0.01272,1157.72
quat1,0.38976,0.01463,-0.33020,-0.85956,1157.72
quat2,-0.36216,0.17093,0.54574,0.73607,1157.72
quat3,0.51827,-0.74465,0.09809,0.40899,1157.72
quat4,0.62872,-0.68750,0.01192,0.36319,1157.72
quat5,0.00000,0.38268,0.00000,-0.92388,1157.72
quat6,0.00000,0.38268,0.00000,-0.92388,1157.72
quat7,0.00000,0.38268,0.00000,-0.92388,1157.72
quat8,0.00000,0.38268,0.00000,-0.92388,1157.72
quat0,0.91560,-0.09504,-0.39055,0.01059,1157.74
quat1,0.40398,0.01580,-0.33579,-0.85076,1157.74
quat2,-0.37473,0.16951,0.55341,0.72428,1157.74
quat3,0.52978,-0.73841,0.10038,0.40497,1157.74
quat4,0.64299,-0.68005,0.01344,0.35202,1157.74
quat5,0.00000,0.38268,0.00000,-0.92388,1157.74
quat6,0.00000,0.38268,0.00000,-0.92388,1157.74
quat7,0.00000,0.38268,0.00000,-0.92388,1157.74
quat8,0.00000,0.38268,0.00000,-0.92388,1157.74
quat0,0.91563,-0.09431,-0.39071,0.00888,1157.76
quat1,0.41531,0.01575,-0.34435,-0.84184,1157.76
quat2,-0.38432,0.16726,0.56321,0.71212,1157.76
quat3,0.54007,-0.73196,0.10472,0.40199,1157.76
quat4,0.65679,-0.67126,0.01693,0.34314,1157.76
quat5,0.00000,0.38268,0.00000,-0.92388,1157.76
quat6,0.00000,0.38268,0.00000,-0.92388,1157.76
quat7,0.00000,0.38268,0.00000,-0.92388,1157.76
quat8,0.00000,0.38268,0.00000,-0.92388,1157.76
quat0,0.91547,-0.09494,-0.39095,0.00754,1157.78
quat1,0.42415,0.01614,-0.35490,-0.83300,1157.78
quat2,-0.39071,0.16399,0.57515,0.69976,1157.78
quat3,0.55048,-0.72431,0.11022,0.40024,1157.78
quat4,0.66973,-0.66130,0.02244,0.33710,1157.78
quat5,0.00000,0.38268,0.00000,-0.92388,1157.78
quat6,0.00000,0.38268,0.00000,-0.92388,1157.78
quat7,0.00000,0.38268,0.00000,-0.92388,1157.78
quat8,0.00000,0.38268,0.00000,-0.92388,1157.78
quat0,0.91515,-0.09715,-0.39119,0.00612,1157.8
quat1,0.43079,0.01834,-0.36578,-0.82480,1157.8
quat2,-0.39367,0.16017,0.58916,0.68722,1157.8
quat3,0.56098,-0.71537,0.11686,0.39986,1157.8
quat4,0.68180,-0.65015,0.03007,0.33399,1157.8
quat5,0.00000,0.38268,0.00000,-0.92388,1157.8
quat6,0.00000,0.38268,0.00000,-0.92388,1157.8
quat7,0.00000,0.38268,0.00000,-0.92388,1157.8
quat8,0.00000,0.38268,0.00000,-0.92388,1157.8
quat0,0.91498,-0.09764,-0.39146,0.00576,1157.82
quat1,0.43599,0.02171,-0.37684,-0.81697,1157.82
quat2,-0.39372,0.15447,0.60379,0.67569,1157.82
quat3,0.56958,-0.70704,0.12514,0.40001,1157.82
quat4,0.69287,-0.63800,0.03969,0.33365,1157.82
quat5,0.00000,0.38268,0.00000,-0.92388,1157.82
quat6,0.00000,0.38268,0.00000,-0.92388,1157.82
quat7,0.00000,0.38268,0.00000,-0.92388,1157.82
quat8,0.00000,0.38268,0.00000,-0.92388,1157.82
quat0,0.91440,-0.09865,-0.39256,0.00539,1157.84
quat1,0.43926,0.02692,-0.38747,-0.81006,1157.84
quat2,-0.39176,0.14615,0.61807,0.66570,1157.84
quat3,0.57601,-0.69941,0.13481,0.40109,1157.84
quat4,0.70231,-0.62535,0.05141,0.33623,1157.84
quat5,0.00000,0.38268,0.00000,-0.92388,1157.84
quat6,0.00000,0.38268,0.00000,-0.92388,1157.84
quat7,0.00000,0.38268,0.00000,-0.92388,1157.84
quat8,0.00000,0.38268,0.00000,-0.92388,1157.84
quat0,0.91412,-0.10062,-0.39272,0.00515,1157.86
quat1,0.44105,0.03402,-0.39729,-0.80404,1157.86
quat2,-0.38783,0.13591,0.63158,0.65744,1157.86
quat3,0.58114,-0.69208,0.14457,0.40298,1157.86
quat4,0.70997,-0.61240,0.06432,0.34172,1157.86
quat5,0.00000,0.38268,0.00000,-0.92388,1157.86
quat6,0.00000,0.38268,0.00000,-0.92388,1157.86
quat7,0.00000,0.38268,0.00000,-0.92388,1157.86
quat8,0.00000,0.38268,0.00000,-0.92388,1157.86
quat0,0.91359,-0.10168,-0.39368,0.00505,1157.88
quat1,0.44097,0.04280,-0.40648,-0.79905,1157.88
quat2,-0.38203,0.12442,0.64375,0.65127,1157.88
quat3,0.58444,-0.68502,0.15385,0.40682,1157.88
quat4,0.71568,-0.59953,0.07782,0.34973,1157.88
quat5,0.00000,0.38268,0.00000,-0.92388,1157.88
quat6,0.00000,0.38268,0.00000,-0.92388,1157.88
quat7,0.00000,0.38268,0.00000,-0.92388,1157.88
quat8,0.00000,0.38268,0.00000,-0.92388,1157.88
quat0,0.91212,-0.10156,-0.39709,0.00578,1157.9
quat1,0.43918,0.05202,-0.41545,-0.79487,1157.9
quat2,-0.37460,0.11154,0.65409,0.64761,1157.9
quat3,0.58680,-0.67772,0.16185,0.41251,1157.9
quat4,0.71920,-0.58677,0.09174,0.36061,1157.9
quat5,0.00000,0.38268,0.00000,-0.92388,1157.9
quat6,0.00000,0.38268,0.00000,-0.92388,1157.9
quat7,0.00000,0.38268,0.00000,-0.92388,1157.9
quat8,0.00000,0.38268,0.00000,-0.92388,1157.9
quat0,0.91156,-0.10190,-0.39827,0.00749,1157.92
quat1,0.43604,0.06253,-0.42356,-0.79155,1157.92
quat2,-0.36585,0.09734,0.66232,0.64654,1157.92
quat3,0.58840,-0.67032,0.16737,0.42005,1157.92
quat4,0.72052,-0.57424,0.10583,0.37404,1157.92
quat5,0.00000,0.38268,0.00000,-0.92388,1157.92
quat6,0.00000,0.38268,0.00000,-0.92388,1157.92
quat7,0.00000,0.38268,0.00000,-0.92388,1157.92
quat8,0.00000,0.38268,0.00000,-0.92388,1157.92
quat0,0.91115,-0.10405,-0.39861,0.00933,1157.94
quat1,0.43217,0.07360,-0.43047,-0.78899,1157.94
quat2,-0.35647,0.08159,0.66764,0.64848,1157.94
quat3,0.58901,-0.66319,0.17102,0.42895,1157.94
quat4,0.71922,-0.56234,0.11938,0.39018,1157.94
quat5,0.00000,0.38268,0.00000,-0.92388,1157.94
quat6,0.00000,0.38268,0.00000,-0.92388,1157.94
quat7,0.00000,0.38268,0.00000,-0.92388,1157.94
quat8,0.00000,0.38268,0.00000,-0.92388,1157.94
quat0,0.91103,-0.10532,-0.39855,0.00966,1157.96
quat1,0.42697,0.08506,-0.43594,-0.78767,1157.96
quat2,-0.34781,0.06326,0.66913,0.65367,1157.96
quat3,0.58874,-0.65596,0.17419,0.43905,1157.96
quat4,0.71523,-0.55154,0.13108,0.40874,1157.96
quat5,0.00000,0.38268,0.00000,-0.92388,1157.96
quat6,0.00000,0.38268,0.00000,-0.92388,1157.96
quat7,0.00000,0.38268,0.00000,-0.92388,1157.96
quat8,0.00000,0.38268,0.00000,-0.92388,1157.96
quat0,0.91027,-0.10495,-0.40032,0.01144,1157.98
quat1,0.42084,0.09899,-0.43886,-0.78772,1157.98
quat2,-0.33936,0.04275,0.66727,0.66164,1157.98
quat3,0.58646,-0.64862,0.17755,0.45148,1157.98
quat4,0.70874,-0.54174,0.13909,0.42994,1157.98
quat5,0.00000,0.38268,0.00000,-0.92388,1157.98
quat6,0.00000,0.38268,0.00000,-0.92388,1157.98
quat7,0.00000,0.38268,0.00000,-0.92388,1157.98
quat8,0.00000,0.38268,0.00000,-0.92388,1157.98
quat0,0.90997,-0.10465,-0.40110,0.01079,1158
quat1,0.41495,0.11473,-0.43982,-0.78817,1158
quat2,-0.33012,0.02156,0.66318,0.67138,1158
quat3,0.58066,-0.64122,0.18157,0.46766,1158
quat4,0.69948,-0.53371,0.14234,0.45345,1158
quat5,0.00000,0.38268,0.00000,-0.92388,1158
quat6,0.00000,0.38268,0.00000,-0.92388,1158
quat7,0.00000,0.38268,0.00000,-0.92388,1158
quat8,0.00000,0.38268,0.00000,-0.92388,1158
quat0,0.90990,-0.10771,-0.40048,0.00981,1158.02
quat1,0.40753,0.13071,-0.43934,-0.78982,1158.02
quat2,-0.32041,-0.00023,0.65705,0.68237,1158.02
quat3,0.57345,-0.63281,0.18474,0.48640,1158.02
quat4,0.68704,-0.52791,0.14231,0.47857,1158.02
quat5,0.00000,0.38268,0.00000,-0.92388,1158.02
quat6,0.00000,0.38268,0.00000,-0.92388,1158.02
quat7,0.00000,0.38268,0.00000,-0.92388,1158.02
quat8,0.00000,0.38268,0.00000,-0.92388,1158.02
quat0,0.90950,-0.10829,-0.40124,0.00914,1158.04
quat1,0.39853,0.14611,-0.43739,-0.79279,1158.04
quat2,-0.31046,-0.02222,0.64924,0.69398,1158.04
quat3,0.56423,-0.62525,0.18771,0.50544,1158.04
quat4,0.67196,-0.52401,0.14071,0.50406,1158.04
quat5,0.00000,0.38268,0.00000,-0.92388,1158.04
quat6,0.00000,0.38268,0.00000,-0.92388,1158.04
quat7,0.00000,0.38268,0.00000,-0.92388,1158.04
quat8,0.00000,0.38268,0.00000,-0.92388,1158.04
quat0,0.90974,-0.10845,-0.40068,0.00815,1158.06
quat1,0.38743,0.15993,-0.43360,-0.79769,1158.06
quat2,-0.29923,-0.04252,0.64103,0.70551,1158.06
quat3,0.55229,-0.62117,0.19038,0.52239,1158.06
quat4,0.65511,-0.52198,0.13768,0.52860,1158.06
quat5,0.00000,0.38268,0.00000,-0.92388,1158.06
quat6,0.00000,0.38268,0.00000,-0.92388,1158.06
quat7,0.00000,0.38268,0.00000,-0.92388,1158.06
quat8,0.00000,0.38268,0.00000,-0.92388,1158.06
quat0,0.91177,-0.10975,-0.39566,0.00850,1158.08
quat1,0.37424,0.17277,-0.42842,-0.80409,1158.08
quat2,-0.28462,-0.05826,0.63379,0.71688,1158.08
quat3,0.53772,-0.62190,0.19370,0.53533,1158.08
quat4,0.63705,-0.52317,0.13595,0.54952,1158.08
quat5,0.00000,0.38268,0.00000,-0.92388,1158.08
quat6,0.00000,0.38268,0.00000,-0.92388,1158.08
quat7,0.00000,0.38268,0.00000,-0.92388,1158.08
quat8,0.00000,0.38268,0.00000,-0.92388,1158.08
quat0,0.91458,-0.10934,-0.38923,0.00946,1158.1
quat1,0.35852,0.18276,-0.42284,-0.81196,1158.1
quat2,-0.26670,-0.06873,0.62675,0.72893,1158.1
quat3,0.52021,-0.62696,0.19675,0.54551,1158.1
quat4,0.61777,-0.53106,0.13964,0.56289,1158.1
quat5,0.00000,0.38268,0.00000,-0.92388,1158.1
quat6,0.00000,0.38268,0.00000,-0.92388,1158.1
quat7,0.00000,0.38268,0.00000,-0.92388,1158.1
quat8,0.00000,0.38268,0.00000,-0.92388,1158.1
quat0,0.91721,-0.10901,-0.38304,0.01131,1158.12
quat1,0.34324,0.19082,-0.41620,-0.82009,1158.12
quat2,-0.24889,-0.07594,0.61800,0.74187,1158.12
quat3,0.50014,-0.63612,0.19884,0.55288,1158.12
quat4,0.59763,-0.54594,0.14866,0.56805,1158.12
quat5,0.00000,0.38268,0.00000,-0.92388,1158.12
quat6,0.00000,0.38268,0.00000,-0.92388,1158.12
quat7,0.00000,0.38268,0.00000,-0.92388,1158.12
quat8,0.00000,0.38268,0.00000,-0.92388,1158.12
quat0,0.91974,-0.10676,-0.37750,0.01319,1158.14
quat1,0.32820,0.19731,-0.40847,-0.82856,1158.14
quat2,-0.23236,-0.08013,0.60755,0.75530,1158.14
quat3,0.47912,-0.64792,0.19862,0.55784,1158.14
quat4,0.57755,-0.56467,0.15823,0.56793,1158.14
quat5,0.00000,0.38268,0.00000,-0.92388,1158.14
quat6,0.00000,0.38268,0.00000,-0.92388,1158.14
quat7,0.00000,0.38268,0.00000,-0.92388,1158.14
quat8,0.00000,0.38268,0.00000,-0.92388,1158.14
quat0,0.92289,-0.10661,-0.36974,0.01427,1158.16
quat1,0.31307,0.20071,-0.39961,-0.83786,1158.16
quat2,-0.21564,-0.07998,0.59584,0.76947,1158.16
quat3,0.45887,-0.66118,0.19610,0.56020,1158.16
quat4,0.55725,-0.58500,0.16486,0.56575,1158.16
quat5,0.00000,0.38268,0.00000,-0.92388,1158.16
quat6,0.00000,0.38268,0.00000,-0.92388,1158.16
quat7,0.00000,0.38268,0.00000,-0.92388,1158.16
quat8,0.00000,0.38268,0.00000,-0.92388,1158.16
quat0,0.92463,-0.10733,-0.36514,0.01468,1158.18
quat1,0.30035,0.20156,-0.38878,-0.84735,1158.18
quat2,-0.20219,-0.07905,0.58189,0.78376,1158.18
quat3,0.43991,-0.67459,0.19088,0.56122,1158.18
quat4,0.53748,-0.60463,0.16544,0.56406,1158.18
quat5,0.00000,0.38268,0.00000,-0.92388,1158.18
quat6,0.00000,0.38268,0.00000,-0.92388,1158.18
quat7,0.00000,0.38268,0.00000,-0.92388,1158.18
quat8,0.00000,0.38268,0.00000,-0.92388,1158.18
quat0,0.92605,-0.10781,-0.36134,0.01541,1158.2
quat1,0.28973,0.20080,-0.37564,-0.85711,1158.2
quat2,-0.19369,-0.07983,0.56576,0.79751,1158.2
quat3,0.42338,-0.68678,0.18282,0.56184,1158.2
quat4,0.51833,-0.62242,0.16104,0.56391,1158.2
quat5,0.00000,0.38268,0.00000,-0.92388,1158.2
quat6,0.00000,0.38268,0.00000,-0.92388,1158.2
quat7,0.00000,0.38268,0.00000,-0.92388,1158.2
quat8,0.00000,0.38268,0.00000,-0.92388,1158.2
quat0,0.92749,-0.10868,-0.35725,0.01821,1158.22
quat1,0.28132,0.19924,-0.36058,-0.86668,1158.22
quat2,-0.18795,-0.07787,0.54909,0.81062,1158.22
quat3,0.40928,-0.69864,0.17206,0.56106,1158.22
quat4,0.50083,-0.63885,0.15266,0.56369,1158.22
quat5,0.00000,0.38268,0.00000,-0.92388,1158.22
quat6,0.00000,0.38268,0.00000,-0.92388,1158.22
quat7,0.00000,0.38268,0.00000,-0.92388,1158.22
quat8,0.00000,0.38268,0.00000,-0.92388,1158.22
quat0,0.92843,-0.10894,-0.35465,0.01918,1158.24
quat1,0.27543,0.19417,-0.34506,-0.87599,1158.24
quat2,-0.18474,-0.07244,0.53159,0.82343,1158.24
quat3,0.39689,-0.71043,0.16056,0.55857,1158.24
quat4,0.48573,-0.65338,0.14096,0.56329,1158.24
quat5,0.00000,0.38268,0.00000,-0.92388,1158.24
quat6,0.00000,0.38268,0.00000,-0.92388,1158.24
quat7,0.00000,0.38268,0.00000,-0.92388,1158.24
quat8,0.00000,0.38268,0.00000,-0.92388,1158.24
quat0,0.92953,-0.10803,-0.35195,0.02073,1158.26
quat1,0.27137,0.18504,-0.32950,-0.88518,1158.26
quat2,-0.18534,-0.06507,0.51361,0.83523,1158.26
quat3,0.38696,-0.72326,0.14891,0.55226,1158.26
quat4,0.47388,-0.66660,0.12653,0.56131,1158.26
quat5,0.00000,0.38268,0.00000,-0.92388,1158.26
quat6,0.00000,0.38268,0.00000,-0.92388,1158.26
quat7,0.00000,0.38268,0.00000,-0.92388,1158.26
quat8,0.00000,0.38268,0.00000,-0.92388,1158.26
quat0,0.92934,-0.11066,-0.35161,0.02142,1158.28
quat1,0.26981,0.17456,-0.31382,-0.89345,1158.28
quat2,-0.18985,-0.05403,0.49652,0.84528,1158.28
quat3,0.37955,-0.73617,0.13705,0.54334,1158.28
quat4,0.46505,-0.67916,0.11049,0.55701,1158.28
quat5,0.00000,0.38268,0.00000,-0.92388,1158.28
quat6,0.00000,0.38268,0.00000,-0.92388,1158.28
quat7,0.00000,0.38268,0.00000,-0.92388,1158.28
quat8,0.00000,0.38268,0.00000,-0.92388,1158.28
quat0,0.92986,-0.10719,-0.35115,0.02360,1158.3
quat1,0.26983,0.16064,-0.29947,-0.90094,1158.3
quat2,-0.19767,-0.03895,0.48060,0.85348,1158.3
quat3,0.37523,-0.74809,0.12534,0.53279,1158.3
quat4,0.45986,-0.69135,0.09402,0.54930,1158.3
quat5,0.00000,0.38268,0.00000,-0.92388,1158.3
quat6,0.00000,0.38268,0.00000,-0.92388,1158.3
quat7,0.00000,0.38268,0.00000,-0.92388,1158.3
quat8,0.00000,0.38268,0.00000,-0.92388,1158.3
quat0,0.93014,-0.10504,-0.35094,0.02520,1158.32
quat1,0.27229,0.14292,-0.28668,-0.90733,1158.32
quat2,-0.21035,-0.02358,0.46543,0.85940,1158.32
quat3,0.37425,-0.75903,0.11426,0.52035,1158.32
quat4,0.45831,-0.70319,0.07754,0.53801,1158.32
quat5,0.00000,0.38268,0.00000,-0.92388,1158.32
quat6,0.00000,0.38268,0.00000,-0.92388,1158.32
quat7,0.00000,0.38268,0.00000,-0.92388,1158.32
quat8,0.00000,0.38268,0.00000,-0.92388,1158.32
quat0,0.92957,-0.10559,-0.35221,0.02644,1158.34
quat1,0.27724,0.12467,-0.27608,-0.91180,1158.34
quat2,-0.22723,-0.00724,0.45221,0.86245,1158.34
quat3,0.37627,-0.76878,0.10405,0.50653,1158.34
quat4,0.46084,-0.71449,0.06220,0.52275,1158.34
quat5,0.00000,0.38268,0.00000,-0.92388,1158.34
quat6,0.00000,0.38268,0.00000,-0.92388,1158.34
quat7,0.00000,0.38268,0.00000,-0.92388,1158.34
quat8,0.00000,0.38268,0.00000,-0.92388,1158.34
quat0,0.92936,-0.10203,-0.35376,0.02720,1158.36
quat1,0.28447,0.10601,-0.26804,-0.91433,1158.36
quat2,-0.24650,0.01137,0.44176,0.86253,1158.36
quat3,0.38061,-0.77757,0.09567,0.49130,1158.36
quat4,0.46739,-0.72474,0.04834,0.50395,1158.36
quat5,0.00000,0.38268,0.00000,-0.92388,1158.36
quat6,0.00000,0.38268,0.00000,-0.92388,1158.36
quat7,0.00000,0.38268,0.00000,-0.92388,1158.36
quat8,0.00000,0.38268,0.00000,-0.92388,1158.36
quat0,0.92864,-0.10236,-0.35562,0.02628,1158.38
quat1,0.29453,0.08693,-0.26272,-0.91470,1158.38
quat2,-0.26757,0.03081,0.43406,0.85968,1158.38
quat3,0.38801,-0.78467,0.08892,0.47522,1158.38
quat4,0.47736,-0.73254,0.03524,0.48401,1158.38
quat5,0.00000,0.38268,0.00000,-0.92388,1158.38
quat6,0.00000,0.38268,0.00000,-0.92388,1158.38
quat7,0.00000,0.38268,0.00000,-0.92388,1158.38
quat8,0.00000,0.38268,0.00000,-0.92388,1158.38
quat0,0.92830,-0.10008,-0.35704,0.02773,1158.4
quat1,0.30680,0.06847,-0.26036,-0.91291,1158.4
quat2,-0.29032,0.04905,0.42968,0.85363,1158.4
quat3,0.39829,-0.78881,0.08381,0.46055,1158.4
quat4,0.49059,-0.73706,0.02336,0.46425,1158.4
quat5,0.00000,0.38268,0.00000,-0.92388,1158.4
quat6,0.00000,0.38268,0.00000,-0.92388,1158.4
quat7,0.00000,0.38268,0.00000,-0.92388,1158.4
quat8,0.00000,0.38268,0.00000,-0.92388,1158.4
quat0,0.92786,-0.09867,-0.35857,0.02789,1158.42
quat1,0.32102,0.05225,-0.26057,-0.90902,1158.42
quat2,-0.31356,0.06436,0.42836,0.84501,1158.42
quat3,0.41148,-0.78977,0.07972,0.44786,1158.42
quat4,0.50622,-0.73942,0.01388,0.44363,1158.42
quat5,0.00000,0.38268,0.00000,-0.92388,1158.42
quat6,0.00000,0.38268,0.00000,-0.92388,1158.42
quat7,0.00000,0.38268,0.00000,-0.92388,1158.42
quat8,0.00000,0.38268,0.00000,-0.92388,1158.42
quat0,0.92720,-0.09687,-0.36084,0.02665,1158.44
quat1,0.33677,0.03853,-0.26357,-0.90312,1158.44
quat2,-0.33555,0.07887,0.43119,0.83382,1158.44
quat3,0.42640,-0.78793,0.07706,0.43750,1158.44
quat4,0.52368,-0.73965,0.00706,0.42264,1158.44
quat5,0.00000,0.38268,0.00000,-0.92388,1158.44
quat6,0.00000,0.38268,0.00000,-0.92388,1158.44
quat7,0.00000,0.38268,0.00000,-0.92388,1158.44
quat8,0.00000,0.38268,0.00000,-0.92388,1158.44
quat0,0.92670,-0.09571,-0.36245,0.02633,1158.46
quat1,0.35346,0.02710,-0.26938,-0.89541,1158.46
quat2,-0.35536,0.09247,0.43797,0.82058,1158.46
quat3,0.44342,-0.78308,0.07506,0.42956,1158.46
quat4,0.54253,-0.73777,0.00370,0.40168,1158.46
quat5,0.00000,0.38268,0.00000,-0.92388,1158.46
quat6,0.00000,0.38268,0.00000,-0.92388,1158.46
quat7,0.00000,0.38268,0.00000,-0.92388,1158.46
quat8,0.00000,0.38268,0.00000,-0.92388,1158.46
quat0,0.92659,-0.09555,-0.36291,0.02435,1158.48
quat1,0.36991,0.01858,-0.27792,-0.88633,1158.48
quat2,-0.37309,0.10281,0.44827,0.80579,1158.48
quat3,0.46143,-0.77618,0.07444,0.42319,1158.48
quat4,0.56246,-0.73364,0.00362,0.38130,1158.48
quat5,0.00000,0.38268,0.00000,-0.92388,1158.48
quat6,0.00000,0.38268,0.00000,-0.92388,1158.48
quat7,0.00000,0.38268,0.00000,-0.92388,1158.48
quat8,0.00000,0.38268,0.00000,-0.92388,1158.48
quat0,0.92615,-0.09499,-0.36430,0.02253,1158.5
quat1,0.38654,0.01306,-0.28822,-0.87598,1158.5
quat2,-0.38754,0.11174,0.46258,0.78953,1158.5
quat3,0.47899,-0.76839,0.07582,0.41761,1158.5
quat4,0.58261,-0.72740,0.00611,0.36252,1158.5
quat5,0.00000,0.38268,0.00000,-0.92388,1158.5
quat6,0.00000,0.38268,0.00000,-0.92388,1158.5
quat7,0.00000,0.38268,0.00000,-0.92388,1158.5
quat8,0.00000,0.38268,0.00000,-0.92388,1158.5
quat0,0.92575,-0.09423,-0.36555,0.02192,1158.52
quat1,0.40158,0.00886,-0.30010,-0.86521,1158.52
quat2,-0.39899,0.11912,0.47984,0.77225,1158.52
quat3,0.49596,-0.76011,0.07952,0.41223,1158.52
quat4,0.60240,-0.71816,0.00982,0.34824,1158.52
quat5,0.00000,0.38268,0.00000,-0.92388,1158.52
quat6,0.00000,0.38268,0.00000,-0.92388,1158.52
quat7,0.00000,0.38268,0.00000,-0.92388,1158.52
quat8,0.00000,0.38268,0.00000,-0.92388,1158.52
quat0,0.92533,-0.09544,-0.36640,0.02004,1158.54
quat1,0.41506,0.00635,-0.31321,-0.85415,1158.54
quat2,-0.40772,0.12377,0.49839,0.75502,1158.54
quat3,0.51175,-0.75169,0.08536,0.40718,1158.54
quat4,0.62168,-0.70575,0.01384,0.33947,1158.54
quat5,0.00000,0.38268,0.00000,-0.92388,1158.54
quat6,0.00000,0.38268,0.00000,-0.92388,1158.54
quat7,0.00000,0.38268,0.00000,-0.92388,1158.54
quat8,0.00000,0.38268,0.00000,-0.92388,1158.54
quat0,0.92531,-0.09704,-0.36615,0.01783,1158.56
quat1,0.42706,0.00675,-0.32673,-0.84310,1158.56
quat2,-0.41464,0.12422,0.51657,0.73879,1158.56
quat3,0.52684,-0.74227,0.09147,0.40387,1158.56
quat4,0.63994,-0.69061,0.01900,0.33641,1158.56
quat5,0.00000,0.38268,0.00000,-0.92388,1158.56
quat6,0.00000,0.38268,0.00000,-0.92388,1158.56
quat7,0.00000,0.38268,0.00000,-0.92388,1158.56
quat8,0.00000,0.38268,0.00000,-0.92388,1158.56
quat0,0.92453,-0.09955,-0.36753,0.01579,1158.58
quat1,0.43768,0.00872,-0.34001,-0.83232,1158.58
quat2,-0.41945,0.12158,0.53406,0.72392,1158.58
quat3,0.54153,-0.73159,0.09665,0.40271,1158.58
quat4,0.65667,-0.67319,0.02426,0.33914,1158.58
quat5,0.00000,0.38268,0.00000,-0.92388,1158.58
quat6,0.00000,0.38268,0.00000,-0.92388,1158.58
quat7,0.00000,0.38268,0.00000,-0.92388,1158.58
quat8,0.00000,0.38268,0.00000,-0.92388,1158.58
quat0,0.92429,-0.10135,-0.36770,0.01429,1158.6
quat1,0.44606,0.01270,-0.35271,-0.82248,1158.6
quat2,-0.42275,0.11573,0.54954,0.71126,1158.6
quat3,0.55544,-0.71946,0.09917,0.40500,1158.6
quat4,0.67141,-0.65444,0.03026,0.34642,1158.6
quat5,0.00000,0.38268,0.00000,-0.92388,1158.6
quat6,0.00000,0.38268,0.00000,-0.92388,1158.6
quat7,0.00000,0.38268,0.00000,-0.92388,1158.6
quat8,0.00000,0.38268,0.00000,-0.92388,1158.6
quat0,0.92412,-0.10221,-0.36794,0.01357,1158.62
quat1,0.45159,0.01797,-0.36469,-0.81409,1158.62
quat2,-0.42489,0.10709,0.56236,0.70125,1158.62
quat3,0.56858,-0.70662,0.09989,0.40918,1158.62
quat4,0.68352,-0.63568,0.03666,0.35689,1158.62
quat5,0.00000,0.38268,0.00000,-0.92388,1158.62
quat6,0.00000,0.38268,0.00000,-0.92388,1158.62
quat7,0.00000,0.38268,0.00000,-0.92388,1158.62
quat8,0.00000,0.38268,0.00000,-0.92388,1158.62
quat0,0.92334,-0.10424,-0.36936,0.01243,1158.64
quat1,0.45445,0.02397,-0.37615,-0.80710,1158.64
quat2,-0.42517,0.09697,0.57291,0.69397,1158.64
quat3,0.57954,-0.69421,0.10278,0.41430,1158.64
quat4,0.69246,-0.61748,0.04233,0.37071,1158.64
quat5,0.00000,0.38268,0.00000,-0.92388,1158.64
quat6,0.00000,0.38268,0.00000,-0.92388,1158.64
quat7,0.00000,0.38268,0.00000,-0.92388,1158.64
quat8,0.00000,0.38268,0.00000,-0.92388,1158.64
quat0,0.92305,-0.10671,-0.36941,0.01140,1158.66
quat1,0.45513,0.03131,-0.38657,-0.80152,1158.66
quat2,-0.42273,0.08592,0.58188,0.68945,1158.66
quat3,0.58750,-0.68286,0.10642,0.42097,1158.66
quat4,0.69738,-0.60091,0.04496,0.38800,1158.66
quat5,0.00000,0.38268,0.00000,-0.92388,1158.66
quat6,0.00000,0.38268,0.00000,-0.92388,1158.66
quat7,0.00000,0.38268,0.00000,-0.92388,1158.66
quat8,0.00000,0.38268,0.00000,-0.92388,1158.66
quat0,0.92209,-0.10864,-0.37127,0.01063,1158.68
quat1,0.45330,0.04061,-0.39537,-0.79785,1158.68
quat2,-0.41831,0.07372,0.58863,0.68782,1158.68
quat3,0.59239,-0.67229,0.11154,0.42972,1158.68
quat4,0.69901,-0.58562,0.04351,0.40810,1158.68
quat5,0.00000,0.38268,0.00000,-0.92388,1158.68
quat6,0.00000,0.38268,0.00000,-0.92388,1158.68
quat7,0.00000,0.38268,0.00000,-0.92388,1158.68
quat8,0.00000,0.38268,0.00000,-0.92388,1158.68
quat0,0.92101,-0.11070,-0.37334,0.01003,1158.7
quat1,0.44945,0.05115,-0.40241,-0.79590,1158.7
quat2,-0.41249,0.05948,0.59233,0.68953,1158.7
quat3,0.59376,-0.66325,0.12009,0.43946,1158.7
quat4,0.69732,-0.57225,0.03878,0.42985,1158.7
quat5,0.00000,0.38268,0.00000,-0.92388,1158.7
quat6,0.00000,0.38268,0.00000,-0.92388,1158.7
quat7,0.00000,0.38268,0.00000,-0.92388,1158.7
quat8,0.00000,0.38268,0.00000,-0.92388,1158.7
quat0,0.91999,-0.11023,-0.37601,0.00917,1158.72
quat1,0.44244,0.06281,-0.40841,-0.79593,1158.72
quat2,-0.40513,0.04348,0.59339,0.69416,1158.72
quat3,0.59206,-0.65580,0.13069,0.44979,1158.72
quat4,0.69247,-0.56156,0.03515,0.45154,1158.72
quat5,0.00000,0.38268,0.00000,-0.92388,1158.72
quat6,0.00000,0.38268,0.00000,-0.92388,1158.72
quat7,0.00000,0.38268,0.00000,-0.92388,1158.72
quat8,0.00000,0.38268,0.00000,-0.92388,1158.72
quat0,0.91938,-0.11292,-0.37674,0.00768,1158.74
quat1,0.43337,0.07409,-0.41316,-0.79750,1158.74
quat2,-0.39549,0.02649,0.59271,0.70113,1158.74
quat3,0.58745,-0.65079,0.14260,0.45940,1158.74
quat4,0.68532,-0.55332,0.03435,0.47221,1158.74
quat5,0.00000,0.38268,0.00000,-0.92388,1158.74
quat6,0.00000,0.38268,0.00000,-0.92388,1158.74
quat7,0.00000,0.38268,0.00000,-0.92388,1158.74
quat8,0.00000,0.38268,0.00000,-0.92388,1158.74
quat0,0.91889,-0.11482,-0.37737,0.00679,1158.76
quat1,0.42250,0.08626,-0.41611,-0.80057,1158.76
quat2,-0.38383,0.00865,0.59024,0.71009,1158.76
quat3,0.57976,-0.64800,0.15511,0.46895,1158.76
quat4,0.67628,-0.54776,0.03771,0.49111,1158.76
quat5,0.00000,0.38268,0.00000,-0.92388,1158.76
quat6,0.00000,0.38268,0.00000,-0.92388,1158.76
quat7,0.00000,0.38268,0.00000,-0.92388,1158.76
quat8,0.00000,0.38268,0.00000,-0.92388,1158.76
quat0,0.91926,-0.12006,-0.37486,0.00504,1158.78
quat1,0.40957,0.09971,-0.41692,-0.80529,1158.78
quat2,-0.37102,-0.01019,0.58576,0.72051,1158.78
quat3,0.56846,-0.64842,0.16756,0.47783,1158.78
quat4,0.66593,-0.54354,0.04518,0.50898,1158.78
quat5,0.00000,0.38268,0.00000,-0.92388,1158.78
quat6,0.00000,0.38268,0.00000,-0.92388,1158.78
quat7,0.00000,0.38268,0.00000,-0.92388,1158.78
quat8,0.00000,0.38268,0.00000,-0.92388,1158.78
quat0,0.91914,-0.12153,-0.37467,0.00527,1158.8
quat1,0.39440,0.11446,-0.41569,-0.81151,1158.8
quat2,-0.35659,-0.02887,0.57979,0.73202,1158.8
quat3,0.55479,-0.65018,0.17805,0.48761,1158.8
quat4,0.65386,-0.54015,0.05376,0.52709,1158.8
quat5,0.00000,0.38268,0.00000,-0.92388,1158.8
quat6,0.00000,0.38268,0.00000,-0.92388,1158.8
quat7,0.00000,0.38268,0.00000,-0.92388,1158.8
quat8,0.00000,0.38268,0.00000,-0.92388,1158.8
quat0,0.91997,-0.12127,-0.37271,0.00552,1158.82
quat1,0.37836,0.12860,-0.41252,-0.81862,1158.82
quat2,-0.34101,-0.04763,0.57235,0.74422,1158.82
quat3,0.54080,-0.65195,0.18474,0.49837,1158.82
quat4,0.64019,-0.53547,0.06004,0.54757,1158.82
quat5,0.00000,0.38268,0.00000,-0.92388,1158.82
quat6,0.00000,0.38268,0.00000,-0.92388,1158.82
quat7,0.00000,0.38268,0.00000,-0.92388,1158.82
quat8,0.00000,0.38268,0.00000,-0.92388,1158.82
quat0,0.92026,-0.12408,-0.37110,0.00436,1158.84
quat1,0.36227,0.14324,-0.40697,-0.82621,1158.84
quat2,-0.32488,-0.06620,0.56367,0.75653,1158.84
quat3,0.52678,-0.65162,0.18747,0.51260,1158.84
quat4,0.62510,-0.52833,0.06158,0.57126,1158.84
quat5,0.00000,0.38268,0.00000,-0.92388,1158.84
quat6,0.00000,0.38268,0.00000,-0.92388,1158.84
quat7,0.00000,0.38268,0.00000,-0.92388,1158.84
quat8,0.00000,0.38268,0.00000,-0.92388,1158.84
quat0,0.92036,-0.12501,-0.37053,0.00414,1158.86
quat1,0.34771,0.15782,-0.39902,-0.83365,1158.86
quat2,-0.30866,-0.08345,0.55435,0.76842,1158.86
quat3,0.51270,-0.65022,0.18728,0.52847,1158.86
quat4,0.60869,-0.52113,0.06018,0.59523,1158.86
quat5,0.00000,0.38268,0.00000,-0.92388,1158.86
quat6,0.00000,0.38268,0.00000,-0.92388,1158.86
quat7,0.00000,0.38268,0.00000,-0.92388,1158.86
quat8,0.00000,0.38268,0.00000,-0.92388,1158.86
quat0,0.92029,-0.12544,-0.37058,0.00328,1158.88
quat1,0.33440,0.17006,-0.38984,-0.84100,1158.88
quat2,-0.29247,-0.09859,0.54438,0.77999,1158.88
quat3,0.49823,-0.65028,0.18574,0.54259,1158.88
quat4,0.59126,-0.51581,0.05811,0.61723,1158.88
quat5,0.00000,0.38268,0.00000,-0.92388,1158.88
quat6,0.00000,0.38268,0.00000,-0.92388,1158.88
quat7,0.00000,0.38268,0.00000,-0.92388,1158.88
quat8,0.00000,0.38268,0.00000,-0.92388,1158.88
quat0,0.92111,-0.12324,-0.36926,0.00343,1158.9
quat1,0.32191,0.17945,-0.38038,-0.84823,1158.9
quat2,-0.27782,-0.11212,0.53340,0.79103,1158.9
quat3,0.48287,-0.65357,0.18375,0.55310,1158.9
quat4,0.57436,-0.51301,0.05536,0.63551,1158.9
quat5,0.00000,0.38268,0.00000,-0.92388,1158.9
quat6,0.00000,0.38268,0.00000,-0.92388,1158.9
quat7,0.00000,0.38268,0.00000,-0.92388,1158.9
quat8,0.00000,0.38268,0.00000,-0.92388,1158.9
quat0,0.92216,-0.12280,-0.36678,0.00313,1158.92
quat1,0.31029,0.18459,-0.37091,-0.85561,1158.92
quat2,-0.26547,-0.12222,0.52201,0.80131,1158.92
quat3,0.46723,-0.66001,0.18195,0.55945,1158.92
quat4,0.55760,-0.51500,0.05309,0.64888,1158.92
quat5,0.00000,0.38268,0.00000,-0.92388,1158.92
quat6,0.00000,0.38268,0.00000,-0.92388,1158.92
quat7,0.00000,0.38268,0.00000,-0.92388,1158.92
quat8,0.00000,0.38268,0.00000,-0.92388,1158.92
quat0,0.92297,-0.12180,-0.36507,0.00325,1158.94
quat1,0.30002,0.18607,-0.36035,-0.86343,1158.94
quat2,-0.25614,-0.12920,0.50968,0.81113,1158.94
quat3,0.45252,-0.66968,0.17861,0.56112,1158.94
quat4,0.54191,-0.52198,0.05112,0.65670,1158.94
quat5,0.00000,0.38268,0.00000,-0.92388,1158.94
quat6,0.00000,0.38268,0.00000,-0.92388,1158.94
quat7,0.00000,0.38268,0.00000,-0.92388,1158.94
quat8,0.00000,0.38268,0.00000,-0.92388,1158.94
quat0,0.92351,-0.11824,-0.36489,0.00279,1158.96
quat1,0.29200,0.18568,-0.34884,-0.87096,1158.96
quat2,-0.24983,-0.13328,0.49641,0.82061,1158.96
quat3,0.43938,-0.68042,0.17302,0.56038,1158.96
quat4,0.52761,-0.53291,0.04809,0.65979,1158.96
quat5,0.00000,0.38268,0.00000,-0.92388,1158.96
quat6,0.00000,0.38268,0.00000,-0.92388,1158.96
quat7,0.00000,0.38268,0.00000,-0.92388,1158.96
quat8,0.00000,0.38268,0.00000,-0.92388,1158.96
quat0,0.92344,-0.11841,-0.36499,0.00343,1158.98
quat1,0.28682,0.18256,-0.33685,-0.87803,1158.98
quat2,-0.24665,-0.13362,0.48270,0.82964,1158.98
quat3,0.42942,-0.69133,0.16551,0.55701,1158.98
quat4,0.51534,-0.54498,0.04196,0.66005,1158.98
quat5,0.00000,0.38268,0.00000,-0.92388,1158.98
quat6,0.00000,0.38268,0.00000,-0.92388,1158.98
quat7,0.00000,0.38268,0.00000,-0.92388,1158.98
quat8,0.00000,0.38268,0.00000,-0.92388,1158.98
quat0,0.92372,-0.11580,-0.36513,0.00437,1159
quat1,0.28362,0.17682,-0.32426,-0.88496,1159
quat2,-0.24685,-0.13006,0.46932,0.83779,1159
quat3,0.42204,-0.70264,0.15604,0.55121,1159
quat4,0.50525,-0.55682,0.03165,0.65854,1159
quat5,0.00000,0.38268,0.00000,-0.92388,1159
quat6,0.00000,0.38268,0.00000,-0.92388,1159
quat7,0.00000,0.38268,0.00000,-0.92388,1159
quat8,0.00000,0.38268,0.00000,-0.92388,1159
quat0,0.92305,-0.11481,-0.36712,0.00464,1159.02
quat1,0.28292,0.16869,-0.31192,-0.89118,1159.02
quat2,-0.25080,-0.12363,0.45576,0.84504,1159.02
quat3,0.41749,-0.71381,0.14596,0.54303,1159.02
quat4,0.49731,-0.56798,0.01778,0.65557,1159.02
quat5,0.00000,0.38268,0.00000,-0.92388,1159.02
quat6,0.00000,0.38268,0.00000,-0.92388,1159.02
quat7,0.00000,0.38268,0.00000,-0.92388,1159.02
quat8,0.00000,0.38268,0.00000,-0.92388,1159.02
quat0,0.92222,-0.11324,-0.36969,0.00496,1159.04
quat1,0.28460,0.15846,-0.29991,-0.89663,1159.04
quat2,-0.25816,-0.11480,0.44243,0.85113,1159.04
quat3,0.41556,-0.72426,0.13505,0.53340,1159.04
quat4,0.49136,-0.57918,0.00178,0.65047,1159.04
quat5,0.00000,0.38268,0.00000,-0.92388,1159.04
quat6,0.00000,0.38268,0.00000,-0.92388,1159.04
quat7,0.00000,0.38268,0.00000,-0.92388,1159.04
quat8,0.00000,0.38268,0.00000,-0.92388,1159.04
quat0,0.92228,-0.11219,-0.36984,0.00564,1159.06
quat1,0.28857,0.14599,-0.28915,-0.90100,1159.06
quat2,-0.26815,-0.10241,0.42970,0.85613,1159.06
quat3,0.41569,-0.73474,0.12429,0.52145,1159.06
quat4,0.48781,-0.59256,-0.01317,0.64089,1159.06
quat5,0.00000,0.38268,0.00000,-0.92388,1159.06
quat6,0.00000,0.38268,0.00000,-0.92388,1159.06
quat7,0.00000,0.38268,0.00000,-0.92388,1159.06
quat8,0.00000,0.38268,0.00000,-0.92388,1159.06
quat0,0.92185,-0.10914,-0.37180,0.00645,1159.08
quat1,0.29366,0.13139,-0.27971,-0.90458,1159.08
quat2,-0.27983,-0.08588,0.41865,0.85968,1159.08
quat3,0.41760,-0.74570,0.11418,0.50647,1159.08
quat4,0.48719,-0.60781,-0.02638,0.62651,1159.08
quat5,0.00000,0.38268,0.00000,-0.92388,1159.08
quat6,0.00000,0.38268,0.00000,-0.92388,1159.08
quat7,0.00000,0.38268,0.00000,-0.92388,1159.08
quat8,0.00000,0.38268,0.00000,-0.92388,1159.08
quat0,0.92194,-0.11019,-0.37129,0.00565,1159.1
quat1,0.29994,0.11590,-0.27200,-0.90698,1159.1
quat2,-0.29271,-0.06511,0.40990,0.86143,1159.1
quat3,0.42142,-0.75582,0.10505,0.49001,1159.1
quat4,0.48952,-0.62252,-0.03842,0.60940,1159.1
quat5,0.00000,0.38268,0.00000,-0.92388,1159.1
quat6,0.00000,0.38268,0.00000,-0.92388,1159.1
quat7,0.00000,0.38268,0.00000,-0.92388,1159.1
quat8,0.00000,0.38268,0.00000,-0.92388,1159.1
quat0,0.92191,-0.10829,-0.37190,0.00652,1159.12
quat1,0.30751,0.09977,-0.26650,-0.90800,1159.12
quat2,-0.30645,-0.04106,0.40392,0.86096,1159.12
quat3,0.42756,-0.76350,0.09654,0.47427,1159.12
quat4,0.49448,-0.63500,-0.04990,0.59142,1159.12
quat5,0.00000,0.38268,0.00000,-0.92388,1159.12
quat6,0.00000,0.38268,0.00000,-0.92388,1159.12
quat7,0.00000,0.38268,0.00000,-0.92388,1159.12
quat8,0.00000,0.38268,0.00000,-0.92388,1159.12
quat0,0.92176,-0.10748,-0.37251,0.00618,1159.14
quat1,0.31611,0.08329,-0.26316,-0.90768,1159.14
quat2,-0.32052,-0.01505,0.40118,0.85796,1159.14
quat3,0.43657,-0.76784,0.08776,0.46058,1159.14
quat4,0.50186,-0.64433,-0.06100,0.57380,1159.14
quat5,0.00000,0.38268,0.00000,-0.92388,1159.14
quat6,0.00000,0.38268,0.00000,-0.92388,1159.14
quat7,0.00000,0.38268,0.00000,-0.92388,1159.14
quat8,0.00000,0.38268,0.00000,-0.92388,1159.14
quat0,0.92182,-0.10744,-0.37238,0.00612,1159.16
quat1,0.32668,0.06838,-0.26193,-0.90554,1159.16
quat2,-0.33394,0.01191,0.40242,0.85229,1159.16
quat3,0.44737,-0.76881,0.07932,0.45000,1159.16
quat4,0.51127,-0.64993,-0.07181,0.55770,1159.16
quat5,0.00000,0.38268,0.00000,-0.92388,1159.16
quat6,0.00000,0.38268,0.00000,-0.92388,1159.16
quat7,0.00000,0.38268,0.00000,-0.92388,1159.16
quat8,0.00000,0.38268,0.00000,-0.92388,1159.16
quat0,0.92150,-0.10534,-0.37376,0.00648,1159.18
quat1,0.33821,0.05561,-0.26227,-0.90208,1159.18
quat2,-0.34593,0.03870,0.40811,0.84397,1159.18
quat3,0.45922,-0.76772,0.07234,0.44100,1159.18
quat4,0.52283,-0.65252,-0.08168,0.54240,1159.18
quat5,0.00000,0.38268,0.00000,-0.92388,1159.18
quat6,0.00000,0.38268,0.00000,-0.92388,1159.18
quat7,0.00000,0.38268,0.00000,-0.92388,1159.18
quat8,0.00000,0.38268,0.00000,-0.92388,1159.18
quat0,0.92141,-0.10342,-0.37452,0.00627,1159.2
quat1,0.35035,0.04528,-0.26473,-0.89729,1159.2
quat2,-0.35718,0.06286,0.41718,0.83333,1159.2
quat3,0.47189,-0.76518,0.06726,0.43278,1159.2
quat4,0.53614,-0.65199,-0.09020,0.52851,1159.2
quat5,0.00000,0.38268,0.00000,-0.92388,1159.2
quat6,0.00000,0.38268,0.00000,-0.92388,1159.2
quat7,0.00000,0.38268,0.00000,-0.92388,1159.2
quat8,0.00000,0.38268,0.00000,-0.92388,1159.2
quat0,0.92165,-0.10254,-0.37414,0.00761,1159.22
quat1,0.36248,0.03629,-0.26996,-0.89130,1159.22
quat2,-0.36815,0.08270,0.42837,0.82105,1159.22
quat3,0.48467,-0.76130,0.06497,0.42578,1159.22
quat4,0.55097,-0.64902,-0.09758,0.51544,1159.22
quat5,0.00000,0.38268,0.00000,-0.92388,1159.22
quat6,0.00000,0.38268,0.00000,-0.92388,1159.22
quat7,0.00000,0.38268,0.00000,-0.92388,1159.22
quat8,0.00000,0.38268,0.00000,-0.92388,1159.22
quat0,0.92177,-0.10185,-0.37405,0.00772,1159.24
quat1,0.37497,0.02911,-0.27755,-0.88403,1159.24
quat2,-0.37968,0.09526,0.44022,0.80807,1159.24
quat3,0.49844,-0.75611,0.06496,0.41908,1159.24
quat4,0.56692,-0.64430,-0.10302,0.50285,1159.24
quat5,0.00000,0.38268,0.00000,-0.92388,1159.24
quat6,0.00000,0.38268,0.00000,-0.92388,1159.24
quat7,0.00000,0.38268,0.00000,-0.92388,1159.24
quat8,0.00000,0.38268,0.00000,-0.92388,1159.24
quat0,0.92176,-0.10195,-0.37405,0.00719,1159.26
quat1,0.38809,0.02441,-0.28700,-0.87545,1159.26
quat2,-0.39195,0.10110,0.45166,0.79509,1159.26
quat3,0.51240,-0.75006,0.06734,0.41269,1159.26
quat4,0.58398,-0.63825,-0.10604,0.49027,1159.26
quat5,0.00000,0.38268,0.00000,-0.92388,1159.26
quat6,0.00000,0.38268,0.00000,-0.92388,1159.26
quat7,0.00000,0.38268,0.00000,-0.92388,1159.26
quat8,0.00000,0.38268,0.00000,-0.92388,1159.26
quat0,0.92246,-0.10202,-0.37229,0.00711,1159.28
quat1,0.40137,0.02314,-0.29774,-0.86586,1159.28
quat2,-0.40458,0.10144,0.46311,0.78202,1159.28
quat3,0.52603,-0.74312,0.07166,0.40735,1159.28
quat4,0.60205,-0.63200,-0.10446,0.47665,1159.28
quat5,0.00000,0.38268,0.00000,-0.92388,1159.28
quat6,0.00000,0.38268,0.00000,-0.92388,1159.28
quat7,0.00000,0.38268,0.00000,-0.92388,1159.28
quat8,0.00000,0.38268,0.00000,-0.92388,1159.28
quat0,0.92300,-0.10160,-0.37111,0.00564,1159.3
quat1,0.41370,0.02282,-0.31064,-0.85547,1159.3
quat2,-0.41596,0.09909,0.47599,0.76850,1159.3
quat3,0.53946,-0.73518,0.07734,0.40313,1159.3
quat4,0.62059,-0.62459,-0.09987,0.46344,1159.3
quat5,0.00000,0.38268,0.00000,-0.92388,1159.3
quat6,0.00000,0.38268,0.00000,-0.92388,1159.3
quat7,0.00000,0.38268,0.00000,-0.92388,1159.3
quat8,0.00000,0.38268,0.00000,-0.92388,1159.3
quat0,0.92346,-0.10332,-0.36950,0.00419,1159.32
quat1,0.42430,0.02311,-0.32488,-0.84492,1159.32
quat2,-0.42515,0.09588,0.49092,0.75435,1159.32
quat3,0.55291,-0.72569,0.08393,0.40077,1159.32
quat4,0.63867,-0.61456,-0.09496,0.45321,1159.32
quat5,0.00000,0.38268,0.00000,-0.92388,1159.32
quat6,0.00000,0.38268,0.00000,-0.92388,1159.32
quat7,0.00000,0.38268,0.00000,-0.92388,1159.32
quat8,0.00000,0.38268,0.00000,-0.92388,1159.32
quat0,0.92410,-0.10404,-0.36770,0.00295,1159.34
quat1,0.43303,0.02473,-0.33983,-0.83450,1159.34
quat2,-0.43178,0.09156,0.50751,0.74001,1159.34
quat3,0.56536,-0.71529,0.09148,0.40046,1159.34
quat4,0.65583,-0.60225,-0.08980,0.44624,1159.34
quat5,0.00000,0.38268,0.00000,-0.92388,1159.34
quat6,0.00000,0.38268,0.00000,-0.92388,1159.34
quat7,0.00000,0.38268,0.00000,-0.92388,1159.34
quat8,0.00000,0.38268,0.00000,-0.92388,1159.34
quat0,0.92407,-0.10494,-0.36753,0.00315,1159.36
quat1,0.44011,0.02732,-0.35543,-0.82415,1159.36
quat2,-0.43617,0.08647,0.52452,0.72606,1159.36
quat3,0.57700,-0.70470,0.09952,0.40070,1159.36
quat4,0.67173,-0.58852,-0.08322,0.44216,1159.36
quat5,0.00000,0.38268,0.00000,-0.92388,1159.36
quat6,0.00000,0.38268,0.00000,-0.92388,1159.36
quat7,0.00000,0.38268,0.00000,-0.92388,1159.36
quat8,0.00000,0.38268,0.00000,-0.92388,1159.36
quat0,0.92427,-0.10639,-0.36660,0.00211,1159.38
quat1,0.44549,0.03136,-0.37066,-0.81435,1159.38
quat2,-0.43894,0.07929,0.54059,0.71331,1159.38
quat3,0.58747,-0.69407,0.10726,0.40204,1159.38
quat4,0.68607,-0.57436,-0.07457,0.44028,1159.38
quat5,0.00000,0.38268,0.00000,-0.92388,1159.38
quat6,0.00000,0.38268,0.00000,-0.92388,1159.38
quat7,0.00000,0.38268,0.00000,-0.92388,1159.38
quat8,0.00000,0.38268,0.00000,-0.92388,1159.38
quat0,0.92367,-0.10713,-0.36790,0.00193,1159.4
quat1,0.44908,0.03688,-0.38523,-0.80534,1159.4
quat2,-0.44014,0.06956,0.55465,0.70271,1159.4
quat3,0.59709,-0.68292,0.11345,0.40526,1159.4
quat4,0.69880,-0.55994,-0.06401,0.44051,1159.4
quat5,0.00000,0.38268,0.00000,-0.92388,1159.4
quat6,0.00000,0.38268,0.00000,-0.92388,1159.4
quat7,0.00000,0.38268,0.00000,-0.92388,1159.4
quat8,0.00000,0.38268,0.00000,-0.92388,1159.4
quat0,0.92384,-0.10909,-0.36689,0.00163,1159.42
quat1,0.45075,0.04376,-0.39864,-0.79749,1159.42
quat2,-0.43911,0.05845,0.56667,0.69474,1159.42
quat3,0.60522,-0.67206,0.11867,0.40984,1159.42
quat4,0.70925,-0.54562,-0.05291,0.44325,1159.42
quat5,0.00000,0.38268,0.00000,-0.92388,1159.42
quat6,0.00000,0.38268,0.00000,-0.92388,1159.42
quat7,0.00000,0.38268,0.00000,-0.92388,1159.42
quat8,0.00000,0.38268,0.00000,-0.92388,1159.42
quat0,0.92346,-0.11072,-0.36738,0.00238,1159.44
quat1,0.45105,0.05329,-0.41068,-0.79060,1159.44
quat2,-0.43499,0.04707,0.57683,0.68981,1159.44
quat3,0.61162,-0.66191,0.12364,0.41535,1159.44
quat4,0.71649,-0.53220,-0.04224,0.44902,1159.44
quat5,0.00000,0.38268,0.00000,-0.92388,1159.44
quat6,0.00000,0.38268,0.00000,-0.92388,1159.44
quat7,0.00000,0.38268,0.00000,-0.92388,1159.44
quat8,0.00000,0.38268,0.00000,-0.92388,1159.44
quat0,0.92426,-0.11237,-0.36485,0.00276,1159.46
quat1,0.45022,0.06434,-0.42000,-0.78534,1159.46
quat2,-0.42872,0.03432,0.58449,0.68804,1159.46
quat3,0.61566,-0.65278,0.12868,0.42223,1159.46
quat4,0.71951,-0.52047,-0.03401,0.45853,1159.46
quat5,0.00000,0.38268,0.00000,-0.92388,1159.46
quat6,0.00000,0.38268,0.00000,-0.92388,1159.46
quat7,0.00000,0.38268,0.00000,-0.92388,1159.46
quat8,0.00000,0.38268,0.00000,-0.92388,1159.46
quat0,0.92443,-0.11554,-0.36343,0.00216,1159.48
quat1,0.44885,0.07933,-0.42501,-0.78205,1159.48
quat2,-0.42166,0.01922,0.58845,0.68961,1159.48
quat3,0.61758,-0.64292,0.13247,0.43323,1159.48
quat4,0.71881,-0.51106,-0.02870,0.47043,1159.48
quat5,0.00000,0.38268,0.00000,-0.92388,1159.48
quat6,0.00000,0.38268,0.00000,-0.92388,1159.48
quat7,0.00000,0.38268,0.00000,-0.92388,1159.48
quat8,0.00000,0.38268,0.00000,-0.92388,1159.48
quat0,0.92368,-0.11993,-0.36390,-0.00057,1159.5
quat1,0.44434,0.09562,-0.42763,-0.78138,1159.5
quat2,-0.41338,0.00257,0.58924,0.69420,1159.5
quat3,0.61759,-0.63301,0.13511,0.44679,1159.5
quat4,0.71449,-0.50361,-0.02624,0.48497,1159.5
quat5,0.00000,0.38268,0.00000,-0.92388,1159.5
quat6,0.00000,0.38268,0.00000,-0.92388,1159.5
quat7,0.00000,0.38268,0.00000,-0.92388,1159.5
quat8,0.00000,0.38268,0.00000,-0.92388,1159.5
quat0,0.92437,-0.12163,-0.36160,0.00052,1159.52
quat1,0.43618,0.11023,-0.42906,-0.78327,1159.52
quat2,-0.40301,-0.01338,0.58781,0.70134,1159.52
quat3,0.61382,-0.62504,0.13951,0.46162,1159.52
quat4,0.70677,-0.49869,-0.02383,0.50122,1159.52
quat5,0.00000,0.38268,0.00000,-0.92388,1159.52
quat6,0.00000,0.38268,0.00000,-0.92388,1159.52
quat7,0.00000,0.38268,0.00000,-0.92388,1159.52
quat8,0.00000,0.38268,0.00000,-0.92388,1159.52
quat0,0.92344,-0.12251,-0.36365,0.00064,1159.54
quat1,0.42376,0.12356,-0.42912,-0.78805,1159.54
quat2,-0.39040,-0.02777,0.58500,0.71035,1159.54
quat3,0.60569,-0.62164,0.14685,0.47450,1159.54
quat4,0.69647,-0.49611,-0.02030,0.51808,1159.54
quat5,0.00000,0.38268,0.00000,-0.92388,1159.54
quat6,0.00000,0.38268,0.00000,-0.92388,1159.54
quat7,0.00000,0.38268,0.00000,-0.92388,1159.54
quat8,0.00000,0.38268,0.00000,-0.92388,1159.54
quat0,0.92313,-0.12436,-0.36383,-0.00026,1159.56
quat1,0.40815,0.13483,-0.42772,-0.79517,1159.56
quat2,-0.37504,-0.04001,0.58149,0.72084,1159.56
quat3,0.59343,-0.62352,0.15609,0.48446,1159.56
quat4,0.68451,-0.49595,-0.01368,0.53413,1159.56
quat5,0.00000,0.38268,0.00000,-0.92388,1159.56
quat6,0.00000,0.38268,0.00000,-0.92388,1159.56
quat7,0.00000,0.38268,0.00000,-0.92388,1159.56
quat8,0.00000,0.38268,0.00000,-0.92388,1159.56
quat0,0.92314,-0.12420,-0.36383,-0.00146,1159.58
quat1,0.39114,0.14432,-0.42395,-0.80402,1159.58
quat2,-0.35788,-0.05130,0.57649,0.73277,1159.58
quat3,0.57835,-0.62936,0.16487,0.49218,1159.58
quat4,0.67059,-0.49792,-0.00493,0.54987,1159.58
quat5,0.00000,0.38268,0.00000,-0.92388,1159.58
quat6,0.00000,0.38268,0.00000,-0.92388,1159.58
quat7,0.00000,0.38268,0.00000,-0.92388,1159.58
quat8,0.00000,0.38268,0.00000,-0.92388,1159.58
quat0,0.92263,-0.12379,-0.36527,-0.00170,1159.6
quat1,0.37506,0.15310,-0.41755,-0.81335,1159.6
quat2,-0.34047,-0.06260,0.56887,0.74602,1159.6
quat3,0.56126,-0.63737,0.17174,0.49925,1159.6
quat4,0.65435,-0.50151,0.00389,0.56595,1159.6
quat5,0.00000,0.38268,0.00000,-0.92388,1159.6
quat6,0.00000,0.38268,0.00000,-0.92388,1159.6
quat7,0.00000,0.38268,0.00000,-0.92388,1159.6
quat8,0.00000,0.38268,0.00000,-0.92388,1159.6
quat0,0.92253,-0.12196,-0.36614,-0.00136,1159.62
quat1,0.36046,0.16143,-0.40770,-0.82328,1159.62
quat2,-0.32353,-0.07368,0.55865,0.76014,1159.62
quat3,0.54355,-0.64613,0.17477,0.50649,1159.62
quat4,0.63642,-0.50468,0.00977,0.58325,1159.62
quat5,0.00000,0.38268,0.00000,-0.92388,1159.62
quat6,0.00000,0.38268,0.00000,-0.92388,1159.62
quat7,0.00000,0.38268,0.00000,-0.92388,1159.62
quat8,0.00000,0.38268,0.00000,-0.92388,1159.62
quat0,0.92309,-0.11928,-0.36562,-0.00020,1159.64
quat1,0.34631,0.16836,-0.39541,-0.83389,1159.64
quat2,-0.30749,-0.08295,0.54627,0.77470,1159.64
quat3,0.52650,-0.65427,0.17255,0.51474,1159.64
quat4,0.61704,-0.50634,0.01013,0.60232,1159.64
quat5,0.00000,0.38268,0.00000,-0.92388,1159.64
quat6,0.00000,0.38268,0.00000,-0.92388,1159.64
quat7,0.00000,0.38268,0.00000,-0.92388,1159.64
quat8,0.00000,0.38268,0.00000,-0.92388,1159.64
quat0,0.92261,-0.11796,-0.36726,-0.00025,1159.66
quat1,0.33297,0.17293,-0.38144,-0.84482,1159.66
quat2,-0.29357,-0.08960,0.53171,0.78935,1159.66
quat3,0.51046,-0.66183,0.16661,0.52312,1159.66
quat4,0.59706,-0.50746,0.00574,0.62126,1159.66
quat5,0.00000,0.38268,0.00000,-0.92388,1159.66
quat6,0.00000,0.38268,0.00000,-0.92388,1159.66
quat7,0.00000,0.38268,0.00000,-0.92388,1159.66
quat8,0.00000,0.38268,0.00000,-0.92388,1159.66
quat0,0.92306,-0.11652,-0.36658,0.00120,1159.68
quat1,0.31929,0.17406,-0.36624,-0.85652,1159.68
quat2,-0.28077,-0.09148,0.51646,0.80378,1159.68
quat3,0.49507,-0.67058,0.15898,0.52911,1159.68
quat4,0.57705,-0.50969,-0.00126,0.63815,1159.68
quat5,0.00000,0.38268,0.00000,-0.92388,1159.68
quat6,0.00000,0.38268,0.00000,-0.92388,1159.68
quat7,0.00000,0.38268,0.00000,-0.92388,1159.68
quat8,0.00000,0.38268,0.00000,-0.92388,1159.68
quat0,0.92267,-0.11608,-0.36770,0.00099,1159.7
quat1,0.30650,0.17099,-0.35074,-0.86821,1159.7
quat2,-0.26934,-0.08696,0.50136,0.81764,1159.7
quat3,0.48039,-0.68127,0.15062,0.53143,1159.7
quat4,0.55796,-0.51540,-0.00930,0.65036,1159.7
quat5,0.00000,0.38268,0.00000,-0.92388,1159.7
quat6,0.00000,0.38268,0.00000,-0.92388,1159.7
quat7,0.00000,0.38268,0.00000,-0.92388,1159.7
quat8,0.00000,0.38268,0.00000,-0.92388,1159.7
quat0,0.92274,-0.11258,-0.36860,0.00188,1159.72
quat1,0.29524,0.16399,-0.33575,-0.87932,1159.72
quat2,-0.26084,-0.07794,0.48633,0.83028,1159.72
quat3,0.46609,-0.69443,0.14211,0.52946,1159.72
quat4,0.54039,-0.52698,-0.01638,0.65574,1159.72
quat5,0.00000,0.38268,0.00000,-0.92388,1159.72
quat6,0.00000,0.38268,0.00000,-0.92388,1159.72
quat7,0.00000,0.38268,0.00000,-0.92388,1159.72
quat8,0.00000,0.38268,0.00000,-0.92388,1159.72
quat0,0.92307,-0.11274,-0.36772,0.00236,1159.74
quat1,0.28718,0.15517,-0.32045,-0.88924,1159.74
quat2,-0.25640,-0.06797,0.47096,0.84133,1159.74
quat3,0.45284,-0.70947,0.13391,0.52312,1159.74
quat4,0.52491,-0.54490,-0.02182,0.65352,1159.74
quat5,0.00000,0.38268,0.00000,-0.92388,1159.74
quat6,0.00000,0.38268,0.00000,-0.92388,1159.74
quat7,0.00000,0.38268,0.00000,-0.92388,1159.74
quat8,0.00000,0.38268,0.00000,-0.92388,1159.74
quat0,0.92325,-0.11083,-0.36787,0.00140,1159.76
quat1,0.28309,0.14590,-0.30500,-0.89752,1159.76
quat2,-0.25681,-0.05848,0.45549,0.85039,1159.76
quat3,0.44230,-0.72503,0.12527,0.51284,1159.76
quat4,0.51201,-0.56573,-0.02753,0.64578,1159.76
quat5,0.00000,0.38268,0.00000,-0.92388,1159.76
quat6,0.00000,0.38268,0.00000,-0.92388,1159.76
quat7,0.00000,0.38268,0.00000,-0.92388,1159.76
quat8,0.00000,0.38268,0.00000,-0.92388,1159.76
quat0,0.92353,-0.11007,-0.36739,0.00131,1159.78
quat1,0.28197,0.13600,-0.29051,-0.90421,1159.78
quat2,-0.26103,-0.04780,0.44055,0.85761,1159.78
quat3,0.43450,-0.73927,0.11578,0.50128,1159.78
quat4,0.50211,-0.58649,-0.03485,0.63459,1159.78
quat5,0.00000,0.38268,0.00000,-0.92388,1159.78
quat6,0.00000,0.38268,0.00000,-0.92388,1159.78
quat7,0.00000,0.38268,0.00000,-0.92388,1159.78
quat8,0.00000,0.38268,0.00000,-0.92388,1159.78
quat0,0.92420,-0.10628,-0.36681,0.00153,1159.8
quat1,0.28238,0.12394,-0.27771,-0.90982,1159.8
quat2,-0.26791,-0.03476,0.42715,0.86288,1159.8
quat3,0.43019,-0.75127,0.10600,0.48917,1159.8
quat4,0.49532,-0.60454,-0.04521,0.62221,1159.8
quat5,0.00000,0.38268,0.00000,-0.92388,1159.8
quat6,0.00000,0.38268,0.00000,-0.92388,1159.8
quat7,0.00000,0.38268,0.00000,-0.92388,1159.8
quat8,0.00000,0.38268,0.00000,-0.92388,1159.8
quat0,0.92492,-0.10850,-0.36434,0.00155,1159.82
quat1,0.28493,0.10998,-0.26714,-0.91398,1159.82
quat2,-0.27628,-0.01808,0.41608,0.86616,1159.82
quat3,0.42913,-0.76110,0.09597,0.47684,1159.82
quat4,0.49150,-0.61931,-0.05771,0.60956,1159.82
quat5,0.00000,0.38268,0.00000,-0.92388,1159.82
quat6,0.00000,0.38268,0.00000,-0.92388,1159.82
quat7,0.00000,0.38268,0.00000,-0.92388,1159.82
quat8,0.00000,0.38268,0.00000,-0.92388,1159.82
quat0,0.92419,-0.10866,-0.36616,0.00048,1159.84
quat1,0.28941,0.09571,-0.25847,-0.91666,1159.84
quat2,-0.28624,0.00163,0.40824,0.86683,1159.84
quat3,0.43079,-0.76888,0.08596,0.46460,1159.84
quat4,0.49074,-0.63333,-0.06957,0.59433,1159.84
quat5,0.00000,0.38268,0.00000,-0.92388,1159.84
quat6,0.00000,0.38268,0.00000,-0.92388,1159.84
quat7,0.00000,0.38268,0.00000,-0.92388,1159.84
quat8,0.00000,0.38268,0.00000,-0.92388,1159.84
quat0,0.92485,-0.10675,-0.36503,0.00043,1159.86
quat1,0.29563,0.08120,-0.25179,-0.91794,1159.86
quat2,-0.29755,0.02310,0.40364,0.86487,1159.86
quat3,0.43442,-0.77538,0.07671,0.45187,1159.86
quat4,0.49389,-0.64704,-0.07864,0.57553,1159.86
quat5,0.00000,0.38268,0.00000,-0.92388,1159.86
quat6,0.00000,0.38268,0.00000,-0.92388,1159.86
quat7,0.00000,0.38268,0.00000,-0.92388,1159.86
quat8,0.00000,0.38268,0.00000,-0.92388,1159.86
quat0,0.92503,-0.10571,-0.36488,0.00018,1159.88
quat1,0.30316,0.06804,-0.24716,-0.91781,1159.88
quat2,-0.30995,0.04469,0.40199,0.86043,1159.88
quat3,0.43995,-0.78032,0.06831,0.43918,1159.88
quat4,0.50037,-0.66000,-0.08446,0.55399,1159.88
quat5,0.00000,0.38268,0.00000,-0.92388,1159.88
quat6,0.00000,0.38268,0.00000,-0.92388,1159.88
quat7,0.00000,0.38268,0.00000,-0.92388,1159.88
quat8,0.00000,0.38268,0.00000,-0.92388,1159.88
quat0,0.92526,-0.10529,-0.36442,-0.00090,1159.9
quat1,0.31327,0.05778,-0.24470,-0.91577,1159.9
quat2,-0.32262,0.06514,0.40310,0.85393,1159.9
quat3,0.44742,-0.78266,0.06036,0.42850,1159.9
quat4,0.50991,-0.67134,-0.08778,0.53065,1159.9
quat5,0.00000,0.38268,0.00000,-0.92388,1159.9
quat6,0.00000,0.38268,0.00000,-0.92388,1159.9
quat7,0.00000,0.38268,0.00000,-0.92388,1159.9
quat8,0.00000,0.38268,0.00000,-0.92388,1159.9
quat0,0.92570,-0.10510,-0.36335,-0.00230,1159.92
quat1,0.32717,0.05087,-0.24441,-0.91139,1159.92
quat2,-0.33589,0.08416,0.40706,0.84522,1159.92
quat3,0.45606,-0.78280,0.05419,0.41988,1159.92
quat4,0.52174,-0.67958,-0.09025,0.50775,1159.92
quat5,0.00000,0.38268,0.00000,-0.92388,1159.92
quat6,0.00000,0.38268,0.00000,-0.92388,1159.92
quat7,0.00000,0.38268,0.00000,-0.92388,1159.92
quat8,0.00000,0.38268,0.00000,-0.92388,1159.92
quat0,0.92527,-0.10319,-0.36499,-0.00347,1159.94
quat1,0.34150,0.04441,-0.24589,-0.90606,1159.94
quat2,-0.34958,0.10151,0.41369,0.83448,1159.94
quat3,0.46604,-0.78130,0.04996,0.41217,1159.94
quat4,0.53515,-0.68414,-0.09277,0.48679,1159.94
quat5,0.00000,0.38268,0.00000,-0.92388,1159.94
quat6,0.00000,0.38268,0.00000,-0.92388,1159.94
quat7,0.00000,0.38268,0.00000,-0.92388,1159.94
quat8,0.00000,0.38268,0.00000,-0.92388,1159.94
quat0,0.92517,-0.10491,-0.36475,-0.00446,1159.96
quat1,0.35517,0.03714,-0.25014,-0.89995,1159.96
quat2,-0.36347,0.11581,0.42239,0.82223,1159.96
quat3,0.47724,-0.77857,0.04779,0.40471,1159.96
quat4,0.54964,-0.68476,-0.09561,0.46889,1159.96
quat5,0.00000,0.38268,0.00000,-0.92388,1159.96
quat6,0.00000,0.38268,0.00000,-0.92388,1159.96
quat7,0.00000,0.38268,0.00000,-0.92388,1159.96
quat8,0.00000,0.38268,0.00000,-0.92388,1159.96
quat0,0.92490,-0.10575,-0.36517,-0.00521,1159.98
quat1,0.36891,0.02909,-0.25731,-0.89267,1159.98
quat2,-0.37672,0.12821,0.43331,0.80863,1159.98
quat3,0.48873,-0.77485,0.04782,0.39807,1159.98
quat4,0.56530,-0.68210,-0.09773,0.45346,1159.98
quat5,0.00000,0.38268,0.00000,-0.92388,1159.98
quat6,0.00000,0.38268,0.00000,-0.92388,1159.98
quat7,0.00000,0.38268,0.00000,-0.92388,1159.98
quat8,0.00000,0.38268,0.00000,-0.92388,1159.98
quat0,0.92493,-0.10421,-0.36554,-0.00591,1160
quat1,0.38128,0.02094,-0.26682,-0.88487,1160
quat2,-0.38871,0.13902,0.44689,0.79365,1160
quat3,0.50039,-0.76991,0.04983,0.39289,1160
quat4,0.58212,-0.67714,-0.09824,0.43928,1160
quat5,0.00000,0.38268,0.00000,-0.92388,1160
quat6,0.00000,0.38268,0.00000,-0.92388,1160
quat7,0.00000,0.38268,0.00000,-0.92388,1160
quat8,0.00000,0.38268,0.00000,-0.92388,1160
quat0,0.92431,-0.10658,-0.36639,-0.00723,1160.02
quat1,0.39306,0.01438,-0.27839,-0.87624,1160.02
quat2,-0.39919,0.14692,0.46179,0.77834,1160.02
quat3,0.51315,-0.76363,0.05351,0.38818,1160.02
quat4,0.59954,-0.67059,-0.09663,0.42605,1160.02
quat5,0.00000,0.38268,0.00000,-0.92388,1160.02
quat6,0.00000,0.38268,0.00000,-0.92388,1160.02
quat7,0.00000,0.38268,0.00000,-0.92388,1160.02
quat8,0.00000,0.38268,0.00000,-0.92388,1160.02
quat0,0.92408,-0.10831,-0.36647,-0.00723,1160.04
quat1,0.40430,0.00950,-0.29117,-0.86699,1160.04
quat2,-0.40878,0.15166,0.47722,0.76299,1160.04
quat3,0.52610,-0.75634,0.05850,0.38437,1160.04
quat4,0.61728,-0.66253,-0.09344,0.41388,1160.04
quat5,0.00000,0.38268,0.00000,-0.92388,1160.04
quat6,0.00000,0.38268,0.00000,-0.92388,1160.04
quat7,0.00000,0.38268,0.00000,-0.92388,1160.04
quat8,0.00000,0.38268,0.00000,-0.92388,1160.04
quat0,0.92424,-0.10994,-0.36555,-0.00853,1160.06
quat1,0.41527,0.00674,-0.30502,-0.85701,1160.06
quat2,-0.41738,0.15361,0.49304,0.74774,1160.06
quat3,0.53866,-0.74834,0.06454,0.38166,1160.06
quat4,0.63452,-0.65264,-0.08921,0.40432,1160.06
quat5,0.00000,0.38268,0.00000,-0.92388,1160.06
quat6,0.00000,0.38268,0.00000,-0.92388,1160.06
quat7,0.00000,0.38268,0.00000,-0.92388,1160.06
quat8,0.00000,0.38268,0.00000,-0.92388,1160.06
quat0,0.92398,-0.10943,-0.36632,-0.00981,1160.08
quat1,0.42527,0.00458,-0.31970,-0.84671,1160.08
quat2,-0.42507,0.15225,0.50841,0.73325,1160.08
quat3,0.55089,-0.73958,0.07197,0.37996,1160.08
quat4,0.65082,-0.64144,-0.08439,0.39733,1160.08
quat5,0.00000,0.38268,0.00000,-0.92388,1160.08
quat6,0.00000,0.38268,0.00000,-0.92388,1160.08
quat7,0.00000,0.38268,0.00000,-0.92388,1160.08
quat8,0.00000,0.38268,0.00000,-0.92388,1160.08
quat0,0.92367,-0.11147,-0.36647,-0.01000,1160.1
quat1,0.43344,0.00452,-0.33445,-0.83681,1160.1
quat2,-0.43156,0.14755,0.52297,0.72006,1160.1
quat3,0.56239,-0.73033,0.08043,0.37931,1160.1
quat4,0.66608,-0.62911,-0.07886,0.39286,1160.1
quat5,0.00000,0.38268,0.00000,-0.92388,1160.1
quat6,0.00000,0.38268,0.00000,-0.92388,1160.1
quat7,0.00000,0.38268,0.00000,-0.92388,1160.1
quat8,0.00000,0.38268,0.00000,-0.92388,1160.1
quat0,0.92380,-0.11328,-0.36560,-0.00992,1160.12
quat1,0.43994,0.00640,-0.34888,-0.82746,1160.12
quat2,-0.43606,0.14149,0.53752,0.70774,1160.12
quat3,0.57308,-0.72052,0.08875,0.38019,1160.12
quat4,0.68023,-0.61605,-0.07210,0.39061,1160.12
quat5,0.00000,0.38268,0.00000,-0.92388,1160.12
quat6,0.00000,0.38268,0.00000,-0.92388,1160.12
quat7,0.00000,0.38268,0.00000,-0.92388,1160.12
quat8,0.00000,0.38268,0.00000,-0.92388,1160.12
quat0,0.92457,-0.11417,-0.36336,-0.01022,1160.14
quat1,0.44483,0.01050,-0.36232,-0.81899,1160.14
quat2,-0.43907,0.13400,0.55165,0.69638,1160.14
quat3,0.58223,-0.71079,0.09706,0.38258,1160.14
quat4,0.69334,-0.60219,-0.06446,0.39049,1160.14
quat5,0.00000,0.38268,0.00000,-0.92388,1160.14
quat6,0.00000,0.38268,0.00000,-0.92388,1160.14
quat7,0.00000,0.38268,0.00000,-0.92388,1160.14
quat8,0.00000,0.38268,0.00000,-0.92388,1160.14
quat0,0.92488,-0.11585,-0.36205,-0.01007,1160.16
quat1,0.44868,0.01614,-0.37431,-0.81137,1160.16
quat2,-0.44072,0.12458,0.56478,0.68649,1160.16
quat3,0.59081,-0.70055,0.10416,0.38641,1160.16
quat4,0.70515,-0.58790,-0.05541,0.39251,1160.16
quat5,0.00000,0.38268,0.00000,-0.92388,1160.16
quat6,0.00000,0.38268,0.00000,-0.92388,1160.16
quat7,0.00000,0.38268,0.00000,-0.92388,1160.16
quat8,0.00000,0.38268,0.00000,-0.92388,1160.16
quat0,0.92530,-0.11478,-0.36135,-0.00887,1160.18
quat1,0.45127,0.02360,-0.38581,-0.80433,1160.18
quat2,-0.44081,0.11371,0.57662,0.67843,1160.18
quat3,0.59909,-0.69008,0.11081,0.39065,1160.18
quat4,0.71522,-0.57391,-0.04528,0.39627,1160.18
quat5,0.00000,0.38268,0.00000,-0.92388,1160.18
quat6,0.00000,0.38268,0.00000,-0.92388,1160.18
quat7,0.00000,0.38268,0.00000,-0.92388,1160.18
quat8,0.00000,0.38268,0.00000,-0.92388,1160.18
quat0,0.92570,-0.11453,-0.36042,-0.00730,1160.2
quat1,0.45151,0.03078,-0.39721,-0.79838,1160.2
quat2,-0.43901,0.10233,0.58740,0.67213,1160.2
quat3,0.60614,-0.68053,0.11729,0.39462,1160.2
quat4,0.72365,-0.56016,-0.03541,0.40163,1160.2
quat5,0.00000,0.38268,0.00000,-0.92388,1160.2
quat6,0.00000,0.38268,0.00000,-0.92388,1160.2
quat7,0.00000,0.38268,0.00000,-0.92388,1160.2
quat8,0.00000,0.38268,0.00000,-0.92388,1160.2
quat0,0.92536,-0.11588,-0.36089,-0.00628,1160.22
quat1,0.45008,0.03877,-0.40817,-0.79330,1160.22
quat2,-0.43545,0.09090,0.59719,0.66745,1160.22
quat3,0.61152,-0.67208,0.12362,0.39883,1160.22
quat4,0.72984,-0.54724,-0.02588,0.40889,1160.22
quat5,0.00000,0.38268,0.00000,-0.92388,1160.22
quat6,0.00000,0.38268,0.00000,-0.92388,1160.22
quat7,0.00000,0.38268,0.00000,-0.92388,1160.22
quat8,0.00000,0.38268,0.00000,-0.92388,1160.22
quat0,0.92442,-0.11818,-0.36255,-0.00627,1160.24
quat1,0.44782,0.04760,-0.41745,-0.78925,1160.24
quat2,-0.43064,0.07959,0.60581,0.66424,1160.24
quat3,0.61537,-0.66330,0.12953,0.40568,1160.24
quat4,0.73329,-0.53643,-0.01615,0.41746,1160.24
quat5,0.00000,0.38268,0.00000,-0.92388,1160.24
quat6,0.00000,0.38268,0.00000,-0.92388,1160.24
quat7,0.00000,0.38268,0.00000,-0.92388,1160.24
quat8,0.00000,0.38268,0.00000,-0.92388,1160.24
quat0,0.92357,-0.11975,-0.36421,-0.00558,1160.26
quat1,0.44356,0.05634,-0.42553,-0.78677,1160.26
quat2,-0.42500,0.06803,0.61266,0.66287,1160.26
quat3,0.61697,-0.65532,0.13584,0.41407,1160.26
quat4,0.73421,-0.52843,-0.00686,0.42620,1160.26
quat5,0.00000,0.38268,0.00000,-0.92388,1160.26
quat6,0.00000,0.38268,0.00000,-0.92388,1160.26
quat7,0.00000,0.38268,0.00000,-0.92388,1160.26
quat8,0.00000,0.38268,0.00000,-0.92388,1160.26
quat0,0.92246,-0.12205,-0.36626,-0.00517,1160.28
quat1,0.43781,0.06480,-0.43230,-0.78565,1160.28
quat2,-0.41849,0.05585,0.61746,0.66370,1160.28
quat3,0.61606,-0.64904,0.14340,0.42267,1160.28
quat4,0.73251,-0.52252,0.00094,0.43635,1160.28
quat5,0.00000,0.38268,0.00000,-0.92388,1160.28
quat6,0.00000,0.38268,0.00000,-0.92388,1160.28
quat7,0.00000,0.38268,0.00000,-0.92388,1160.28
quat8,0.00000,0.38268,0.00000,-0.92388,1160.28
quat0,0.92319,-0.12007,-0.36508,-0.00436,1160.3
quat1,0.43118,0.07327,-0.43780,-0.78552,1160.3
quat2,-0.41140,0.04286,0.62014,0.66659,1160.3
quat3,0.61352,-0.64398,0.15102,0.43137,1160.3
quat4,0.72821,-0.51742,0.00551,0.44940,1160.3
quat5,0.00000,0.38268,0.00000,-0.92388,1160.3
quat6,0.00000,0.38268,0.00000,-0.92388,1160.3
quat7,0.00000,0.38268,0.00000,-0.92388,1160.3
quat8,0.00000,0.38268,0.00000,-0.92388,1160.3
quat0,0.92291,-0.12386,-0.36452,-0.00537,1160.32
quat1,0.42414,0.08294,-0.44131,-0.78643,1160.32
quat2,-0.40376,0.02909,0.62063,0.67153,1160.32
quat3,0.60949,-0.64000,0.15813,0.44037,1160.32
quat4,0.72190,-0.51337,0.00812,0.46395,1160.32
quat5,0.00000,0.38268,0.00000,-0.92388,1160.32
quat6,0.00000,0.38268,0.00000,-0.92388,1160.32
quat7,0.00000,0.38268,0.00000,-0.92388,1160.32
quat8,0.00000,0.38268,0.00000,-0.92388,1160.32
quat0,0.92329,-0.12186,-0.36424,-0.00475,1160.34
quat1,0.41721,0.09242,-0.44251,-0.78840,1160.34
quat2,-0.39717,0.01303,0.61780,0.67854,1160.34
quat3,0.60293,-0.63835,0.16592,0.44883,1160.34
quat4,0.71423,-0.51080,0.01106,0.47837,1160.34
quat5,0.00000,0.38268,0.00000,-0.92388,1160.34
quat6,0.00000,0.38268,0.00000,-0.92388,1160.34
quat7,0.00000,0.38268,0.00000,-0.92388,1160.34
quat8,0.00000,0.38268,0.00000,-0.92388,1160.34
quat0,0.92329,-0.12367,-0.36362,-0.00511,1160.36
quat1,0.40970,0.10167,-0.44135,-0.79185,1160.36
quat2,-0.39179,-0.00483,0.61183,0.68712,1160.36
quat3,0.59456,-0.63934,0.17366,0.45561,1160.36
quat4,0.70549,-0.50973,0.01483,0.49218,1160.36
quat5,0.00000,0.38268,0.00000,-0.92388,1160.36
quat6,0.00000,0.38268,0.00000,-0.92388,1160.36
quat7,0.00000,0.38268,0.00000,-0.92388,1160.36
quat8,0.00000,0.38268,0.00000,-0.92388,1160.36
quat0,0.92323,-0.12447,-0.36346,-0.00669,1160.38
quat1,0.40149,0.11021,-0.43845,-0.79651,1160.38
quat2,-0.38701,-0.02290,0.60346,0.69680,1160.38
quat3,0.58427,-0.64299,0.18113,0.46086,1160.38
quat4,0.69562,-0.50965,0.01849,0.50599,1160.38
quat5,0.00000,0.38268,0.00000,-0.92388,1160.38
quat6,0.00000,0.38268,0.00000,-0.92388,1160.38
quat7,0.00000,0.38268,0.00000,-0.92388,1160.38
quat8,0.00000,0.38268,0.00000,-0.92388,1160.38
quat0,0.92297,-0.12440,-0.36416,-0.00667,1160.4
quat1,0.39195,0.11703,-0.43408,-0.80265,1160.4
quat2,-0.38211,-0.04026,0.59367,0.70706,1160.4
quat3,0.57281,-0.64764,0.18643,0.46658,1160.4
quat4,0.68455,-0.51082,0.02203,0.51959,1160.4
quat5,0.00000,0.38268,0.00000,-0.92388,1160.4
quat6,0.00000,0.38268,0.00000,-0.92388,1160.4
quat7,0.00000,0.38268,0.00000,-0.92388,1160.4
quat8,0.00000,0.38268,0.00000,-0.92388,1160.4
quat0,0.92325,-0.12317,-0.36386,-0.00621,1160.42
quat1,0.38128,0.12216,-0.42866,-0.80991,1160.42
quat2,-0.37627,-0.05523,0.58320,0.71781,1160.42
quat3,0.56102,-0.65299,0.18885,0.47243,1160.42
quat4,0.67235,-0.51322,0.02463,0.53287,1160.42
quat5,0.00000,0.38268,0.00000,-0.92388,1160.42
quat6,0.00000,0.38268,0.00000,-0.92388,1160.42
quat7,0.00000,0.38268,0.00000,-0.92388,1160.42
quat8,0.00000,0.38268,0.00000,-0.92388,1160.42
quat0,0.92313,-0.12320,-0.36416,-0.00612,1160.44
quat1,0.37063,0.12630,-0.42186,-0.81775,1160.44
quat2,-0.36865,-0.06616,0.57292,0.72903,1160.44
quat3,0.54893,-0.65888,0.18932,0.47824,1160.44
quat4,0.65912,-0.51625,0.02535,0.54626,1160.44
quat5,0.00000,0.38268,0.00000,-0.92388,1160.44
quat6,0.00000,0.38268,0.00000,-0.92388,1160.44
quat7,0.00000,0.38268,0.00000,-0.92388,1160.44
quat8,0.00000,0.38268,0.00000,-0.92388,1160.44
quat0,0.92328,-0.12268,-0.36395,-0.00617,1160.46
quat1,0.35962,0.12942,-0.41398,-0.82616,1160.46
quat2,-0.35933,-0.07256,0.56317,0.74058,1160.46
quat3,0.53640,-0.66575,0.18827,0.48332,1160.46
quat4,0.64504,-0.52081,0.02459,0.55864,1160.46
quat5,0.00000,0.38268,0.00000,-0.92388,1160.46
quat6,0.00000,0.38268,0.00000,-0.92388,1160.46
quat7,0.00000,0.38268,0.00000,-0.92388,1160.46
quat8,0.00000,0.38268,0.00000,-0.92388,1160.46
quat0,0.92311,-0.12372,-0.36403,-0.00667,1160.48
quat1,0.34782,0.13074,-0.40512,-0.83535,1160.48
quat2,-0.34920,-0.07477,0.55358,0.75234,1160.48
quat3,0.52323,-0.67371,0.18620,0.48752,1160.48
quat4,0.63022,-0.52683,0.02309,0.56986,1160.48
quat5,0.00000,0.38268,0.00000,-0.92388,1160.48
quat6,0.00000,0.38268,0.00000,-0.92388,1160.48
quat7,0.00000,0.38268,0.00000,-0.92388,1160.48
quat8,0.00000,0.38268,0.00000,-0.92388,1160.48
quat0,0.92386,-0.12190,-0.36275,-0.00613,1160.5
quat1,0.33669,0.12980,-0.39549,-0.84462,1160.5
quat2,-0.33819,-0.07297,0.54449,0.76409,1160.5
quat3,0.51081,-0.68228,0.18209,0.49032,1160.5
quat4,0.61546,-0.53410,0.01991,0.57927,1160.5
quat5,0.00000,0.38268,0.00000,-0.92388,1160.5
quat6,0.00000,0.38268,0.00000,-0.92388,1160.5
quat7,0.00000,0.38268,0.00000,-0.92388,1160.5
quat8,0.00000,0.38268,0.00000,-0.92388,1160.5
quat0,0.92357,-0.12242,-0.36330,-0.00617,1160.52
quat1,0.32562,0.12581,-0.38539,-0.85418,1160.52
quat2,-0.32741,-0.06741,0.53516,0.77580,1160.52
quat3,0.49867,-0.69138,0.17660,0.49207,1160.52
quat4,0.60079,-0.54245,0.01529,0.58700,1160.52
quat5,0.00000,0.38268,0.00000,-0.92388,1160.52
quat6,0.00000,0.38268,0.00000,-0.92388,1160.52
quat7,0.00000,0.38268,0.00000,-0.92388,1160.52
quat8,0.00000,0.38268,0.00000,-0.92388,1160.52
quat0,0.92390,-0.11913,-0.36357,-0.00523,1160.54
quat1,0.31421,0.11926,-0.37456,-0.86415,1160.54
quat2,-0.31791,-0.05999,0.52569,0.78676,1160.54
quat3,0.48739,-0.70085,0.16999,0.49231,1160.54
quat4,0.58647,-0.55181,0.00985,0.59284,1160.54
quat5,0.00000,0.38268,0.00000,-0.92388,1160.54
quat6,0.00000,0.38268,0.00000,-0.92388,1160.54
quat7,0.00000,0.38268,0.00000,-0.92388,1160.54
quat8,0.00000,0.38268,0.00000,-0.92388,1160.54
quat0,0.92396,-0.12033,-0.36303,-0.00563,1160.56
quat1,0.30345,0.11130,-0.36268,-0.87407,1160.56
quat2,-0.31024,-0.05092,0.51584,0.79691,1160.56
quat3,0.47708,-0.71083,0.16245,0.49064,1160.56
quat4,0.57322,-0.56166,0.00300,0.59662,1160.56
quat5,0.00000,0.38268,0.00000,-0.92388,1160.56
quat6,0.00000,0.38268,0.00000,-0.92388,1160.56
quat7,0.00000,0.38268,0.00000,-0.92388,1160.56
quat8,0.00000,0.38268,0.00000,-0.92388,1160.56
quat0,0.92369,-0.12008,-0.36381,-0.00524,1160.58
quat1,0.29507,0.10176,-0.35120,-0.88275,1160.58
quat2,-0.30505,-0.04091,0.50573,0.80592,1160.58
quat3,0.46841,-0.72124,0.15385,0.48655,1160.58
quat4,0.56168,-0.57164,-0.00497,0.59810,1160.58
quat5,0.00000,0.38268,0.00000,-0.92388,1160.58
quat6,0.00000,0.38268,0.00000,-0.92388,1160.58
quat7,0.00000,0.38268,0.00000,-0.92388,1160.58
quat8,0.00000,0.38268,0.00000,-0.92388,1160.58
quat0,0.92404,-0.11904,-0.36326,-0.00495,1160.6
quat1,0.28819,0.09051,-0.34017,-0.89053,1160.6
quat2,-0.30379,-0.03066,0.49502,0.81347,1160.6
quat3,0.46073,-0.73172,0.14502,0.48092,1160.6
quat4,0.55207,-0.58267,-0.01315,0.59628,1160.6
quat5,0.00000,0.38268,0.00000,-0.92388,1160.6
quat6,0.00000,0.38268,0.00000,-0.92388,1160.6
quat7,0.00000,0.38268,0.00000,-0.92388,1160.6
quat8,0.00000,0.38268,0.00000,-0.92388,1160.6
quat0,0.92500,-0.11811,-0.36112,-0.00491,1160.62
quat1,0.28404,0.07851,-0.32999,-0.89681,1160.62
quat2,-0.30534,-0.01877,0.48448,0.81957,1160.62
quat3,0.45485,-0.74209,0.13616,0.47315,1160.62
quat4,0.54458,-0.59626,-0.02004,0.58949,1160.62
quat5,0.00000,0.38268,0.00000,-0.92388,1160.62
quat6,0.00000,0.38268,0.00000,-0.92388,1160.62
quat7,0.00000,0.38268,0.00000,-0.92388,1160.62
quat8,0.00000,0.38268,0.00000,-0.92388,1160.62
quat0,0.92559,-0.11731,-0.35985,-0.00526,1160.64
quat1,0.28292,0.06654,-0.32107,-0.90136,1160.64
quat2,-0.30856,-0.00497,0.47439,0.82445,1160.64
quat3,0.45011,-0.75239,0.12806,0.46359,1160.64
quat4,0.53937,-0.61343,-0.02490,0.57634,1160.64
quat5,0.00000,0.38268,0.00000,-0.92388,1160.64
quat6,0.00000,0.38268,0.00000,-0.92388,1160.64
quat7,0.00000,0.38268,0.00000,-0.92388,1160.64
quat8,0.00000,0.38268,0.00000,-0.92388,1160.64
quat0,0.92613,-0.11642,-0.35876,-0.00512,1160.66
quat1,0.28323,0.05436,-0.31336,-0.90478,1160.66
quat2,-0.31320,0.01217,0.46588,0.82748,1160.66
quat3,0.44668,-0.76220,0.12140,0.45253,1160.66
quat4,0.53671,-0.63158,-0.02923,0.55875,1160.66
quat5,0.00000,0.38268,0.00000,-0.92388,1160.66
quat6,0.00000,0.38268,0.00000,-0.92388,1160.66
quat7,0.00000,0.38268,0.00000,-0.92388,1160.66
quat8,0.00000,0.38268,0.00000,-0.92388,1160.66
quat0,0.92673,-0.11683,-0.35708,-0.00430,1160.68
quat1,0.28626,0.04208,-0.30747,-0.90650,1160.68
quat2,-0.31885,0.03235,0.45965,0.82826,1160.68
quat3,0.44506,-0.77079,0.11558,0.44096,1160.68
quat4,0.53660,-0.64900,-0.03333,0.53829,1160.68
quat5,0.00000,0.38268,0.00000,-0.92388,1160.68
quat6,0.00000,0.38268,0.00000,-0.92388,1160.68
quat7,0.00000,0.38268,0.00000,-0.92388,1160.68
quat8,0.00000,0.38268,0.00000,-0.92388,1160.68
quat0,0.92727,-0.11622,-0.35586,-0.00439,1160.7
quat1,0.29153,0.03024,-0.30295,-0.90682,1160.7
quat2,-0.32571,0.05368,0.45569,0.82667,1160.7
quat3,0.44565,-0.77759,0.11005,0.42970,1160.7
quat4,0.53908,-0.66492,-0.03619,0.51572,1160.7
quat5,0.00000,0.38268,0.00000,-0.92388,1160.7
quat6,0.00000,0.38268,0.00000,-0.92388,1160.7
quat7,0.00000,0.38268,0.00000,-0.92388,1160.7
quat8,0.00000,0.38268,0.00000,-0.92388,1160.7
quat0,0.92792,-0.11524,-0.35451,-0.00428,1160.72
quat1,0.29923,0.01926,-0.29929,-0.90582,1160.72
quat2,-0.33378,0.07465,0.45386,0.82281,1160.72
quat3,0.44820,-0.78248,0.10418,0.41951,1160.72
quat4,0.54405,-0.67754,-0.03882,0.49339,1160.72
quat5,0.00000,0.38268,0.00000,-0.92388,1160.72
quat6,0.00000,0.38268,0.00000,-0.92388,1160.72
quat7,0.00000,0.38268,0.00000,-0.92388,1160.72
quat8,0.00000,0.38268,0.00000,-0.92388,1160.72
quat0,0.92777,-0.11574,-0.35472,-0.00420,1160.74
quat1,0.30816,0.00963,-0.29631,-0.90396,1160.74
quat2,-0.34282,0.09469,0.45388,0.81701,1160.74
quat3,0.45287,-0.78514,0.09777,0.41097,1160.74
quat4,0.55093,-0.68711,-0.04126,0.47187,1160.74
quat5,0.00000,0.38268,0.00000,-0.92388,1160.74
quat6,0.00000,0.38268,0.00000,-0.92388,1160.74
quat7,0.00000,0.38268,0.00000,-0.92388,1160.74
quat8,0.00000,0.38268,0.00000,-0.92388,1160.74
quat0,0.92785,-0.11445,-0.35493,-0.00367,1160.76
quat1,0.31875,0.00152,-0.29446,-0.90094,1160.76
quat2,-0.35262,0.11325,0.45555,0.80951,1160.76
quat3,0.45946,-0.78549,0.09132,0.40443,1160.76
quat4,0.55910,-0.69364,-0.04394,0.45204,1160.76
quat5,0.00000,0.38268,0.00000,-0.92388,1160.76
quat6,0.00000,0.38268,0.00000,-0.92388,1160.76
quat7,0.00000,0.38268,0.00000,-0.92388,1160.76
quat8,0.00000,0.38268,0.00000,-0.92388,1160.76
quat0,0.92788,-0.11305,-0.35530,-0.00369,1160.78
quat1,0.33002,-0.00496,-0.29428,-0.89692,1160.78
quat2,-0.36254,0.13014,0.45872,0.80075,1160.78
quat3,0.46784,-0.78344,0.08518,0.40012,1160.78
quat4,0.56836,-0.69708,-0.04679,0.43459,1160.78
quat5,0.00000,0.38268,0.00000,-0.92388,1160.78
quat6,0.00000,0.38268,0.00000,-0.92388,1160.78
quat7,0.00000,0.38268,0.00000,-0.92388,1160.78
quat8,0.00000,0.38268,0.00000,-0.92388,1160.78
quat0,0.92789,-0.11239,-0.35550,-0.00368,1160.8
quat1,0.34135,-0.01026,-0.29573,-0.89214,1160.8
quat2,-0.37241,0.14513,0.46314,0.79104,1160.8
quat3,0.47673,-0.78048,0.08100,0.39625,1160.8
quat4,0.57830,-0.69839,-0.04942,0.41878,1160.8
quat5,0.00000,0.38268,0.00000,-0.92388,1160.8
quat6,0.00000,0.38268,0.00000,-0.92388,1160.8
quat7,0.00000,0.38268,0.00000,-0.92388,1160.8
quat8,0.00000,0.38268,0.00000,-0.92388,1160.8
quat0,0.92720,-0.11261,-0.35722,-0.00350,1160.82
quat1,0.35196,-0.01597,-0.29924,-0.88675,1160.82
quat2,-0.38203,0.15727,0.46837,0.78099,1160.82
quat3,0.48560,-0.77730,0.07904,0.39212,1160.82
quat4,0.58870,-0.69778,-0.05146,0.40483,1160.82
quat5,0.00000,0.38268,0.00000,-0.92388,1160.82
quat6,0.00000,0.38268,0.00000,-0.92388,1160.82
quat7,0.00000,0.38268,0.00000,-0.92388,1160.82
quat8,0.00000,0.38268,0.00000,-0.92388,1160.82
quat0,0.92763,-0.11089,-0.35665,-0.00357,1160.84
quat1,0.36201,-0.02174,-0.30493,-0.88062,1160.84
quat2,-0.39206,0.16539,0.47358,0.77114,1160.84
quat3,0.49439,-0.77381,0.07982,0.38786,1160.84
quat4,0.59943,-0.69556,-0.05257,0.39257,1160.84
quat5,0.00000,0.38268,0.00000,-0.92388,1160.84
quat6,0.00000,0.38268,0.00000,-0.92388,1160.84
quat7,0.00000,0.38268,0.00000,-0.92388,1160.84
quat8,0.00000,0.38268,0.00000,-0.92388,1160.84
quat0,0.92774,-0.11045,-0.35648,-0.00394,1160.86
quat1,0.37143,-0.02559,-0.31207,-0.87407,1160.86
quat2,-0.40199,0.16938,0.47955,0.76141,1160.86
quat3,0.50346,-0.76951,0.08252,0.38415,1160.86
quat4,0.61026,-0.69202,-0.05270,0.38199,1160.86
quat5,0.00000,0.38268,0.00000,-0.92388,1160.86
quat6,0.00000,0.38268,0.00000,-0.92388,1160.86
quat7,0.00000,0.38268,0.00000,-0.92388,1160.86
quat8,0.00000,0.38268,0.00000,-0.92388,1160.86
quat0,0.92726,-0.11035,-0.35776,-0.00470,1160.88
quat1,0.38098,-0.02799,-0.31990,-0.86703,1160.88
quat2,-0.41090,0.17078,0.48754,0.75119,1160.88
quat3,0.51298,-0.76404,0.08625,0.38164,1160.88
quat4,0.62172,-0.68677,-0.05120,0.37309,1160.88
quat5,0.00000,0.38268,0.00000,-0.92388,1160.88
quat6,0.00000,0.38268,0.00000,-0.92388,1160.88
quat7,0.00000,0.38268,0.00000,-0.92388,1160.88
quat8,0.00000,0.38268,0.00000,-0.92388,1160.88
quat0,0.92759,-0.10924,-0.35723,-0.00469,1160.9
quat1,0.38929,-0.02866,-0.32855,-0.86005,1160.9
quat2,-0.41878,0.16957,0.49700,0.74085,1160.9
quat3,0.52298,-0.75708,0.09089,0.38087,1160.9
quat4,0.63378,-0.67984,-0.04746,0.36591,1160.9
quat5,0.00000,0.38268,0.00000,-0.92388,1160.9
quat6,0.00000,0.38268,0.00000,-0.92388,1160.9
quat7,0.00000,0.38268,0.00000,-0.92388,1160.9
quat8,0.00000,0.38268,0.00000,-0.92388,1160.9
quat0,0.92737,-0.11124,-0.35717,-0.00557,1160.92
quat1,0.39654,-0.02844,-0.33823,-0.85297,1160.92
quat2,-0.42537,0.16608,0.50795,0.73038,1160.92
quat3,0.53323,-0.74951,0.09691,0.38014,1160.92
quat4,0.64640,-0.67134,-0.04161,0.36019,1160.92
quat5,0.00000,0.38268,0.00000,-0.92388,1160.92
quat6,0.00000,0.38268,0.00000,-0.92388,1160.92
quat7,0.00000,0.38268,0.00000,-0.92388,1160.92
quat8,0.00000,0.38268,0.00000,-0.92388,1160.92
quat0,0.92653,-0.11289,-0.35881,-0.00735,1160.94
quat1,0.40212,-0.02806,-0.34886,-0.84605,1160.94
quat2,-0.43069,0.16012,0.52030,0.71983,1160.94
quat3,0.54241,-0.74169,0.10488,0.38039,1160.94
quat4,0.65927,-0.66177,-0.03302,0.35543,1160.94
quat5,0.00000,0.38268,0.00000,-0.92388,1160.94
quat6,0.00000,0.38268,0.00000,-0.92388,1160.94
quat7,0.00000,0.38268,0.00000,-0.92388,1160.94
quat8,0.00000,0.38268,0.00000,-0.92388,1160.94
quat0,0.92553,-0.11461,-0.36081,-0.00833,1160.96
quat1,0.40652,-0.02567,-0.35917,-0.83969,1160.96
quat2,-0.43465,0.15200,0.53360,0.70940,1160.96
quat3,0.55132,-0.73345,0.11403,0.38091,1160.96
quat4,0.67175,-0.65126,-0.02212,0.35232,1160.96
quat5,0.00000,0.38268,0.00000,-0.92388,1160.96
quat6,0.00000,0.38268,0.00000,-0.92388,1160.96
quat7,0.00000,0.38268,0.00000,-0.92388,1160.96
quat8,0.00000,0.38268,0.00000,-0.92388,1160.96
quat0,0.92482,-0.11699,-0.36186,-0.00897,1160.98
quat1,0.41088,-0.02091,-0.36849,-0.83364,1160.98
quat2,-0.43694,0.14216,0.54697,0.69978,1160.98
quat3,0.55972,-0.72475,0.12345,0.38238,1160.98
quat4,0.68357,-0.63939,-0.00991,0.35188,1160.98
quat5,0.00000,0.38268,0.00000,-0.92388,1160.98
quat6,0.00000,0.38268,0.00000,-0.92388,1160.98
quat7,0.00000,0.38268,0.00000,-0.92388,1160.98
quat8,0.00000,0.38268,0.00000,-0.92388,1160.98
quat0,0.92440,-0.11826,-0.36252,-0.00888,1161
quat1,0.41482,-0.01299,-0.37698,-0.82804,1161
quat2,-0.43822,0.13030,0.55876,0.69193,1161
quat3,0.56724,-0.71591,0.13233,0.38497,1161
quat4,0.69431,-0.62627,0.00274,0.35457,1161
quat5,0.00000,0.38268,0.00000,-0.92388,1161
quat6,0.00000,0.38268,0.00000,-0.92388,1161
quat7,0.00000,0.38268,0.00000,-0.92388,1161
quat8,0.00000,0.38268,0.00000,-0.92388,1161
quat0,0.92349,-0.12079,-0.36399,-0.00945,1161.02
quat1,0.41815,-0.00265,-0.38531,-0.82260,1161.02
quat2,-0.43936,0.11568,0.56763,0.68658,1161.02
quat3,0.57336,-0.70740,0.13968,0.38901,1161.02
quat4,0.70335,-0.61204,0.01482,0.36124,1161.02
quat5,0.00000,0.38268,0.00000,-0.92388,1161.02
quat6,0.00000,0.38268,0.00000,-0.92388,1161.02
quat7,0.00000,0.38268,0.00000,-0.92388,1161.02
quat8,0.00000,0.38268,0.00000,-0.92388,1161.02
quat0,0.92392,-0.12096,-0.36285,-0.00933,1161.04
quat1,0.41769,0.00665,-0.39403,-0.81867,1161.04
quat2,-0.43961,0.09953,0.57446,0.68325,1161.04
quat3,0.57933,-0.69812,0.14439,0.39517,1161.04
quat4,0.71046,-0.59731,0.02613,0.37119,1161.04
quat5,0.00000,0.38268,0.00000,-0.92388,1161.04
quat6,0.00000,0.38268,0.00000,-0.92388,1161.04
quat7,0.00000,0.38268,0.00000,-0.92388,1161.04
quat8,0.00000,0.38268,0.00000,-0.92388,1161.04
quat0,0.92372,-0.12347,-0.36250,-0.00954,1161.06
quat1,0.41707,0.01540,-0.40174,-0.81512,1161.06
quat2,-0.43806,0.08287,0.57993,0.68185,1161.06
quat3,0.58474,-0.68869,0.14826,0.40225,1161.06
quat4,0.71491,-0.58310,0.03656,0.38413,1161.06
quat5,0.00000,0.38268,0.00000,-0.92388,1161.06
quat6,0.00000,0.38268,0.00000,-0.92388,1161.06
quat7,0.00000,0.38268,0.00000,-0.92388,1161.06
quat8,0.00000,0.38268,0.00000,-0.92388,1161.06
quat0,0.92331,-0.12583,-0.36274,-0.00985,1161.08
quat1,0.41608,0.02491,-0.40808,-0.81224,1161.08
quat2,-0.43482,0.06596,0.58393,0.68236,1161.08
quat3,0.58794,-0.67946,0.15205,0.41176,1161.08
quat4,0.71660,-0.56973,0.04482,0.39986,1161.08
quat5,0.00000,0.38268,0.00000,-0.92388,1161.08
quat6,0.00000,0.38268,0.00000,-0.92388,1161.08
quat7,0.00000,0.38268,0.00000,-0.92388,1161.08
quat8,0.00000,0.38268,0.00000,-0.92388,1161.08
quat0,0.92328,-0.12581,-0.36284,-0.00885,1161.1
quat1,0.41423,0.03575,-0.41268,-0.81046,1161.1
quat2,-0.43097,0.04812,0.58505,0.68532,1161.1
quat3,0.58973,-0.67034,0.15515,0.42284,1161.1
quat4,0.71574,-0.55694,0.05057,0.41830,1161.1
quat5,0.00000,0.38268,0.00000,-0.92388,1161.1
quat6,0.00000,0.38268,0.00000,-0.92388,1161.1
quat7,0.00000,0.38268,0.00000,-0.92388,1161.1
quat8,0.00000,0.38268,0.00000,-0.92388,1161.1
quat0,0.92231,-0.12824,-0.36444,-0.00943,1161.12
quat1,0.41066,0.04710,-0.41594,-0.81002,1161.12
quat2,-0.42664,0.02908,0.58364,0.69029,1161.12
quat3,0.58960,-0.66160,0.15895,0.43518,1161.12
quat4,0.71240,-0.54529,0.05407,0.43844,1161.12
quat5,0.00000,0.38268,0.00000,-0.92388,1161.12
quat6,0.00000,0.38268,0.00000,-0.92388,1161.12
quat7,0.00000,0.38268,0.00000,-0.92388,1161.12
quat8,0.00000,0.38268,0.00000,-0.92388,1161.12
quat0,0.92229,-0.12875,-0.36428,-0.00998,1161.14
quat1,0.40512,0.05835,-0.41811,-0.81096,1161.14
quat2,-0.42046,0.01099,0.58091,0.69688,1161.14
quat3,0.58688,-0.65459,0.16423,0.44733,1161.14
quat4,0.70693,-0.53484,0.05555,0.45946,1161.14
quat5,0.00000,0.38268,0.00000,-0.92388,1161.14
quat6,0.00000,0.38268,0.00000,-0.92388,1161.14
quat7,0.00000,0.38268,0.00000,-0.92388,1161.14
quat8,0.00000,0.38268,0.00000,-0.92388,1161.14
quat0,0.92232,-0.12953,-0.36393,-0.01042,1161.16
quat1,0.39809,0.06866,-0.41894,-0.81320,1161.16
quat2,-0.41298,-0.00633,0.57698,0.70463,1161.16
quat3,0.58207,-0.65013,0.17095,0.45750,1161.16
quat4,0.69965,-0.52573,0.05473,0.48073,1161.16
quat5,0.00000,0.38268,0.00000,-0.92388,1161.16
quat6,0.00000,0.38268,0.00000,-0.92388,1161.16
quat7,0.00000,0.38268,0.00000,-0.92388,1161.16
quat8,0.00000,0.38268,0.00000,-0.92388,1161.16
quat0,0.92180,-0.12999,-0.36506,-0.01052,1161.18
quat1,0.38984,0.07837,-0.41826,-0.81666,1161.18
quat2,-0.40471,-0.02282,0.57199,0.71311,1161.18
quat3,0.57559,-0.64803,0.17775,0.46599,1161.18
quat4,0.69117,-0.51789,0.05350,0.50121,1161.18
quat5,0.00000,0.38268,0.00000,-0.92388,1161.18
quat6,0.00000,0.38268,0.00000,-0.92388,1161.18
quat7,0.00000,0.38268,0.00000,-0.92388,1161.18
quat8,0.00000,0.38268,0.00000,-0.92388,1161.18
quat0,0.92209,-0.13157,-0.36375,-0.01115,1161.2
quat1,0.38025,0.08803,-0.41570,-0.82150,1161.2
quat2,-0.39555,-0.03768,0.56616,0.72220,1161.2
quat3,0.56754,-0.64758,0.18359,0.47416,1161.2
quat4,0.68162,-0.51151,0.05251,0.52057,1161.2
quat5,0.00000,0.38268,0.00000,-0.92388,1161.2
quat6,0.00000,0.38268,0.00000,-0.92388,1161.2
quat7,0.00000,0.38268,0.00000,-0.92388,1161.2
quat8,0.00000,0.38268,0.00000,-0.92388,1161.2
quat0,0.92277,-0.13196,-0.36190,-0.01079,1161.22
quat1,0.36967,0.09709,-0.41139,-0.82745,1161.22
quat2,-0.38534,-0.05016,0.55980,0.73186,1161.22
quat3,0.55803,-0.64886,0.18819,0.48184,1161.22
quat4,0.67129,-0.50705,0.05208,0.53810,1161.22
quat5,0.00000,0.38268,0.00000,-0.92388,1161.22
quat6,0.00000,0.38268,0.00000,-0.92388,1161.22
quat7,0.00000,0.38268,0.00000,-0.92388,1161.22
quat8,0.00000,0.38268,0.00000,-0.92388,1161.22
quat0,0.92383,-0.13037,-0.35976,-0.01060,1161.24
quat1,0.35835,0.10362,-0.40579,-0.83437,1161.24
quat2,-0.37479,-0.06046,0.55291,0.74173,1161.24
quat3,0.54745,-0.65173,0.19129,0.48884,1161.24
quat4,0.65980,-0.50516,0.05292,0.55378,1161.24
quat5,0.00000,0.38268,0.00000,-0.92388,1161.24
quat6,0.00000,0.38268,0.00000,-0.92388,1161.24
quat7,0.00000,0.38268,0.00000,-0.92388,1161.24
quat8,0.00000,0.38268,0.00000,-0.92388,1161.24
quat0,0.92423,-0.13106,-0.35845,-0.01136,1161.26
quat1,0.34674,0.10803,-0.39861,-0.84215,1161.26
quat2,-0.36438,-0.06944,0.54444,0.75232,1161.26
quat3,0.53531,-0.65568,0.19335,0.49612,1161.26
quat4,0.64679,-0.50641,0.05435,0.56768,1161.26
quat5,0.00000,0.38268,0.00000,-0.92388,1161.26
quat6,0.00000,0.38268,0.00000,-0.92388,1161.26
quat7,0.00000,0.38268,0.00000,-0.92388,1161.26
quat8,0.00000,0.38268,0.00000,-0.92388,1161.26
quat0,0.92489,-0.13028,-0.35703,-0.01150,1161.28
quat1,0.33596,0.11217,-0.38984,-0.85004,1161.28
quat2,-0.35407,-0.07679,0.53504,0.76319,1161.28
quat3,0.52267,-0.66158,0.19395,0.50151,1161.28
quat4,0.63325,-0.51102,0.05630,0.57852,1161.28
quat5,0.00000,0.38268,0.00000,-0.92388,1161.28
quat6,0.00000,0.38268,0.00000,-0.92388,1161.28
quat7,0.00000,0.38268,0.00000,-0.92388,1161.28
quat8,0.00000,0.38268,0.00000,-0.92388,1161.28
quat0,0.92503,-0.12902,-0.35716,-0.01068,1161.3
quat1,0.32512,0.11406,-0.37973,-0.85854,1161.3
quat2,-0.34355,-0.08127,0.52601,0.77375,1161.3
quat3,0.50993,-0.66897,0.19265,0.50531,1161.3
quat4,0.61921,-0.51797,0.05796,0.58730,1161.3
quat5,0.00000,0.38268,0.00000,-0.92388,1161.3
quat6,0.00000,0.38268,0.00000,-0.92388,1161.3
quat7,0.00000,0.38268,0.00000,-0.92388,1161.3
quat8,0.00000,0.38268,0.00000,-0.92388,1161.3
quat0,0.92551,-0.12710,-0.35655,-0.01207,1161.32
quat1,0.31582,0.11411,-0.36853,-0.86684,1161.32
quat2,-0.33317,-0.08338,0.51713,0.78398,1161.32
quat3,0.49700,-0.67688,0.18940,0.50887,1161.32
quat4,0.60480,-0.52679,0.05813,0.59441,1161.32
quat5,0.00000,0.38268,0.00000,-0.92388,1161.32
quat6,0.00000,0.38268,0.00000,-0.92388,1161.32
quat7,0.00000,0.38268,0.00000,-0.92388,1161.32
quat8,0.00000,0.38268,0.00000,-0.92388,1161.32
quat0,0.92554,-0.12452,-0.35740,-0.01168,1161.34
quat1,0.30775,0.11141,-0.35721,-0.87480,1161.34
quat2,-0.32516,-0.08463,0.50741,0.79350,1161.34
quat3,0.48439,-0.68627,0.18504,0.51006,1161.34
quat4,0.59043,-0.53782,0.05679,0.59910,1161.34
quat5,0.00000,0.38268,0.00000,-0.92388,1161.34
quat6,0.00000,0.38268,0.00000,-0.92388,1161.34
quat7,0.00000,0.38268,0.00000,-0.92388,1161.34
quat8,0.00000,0.38268,0.00000,-0.92388,1161.34
quat0,0.92616,-0.12295,-0.35631,-0.01200,1161.36
quat1,0.30156,0.10648,-0.34621,-0.88196,1161.36
quat2,-0.32021,-0.08478,0.49637,0.80243,1161.36
quat3,0.47298,-0.69655,0.17914,0.50894,1161.36
quat4,0.57653,-0.54858,0.05153,0.60335,1161.36
quat5,0.00000,0.38268,0.00000,-0.92388,1161.36
quat6,0.00000,0.38268,0.00000,-0.92388,1161.36
quat7,0.00000,0.38268,0.00000,-0.92388,1161.36
quat8,0.00000,0.38268,0.00000,-0.92388,1161.36
quat0,0.92637,-0.12091,-0.35650,-0.01169,1161.38
quat1,0.29704,0.10211,-0.33554,-0.88812,1161.38
quat2,-0.31754,-0.08326,0.48404,0.81114,1161.38
quat3,0.46261,-0.70701,0.17134,0.50673,1161.38
quat4,0.56346,-0.55916,0.04281,0.60665,1161.38
quat5,0.00000,0.38268,0.00000,-0.92388,1161.38
quat6,0.00000,0.38268,0.00000,-0.92388,1161.38
quat7,0.00000,0.38268,0.00000,-0.92388,1161.38
quat8,0.00000,0.38268,0.00000,-0.92388,1161.38
quat0,0.92599,-0.11868,-0.35822,-0.01179,1161.4
quat1,0.29342,0.09619,-0.32497,-0.89389,1161.4
quat2,-0.31725,-0.07913,0.47132,0.81911,1161.4
quat3,0.45320,-0.71732,0.16336,0.50336,1161.4
quat4,0.55130,-0.57135,0.03319,0.60706,1161.4
quat5,0.00000,0.38268,0.00000,-0.92388,1161.4
quat6,0.00000,0.38268,0.00000,-0.92388,1161.4
quat7,0.00000,0.38268,0.00000,-0.92388,1161.4
quat8,0.00000,0.38268,0.00000,-0.92388,1161.4
quat0,0.92683,-0.11489,-0.35729,-0.01164,1161.42
quat1,0.29144,0.08873,-0.31532,-0.89876,1161.42
quat2,-0.31879,-0.07212,0.45902,0.82612,1161.42
quat3,0.44599,-0.72818,0.15530,0.49672,1161.42
quat4,0.54096,-0.58455,0.02220,0.60429,1161.42
quat5,0.00000,0.38268,0.00000,-0.92388,1161.42
quat6,0.00000,0.38268,0.00000,-0.92388,1161.42
quat7,0.00000,0.38268,0.00000,-0.92388,1161.42
quat8,0.00000,0.38268,0.00000,-0.92388,1161.42
quat0,0.92615,-0.11559,-0.35880,-0.01198,1161.44
quat1,0.29126,0.07976,-0.30710,-0.90249,1161.44
quat2,-0.32223,-0.06214,0.44776,0.83175,1161.44
quat3,0.44033,-0.73894,0.14768,0.48814,1161.44
quat4,0.53298,-0.59761,0.00990,0.59891,1161.44
quat5,0.00000,0.38268,0.00000,-0.92388,1161.44
quat6,0.00000,0.38268,0.00000,-0.92388,1161.44
quat7,0.00000,0.38268,0.00000,-0.92388,1161.44
quat8,0.00000,0.38268,0.00000,-0.92388,1161.44
quat0,0.92546,-0.11262,-0.36154,-0.01113,1161.46
quat1,0.29219,0.06902,-0.29970,-0.90556,1161.46
quat2,-0.32681,-0.04866,0.43850,0.83579,1161.46
quat3,0.43659,-0.74842,0.14009,0.47920,1161.46
quat4,0.52741,-0.61105,-0.00191,0.59030,1161.46
quat5,0.00000,0.38268,0.00000,-0.92388,1161.46
quat6,0.00000,0.38268,0.00000,-0.92388,1161.46
quat7,0.00000,0.38268,0.00000,-0.92388,1161.46
quat8,0.00000,0.38268,0.00000,-0.92388,1161.46
quat0,0.92532,-0.11054,-0.36255,-0.01100,1161.48
quat1,0.29510,0.05764,-0.29345,-0.90746,1161.48
quat2,-0.33308,-0.03321,0.43071,0.83812,1161.48
quat3,0.43452,-0.75702,0.13329,0.46941,1161.48
quat4,0.52453,-0.62496,-0.01239,0.57804,1161.48
quat5,0.00000,0.38268,0.00000,-0.92388,1161.48
quat6,0.00000,0.38268,0.00000,-0.92388,1161.48
quat7,0.00000,0.38268,0.00000,-0.92388,1161.48
quat8,0.00000,0.38268,0.00000,-0.92388,1161.48
quat0,0.92510,-0.11034,-0.36319,-0.01073,1161.5
quat1,0.29945,0.04639,-0.28821,-0.90836,1161.5
quat2,-0.34103,-0.01731,0.42439,0.83863,1161.5
quat3,0.43414,-0.76521,0.12743,0.45796,1161.5
quat4,0.52497,-0.63812,-0.02113,0.56281,1161.5
quat5,0.00000,0.38268,0.00000,-0.92388,1161.5
quat6,0.00000,0.38268,0.00000,-0.92388,1161.5
quat7,0.00000,0.38268,0.00000,-0.92388,1161.5
quat8,0.00000,0.38268,0.00000,-0.92388,1161.5
quat0,0.92518,-0.10954,-0.36323,-0.01056,1161.52
quat1,0.30565,0.03572,-0.28402,-0.90809,1161.52
quat2,-0.34992,-0.00024,0.41979,0.83746,1161.52
quat3,0.43586,-0.77233,0.12198,0.44571,1161.52
quat4,0.52850,-0.65008,-0.02800,0.54525,1161.52
quat5,0.00000,0.38268,0.00000,-0.92388,1161.52
quat6,0.00000,0.38268,0.00000,-0.92388,1161.52
quat7,0.00000,0.38268,0.00000,-0.92388,1161.52
quat8,0.00000,0.38268,0.00000,-0.92388,1161.52
quat0,0.92526,-0.10799,-0.36350,-0.00967,1161.54
quat1,0.31374,0.02559,-0.28128,-0.90653,1161.54
quat2,-0.35918,0.01770,0.41732,0.83457,1161.54
quat3,0.43920,-0.77775,0.11779,0.43397,1161.54
quat4,0.53461,-0.66150,-0.03287,0.52490,1161.54
quat5,0.00000,0.38268,0.00000,-0.92388,1161.54
quat6,0.00000,0.38268,0.00000,-0.92388,1161.54
quat7,0.00000,0.38268,0.00000,-0.92388,1161.54
quat8,0.00000,0.38268,0.00000,-0.92388,1161.54
quat0,0.92467,-0.10864,-0.36480,-0.01011,1161.56
quat1,0.32346,0.01641,-0.28006,-0.90370,1161.56
quat2,-0.36903,0.03482,0.41634,0.83022,1161.56
quat3,0.44507,-0.78094,0.11439,0.42303,1161.56
quat4,0.54311,-0.67228,-0.03581,0.50180,1161.56
quat5,0.00000,0.38268,0.00000,-0.92388,1161.56
quat6,0.00000,0.38268,0.00000,-0.92388,1161.56
quat7,0.00000,0.38268,0.00000,-0.92388,1161.56
quat8,0.00000,0.38268,0.00000,-0.92388,1161.56
quat0,0.92423,-0.10835,-0.36602,-0.00967,1161.58
quat1,0.33489,0.00920,-0.28009,-0.89962,1161.58
quat2,-0.38007,0.04965,0.41616,0.82455,1161.58
quat3,0.45384,-0.78145,0.11150,0.41345,1161.58
quat4,0.55358,-0.68159,-0.03719,0.47708,1161.58
quat5,0.00000,0.38268,0.00000,-0.92388,1161.58
quat6,0.00000,0.38268,0.00000,-0.92388,1161.58
quat7,0.00000,0.38268,0.00000,-0.92388,1161.58
quat8,0.00000,0.38268,0.00000,-0.92388,1161.58
quat0,0.92347,-0.10912,-0.36773,-0.00845,1161.6
quat1,0.34806,0.00428,-0.28122,-0.89429,1161.6
quat2,-0.39209,0.06203,0.41704,0.81762,1161.6
quat3,0.46416,-0.78028,0.10903,0.40476,1161.6
quat4,0.56569,-0.68839,-0.03722,0.45247,1161.6
quat5,0.00000,0.38268,0.00000,-0.92388,1161.6
quat6,0.00000,0.38268,0.00000,-0.92388,1161.6
quat7,0.00000,0.38268,0.00000,-0.92388,1161.6
quat8,0.00000,0.38268,0.00000,-0.92388,1161.6
quat0,0.92307,-0.10874,-0.36884,-0.00816,1161.62
quat1,0.36123,0.00000,-0.28373,-0.88826,1161.62
quat2,-0.40434,0.07237,0.41957,0.80947,1161.62
quat3,0.47564,-0.77761,0.10719,0.39700,1161.62
quat4,0.57845,-0.69208,-0.03694,0.43018,1161.62
quat5,0.00000,0.38268,0.00000,-0.92388,1161.62
quat6,0.00000,0.38268,0.00000,-0.92388,1161.62
quat7,0.00000,0.38268,0.00000,-0.92388,1161.62
quat8,0.00000,0.38268,0.00000,-0.92388,1161.62
quat0,0.92253,-0.10906,-0.37010,-0.00802,1161.64
quat1,0.37317,-0.00371,-0.28773,-0.88201,1161.64
quat2,-0.41603,0.08125,0.42465,0.80000,1161.64
quat3,0.48725,-0.77374,0.10633,0.39065,1161.64
quat4,0.59205,-0.69196,-0.03695,0.41147,1161.64
quat5,0.00000,0.38268,0.00000,-0.92388,1161.64
quat6,0.00000,0.38268,0.00000,-0.92388,1161.64
quat7,0.00000,0.38268,0.00000,-0.92388,1161.64
quat8,0.00000,0.38268,0.00000,-0.92388,1161.64
quat0,0.92212,-0.11004,-0.37086,-0.00750,1161.66
quat1,0.38431,-0.00703,-0.29341,-0.87531,1161.66
quat2,-0.42662,0.08891,0.43237,0.78940,1161.66
quat3,0.49947,-0.76865,0.10587,0.38535,1161.66
quat4,0.60601,-0.68916,-0.03628,0.39560,1161.66
quat5,0.00000,0.38268,0.00000,-0.92388,1161.66
quat6,0.00000,0.38268,0.00000,-0.92388,1161.66
quat7,0.00000,0.38268,0.00000,-0.92388,1161.66
quat8,0.00000,0.38268,0.00000,-0.92388,1161.66
quat0,0.92171,-0.11118,-0.37151,-0.00800,1161.68
quat1,0.39473,-0.01003,-0.30042,-0.86823,1161.68
quat2,-0.43583,0.09452,0.44198,0.77831,1161.68
quat3,0.51161,-0.76216,0.10650,0.38213,1161.68
quat4,0.62033,-0.68422,-0.03415,0.38193,1161.68
quat5,0.00000,0.38268,0.00000,-0.92388,1161.68
quat6,0.00000,0.38268,0.00000,-0.92388,1161.68
quat7,0.00000,0.38268,0.00000,-0.92388,1161.68
quat8,0.00000,0.38268,0.00000,-0.92388,1161.68
quat0,0.92178,-0.11252,-0.37095,-0.00760,1161.7
quat1,0.40361,-0.01260,-0.30905,-0.86106,1161.7
quat2,-0.44396,0.09798,0.45273,0.76703,1161.7
quat3,0.52341,-0.75510,0.10810,0.37971,1161.7
quat4,0.63482,-0.67727,-0.03158,0.37056,1161.7
quat5,0.00000,0.38268,0.00000,-0.92388,1161.7
quat6,0.00000,0.38268,0.00000,-0.92388,1161.7
quat7,0.00000,0.38268,0.00000,-0.92388,1161.7
quat8,0.00000,0.38268,0.00000,-0.92388,1161.7
quat0,0.92127,-0.11397,-0.37175,-0.00811,1161.72
quat1,0.41060,-0.01481,-0.31959,-0.85385,1161.72
quat2,-0.45056,0.09953,0.46440,0.75593,1161.72
quat3,0.53448,-0.74777,0.11225,0.37759,1161.72
quat4,0.64879,-0.66889,-0.02813,0.36176,1161.72
quat5,0.00000,0.38268,0.00000,-0.92388,1161.72
quat6,0.00000,0.38268,0.00000,-0.92388,1161.72
quat7,0.00000,0.38268,0.00000,-0.92388,1161.72
quat8,0.00000,0.38268,0.00000,-0.92388,1161.72
quat0,0.92129,-0.11548,-0.37121,-0.00922,1161.74
quat1,0.41521,-0.01653,-0.33122,-0.84713,1161.74
quat2,-0.45560,0.09984,0.47735,0.74471,1161.74
quat3,0.54479,-0.74035,0.11903,0.37539,1161.74
quat4,0.66209,-0.65973,-0.02370,0.35474,1161.74
quat5,0.00000,0.38268,0.00000,-0.92388,1161.74
quat6,0.00000,0.38268,0.00000,-0.92388,1161.74
quat7,0.00000,0.38268,0.00000,-0.92388,1161.74
quat8,0.00000,0.38268,0.00000,-0.92388,1161.74
quat0,0.92156,-0.11707,-0.37006,-0.00908,1161.76
quat1,0.41937,-0.01686,-0.34287,-0.84041,1161.76
quat2,-0.45867,0.09893,0.49162,0.73358,1161.76
quat3,0.55442,-0.73268,0.12716,0.37367,1161.76
quat4,0.67519,-0.64986,-0.01695,0.34859,1161.76
quat5,0.00000,0.38268,0.00000,-0.92388,1161.76
quat6,0.00000,0.38268,0.00000,-0.92388,1161.76
quat7,0.00000,0.38268,0.00000,-0.92388,1161.76
quat8,0.00000,0.38268,0.00000,-0.92388,1161.76
quat0,0.92132,-0.11954,-0.36984,-0.01014,1161.78
quat1,0.42390,-0.01563,-0.35443,-0.83333,1161.78
quat2,-0.46016,0.09571,0.50619,0.72310,1161.78
quat3,0.56356,-0.72393,0.13487,0.37436,1161.78
quat4,0.68773,-0.63896,-0.00835,0.34451,1161.78
quat5,0.00000,0.38268,0.00000,-0.92388,1161.78
quat6,0.00000,0.38268,0.00000,-0.92388,1161.78
quat7,0.00000,0.38268,0.00000,-0.92388,1161.78
quat8,0.00000,0.38268,0.00000,-0.92388,1161.78
quat0,0.92196,-0.11925,-0.36836,-0.00917,1161.8
quat1,0.42732,-0.01269,-0.36579,-0.82670,1161.8
quat2,-0.46122,0.09016,0.52007,0.71322,1161.8
quat3,0.57151,-0.71511,0.14264,0.37637,1161.8
quat4,0.69958,-0.62665,0.00028,0.34338,1161.8
quat5,0.00000,0.38268,0.00000,-0.92388,1161.8
quat6,0.00000,0.38268,0.00000,-0.92388,1161.8
quat7,0.00000,0.38268,0.00000,-0.92388,1161.8
quat8,0.00000,0.38268,0.00000,-0.92388,1161.8
quat0,0.92241,-0.12194,-0.36632,-0.01044,1161.82
quat1,0.42998,-0.00647,-0.37558,-0.82098,1161.82
quat2,-0.46165,0.08215,0.53314,0.70420,1161.82
quat3,0.57936,-0.70598,0.14896,0.37915,1161.82
quat4,0.71014,-0.61326,0.00900,0.34574,1161.82
quat5,0.00000,0.38268,0.00000,-0.92388,1161.82
quat6,0.00000,0.38268,0.00000,-0.92388,1161.82
quat7,0.00000,0.38268,0.00000,-0.92388,1161.82
quat8,0.00000,0.38268,0.00000,-0.92388,1161.82
quat0,0.92210,-0.12145,-0.36725,-0.01061,1161.84
quat1,0.43228,0.00193,-0.38486,-0.81548,1161.84
quat2,-0.46102,0.07203,0.54484,0.69672,1161.84
quat3,0.58680,-0.69603,0.15369,0.38416,1161.84
quat4,0.71978,-0.59870,0.01797,0.35092,1161.84
quat5,0.00000,0.38268,0.00000,-0.92388,1161.84
quat6,0.00000,0.38268,0.00000,-0.92388,1161.84
quat7,0.00000,0.38268,0.00000,-0.92388,1161.84
quat8,0.00000,0.38268,0.00000,-0.92388,1161.84
quat0,0.92240,-0.12304,-0.36597,-0.00989,1161.86
quat1,0.43292,0.01088,-0.39405,-0.81067,1161.86
quat2,-0.45982,0.05996,0.55493,0.69067,1161.86
quat3,0.59250,-0.68656,0.15789,0.39071,1161.86
quat4,0.72817,-0.58330,0.02697,0.35889,1161.86
quat5,0.00000,0.38268,0.00000,-0.92388,1161.86
quat6,0.00000,0.38268,0.00000,-0.92388,1161.86
quat7,0.00000,0.38268,0.00000,-0.92388,1161.86
quat8,0.00000,0.38268,0.00000,-0.92388,1161.86
quat0,0.92194,-0.12618,-0.36603,-0.01093,1161.88
quat1,0.43197,0.01906,-0.40289,-0.80667,1161.88
quat2,-0.45747,0.04671,0.56382,0.68604,1161.88
quat3,0.59639,-0.67833,0.16200,0.39742,1161.88
quat4,0.73523,-0.56764,0.03693,0.36858,1161.88
quat5,0.00000,0.38268,0.00000,-0.92388,1161.88
quat6,0.00000,0.38268,0.00000,-0.92388,1161.88
quat7,0.00000,0.38268,0.00000,-0.92388,1161.88
quat8,0.00000,0.38268,0.00000,-0.92388,1161.88
quat0,0.92139,-0.12952,-0.36628,-0.01018,1161.9
quat1,0.42972,0.02660,-0.41080,-0.80366,1161.9
quat2,-0.45357,0.03262,0.57109,0.68343,1161.9
quat3,0.59806,-0.67229,0.16674,0.40317,1161.9
quat4,0.74083,-0.55227,0.04842,0.37924,1161.9
quat5,0.00000,0.38268,0.00000,-0.92388,1161.9
quat6,0.00000,0.38268,0.00000,-0.92388,1161.9
quat7,0.00000,0.38268,0.00000,-0.92388,1161.9
quat8,0.00000,0.38268,0.00000,-0.92388,1161.9
quat0,0.92126,-0.13106,-0.36606,-0.01047,1161.92
quat1,0.42655,0.03599,-0.41730,-0.80163,1161.92
quat2,-0.44826,0.01751,0.57644,0.68299,1161.92
quat3,0.59810,-0.66806,0.17085,0.40840,1161.92
quat4,0.74453,-0.53787,0.06190,0.39055,1161.92
quat5,0.00000,0.38268,0.00000,-0.92388,1161.92
quat6,0.00000,0.38268,0.00000,-0.92388,1161.92
quat7,0.00000,0.38268,0.00000,-0.92388,1161.92
quat8,0.00000,0.38268,0.00000,-0.92388,1161.92
quat0,0.92135,-0.13306,-0.36511,-0.00988,1161.94
quat1,0.42257,0.04605,-0.42253,-0.80049,1161.94
quat2,-0.44181,0.00150,0.57920,0.68507,1161.94
quat3,0.59711,-0.66425,0.17325,0.41499,1161.94
quat4,0.74604,-0.52470,0.07618,0.40288,1161.94
quat5,0.00000,0.38268,0.00000,-0.92388,1161.94
quat6,0.00000,0.38268,0.00000,-0.92388,1161.94
quat7,0.00000,0.38268,0.00000,-0.92388,1161.94
quat8,0.00000,0.38268,0.00000,-0.92388,1161.94
quat0,0.92070,-0.13527,-0.36594,-0.00971,1161.96
quat1,0.41705,0.05690,-0.42624,-0.80072,1161.96
quat2,-0.43431,-0.01489,0.57995,0.68906,1161.96
quat3,0.59587,-0.66070,0.17421,0.42198,1161.96
quat4,0.74513,-0.51304,0.08957,0.41658,1161.96
quat5,0.00000,0.38268,0.00000,-0.92388,1161.96
quat6,0.00000,0.38268,0.00000,-0.92388,1161.96
quat7,0.00000,0.38268,0.00000,-0.92388,1161.96
quat8,0.00000,0.38268,0.00000,-0.92388,1161.96
quat0,0.92070,-0.13689,-0.36534,-0.00984,1161.98
quat1,0.40920,0.06775,-0.42932,-0.80228,1161.98
quat2,-0.42560,-0.03117,0.57903,0.69471,1161.98
quat3,0.59491,-0.65662,0.17581,0.42898,1161.98
quat4,0.74149,-0.50320,0.09927,0.43258,1161.98
quat5,0.00000,0.38268,0.00000,-0.92388,1161.98
quat6,0.00000,0.38268,0.00000,-0.92388,1161.98
quat7,0.00000,0.38268,0.00000,-0.92388,1161.98
quat8,0.00000,0.38268,0.00000,-0.92388,1161.98
quat0,0.92042,-0.13715,-0.36591,-0.01082,1162
quat1,0.39991,0.07803,-0.43129,-0.80497,1162
quat2,-0.41618,-0.04718,0.57691,0.70124,1162
quat3,0.59199,-0.65274,0.17857,0.43770,1162
quat4,0.73514,-0.49557,0.10426,0.45067,1162
quat5,0.00000,0.38268,0.00000,-0.92388,1162
quat6,0.00000,0.38268,0.00000,-0.92388,1162
quat7,0.00000,0.38268,0.00000,-0.92388,1162
quat8,0.00000,0.38268,0.00000,-0.92388,1162
quat0,0.91994,-0.13900,-0.36640,-0.01196,1162.02
quat1,0.38965,0.08725,-0.43198,-0.80867,1162.02
quat2,-0.40635,-0.06271,0.57367,0.70842,1162.02
quat3,0.58679,-0.65007,0.18181,0.44725,1162.02
quat4,0.72660,-0.48973,0.10570,0.47016,1162.02
quat5,0.00000,0.38268,0.00000,-0.92388,1162.02
quat6,0.00000,0.38268,0.00000,-0.92388,1162.02
quat7,0.00000,0.38268,0.00000,-0.92388,1162.02
quat8,0.00000,0.38268,0.00000,-0.92388,1162.02
quat0,0.91990,-0.13877,-0.36656,-0.01251,1162.04
quat1,0.37755,0.09511,-0.43160,-0.81372,1162.04
quat2,-0.39594,-0.07680,0.56962,0.71615,1162.04
quat3,0.57991,-0.64957,0.18523,0.45547,1162.04
quat4,0.71593,-0.48607,0.10404,0.49026,1162.04
quat5,0.00000,0.38268,0.00000,-0.92388,1162.04
quat6,0.00000,0.38268,0.00000,-0.92388,1162.04
quat7,0.00000,0.38268,0.00000,-0.92388,1162.04
quat8,0.00000,0.38268,0.00000,-0.92388,1162.04
quat0,0.91949,-0.13807,-0.36782,-0.01314,1162.06
quat1,0.36432,0.10281,-0.42968,-0.81980,1162.06
quat2,-0.38459,-0.08935,0.56498,0.72450,1162.06
quat3,0.57102,-0.65104,0.18858,0.46317,1162.06
quat4,0.70325,-0.48466,0.10166,0.51010,1162.06
quat5,0.00000,0.38268,0.00000,-0.92388,1162.06
quat6,0.00000,0.38268,0.00000,-0.92388,1162.06
quat7,0.00000,0.38268,0.00000,-0.92388,1162.06
quat8,0.00000,0.38268,0.00000,-0.92388,1162.06
quat0,0.91940,-0.13975,-0.36740,-0.01367,1162.08
quat1,0.35151,0.11024,-0.42622,-0.82621,1162.08
quat2,-0.37247,-0.10014,0.55974,0.73343,1162.08
quat3,0.56087,-0.65375,0.19096,0.47071,1162.08
quat4,0.68861,-0.48466,0.09780,0.53043,1162.08
quat5,0.00000,0.38268,0.00000,-0.92388,1162.08
quat6,0.00000,0.38268,0.00000,-0.92388,1162.08
quat7,0.00000,0.38268,0.00000,-0.92388,1162.08
quat8,0.00000,0.38268,0.00000,-0.92388,1162.08
quat0,0.92064,-0.13608,-0.36571,-0.01257,1162.1
quat1,0.33871,0.11614,-0.42244,-0.83267,1162.1
quat2,-0.35950,-0.10841,0.55406,0.74298,1162.1
quat3,0.54985,-0.65749,0.19187,0.47808,1162.1
quat4,0.67272,-0.48556,0.09144,0.55075,1162.1
quat5,0.00000,0.38268,0.00000,-0.92388,1162.1
quat6,0.00000,0.38268,0.00000,-0.92388,1162.1
quat7,0.00000,0.38268,0.00000,-0.92388,1162.1
quat8,0.00000,0.38268,0.00000,-0.92388,1162.1
quat0,0.92113,-0.13555,-0.36467,-0.01312,1162.12
quat1,0.32539,0.12029,-0.41751,-0.83984,1162.12
quat2,-0.34570,-0.11427,0.54812,0.75300,1162.12
quat3,0.53701,-0.66143,0.19244,0.48693,1162.12
quat4,0.65679,-0.48837,0.08527,0.56819,1162.12
quat5,0.00000,0.38268,0.00000,-0.92388,1162.12
quat6,0.00000,0.38268,0.00000,-0.92388,1162.12
quat7,0.00000,0.38268,0.00000,-0.92388,1162.12
quat8,0.00000,0.38268,0.00000,-0.92388,1162.12
quat0,0.92039,-0.13696,-0.36595,-0.01428,1162.14
quat1,0.31373,0.12539,-0.41014,-0.84713,1162.14
quat2,-0.33206,-0.11851,0.54180,0.76298,1162.14
quat3,0.52100,-0.66822,0.19449,0.49418,1162.14
quat4,0.63981,-0.49601,0.08377,0.58103,1162.14
quat5,0.00000,0.38268,0.00000,-0.92388,1162.14
quat6,0.00000,0.38268,0.00000,-0.92388,1162.14
quat7,0.00000,0.38268,0.00000,-0.92388,1162.14
quat8,0.00000,0.38268,0.00000,-0.92388,1162.14
quat0,0.91983,-0.13523,-0.36794,-0.01531,1162.16
quat1,0.30377,0.13133,-0.40081,-0.85430,1162.16
quat2,-0.31977,-0.12257,0.53391,0.77309,1162.16
quat3,0.50233,-0.67952,0.19769,0.49683,1162.16
quat4,0.62091,-0.50891,0.08522,0.59010,1162.16
quat5,0.00000,0.38268,0.00000,-0.92388,1162.16
quat6,0.00000,0.38268,0.00000,-0.92388,1162.16
quat7,0.00000,0.38268,0.00000,-0.92388,1162.16
quat8,0.00000,0.38268,0.00000,-0.92388,1162.16
quat0,0.91982,-0.13502,-0.36804,-0.01557,1162.18
quat1,0.29344,0.13553,-0.39114,-0.86171,1162.18
quat2,-0.30927,-0.12626,0.52415,0.78338,1162.18
quat3,0.48259,-0.69245,0.19902,0.49801,1162.18
quat4,0.60197,-0.52406,0.08769,0.59607,1162.18
quat5,0.00000,0.38268,0.00000,-0.92388,1162.18
quat6,0.00000,0.38268,0.00000,-0.92388,1162.18
quat7,0.00000,0.38268,0.00000,-0.92388,1162.18
quat8,0.00000,0.38268,0.00000,-0.92388,1162.18
quat0,0.91899,-0.13517,-0.37010,-0.01459,1162.2
quat1,0.28310,0.13741,-0.38168,-0.86908,1162.2
quat2,-0.29962,-0.12834,0.51360,0.79371,1162.2
quat3,0.46466,-0.70451,0.19618,0.49927,1162.2
quat4,0.58355,-0.53954,0.08984,0.60024,1162.2
quat5,0.00000,0.38268,0.00000,-0.92388,1162.2
quat6,0.00000,0.38268,0.00000,-0.92388,1162.2
quat7,0.00000,0.38268,0.00000,-0.92388,1162.2
quat8,0.00000,0.38268,0.00000,-0.92388,1162.2
quat0,0.91901,-0.13196,-0.37122,-0.01408,1162.22
quat1,0.27509,0.13777,-0.37196,-0.87578,1162.22
quat2,-0.29105,-0.12910,0.50280,0.80363,1162.22
quat3,0.44910,-0.71470,0.19021,0.50133,1162.22
quat4,0.56581,-0.55291,0.08722,0.60543,1162.22
quat5,0.00000,0.38268,0.00000,-0.92388,1162.22
quat6,0.00000,0.38268,0.00000,-0.92388,1162.22
quat7,0.00000,0.38268,0.00000,-0.92388,1162.22
quat8,0.00000,0.38268,0.00000,-0.92388,1162.22
quat0,0.91894,-0.12950,-0.37227,-0.01398,1162.24
quat1,0.26978,0.13799,-0.36127,-0.88185,1162.24
quat2,-0.28464,-0.12978,0.49153,0.81273,1162.24
quat3,0.43680,-0.72255,0.18141,0.50420,1162.24
quat4,0.54902,-0.56218,0.07796,0.61356,1162.24
quat5,0.00000,0.38268,0.00000,-0.92388,1162.24
quat6,0.00000,0.38268,0.00000,-0.92388,1162.24
quat7,0.00000,0.38268,0.00000,-0.92388,1162.24
quat8,0.00000,0.38268,0.00000,-0.92388,1162.24
quat0,0.91871,-0.12725,-0.37361,-0.01401,1162.26
quat1,0.26695,0.13874,-0.34969,-0.88724,1162.26
quat2,-0.28055,-0.12967,0.48014,0.82094,1162.26
quat3,0.42692,-0.72951,0.17122,0.50620,1162.26
quat4,0.53387,-0.56809,0.06365,0.62306,1162.26
quat5,0.00000,0.38268,0.00000,-0.92388,1162.26
quat6,0.00000,0.38268,0.00000,-0.92388,1162.26
quat7,0.00000,0.38268,0.00000,-0.92388,1162.26
quat8,0.00000,0.38268,0.00000,-0.92388,1162.26
quat0,0.91814,-0.12410,-0.37613,-0.01248,1162.28
quat1,0.26644,0.13774,-0.33765,-0.89220,1162.28
quat2,-0.27829,-0.12827,0.46905,0.82831,1162.28
quat3,0.41935,-0.73554,0.16047,0.50733,1162.28
quat4,0.52008,-0.57216,0.04622,0.63246,1162.28
quat5,0.00000,0.38268,0.00000,-0.92388,1162.28
quat6,0.00000,0.38268,0.00000,-0.92388,1162.28
quat7,0.00000,0.38268,0.00000,-0.92388,1162.28
quat8,0.00000,0.38268,0.00000,-0.92388,1162.28
quat0,0.91764,-0.12229,-0.37797,-0.01129,1162.3
quat1,0.26759,0.13434,-0.32531,-0.89695,1162.3
quat2,-0.27870,-0.12618,0.45767,0.83483,1162.3
quat3,0.41310,-0.74199,0.14981,0.50633,1162.3
quat4,0.50829,-0.57710,0.02859,0.63858,1162.3
quat5,0.00000,0.38268,0.00000,-0.92388,1162.3
quat6,0.00000,0.38268,0.00000,-0.92388,1162.3
quat7,0.00000,0.38268,0.00000,-0.92388,1162.3
quat8,0.00000,0.38268,0.00000,-0.92388,1162.3
quat0,0.91765,-0.11902,-0.37899,-0.01087,1162.32
quat1,0.26966,0.12896,-0.31362,-0.90127,1162.32
quat2,-0.28167,-0.12193,0.44656,0.84046,1162.32
quat3,0.40766,-0.74987,0.14037,0.50179,1162.32
quat4,0.49813,-0.58609,0.01334,0.63890,1162.32
quat5,0.00000,0.38268,0.00000,-0.92388,1162.32
quat6,0.00000,0.38268,0.00000,-0.92388,1162.32
quat7,0.00000,0.38268,0.00000,-0.92388,1162.32
quat8,0.00000,0.38268,0.00000,-0.92388,1162.32
quat0,0.91727,-0.11854,-0.38008,-0.01052,1162.34
quat1,0.27240,0.12062,-0.30251,-0.90539,1162.34
quat2,-0.28621,-0.11432,0.43612,0.84547,1162.34
quat3,0.40393,-0.75870,0.13196,0.49376,1162.34
quat4,0.49058,-0.59910,0.00089,0.63277,1162.34
quat5,0.00000,0.38268,0.00000,-0.92388,1162.34
quat6,0.00000,0.38268,0.00000,-0.92388,1162.34
quat7,0.00000,0.38268,0.00000,-0.92388,1162.34
quat8,0.00000,0.38268,0.00000,-0.92388,1162.34
quat0,0.91709,-0.11556,-0.38143,-0.00999,1162.36
quat1,0.27542,0.10997,-0.29212,-0.90924,1162.36
quat2,-0.29243,-0.10343,0.42646,0.84966,1162.36
quat3,0.40186,-0.76752,0.12428,0.48372,1162.36
quat4,0.48620,-0.61422,-0.00912,0.62150,1162.36
quat5,0.00000,0.38268,0.00000,-0.92388,1162.36
quat6,0.00000,0.38268,0.00000,-0.92388,1162.36
quat7,0.00000,0.38268,0.00000,-0.92388,1162.36
quat8,0.00000,0.38268,0.00000,-0.92388,1162.36
quat0,0.91658,-0.11366,-0.38326,-0.00927,1162.38
quat1,0.27865,0.09685,-0.28255,-0.91277,1162.38
quat2,-0.30022,-0.09102,0.41733,0.85289,1162.38
quat3,0.40181,-0.77582,0.11754,0.47207,1162.38
quat4,0.48466,-0.62786,-0.01884,0.60872,1162.38
quat5,0.00000,0.38268,0.00000,-0.92388,1162.38
quat6,0.00000,0.38268,0.00000,-0.92388,1162.38
quat7,0.00000,0.38268,0.00000,-0.92388,1162.38
quat8,0.00000,0.38268,0.00000,-0.92388,1162.38
quat0,0.91615,-0.11220,-0.38472,-0.00836,1162.4
quat1,0.28378,0.08305,-0.27418,-0.91509,1162.4
quat2,-0.30978,-0.07723,0.40888,0.85492,1162.4
quat3,0.40419,-0.78249,0.11106,0.46044,1162.4
quat4,0.48579,-0.63837,-0.02947,0.59634,1162.4
quat5,0.00000,0.38268,0.00000,-0.92388,1162.4
quat6,0.00000,0.38268,0.00000,-0.92388,1162.4
quat7,0.00000,0.38268,0.00000,-0.92388,1162.4
quat8,0.00000,0.38268,0.00000,-0.92388,1162.4
quat0,0.91615,-0.11114,-0.38505,-0.00740,1162.42
quat1,0.28995,0.06854,-0.26773,-0.91627,1162.42
quat2,-0.32002,-0.06063,0.40202,0.85574,1162.42
quat3,0.40942,-0.78710,0.10437,0.44940,1162.42
quat4,0.48924,-0.64651,-0.03989,0.58402,1162.42
quat5,0.00000,0.38268,0.00000,-0.92388,1162.42
quat6,0.00000,0.38268,0.00000,-0.92388,1162.42
quat7,0.00000,0.38268,0.00000,-0.92388,1162.42
quat8,0.00000,0.38268,0.00000,-0.92388,1162.42
quat0,0.91626,-0.10944,-0.38528,-0.00633,1162.44
quat1,0.29702,0.05417,-0.26370,-0.91614,1162.44
quat2,-0.33104,-0.04230,0.39647,0.85524,1162.44
quat3,0.41735,-0.78967,0.09749,0.43902,1162.44
quat4,0.49508,-0.65279,-0.05024,0.57117,1162.44
quat5,0.00000,0.38268,0.00000,-0.92388,1162.44
quat6,0.00000,0.38268,0.00000,-0.92388,1162.44
quat7,0.00000,0.38268,0.00000,-0.92388,1162.44
quat8,0.00000,0.38268,0.00000,-0.92388,1162.44
quat0,0.91587,-0.10928,-0.38630,-0.00476,1162.46
quat1,0.30521,0.04131,-0.26162,-0.91471,1162.46
quat2,-0.34213,-0.02205,0.39289,0.85329,1162.46
quat3,0.42773,-0.78968,0.09078,0.43037,1162.46
quat4,0.50312,-0.65710,-0.06073,0.55804,1162.46
quat5,0.00000,0.38268,0.00000,-0.92388,1162.46
quat6,0.00000,0.38268,0.00000,-0.92388,1162.46
quat7,0.00000,0.38268,0.00000,-0.92388,1162.46
quat8,0.00000,0.38268,0.00000,-0.92388,1162.46
quat0,0.91584,-0.10866,-0.38655,-0.00320,1162.48
quat1,0.31403,0.03006,-0.26171,-0.91214,1162.48
quat2,-0.35332,-0.00005,0.39217,0.84933,1162.48
quat3,0.43999,-0.78783,0.08466,0.42257,1162.48
quat4,0.51316,-0.65977,-0.07113,0.54435,1162.48
quat5,0.00000,0.38268,0.00000,-0.92388,1162.48
quat6,0.00000,0.38268,0.00000,-0.92388,1162.48
quat7,0.00000,0.38268,0.00000,-0.92388,1162.48
quat8,0.00000,0.38268,0.00000,-0.92388,1162.48
quat0,0.91606,-0.10973,-0.38573,-0.00236,1162.5
quat1,0.32362,0.02077,-0.26370,-0.90846,1162.5
quat2,-0.36424,0.02227,0.39446,0.84335,1162.5
quat3,0.45308,-0.78453,0.07976,0.41579,1162.5
quat4,0.52517,-0.66074,-0.07961,0.53036,1162.5
quat5,0.00000,0.38268,0.00000,-0.92388,1162.5
quat6,0.00000,0.38268,0.00000,-0.92388,1162.5
quat7,0.00000,0.38268,0.00000,-0.92388,1162.5
quat8,0.00000,0.38268,0.00000,-0.92388,1162.5
quat0,0.91634,-0.10869,-0.38536,-0.00123,1162.52
quat1,0.33442,0.01302,-0.26747,-0.90358,1162.52
quat2,-0.37530,0.04188,0.39921,0.83548,1162.52
quat3,0.46628,-0.78037,0.07635,0.40961,1162.52
quat4,0.53884,-0.66083,-0.08531,0.51543,1162.52
quat5,0.00000,0.38268,0.00000,-0.92388,1162.52
quat6,0.00000,0.38268,0.00000,-0.92388,1162.52
quat7,0.00000,0.38268,0.00000,-0.92388,1162.52
quat8,0.00000,0.38268,0.00000,-0.92388,1162.52
quat0,0.91638,-0.10878,-0.38525,-0.00151,1162.54
quat1,0.34522,0.00725,-0.27260,-0.89803,1162.54
quat2,-0.38584,0.05735,0.40628,0.82630,1162.54
quat3,0.47921,-0.77608,0.07468,0.40310,1162.54
quat4,0.55396,-0.66034,-0.08741,0.49944,1162.54
quat5,0.00000,0.38268,0.00000,-0.92388,1162.54
quat6,0.00000,0.38268,0.00000,-0.92388,1162.54
quat7,0.00000,0.38268,0.00000,-0.92388,1162.54
quat8,0.00000,0.38268,0.00000,-0.92388,1162.54
quat0,0.91617,-0.10936,-0.38559,-0.00176,1162.56
quat1,0.35649,0.00350,-0.27867,-0.89177,1162.56
quat2,-0.39529,0.06959,0.41641,0.81579,1162.56
quat3,0.49244,-0.77094,0.07447,0.39701,1162.56
quat4,0.57008,-0.65935,-0.08602,0.48256,1162.56
quat5,0.00000,0.38268,0.00000,-0.92388,1162.56
quat6,0.00000,0.38268,0.00000,-0.92388,1162.56
quat7,0.00000,0.38268,0.00000,-0.92388,1162.56
quat8,0.00000,0.38268,0.00000,-0.92388,1162.56
quat0,0.91624,-0.10991,-0.38526,-0.00152,1162.58
quat1,0.36631,-0.00021,-0.28658,-0.88526,1162.58
quat2,-0.40299,0.08000,0.42905,0.80444,1162.58
quat3,0.50486,-0.76523,0.07668,0.39200,1162.58
quat4,0.58709,-0.65777,-0.08114,0.46484,1162.58
quat5,0.00000,0.38268,0.00000,-0.92388,1162.58
quat6,0.00000,0.38268,0.00000,-0.92388,1162.58
quat7,0.00000,0.38268,0.00000,-0.92388,1162.58
quat8,0.00000,0.38268,0.00000,-0.92388,1162.58
quat0,0.91640,-0.11165,-0.38437,-0.00256,1162.6
quat1,0.37481,-0.00259,-0.29618,-0.87851,1162.6
quat2,-0.40970,0.08742,0.44304,0.79261,1162.6
quat3,0.51672,-0.75851,0.08030,0.38886,1162.6
quat4,0.60392,-0.65535,-0.07375,0.44761,1162.6
quat5,0.00000,0.38268,0.00000,-0.92388,1162.6
quat6,0.00000,0.38268,0.00000,-0.92388,1162.6
quat7,0.00000,0.38268,0.00000,-0.92388,1162.6
quat8,0.00000,0.38268,0.00000,-0.92388,1162.6
quat0,0.91674,-0.11104,-0.38372,-0.00306,1162.62
quat1,0.38278,-0.00346,-0.30731,-0.87122,1162.62
quat2,-0.41554,0.09170,0.45767,0.78068,1162.62
quat3,0.52821,-0.75113,0.08566,0.38659,1162.62
quat4,0.62057,-0.65167,-0.06461,0.43133,1162.62
quat5,0.00000,0.38268,0.00000,-0.92388,1162.62
quat6,0.00000,0.38268,0.00000,-0.92388,1162.62
quat7,0.00000,0.38268,0.00000,-0.92388,1162.62
quat8,0.00000,0.38268,0.00000,-0.92388,1162.62
quat0,0.91635,-0.11561,-0.38329,-0.00476,1162.64
quat1,0.39002,-0.00347,-0.31921,-0.86370,1162.64
quat2,-0.42018,0.09351,0.47338,0.76852,1162.64
quat3,0.53866,-0.74346,0.09226,0.38550,1162.64
quat4,0.63682,-0.64603,-0.05414,0.41734,1162.64
quat5,0.00000,0.38268,0.00000,-0.92388,1162.64
quat6,0.00000,0.38268,0.00000,-0.92388,1162.64
quat7,0.00000,0.38268,0.00000,-0.92388,1162.64
quat8,0.00000,0.38268,0.00000,-0.92388,1162.64
quat0,0.91681,-0.11656,-0.38191,-0.00502,1162.66
quat1,0.39560,-0.00352,-0.33176,-0.85640,1162.66
quat2,-0.42333,0.09318,0.48966,0.75654,1162.66
quat3,0.54778,-0.73572,0.09983,0.38559,1162.66
quat4,0.65194,-0.63858,-0.04254,0.40668,1162.66
quat5,0.00000,0.38268,0.00000,-0.92388,1162.66
quat6,0.00000,0.38268,0.00000,-0.92388,1162.66
quat7,0.00000,0.38268,0.00000,-0.92388,1162.66
quat8,0.00000,0.38268,0.00000,-0.92388,1162.66
quat0,0.91775,-0.11693,-0.37951,-0.00618,1162.68
quat1,0.39942,-0.00325,-0.34476,-0.84947,1162.68
quat2,-0.42490,0.09090,0.50645,0.74479,1162.68
quat3,0.55589,-0.72782,0.10711,0.38703,1162.68
quat4,0.66540,-0.62986,-0.02934,0.39958,1162.68
quat5,0.00000,0.38268,0.00000,-0.92388,1162.68
quat6,0.00000,0.38268,0.00000,-0.92388,1162.68
quat7,0.00000,0.38268,0.00000,-0.92388,1162.68
quat8,0.00000,0.38268,0.00000,-0.92388,1162.68
quat0,0.91752,-0.11795,-0.37974,-0.00680,1162.7
quat1,0.40124,-0.00249,-0.35757,-0.84329,1162.7
quat2,-0.42444,0.08725,0.52374,0.73344,1162.7
quat3,0.56242,-0.72005,0.11444,0.39002,1162.7
quat4,0.67749,-0.62049,-0.01475,0.39470,1162.7
quat5,0.00000,0.38268,0.00000,-0.92388,1162.7
quat6,0.00000,0.38268,0.00000,-0.92388,1162.7
quat7,0.00000,0.38268,0.00000,-0.92388,1162.7
quat8,0.00000,0.38268,0.00000,-0.92388,1162.7
quat0,0.91675,-0.12011,-0.38089,-0.00863,1162.72
quat1,0.40272,0.00117,-0.36885,-0.83771,1162.72
quat2,-0.42251,0.08117,0.54049,0.72302,1162.72
quat3,0.56720,-0.71314,0.12290,0.39320,1162.72
quat4,0.68798,-0.61097,0.00195,0.39165,1162.72
quat5,0.00000,0.38268,0.00000,-0.92388,1162.72
quat6,0.00000,0.38268,0.00000,-0.92388,1162.72
quat7,0.00000,0.38268,0.00000,-0.92388,1162.72
quat8,0.00000,0.38268,0.00000,-0.92388,1162.72
quat0,0.91746,-0.12178,-0.37859,-0.00973,1162.74
quat1,0.40476,0.00820,-0.37736,-0.83289,1162.74
quat2,-0.41983,0.07246,0.55563,0.71398,1162.74
quat3,0.57021,-0.70692,0.13230,0.39703,1162.74
quat4,0.69604,-0.60176,0.02100,0.39112,1162.74
quat5,0.00000,0.38268,0.00000,-0.92388,1162.74
quat6,0.00000,0.38268,0.00000,-0.92388,1162.74
quat7,0.00000,0.38268,0.00000,-0.92388,1162.74
quat8,0.00000,0.38268,0.00000,-0.92388,1162.74
quat0,0.91728,-0.12285,-0.37868,-0.01044,1162.76
quat1,0.40589,0.01745,-0.38508,-0.82865,1162.76
quat2,-0.41644,0.06138,0.56851,0.70683,1162.76
quat3,0.57188,-0.70182,0.14166,0.40042,1162.76
quat4,0.70195,-0.59260,0.04116,0.39294,1162.76
quat5,0.00000,0.38268,0.00000,-0.92388,1162.76
quat6,0.00000,0.38268,0.00000,-0.92388,1162.76
quat7,0.00000,0.38268,0.00000,-0.92388,1162.76
quat8,0.00000,0.38268,0.00000,-0.92388,1162.76
quat0,0.91617,-0.12462,-0.38078,-0.01053,1162.78
quat1,0.40679,0.02851,-0.39125,-0.82500,1162.78
quat2,-0.41181,0.04834,0.57899,0.70203,1162.78
quat3,0.57234,-0.69759,0.15033,0.40398,1162.78
quat4,0.70568,-0.58318,0.06155,0.39764,1162.78
quat5,0.00000,0.38268,0.00000,-0.92388,1162.78
quat6,0.00000,0.38268,0.00000,-0.92388,1162.78
quat7,0.00000,0.38268,0.00000,-0.92388,1162.78
quat8,0.00000,0.38268,0.00000,-0.92388,1162.78
quat0,0.91590,-0.12840,-0.38015,-0.01135,1162.8
quat1,0.40650,0.04138,-0.39613,-0.82227,1162.8
quat2,-0.40640,0.03394,0.58717,0.69923,1162.8
quat3,0.57080,-0.69444,0.15873,0.40835,1162.8
quat4,0.70722,-0.57351,0.08120,0.40538,1162.8
quat5,0.00000,0.38268,0.00000,-0.92388,1162.8
quat6,0.00000,0.38268,0.00000,-0.92388,1162.8
quat7,0.00000,0.38268,0.00000,-0.92388,1162.8
quat8,0.00000,0.38268,0.00000,-0.92388,1162.8
quat0,0.91542,-0.13081,-0.38047,-0.01187,1162.82
quat1,0.40417,0.05276,-0.40027,-0.82076,1162.82
quat2,-0.39998,0.01882,0.59320,0.69841,1162.82
quat3,0.56658,-0.69276,0.16674,0.41385,1162.82
quat4,0.70664,-0.56333,0.09988,0.41634,1162.82
quat5,0.00000,0.38268,0.00000,-0.92388,1162.82
quat6,0.00000,0.38268,0.00000,-0.92388,1162.82
quat7,0.00000,0.38268,0.00000,-0.92388,1162.82
quat8,0.00000,0.38268,0.00000,-0.92388,1162.82
quat0,0.91486,-0.13134,-0.38166,-0.01117,1162.84
quat1,0.39982,0.06322,-0.40395,-0.82035,1162.84
quat2,-0.39253,0.00368,0.59690,0.69972,1162.84
quat3,0.56062,-0.69212,0.17314,0.42036,1162.84
quat4,0.70384,-0.55319,0.11812,0.42970,1162.84
quat5,0.00000,0.38268,0.00000,-0.92388,1162.84
quat6,0.00000,0.38268,0.00000,-0.92388,1162.84
quat7,0.00000,0.38268,0.00000,-0.92388,1162.84
quat8,0.00000,0.38268,0.00000,-0.92388,1162.84
quat0,0.91482,-0.13384,-0.38085,-0.01197,1162.86
quat1,0.39376,0.07238,-0.40745,-0.82079,1162.86
quat2,-0.38411,-0.01077,0.59831,0.70311,1162.86
quat3,0.55342,-0.69191,0.17726,0.42846,1162.86
quat4,0.69890,-0.54313,0.13520,0.44528,1162.86
quat5,0.00000,0.38268,0.00000,-0.92388,1162.86
quat6,0.00000,0.38268,0.00000,-0.92388,1162.86
quat7,0.00000,0.38268,0.00000,-0.92388,1162.86
quat8,0.00000,0.38268,0.00000,-0.92388,1162.86
quat0,0.91503,-0.13464,-0.38008,-0.01129,1162.88
quat1,0.38467,0.08112,-0.41024,-0.82289,1162.88
quat2,-0.37473,-0.02488,0.59717,0.70877,1162.88
quat3,0.54573,-0.69189,0.17961,0.43728,1162.88
quat4,0.69204,-0.53382,0.14978,0.46226,1162.88
quat5,0.00000,0.38268,0.00000,-0.92388,1162.88
quat6,0.00000,0.38268,0.00000,-0.92388,1162.88
quat7,0.00000,0.38268,0.00000,-0.92388,1162.88
quat8,0.00000,0.38268,0.00000,-0.92388,1162.88
quat0,0.91522,-0.13711,-0.37869,-0.01272,1162.9
quat1,0.37473,0.09095,-0.41103,-0.82605,1162.9
quat2,-0.36501,-0.03908,0.59377,0.71601,1162.9
quat3,0.53808,-0.69239,0.18047,0.44554,1162.9
quat4,0.68341,-0.52534,0.16144,0.48052,1162.9
quat5,0.00000,0.38268,0.00000,-0.92388,1162.9
quat6,0.00000,0.38268,0.00000,-0.92388,1162.9
quat7,0.00000,0.38268,0.00000,-0.92388,1162.9
quat8,0.00000,0.38268,0.00000,-0.92388,1162.9
quat0,0.91494,-0.13676,-0.37952,-0.01205,1162.92
quat1,0.36498,0.10130,-0.41004,-0.82969,1162.92
quat2,-0.35504,-0.05277,0.58885,0.72417,1162.92
quat3,0.52991,-0.69244,0.18201,0.45452,1162.92
quat4,0.67289,-0.51804,0.16780,0.50070,1162.92
quat5,0.00000,0.38268,0.00000,-0.92388,1162.92
quat6,0.00000,0.38268,0.00000,-0.92388,1162.92
quat7,0.00000,0.38268,0.00000,-0.92388,1162.92
quat8,0.00000,0.38268,0.00000,-0.92388,1162.92
quat0,0.91467,-0.13757,-0.37989,-0.01192,1162.94
quat1,0.35404,0.11079,-0.40755,-0.83444,1162.94
quat2,-0.34472,-0.06509,0.58270,0.73307,1162.94
quat3,0.52203,-0.69161,0.18288,0.46445,1162.94
quat4,0.66139,-0.50996,0.16772,0.52381,1162.94
quat5,0.00000,0.38268,0.00000,-0.92388,1162.94
quat6,0.00000,0.38268,0.00000,-0.92388,1162.94
quat7,0.00000,0.38268,0.00000,-0.92388,1162.94
quat8,0.00000,0.38268,0.00000,-0.92388,1162.94
quat0,0.91484,-0.13824,-0.37923,-0.01225,1162.96
quat1,0.34286,0.12012,-0.40382,-0.83961,1162.96
quat2,-0.33394,-0.07680,0.57522,0.74277,1162.96
quat3,0.51331,-0.69046,0.18279,0.47577,1162.96
quat4,0.64890,-0.50206,0.16221,0.54822,1162.96
quat5,0.00000,0.38268,0.00000,-0.92388,1162.96
quat6,0.00000,0.38268,0.00000,-0.92388,1162.96
quat7,0.00000,0.38268,0.00000,-0.92388,1162.96
quat8,0.00000,0.38268,0.00000,-0.92388,1162.96
quat0,0.91480,-0.13868,-0.37917,-0.01151,1162.98
quat1,0.33188,0.12754,-0.39855,-0.84542,1162.98
quat2,-0.32405,-0.08829,0.56647,0.75254,1162.98
quat3,0.50378,-0.68986,0.18218,0.48694,1162.98
quat4,0.63550,-0.49516,0.15311,0.57229,1162.98
quat5,0.00000,0.38268,0.00000,-0.92388,1162.98
quat6,0.00000,0.38268,0.00000,-0.92388,1162.98
quat7,0.00000,0.38268,0.00000,-0.92388,1162.98
quat8,0.00000,0.38268,0.00000,-0.92388,1162.98
quat0,0.91520,-0.13799,-0.37853,-0.00958,1163
quat1,0.32158,0.13408,-0.39163,-0.85161,1163
quat2,-0.31495,-0.09879,0.55673,0.76230,1163
quat3,0.49350,-0.68965,0.18068,0.49819,1163
quat4,0.62119,-0.49035,0.14263,0.59442,1163
quat5,0.00000,0.38268,0.00000,-0.92388,1163
quat6,0.00000,0.38268,0.00000,-0.92388,1163
quat7,0.00000,0.38268,0.00000,-0.92388,1163
quat8,0.00000,0.38268,0.00000,-0.92388,1163
quat0,0.91602,-0.13713,-0.37685,-0.00934,1163.02
quat1,0.31223,0.14122,-0.38366,-0.85754,1163.02
quat2,-0.30592,-0.10750,0.54650,0.77214,1163.02
quat3,0.48230,-0.69113,0.17843,0.50782,1163.02
quat4,0.60681,-0.48990,0.13275,0.61169,1163.02
quat5,0.00000,0.38268,0.00000,-0.92388,1163.02
quat6,0.00000,0.38268,0.00000,-0.92388,1163.02
quat7,0.00000,0.38268,0.00000,-0.92388,1163.02
quat8,0.00000,0.38268,0.00000,-0.92388,1163.02
quat0,0.91647,-0.13599,-0.37620,-0.00741,1163.04
quat1,0.30423,0.14702,-0.37433,-0.86354,1163.04
quat2,-0.29720,-0.11424,0.53586,0.78197,1163.04
quat3,0.46936,-0.69594,0.17664,0.51398,1163.04
quat4,0.59225,-0.49417,0.12503,0.62402,1163.04
quat5,0.00000,0.38268,0.00000,-0.92388,1163.04
quat6,0.00000,0.38268,0.00000,-0.92388,1163.04
quat7,0.00000,0.38268,0.00000,-0.92388,1163.04
quat8,0.00000,0.38268,0.00000,-0.92388,1163.04
quat0,0.91709,-0.13396,-0.37546,-0.00539,1163.06
quat1,0.29750,0.15018,-0.36416,-0.86967,1163.06
quat2,-0.28962,-0.11961,0.52485,0.79142,1163.06
quat3,0.45596,-0.70367,0.17426,0.51632,1163.06
quat4,0.57749,-0.50246,0.11766,0.63261,1163.06
quat5,0.00000,0.38268,0.00000,-0.92388,1163.06
quat6,0.00000,0.38268,0.00000,-0.92388,1163.06
quat7,0.00000,0.38268,0.00000,-0.92388,1163.06
quat8,0.00000,0.38268,0.00000,-0.92388,1163.06
quat0,0.91796,-0.13299,-0.37369,-0.00455,1163.08
quat1,0.29140,0.15261,-0.35310,-0.87585,1163.08
quat2,-0.28356,-0.12332,0.51328,0.80058,1163.08
quat3,0.44334,-0.71225,0.17015,0.51690,1163.08
quat4,0.56354,-0.51393,0.11028,0.63728,1163.08
quat5,0.00000,0.38268,0.00000,-0.92388,1163.08
quat6,0.00000,0.38268,0.00000,-0.92388,1163.08
quat7,0.00000,0.38268,0.00000,-0.92388,1163.08
quat8,0.00000,0.38268,0.00000,-0.92388,1163.08
quat0,0.91866,-0.13144,-0.37253,-0.00200,1163.1
quat1,0.28721,0.15295,-0.34161,-0.88171,1163.1
quat2,-0.27861,-0.12397,0.50154,0.80961,1163.1
quat3,0.43125,-0.72110,0.16472,0.51662,1163.1
quat4,0.55005,-0.52869,0.10301,0.63821,1163.1
quat5,0.00000,0.38268,0.00000,-0.92388,1163.1
quat6,0.00000,0.38268,0.00000,-0.92388,1163.1
quat7,0.00000,0.38268,0.00000,-0.92388,1163.1
quat8,0.00000,0.38268,0.00000,-0.92388,1163.1
quat0,0.91870,-0.13042,-0.37279,-0.00128,1163.12
quat1,0.28359,0.15022,-0.32957,-0.88792,1163.12
quat2,-0.27532,-0.12202,0.48925,0.81850,1163.12
quat3,0.42064,-0.73047,0.15859,0.51412,1163.12
quat4,0.53659,-0.54511,0.09375,0.63729,1163.12
quat5,0.00000,0.38268,0.00000,-0.92388,1163.12
quat6,0.00000,0.38268,0.00000,-0.92388,1163.12
quat7,0.00000,0.38268,0.00000,-0.92388,1163.12
quat8,0.00000,0.38268,0.00000,-0.92388,1163.12
quat0,0.91915,-0.12921,-0.37211,0.00072,1163.14
quat1,0.28091,0.14510,-0.31753,-0.89399,1163.14
quat2,-0.27449,-0.11773,0.47607,0.82713,1163.14
quat3,0.41188,-0.73978,0.15178,0.50994,1163.14
quat4,0.52412,-0.56088,0.08108,0.63572,1163.14
quat5,0.00000,0.38268,0.00000,-0.92388,1163.14
quat6,0.00000,0.38268,0.00000,-0.92388,1163.14
quat7,0.00000,0.38268,0.00000,-0.92388,1163.14
quat8,0.00000,0.38268,0.00000,-0.92388,1163.14
quat0,0.91951,-0.12747,-0.37181,0.00289,1163.16
quat1,0.27991,0.13840,-0.30601,-0.89936,1163.16
quat2,-0.27597,-0.11062,0.46248,0.83530,1163.16
quat3,0.40505,-0.74812,0.14409,0.50546,1163.16
quat4,0.51287,-0.57555,0.06534,0.63359,1163.16
quat5,0.00000,0.38268,0.00000,-0.92388,1163.16
quat6,0.00000,0.38268,0.00000,-0.92388,1163.16
quat7,0.00000,0.38268,0.00000,-0.92388,1163.16
quat8,0.00000,0.38268,0.00000,-0.92388,1163.16
quat0,0.91941,-0.12719,-0.37215,0.00437,1163.18
quat1,0.28010,0.12879,-0.29522,-0.90433,1163.18
quat2,-0.27944,-0.10041,0.44875,0.84288,1163.18
quat3,0.39988,-0.75621,0.13680,0.49953,1163.18
quat4,0.50317,-0.58978,0.04749,0.62986,1163.18
quat5,0.00000,0.38268,0.00000,-0.92388,1163.18
quat6,0.00000,0.38268,0.00000,-0.92388,1163.18
quat7,0.00000,0.38268,0.00000,-0.92388,1163.18
quat8,0.00000,0.38268,0.00000,-0.92388,1163.18
quat0,0.91924,-0.12587,-0.37300,0.00562,1163.2
quat1,0.28100,0.11738,-0.28542,-0.90873,1163.2
quat2,-0.28495,-0.08754,0.43561,0.84934,1163.2
quat3,0.39609,-0.76413,0.13011,0.49223,1163.2
quat4,0.49461,-0.60452,0.02874,0.62376,1163.2
quat5,0.00000,0.38268,0.00000,-0.92388,1163.2
quat6,0.00000,0.38268,0.00000,-0.92388,1163.2
quat7,0.00000,0.38268,0.00000,-0.92388,1163.2
quat8,0.00000,0.38268,0.00000,-0.92388,1163.2
quat0,0.91935,-0.12389,-0.37337,0.00672,1163.22
quat1,0.28324,0.10445,-0.27646,-0.91238,1163.22
quat2,-0.29204,-0.07147,0.42389,0.85436,1163.22
quat3,0.39333,-0.77207,0.12489,0.48332,1163.22
quat4,0.48775,-0.62006,0.01021,0.61443,1163.22
quat5,0.00000,0.38268,0.00000,-0.92388,1163.22
quat6,0.00000,0.38268,0.00000,-0.92388,1163.22
quat7,0.00000,0.38268,0.00000,-0.92388,1163.22
quat8,0.00000,0.38268,0.00000,-0.92388,1163.22
quat0,0.91899,-0.12284,-0.37457,0.00791,1163.24
quat1,0.28617,0.09002,-0.26864,-0.91534,1163.24
quat2,-0.30056,-0.05300,0.41363,0.85777,1163.24
quat3,0.39244,-0.77973,0.12049,0.47275,1163.24
quat4,0.48342,-0.63533,-0.00726,0.60217,1163.24
quat5,0.00000,0.38268,0.00000,-0.92388,1163.24
quat6,0.00000,0.38268,0.00000,-0.92388,1163.24
quat7,0.00000,0.38268,0.00000,-0.92388,1163.24
quat8,0.00000,0.38268,0.00000,-0.92388,1163.24
quat0,0.91805,-0.12290,-0.37685,0.00856,1163.26
quat1,0.29040,0.07427,-0.26232,-0.91725,1163.26
quat2,-0.31002,-0.03268,0.40527,0.85940,1163.26
quat3,0.39383,-0.78674,0.11609,0.46094,1163.26
quat4,0.48244,-0.64794,-0.02272,0.58899,1163.26
quat5,0.00000,0.38268,0.00000,-0.92388,1163.26
quat6,0.00000,0.38268,0.00000,-0.92388,1163.26
quat7,0.00000,0.38268,0.00000,-0.92388,1163.26
quat8,0.00000,0.38268,0.00000,-0.92388,1163.26
quat0,0.91801,-0.12154,-0.37734,0.01041,1163.28
quat1,0.29597,0.05894,-0.25717,-0.91804,1163.28
quat2,-0.32045,-0.01107,0.39912,0.85901,1163.28
quat3,0.39782,-0.79225,0.10993,0.44943,1163.28
quat4,0.48451,-0.65710,-0.03585,0.57635,1163.28
quat5,0.00000,0.38268,0.00000,-0.92388,1163.28
quat6,0.00000,0.38268,0.00000,-0.92388,1163.28
quat7,0.00000,0.38268,0.00000,-0.92388,1163.28
quat8,0.00000,0.38268,0.00000,-0.92388,1163.28
quat0,0.91736,-0.12054,-0.37921,0.01094,1163.3
quat1,0.30280,0.04301,-0.25412,-0.91754,1163.3
quat2,-0.33168,0.01092,0.39532,0.85650,1163.3
quat3,0.40381,-0.79533,0.10224,0.44037,1163.3
quat4,0.48965,-0.66323,-0.04646,0.56410,1163.3
quat5,0.00000,0.38268,0.00000,-0.92388,1163.3
quat6,0.00000,0.38268,0.00000,-0.92388,1163.3
quat7,0.00000,0.38268,0.00000,-0.92388,1163.3
quat8,0.00000,0.38268,0.00000,-0.92388,1163.3
quat0,0.91726,-0.11861,-0.38006,0.01097,1163.32
quat1,0.31096,0.02712,-0.25328,-0.91565,1163.32
quat2,-0.34390,0.03222,0.39346,0.85199,1163.32
quat3,0.41228,-0.79601,0.09362,0.43317,1163.32
quat4,0.49727,-0.66807,-0.05459,0.55083,1163.32
quat5,0.00000,0.38268,0.00000,-0.92388,1163.32
quat6,0.00000,0.38268,0.00000,-0.92388,1163.32
quat7,0.00000,0.38268,0.00000,-0.92388,1163.32
quat8,0.00000,0.38268,0.00000,-0.92388,1163.32
quat0,0.91670,-0.11876,-0.38132,0.01227,1163.34
quat1,0.31998,0.01321,-0.25437,-0.91254,1163.34
quat2,-0.35671,0.05172,0.39390,0.84553,1163.34
quat3,0.42244,-0.79475,0.08594,0.42723,1163.34
quat4,0.50686,-0.67199,-0.06066,0.53651,1163.34
quat5,0.00000,0.38268,0.00000,-0.92388,1163.34
quat6,0.00000,0.38268,0.00000,-0.92388,1163.34
quat7,0.00000,0.38268,0.00000,-0.92388,1163.34
quat8,0.00000,0.38268,0.00000,-0.92388,1163.34
quat0,0.91619,-0.11879,-0.38253,0.01246,1163.36
quat1,0.33127,0.00228,-0.25707,-0.90784,1163.36
quat2,-0.36985,0.06911,0.39667,0.83731,1163.36
quat3,0.43374,-0.79164,0.08007,0.42281,1163.36
quat4,0.51760,-0.67464,-0.06517,0.52221,1163.36
quat5,0.00000,0.38268,0.00000,-0.92388,1163.36
quat6,0.00000,0.38268,0.00000,-0.92388,1163.36
quat7,0.00000,0.38268,0.00000,-0.92388,1163.36
quat8,0.00000,0.38268,0.00000,-0.92388,1163.36
quat0,0.91593,-0.11774,-0.38347,0.01224,1163.38
quat1,0.34370,-0.00547,-0.26129,-0.90198,1163.38
quat2,-0.38285,0.08435,0.40212,0.82741,1163.38
quat3,0.44503,-0.78812,0.07658,0.41827,1163.38
quat4,0.52939,-0.67620,-0.06846,0.50776,1163.38
quat5,0.00000,0.38268,0.00000,-0.92388,1163.38
quat6,0.00000,0.38268,0.00000,-0.92388,1163.38
quat7,0.00000,0.38268,0.00000,-0.92388,1163.38
quat8,0.00000,0.38268,0.00000,-0.92388,1163.38
quat0,0.91551,-0.11942,-0.38401,0.01080,1163.4
quat1,0.35666,-0.01108,-0.26688,-0.89524,1163.4
quat2,-0.39516,0.09652,0.40995,0.81638,1163.4
quat3,0.45615,-0.78462,0.07603,0.41294,1163.4
quat4,0.54219,-0.67655,-0.07001,0.49336,1163.4
quat5,0.00000,0.38268,0.00000,-0.92388,1163.4
quat6,0.00000,0.38268,0.00000,-0.92388,1163.4
quat7,0.00000,0.38268,0.00000,-0.92388,1163.4
quat8,0.00000,0.38268,0.00000,-0.92388,1163.4
quat0,0.91520,-0.12075,-0.38435,0.01016,1163.42
quat1,0.36908,-0.01528,-0.27419,-0.88790,1163.42
quat2,-0.40647,0.10559,0.42029,0.80436,1163.42
quat3,0.46687,-0.78151,0.07825,0.40639,1163.42
quat4,0.55604,-0.67562,-0.06950,0.47909,1163.42
quat5,0.00000,0.38268,0.00000,-0.92388,1163.42
quat6,0.00000,0.38268,0.00000,-0.92388,1163.42
quat7,0.00000,0.38268,0.00000,-0.92388,1163.42
quat8,0.00000,0.38268,0.00000,-0.92388,1163.42
quat0,0.91444,-0.12127,-0.38601,0.00971,1163.44
quat1,0.38048,-0.01860,-0.28314,-0.88018,1163.44
quat2,-0.41663,0.11190,0.43317,0.79137,1163.44
quat3,0.47765,-0.77740,0.08266,0.40084,1163.44
quat4,0.57066,-0.67331,-0.06724,0.46528,1163.44
quat5,0.00000,0.38268,0.00000,-0.92388,1163.44
quat6,0.00000,0.38268,0.00000,-0.92388,1163.44
quat7,0.00000,0.38268,0.00000,-0.92388,1163.44
quat8,0.00000,0.38268,0.00000,-0.92388,1163.44
quat0,0.91443,-0.12331,-0.38538,0.00977,1163.46
quat1,0.39114,-0.02125,-0.29357,-0.87199,1163.46
quat2,-0.42476,0.11653,0.44840,0.77778,1163.46
quat3,0.48832,-0.77240,0.08822,0.39642,1163.46
quat4,0.58590,-0.66964,-0.06302,0.45204,1163.46
quat5,0.00000,0.38268,0.00000,-0.92388,1163.46
quat6,0.00000,0.38268,0.00000,-0.92388,1163.46
quat7,0.00000,0.38268,0.00000,-0.92388,1163.46
quat8,0.00000,0.38268,0.00000,-0.92388,1163.46
quat0,0.91505,-0.12663,-0.38283,0.00902,1163.48
quat1,0.40118,-0.02306,-0.30559,-0.86321,1163.48
quat2,-0.43108,0.11987,0.46552,0.76360,1163.48
quat3,0.49881,-0.76639,0.09474,0.39352,1163.48
quat4,0.60138,-0.66485,-0.05603,0.43952,1163.48
quat5,0.00000,0.38268,0.00000,-0.92388,1163.48
quat6,0.00000,0.38268,0.00000,-0.92388,1163.48
quat7,0.00000,0.38268,0.00000,-0.92388,1163.48
quat8,0.00000,0.38268,0.00000,-0.92388,1163.48
quat0,0.91557,-0.12710,-0.38145,0.00867,1163.5
quat1,0.40990,-0.02458,-0.31859,-0.85433,1163.5
quat2,-0.43642,0.12043,0.48302,0.74948,1163.5
quat3,0.50836,-0.76015,0.10292,0.39135,1163.5
quat4,0.61676,-0.65959,-0.04588,0.42715,1163.5
quat5,0.00000,0.38268,0.00000,-0.92388,1163.5
quat6,0.00000,0.38268,0.00000,-0.92388,1163.5
quat7,0.00000,0.38268,0.00000,-0.92388,1163.5
quat8,0.00000,0.38268,0.00000,-0.92388,1163.5
quat0,0.91590,-0.12977,-0.37980,0.00656,1163.52
quat1,0.41690,-0.02465,-0.33251,-0.84559,1163.52
quat2,-0.44167,0.11746,0.49903,0.73628,1163.52
quat3,0.51717,-0.75357,0.11245,0.38989,1163.52
quat4,0.63175,-0.65414,-0.03228,0.41468,1163.52
quat5,0.00000,0.38268,0.00000,-0.92388,1163.52
quat6,0.00000,0.38268,0.00000,-0.92388,1163.52
quat7,0.00000,0.38268,0.00000,-0.92388,1163.52
quat8,0.00000,0.38268,0.00000,-0.92388,1163.52
quat0,0.91629,-0.13240,-0.37798,0.00454,1163.54
quat1,0.42261,-0.02268,-0.34657,-0.83713,1163.54
quat2,-0.44692,0.11089,0.51345,0.72412,1163.54
quat3,0.52498,-0.74638,0.12379,0.38986,1163.54
quat4,0.64603,-0.64871,-0.01517,0.40199,1163.54
quat5,0.00000,0.38268,0.00000,-0.92388,1163.54
quat6,0.00000,0.38268,0.00000,-0.92388,1163.54
quat7,0.00000,0.38268,0.00000,-0.92388,1163.54
quat8,0.00000,0.38268,0.00000,-0.92388,1163.54
quat0,0.91666,-0.13303,-0.37688,0.00310,1163.56
quat1,0.42808,-0.01792,-0.35954,-0.82895,1163.56
quat2,-0.45072,0.10201,0.52699,0.71325,1163.56
quat3,0.53202,-0.73962,0.13624,0.38904,1163.56
quat4,0.65938,-0.64329,0.00487,0.38907,1163.56
quat5,0.00000,0.38268,0.00000,-0.92388,1163.56
quat6,0.00000,0.38268,0.00000,-0.92388,1163.56
quat7,0.00000,0.38268,0.00000,-0.92388,1163.56
quat8,0.00000,0.38268,0.00000,-0.92388,1163.56
quat0,0.91563,-0.13766,-0.37771,0.00259,1163.58
quat1,0.43356,-0.00951,-0.37110,-0.82111,1163.58
quat2,-0.45310,0.09120,0.53993,0.70346,1163.58
quat3,0.53767,-0.73337,0.14891,0.38848,1163.58
quat4,0.67104,-0.63686,0.02596,0.37873,1163.58
quat5,0.00000,0.38268,0.00000,-0.92388,1163.58
quat6,0.00000,0.38268,0.00000,-0.92388,1163.58
quat7,0.00000,0.38268,0.00000,-0.92388,1163.58
quat8,0.00000,0.38268,0.00000,-0.92388,1163.58
quat0,0.91620,-0.14051,-0.37526,0.00184,1163.6
quat1,0.43628,-0.00097,-0.38205,-0.81467,1163.6
quat2,-0.45432,0.07877,0.55261,0.69427,1163.6
quat3,0.54170,-0.72663,0.16120,0.39062,1163.6
quat4,0.68075,-0.62901,0.04639,0.37254,1163.6
quat5,0.00000,0.38268,0.00000,-0.92388,1163.6
quat6,0.00000,0.38268,0.00000,-0.92388,1163.6
quat7,0.00000,0.38268,0.00000,-0.92388,1163.6
quat8,0.00000,0.38268,0.00000,-0.92388,1163.6
quat0,0.91622,-0.14258,-0.37444,0.00121,1163.62
quat1,0.43689,0.00693,-0.39225,-0.80946,1163.62
quat2,-0.45368,0.06512,0.56479,0.68626,1163.62
quat3,0.54526,-0.71943,0.17094,0.39483,1163.62
quat4,0.68861,-0.61928,0.06530,0.37154,1163.62
quat5,0.00000,0.38268,0.00000,-0.92388,1163.62
quat6,0.00000,0.38268,0.00000,-0.92388,1163.62
quat7,0.00000,0.38268,0.00000,-0.92388,1163.62
quat8,0.00000,0.38268,0.00000,-0.92388,1163.62
quat0,0.91620,-0.14232,-0.37459,0.00139,1163.64
quat1,0.43642,0.01518,-0.40183,-0.80489,1163.64
quat2,-0.45104,0.05036,0.57606,0.67984,1163.64
quat3,0.54847,-0.71190,0.17900,0.40042,1163.64
quat4,0.69477,-0.60840,0.08343,0.37441,1163.64
quat5,0.00000,0.38268,0.00000,-0.92388,1163.64
quat6,0.00000,0.38268,0.00000,-0.92388,1163.64
quat7,0.00000,0.38268,0.00000,-0.92388,1163.64
quat8,0.00000,0.38268,0.00000,-0.92388,1163.64
quat0,0.91537,-0.14463,-0.37572,0.00144,1163.66
quat1,0.43504,0.02429,-0.41038,-0.80108,1163.66
quat2,-0.44697,0.03417,0.58559,0.67538,1163.66
quat3,0.55074,-0.70510,0.18549,0.40635,1163.66
quat4,0.69936,-0.59652,0.09997,0.38087,1163.66
quat5,0.00000,0.38268,0.00000,-0.92388,1163.66
quat6,0.00000,0.38268,0.00000,-0.92388,1163.66
quat7,0.00000,0.38268,0.00000,-0.92388,1163.66
quat8,0.00000,0.38268,0.00000,-0.92388,1163.66
quat0,0.91500,-0.14698,-0.37573,0.00084,1163.68
quat1,0.43232,0.03331,-0.41803,-0.79827,1163.68
quat2,-0.44243,0.01638,0.59264,0.67288,1163.68
quat3,0.55099,-0.69971,0.19097,0.41273,1163.68
quat4,0.70200,-0.58405,0.11565,0.39079,1163.68
quat5,0.00000,0.38268,0.00000,-0.92388,1163.68
quat6,0.00000,0.38268,0.00000,-0.92388,1163.68
quat7,0.00000,0.38268,0.00000,-0.92388,1163.68
quat8,0.00000,0.38268,0.00000,-0.92388,1163.68
quat0,0.91535,-0.14964,-0.37382,0.00120,1163.7
quat1,0.42856,0.04215,-0.42412,-0.79667,1163.7
quat2,-0.43768,-0.00303,0.59650,0.67277,1163.7
quat3,0.55023,-0.69481,0.19389,0.42058,1163.7
quat4,0.70248,-0.57155,0.13048,0.40352,1163.7
quat5,0.00000,0.38268,0.00000,-0.92388,1163.7
quat6,0.00000,0.38268,0.00000,-0.92388,1163.7
quat7,0.00000,0.38268,0.00000,-0.92388,1163.7
quat8,0.00000,0.38268,0.00000,-0.92388,1163.7
quat0,0.91522,-0.15133,-0.37346,0.00244,1163.72
quat1,0.42414,0.05220,-0.42880,-0.79593,1163.72
quat2,-0.43219,-0.02335,0.59783,0.67474,1163.72
quat3,0.54949,-0.68961,0.19420,0.42987,1163.72
quat4,0.70120,-0.55938,0.14386,0.41798,1163.72
quat5,0.00000,0.38268,0.00000,-0.92388,1163.72
quat6,0.00000,0.38268,0.00000,-0.92388,1163.72
quat7,0.00000,0.38268,0.00000,-0.92388,1163.72
quat8,0.00000,0.38268,0.00000,-0.92388,1163.72
quat0,0.91567,-0.15193,-0.37209,0.00275,1163.74
quat1,0.41831,0.06308,-0.43205,-0.79648,1163.74
quat2,-0.42561,-0.04336,0.59679,0.67883,1163.74
quat3,0.54792,-0.68526,0.19519,0.43830,1163.74
quat4,0.69751,-0.54837,0.15497,0.43446,1163.74
quat5,0.00000,0.38268,0.00000,-0.92388,1163.74
quat6,0.00000,0.38268,0.00000,-0.92388,1163.74
quat7,0.00000,0.38268,0.00000,-0.92388,1163.74
quat8,0.00000,0.38268,0.00000,-0.92388,1163.74
quat0,0.91559,-0.15352,-0.37164,0.00234,1163.76
quat1,0.41141,0.07496,-0.43369,-0.79814,1163.76
quat2,-0.41792,-0.06276,0.59396,0.68455,1163.76
quat3,0.54482,-0.68122,0.19743,0.44736,1163.76
quat4,0.69159,-0.53859,0.16280,0.45291,1163.76
quat5,0.00000,0.38268,0.00000,-0.92388,1163.76
quat6,0.00000,0.38268,0.00000,-0.92388,1163.76
quat7,0.00000,0.38268,0.00000,-0.92388,1163.76
quat8,0.00000,0.38268,0.00000,-0.92388,1163.76
quat0,0.91570,-0.15386,-0.37125,0.00160,1163.78
quat1,0.40316,0.08750,-0.43352,-0.80116,1163.78
quat2,-0.40921,-0.08090,0.58984,0.69144,1163.78
quat3,0.53926,-0.67800,0.20101,0.45729,1163.78
quat4,0.68407,-0.52991,0.16537,0.47317,1163.78
quat5,0.00000,0.38268,0.00000,-0.92388,1163.78
quat6,0.00000,0.38268,0.00000,-0.92388,1163.78
quat7,0.00000,0.38268,0.00000,-0.92388,1163.78
quat8,0.00000,0.38268,0.00000,-0.92388,1163.78
quat0,0.91496,-0.15441,-0.37282,0.00151,1163.8
quat1,0.39370,0.09926,-0.43214,-0.80523,1163.8
quat2,-0.39928,-0.09721,0.58509,0.69914,1163.8
quat3,0.53219,-0.67650,0.20497,0.46595,1163.8
quat4,0.67548,-0.52149,0.16295,0.49520,1163.8
quat5,0.00000,0.38268,0.00000,-0.92388,1163.8
quat6,0.00000,0.38268,0.00000,-0.92388,1163.8
quat7,0.00000,0.38268,0.00000,-0.92388,1163.8
quat8,0.00000,0.38268,0.00000,-0.92388,1163.8
quat0,0.91450,-0.15497,-0.37372,0.00145,1163.82
quat1,0.38222,0.10894,-0.42998,-0.81065,1163.82
quat2,-0.38836,-0.11100,0.57990,0.70751,1163.82
quat3,0.52484,-0.67520,0.20761,0.47492,1163.82
quat4,0.66568,-0.51310,0.15779,0.51837,1163.82
quat5,0.00000,0.38268,0.00000,-0.92388,1163.82
quat6,0.00000,0.38268,0.00000,-0.92388,1163.82
quat7,0.00000,0.38268,0.00000,-0.92388,1163.82
quat8,0.00000,0.38268,0.00000,-0.92388,1163.82
quat0,0.91514,-0.15298,-0.37297,0.00192,1163.84
quat1,0.36911,0.11642,-0.42634,-0.81758,1163.84
quat2,-0.37724,-0.12354,0.57384,0.71634,1163.84
quat3,0.51693,-0.67465,0.20829,0.48400,1163.84
quat4,0.65465,-0.50521,0.15096,0.54167,1163.84
quat5,0.00000,0.38268,0.00000,-0.92388,1163.84
quat6,0.00000,0.38268,0.00000,-0.92388,1163.84
quat7,0.00000,0.38268,0.00000,-0.92388,1163.84
quat8,0.00000,0.38268,0.00000,-0.92388,1163.84
quat0,0.91568,-0.15133,-0.37232,0.00181,1163.86
quat1,0.35655,0.12232,-0.42096,-0.82505,1163.86
quat2,-0.36592,-0.13417,0.56732,0.72544,1163.86
quat3,0.50878,-0.67514,0.20699,0.49243,1163.86
quat4,0.64269,-0.49884,0.14301,0.56362,1163.86
quat5,0.00000,0.38268,0.00000,-0.92388,1163.86
quat6,0.00000,0.38268,0.00000,-0.92388,1163.86
quat7,0.00000,0.38268,0.00000,-0.92388,1163.86
quat8,0.00000,0.38268,0.00000,-0.92388,1163.86
quat0,0.91620,-0.15110,-0.37114,0.00203,1163.88
quat1,0.34473,0.12788,-0.41386,-0.83278,1163.88
quat2,-0.35372,-0.14226,0.56025,0.73536,1163.88
quat3,0.49995,-0.67637,0.20458,0.50072,1163.88
quat4,0.63008,-0.49510,0.13503,0.58279,1163.88
quat5,0.00000,0.38268,0.00000,-0.92388,1163.88
quat6,0.00000,0.38268,0.00000,-0.92388,1163.88
quat7,0.00000,0.38268,0.00000,-0.92388,1163.88
quat8,0.00000,0.38268,0.00000,-0.92388,1163.88
quat0,0.91661,-0.15135,-0.37002,0.00313,1163.9
quat1,0.33596,0.13273,-0.40450,-0.84018,1163.9
quat2,-0.34251,-0.14965,0.55145,0.74578,1163.9
quat3,0.49045,-0.67903,0.20075,0.50801,1163.9
quat4,0.61695,-0.49473,0.12809,0.59850,1163.9
quat5,0.00000,0.38268,0.00000,-0.92388,1163.9
quat6,0.00000,0.38268,0.00000,-0.92388,1163.9
quat7,0.00000,0.38268,0.00000,-0.92388,1163.9
quat8,0.00000,0.38268,0.00000,-0.92388,1163.9
quat0,0.91733,-0.14936,-0.36903,0.00342,1163.92
quat1,0.33054,0.13831,-0.39204,-0.84730,1163.92
quat2,-0.33341,-0.15757,0.54039,0.75630,1163.92
quat3,0.48038,-0.68380,0.19569,0.51318,1163.92
quat4,0.60311,-0.49891,0.12316,0.61006,1163.92
quat5,0.00000,0.38268,0.00000,-0.92388,1163.92
quat6,0.00000,0.38268,0.00000,-0.92388,1163.92
quat7,0.00000,0.38268,0.00000,-0.92388,1163.92
quat8,0.00000,0.38268,0.00000,-0.92388,1163.92
quat0,0.91734,-0.14679,-0.37003,0.00417,1163.94
quat1,0.32737,0.14344,-0.37795,-0.85405,1163.94
quat2,-0.32652,-0.16431,0.52768,0.76677,1163.94
quat3,0.47017,-0.69005,0.18975,0.51650,1163.94
quat4,0.58821,-0.50663,0.11785,0.61924,1163.94
quat5,0.00000,0.38268,0.00000,-0.92388,1163.94
quat6,0.00000,0.38268,0.00000,-0.92388,1163.94
quat7,0.00000,0.38268,0.00000,-0.92388,1163.94
quat8,0.00000,0.38268,0.00000,-0.92388,1163.94
quat0,0.91791,-0.14350,-0.36989,0.00523,1163.96
quat1,0.32461,0.14579,-0.36329,-0.86104,1163.96
quat2,-0.32217,-0.16963,0.51274,0.77751,1163.96
quat3,0.46157,-0.69593,0.18224,0.51907,1163.96
quat4,0.57375,-0.51613,0.11053,0.62627,1163.96
quat5,0.00000,0.38268,0.00000,-0.92388,1163.96
quat6,0.00000,0.38268,0.00000,-0.92388,1163.96
quat7,0.00000,0.38268,0.00000,-0.92388,1163.96
quat8,0.00000,0.38268,0.00000,-0.92388,1163.96
quat0,0.91789,-0.14071,-0.37100,0.00597,1163.98
quat1,0.32314,0.14553,-0.34879,-0.86761,1163.98
quat2,-0.32082,-0.17478,0.49546,0.78806,1163.98
quat3,0.45349,-0.70146,0.17309,0.52185,1163.98
quat4,0.56052,-0.52834,0.10238,0.62944,1163.98
quat5,0.00000,0.38268,0.00000,-0.92388,1163.98
quat6,0.00000,0.38268,0.00000,-0.92388,1163.98
quat7,0.00000,0.38268,0.00000,-0.92388,1163.98
quat8,0.00000,0.38268,0.00000,-0.92388,1163.98
quat0,0.91791,-0.13751,-0.37213,0.00710,1164
quat1,0.32261,0.14431,-0.33389,-0.87385,1164
quat2,-0.32138,-0.17684,0.47802,0.79808,1164
quat3,0.44566,-0.70859,0.16328,0.52214,1164
quat4,0.54782,-0.54422,0.09389,0.62841,1164
quat5,0.00000,0.38268,0.00000,-0.92388,1164
quat6,0.00000,0.38268,0.00000,-0.92388,1164
quat7,0.00000,0.38268,0.00000,-0.92388,1164
quat8,0.00000,0.38268,0.00000,-0.92388,1164
quat0,0.91834,-0.13274,-0.37278,0.00778,1164.02
quat1,0.32187,0.14057,-0.31957,-0.88006,1164.02
quat2,-0.32199,-0.17172,0.46244,0.80807,1164.02
quat3,0.43876,-0.71768,0.15328,0.51858,1164.02
quat4,0.53659,-0.56153,0.08329,0.62436,1164.02
quat5,0.00000,0.38268,0.00000,-0.92388,1164.02
quat6,0.00000,0.38268,0.00000,-0.92388,1164.02
quat7,0.00000,0.38268,0.00000,-0.92388,1164.02
quat8,0.00000,0.38268,0.00000,-0.92388,1164.02
quat0,0.91887,-0.13009,-0.37241,0.00782,1164.04
quat1,0.32128,0.13192,-0.30688,-0.88611,1164.04
quat2,-0.32344,-0.16162,0.44783,0.81775,1164.04
quat3,0.43225,-0.72839,0.14415,0.51169,1164.04
quat4,0.52706,-0.57920,0.06997,0.61793,1164.04
quat5,0.00000,0.38268,0.00000,-0.92388,1164.04
quat6,0.00000,0.38268,0.00000,-0.92388,1164.04
quat7,0.00000,0.38268,0.00000,-0.92388,1164.04
quat8,0.00000,0.38268,0.00000,-0.92388,1164.04
quat0,0.91945,-0.12694,-0.37205,0.00846,1164.06
quat1,0.32104,0.11995,-0.29583,-0.89164,1164.06
quat2,-0.32682,-0.14894,0.43340,0.82654,1164.06
quat3,0.42605,-0.74041,0.13630,0.50170,1164.06
quat4,0.51850,-0.59768,0.05443,0.60908,1164.06
quat5,0.00000,0.38268,0.00000,-0.92388,1164.06
quat6,0.00000,0.38268,0.00000,-0.92388,1164.06
quat7,0.00000,0.38268,0.00000,-0.92388,1164.06
quat8,0.00000,0.38268,0.00000,-0.92388,1164.06
quat0,0.91942,-0.12289,-0.37349,0.00865,1164.08
quat1,0.32180,0.10730,-0.28596,-0.89619,1164.08
quat2,-0.33245,-0.13411,0.42008,0.83368,1164.08
quat3,0.42125,-0.75229,0.12955,0.48972,1164.08
quat4,0.51130,-0.61586,0.03664,0.59828,1164.08
quat5,0.00000,0.38268,0.00000,-0.92388,1164.08
quat6,0.00000,0.38268,0.00000,-0.92388,1164.08
quat7,0.00000,0.38268,0.00000,-0.92388,1164.08
quat8,0.00000,0.38268,0.00000,-0.92388,1164.08
quat0,0.92002,-0.12053,-0.37277,0.00858,1164.1
quat1,0.32379,0.09373,-0.27753,-0.89964,1164.1
quat2,-0.33981,-0.11670,0.40819,0.83922,1164.1
quat3,0.41869,-0.76245,0.12259,0.47785,1164.1
quat4,0.50619,-0.63274,0.01799,0.58574,1164.1
quat5,0.00000,0.38268,0.00000,-0.92388,1164.1
quat6,0.00000,0.38268,0.00000,-0.92388,1164.1
quat7,0.00000,0.38268,0.00000,-0.92388,1164.1
quat8,0.00000,0.38268,0.00000,-0.92388,1164.1
quat0,0.92022,-0.11655,-0.37355,0.00896,1164.12
quat1,0.32707,0.07993,-0.27079,-0.90184,1164.12
quat2,-0.34910,-0.09784,0.39752,0.84293,1164.12
quat3,0.41826,-0.77117,0.11547,0.46586,1164.12
quat4,0.50369,-0.64806,0.00059,0.57124,1164.12
quat5,0.00000,0.38268,0.00000,-0.92388,1164.12
quat6,0.00000,0.38268,0.00000,-0.92388,1164.12
quat7,0.00000,0.38268,0.00000,-0.92388,1164.12
quat8,0.00000,0.38268,0.00000,-0.92388,1164.12
quat0,0.92092,-0.11340,-0.37278,0.00911,1164.14
quat1,0.33174,0.06579,-0.26618,-0.90264,1164.14
quat2,-0.35966,-0.07799,0.38917,0.84446,1164.14
quat3,0.42008,-0.77798,0.10801,0.45454,1164.14
quat4,0.50408,-0.66072,-0.01468,0.55600,1164.14
quat5,0.00000,0.38268,0.00000,-0.92388,1164.14
quat6,0.00000,0.38268,0.00000,-0.92388,1164.14
quat7,0.00000,0.38268,0.00000,-0.92388,1164.14
quat8,0.00000,0.38268,0.00000,-0.92388,1164.14
quat0,0.92117,-0.11199,-0.37255,0.01002,1164.16
quat1,0.33818,0.05133,-0.26360,-0.90195,1164.16
quat2,-0.37114,-0.05775,0.38364,0.84365,1164.16
quat3,0.42399,-0.78298,0.10052,0.44393,1164.16
quat4,0.50770,-0.66927,-0.02774,0.54180,1164.16
quat5,0.00000,0.38268,0.00000,-0.92388,1164.16
quat6,0.00000,0.38268,0.00000,-0.92388,1164.16
quat7,0.00000,0.38268,0.00000,-0.92388,1164.16
quat8,0.00000,0.38268,0.00000,-0.92388,1164.16
quat0,0.92058,-0.10785,-0.37522,0.01017,1164.18
quat1,0.34570,0.03789,-0.26261,-0.90005,1164.18
quat2,-0.38309,-0.03813,0.38122,0.84051,1164.18
quat3,0.43039,-0.78595,0.09301,0.43406,1164.18
quat4,0.51403,-0.67455,-0.03873,0.52845,1164.18
quat5,0.00000,0.38268,0.00000,-0.92388,1164.18
quat6,0.00000,0.38268,0.00000,-0.92388,1164.18
quat7,0.00000,0.38268,0.00000,-0.92388,1164.18
quat8,0.00000,0.38268,0.00000,-0.92388,1164.18
quat0,0.92060,-0.10596,-0.37569,0.01104,1164.2
quat1,0.35477,0.02581,-0.26335,-0.89673,1164.2
quat2,-0.39562,-0.02154,0.38097,0.83539,1164.2
quat3,0.43854,-0.78626,0.08640,0.42663,1164.2
quat4,0.52233,-0.67805,-0.04735,0.51495,1164.2
quat5,0.00000,0.38268,0.00000,-0.92388,1164.2
quat6,0.00000,0.38268,0.00000,-0.92388,1164.2
quat7,0.00000,0.38268,0.00000,-0.92388,1164.2
quat8,0.00000,0.38268,0.00000,-0.92388,1164.2
quat0,0.92058,-0.10543,-0.37590,0.01085,1164.22
quat1,0.36603,0.01641,-0.26524,-0.89185,1164.22
quat2,-0.40892,-0.00932,0.38207,0.82869,1164.22
quat3,0.44826,-0.78469,0.08076,0.42049,1164.22
quat4,0.53248,-0.68105,-0.05327,0.49979,1164.22
quat5,0.00000,0.38268,0.00000,-0.92388,1164.22
quat6,0.00000,0.38268,0.00000,-0.92388,1164.22
quat7,0.00000,0.38268,0.00000,-0.92388,1164.22
quat8,0.00000,0.38268,0.00000,-0.92388,1164.22
quat0,0.92058,-0.10466,-0.37612,0.01046,1164.24
quat1,0.37839,0.01078,-0.26800,-0.88594,1164.24
quat2,-0.42248,-0.00064,0.38476,0.82065,1164.24
quat3,0.45896,-0.78152,0.07687,0.41554,1164.24
quat4,0.54390,-0.68263,-0.05722,0.48468,1164.24
quat5,0.00000,0.38268,0.00000,-0.92388,1164.24
quat6,0.00000,0.38268,0.00000,-0.92388,1164.24
quat7,0.00000,0.38268,0.00000,-0.92388,1164.24
quat8,0.00000,0.38268,0.00000,-0.92388,1164.24
quat0,0.92146,-0.10224,-0.37465,0.01034,1164.26
quat1,0.39134,0.00829,-0.27185,-0.87913,1164.26
quat2,-0.43528,0.00650,0.39012,0.81135,1164.26
quat3,0.46961,-0.77787,0.07592,0.41063,1164.26
quat4,0.55628,-0.68216,-0.06032,0.47072,1164.26
quat5,0.00000,0.38268,0.00000,-0.92388,1164.26
quat6,0.00000,0.38268,0.00000,-0.92388,1164.26
quat7,0.00000,0.38268,0.00000,-0.92388,1164.26
quat8,0.00000,0.38268,0.00000,-0.92388,1164.26
quat0,0.92101,-0.10295,-0.37554,0.01013,1164.28
quat1,0.40359,0.00730,-0.27749,-0.87182,1164.28
quat2,-0.44626,0.01256,0.39848,0.80119,1164.28
quat3,0.48048,-0.77386,0.07724,0.40535,1164.28
quat4,0.56934,-0.67924,-0.06282,0.45885,1164.28
quat5,0.00000,0.38268,0.00000,-0.92388,1164.28
quat6,0.00000,0.38268,0.00000,-0.92388,1164.28
quat7,0.00000,0.38268,0.00000,-0.92388,1164.28
quat8,0.00000,0.38268,0.00000,-0.92388,1164.28
quat0,0.92054,-0.10431,-0.37632,0.01087,1164.3
quat1,0.41423,0.00523,-0.28542,-0.86425,1164.3
quat2,-0.45596,0.01769,0.40930,0.79010,1164.3
quat3,0.49093,-0.76944,0.08031,0.40063,1164.3
quat4,0.58318,-0.67380,-0.06405,0.44921,1164.3
quat5,0.00000,0.38268,0.00000,-0.92388,1164.3
quat6,0.00000,0.38268,0.00000,-0.92388,1164.3
quat7,0.00000,0.38268,0.00000,-0.92388,1164.3
quat8,0.00000,0.38268,0.00000,-0.92388,1164.3
quat0,0.92139,-0.10391,-0.37436,0.00993,1164.32
quat1,0.42316,0.00424,-0.29510,-0.85664,1164.32
quat2,-0.46443,0.02123,0.42211,0.77825,1164.32
quat3,0.50125,-0.76394,0.08409,0.39758,1164.32
quat4,0.59726,-0.66709,-0.06231,0.44090,1164.32
quat5,0.00000,0.38268,0.00000,-0.92388,1164.32
quat6,0.00000,0.38268,0.00000,-0.92388,1164.32
quat7,0.00000,0.38268,0.00000,-0.92388,1164.32
quat8,0.00000,0.38268,0.00000,-0.92388,1164.32
quat0,0.92072,-0.10657,-0.37531,0.00770,1164.34
quat1,0.43134,0.00442,-0.30572,-0.84880,1164.34
quat2,-0.47145,0.02301,0.43614,0.76615,1164.34
quat3,0.51120,-0.75757,0.08870,0.39610,1164.34
quat4,0.61122,-0.66032,-0.05684,0.43261,1164.34
quat5,0.00000,0.38268,0.00000,-0.92388,1164.34
quat6,0.00000,0.38268,0.00000,-0.92388,1164.34
quat7,0.00000,0.38268,0.00000,-0.92388,1164.34
quat8,0.00000,0.38268,0.00000,-0.92388,1164.34
quat0,0.91991,-0.10838,-0.37678,0.00718,1164.36
quat1,0.43729,0.00529,-0.31699,-0.84158,1164.36
quat2,-0.47659,0.02391,0.45128,0.75408,1164.36
quat3,0.52059,-0.75088,0.09470,0.39523,1164.36
quat4,0.62493,-0.65326,-0.04875,0.42467,1164.36
quat5,0.00000,0.38268,0.00000,-0.92388,1164.36
quat6,0.00000,0.38268,0.00000,-0.92388,1164.36
quat7,0.00000,0.38268,0.00000,-0.92388,1164.36
quat8,0.00000,0.38268,0.00000,-0.92388,1164.36
quat0,0.91892,-0.10945,-0.37888,0.00733,1164.38
quat1,0.44181,0.00695,-0.32878,-0.83466,1164.38
quat2,-0.47951,0.02413,0.46716,0.74246,1164.38
quat3,0.52875,-0.74407,0.10193,0.39547,1164.38
quat4,0.63769,-0.64514,-0.03866,0.41910,1164.38
quat5,0.00000,0.38268,0.00000,-0.92388,1164.38
quat6,0.00000,0.38268,0.00000,-0.92388,1164.38
quat7,0.00000,0.38268,0.00000,-0.92388,1164.38
quat8,0.00000,0.38268,0.00000,-0.92388,1164.38
quat0,0.91892,-0.11181,-0.37822,0.00603,1164.4
quat1,0.44455,0.00994,-0.34109,-0.82821,1164.4
quat2,-0.48035,0.02330,0.48349,0.73141,1164.4
quat3,0.53556,-0.73738,0.10992,0.39670,1164.4
quat4,0.64929,-0.63599,-0.02793,0.41612,1164.4
quat5,0.00000,0.38268,0.00000,-0.92388,1164.4
quat6,0.00000,0.38268,0.00000,-0.92388,1164.4
quat7,0.00000,0.38268,0.00000,-0.92388,1164.4
quat8,0.00000,0.38268,0.00000,-0.92388,1164.4
quat0,0.91839,-0.11286,-0.37920,0.00518,1164.42
quat1,0.44520,0.01324,-0.35341,-0.82263,1164.42
quat2,-0.47924,0.02137,0.49963,0.72128,1164.42
quat3,0.54081,-0.73115,0.11869,0.39858,1164.42
quat4,0.65906,-0.62579,-0.01723,0.41681,1164.42
quat5,0.00000,0.38268,0.00000,-0.92388,1164.42
quat6,0.00000,0.38268,0.00000,-0.92388,1164.42
quat7,0.00000,0.38268,0.00000,-0.92388,1164.42
quat8,0.00000,0.38268,0.00000,-0.92388,1164.42
quat0,0.91734,-0.11428,-0.38131,0.00496,1164.44
quat1,0.44451,0.01789,-0.36514,-0.81778,1164.44
quat2,-0.47645,0.01767,0.51497,0.71238,1164.44
quat3,0.54505,-0.72504,0.12677,0.40145,1164.44
quat4,0.66719,-0.61483,-0.00656,0.42048,1164.44
quat5,0.00000,0.38268,0.00000,-0.92388,1164.44
quat6,0.00000,0.38268,0.00000,-0.92388,1164.44
quat7,0.00000,0.38268,0.00000,-0.92388,1164.44
quat8,0.00000,0.38268,0.00000,-0.92388,1164.44
quat0,0.91723,-0.11593,-0.38107,0.00558,1164.46
quat1,0.44279,0.02409,-0.37518,-0.81400,1164.46
quat2,-0.47208,0.01155,0.52902,0.70508,1164.46
quat3,0.54794,-0.71889,0.13394,0.40622,1164.46
quat4,0.67390,-0.60353,0.00540,0.42613,1164.46
quat5,0.00000,0.38268,0.00000,-0.92388,1164.46
quat6,0.00000,0.38268,0.00000,-0.92388,1164.46
quat7,0.00000,0.38268,0.00000,-0.92388,1164.46
quat8,0.00000,0.38268,0.00000,-0.92388,1164.46
quat0,0.91638,-0.11820,-0.38241,0.00547,1164.48
quat1,0.44084,0.03215,-0.38311,-0.81108,1164.48
quat2,-0.46679,0.00232,0.54070,0.69982,1164.48
quat3,0.54957,-0.71332,0.14010,0.41173,1164.48
quat4,0.67923,-0.59278,0.01992,0.43228,1164.48
quat5,0.00000,0.38268,0.00000,-0.92388,1164.48
quat6,0.00000,0.38268,0.00000,-0.92388,1164.48
quat7,0.00000,0.38268,0.00000,-0.92388,1164.48
quat8,0.00000,0.38268,0.00000,-0.92388,1164.48
quat0,0.91575,-0.11980,-0.38344,0.00468,1164.5
quat1,0.43860,0.04122,-0.38872,-0.80921,1164.5
quat2,-0.46132,-0.01135,0.54929,0.69666,1164.5
quat3,0.54895,-0.70911,0.14625,0.41765,1164.5
quat4,0.68309,-0.58300,0.03761,0.43827,1164.5
quat5,0.00000,0.38268,0.00000,-0.92388,1164.5
quat6,0.00000,0.38268,0.00000,-0.92388,1164.5
quat7,0.00000,0.38268,0.00000,-0.92388,1164.5
quat8,0.00000,0.38268,0.00000,-0.92388,1164.5
quat0,0.91478,-0.12217,-0.38501,0.00459,1164.52
quat1,0.43693,0.05134,-0.39160,-0.80815,1164.52
quat2,-0.45604,-0.02956,0.55436,0.69559,1164.52
quat3,0.54604,-0.70662,0.15214,0.42353,1164.52
quat4,0.68494,-0.57461,0.05848,0.44414,1164.52
quat5,0.00000,0.38268,0.00000,-0.92388,1164.52
quat6,0.00000,0.38268,0.00000,-0.92388,1164.52
quat7,0.00000,0.38268,0.00000,-0.92388,1164.52
quat8,0.00000,0.38268,0.00000,-0.92388,1164.52
quat0,0.91313,-0.12436,-0.38820,0.00556,1164.54
quat1,0.43530,0.06202,-0.39280,-0.80770,1164.54
quat2,-0.45048,-0.05069,0.55625,0.69648,1164.54
quat3,0.54106,-0.70562,0.15675,0.42986,1164.54
quat4,0.68491,-0.56635,0.08051,0.45129,1164.54
quat5,0.00000,0.38268,0.00000,-0.92388,1164.54
quat6,0.00000,0.38268,0.00000,-0.92388,1164.54
quat7,0.00000,0.38268,0.00000,-0.92388,1164.54
quat8,0.00000,0.38268,0.00000,-0.92388,1164.54
quat0,0.91230,-0.12330,-0.39046,0.00664,1164.56
quat1,0.43223,0.07258,-0.39331,-0.80822,1164.56
quat2,-0.44352,-0.07244,0.55609,0.69914,1164.56
quat3,0.53431,-0.70620,0.15966,0.43624,1164.56
quat4,0.68319,-0.55713,0.10101,0.46114,1164.56
quat5,0.00000,0.38268,0.00000,-0.92388,1164.56
quat6,0.00000,0.38268,0.00000,-0.92388,1164.56
quat7,0.00000,0.38268,0.00000,-0.92388,1164.56
quat8,0.00000,0.38268,0.00000,-0.92388,1164.56
quat0,0.91115,-0.12446,-0.39277,0.00608,1164.58
quat1,0.42642,0.08298,-0.39334,-0.81028,1164.58
quat2,-0.43493,-0.09268,0.55481,0.70316,1164.58
quat3,0.52680,-0.70750,0.16013,0.44303,1164.58
quat4,0.67983,-0.54681,0.11881,0.47404,1164.58
quat5,0.00000,0.38268,0.00000,-0.92388,1164.58
quat6,0.00000,0.38268,0.00000,-0.92388,1164.58
quat7,0.00000,0.38268,0.00000,-0.92388,1164.58
quat8,0.00000,0.38268,0.00000,-0.92388,1164.58
quat0,0.91056,-0.12551,-0.39381,0.00612,1164.6
quat1,0.41834,0.09286,-0.39275,-0.81371,1164.6
quat2,-0.42509,-0.11055,0.55255,0.70836,1164.6
quat3,0.51931,-0.70888,0.15928,0.44994,1164.6
quat4,0.67458,-0.53683,0.13388,0.48871,1164.6
quat5,0.00000,0.38268,0.00000,-0.92388,1164.6
quat6,0.00000,0.38268,0.00000,-0.92388,1164.6
quat7,0.00000,0.38268,0.00000,-0.92388,1164.6
quat8,0.00000,0.38268,0.00000,-0.92388,1164.6
quat0,0.91025,-0.12674,-0.39414,0.00614,1164.62
quat1,0.40890,0.10216,-0.39107,-0.81819,1164.62
quat2,-0.41388,-0.12696,0.54935,0.71470,1164.62
quat3,0.51216,-0.71016,0.15824,0.45642,1164.62
quat4,0.66697,-0.52788,0.14498,0.50544,1164.62
quat5,0.00000,0.38268,0.00000,-0.92388,1164.62
quat6,0.00000,0.38268,0.00000,-0.92388,1164.62
quat7,0.00000,0.38268,0.00000,-0.92388,1164.62
quat8,0.00000,0.38268,0.00000,-0.92388,1164.62
quat0,0.90922,-0.12599,-0.39673,0.00663,1164.64
quat1,0.39826,0.11154,-0.38831,-0.82351,1164.64
quat2,-0.40157,-0.14075,0.54520,0.72228,1164.64
quat3,0.50460,-0.71064,0.15633,0.46467,1164.64
quat4,0.65739,-0.52008,0.15121,0.52392,1164.64
quat5,0.00000,0.38268,0.00000,-0.92388,1164.64
quat6,0.00000,0.38268,0.00000,-0.92388,1164.64
quat7,0.00000,0.38268,0.00000,-0.92388,1164.64
quat8,0.00000,0.38268,0.00000,-0.92388,1164.64
quat0,0.90853,-0.12531,-0.39853,0.00719,1164.66
quat1,0.38614,0.12034,-0.38410,-0.82999,1164.66
quat2,-0.38861,-0.15179,0.54027,0.73079,1164.66
quat3,0.49644,-0.71015,0.15333,0.47511,1164.66
quat4,0.64640,-0.51349,0.15164,0.54359,1164.66
quat5,0.00000,0.38268,0.00000,-0.92388,1164.66
quat6,0.00000,0.38268,0.00000,-0.92388,1164.66
quat7,0.00000,0.38268,0.00000,-0.92388,1164.66
quat8,0.00000,0.38268,0.00000,-0.92388,1164.66
quat0,0.90873,-0.12664,-0.39765,0.00668,1164.68
quat1,0.37365,0.12705,-0.37866,-0.83718,1164.68
quat2,-0.37498,-0.16092,0.53414,0.74039,1164.68
quat3,0.48819,-0.70992,0.15008,0.48494,1164.68
quat4,0.63420,-0.50775,0.14636,0.56441,1164.68
quat5,0.00000,0.38268,0.00000,-0.92388,1164.68
quat6,0.00000,0.38268,0.00000,-0.92388,1164.68
quat7,0.00000,0.38268,0.00000,-0.92388,1164.68
quat8,0.00000,0.38268,0.00000,-0.92388,1164.68
quat0,0.90798,-0.12641,-0.39943,0.00735,1164.7
quat1,0.36087,0.13475,-0.37130,-0.84484,1164.7
quat2,-0.36127,-0.16905,0.52639,0.75088,1164.7
quat3,0.47884,-0.71063,0.14665,0.49418,1164.7
quat4,0.62048,-0.50343,0.13650,0.58561,1164.7
quat5,0.00000,0.38268,0.00000,-0.92388,1164.7
quat6,0.00000,0.38268,0.00000,-0.92388,1164.7
quat7,0.00000,0.38268,0.00000,-0.92388,1164.7
quat8,0.00000,0.38268,0.00000,-0.92388,1164.7
quat0,0.90819,-0.12587,-0.39909,0.00835,1164.72
quat1,0.34704,0.14113,-0.36306,-0.85313,1164.72
quat2,-0.34724,-0.17494,0.51797,0.76193,1164.72
quat3,0.46857,-0.71273,0.14315,0.50197,1164.72
quat4,0.60518,-0.50128,0.12416,0.60586,1164.72
quat5,0.00000,0.38268,0.00000,-0.92388,1164.72
quat6,0.00000,0.38268,0.00000,-0.92388,1164.72
quat7,0.00000,0.38268,0.00000,-0.92388,1164.72
quat8,0.00000,0.38268,0.00000,-0.92388,1164.72
quat0,0.90971,-0.12474,-0.39596,0.00901,1164.74
quat1,0.33359,0.14528,-0.35386,-0.86162,1164.74
quat2,-0.33276,-0.17875,0.50894,0.77350,1164.74
quat3,0.45826,-0.71538,0.13836,0.50900,1164.74
quat4,0.58905,-0.50241,0.11095,0.62313,1164.74
quat5,0.00000,0.38268,0.00000,-0.92388,1164.74
quat6,0.00000,0.38268,0.00000,-0.92388,1164.74
quat7,0.00000,0.38268,0.00000,-0.92388,1164.74
quat8,0.00000,0.38268,0.00000,-0.92388,1164.74
quat0,0.91030,-0.12501,-0.39449,0.01034,1164.76
quat1,0.32218,0.15019,-0.34300,-0.86948,1164.76
quat2,-0.31886,-0.18270,0.49838,0.78522,1164.76
quat3,0.44728,-0.71915,0.13305,0.51485,1164.76
quat4,0.57227,-0.50854,0.09889,0.63570,1164.76
quat5,0.00000,0.38268,0.00000,-0.92388,1164.76
quat6,0.00000,0.38268,0.00000,-0.92388,1164.76
quat7,0.00000,0.38268,0.00000,-0.92388,1164.76
quat8,0.00000,0.38268,0.00000,-0.92388,1164.76
quat0,0.91146,-0.12566,-0.39155,0.01163,1164.78
quat1,0.31411,0.15436,-0.33012,-0.87666,1164.78
quat2,-0.30703,-0.18786,0.48652,0.79608,1164.78
quat3,0.43568,-0.72458,0.12749,0.51857,1164.78
quat4,0.55469,-0.51924,0.08791,0.64419,1164.78
quat5,0.00000,0.38268,0.00000,-0.92388,1164.78
quat6,0.00000,0.38268,0.00000,-0.92388,1164.78
quat7,0.00000,0.38268,0.00000,-0.92388,1164.78
quat8,0.00000,0.38268,0.00000,-0.92388,1164.78
quat0,0.91262,-0.12283,-0.38974,0.01207,1164.8
quat1,0.30892,0.16008,-0.31507,-0.88299,1164.8
quat2,-0.29814,-0.19362,0.47315,0.80608,1164.8
quat3,0.42505,-0.73048,0.12049,0.52079,1164.8
quat4,0.53674,-0.53273,0.07562,0.64991,1164.8
quat5,0.00000,0.38268,0.00000,-0.92388,1164.8
quat6,0.00000,0.38268,0.00000,-0.92388,1164.8
quat7,0.00000,0.38268,0.00000,-0.92388,1164.8
quat8,0.00000,0.38268,0.00000,-0.92388,1164.8
quat0,0.91365,-0.11961,-0.38837,0.01038,1164.82
quat1,0.30461,0.16464,-0.29974,-0.88897,1164.82
quat2,-0.29176,-0.19912,0.45856,0.81544,1164.82
quat3,0.41521,-0.73624,0.11285,0.52232,1164.82
quat4,0.51980,-0.54896,0.06267,0.65156,1164.82
quat5,0.00000,0.38268,0.00000,-0.92388,1164.82
quat6,0.00000,0.38268,0.00000,-0.92388,1164.82
quat7,0.00000,0.38268,0.00000,-0.92388,1164.82
quat8,0.00000,0.38268,0.00000,-0.92388,1164.82
quat0,0.91429,-0.12057,-0.38652,0.01153,1164.84
quat1,0.30073,0.16431,-0.28527,-0.89509,1164.84
quat2,-0.28781,-0.20302,0.44317,0.82434,1164.84
quat3,0.40625,-0.74211,0.10553,0.52258,1164.84
quat4,0.50391,-0.56717,0.04912,0.64960,1164.84
quat5,0.00000,0.38268,0.00000,-0.92388,1164.84
quat6,0.00000,0.38268,0.00000,-0.92388,1164.84
quat7,0.00000,0.38268,0.00000,-0.92388,1164.84
quat8,0.00000,0.38268,0.00000,-0.92388,1164.84
quat0,0.91592,-0.11774,-0.38352,0.01162,1164.86
quat1,0.29714,0.15937,-0.27231,-0.90120,1164.86
quat2,-0.28596,-0.20304,0.42827,0.83282,1164.86
quat3,0.39783,-0.74963,0.09870,0.51965,1164.86
quat4,0.48922,-0.58608,0.03380,0.64500,1164.86
quat5,0.00000,0.38268,0.00000,-0.92388,1164.86
quat6,0.00000,0.38268,0.00000,-0.92388,1164.86
quat7,0.00000,0.38268,0.00000,-0.92388,1164.86
quat8,0.00000,0.38268,0.00000,-0.92388,1164.86
quat0,0.91716,-0.11606,-0.38111,0.01046,1164.88
quat1,0.29440,0.15108,-0.26070,-0.90694,1164.88
quat2,-0.28612,-0.19821,0.41405,0.84107,1164.88
quat3,0.39064,-0.75842,0.09206,0.51354,1164.88
quat4,0.47665,-0.60367,0.01717,0.63882,1164.88
quat5,0.00000,0.38268,0.00000,-0.92388,1164.88
quat6,0.00000,0.38268,0.00000,-0.92388,1164.88
quat7,0.00000,0.38268,0.00000,-0.92388,1164.88
quat8,0.00000,0.38268,0.00000,-0.92388,1164.88
quat0,0.91754,-0.11566,-0.38033,0.00919,1164.9
quat1,0.29380,0.14067,-0.25006,-0.91179,1164.9
quat2,-0.28840,-0.18863,0.40103,0.84878,1164.9
quat3,0.38500,-0.76776,0.08588,0.50491,1164.9
quat4,0.46667,-0.62076,0.00043,0.62999,1164.9
quat5,0.00000,0.38268,0.00000,-0.92388,1164.9
quat6,0.00000,0.38268,0.00000,-0.92388,1164.9
quat7,0.00000,0.38268,0.00000,-0.92388,1164.9
quat8,0.00000,0.38268,0.00000,-0.92388,1164.9
quat0,0.91796,-0.11529,-0.37944,0.00936,1164.92
quat1,0.29545,0.12946,-0.24025,-0.91555,1164.92
quat2,-0.29334,-0.17506,0.38894,0.85559,1164.92
quat3,0.38151,-0.77709,0.07949,0.49423,1164.92
quat4,0.45940,-0.63781,-0.01571,0.61798,1164.92
quat5,0.00000,0.38268,0.00000,-0.92388,1164.92
quat6,0.00000,0.38268,0.00000,-0.92388,1164.92
quat7,0.00000,0.38268,0.00000,-0.92388,1164.92
quat8,0.00000,0.38268,0.00000,-0.92388,1164.92
quat0,0.91843,-0.11467,-0.37850,0.00864,1164.94
quat1,0.29872,0.11763,-0.23226,-0.91814,1164.94
quat2,-0.30152,-0.15930,0.37718,0.86107,1164.94
quat3,0.38027,-0.78526,0.07260,0.48320,1164.94
quat4,0.45506,-0.65439,-0.03034,0.60314,1164.94
quat5,0.00000,0.38268,0.00000,-0.92388,1164.94
quat6,0.00000,0.38268,0.00000,-0.92388,1164.94
quat7,0.00000,0.38268,0.00000,-0.92388,1164.94
quat8,0.00000,0.38268,0.00000,-0.92388,1164.94
quat0,0.91896,-0.11407,-0.37743,0.00737,1164.96
quat1,0.30278,0.10405,-0.22664,-0.91985,1164.96
quat2,-0.31236,-0.14050,0.36687,0.86493,1164.96
quat3,0.38132,-0.79153,0.06507,0.47312,1164.96
quat4,0.45372,-0.66959,-0.04292,0.58647,1164.96
quat5,0.00000,0.38268,0.00000,-0.92388,1164.96
quat6,0.00000,0.38268,0.00000,-0.92388,1164.96
quat7,0.00000,0.38268,0.00000,-0.92388,1164.96
quat8,0.00000,0.38268,0.00000,-0.92388,1164.96
quat0,0.91895,-0.11430,-0.37740,0.00642,1164.98
quat1,0.30859,0.08831,-0.22391,-0.92024,1164.98
quat2,-0.32476,-0.11836,0.35851,0.86718,1164.98
quat3,0.38465,-0.79608,0.05705,0.46373,1164.98
quat4,0.45555,-0.68246,-0.05325,0.56911,1164.98
quat5,0.00000,0.38268,0.00000,-0.92388,1164.98
quat6,0.00000,0.38268,0.00000,-0.92388,1164.98
quat7,0.00000,0.38268,0.00000,-0.92388,1164.98
quat8,0.00000,0.38268,0.00000,-0.92388,1164.98
quat0,0.91845,-0.11469,-0.37851,0.00524,1165
quat1,0.31592,0.07296,-0.22293,-0.91933,1165
quat2,-0.33879,-0.09488,0.35251,0.86716,1165
quat3,0.38984,-0.79900,0.04893,0.45522,1165
quat4,0.46033,-0.69283,-0.06172,0.55161,1165
quat5,0.00000,0.38268,0.00000,-0.92388,1165
quat6,0.00000,0.38268,0.00000,-0.92388,1165
quat7,0.00000,0.38268,0.00000,-0.92388,1165
quat8,0.00000,0.38268,0.00000,-0.92388,1165
quat0,0.91859,-0.11416,-0.37835,0.00462,1165.02
quat1,0.32596,0.05836,-0.22361,-0.91670,1165.02
quat2,-0.35412,-0.07171,0.34852,0.86487,1165.02
quat3,0.39663,-0.80066,0.04161,0.44710,1165.02
quat4,0.46783,-0.70138,-0.06789,0.53347,1165.02
quat5,0.00000,0.38268,0.00000,-0.92388,1165.02
quat6,0.00000,0.38268,0.00000,-0.92388,1165.02
quat7,0.00000,0.38268,0.00000,-0.92388,1165.02
quat8,0.00000,0.38268,0.00000,-0.92388,1165.02
quat0,0.91786,-0.11397,-0.38018,0.00295,1165.04
quat1,0.33715,0.04626,-0.22534,-0.91291,1165.04
quat2,-0.37099,-0.05180,0.34627,0.86011,1165.04
quat3,0.40464,-0.80109,0.03632,0.43955,1165.04
quat4,0.47715,-0.70791,-0.07266,0.51566,1165.04
quat5,0.00000,0.38268,0.00000,-0.92388,1165.04
quat6,0.00000,0.38268,0.00000,-0.92388,1165.04
quat7,0.00000,0.38268,0.00000,-0.92388,1165.04
quat8,0.00000,0.38268,0.00000,-0.92388,1165.04
quat0,0.91692,-0.11384,-0.38248,0.00171,1165.06
quat1,0.35050,0.03676,-0.22799,-0.90765,1165.06
quat2,-0.38843,-0.03571,0.34604,0.85329,1165.06
quat3,0.41404,-0.80002,0.03273,0.43297,1165.06
quat4,0.48792,-0.71231,-0.07608,0.49876,1165.06
quat5,0.00000,0.38268,0.00000,-0.92388,1165.06
quat6,0.00000,0.38268,0.00000,-0.92388,1165.06
quat7,0.00000,0.38268,0.00000,-0.92388,1165.06
quat8,0.00000,0.38268,0.00000,-0.92388,1165.06
quat0,0.91646,-0.11261,-0.38396,0.00073,1165.08
quat1,0.36551,0.02955,-0.23136,-0.90111,1165.08
quat2,-0.40555,-0.02262,0.34857,0.84470,1165.08
quat3,0.42458,-0.79756,0.03078,0.42742,1165.08
quat4,0.49971,-0.71392,-0.07865,0.48417,1165.08
quat5,0.00000,0.38268,0.00000,-0.92388,1165.08
quat6,0.00000,0.38268,0.00000,-0.92388,1165.08
quat7,0.00000,0.38268,0.00000,-0.92388,1165.08
quat8,0.00000,0.38268,0.00000,-0.92388,1165.08
quat0,0.91590,-0.11275,-0.38525,0.00033,1165.1
quat1,0.37969,0.02420,-0.23641,-0.89407,1165.1
quat2,-0.42112,-0.01099,0.35457,0.83475,1165.1
quat3,0.43549,-0.79441,0.03076,0.42228,1165.1
quat4,0.51239,-0.71226,-0.08147,0.47276,1165.1
quat5,0.00000,0.38268,0.00000,-0.92388,1165.1
quat6,0.00000,0.38268,0.00000,-0.92388,1165.1
quat7,0.00000,0.38268,0.00000,-0.92388,1165.1
quat8,0.00000,0.38268,0.00000,-0.92388,1165.1
quat0,0.91557,-0.11323,-0.38589,-0.00093,1165.12
quat1,0.39296,0.01953,-0.24378,-0.88644,1165.12
quat2,-0.43502,-0.00059,0.36372,0.82369,1165.12
quat3,0.44668,-0.79062,0.03263,0.41754,1165.12
quat4,0.52530,-0.70821,-0.08365,0.46423,1165.12
quat5,0.00000,0.38268,0.00000,-0.92388,1165.12
quat6,0.00000,0.38268,0.00000,-0.92388,1165.12
quat7,0.00000,0.38268,0.00000,-0.92388,1165.12
quat8,0.00000,0.38268,0.00000,-0.92388,1165.12
quat0,0.91547,-0.11451,-0.38575,-0.00132,1165.14
quat1,0.40510,0.01553,-0.25327,-0.87835,1165.14
quat2,-0.44771,0.00726,0.37499,0.81172,1165.14
quat3,0.45761,-0.78602,0.03651,0.41404,1165.14
quat4,0.53885,-0.70266,-0.08404,0.45700,1165.14
quat5,0.00000,0.38268,0.00000,-0.92388,1165.14
quat6,0.00000,0.38268,0.00000,-0.92388,1165.14
quat7,0.00000,0.38268,0.00000,-0.92388,1165.14
quat8,0.00000,0.38268,0.00000,-0.92388,1165.14
quat0,0.91586,-0.11452,-0.38481,-0.00158,1165.16
quat1,0.41646,0.01290,-0.26490,-0.86961,1165.16
quat2,-0.45907,0.01251,0.38762,0.79928,1165.16
quat3,0.46856,-0.78072,0.04194,0.41130,1165.16
quat4,0.55340,-0.69629,-0.08171,0.44971,1165.16
quat5,0.00000,0.38268,0.00000,-0.92388,1165.16
quat6,0.00000,0.38268,0.00000,-0.92388,1165.16
quat7,0.00000,0.38268,0.00000,-0.92388,1165.16
quat8,0.00000,0.38268,0.00000,-0.92388,1165.16
quat0,0.91617,-0.11547,-0.38378,-0.00251,1165.18
quat1,0.42562,0.00943,-0.27844,-0.86095,1165.18
quat2,-0.46865,0.01596,0.40111,0.78691,1165.18
quat3,0.47951,-0.77465,0.04950,0.40931,1165.18
quat4,0.56824,-0.68946,-0.07673,0.44256,1165.18
quat5,0.00000,0.38268,0.00000,-0.92388,1165.18
quat6,0.00000,0.38268,0.00000,-0.92388,1165.18
quat7,0.00000,0.38268,0.00000,-0.92388,1165.18
quat8,0.00000,0.38268,0.00000,-0.92388,1165.18
quat0,0.91625,-0.11807,-0.38281,-0.00217,1165.2
quat1,0.43366,0.00781,-0.29234,-0.85230,1165.2
quat2,-0.47611,0.01729,0.41588,0.77464,1165.2
quat3,0.48998,-0.76892,0.05926,0.40641,1165.2
quat4,0.58306,-0.68099,-0.07054,0.43741,1165.2
quat5,0.00000,0.38268,0.00000,-0.92388,1165.2
quat6,0.00000,0.38268,0.00000,-0.92388,1165.2
quat7,0.00000,0.38268,0.00000,-0.92388,1165.2
quat8,0.00000,0.38268,0.00000,-0.92388,1165.2
quat0,0.91644,-0.11965,-0.38187,-0.00162,1165.22
quat1,0.44035,0.00782,-0.30616,-0.84398,1165.22
quat2,-0.48193,0.01658,0.43103,0.76268,1165.22
quat3,0.49938,-0.76319,0.07112,0.40387,1165.22
quat4,0.59739,-0.67046,-0.06370,0.43538,1165.22
quat5,0.00000,0.38268,0.00000,-0.92388,1165.22
quat6,0.00000,0.38268,0.00000,-0.92388,1165.22
quat7,0.00000,0.38268,0.00000,-0.92388,1165.22
quat8,0.00000,0.38268,0.00000,-0.92388,1165.22
quat0,0.91692,-0.12030,-0.38050,-0.00193,1165.24
quat1,0.44559,0.01096,-0.31923,-0.83631,1165.24
quat2,-0.48674,0.01335,0.44543,0.75133,1165.24
quat3,0.50776,-0.75711,0.08405,0.40238,1165.24
quat4,0.61073,-0.65875,-0.05592,0.43581,1165.24
quat5,0.00000,0.38268,0.00000,-0.92388,1165.24
quat6,0.00000,0.38268,0.00000,-0.92388,1165.24
quat7,0.00000,0.38268,0.00000,-0.92388,1165.24
quat8,0.00000,0.38268,0.00000,-0.92388,1165.24
quat0,0.91672,-0.12152,-0.38060,-0.00193,1165.26
quat1,0.44943,0.01571,-0.33224,-0.82909,1165.26
quat2,-0.49033,0.00810,0.45906,0.74079,1165.26
quat3,0.51512,-0.75033,0.09677,0.40286,1165.26
quat4,0.62330,-0.64628,-0.04640,0.43779,1165.26
quat5,0.00000,0.38268,0.00000,-0.92388,1165.26
quat6,0.00000,0.38268,0.00000,-0.92388,1165.26
quat7,0.00000,0.38268,0.00000,-0.92388,1165.26
quat8,0.00000,0.38268,0.00000,-0.92388,1165.26
quat0,0.91613,-0.12268,-0.38165,-0.00106,1165.28
quat1,0.45206,0.02170,-0.34466,-0.82243,1165.28
quat2,-0.49188,0.00170,0.47248,0.73131,1165.28
quat3,0.52213,-0.74256,0.10778,0.40544,1165.28
quat4,0.63512,-0.63330,-0.03472,0.44085,1165.28
quat5,0.00000,0.38268,0.00000,-0.92388,1165.28
quat6,0.00000,0.38268,0.00000,-0.92388,1165.28
quat7,0.00000,0.38268,0.00000,-0.92388,1165.28
quat8,0.00000,0.38268,0.00000,-0.92388,1165.28
quat0,0.91650,-0.12349,-0.38049,-0.00077,1165.3
quat1,0.45310,0.02878,-0.35631,-0.81665,1165.3
quat2,-0.49153,-0.00593,0.48556,0.72291,1165.3
quat3,0.52827,-0.73460,0.11744,0.40927,1165.3
quat4,0.64567,-0.61966,-0.02191,0.44570,1165.3
quat5,0.00000,0.38268,0.00000,-0.92388,1165.3
quat6,0.00000,0.38268,0.00000,-0.92388,1165.3
quat7,0.00000,0.38268,0.00000,-0.92388,1165.3
quat8,0.00000,0.38268,0.00000,-0.92388,1165.3
quat0,0.91611,-0.12482,-0.38101,-0.00002,1165.32
quat1,0.45147,0.03564,-0.36810,-0.81204,1165.32
quat2,-0.48925,-0.01450,0.49796,0.71586,1165.32
quat3,0.53318,-0.72685,0.12618,0.41412,1165.32
quat4,0.65483,-0.60521,-0.00889,0.45259,1165.32
quat5,0.00000,0.38268,0.00000,-0.92388,1165.32
quat6,0.00000,0.38268,0.00000,-0.92388,1165.32
quat7,0.00000,0.38268,0.00000,-0.92388,1165.32
quat8,0.00000,0.38268,0.00000,-0.92388,1165.32
quat0,0.91549,-0.12544,-0.38230,0.00042,1165.34
quat1,0.44883,0.04271,-0.37905,-0.80811,1165.34
quat2,-0.48506,-0.02441,0.50867,0.71089,1165.34
quat3,0.53713,-0.71936,0.13385,0.41963,1165.34
quat4,0.66252,-0.59025,0.00483,0.46113,1165.34
quat5,0.00000,0.38268,0.00000,-0.92388,1165.34
quat6,0.00000,0.38268,0.00000,-0.92388,1165.34
quat7,0.00000,0.38268,0.00000,-0.92388,1165.34
quat8,0.00000,0.38268,0.00000,-0.92388,1165.34
quat0,0.91527,-0.12858,-0.38178,0.00006,1165.36
quat1,0.44599,0.05122,-0.38815,-0.80487,1165.36
quat2,-0.47996,-0.03622,0.51695,0.70788,1165.36
quat3,0.53983,-0.71227,0.14065,0.42600,1165.36
quat4,0.66816,-0.57617,0.01953,0.47034,1165.36
quat5,0.00000,0.38268,0.00000,-0.92388,1165.36
quat6,0.00000,0.38268,0.00000,-0.92388,1165.36
quat7,0.00000,0.38268,0.00000,-0.92388,1165.36
quat8,0.00000,0.38268,0.00000,-0.92388,1165.36
quat0,0.91470,-0.13031,-0.38255,0.00042,1165.38
quat1,0.44243,0.06077,-0.39509,-0.80278,1165.38
quat2,-0.47470,-0.05113,0.52204,0.70677,1165.38
quat3,0.54096,-0.70593,0.14683,0.43298,1165.38
quat4,0.67212,-0.56159,0.03441,0.48134,1165.38
quat5,0.00000,0.38268,0.00000,-0.92388,1165.38
quat6,0.00000,0.38268,0.00000,-0.92388,1165.38
quat7,0.00000,0.38268,0.00000,-0.92388,1165.38
quat8,0.00000,0.38268,0.00000,-0.92388,1165.38
quat0,0.91374,-0.13070,-0.38469,0.00121,1165.4
quat1,0.43879,0.07148,-0.39982,-0.80156,1165.4
quat2,-0.46938,-0.06900,0.52361,0.70764,1165.4
quat3,0.54096,-0.69962,0.15136,0.44157,1165.4
quat4,0.67407,-0.54677,0.04807,0.49433,1165.4
quat5,0.00000,0.38268,0.00000,-0.92388,1165.4
quat6,0.00000,0.38268,0.00000,-0.92388,1165.4
quat7,0.00000,0.38268,0.00000,-0.92388,1165.4
quat8,0.00000,0.38268,0.00000,-0.92388,1165.4
quat0,0.91270,-0.13176,-0.38679,0.00107,1165.42
quat1,0.43474,0.08288,-0.40280,-0.80117,1165.42
quat2,-0.46328,-0.08800,0.52297,0.71002,1165.42
quat3,0.54022,-0.69339,0.15455,0.45110,1165.42
quat4,0.67382,-0.53212,0.05976,0.50915,1165.42
quat5,0.00000,0.38268,0.00000,-0.92388,1165.42
quat6,0.00000,0.38268,0.00000,-0.92388,1165.42
quat7,0.00000,0.38268,0.00000,-0.92388,1165.42
quat8,0.00000,0.38268,0.00000,-0.92388,1165.42
quat0,0.91189,-0.13359,-0.38809,0.00035,1165.44
quat1,0.42927,0.09392,-0.40434,-0.80213,1165.44
quat2,-0.45563,-0.10624,0.52192,0.71324,1165.44
quat3,0.53873,-0.68674,0.15732,0.46195,1165.44
quat4,0.67132,-0.51901,0.06935,0.52455,1165.44
quat5,0.00000,0.38268,0.00000,-0.92388,1165.44
quat6,0.00000,0.38268,0.00000,-0.92388,1165.44
quat7,0.00000,0.38268,0.00000,-0.92388,1165.44
quat8,0.00000,0.38268,0.00000,-0.92388,1165.44
quat0,0.91156,-0.13589,-0.38806,0.00101,1165.46
quat1,0.42277,0.10452,-0.40422,-0.80433,1165.46
quat2,-0.44659,-0.12331,0.52045,0.71727,1165.46
quat3,0.53556,-0.68134,0.16069,0.47237,1165.46
quat4,0.66695,-0.50763,0.07787,0.53984,1165.46
quat5,0.00000,0.38268,0.00000,-0.92388,1165.46
quat6,0.00000,0.38268,0.00000,-0.92388,1165.46
quat7,0.00000,0.38268,0.00000,-0.92388,1165.46
quat8,0.00000,0.38268,0.00000,-0.92388,1165.46
quat0,0.91114,-0.13558,-0.38916,0.00147,1165.48
quat1,0.41528,0.11457,-0.40227,-0.80783,1165.48
quat2,-0.43674,-0.13874,0.51887,0.72166,1165.48
quat3,0.53098,-0.67841,0.16427,0.48046,1165.48
quat4,0.66051,-0.49757,0.08318,0.55608,1165.48
quat5,0.00000,0.38268,0.00000,-0.92388,1165.48
quat6,0.00000,0.38268,0.00000,-0.92388,1165.48
quat7,0.00000,0.38268,0.00000,-0.92388,1165.48
quat8,0.00000,0.38268,0.00000,-0.92388,1165.48
quat0,0.91061,-0.13544,-0.39044,0.00161,1165.5
quat1,0.40645,0.12346,-0.39899,-0.81263,1165.5
quat2,-0.42570,-0.15134,0.51804,0.72630,1165.5
quat3,0.52476,-0.67699,0.16751,0.48812,1165.5
quat4,0.65260,-0.48909,0.08522,0.57240,1165.5
quat5,0.00000,0.38268,0.00000,-0.92388,1165.5
quat6,0.00000,0.38268,0.00000,-0.92388,1165.5
quat7,0.00000,0.38268,0.00000,-0.92388,1165.5
quat8,0.00000,0.38268,0.00000,-0.92388,1165.5
quat0,0.91095,-0.13627,-0.38936,0.00116,1165.52
quat1,0.39706,0.12983,-0.39516,-0.81813,1165.52
quat2,-0.41329,-0.15922,0.51741,0.73220,1165.52
quat3,0.51715,-0.67636,0.16987,0.49622,1165.52
quat4,0.64370,-0.48352,0.08617,0.58688,1165.52
quat5,0.00000,0.38268,0.00000,-0.92388,1165.52
quat6,0.00000,0.38268,0.00000,-0.92388,1165.52
quat7,0.00000,0.38268,0.00000,-0.92388,1165.52
quat8,0.00000,0.38268,0.00000,-0.92388,1165.52
quat0,0.91061,-0.13678,-0.38997,0.00198,1165.54
quat1,0.38639,0.13436,-0.39122,-0.82437,1165.54
quat2,-0.40024,-0.16451,0.51587,0.73934,1165.54
quat3,0.50838,-0.67764,0.17096,0.50312,1165.54
quat4,0.63369,-0.48136,0.08689,0.59932,1165.54
quat5,0.00000,0.38268,0.00000,-0.92388,1165.54
quat6,0.00000,0.38268,0.00000,-0.92388,1165.54
quat7,0.00000,0.38268,0.00000,-0.92388,1165.54
quat8,0.00000,0.38268,0.00000,-0.92388,1165.54
quat0,0.91108,-0.13612,-0.38911,0.00202,1165.56
quat1,0.37626,0.13717,-0.38638,-0.83086,1165.56
quat2,-0.38886,-0.17005,0.51178,0.74697,1165.56
quat3,0.49849,-0.68091,0.17110,0.50852,1165.56
quat4,0.62266,-0.48202,0.08579,0.61041,1165.56
quat5,0.00000,0.38268,0.00000,-0.92388,1165.56
quat6,0.00000,0.38268,0.00000,-0.92388,1165.56
quat7,0.00000,0.38268,0.00000,-0.92388,1165.56
quat8,0.00000,0.38268,0.00000,-0.92388,1165.56
quat0,0.91192,-0.13552,-0.38734,0.00116,1165.58
quat1,0.36681,0.13983,-0.37973,-0.83768,1165.58
quat2,-0.37856,-0.17338,0.50603,0.75536,1165.58
quat3,0.48789,-0.68555,0.17031,0.51282,1165.58
quat4,0.61101,-0.48601,0.08401,0.61919,1165.58
quat5,0.00000,0.38268,0.00000,-0.92388,1165.58
quat6,0.00000,0.38268,0.00000,-0.92388,1165.58
quat7,0.00000,0.38268,0.00000,-0.92388,1165.58
quat8,0.00000,0.38268,0.00000,-0.92388,1165.58
quat0,0.91275,-0.13526,-0.38547,0.00196,1165.6
quat1,0.35818,0.14193,-0.37162,-0.84467,1165.6
quat2,-0.36816,-0.17335,0.49973,0.76464,1165.6
quat3,0.47661,-0.69213,0.16867,0.51512,1165.6
quat4,0.59870,-0.49399,0.08279,0.62505,1165.6
quat5,0.00000,0.38268,0.00000,-0.92388,1165.6
quat6,0.00000,0.38268,0.00000,-0.92388,1165.6
quat7,0.00000,0.38268,0.00000,-0.92388,1165.6
quat8,0.00000,0.38268,0.00000,-0.92388,1165.6
quat0,0.91279,-0.13464,-0.38558,0.00295,1165.62
quat1,0.35038,0.14133,-0.36262,-0.85192,1165.62
quat2,-0.35879,-0.17114,0.49252,0.77421,1165.62
quat3,0.46494,-0.70033,0.16541,0.51576,1165.62
quat4,0.58581,-0.50459,0.08058,0.62907,1165.62
quat5,0.00000,0.38268,0.00000,-0.92388,1165.62
quat6,0.00000,0.38268,0.00000,-0.92388,1165.62
quat7,0.00000,0.38268,0.00000,-0.92388,1165.62
quat8,0.00000,0.38268,0.00000,-0.92388,1165.62
quat0,0.91374,-0.13325,-0.38382,0.00268,1165.64
quat1,0.34307,0.13818,-0.35301,-0.85941,1165.64
quat2,-0.35104,-0.16713,0.48430,0.78377,1165.64
quat3,0.45399,-0.70860,0.16008,0.51590,1165.64
quat4,0.57257,-0.51727,0.07690,0.63141,1165.64
quat5,0.00000,0.38268,0.00000,-0.92388,1165.64
quat6,0.00000,0.38268,0.00000,-0.92388,1165.64
quat7,0.00000,0.38268,0.00000,-0.92388,1165.64
quat8,0.00000,0.38268,0.00000,-0.92388,1165.64
quat0,0.91512,-0.13177,-0.38102,0.00240,1165.66
quat1,0.33615,0.13263,-0.34312,-0.86699,1165.66
quat2,-0.34428,-0.16010,0.47553,0.79354,1165.66
quat3,0.44397,-0.71696,0.15364,0.51502,1165.66
quat4,0.55939,-0.53099,0.07098,0.63253,1165.66
quat5,0.00000,0.38268,0.00000,-0.92388,1165.66
quat6,0.00000,0.38268,0.00000,-0.92388,1165.66
quat7,0.00000,0.38268,0.00000,-0.92388,1165.66
quat8,0.00000,0.38268,0.00000,-0.92388,1165.66
quat0,0.91613,-0.13043,-0.37906,0.00263,1165.68
quat1,0.33136,0.12532,-0.33303,-0.87383,1165.68
quat2,-0.33920,-0.15090,0.46568,0.80331,1165.68
quat3,0.43472,-0.72574,0.14642,0.51272,1165.68
quat4,0.54637,-0.54504,0.06229,0.63288,1165.68
quat5,0.00000,0.38268,0.00000,-0.92388,1165.68
quat6,0.00000,0.38268,0.00000,-0.92388,1165.68
quat7,0.00000,0.38268,0.00000,-0.92388,1165.68
quat8,0.00000,0.38268,0.00000,-0.92388,1165.68
quat0,0.91594,-0.12993,-0.37969,0.00311,1165.7
quat1,0.32743,0.11648,-0.32238,-0.88051,1165.7
quat2,-0.33638,-0.14019,0.45501,0.81251,1165.7
quat3,0.42607,-0.73468,0.13806,0.50957,1165.7
quat4,0.53360,-0.55953,0.05116,0.63213,1165.7
quat5,0.00000,0.38268,0.00000,-0.92388,1165.7
quat6,0.00000,0.38268,0.00000,-0.92388,1165.7
quat7,0.00000,0.38268,0.00000,-0.92388,1165.7
quat8,0.00000,0.38268,0.00000,-0.92388,1165.7
quat0,0.91772,-0.12670,-0.37647,0.00320,1165.72
quat1,0.32408,0.10612,-0.31174,-0.88686,1165.72
quat2,-0.33555,-0.12803,0.44384,0.82099,1165.72
quat3,0.41785,-0.74398,0.12956,0.50509,1165.72
quat4,0.52130,-0.57476,0.03844,0.62962,1165.72
quat5,0.00000,0.38268,0.00000,-0.92388,1165.72
quat6,0.00000,0.38268,0.00000,-0.92388,1165.72
quat7,0.00000,0.38268,0.00000,-0.92388,1165.72
quat8,0.00000,0.38268,0.00000,-0.92388,1165.72
quat0,0.91829,-0.12724,-0.37489,0.00379,1165.74
quat1,0.32249,0.09437,-0.30156,-0.89227,1165.74
quat2,-0.33657,-0.11434,0.43249,0.82861,1165.74
quat3,0.41101,-0.75365,0.12094,0.49845,1165.74
quat4,0.50981,-0.59032,0.02434,0.62532,1165.74
quat5,0.00000,0.38268,0.00000,-0.92388,1165.74
quat6,0.00000,0.38268,0.00000,-0.92388,1165.74
quat7,0.00000,0.38268,0.00000,-0.92388,1165.74
quat8,0.00000,0.38268,0.00000,-0.92388,1165.74
quat0,0.91916,-0.12543,-0.37336,0.00429,1165.76
quat1,0.32170,0.08179,-0.29141,-0.89716,1165.76
quat2,-0.33940,-0.09995,0.42121,0.83511,1165.76
quat3,0.40551,-0.76297,0.11196,0.49082,1165.76
quat4,0.49963,-0.60541,0.00841,0.61950,1165.76
quat5,0.00000,0.38268,0.00000,-0.92388,1165.76
quat6,0.00000,0.38268,0.00000,-0.92388,1165.76
quat7,0.00000,0.38268,0.00000,-0.92388,1165.76
quat8,0.00000,0.38268,0.00000,-0.92388,1165.76
quat0,0.91940,-0.12577,-0.37263,0.00577,1165.78
quat1,0.32190,0.06917,-0.28217,-0.90110,1165.78
quat2,-0.34381,-0.08429,0.41049,0.84035,1165.78
quat3,0.40147,-0.77085,0.10302,0.48374,1165.78
quat4,0.49123,-0.61949,-0.00924,0.61225,1165.78
quat5,0.00000,0.38268,0.00000,-0.92388,1165.78
quat6,0.00000,0.38268,0.00000,-0.92388,1165.78
quat7,0.00000,0.38268,0.00000,-0.92388,1165.78
quat8,0.00000,0.38268,0.00000,-0.92388,1165.78
quat0,0.92035,-0.12402,-0.37084,0.00651,1165.8
quat1,0.32314,0.05597,-0.27425,-0.90401,1165.8
quat2,-0.34976,-0.06761,0.40086,0.84404,1165.8
quat3,0.39935,-0.77705,0.09453,0.47726,1165.8
quat4,0.48481,-0.63291,-0.02768,0.60301,1165.8
quat5,0.00000,0.38268,0.00000,-0.92388,1165.8
quat6,0.00000,0.38268,0.00000,-0.92388,1165.8
quat7,0.00000,0.38268,0.00000,-0.92388,1165.8
quat8,0.00000,0.38268,0.00000,-0.92388,1165.8
quat0,0.92139,-0.12457,-0.36807,0.00718,1165.82
quat1,0.32502,0.04200,-0.26821,-0.90590,1165.82
quat2,-0.35670,-0.04902,0.39324,0.84601,1165.82
quat3,0.39931,-0.78257,0.08700,0.46964,1165.82
quat4,0.48120,-0.64701,-0.04375,0.58984,1165.82
quat5,0.00000,0.38268,0.00000,-0.92388,1165.82
quat6,0.00000,0.38268,0.00000,-0.92388,1165.82
quat7,0.00000,0.38268,0.00000,-0.92388,1165.82
quat8,0.00000,0.38268,0.00000,-0.92388,1165.82
quat0,0.92141,-0.12369,-0.36833,0.00670,1165.84
quat1,0.32858,0.02806,-0.26378,-0.90646,1165.84
quat2,-0.36485,-0.03008,0.38722,0.84619,1165.84
quat3,0.40136,-0.78775,0.08008,0.46037,1165.84
quat4,0.48068,-0.66198,-0.05565,0.57239,1165.84
quat5,0.00000,0.38268,0.00000,-0.92388,1165.84
quat6,0.00000,0.38268,0.00000,-0.92388,1165.84
quat7,0.00000,0.38268,0.00000,-0.92388,1165.84
quat8,0.00000,0.38268,0.00000,-0.92388,1165.84
quat0,0.92196,-0.12301,-0.36716,0.00731,1165.86
quat1,0.33406,0.01510,-0.26043,-0.90573,1165.86
quat2,-0.37456,-0.01307,0.38227,0.84463,1165.86
quat3,0.40488,-0.79191,0.07387,0.45110,1165.86
quat4,0.48370,-0.67519,-0.06382,0.55324,1165.86
quat5,0.00000,0.38268,0.00000,-0.92388,1165.86
quat6,0.00000,0.38268,0.00000,-0.92388,1165.86
quat7,0.00000,0.38268,0.00000,-0.92388,1165.86
quat8,0.00000,0.38268,0.00000,-0.92388,1165.86
quat0,0.92248,-0.12211,-0.36615,0.00669,1165.88
quat1,0.34239,0.00583,-0.25773,-0.90350,1165.88
quat2,-0.38576,0.00218,0.37891,0.84120,1165.88
quat3,0.41012,-0.79451,0.06799,0.44264,1165.88
quat4,0.48958,-0.68425,-0.07007,0.53591,1165.88
quat5,0.00000,0.38268,0.00000,-0.92388,1165.88
quat6,0.00000,0.38268,0.00000,-0.92388,1165.88
quat7,0.00000,0.38268,0.00000,-0.92388,1165.88
quat8,0.00000,0.38268,0.00000,-0.92388,1165.88
quat0,0.92199,-0.12217,-0.36738,0.00585,1165.9
quat1,0.35242,-0.00094,-0.25602,-0.90014,1165.9
quat2,-0.39727,0.01774,0.37846,0.83584,1165.9
quat3,0.41744,-0.79478,0.06284,0.43603,1165.9
quat4,0.49756,-0.68820,-0.07611,0.52252,1165.9
quat5,0.00000,0.38268,0.00000,-0.92388,1165.9
quat6,0.00000,0.38268,0.00000,-0.92388,1165.9
quat7,0.00000,0.38268,0.00000,-0.92388,1165.9
quat8,0.00000,0.38268,0.00000,-0.92388,1165.9
quat0,0.92119,-0.12153,-0.36960,0.00559,1165.92
quat1,0.36305,-0.00640,-0.25623,-0.89582,1165.92
quat2,-0.40896,0.03260,0.38008,0.82899,1165.92
quat3,0.42695,-0.79232,0.05808,0.43194,1165.92
quat4,0.50698,-0.68770,-0.08225,0.51311,1165.92
quat5,0.00000,0.38268,0.00000,-0.92388,1165.92
quat6,0.00000,0.38268,0.00000,-0.92388,1165.92
quat7,0.00000,0.38268,0.00000,-0.92388,1165.92
quat8,0.00000,0.38268,0.00000,-0.92388,1165.92
quat0,0.92066,-0.12341,-0.37031,0.00482,1165.94
quat1,0.37405,-0.01118,-0.25927,-0.89036,1165.94
quat2,-0.42031,0.04646,0.38388,0.82087,1165.94
quat3,0.43757,-0.78799,0.05484,0.42965,1165.94
quat4,0.51774,-0.68471,-0.08753,0.50543,1165.94
quat5,0.00000,0.38268,0.00000,-0.92388,1165.94
quat6,0.00000,0.38268,0.00000,-0.92388,1165.94
quat7,0.00000,0.38268,0.00000,-0.92388,1165.94
quat8,0.00000,0.38268,0.00000,-0.92388,1165.94
quat0,0.92001,-0.12516,-0.37136,0.00411,1165.96
quat1,0.38472,-0.01594,-0.26430,-0.88424,1165.96
quat2,-0.43125,0.05836,0.39026,0.81136,1165.96
quat3,0.44897,-0.78289,0.05375,0.42734,1165.96
quat4,0.52963,-0.68019,-0.09134,0.49848,1165.96
quat5,0.00000,0.38268,0.00000,-0.92388,1165.96
quat6,0.00000,0.38268,0.00000,-0.92388,1165.96
quat7,0.00000,0.38268,0.00000,-0.92388,1165.96
quat8,0.00000,0.38268,0.00000,-0.92388,1165.96
quat0,0.91972,-0.12467,-0.37223,0.00408,1165.98
quat1,0.39403,-0.02064,-0.27100,-0.87799,1165.98
quat2,-0.44121,0.06801,0.39891,0.80098,1165.98
quat3,0.45981,-0.77798,0.05563,0.42453,1165.98
quat4,0.54256,-0.67522,-0.09260,0.49105,1165.98
quat5,0.00000,0.38268,0.00000,-0.92388,1165.98
quat6,0.00000,0.38268,0.00000,-0.92388,1165.98
quat7,0.00000,0.38268,0.00000,-0.92388,1165.98
quat8,0.00000,0.38268,0.00000,-0.92388,1165.98
quat0,0.91957,-0.12479,-0.37255,0.00470,1166
quat1,0.40273,-0.02330,-0.27978,-0.87120,1166
quat2,-0.45049,0.07357,0.40874,0.79030,1166
quat3,0.46998,-0.77348,0.06040,0.42094,1166
quat4,0.55622,-0.66903,-0.09205,0.48430,1166
quat5,0.00000,0.38268,0.00000,-0.92388,1166
quat6,0.00000,0.38268,0.00000,-0.92388,1166
quat7,0.00000,0.38268,0.00000,-0.92388,1166
quat8,0.00000,0.38268,0.00000,-0.92388,1166
quat0,0.91941,-0.12642,-0.37241,0.00417,1166.02
quat1,0.41119,-0.02549,-0.28998,-0.86382,1166.02
quat2,-0.45798,0.07742,0.42084,0.77920,1166.02
quat3,0.48001,-0.76867,0.06762,0.41733,1166.02
quat4,0.57007,-0.66145,-0.09017,0.47893,1166.02
quat5,0.00000,0.38268,0.00000,-0.92388,1166.02
quat6,0.00000,0.38268,0.00000,-0.92388,1166.02
quat7,0.00000,0.38268,0.00000,-0.92388,1166.02
quat8,0.00000,0.38268,0.00000,-0.92388,1166.02
quat0,0.91945,-0.12763,-0.37191,0.00382,1166.04
quat1,0.41876,-0.02597,-0.30062,-0.85650,1166.04
quat2,-0.46360,0.07946,0.43505,0.76778,1166.04
quat3,0.48992,-0.76355,0.07688,0.41358,1166.04
quat4,0.58367,-0.65307,-0.08635,0.47475,1166.04
quat5,0.00000,0.38268,0.00000,-0.92388,1166.04
quat6,0.00000,0.38268,0.00000,-0.92388,1166.04
quat7,0.00000,0.38268,0.00000,-0.92388,1166.04
quat8,0.00000,0.38268,0.00000,-0.92388,1166.04
quat0,0.91862,-0.13047,-0.37297,0.00331,1166.06
quat1,0.42552,-0.02449,-0.31167,-0.84923,1166.06
quat2,-0.46799,0.07850,0.44966,0.75672,1166.06
quat3,0.49868,-0.75770,0.08725,0.41183,1166.06
quat4,0.59679,-0.64349,-0.08091,0.47246,1166.06
quat5,0.00000,0.38268,0.00000,-0.92388,1166.06
quat6,0.00000,0.38268,0.00000,-0.92388,1166.06
quat7,0.00000,0.38268,0.00000,-0.92388,1166.06
quat8,0.00000,0.38268,0.00000,-0.92388,1166.06
quat0,0.91827,-0.13116,-0.37359,0.00192,1166.08
quat1,0.43060,-0.02107,-0.32315,-0.84245,1166.08
quat2,-0.47163,0.07458,0.46376,0.74628,1166.08
quat3,0.50666,-0.75101,0.09797,0.41193,1166.08
quat4,0.60964,-0.63298,-0.07370,0.47142,1166.08
quat5,0.00000,0.38268,0.00000,-0.92388,1166.08
quat6,0.00000,0.38268,0.00000,-0.92388,1166.08
quat7,0.00000,0.38268,0.00000,-0.92388,1166.08
quat8,0.00000,0.38268,0.00000,-0.92388,1166.08
quat0,0.91741,-0.13123,-0.37568,0.00155,1166.1
quat1,0.43432,-0.01697,-0.33464,-0.83612,1166.1
quat2,-0.47391,0.06976,0.47775,0.73641,1166.1
quat3,0.51354,-0.74413,0.10944,0.41300,1166.1
quat4,0.62167,-0.62118,-0.06588,0.47256,1166.1
quat5,0.00000,0.38268,0.00000,-0.92388,1166.1
quat6,0.00000,0.38268,0.00000,-0.92388,1166.1
quat7,0.00000,0.38268,0.00000,-0.92388,1166.1
quat8,0.00000,0.38268,0.00000,-0.92388,1166.1
quat0,0.91579,-0.13421,-0.37856,0.00108,1166.12
quat1,0.43660,-0.01177,-0.34613,-0.83032,1166.12
quat2,-0.47457,0.06438,0.49140,0.72744,1166.12
quat3,0.51983,-0.73662,0.12149,0.41523,1166.12
quat4,0.63265,-0.60816,-0.05750,0.47601,1166.12
quat5,0.00000,0.38268,0.00000,-0.92388,1166.12
quat6,0.00000,0.38268,0.00000,-0.92388,1166.12
quat7,0.00000,0.38268,0.00000,-0.92388,1166.12
quat8,0.00000,0.38268,0.00000,-0.92388,1166.12
quat0,0.91372,-0.13542,-0.38313,0.00060,1166.14
quat1,0.43866,-0.00488,-0.35711,-0.82463,1166.14
quat2,-0.47455,0.05770,0.50393,0.71939,1166.14
quat3,0.52449,-0.73009,0.13406,0.41701,1166.14
quat4,0.64276,-0.59414,-0.04850,0.48115,1166.14
quat5,0.00000,0.38268,0.00000,-0.92388,1166.14
quat6,0.00000,0.38268,0.00000,-0.92388,1166.14
quat7,0.00000,0.38268,0.00000,-0.92388,1166.14
quat8,0.00000,0.38268,0.00000,-0.92388,1166.14
quat0,0.91254,-0.13596,-0.38573,0.00015,1166.16
quat1,0.43908,0.00178,-0.36810,-0.81958,1166.16
quat2,-0.47452,0.04936,0.51474,0.71235,1166.16
quat3,0.52825,-0.72326,0.14514,0.42046,1166.16
quat4,0.65209,-0.57906,-0.03820,0.48787,1166.16
quat5,0.00000,0.38268,0.00000,-0.92388,1166.16
quat6,0.00000,0.38268,0.00000,-0.92388,1166.16
quat7,0.00000,0.38268,0.00000,-0.92388,1166.16
quat8,0.00000,0.38268,0.00000,-0.92388,1166.16
quat0,0.91172,-0.13490,-0.38803,0.00055,1166.18
quat1,0.43785,0.00834,-0.37903,-0.81520,1166.18
quat2,-0.47311,0.03994,0.52458,0.70667,1166.18
quat3,0.53154,-0.71536,0.15317,0.42692,1166.18
quat4,0.66035,-0.56290,-0.02742,0.49631,1166.18
quat5,0.00000,0.38268,0.00000,-0.92388,1166.18
quat6,0.00000,0.38268,0.00000,-0.92388,1166.18
quat7,0.00000,0.38268,0.00000,-0.92388,1166.18
quat8,0.00000,0.38268,0.00000,-0.92388,1166.18
quat0,0.91042,-0.13544,-0.39088,0.00198,1166.2
quat1,0.43568,0.01544,-0.38894,-0.81159,1166.2
quat2,-0.47018,0.02956,0.53336,0.70256,1166.2
quat3,0.53419,-0.70738,0.15892,0.43475,1166.2
quat4,0.66799,-0.54625,-0.01523,0.50515,1166.2
quat5,0.00000,0.38268,0.00000,-0.92388,1166.2
quat6,0.00000,0.38268,0.00000,-0.92388,1166.2
quat7,0.00000,0.38268,0.00000,-0.92388,1166.2
quat8,0.00000,0.38268,0.00000,-0.92388,1166.2
quat0,0.91054,-0.13672,-0.39015,0.00216,1166.22
quat1,0.43394,0.02353,-0.39682,-0.80850,1166.22
quat2,-0.46643,0.01750,0.54042,0.70006,1166.22
quat3,0.53619,-0.70018,0.16352,0.44217,1166.22
quat4,0.67441,-0.52928,-0.00188,0.51482,1166.22
quat5,0.00000,0.38268,0.00000,-0.92388,1166.22
quat6,0.00000,0.38268,0.00000,-0.92388,1166.22
quat7,0.00000,0.38268,0.00000,-0.92388,1166.22
quat8,0.00000,0.38268,0.00000,-0.92388,1166.22
quat0,0.91068,-0.13878,-0.38909,0.00204,1166.24
quat1,0.43187,0.03260,-0.40285,-0.80631,1166.24
quat2,-0.46262,0.00338,0.54491,0.69932,1166.24
quat3,0.53760,-0.69432,0.16724,0.44826,1166.24
quat4,0.67914,-0.51239,0.01167,0.52544,1166.24
quat5,0.00000,0.38268,0.00000,-0.92388,1166.24
quat6,0.00000,0.38268,0.00000,-0.92388,1166.24
quat7,0.00000,0.38268,0.00000,-0.92388,1166.24
quat8,0.00000,0.38268,0.00000,-0.92388,1166.24
quat0,0.90921,-0.14202,-0.39135,0.00210,1166.26
quat1,0.42859,0.04118,-0.40816,-0.80499,1166.26
quat2,-0.45894,-0.01256,0.54651,0.70039,1166.26
quat3,0.53888,-0.68903,0.16963,0.45395,1166.26
quat4,0.68182,-0.49552,0.02430,0.53757,1166.26
quat5,0.00000,0.38268,0.00000,-0.92388,1166.26
quat6,0.00000,0.38268,0.00000,-0.92388,1166.26
quat7,0.00000,0.38268,0.00000,-0.92388,1166.26
quat8,0.00000,0.38268,0.00000,-0.92388,1166.26
quat0,0.90963,-0.14180,-0.39047,0.00202,1166.28
quat1,0.42336,0.04886,-0.41263,-0.80505,1166.28
quat2,-0.45411,-0.02828,0.54680,0.70285,1166.28
quat3,0.53986,-0.68320,0.17152,0.46085,1166.28
quat4,0.68199,-0.47897,0.03465,0.55161,1166.28
quat5,0.00000,0.38268,0.00000,-0.92388,1166.28
quat6,0.00000,0.38268,0.00000,-0.92388,1166.28
quat7,0.00000,0.38268,0.00000,-0.92388,1166.28
quat8,0.00000,0.38268,0.00000,-0.92388,1166.28
quat0,0.90915,-0.14336,-0.39102,0.00222,1166.3
quat1,0.41743,0.05709,-0.41528,-0.80625,1166.3
quat2,-0.44813,-0.04342,0.54618,0.70639,1166.3
quat3,0.53956,-0.67617,0.17281,0.47096,1166.3
quat4,0.67964,-0.46326,0.04247,0.56716,1166.3
quat5,0.00000,0.38268,0.00000,-0.92388,1166.3
quat6,0.00000,0.38268,0.00000,-0.92388,1166.3
quat7,0.00000,0.38268,0.00000,-0.92388,1166.3
quat8,0.00000,0.38268,0.00000,-0.92388,1166.3
quat0,0.90924,-0.14475,-0.39029,0.00249,1166.32
quat1,0.41047,0.06585,-0.41611,-0.80872,1166.32
quat2,-0.44119,-0.05748,0.54473,0.71086,1166.32
quat3,0.53736,-0.66987,0.17442,0.48176,1166.32
quat4,0.67500,-0.44986,0.04831,0.58281,1166.32
quat5,0.00000,0.38268,0.00000,-0.92388,1166.32
quat6,0.00000,0.38268,0.00000,-0.92388,1166.32
quat7,0.00000,0.38268,0.00000,-0.92388,1166.32
quat8,0.00000,0.38268,0.00000,-0.92388,1166.32
quat0,0.90966,-0.14602,-0.38885,0.00205,1166.34
quat1,0.40198,0.07345,-0.41596,-0.81240,1166.34
quat2,-0.43252,-0.06911,0.54298,0.71646,1166.34
quat3,0.53307,-0.66636,0.17778,0.49010,1166.34
quat4,0.66807,-0.43991,0.05378,0.59772,1166.34
quat5,0.00000,0.38268,0.00000,-0.92388,1166.34
quat6,0.00000,0.38268,0.00000,-0.92388,1166.34
quat7,0.00000,0.38268,0.00000,-0.92388,1166.34
quat8,0.00000,0.38268,0.00000,-0.92388,1166.34
quat0,0.90959,-0.14847,-0.38808,0.00185,1166.36
quat1,0.39344,0.08066,-0.41450,-0.81664,1166.36
quat2,-0.42257,-0.07865,0.54075,0.72308,1166.36
quat3,0.52645,-0.66531,0.18172,0.49719,1166.36
quat4,0.65914,-0.43412,0.05893,0.61123,1166.36
quat5,0.00000,0.38268,0.00000,-0.92388,1166.36
quat6,0.00000,0.38268,0.00000,-0.92388,1166.36
quat7,0.00000,0.38268,0.00000,-0.92388,1166.36
quat8,0.00000,0.38268,0.00000,-0.92388,1166.36
quat0,0.91039,-0.14805,-0.38636,0.00214,1166.38
quat1,0.38406,0.08584,-0.41158,-0.82203,1166.38
quat2,-0.41289,-0.08738,0.53723,0.73026,1166.38
quat3,0.51792,-0.66546,0.18479,0.50475,1166.38
quat4,0.64886,-0.43290,0.06455,0.62242,1166.38
quat5,0.00000,0.38268,0.00000,-0.92388,1166.38
quat6,0.00000,0.38268,0.00000,-0.92388,1166.38
quat7,0.00000,0.38268,0.00000,-0.92388,1166.38
quat8,0.00000,0.38268,0.00000,-0.92388,1166.38
quat0,0.91139,-0.14654,-0.38456,0.00277,1166.4
quat1,0.37435,0.08999,-0.40742,-0.82812,1166.4
quat2,-0.40342,-0.09484,0.53246,0.73807,1166.4
quat3,0.50781,-0.66754,0.18663,0.51156,1166.4
quat4,0.63750,-0.43567,0.07046,0.63152,1166.4
quat5,0.00000,0.38268,0.00000,-0.92388,1166.4
quat6,0.00000,0.38268,0.00000,-0.92388,1166.4
quat7,0.00000,0.38268,0.00000,-0.92388,1166.4
quat8,0.00000,0.38268,0.00000,-0.92388,1166.4
quat0,0.91223,-0.14739,-0.38223,0.00309,1166.42
quat1,0.36368,0.09346,-0.40209,-0.83506,1166.42
quat2,-0.39238,-0.09880,0.52791,0.74672,1166.42
quat3,0.49673,-0.67165,0.18783,0.51659,1166.42
quat4,0.62537,-0.44107,0.07546,0.63927,1166.42
quat5,0.00000,0.38268,0.00000,-0.92388,1166.42
quat6,0.00000,0.38268,0.00000,-0.92388,1166.42
quat7,0.00000,0.38268,0.00000,-0.92388,1166.42
quat8,0.00000,0.38268,0.00000,-0.92388,1166.42
quat0,0.91277,-0.14885,-0.38037,0.00279,1166.44
quat1,0.35329,0.09492,-0.39591,-0.84228,1166.44
quat2,-0.38045,-0.09888,0.52351,0.75592,1166.44
quat3,0.48471,-0.67766,0.18775,0.52018,1166.44
quat4,0.61272,-0.44855,0.07876,0.64589,1166.44
quat5,0.00000,0.38268,0.00000,-0.92388,1166.44
quat6,0.00000,0.38268,0.00000,-0.92388,1166.44
quat7,0.00000,0.38268,0.00000,-0.92388,1166.44
quat8,0.00000,0.38268,0.00000,-0.92388,1166.44
quat0,0.91387,-0.14813,-0.37800,0.00336,1166.46
quat1,0.34218,0.09333,-0.38900,-0.85023,1166.46
quat2,-0.36870,-0.09577,0.51902,0.76518,1166.46
quat3,0.47242,-0.68484,0.18568,0.52281,1166.46
quat4,0.59971,-0.45836,0.08056,0.65097,1166.46
quat5,0.00000,0.38268,0.00000,-0.92388,1166.46
quat6,0.00000,0.38268,0.00000,-0.92388,1166.46
quat7,0.00000,0.38268,0.00000,-0.92388,1166.46
quat8,0.00000,0.38268,0.00000,-0.92388,1166.46
quat0,0.91549,-0.14647,-0.37471,0.00401,1166.48
quat1,0.33077,0.08960,-0.38139,-0.85855,1166.48
quat2,-0.35715,-0.09006,0.51378,0.77483,1166.48
quat3,0.46016,-0.69315,0.18224,0.52401,1166.48
quat4,0.58682,-0.47012,0.08057,0.65433,1166.48
quat5,0.00000,0.38268,0.00000,-0.92388,1166.48
quat6,0.00000,0.38268,0.00000,-0.92388,1166.48
quat7,0.00000,0.38268,0.00000,-0.92388,1166.48
quat8,0.00000,0.38268,0.00000,-0.92388,1166.48
quat0,0.91614,-0.14805,-0.37250,0.00425,1166.5
quat1,0.32022,0.08420,-0.37317,-0.86667,1166.5
quat2,-0.34660,-0.08275,0.50685,0.78494,1166.5
quat3,0.44825,-0.70228,0.17790,0.52366,1166.5
quat4,0.57409,-0.48401,0.07930,0.65564,1166.5
quat5,0.00000,0.38268,0.00000,-0.92388,1166.5
quat6,0.00000,0.38268,0.00000,-0.92388,1166.5
quat7,0.00000,0.38268,0.00000,-0.92388,1166.5
quat8,0.00000,0.38268,0.00000,-0.92388,1166.5
quat0,0.91700,-0.14838,-0.37024,0.00456,1166.52
quat1,0.31078,0.07689,-0.36425,-0.87454,1166.52
quat2,-0.33873,-0.07556,0.49811,0.79463,1166.52
quat3,0.43652,-0.71230,0.17319,0.52162,1166.52
quat4,0.56127,-0.49999,0.07609,0.65513,1166.52
quat5,0.00000,0.38268,0.00000,-0.92388,1166.52
quat6,0.00000,0.38268,0.00000,-0.92388,1166.52
quat7,0.00000,0.38268,0.00000,-0.92388,1166.52
quat8,0.00000,0.38268,0.00000,-0.92388,1166.52
quat0,0.91803,-0.14733,-0.36811,0.00385,1166.54
quat1,0.30318,0.06945,-0.35411,-0.88196,1166.54
quat2,-0.33319,-0.06759,0.48856,0.80357,1166.54
quat3,0.42562,-0.72270,0.16818,0.51795,1166.54
quat4,0.54855,-0.51742,0.07049,0.65299,1166.54
quat5,0.00000,0.38268,0.00000,-0.92388,1166.54
quat6,0.00000,0.38268,0.00000,-0.92388,1166.54
quat7,0.00000,0.38268,0.00000,-0.92388,1166.54
quat8,0.00000,0.38268,0.00000,-0.92388,1166.54
quat0,0.91835,-0.14682,-0.36750,0.00369,1166.56
quat1,0.29740,0.06150,-0.34361,-0.88865,1166.56
quat2,-0.32979,-0.05851,0.47829,0.81182,1166.56
quat3,0.41620,-0.73300,0.16289,0.51279,1166.56
quat4,0.53619,-0.53623,0.06252,0.64888,1166.56
quat5,0.00000,0.38268,0.00000,-0.92388,1166.56
quat6,0.00000,0.38268,0.00000,-0.92388,1166.56
quat7,0.00000,0.38268,0.00000,-0.92388,1166.56
quat8,0.00000,0.38268,0.00000,-0.92388,1166.56
quat0,0.91860,-0.14656,-0.36699,0.00433,1166.58
quat1,0.29357,0.05220,-0.33381,-0.89424,1166.58
quat2,-0.32884,-0.04852,0.46735,0.81921,1166.58
quat3,0.40802,-0.74301,0.15812,0.50642,1166.58
quat4,0.52466,-0.55554,0.05168,0.64299,1166.58
quat5,0.00000,0.38268,0.00000,-0.92388,1166.58
quat6,0.00000,0.38268,0.00000,-0.92388,1166.58
quat7,0.00000,0.38268,0.00000,-0.92388,1166.58
quat8,0.00000,0.38268,0.00000,-0.92388,1166.58
quat0,0.91932,-0.14511,-0.36575,0.00541,1166.6
quat1,0.29171,0.04251,-0.32475,-0.89869,1166.6
quat2,-0.33027,-0.03722,0.45641,0.82536,1166.6
quat3,0.40187,-0.75193,0.15382,0.49944,1166.6
quat4,0.51392,-0.57539,0.03842,0.63509,1166.6
quat5,0.00000,0.38268,0.00000,-0.92388,1166.6
quat6,0.00000,0.38268,0.00000,-0.92388,1166.6
quat7,0.00000,0.38268,0.00000,-0.92388,1166.6
quat8,0.00000,0.38268,0.00000,-0.92388,1166.6
quat0,0.91973,-0.14538,-0.36461,0.00489,1166.62
quat1,0.29120,0.03208,-0.31720,-0.90197,1166.62
quat2,-0.33327,-0.02349,0.44647,0.83009,1166.62
quat3,0.39803,-0.75944,0.14967,0.49236,1166.62
quat4,0.50500,-0.59615,0.02426,0.62369,1166.62
quat5,0.00000,0.38268,0.00000,-0.92388,1166.62
quat6,0.00000,0.38268,0.00000,-0.92388,1166.62
quat7,0.00000,0.38268,0.00000,-0.92388,1166.62
quat8,0.00000,0.38268,0.00000,-0.92388,1166.62
quat0,0.92006,-0.14282,-0.36476,0.00617,1166.64
quat1,0.29247,0.02095,-0.31116,-0.90399,1166.64
quat2,-0.33806,-0.00832,0.43732,0.83331,1166.64
quat3,0.39654,-0.76615,0.14591,0.48423,1166.64
quat4,0.49843,-0.61695,0.01019,0.60897,1166.64
quat5,0.00000,0.38268,0.00000,-0.92388,1166.64
quat6,0.00000,0.38268,0.00000,-0.92388,1166.64
quat7,0.00000,0.38268,0.00000,-0.92388,1166.64
quat8,0.00000,0.38268,0.00000,-0.92388,1166.64
quat0,0.92061,-0.14266,-0.36344,0.00641,1166.66
quat1,0.29574,0.00955,-0.30666,-0.90466,1166.66
quat2,-0.34428,0.00813,0.43011,0.83451,1166.66
quat3,0.39683,-0.77263,0.14231,0.47468,1166.66
quat4,0.49492,-0.63501,-0.00196,0.59314,1166.66
quat5,0.00000,0.38268,0.00000,-0.92388,1166.66
quat6,0.00000,0.38268,0.00000,-0.92388,1166.66
quat7,0.00000,0.38268,0.00000,-0.92388,1166.66
quat8,0.00000,0.38268,0.00000,-0.92388,1166.66
quat0,0.92148,-0.13902,-0.36261,0.00775,1166.68
quat1,0.30064,-0.00110,-0.30330,-0.90423,1166.68
quat2,-0.35206,0.02499,0.42462,0.83374,1166.68
quat3,0.39824,-0.77963,0.13776,0.46326,1166.68
quat4,0.49551,-0.64758,-0.01194,0.57877,1166.68
quat5,0.00000,0.38268,0.00000,-0.92388,1166.68
quat6,0.00000,0.38268,0.00000,-0.92388,1166.68
quat7,0.00000,0.38268,0.00000,-0.92388,1166.68
quat8,0.00000,0.38268,0.00000,-0.92388,1166.68
quat0,0.92144,-0.13665,-0.36360,0.00815,1166.7
quat1,0.30758,-0.01023,-0.30080,-0.90267,1166.7
quat2,-0.36085,0.04146,0.42170,0.83081,1166.7
quat3,0.40129,-0.78533,0.13152,0.45270,1166.7
quat4,0.49964,-0.65507,-0.01970,0.56644,1166.7
quat5,0.00000,0.38268,0.00000,-0.92388,1166.7
quat6,0.00000,0.38268,0.00000,-0.92388,1166.7
quat7,0.00000,0.38268,0.00000,-0.92388,1166.7
quat8,0.00000,0.38268,0.00000,-0.92388,1166.7
quat0,0.92128,-0.13613,-0.36417,0.00908,1166.72
quat1,0.31626,-0.01764,-0.29905,-0.90013,1166.72
quat2,-0.36990,0.05804,0.42200,0.82567,1166.72
quat3,0.40700,-0.78737,0.12474,0.44591,1166.72
quat4,0.50591,-0.66058,-0.02518,0.55412,1166.72
quat5,0.00000,0.38268,0.00000,-0.92388,1166.72
quat6,0.00000,0.38268,0.00000,-0.92388,1166.72
quat7,0.00000,0.38268,0.00000,-0.92388,1166.72
quat8,0.00000,0.38268,0.00000,-0.92388,1166.72
quat0,0.92063,-0.13432,-0.36650,0.00895,1166.74
quat1,0.32622,-0.02470,-0.29895,-0.89644,1166.74
quat2,-0.37880,0.07391,0.42512,0.81873,1166.74
quat3,0.41555,-0.78585,0.11790,0.44256,1166.74
quat4,0.51407,-0.66564,-0.02786,0.54025,1166.74
quat5,0.00000,0.38268,0.00000,-0.92388,1166.74
quat6,0.00000,0.38268,0.00000,-0.92388,1166.74
quat7,0.00000,0.38268,0.00000,-0.92388,1166.74
quat8,0.00000,0.38268,0.00000,-0.92388,1166.74
quat0,0.92022,-0.13489,-0.36731,0.00867,1166.76
quat1,0.33657,-0.03107,-0.30088,-0.89175,1166.76
quat2,-0.38814,0.08753,0.42995,0.81045,1166.76
quat3,0.42582,-0.78235,0.11205,0.44051,1166.76
quat4,0.52336,-0.67116,-0.02765,0.52428,1166.76
quat5,0.00000,0.38268,0.00000,-0.92388,1166.76
quat6,0.00000,0.38268,0.00000,-0.92388,1166.76
quat7,0.00000,0.38268,0.00000,-0.92388,1166.76
quat8,0.00000,0.38268,0.00000,-0.92388,1166.76
quat0,0.92066,-0.13370,-0.36666,0.00863,1166.78
quat1,0.34750,-0.03523,-0.30481,-0.88606,1166.78
quat2,-0.39753,0.09804,0.43628,0.80126,1166.78
quat3,0.43592,-0.77892,0.10913,0.43744,1166.78
quat4,0.53395,-0.67705,-0.02457,0.50586,1166.78
quat5,0.00000,0.38268,0.00000,-0.92388,1166.78
quat6,0.00000,0.38268,0.00000,-0.92388,1166.78
quat7,0.00000,0.38268,0.00000,-0.92388,1166.78
quat8,0.00000,0.38268,0.00000,-0.92388,1166.78
quat0,0.92059,-0.13391,-0.36678,0.00705,1166.8
quat1,0.35852,-0.03771,-0.31038,-0.87961,1166.8
quat2,-0.40624,0.10658,0.44414,0.79143,1166.8
quat3,0.44458,-0.77726,0.10993,0.43142,1166.8
quat4,0.54575,-0.68189,-0.01914,0.48664,1166.8
quat5,0.00000,0.38268,0.00000,-0.92388,1166.8
quat6,0.00000,0.38268,0.00000,-0.92388,1166.8
quat7,0.00000,0.38268,0.00000,-0.92388,1166.8
quat8,0.00000,0.38268,0.00000,-0.92388,1166.8
quat0,0.92113,-0.13352,-0.36558,0.00653,1166.82
quat1,0.36879,-0.03941,-0.31741,-0.87275,1166.82
quat2,-0.41499,0.11120,0.45295,0.78119,1166.82
quat3,0.45199,-0.77697,0.11470,0.42293,1166.82
quat4,0.55848,-0.68433,-0.01271,0.46866,1166.82
quat5,0.00000,0.38268,0.00000,-0.92388,1166.82
quat6,0.00000,0.38268,0.00000,-0.92388,1166.82
quat7,0.00000,0.38268,0.00000,-0.92388,1166.82
quat8,0.00000,0.38268,0.00000,-0.92388,1166.82
quat0,0.92200,-0.13348,-0.36341,0.00616,1166.84
quat1,0.37838,-0.04050,-0.32582,-0.86546,1166.84
quat2,-0.42357,0.11175,0.46270,0.77072,1166.84
quat3,0.45912,-0.77597,0.12142,0.41513,1166.84
quat4,0.57176,-0.68396,-0.00556,0.45305,1166.84
quat5,0.00000,0.38268,0.00000,-0.92388,1166.84
quat6,0.00000,0.38268,0.00000,-0.92388,1166.84
quat7,0.00000,0.38268,0.00000,-0.92388,1166.84
quat8,0.00000,0.38268,0.00000,-0.92388,1166.84
quat0,0.92290,-0.13471,-0.36066,0.00513,1166.86
quat1,0.38707,-0.04052,-0.33515,-0.85803,1166.86
quat2,-0.43147,0.11077,0.47417,0.75943,1166.86
quat3,0.46685,-0.77352,0.12884,0.40880,1166.86
quat4,0.58547,-0.68121,0.00212,0.43952,1166.86
quat5,0.00000,0.38268,0.00000,-0.92388,1166.86
quat6,0.00000,0.38268,0.00000,-0.92388,1166.86
quat7,0.00000,0.38268,0.00000,-0.92388,1166.86
quat8,0.00000,0.38268,0.00000,-0.92388,1166.86
quat0,0.92301,-0.13629,-0.35980,0.00439,1166.88
quat1,0.39559,-0.03931,-0.34501,-0.85026,1166.88
quat2,-0.43815,0.10823,0.48705,0.74772,1166.88
quat3,0.47601,-0.76853,0.13511,0.40561,1166.88
quat4,0.59911,-0.67531,0.00968,0.43003,1166.88
quat5,0.00000,0.38268,0.00000,-0.92388,1166.88
quat6,0.00000,0.38268,0.00000,-0.92388,1166.88
quat7,0.00000,0.38268,0.00000,-0.92388,1166.88
quat8,0.00000,0.38268,0.00000,-0.92388,1166.88
quat0,0.92306,-0.13667,-0.35955,0.00318,1166.9
quat1,0.40254,-0.03701,-0.35598,-0.84254,1166.9
quat2,-0.44399,0.10354,0.50015,0.73621,1166.9
quat3,0.48527,-0.76178,0.14056,0.40553,1166.9
quat4,0.61263,-0.66688,0.01688,0.42387,1166.9
quat5,0.00000,0.38268,0.00000,-0.92388,1166.9
quat6,0.00000,0.38268,0.00000,-0.92388,1166.9
quat7,0.00000,0.38268,0.00000,-0.92388,1166.9
quat8,0.00000,0.38268,0.00000,-0.92388,1166.9
quat0,0.92390,-0.13755,-0.35704,0.00236,1166.92
quat1,0.40731,-0.03469,-0.36773,-0.83527,1166.92
quat2,-0.44874,0.09788,0.51385,0.72458,1166.92
quat3,0.49521,-0.75377,0.14555,0.40671,1166.92
quat4,0.62556,-0.65673,0.02365,0.42050,1166.92
quat5,0.00000,0.38268,0.00000,-0.92388,1166.92
quat6,0.00000,0.38268,0.00000,-0.92388,1166.92
quat7,0.00000,0.38268,0.00000,-0.92388,1166.92
quat8,0.00000,0.38268,0.00000,-0.92388,1166.92
quat0,0.92363,-0.13878,-0.35728,0.00172,1166.94
quat1,0.41075,-0.03102,-0.37852,-0.82888,1166.94
quat2,-0.45110,0.09188,0.52870,0.71312,1166.94
quat3,0.50385,-0.74612,0.15201,0.40783,1166.94
quat4,0.63788,-0.64510,0.03058,0.41954,1166.94
quat5,0.00000,0.38268,0.00000,-0.92388,1166.94
quat6,0.00000,0.38268,0.00000,-0.92388,1166.94
quat7,0.00000,0.38268,0.00000,-0.92388,1166.94
quat8,0.00000,0.38268,0.00000,-0.92388,1166.94
quat0,0.92316,-0.14081,-0.35771,0.00120,1166.96
quat1,0.41324,-0.02690,-0.38850,-0.82315,1166.96
quat2,-0.45173,0.08461,0.54364,0.70231,1166.96
quat3,0.51130,-0.73876,0.15961,0.40906,1166.96
quat4,0.64932,-0.63290,0.03908,0.41987,1166.96
quat5,0.00000,0.38268,0.00000,-0.92388,1166.96
quat6,0.00000,0.38268,0.00000,-0.92388,1166.96
quat7,0.00000,0.38268,0.00000,-0.92388,1166.96
quat8,0.00000,0.38268,0.00000,-0.92388,1166.96
quat0,0.92286,-0.14178,-0.35809,0.00162,1166.98
quat1,0.41495,-0.02052,-0.39781,-0.81801,1166.98
quat2,-0.45095,0.07563,0.55817,0.69237,1166.98
quat3,0.51694,-0.73194,0.16761,0.41104,1166.98
quat4,0.65992,-0.62045,0.04941,0.42084,1166.98
quat5,0.00000,0.38268,0.00000,-0.92388,1166.98
quat6,0.00000,0.38268,0.00000,-0.92388,1166.98
quat7,0.00000,0.38268,0.00000,-0.92388,1166.98
quat8,0.00000,0.38268,0.00000,-0.92388,1166.98
quat0,0.92259,-0.14279,-0.35839,0.00033,1167
quat1,0.41547,-0.01332,-0.40639,-0.81367,1167
quat2,-0.44829,0.06536,0.57206,0.68374,1167
quat3,0.52096,-0.72554,0.17515,0.41415,1167
quat4,0.66925,-0.60778,0.06127,0.42303,1167
quat5,0.00000,0.38268,0.00000,-0.92388,1167
quat6,0.00000,0.38268,0.00000,-0.92388,1167
quat7,0.00000,0.38268,0.00000,-0.92388,1167
quat8,0.00000,0.38268,0.00000,-0.92388,1167
quat0,0.92259,-0.14412,-0.35786,0.00047,1167.02
quat1,0.41522,-0.00530,-0.41341,-0.81034,1167.02
quat2,-0.44405,0.05322,0.58455,0.67697,1167.02
quat3,0.52418,-0.71923,0.18152,0.41832,1167.02
quat4,0.67714,-0.59481,0.07387,0.42689,1167.02
quat5,0.00000,0.38268,0.00000,-0.92388,1167.02
quat6,0.00000,0.38268,0.00000,-0.92388,1167.02
quat7,0.00000,0.38268,0.00000,-0.92388,1167.02
quat8,0.00000,0.38268,0.00000,-0.92388,1167.02
quat0,0.92252,-0.14584,-0.35733,0.00054,1167.04
quat1,0.41526,0.00531,-0.41826,-0.80783,1167.04
quat2,-0.43987,0.03737,0.59402,0.67250,1167.04
quat3,0.52672,-0.71352,0.18653,0.42269,1167.04
quat4,0.68351,-0.58183,0.08703,0.43211,1167.04
quat5,0.00000,0.38268,0.00000,-0.92388,1167.04
quat6,0.00000,0.38268,0.00000,-0.92388,1167.04
quat7,0.00000,0.38268,0.00000,-0.92388,1167.04
quat8,0.00000,0.38268,0.00000,-0.92388,1167.04
quat0,0.92146,-0.14759,-0.35934,0.00033,1167.06
quat1,0.41510,0.01615,-0.42222,-0.80570,1167.06
quat2,-0.43626,0.01817,0.59996,0.67037,1167.06
quat3,0.52803,-0.70888,0.19030,0.42714,1167.06
quat4,0.68797,-0.56847,0.09963,0.44001,1167.06
quat5,0.00000,0.38268,0.00000,-0.92388,1167.06
quat6,0.00000,0.38268,0.00000,-0.92388,1167.06
quat7,0.00000,0.38268,0.00000,-0.92388,1167.06
quat8,0.00000,0.38268,0.00000,-0.92388,1167.06
quat0,0.92123,-0.14894,-0.35937,0.00064,1167.08
quat1,0.41273,0.02609,-0.42553,-0.80492,1167.08
quat2,-0.43240,-0.00194,0.60314,0.67026,1167.08
quat3,0.52889,-0.70420,0.19174,0.43316,1167.08
quat4,0.69076,-0.55474,0.11039,0.45048,1167.08
quat5,0.00000,0.38268,0.00000,-0.92388,1167.08
quat6,0.00000,0.38268,0.00000,-0.92388,1167.08
quat7,0.00000,0.38268,0.00000,-0.92388,1167.08
quat8,0.00000,0.38268,0.00000,-0.92388,1167.08
quat0,0.92072,-0.14991,-0.36029,0.00086,1167.1
quat1,0.40864,0.03560,-0.42836,-0.80514,1167.1
quat2,-0.42776,-0.02165,0.60426,0.67188,1167.1
quat3,0.52992,-0.69887,0.19177,0.44044,1167.1
quat4,0.69163,-0.54167,0.12003,0.46242,1167.1
quat5,0.00000,0.38268,0.00000,-0.92388,1167.1
quat6,0.00000,0.38268,0.00000,-0.92388,1167.1
quat7,0.00000,0.38268,0.00000,-0.92388,1167.1
quat8,0.00000,0.38268,0.00000,-0.92388,1167.1
quat0,0.92019,-0.15178,-0.36084,0.00102,1167.12
quat1,0.40364,0.04495,-0.43055,-0.80603,1167.12
quat2,-0.42147,-0.03945,0.60423,0.67506,1167.12
quat3,0.53015,-0.69419,0.19291,0.44701,1167.12
quat4,0.69029,-0.53028,0.12868,0.47513,1167.12
quat5,0.00000,0.38268,0.00000,-0.92388,1167.12
quat6,0.00000,0.38268,0.00000,-0.92388,1167.12
quat7,0.00000,0.38268,0.00000,-0.92388,1167.12
quat8,0.00000,0.38268,0.00000,-0.92388,1167.12
quat0,0.91949,-0.15099,-0.36295,0.00088,1167.14
quat1,0.39746,0.05473,-0.43178,-0.80784,1167.14
quat2,-0.41332,-0.05530,0.60303,0.68005,1167.14
quat3,0.52820,-0.69039,0.19507,0.45422,1167.14
quat4,0.68666,-0.52064,0.13490,0.48911,1167.14
quat5,0.00000,0.38268,0.00000,-0.92388,1167.14
quat6,0.00000,0.38268,0.00000,-0.92388,1167.14
quat7,0.00000,0.38268,0.00000,-0.92388,1167.14
quat8,0.00000,0.38268,0.00000,-0.92388,1167.14
quat0,0.91806,-0.15336,-0.36558,-0.00043,1167.16
quat1,0.39011,0.06516,-0.43191,-0.81057,1167.16
quat2,-0.40417,-0.06932,0.60028,0.68666,1167.16
quat3,0.52438,-0.68807,0.19772,0.46096,1167.16
quat4,0.68100,-0.51346,0.13858,0.50339,1167.16
quat5,0.00000,0.38268,0.00000,-0.92388,1167.16
quat6,0.00000,0.38268,0.00000,-0.92388,1167.16
quat7,0.00000,0.38268,0.00000,-0.92388,1167.16
quat8,0.00000,0.38268,0.00000,-0.92388,1167.16
quat0,0.91862,-0.15232,-0.36461,0.00036,1167.18
quat1,0.38207,0.07501,-0.43073,-0.81417,1167.18
quat2,-0.39475,-0.08200,0.59576,0.69464,1167.18
quat3,0.51893,-0.68740,0.20101,0.46668,1167.18
quat4,0.67336,-0.50850,0.13982,0.51814,1167.18
quat5,0.00000,0.38268,0.00000,-0.92388,1167.18
quat6,0.00000,0.38268,0.00000,-0.92388,1167.18
quat7,0.00000,0.38268,0.00000,-0.92388,1167.18
quat8,0.00000,0.38268,0.00000,-0.92388,1167.18
quat0,0.91851,-0.15025,-0.36575,0.00023,1167.2
quat1,0.37324,0.08395,-0.42837,-0.81862,1167.2
quat2,-0.38609,-0.09357,0.58930,0.70350,1167.2
quat3,0.51267,-0.68784,0.20348,0.47184,1167.2
quat4,0.66392,-0.50540,0.13803,0.53359,1167.2
quat5,0.00000,0.38268,0.00000,-0.92388,1167.2
quat6,0.00000,0.38268,0.00000,-0.92388,1167.2
quat7,0.00000,0.38268,0.00000,-0.92388,1167.2
quat8,0.00000,0.38268,0.00000,-0.92388,1167.2
quat0,0.91903,-0.14870,-0.36507,0.00081,1167.22
quat1,0.36338,0.09112,-0.42554,-0.82375,1167.22
quat2,-0.37720,-0.10254,0.58206,0.71303,1167.22
quat3,0.50649,-0.68865,0.20392,0.47713,1167.22
quat4,0.65363,-0.50354,0.13319,0.54907,1167.22
quat5,0.00000,0.38268,0.00000,-0.92388,1167.22
quat6,0.00000,0.38268,0.00000,-0.92388,1167.22
quat7,0.00000,0.38268,0.00000,-0.92388,1167.22
quat8,0.00000,0.38268,0.00000,-0.92388,1167.22
quat0,0.91935,-0.14893,-0.36416,0.00128,1167.24
quat1,0.35386,0.09674,-0.42149,-0.82932,1167.24
quat2,-0.36748,-0.10857,0.57378,0.72385,1167.24
quat3,0.50011,-0.68994,0.20174,0.48288,1167.24
quat4,0.64312,-0.50241,0.12582,0.56404,1167.24
quat5,0.00000,0.38268,0.00000,-0.92388,1167.24
quat6,0.00000,0.38268,0.00000,-0.92388,1167.24
quat7,0.00000,0.38268,0.00000,-0.92388,1167.24
quat8,0.00000,0.38268,0.00000,-0.92388,1167.24
quat0,0.91977,-0.14778,-0.36358,0.00137,1167.26
quat1,0.34558,0.10180,-0.41571,-0.83511,1167.26
quat2,-0.35868,-0.11294,0.56451,0.73480,1167.26
quat3,0.49258,-0.69297,0.19827,0.48769,1167.26
quat4,0.63260,-0.50223,0.11603,0.57803,1167.26
quat5,0.00000,0.38268,0.00000,-0.92388,1167.26
quat6,0.00000,0.38268,0.00000,-0.92388,1167.26
quat7,0.00000,0.38268,0.00000,-0.92388,1167.26
quat8,0.00000,0.38268,0.00000,-0.92388,1167.26
quat0,0.92072,-0.14428,-0.36256,0.00091,1167.28
quat1,0.33783,0.10523,-0.40800,-0.84163,1167.28
quat2,-0.35016,-0.11450,0.55514,0.74572,1167.28
quat3,0.48458,-0.69723,0.19355,0.49151,1167.28
quat4,0.62146,-0.50415,0.10570,0.59030,1167.28
quat5,0.00000,0.38268,0.00000,-0.92388,1167.28
quat6,0.00000,0.38268,0.00000,-0.92388,1167.28
quat7,0.00000,0.38268,0.00000,-0.92388,1167.28
quat8,0.00000,0.38268,0.00000,-0.92388,1167.28
quat0,0.92114,-0.14399,-0.36161,0.00115,1167.3
quat1,0.33044,0.10735,-0.39881,-0.84866,1167.3
quat2,-0.34163,-0.11264,0.54553,0.75697,1167.3
quat3,0.47601,-0.70364,0.18820,0.49283,1167.3
quat4,0.60963,-0.50964,0.09628,0.59945,1167.3
quat5,0.00000,0.38268,0.00000,-0.92388,1167.3
quat6,0.00000,0.38268,0.00000,-0.92388,1167.3
quat7,0.00000,0.38268,0.00000,-0.92388,1167.3
quat8,0.00000,0.38268,0.00000,-0.92388,1167.3
quat0,0.92124,-0.14190,-0.36217,0.00168,1167.32
quat1,0.32380,0.10633,-0.38859,-0.85607,1167.32
quat2,-0.33465,-0.10968,0.53430,0.76845,1167.32
quat3,0.46718,-0.71161,0.18221,0.49209,1167.32
quat4,0.59708,-0.51794,0.08672,0.60639,1167.32
quat5,0.00000,0.38268,0.00000,-0.92388,1167.32
quat6,0.00000,0.38268,0.00000,-0.92388,1167.32
quat7,0.00000,0.38268,0.00000,-0.92388,1167.32
quat8,0.00000,0.38268,0.00000,-0.92388,1167.32
quat0,0.92152,-0.14055,-0.36200,0.00206,1167.34
quat1,0.31825,0.10343,-0.37722,-0.86356,1167.34
quat2,-0.32940,-0.10535,0.52206,0.77964,1167.34
quat3,0.45866,-0.71930,0.17454,0.49170,1167.34
quat4,0.58451,-0.52779,0.07613,0.61155,1167.34
quat5,0.00000,0.38268,0.00000,-0.92388,1167.34
quat6,0.00000,0.38268,0.00000,-0.92388,1167.34
quat7,0.00000,0.38268,0.00000,-0.92388,1167.34
quat8,0.00000,0.38268,0.00000,-0.92388,1167.34
quat0,0.92188,-0.13853,-0.36185,0.00256,1167.36
quat1,0.31360,0.09945,-0.36513,-0.87089,1167.36
quat2,-0.32525,-0.09815,0.50952,0.79055,1167.36
quat3,0.45032,-0.72722,0.16596,0.49074,1167.36
quat4,0.57171,-0.54044,0.06552,0.61382,1167.36
quat5,0.00000,0.38268,0.00000,-0.92388,1167.36
quat6,0.00000,0.38268,0.00000,-0.92388,1167.36
quat7,0.00000,0.38268,0.00000,-0.92388,1167.36
quat8,0.00000,0.38268,0.00000,-0.92388,1167.36
quat0,0.92132,-0.13691,-0.36388,0.00208,1167.38
quat1,0.30976,0.09335,-0.35265,-0.87805,1167.38
quat2,-0.32216,-0.08759,0.49661,0.80120,1167.38
quat3,0.44225,-0.73638,0.15744,0.48721,1167.38
quat4,0.55902,-0.55449,0.05398,0.61410,1167.38
quat5,0.00000,0.38268,0.00000,-0.92388,1167.38
quat6,0.00000,0.38268,0.00000,-0.92388,1167.38
quat7,0.00000,0.38268,0.00000,-0.92388,1167.38
quat8,0.00000,0.38268,0.00000,-0.92388,1167.38
quat0,0.92174,-0.13422,-0.36383,0.00285,1167.4
quat1,0.30612,0.08437,-0.34039,-0.88504,1167.4
quat2,-0.32076,-0.07496,0.48302,0.81129,1167.4
quat3,0.43521,-0.74543,0.14934,0.48231,1167.4
quat4,0.54671,-0.56734,0.03870,0.61461,1167.4
quat5,0.00000,0.38268,0.00000,-0.92388,1167.4
quat6,0.00000,0.38268,0.00000,-0.92388,1167.4
quat7,0.00000,0.38268,0.00000,-0.92388,1167.4
quat8,0.00000,0.38268,0.00000,-0.92388,1167.4
quat0,0.92067,-0.13283,-0.36705,0.00271,1167.42
quat1,0.30322,0.07371,-0.32812,-0.89161,1167.42
quat2,-0.32087,-0.06078,0.46938,0.82039,1167.42
quat3,0.43047,-0.75317,0.14126,0.47694,1167.42
quat4,0.53542,-0.57841,0.01958,0.61512,1167.42
quat5,0.00000,0.38268,0.00000,-0.92388,1167.42
quat6,0.00000,0.38268,0.00000,-0.92388,1167.42
quat7,0.00000,0.38268,0.00000,-0.92388,1167.42
quat8,0.00000,0.38268,0.00000,-0.92388,1167.42
quat0,0.91973,-0.13217,-0.36960,0.00398,1167.44
quat1,0.30107,0.06184,-0.31636,-0.89747,1167.44
quat2,-0.32276,-0.04471,0.45593,0.82822,1167.44
quat3,0.42760,-0.75901,0.13462,0.47215,1167.44
quat4,0.52501,-0.58856,-0.00281,0.61478,1167.44
quat5,0.00000,0.38268,0.00000,-0.92388,1167.44
quat6,0.00000,0.38268,0.00000,-0.92388,1167.44
quat7,0.00000,0.38268,0.00000,-0.92388,1167.44
quat8,0.00000,0.38268,0.00000,-0.92388,1167.44
quat0,0.91946,-0.12817,-0.37168,0.00483,1167.46
quat1,0.29875,0.04778,-0.30613,-0.90263,1167.46
quat2,-0.32614,-0.02685,0.44325,0.83453,1167.46
quat3,0.42693,-0.76352,0.12908,0.46702,1167.46
quat4,0.51647,-0.59908,-0.02546,0.61132,1167.46
quat5,0.00000,0.38268,0.00000,-0.92388,1167.46
quat6,0.00000,0.38268,0.00000,-0.92388,1167.46
quat7,0.00000,0.38268,0.00000,-0.92388,1167.46
quat8,0.00000,0.38268,0.00000,-0.92388,1167.46
quat0,0.91974,-0.12733,-0.37126,0.00533,1167.48
quat1,0.29735,0.03221,-0.29781,-0.90656,1167.48
quat2,-0.33121,-0.00765,0.43178,0.83893,1167.48
quat3,0.42827,-0.76851,0.12399,0.45892,1167.48
quat4,0.51077,-0.61006,-0.04572,0.60403,1167.48
quat5,0.00000,0.38268,0.00000,-0.92388,1167.48
quat6,0.00000,0.38268,0.00000,-0.92388,1167.48
quat7,0.00000,0.38268,0.00000,-0.92388,1167.48
quat8,0.00000,0.38268,0.00000,-0.92388,1167.48
quat0,0.91967,-0.12541,-0.37208,0.00546,1167.5
quat1,0.29788,0.01798,-0.29178,-0.90874,1167.5
quat2,-0.33781,0.01311,0.42261,0.84090,1167.5
quat3,0.43068,-0.77385,0.11934,0.44881,1167.5
quat4,0.50928,-0.61847,-0.06215,0.59520,1167.5
quat5,0.00000,0.38268,0.00000,-0.92388,1167.5
quat6,0.00000,0.38268,0.00000,-0.92388,1167.5
quat7,0.00000,0.38268,0.00000,-0.92388,1167.5
quat8,0.00000,0.38268,0.00000,-0.92388,1167.5
quat0,0.92037,-0.12144,-0.37168,0.00577,1167.52
quat1,0.30113,0.00544,-0.28772,-0.90912,1167.52
quat2,-0.34584,0.03391,0.41603,0.84034,1167.52
quat3,0.43425,-0.77872,0.11369,0.43829,1167.52
quat4,0.51171,-0.62348,-0.07448,0.58641,1167.52
quat5,0.00000,0.38268,0.00000,-0.92388,1167.52
quat6,0.00000,0.38268,0.00000,-0.92388,1167.52
quat7,0.00000,0.38268,0.00000,-0.92388,1167.52
quat8,0.00000,0.38268,0.00000,-0.92388,1167.52
quat0,0.92069,-0.11996,-0.37135,0.00565,1167.54
quat1,0.30680,-0.00483,-0.28502,-0.90808,1167.54
quat2,-0.35478,0.05302,0.41263,0.83729,1167.54
quat3,0.43998,-0.78100,0.10772,0.42995,1167.54
quat4,0.51761,-0.62754,-0.08273,0.57570,1167.54
quat5,0.00000,0.38268,0.00000,-0.92388,1167.54
quat6,0.00000,0.38268,0.00000,-0.92388,1167.54
quat7,0.00000,0.38268,0.00000,-0.92388,1167.54
quat8,0.00000,0.38268,0.00000,-0.92388,1167.54
quat0,0.92039,-0.11776,-0.37281,0.00506,1167.56
quat1,0.31637,-0.01219,-0.28281,-0.90542,1167.56
quat2,-0.36487,0.06865,0.41223,0.83200,1167.56
quat3,0.44958,-0.77890,0.10172,0.42525,1167.56
quat4,0.52671,-0.63205,-0.08646,0.56179,1167.56
quat5,0.00000,0.38268,0.00000,-0.92388,1167.56
quat6,0.00000,0.38268,0.00000,-0.92388,1167.56
quat7,0.00000,0.38268,0.00000,-0.92388,1167.56
quat8,0.00000,0.38268,0.00000,-0.92388,1167.56
quat0,0.91948,-0.11805,-0.37494,0.00622,1167.58
quat1,0.32734,-0.01642,-0.28081,-0.90207,1167.58
quat2,-0.37600,0.08048,0.41410,0.82502,1167.58
quat3,0.46094,-0.77423,0.09658,0.42281,1167.58
quat4,0.53881,-0.63685,-0.08594,0.54472,1167.58
quat5,0.00000,0.38268,0.00000,-0.92388,1167.58
quat6,0.00000,0.38268,0.00000,-0.92388,1167.58
quat7,0.00000,0.38268,0.00000,-0.92388,1167.58
quat8,0.00000,0.38268,0.00000,-0.92388,1167.58
quat0,0.91953,-0.11503,-0.37576,0.00658,1167.6
quat1,0.34006,-0.01985,-0.28100,-0.89722,1167.6
quat2,-0.38810,0.08860,0.41794,0.81661,1167.6
quat3,0.47254,-0.76917,0.09354,0.41991,1167.6
quat4,0.55352,-0.64161,-0.08154,0.52470,1167.6
quat5,0.00000,0.38268,0.00000,-0.92388,1167.6
quat6,0.00000,0.38268,0.00000,-0.92388,1167.6
quat7,0.00000,0.38268,0.00000,-0.92388,1167.6
quat8,0.00000,0.38268,0.00000,-0.92388,1167.6
quat0,0.91967,-0.11526,-0.37535,0.00551,1167.62
quat1,0.35379,-0.02157,-0.28428,-0.89082,1167.62
quat2,-0.40031,0.09407,0.42374,0.80706,1167.62
quat3,0.48319,-0.76562,0.09455,0.41402,1167.62
quat4,0.57001,-0.64514,-0.07438,0.50333,1167.62
quat5,0.00000,0.38268,0.00000,-0.92388,1167.62
quat6,0.00000,0.38268,0.00000,-0.92388,1167.62
quat7,0.00000,0.38268,0.00000,-0.92388,1167.62
quat8,0.00000,0.38268,0.00000,-0.92388,1167.62
quat0,0.91974,-0.11694,-0.37466,0.00505,1167.64
quat1,0.36763,-0.02260,-0.29066,-0.88310,1167.64
quat2,-0.41274,0.09706,0.43161,0.79620,1167.64
quat3,0.49376,-0.76193,0.09822,0.40745,1167.64
quat4,0.58716,-0.64570,-0.06724,0.48352,1167.64
quat5,0.00000,0.38268,0.00000,-0.92388,1167.64
quat6,0.00000,0.38268,0.00000,-0.92388,1167.64
quat7,0.00000,0.38268,0.00000,-0.92388,1167.64
quat8,0.00000,0.38268,0.00000,-0.92388,1167.64
quat0,0.92000,-0.11683,-0.37409,0.00422,1167.66
quat1,0.38052,-0.02484,-0.29969,-0.87451,1167.66
quat2,-0.42492,0.09946,0.44197,0.78372,1167.66
quat3,0.50473,-0.75688,0.10285,0.40225,1167.66
quat4,0.60485,-0.64305,-0.06059,0.46580,1167.66
quat5,0.00000,0.38268,0.00000,-0.92388,1167.66
quat6,0.00000,0.38268,0.00000,-0.92388,1167.66
quat7,0.00000,0.38268,0.00000,-0.92388,1167.66
quat8,0.00000,0.38268,0.00000,-0.92388,1167.66
quat0,0.92118,-0.11694,-0.37113,0.00258,1167.68
quat1,0.39231,-0.02693,-0.31072,-0.86534,1167.68
quat2,-0.43655,0.09994,0.45398,0.77029,1167.68
quat3,0.51647,-0.74963,0.10679,0.39988,1167.68
quat4,0.62242,-0.63790,-0.05326,0.45038,1167.68
quat5,0.00000,0.38268,0.00000,-0.92388,1167.68
quat6,0.00000,0.38268,0.00000,-0.92388,1167.68
quat7,0.00000,0.38268,0.00000,-0.92388,1167.68
quat8,0.00000,0.38268,0.00000,-0.92388,1167.68
quat0,0.92223,-0.11800,-0.36821,0.00069,1167.7
quat1,0.40383,-0.02758,-0.32270,-0.85559,1167.7
quat2,-0.44796,0.09785,0.46690,0.75615,1167.7
quat3,0.52856,-0.74063,0.11024,0.39992,1167.7
quat4,0.63972,-0.63108,-0.04462,0.43647,1167.7
quat5,0.00000,0.38268,0.00000,-0.92388,1167.7
quat6,0.00000,0.38268,0.00000,-0.92388,1167.7
quat7,0.00000,0.38268,0.00000,-0.92388,1167.7
quat8,0.00000,0.38268,0.00000,-0.92388,1167.7
quat0,0.92298,-0.11821,-0.36625,-0.00104,1167.72
quat1,0.41638,-0.02723,-0.33522,-0.84470,1167.72
quat2,-0.45894,0.09327,0.47960,0.74207,1167.72
quat3,0.53997,-0.73100,0.11460,0.40116,1167.72
quat4,0.65608,-0.62301,-0.03490,0.42451,1167.72
quat5,0.00000,0.38268,0.00000,-0.92388,1167.72
quat6,0.00000,0.38268,0.00000,-0.92388,1167.72
quat7,0.00000,0.38268,0.00000,-0.92388,1167.72
quat8,0.00000,0.38268,0.00000,-0.92388,1167.72
quat0,0.92313,-0.11942,-0.36545,-0.00289,1167.74
quat1,0.42720,-0.02566,-0.34868,-0.83382,1167.74
quat2,-0.46909,0.08657,0.49135,0.72872,1167.74
quat3,0.54979,-0.72175,0.12141,0.40258,1167.74
quat4,0.67075,-0.61415,-0.02423,0.41512,1167.74
quat5,0.00000,0.38268,0.00000,-0.92388,1167.74
quat6,0.00000,0.38268,0.00000,-0.92388,1167.74
quat7,0.00000,0.38268,0.00000,-0.92388,1167.74
quat8,0.00000,0.38268,0.00000,-0.92388,1167.74
quat0,0.92433,-0.12129,-0.36179,-0.00360,1167.76
quat1,0.43621,-0.02180,-0.36219,-0.82345,1167.76
quat2,-0.47820,0.07759,0.50230,0.71624,1167.76
quat3,0.55748,-0.71377,0.13102,0.40321,1167.76
quat4,0.68378,-0.60494,-0.01221,0.40785,1167.76
quat5,0.00000,0.38268,0.00000,-0.92388,1167.76
quat6,0.00000,0.38268,0.00000,-0.92388,1167.76
quat7,0.00000,0.38268,0.00000,-0.92388,1167.76
quat8,0.00000,0.38268,0.00000,-0.92388,1167.76
quat0,0.92461,-0.12241,-0.36067,-0.00471,1167.78
quat1,0.44236,-0.01681,-0.37468,-0.81465,1167.78
quat2,-0.48527,0.06699,0.51306,0.70484,1167.78
quat3,0.56396,-0.70609,0.14093,0.40439,1167.78
quat4,0.69512,-0.59538,0.00124,0.40291,1167.78
quat5,0.00000,0.38268,0.00000,-0.92388,1167.78
quat6,0.00000,0.38268,0.00000,-0.92388,1167.78
quat7,0.00000,0.38268,0.00000,-0.92388,1167.78
quat8,0.00000,0.38268,0.00000,-0.92388,1167.78
quat0,0.92451,-0.12168,-0.36117,-0.00496,1167.8
quat1,0.44657,-0.01097,-0.38529,-0.80747,1167.8
quat2,-0.48973,0.05483,0.52343,0.69511,1167.8
quat3,0.56871,-0.69898,0.15039,0.40666,1167.8
quat4,0.70486,-0.58465,0.01458,0.40142,1167.8
quat5,0.00000,0.38268,0.00000,-0.92388,1167.8
quat6,0.00000,0.38268,0.00000,-0.92388,1167.8
quat7,0.00000,0.38268,0.00000,-0.92388,1167.8
quat8,0.00000,0.38268,0.00000,-0.92388,1167.8
quat0,0.92374,-0.12385,-0.36243,-0.00460,1167.82
quat1,0.44991,-0.00253,-0.39407,-0.80143,1167.82
quat2,-0.49193,0.04101,0.53239,0.68766,1167.82
quat3,0.57196,-0.69275,0.15889,0.40952,1167.82
quat4,0.71254,-0.57279,0.02762,0.40427,1167.82
quat5,0.00000,0.38268,0.00000,-0.92388,1167.82
quat6,0.00000,0.38268,0.00000,-0.92388,1167.82
quat7,0.00000,0.38268,0.00000,-0.92388,1167.82
quat8,0.00000,0.38268,0.00000,-0.92388,1167.82
quat0,0.92360,-0.12285,-0.36313,-0.00252,1167.84
quat1,0.45219,0.00811,-0.40119,-0.79656,1167.84
quat2,-0.49264,0.02501,0.53901,0.68275,1167.84
quat3,0.57414,-0.68710,0.16533,0.41343,1167.84
quat4,0.71767,-0.56090,0.04109,0.41068,1167.84
quat5,0.00000,0.38268,0.00000,-0.92388,1167.84
quat6,0.00000,0.38268,0.00000,-0.92388,1167.84
quat7,0.00000,0.38268,0.00000,-0.92388,1167.84
quat8,0.00000,0.38268,0.00000,-0.92388,1167.84
quat0,0.92370,-0.12512,-0.36210,-0.00268,1167.86
quat1,0.45343,0.01972,-0.40678,-0.79280,1167.86
quat2,-0.49230,0.00666,0.54300,0.68025,1167.86
quat3,0.57573,-0.68169,0.16885,0.41872,1167.86
quat4,0.71998,-0.54893,0.05437,0.42113,1167.86
quat5,0.00000,0.38268,0.00000,-0.92388,1167.86
quat6,0.00000,0.38268,0.00000,-0.92388,1167.86
quat7,0.00000,0.38268,0.00000,-0.92388,1167.86
quat8,0.00000,0.38268,0.00000,-0.92388,1167.86
quat0,0.92366,-0.12814,-0.36115,-0.00190,1167.88
quat1,0.45279,0.03087,-0.41159,-0.79033,1167.88
quat2,-0.49059,-0.01304,0.54438,0.68030,1167.88
quat3,0.57693,-0.67579,0.16998,0.42610,1167.88
quat4,0.71917,-0.53728,0.06664,0.43552,1167.88
quat5,0.00000,0.38268,0.00000,-0.92388,1167.88
quat6,0.00000,0.38268,0.00000,-0.92388,1167.88
quat7,0.00000,0.38268,0.00000,-0.92388,1167.88
quat8,0.00000,0.38268,0.00000,-0.92388,1167.88
quat0,0.92303,-0.13031,-0.36198,-0.00199,1167.9
quat1,0.44986,0.04224,-0.41566,-0.78935,1167.9
quat2,-0.48725,-0.03349,0.54324,0.68290,1167.9
quat3,0.57768,-0.66904,0.17045,0.43545,1167.9
quat4,0.71476,-0.52686,0.07651,0.45353,1167.9
quat5,0.00000,0.38268,0.00000,-0.92388,1167.9
quat6,0.00000,0.38268,0.00000,-0.92388,1167.9
quat7,0.00000,0.38268,0.00000,-0.92388,1167.9
quat8,0.00000,0.38268,0.00000,-0.92388,1167.9
quat0,0.92284,-0.13114,-0.36218,-0.00114,1167.92
quat1,0.44485,0.05381,-0.41914,-0.78964,1167.92
quat2,-0.48217,-0.05441,0.54021,0.68755,1167.92
quat3,0.57664,-0.66178,0.17104,0.44752,1167.92
quat4,0.70810,-0.51686,0.08096,0.47424,1167.92
quat5,0.00000,0.38268,0.00000,-0.92388,1167.92
quat6,0.00000,0.38268,0.00000,-0.92388,1167.92
quat7,0.00000,0.38268,0.00000,-0.92388,1167.92
quat8,0.00000,0.38268,0.00000,-0.92388,1167.92
quat0,0.92195,-0.13255,-0.36391,-0.00090,1167.94
quat1,0.43699,0.06565,-0.42112,-0.79208,1167.94
quat2,-0.47461,-0.07476,0.53669,0.69362,1167.94
quat3,0.57342,-0.65582,0.17260,0.45968,1167.94
quat4,0.69913,-0.50579,0.07950,0.49908,1167.94
quat5,0.00000,0.38268,0.00000,-0.92388,1167.94
quat6,0.00000,0.38268,0.00000,-0.92388,1167.94
quat7,0.00000,0.38268,0.00000,-0.92388,1167.94
quat8,0.00000,0.38268,0.00000,-0.92388,1167.94
quat0,0.92166,-0.13461,-0.36389,-0.00086,1167.96
quat1,0.42784,0.07769,-0.42133,-0.79586,1167.96
quat2,-0.46393,-0.09302,0.53386,0.70079,1167.96
quat3,0.56746,-0.65215,0.17541,0.47109,1167.96
quat4,0.68874,-0.49311,0.07262,0.52651,1167.96
quat5,0.00000,0.38268,0.00000,-0.92388,1167.96
quat6,0.00000,0.38268,0.00000,-0.92388,1167.96
quat7,0.00000,0.38268,0.00000,-0.92388,1167.96
quat8,0.00000,0.38268,0.00000,-0.92388,1167.96
quat0,0.92213,-0.13516,-0.36251,0.00041,1167.98
quat1,0.41658,0.08871,-0.42003,-0.80136,1167.98
quat2,-0.45050,-0.10915,0.53144,0.70902,1167.98
quat3,0.56002,-0.65025,0.17839,0.48137,1167.98
quat4,0.67728,-0.48052,0.06467,0.55337,1167.98
quat5,0.00000,0.38268,0.00000,-0.92388,1167.98
quat6,0.00000,0.38268,0.00000,-0.92388,1167.98
quat7,0.00000,0.38268,0.00000,-0.92388,1167.98
quat8,0.00000,0.38268,0.00000,-0.92388,1167.98
quat0,0.92233,-0.13565,-0.36179,0.00176,1168
quat1,0.40389,0.09702,-0.41721,-0.80833,1168
quat2,-0.43585,-0.12341,0.52864,0.71787,1168
quat3,0.55076,-0.65142,0.18089,0.48949,1168
quat4,0.66447,-0.47016,0.05801,0.57798,1168
quat5,0.00000,0.38268,0.00000,-0.92388,1168
quat6,0.00000,0.38268,0.00000,-0.92388,1168
quat7,0.00000,0.38268,0.00000,-0.92388,1168
quat8,0.00000,0.38268,0.00000,-0.92388,1168
quat0,0.92415,-0.13539,-0.35721,0.00333,1168.02
quat1,0.39157,0.10439,-0.41238,-0.81591,1168.02
quat2,-0.42120,-0.13640,0.52436,0.72735,1168.02
quat3,0.54056,-0.65398,0.18194,0.49699,1168.02
quat4,0.65138,-0.46096,0.05126,0.60050,1168.02
quat5,0.00000,0.38268,0.00000,-0.92388,1168.02
quat6,0.00000,0.38268,0.00000,-0.92388,1168.02
quat7,0.00000,0.38268,0.00000,-0.92388,1168.02
quat8,0.00000,0.38268,0.00000,-0.92388,1168.02
quat0,0.92482,-0.13495,-0.35563,0.00423,1168.04
quat1,0.38024,0.11041,-0.40582,-0.82374,1168.04
quat2,-0.40757,-0.14793,0.51797,0.73737,1168.04
quat3,0.52957,-0.65786,0.18126,0.50390,1168.04
quat4,0.63820,-0.45353,0.04519,0.62046,1168.04
quat5,0.00000,0.38268,0.00000,-0.92388,1168.04
quat6,0.00000,0.38268,0.00000,-0.92388,1168.04
quat7,0.00000,0.38268,0.00000,-0.92388,1168.04
quat8,0.00000,0.38268,0.00000,-0.92388,1168.04
quat0,0.92604,-0.13269,-0.35328,0.00585,1168.06
quat1,0.37018,0.11572,-0.39685,-0.83192,1168.06
quat2,-0.39562,-0.15801,0.50942,0.74767,1168.06
quat3,0.51834,-0.66358,0.17855,0.50903,1168.06
quat4,0.62491,-0.44960,0.04043,0.63695,1168.06
quat5,0.00000,0.38268,0.00000,-0.92388,1168.06
quat6,0.00000,0.38268,0.00000,-0.92388,1168.06
quat7,0.00000,0.38268,0.00000,-0.92388,1168.06
quat8,0.00000,0.38268,0.00000,-0.92388,1168.06
quat0,0.92687,-0.13131,-0.35159,0.00761,1168.08
quat1,0.36164,0.12054,-0.38604,-0.84003,1168.08
quat2,-0.38559,-0.16594,0.49920,0.75801,1168.08
quat3,0.50753,-0.66966,0.17363,0.51364,1168.08
quat4,0.61188,-0.44959,0.03577,0.64977,1168.08
quat5,0.00000,0.38268,0.00000,-0.92388,1168.08
quat6,0.00000,0.38268,0.00000,-0.92388,1168.08
quat7,0.00000,0.38268,0.00000,-0.92388,1168.08
quat8,0.00000,0.38268,0.00000,-0.92388,1168.08
quat0,0.92775,-0.12948,-0.34993,0.00786,1168.1
quat1,0.35372,0.12264,-0.37416,-0.84844,1168.1
quat2,-0.37632,-0.16868,0.48908,0.76859,1168.1
quat3,0.49734,-0.67625,0.16733,0.51705,1168.1
quat4,0.59972,-0.45382,0.03096,0.65836,1168.1
quat5,0.00000,0.38268,0.00000,-0.92388,1168.1
quat6,0.00000,0.38268,0.00000,-0.92388,1168.1
quat7,0.00000,0.38268,0.00000,-0.92388,1168.1
quat8,0.00000,0.38268,0.00000,-0.92388,1168.1
quat0,0.92846,-0.12929,-0.34806,0.00976,1168.12
quat1,0.34682,0.12070,-0.36217,-0.85673,1168.12
quat2,-0.36819,-0.16552,0.47884,0.77958,1168.12
quat3,0.48725,-0.68492,0.16079,0.51733,1168.12
quat4,0.58792,-0.46237,0.02568,0.66325,1168.12
quat5,0.00000,0.38268,0.00000,-0.92388,1168.12
quat6,0.00000,0.38268,0.00000,-0.92388,1168.12
quat7,0.00000,0.38268,0.00000,-0.92388,1168.12
quat8,0.00000,0.38268,0.00000,-0.92388,1168.12
quat0,0.92902,-0.12740,-0.34726,0.01027,1168.14
quat1,0.34012,0.11524,-0.35046,-0.86499,1168.14
quat2,-0.36234,-0.15830,0.46785,0.79042,1168.14
quat3,0.47789,-0.69507,0.15412,0.51453,1168.14
quat4,0.57645,-0.47466,0.01868,0.66487,1168.14
quat5,0.00000,0.38268,0.00000,-0.92388,1168.14
quat6,0.00000,0.38268,0.00000,-0.92388,1168.14
quat7,0.00000,0.38268,0.00000,-0.92388,1168.14
quat8,0.00000,0.38268,0.00000,-0.92388,1168.14
quat0,0.92933,-0.12643,-0.34676,0.01054,1168.16
quat1,0.33532,0.10698,-0.33925,-0.87237,1168.16
quat2,-0.35953,-0.14835,0.45594,0.80053,1168.16
quat3,0.46950,-0.70564,0.14704,0.50992,1168.16
quat4,0.56589,-0.49089,0.01133,0.66231,1168.16
quat5,0.00000,0.38268,0.00000,-0.92388,1168.16
quat6,0.00000,0.38268,0.00000,-0.92388,1168.16
quat7,0.00000,0.38268,0.00000,-0.92388,1168.16
quat8,0.00000,0.38268,0.00000,-0.92388,1168.16
quat0,0.92967,-0.12477,-0.34644,0.01103,1168.18
quat1,0.33227,0.09627,-0.32822,-0.87898,1168.18
quat2,-0.35890,-0.13554,0.44422,0.80962,1168.18
quat3,0.46294,-0.71657,0.14001,0.50261,1168.18
quat4,0.55666,-0.50903,0.00265,0.65651,1168.18
quat5,0.00000,0.38268,0.00000,-0.92388,1168.18
quat6,0.00000,0.38268,0.00000,-0.92388,1168.18
quat7,0.00000,0.38268,0.00000,-0.92388,1168.18
quat8,0.00000,0.38268,0.00000,-0.92388,1168.18
quat0,0.93013,-0.12423,-0.34538,0.01185,1168.2
quat1,0.33015,0.08421,-0.31779,-0.88483,1168.2
quat2,-0.35987,-0.11960,0.43326,0.81760,1168.2
quat3,0.45829,-0.72670,0.13255,0.49427,1168.2
quat4,0.54871,-0.52648,-0.00897,0.64935,1168.2
quat5,0.00000,0.38268,0.00000,-0.92388,1168.2
quat6,0.00000,0.38268,0.00000,-0.92388,1168.2
quat7,0.00000,0.38268,0.00000,-0.92388,1168.2
quat8,0.00000,0.38268,0.00000,-0.92388,1168.2
quat0,0.93043,-0.12191,-0.34541,0.01186,1168.22
quat1,0.32908,0.07045,-0.30856,-0.88968,1168.22
quat2,-0.36234,-0.10086,0.42329,0.82424,1168.22
quat3,0.45636,-0.73491,0.12407,0.48606,1168.22
quat4,0.54212,-0.54269,-0.02332,0.64112,1168.22
quat5,0.00000,0.38268,0.00000,-0.92388,1168.22
quat6,0.00000,0.38268,0.00000,-0.92388,1168.22
quat7,0.00000,0.38268,0.00000,-0.92388,1168.22
quat8,0.00000,0.38268,0.00000,-0.92388,1168.22
quat0,0.93021,-0.12198,-0.34598,0.01083,1168.24
quat1,0.32972,0.05588,-0.30049,-0.89323,1168.24
quat2,-0.36652,-0.08107,0.41412,0.82921,1168.24
quat3,0.45731,-0.74119,0.11515,0.47775,1168.24
quat4,0.53704,-0.55690,-0.04085,0.63228,1168.24
quat5,0.00000,0.38268,0.00000,-0.92388,1168.24
quat6,0.00000,0.38268,0.00000,-0.92388,1168.24
quat7,0.00000,0.38268,0.00000,-0.92388,1168.24
quat8,0.00000,0.38268,0.00000,-0.92388,1168.24
quat0,0.93035,-0.12108,-0.34597,0.01002,1168.26
quat1,0.33219,0.04118,-0.29350,-0.89544,1168.26
quat2,-0.37253,-0.06055,0.40623,0.83219,1168.26
quat3,0.45978,-0.74543,0.10571,0.47091,1168.26
quat4,0.53330,-0.56997,-0.05922,0.62227,1168.26
quat5,0.00000,0.38268,0.00000,-0.92388,1168.26
quat6,0.00000,0.38268,0.00000,-0.92388,1168.26
quat7,0.00000,0.38268,0.00000,-0.92388,1168.26
quat8,0.00000,0.38268,0.00000,-0.92388,1168.26
quat0,0.93008,-0.11913,-0.34737,0.01009,1168.28
quat1,0.33634,0.02720,-0.28709,-0.89650,1168.28
quat2,-0.37991,-0.03941,0.40005,0.83311,1168.28
quat3,0.46288,-0.74926,0.09686,0.46365,1168.28
quat4,0.53151,-0.58344,-0.07552,0.60942,1168.28
quat5,0.00000,0.38268,0.00000,-0.92388,1168.28
quat6,0.00000,0.38268,0.00000,-0.92388,1168.28
quat7,0.00000,0.38268,0.00000,-0.92388,1168.28
quat8,0.00000,0.38268,0.00000,-0.92388,1168.28
quat0,0.92966,-0.11757,-0.34901,0.00974,1168.3
quat1,0.34145,0.01351,-0.28208,-0.89647,1168.3
quat2,-0.38806,-0.01791,0.39541,0.83231,1168.3
quat3,0.46647,-0.75316,0.09005,0.45503,1168.3
quat4,0.53244,-0.59641,-0.08804,0.59418,1168.3
quat5,0.00000,0.38268,0.00000,-0.92388,1168.3
quat6,0.00000,0.38268,0.00000,-0.92388,1168.3
quat7,0.00000,0.38268,0.00000,-0.92388,1168.3
quat8,0.00000,0.38268,0.00000,-0.92388,1168.3
quat0,0.92919,-0.11736,-0.35032,0.01004,1168.32
quat1,0.34842,0.00222,-0.27804,-0.89515,1168.32
quat2,-0.39702,0.00264,0.39199,0.82989,1168.32
quat3,0.47078,-0.75695,0.08486,0.44519,1168.32
quat4,0.53635,-0.60710,-0.09741,0.57817,1168.32
quat5,0.00000,0.38268,0.00000,-0.92388,1168.32
quat6,0.00000,0.38268,0.00000,-0.92388,1168.32
quat7,0.00000,0.38268,0.00000,-0.92388,1168.32
quat8,0.00000,0.38268,0.00000,-0.92388,1168.32
quat0,0.92877,-0.11791,-0.35131,0.00846,1168.34
quat1,0.35627,-0.00750,-0.27540,-0.89284,1168.34
quat2,-0.40700,0.02089,0.38980,0.82582,1168.34
quat3,0.47567,-0.75994,0.08108,0.43549,1168.34
quat4,0.54317,-0.61571,-0.10256,0.56156,1168.34
quat5,0.00000,0.38268,0.00000,-0.92388,1168.34
quat6,0.00000,0.38268,0.00000,-0.92388,1168.34
quat7,0.00000,0.38268,0.00000,-0.92388,1168.34
quat8,0.00000,0.38268,0.00000,-0.92388,1168.34
quat0,0.92873,-0.11664,-0.35184,0.00821,1168.36
quat1,0.36617,-0.01445,-0.27470,-0.88896,1168.36
quat2,-0.41745,0.03662,0.38858,0.82061,1168.36
quat3,0.48084,-0.76125,0.07923,0.42780,1168.36
quat4,0.55231,-0.62251,-0.10410,0.54461,1168.36
quat5,0.00000,0.38268,0.00000,-0.92388,1168.36
quat6,0.00000,0.38268,0.00000,-0.92388,1168.36
quat7,0.00000,0.38268,0.00000,-0.92388,1168.36
quat8,0.00000,0.38268,0.00000,-0.92388,1168.36
quat0,0.92817,-0.11782,-0.35294,0.00733,1168.38
quat1,0.37642,-0.01997,-0.27668,-0.88394,1168.38
quat2,-0.42811,0.04978,0.38923,0.81409,1168.38
quat3,0.48788,-0.75954,0.07870,0.42295,1168.38
quat4,0.56328,-0.62762,-0.10274,0.52749,1168.38
quat5,0.00000,0.38268,0.00000,-0.92388,1168.38
quat6,0.00000,0.38268,0.00000,-0.92388,1168.38
quat7,0.00000,0.38268,0.00000,-0.92388,1168.38
quat8,0.00000,0.38268,0.00000,-0.92388,1168.38
quat0,0.92785,-0.11907,-0.35340,0.00518,1168.4
quat1,0.38594,-0.02584,-0.28094,-0.87832,1168.4
quat2,-0.43832,0.06154,0.39354,0.80574,1168.4
quat3,0.49680,-0.75623,0.07965,0.41830,1168.4
quat4,0.57566,-0.63124,-0.09867,0.51031,1168.4
quat5,0.00000,0.38268,0.00000,-0.92388,1168.4
quat6,0.00000,0.38268,0.00000,-0.92388,1168.4
quat7,0.00000,0.38268,0.00000,-0.92388,1168.4
quat8,0.00000,0.38268,0.00000,-0.92388,1168.4
quat0,0.92749,-0.12179,-0.35343,0.00373,1168.42
quat1,0.39398,-0.03035,-0.28718,-0.87258,1168.42
quat2,-0.44712,0.07109,0.40156,0.79610,1168.42
quat3,0.50645,-0.75151,0.08210,0.41473,1168.42
quat4,0.58939,-0.63252,-0.09265,0.49391,1168.42
quat5,0.00000,0.38268,0.00000,-0.92388,1168.42
quat6,0.00000,0.38268,0.00000,-0.92388,1168.42
quat7,0.00000,0.38268,0.00000,-0.92388,1168.42
quat8,0.00000,0.38268,0.00000,-0.92388,1168.42
quat0,0.92778,-0.12345,-0.35211,0.00274,1168.44
quat1,0.40249,-0.03438,-0.29542,-0.86576,1168.44
quat2,-0.45480,0.07686,0.41218,0.78572,1168.44
quat3,0.51568,-0.74633,0.08632,0.41185,1168.44
quat4,0.60364,-0.63079,-0.08551,0.48001,1168.44
quat5,0.00000,0.38268,0.00000,-0.92388,1168.44
quat6,0.00000,0.38268,0.00000,-0.92388,1168.44
quat7,0.00000,0.38268,0.00000,-0.92388,1168.44
quat8,0.00000,0.38268,0.00000,-0.92388,1168.44
quat0,0.92734,-0.12646,-0.35221,-0.00068,1168.46
quat1,0.41007,-0.03663,-0.30451,-0.85894,1168.46
quat2,-0.46191,0.07884,0.42466,0.77465,1168.46
quat3,0.52407,-0.74088,0.09280,0.40969,1168.46
quat4,0.61821,-0.62665,-0.07732,0.46813,1168.46
quat5,0.00000,0.38268,0.00000,-0.92388,1168.46
quat6,0.00000,0.38268,0.00000,-0.92388,1168.46
quat7,0.00000,0.38268,0.00000,-0.92388,1168.46
quat8,0.00000,0.38268,0.00000,-0.92388,1168.46
quat0,0.92716,-0.12930,-0.35163,-0.00394,1168.48
quat1,0.41780,-0.03595,-0.31390,-0.85183,1168.48
quat2,-0.46786,0.07804,0.43869,0.76326,1168.48
quat3,0.53228,-0.73518,0.10084,0.40746,1168.48
quat4,0.63254,-0.62123,-0.06687,0.45771,1168.48
quat5,0.00000,0.38268,0.00000,-0.92388,1168.48
quat6,0.00000,0.38268,0.00000,-0.92388,1168.48
quat7,0.00000,0.38268,0.00000,-0.92388,1168.48
quat8,0.00000,0.38268,0.00000,-0.92388,1168.48
quat0,0.92710,-0.13362,-0.35014,-0.00569,1168.5
quat1,0.42410,-0.03474,-0.32423,-0.84487,1168.5
quat2,-0.47264,0.07538,0.45332,0.75196,1168.5
quat3,0.53998,-0.72873,0.10965,0.40664,1168.5
quat4,0.64657,-0.61490,-0.05386,0.44827,1168.5
quat5,0.00000,0.38268,0.00000,-0.92388,1168.5
quat6,0.00000,0.38268,0.00000,-0.92388,1168.5
quat7,0.00000,0.38268,0.00000,-0.92388,1168.5
quat8,0.00000,0.38268,0.00000,-0.92388,1168.5
quat0,0.92739,-0.13537,-0.34865,-0.00763,1168.52
quat1,0.42809,-0.03334,-0.33585,-0.83835,1168.52
quat2,-0.47656,0.07058,0.46789,0.74094,1168.52
quat3,0.54677,-0.72196,0.11881,0.40707,1168.52
quat4,0.65955,-0.60655,-0.04057,0.44210,1168.52
quat5,0.00000,0.38268,0.00000,-0.92388,1168.52
quat6,0.00000,0.38268,0.00000,-0.92388,1168.52
quat7,0.00000,0.38268,0.00000,-0.92388,1168.52
quat8,0.00000,0.38268,0.00000,-0.92388,1168.52
quat0,0.92750,-0.14012,-0.34642,-0.01027,1168.54
quat1,0.43078,-0.03127,-0.34812,-0.83202,1168.54
quat2,-0.47888,0.06476,0.48254,0.73050,1168.54
quat3,0.55263,-0.71490,0.12834,0.40870,1168.54
quat4,0.67093,-0.59640,-0.02778,0.43975,1168.54
quat5,0.00000,0.38268,0.00000,-0.92388,1168.54
quat6,0.00000,0.38268,0.00000,-0.92388,1168.54
quat7,0.00000,0.38268,0.00000,-0.92388,1168.54
quat8,0.00000,0.38268,0.00000,-0.92388,1168.54
quat0,0.92799,-0.14117,-0.34462,-0.01176,1168.56
quat1,0.43155,-0.02847,-0.36001,-0.82665,1168.56
quat2,-0.47930,0.05831,0.49715,0.72091,1168.56
quat3,0.55746,-0.70789,0.13793,0.41123,1168.56
quat4,0.68085,-0.58576,-0.01498,0.43943,1168.56
quat5,0.00000,0.38268,0.00000,-0.92388,1168.56
quat6,0.00000,0.38268,0.00000,-0.92388,1168.56
quat7,0.00000,0.38268,0.00000,-0.92388,1168.56
quat8,0.00000,0.38268,0.00000,-0.92388,1168.56
quat0,0.92763,-0.14488,-0.34400,-0.01316,1168.58
quat1,0.43190,-0.02414,-0.37056,-0.82193,1168.58
quat2,-0.47803,0.05013,0.51093,0.71268,1168.58
quat3,0.56107,-0.70147,0.14798,0.41381,1168.58
quat4,0.68936,-0.57463,-0.00182,0.44111,1168.58
quat5,0.00000,0.38268,0.00000,-0.92388,1168.58
quat6,0.00000,0.38268,0.00000,-0.92388,1168.58
quat7,0.00000,0.38268,0.00000,-0.92388,1168.58
quat8,0.00000,0.38268,0.00000,-0.92388,1168.58
quat0,0.92804,-0.14513,-0.34280,-0.01264,1168.6
quat1,0.43183,-0.01806,-0.37961,-0.81798,1168.6
quat2,-0.47579,0.04018,0.52282,0.70617,1168.6
quat3,0.56354,-0.69524,0.15714,0.41757,1168.6
quat4,0.69604,-0.56354,0.01239,0.44474,1168.6
quat5,0.00000,0.38268,0.00000,-0.92388,1168.6
quat6,0.00000,0.38268,0.00000,-0.92388,1168.6
quat7,0.00000,0.38268,0.00000,-0.92388,1168.6
quat8,0.00000,0.38268,0.00000,-0.92388,1168.6
quat0,0.92838,-0.14698,-0.34109,-0.01272,1168.62
quat1,0.43171,-0.01018,-0.38708,-0.81467,1168.62
quat2,-0.47308,0.02806,0.53165,0.70197,1168.62
quat3,0.56478,-0.68958,0.16487,0.42228,1168.62
quat4,0.70090,-0.55235,0.02677,0.45049,1168.62
quat5,0.00000,0.38268,0.00000,-0.92388,1168.62
quat6,0.00000,0.38268,0.00000,-0.92388,1168.62
quat7,0.00000,0.38268,0.00000,-0.92388,1168.62
quat8,0.00000,0.38268,0.00000,-0.92388,1168.62
quat0,0.92811,-0.14866,-0.34106,-0.01375,1168.64
quat1,0.43202,-0.00216,-0.39408,-0.81120,1168.64
quat2,-0.47019,0.01379,0.53644,0.70069,1168.64
quat3,0.56498,-0.68436,0.17099,0.42803,1168.64
quat4,0.70418,-0.54089,0.04115,0.45813,1168.64
quat5,0.00000,0.38268,0.00000,-0.92388,1168.64
quat6,0.00000,0.38268,0.00000,-0.92388,1168.64
quat7,0.00000,0.38268,0.00000,-0.92388,1168.64
quat8,0.00000,0.38268,0.00000,-0.92388,1168.64
quat0,0.92814,-0.15033,-0.34025,-0.01371,1168.66
quat1,0.43092,0.00663,-0.39991,-0.80891,1168.66
quat2,-0.46735,-0.00314,0.53660,0.70259,1168.66
quat3,0.56452,-0.67972,0.17618,0.43389,1168.66
quat4,0.70580,-0.52965,0.05568,0.46714,1168.66
quat5,0.00000,0.38268,0.00000,-0.92388,1168.66
quat6,0.00000,0.38268,0.00000,-0.92388,1168.66
quat7,0.00000,0.38268,0.00000,-0.92388,1168.66
quat8,0.00000,0.38268,0.00000,-0.92388,1168.66
quat0,0.92853,-0.15015,-0.33929,-0.01317,1168.68
quat1,0.43031,0.01888,-0.40288,-0.80757,1168.68
quat2,-0.46534,-0.02349,0.53236,0.70676,1168.68
quat3,0.56324,-0.67623,0.18119,0.43891,1168.68
quat4,0.70531,-0.51927,0.07047,0.47743,1168.68
quat5,0.00000,0.38268,0.00000,-0.92388,1168.68
quat6,0.00000,0.38268,0.00000,-0.92388,1168.68
quat7,0.00000,0.38268,0.00000,-0.92388,1168.68
quat8,0.00000,0.38268,0.00000,-0.92388,1168.68
quat0,0.92741,-0.15210,-0.34146,-0.01324,1168.7
quat1,0.42959,0.03304,-0.40334,-0.80726,1168.7
quat2,-0.46306,-0.04581,0.52541,0.71234,1168.7
quat3,0.55980,-0.67341,0.18619,0.44551,1168.7
quat4,0.70308,-0.50928,0.08442,0.48907,1168.7
quat5,0.00000,0.38268,0.00000,-0.92388,1168.7
quat6,0.00000,0.38268,0.00000,-0.92388,1168.7
quat7,0.00000,0.38268,0.00000,-0.92388,1168.7
quat8,0.00000,0.38268,0.00000,-0.92388,1168.7
quat0,0.92666,-0.15112,-0.34397,-0.01213,1168.72
quat1,0.42551,0.04643,-0.40318,-0.80885,1168.72
quat2,-0.45847,-0.06648,0.51849,0.71872,1168.72
quat3,0.55590,-0.67053,0.18913,0.45343,1168.72
quat4,0.69916,-0.50013,0.09758,0.50153,1168.72
quat5,0.00000,0.38268,0.00000,-0.92388,1168.72
quat6,0.00000,0.38268,0.00000,-0.92388,1168.72
quat7,0.00000,0.38268,0.00000,-0.92388,1168.72
quat8,0.00000,0.38268,0.00000,-0.92388,1168.72
quat0,0.92525,-0.15213,-0.34729,-0.01239,1168.74
quat1,0.41882,0.05813,-0.40261,-0.81186,1168.74
quat2,-0.45024,-0.08307,0.51365,0.72564,1168.74
quat3,0.55259,-0.66727,0.19042,0.46167,1168.74
quat4,0.69291,-0.49235,0.10911,0.51533,1168.74
quat5,0.00000,0.38268,0.00000,-0.92388,1168.74
quat6,0.00000,0.38268,0.00000,-0.92388,1168.74
quat7,0.00000,0.38268,0.00000,-0.92388,1168.74
quat8,0.00000,0.38268,0.00000,-0.92388,1168.74
quat0,0.92464,-0.15222,-0.34887,-0.01295,1168.76
quat1,0.41035,0.06841,-0.40098,-0.81618,1168.76
quat2,-0.43936,-0.09667,0.51035,0.73291,1168.76
quat3,0.54746,-0.66427,0.19176,0.47145,1168.76
quat4,0.68438,-0.48635,0.11766,0.53033,1168.76
quat5,0.00000,0.38268,0.00000,-0.92388,1168.76
quat6,0.00000,0.38268,0.00000,-0.92388,1168.76
quat7,0.00000,0.38268,0.00000,-0.92388,1168.76
quat8,0.00000,0.38268,0.00000,-0.92388,1168.76
quat0,0.92447,-0.15304,-0.34893,-0.01331,1168.78
quat1,0.39983,0.07645,-0.39777,-0.82224,1168.78
quat2,-0.42663,-0.10846,0.50707,0.74101,1168.78
quat3,0.54082,-0.66162,0.19279,0.48229,1168.78
quat4,0.67454,-0.48078,0.12124,0.54694,1168.78
quat5,0.00000,0.38268,0.00000,-0.92388,1168.78
quat6,0.00000,0.38268,0.00000,-0.92388,1168.78
quat7,0.00000,0.38268,0.00000,-0.92388,1168.78
quat8,0.00000,0.38268,0.00000,-0.92388,1168.78
quat0,0.92489,-0.15031,-0.34905,-0.01201,1168.8
quat1,0.38844,0.08477,-0.39264,-0.82932,1168.8
quat2,-0.41260,-0.11854,0.50314,0.75004,1168.8
quat3,0.53296,-0.66127,0.19377,0.49105,1168.8
quat4,0.66318,-0.47614,0.12075,0.56472,1168.8
quat5,0.00000,0.38268,0.00000,-0.92388,1168.8
quat6,0.00000,0.38268,0.00000,-0.92388,1168.8
quat7,0.00000,0.38268,0.00000,-0.92388,1168.8
quat8,0.00000,0.38268,0.00000,-0.92388,1168.8
quat0,0.92423,-0.15092,-0.35055,-0.01150,1168.82
quat1,0.37785,0.09218,-0.38545,-0.83676,1168.82
quat2,-0.39836,-0.12743,0.49779,0.75979,1168.82
quat3,0.52327,-0.66312,0.19513,0.49838,1168.82
quat4,0.65074,-0.47178,0.11657,0.58341,1168.82
quat5,0.00000,0.38268,0.00000,-0.92388,1168.82
quat6,0.00000,0.38268,0.00000,-0.92388,1168.82
quat7,0.00000,0.38268,0.00000,-0.92388,1168.82
quat8,0.00000,0.38268,0.00000,-0.92388,1168.82
quat0,0.92424,-0.14880,-0.35145,-0.01099,1168.84
quat1,0.36814,0.09860,-0.37620,-0.84453,1168.84
quat2,-0.38547,-0.13541,0.49058,0.76968,1168.84
quat3,0.51340,-0.66484,0.19381,0.50680,1168.84
quat4,0.63727,-0.46784,0.10922,0.60256,1168.84
quat5,0.00000,0.38268,0.00000,-0.92388,1168.84
quat6,0.00000,0.38268,0.00000,-0.92388,1168.84
quat7,0.00000,0.38268,0.00000,-0.92388,1168.84
quat8,0.00000,0.38268,0.00000,-0.92388,1168.84
quat0,0.92485,-0.14696,-0.35065,-0.01048,1168.86
quat1,0.35842,0.10407,-0.36574,-0.85261,1168.86
quat2,-0.37338,-0.14075,0.48220,0.77991,1168.86
quat3,0.50333,-0.66698,0.18962,0.51559,1168.86
quat4,0.62351,-0.46473,0.10012,0.62067,1168.86
quat5,0.00000,0.38268,0.00000,-0.92388,1168.86
quat6,0.00000,0.38268,0.00000,-0.92388,1168.86
quat7,0.00000,0.38268,0.00000,-0.92388,1168.86
quat8,0.00000,0.38268,0.00000,-0.92388,1168.86
quat0,0.92636,-0.14188,-0.34876,-0.00973,1168.88
quat1,0.34920,0.10574,-0.35493,-0.86076,1168.88
quat2,-0.36201,-0.14300,0.47255,0.79069,1168.88
quat3,0.49353,-0.67048,0.18335,0.52275,1168.88
quat4,0.60945,-0.46397,0.09057,0.63647,1168.88
quat5,0.00000,0.38268,0.00000,-0.92388,1168.88
quat6,0.00000,0.38268,0.00000,-0.92388,1168.88
quat7,0.00000,0.38268,0.00000,-0.92388,1168.88
quat8,0.00000,0.38268,0.00000,-0.92388,1168.88
quat0,0.92710,-0.13860,-0.34812,-0.00964,1168.9
quat1,0.34071,0.10450,-0.34330,-0.86899,1168.9
quat2,-0.35206,-0.14271,0.46180,0.80151,1168.9
quat3,0.48392,-0.67547,0.17539,0.52802,1168.9
quat4,0.59552,-0.46547,0.08006,0.64984,1168.9
quat5,0.00000,0.38268,0.00000,-0.92388,1168.9
quat6,0.00000,0.38268,0.00000,-0.92388,1168.9
quat7,0.00000,0.38268,0.00000,-0.92388,1168.9
quat8,0.00000,0.38268,0.00000,-0.92388,1168.9
quat0,0.92844,-0.13524,-0.34588,-0.00858,1168.92
quat1,0.33404,0.10235,-0.33039,-0.87680,1168.92
quat2,-0.34415,-0.14021,0.44995,0.81206,1168.92
quat3,0.47537,-0.68113,0.16503,0.53183,1168.92
quat4,0.58186,-0.46969,0.06878,0.66038,1168.92
quat5,0.00000,0.38268,0.00000,-0.92388,1168.92
quat6,0.00000,0.38268,0.00000,-0.92388,1168.92
quat7,0.00000,0.38268,0.00000,-0.92388,1168.92
quat8,0.00000,0.38268,0.00000,-0.92388,1168.92
quat0,0.92962,-0.13108,-0.34433,-0.00802,1168.94
quat1,0.32871,0.09884,-0.31665,-0.88426,1168.94
quat2,-0.33803,-0.13413,0.43794,0.82216,1168.94
quat3,0.46628,-0.68912,0.15431,0.53280,1168.94
quat4,0.56898,-0.47878,0.05806,0.66608,1168.94
quat5,0.00000,0.38268,0.00000,-0.92388,1168.94
quat6,0.00000,0.38268,0.00000,-0.92388,1168.94
quat7,0.00000,0.38268,0.00000,-0.92388,1168.94
quat8,0.00000,0.38268,0.00000,-0.92388,1168.94
quat0,0.93067,-0.12758,-0.34281,-0.00706,1168.96
quat1,0.32422,0.09150,-0.30330,-0.89136,1168.96
quat2,-0.33412,-0.12481,0.42533,0.83179,1168.96
quat3,0.45730,-0.69976,0.14451,0.52947,1168.96
quat4,0.55637,-0.49234,0.04729,0.66769,1168.96
quat5,0.00000,0.38268,0.00000,-0.92388,1168.96
quat6,0.00000,0.38268,0.00000,-0.92388,1168.96
quat7,0.00000,0.38268,0.00000,-0.92388,1168.96
quat8,0.00000,0.38268,0.00000,-0.92388,1168.96
quat0,0.93132,-0.12617,-0.34161,-0.00605,1168.98
quat1,0.32052,0.08155,-0.29085,-0.89779,1168.98
quat2,-0.33293,-0.11275,0.41217,0.84057,1168.98
quat3,0.44887,-0.71199,0.13535,0.52275,1168.98
quat4,0.54436,-0.50864,0.03472,0.66615,1168.98
quat5,0.00000,0.38268,0.00000,-0.92388,1168.98
quat6,0.00000,0.38268,0.00000,-0.92388,1168.98
quat7,0.00000,0.38268,0.00000,-0.92388,1168.98
quat8,0.00000,0.38268,0.00000,-0.92388,1168.98
quat0,0.93231,-0.12320,-0.33997,-0.00585,1169
quat1,0.31820,0.06989,-0.27943,-0.90321,1169
quat2,-0.33443,-0.09805,0.39935,0.84798,1169
quat3,0.44167,-0.72421,0.12643,0.51426,1169
quat4,0.53338,-0.52685,0.01979,0.66148,1169
quat5,0.00000,0.38268,0.00000,-0.92388,1169
quat6,0.00000,0.38268,0.00000,-0.92388,1169
quat7,0.00000,0.38268,0.00000,-0.92388,1169
quat8,0.00000,0.38268,0.00000,-0.92388,1169
quat0,0.93337,-0.12161,-0.33762,-0.00581,1169.02
quat1,0.31793,0.05707,-0.26920,-0.90730,1169.02
quat2,-0.33795,-0.08019,0.38790,0.85375,1169.02
quat3,0.43548,-0.73558,0.11901,0.50508,1169.02
quat4,0.52387,-0.54652,0.00334,0.65335,1169.02
quat5,0.00000,0.38268,0.00000,-0.92388,1169.02
quat6,0.00000,0.38268,0.00000,-0.92388,1169.02
quat7,0.00000,0.38268,0.00000,-0.92388,1169.02
quat8,0.00000,0.38268,0.00000,-0.92388,1169.02
quat0,0.93415,-0.11843,-0.33659,-0.00600,1169.04
quat1,0.31890,0.04292,-0.26009,-0.91039,1169.04
quat2,-0.34358,-0.06065,0.37781,0.85763,1169.04
quat3,0.43115,-0.74621,0.11304,0.49446,1169.04
quat4,0.51542,-0.56735,-0.01433,0.64206,1169.04
quat5,0.00000,0.38268,0.00000,-0.92388,1169.04
quat6,0.00000,0.38268,0.00000,-0.92388,1169.04
quat7,0.00000,0.38268,0.00000,-0.92388,1169.04
quat8,0.00000,0.38268,0.00000,-0.92388,1169.04
quat0,0.93500,-0.11510,-0.33541,-0.00452,1169.06
quat1,0.32167,0.02833,-0.25293,-0.91201,1169.06
quat2,-0.35156,-0.04162,0.36863,0.85952,1169.06
quat3,0.42889,-0.75528,0.10854,0.48356,1169.06
quat4,0.50907,-0.58910,-0.03179,0.62674,1169.06
quat5,0.00000,0.38268,0.00000,-0.92388,1169.06
quat6,0.00000,0.38268,0.00000,-0.92388,1169.06
quat7,0.00000,0.38268,0.00000,-0.92388,1169.06
quat8,0.00000,0.38268,0.00000,-0.92388,1169.06
quat0,0.93614,-0.11355,-0.33276,-0.00475,1169.08
quat1,0.32667,0.01489,-0.24729,-0.91209,1169.08
quat2,-0.36147,-0.02377,0.36109,0.85930,1169.08
quat3,0.42842,-0.76306,0.10527,0.47235,1169.08
quat4,0.50566,-0.61056,-0.04754,0.60767,1169.08
quat5,0.00000,0.38268,0.00000,-0.92388,1169.08
quat6,0.00000,0.38268,0.00000,-0.92388,1169.08
quat7,0.00000,0.38268,0.00000,-0.92388,1169.08
quat8,0.00000,0.38268,0.00000,-0.92388,1169.08
quat0,0.93683,-0.11117,-0.33163,-0.00417,1169.1
quat1,0.33435,0.00362,-0.24304,-0.91057,1169.1
quat2,-0.37222,-0.00620,0.35604,0.85712,1169.1
quat3,0.42991,-0.77027,0.10299,0.45963,1169.1
quat4,0.50555,-0.62814,-0.06033,0.58841,1169.1
quat5,0.00000,0.38268,0.00000,-0.92388,1169.1
quat6,0.00000,0.38268,0.00000,-0.92388,1169.1
quat7,0.00000,0.38268,0.00000,-0.92388,1169.1
quat8,0.00000,0.38268,0.00000,-0.92388,1169.1
quat0,0.93730,-0.10632,-0.33190,-0.00374,1169.12
quat1,0.34494,-0.00653,-0.23999,-0.90740,1169.12
quat2,-0.38444,0.00886,0.35314,0.85289,1169.12
quat3,0.43303,-0.77652,0.09991,0.44668,1169.12
quat4,0.50980,-0.63888,-0.06970,0.57190,1169.12
quat5,0.00000,0.38268,0.00000,-0.92388,1169.12
quat6,0.00000,0.38268,0.00000,-0.92388,1169.12
quat7,0.00000,0.38268,0.00000,-0.92388,1169.12
quat8,0.00000,0.38268,0.00000,-0.92388,1169.12
quat0,0.93719,-0.10420,-0.33288,-0.00432,1169.14
quat1,0.35790,-0.01259,-0.23777,-0.90289,1169.14
quat2,-0.39761,0.02154,0.35192,0.84711,1169.14
quat3,0.43897,-0.77955,0.09516,0.43653,1169.14
quat4,0.51763,-0.64293,-0.07717,0.55924,1169.14
quat5,0.00000,0.38268,0.00000,-0.92388,1169.14
quat6,0.00000,0.38268,0.00000,-0.92388,1169.14
quat7,0.00000,0.38268,0.00000,-0.92388,1169.14
quat8,0.00000,0.38268,0.00000,-0.92388,1169.14
quat0,0.93643,-0.10230,-0.33560,-0.00385,1169.16
quat1,0.37153,-0.01596,-0.23716,-0.89748,1169.16
quat2,-0.41164,0.03122,0.35197,0.84006,1169.16
quat3,0.44894,-0.77701,0.08968,0.43206,1169.16
quat4,0.52724,-0.64262,-0.08375,0.54958,1169.16
quat5,0.00000,0.38268,0.00000,-0.92388,1169.16
quat6,0.00000,0.38268,0.00000,-0.92388,1169.16
quat7,0.00000,0.38268,0.00000,-0.92388,1169.16
quat8,0.00000,0.38268,0.00000,-0.92388,1169.16
quat0,0.93496,-0.10456,-0.33897,-0.00444,1169.18
quat1,0.38500,-0.01886,-0.23854,-0.89135,1169.18
quat2,-0.42590,0.04018,0.35453,0.83144,1169.18
quat3,0.46241,-0.76945,0.08498,0.43232,1169.18
quat4,0.53861,-0.64010,-0.08866,0.54066,1169.18
quat5,0.00000,0.38268,0.00000,-0.92388,1169.18
quat6,0.00000,0.38268,0.00000,-0.92388,1169.18
quat7,0.00000,0.38268,0.00000,-0.92388,1169.18
quat8,0.00000,0.38268,0.00000,-0.92388,1169.18
quat0,0.93387,-0.10641,-0.34137,-0.00560,1169.2
quat1,0.39718,-0.02356,-0.24354,-0.88452,1169.2
quat2,-0.43954,0.04941,0.36030,0.82131,1169.2
quat3,0.47690,-0.76071,0.08272,0.43249,1169.2
quat4,0.55202,-0.63655,-0.09015,0.53099,1169.2
quat5,0.00000,0.38268,0.00000,-0.92388,1169.2
quat6,0.00000,0.38268,0.00000,-0.92388,1169.2
quat7,0.00000,0.38268,0.00000,-0.92388,1169.2
quat8,0.00000,0.38268,0.00000,-0.92388,1169.2
quat0,0.93302,-0.10781,-0.34324,-0.00597,1169.22
quat1,0.40866,-0.02771,-0.25189,-0.87680,1169.22
quat2,-0.45234,0.05663,0.36861,0.81013,1169.22
quat3,0.49036,-0.75369,0.08405,0.42946,1169.22
quat4,0.56766,-0.63255,-0.08756,0.51959,1169.22
quat5,0.00000,0.38268,0.00000,-0.92388,1169.22
quat6,0.00000,0.38268,0.00000,-0.92388,1169.22
quat7,0.00000,0.38268,0.00000,-0.92388,1169.22
quat8,0.00000,0.38268,0.00000,-0.92388,1169.22
quat0,0.93292,-0.10796,-0.34344,-0.00722,1169.24
quat1,0.41914,-0.03026,-0.26211,-0.86874,1169.24
quat2,-0.46382,0.06216,0.38015,0.79781,1169.24
quat3,0.50123,-0.74881,0.09030,0.42414,1169.24
quat4,0.58440,-0.62763,-0.08215,0.50775,1169.24
quat5,0.00000,0.38268,0.00000,-0.92388,1169.24
quat6,0.00000,0.38268,0.00000,-0.92388,1169.24
quat7,0.00000,0.38268,0.00000,-0.92388,1169.24
quat8,0.00000,0.38268,0.00000,-0.92388,1169.24
quat0,0.93196,-0.11032,-0.34526,-0.00821,1169.26
quat1,0.42881,-0.03121,-0.27377,-0.86035,1169.26
quat2,-0.47356,0.06454,0.39396,0.78510,1169.26
quat3,0.51105,-0.74440,0.09930,0.41813,1169.26
quat4,0.60156,-0.62147,-0.07420,0.49639,1169.26
quat5,0.00000,0.38268,0.00000,-0.92388,1169.26
quat6,0.00000,0.38268,0.00000,-0.92388,1169.26
quat7,0.00000,0.38268,0.00000,-0.92388,1169.26
quat8,0.00000,0.38268,0.00000,-0.92388,1169.26
quat0,0.93213,-0.11079,-0.34465,-0.00886,1169.28
quat1,0.43771,-0.03065,-0.28645,-0.85171,1169.28
quat2,-0.48231,0.06262,0.40831,0.77249,1169.28
quat3,0.52017,-0.73928,0.10922,0.41347,1169.28
quat4,0.61853,-0.61531,-0.06251,0.48466,1169.28
quat5,0.00000,0.38268,0.00000,-0.92388,1169.28
quat6,0.00000,0.38268,0.00000,-0.92388,1169.28
quat7,0.00000,0.38268,0.00000,-0.92388,1169.28
quat8,0.00000,0.38268,0.00000,-0.92388,1169.28
quat0,0.93199,-0.11207,-0.34460,-0.00931,1169.3
quat1,0.44530,-0.02796,-0.29922,-0.84344,1169.3
quat2,-0.48944,0.05755,0.42300,0.76040,1169.3
quat3,0.52928,-0.73275,0.11786,0.41116,1169.3
quat4,0.63488,-0.60943,-0.04686,0.47257,1169.3
quat5,0.00000,0.38268,0.00000,-0.92388,1169.3
quat6,0.00000,0.38268,0.00000,-0.92388,1169.3
quat7,0.00000,0.38268,0.00000,-0.92388,1169.3
quat8,0.00000,0.38268,0.00000,-0.92388,1169.3
quat0,0.93177,-0.11551,-0.34404,-0.01026,1169.32
quat1,0.45212,-0.02323,-0.31131,-0.83555,1169.32
quat2,-0.49474,0.05032,0.43814,0.74882,1169.32
quat3,0.53726,-0.72490,0.12585,0.41235,1169.32
quat4,0.64964,-0.60361,-0.02803,0.46135,1169.32
quat5,0.00000,0.38268,0.00000,-0.92388,1169.32
quat6,0.00000,0.38268,0.00000,-0.92388,1169.32
quat7,0.00000,0.38268,0.00000,-0.92388,1169.32
quat8,0.00000,0.38268,0.00000,-0.92388,1169.32
quat0,0.93151,-0.11701,-0.34421,-0.01078,1169.34
quat1,0.45637,-0.01880,-0.32365,-0.82863,1169.34
quat2,-0.49816,0.04188,0.45336,0.73793,1169.34
quat3,0.54479,-0.71575,0.13354,0.41602,1169.34
quat4,0.66215,-0.59735,-0.00787,0.45239,1169.34
quat5,0.00000,0.38268,0.00000,-0.92388,1169.34
quat6,0.00000,0.38268,0.00000,-0.92388,1169.34
quat7,0.00000,0.38268,0.00000,-0.92388,1169.34
quat8,0.00000,0.38268,0.00000,-0.92388,1169.34
quat0,0.93089,-0.11873,-0.34529,-0.01080,1169.36
quat1,0.45834,-0.01378,-0.33573,-0.82281,1169.36
quat2,-0.49875,0.03326,0.46906,0.72810,1169.36
quat3,0.55076,-0.70781,0.14185,0.41899,1169.36
quat4,0.67305,-0.58964,0.01176,0.44631,1169.36
quat5,0.00000,0.38268,0.00000,-0.92388,1169.36
quat6,0.00000,0.38268,0.00000,-0.92388,1169.36
quat7,0.00000,0.38268,0.00000,-0.92388,1169.36
quat8,0.00000,0.38268,0.00000,-0.92388,1169.36
quat0,0.93107,-0.12084,-0.34410,-0.01005,1169.38
quat1,0.45876,-0.00744,-0.34700,-0.81797,1169.38
quat2,-0.49675,0.02487,0.48405,0.71994,1169.38
quat3,0.55457,-0.70099,0.15027,0.42248,1169.38
quat4,0.68195,-0.58054,0.03083,0.44381,1169.38
quat5,0.00000,0.38268,0.00000,-0.92388,1169.38
quat6,0.00000,0.38268,0.00000,-0.92388,1169.38
quat7,0.00000,0.38268,0.00000,-0.92388,1169.38
quat8,0.00000,0.38268,0.00000,-0.92388,1169.38
quat0,0.93126,-0.12274,-0.34295,-0.00927,1169.4
quat1,0.45817,-0.00009,-0.35729,-0.81389,1169.4
quat2,-0.49386,0.01441,0.49638,0.71379,1169.4
quat3,0.55606,-0.69557,0.15875,0.42636,1169.4
quat4,0.68874,-0.57063,0.05016,0.44440,1169.4
quat5,0.00000,0.38268,0.00000,-0.92388,1169.4
quat6,0.00000,0.38268,0.00000,-0.92388,1169.4
quat7,0.00000,0.38268,0.00000,-0.92388,1169.4
quat8,0.00000,0.38268,0.00000,-0.92388,1169.4
quat0,0.93132,-0.12322,-0.34259,-0.00978,1169.42
quat1,0.45685,0.00820,-0.36622,-0.81062,1169.42
quat2,-0.49069,0.00112,0.50520,0.70993,1169.42
quat3,0.55608,-0.69087,0.16623,0.43110,1169.42
quat4,0.69345,-0.56014,0.07013,0.44772,1169.42
quat5,0.00000,0.38268,0.00000,-0.92388,1169.42
quat6,0.00000,0.38268,0.00000,-0.92388,1169.42
quat7,0.00000,0.38268,0.00000,-0.92388,1169.42
quat8,0.00000,0.38268,0.00000,-0.92388,1169.42
quat0,0.93101,-0.12473,-0.34288,-0.00999,1169.44
quat1,0.45511,0.01614,-0.37392,-0.80796,1169.44
quat2,-0.48694,-0.01462,0.51045,0.70860,1169.44
quat3,0.55569,-0.68663,0.17112,0.43642,1169.44
quat4,0.69594,-0.54971,0.09049,0.45309,1169.44
quat5,0.00000,0.38268,0.00000,-0.92388,1169.44
quat6,0.00000,0.38268,0.00000,-0.92388,1169.44
quat7,0.00000,0.38268,0.00000,-0.92388,1169.44
quat8,0.00000,0.38268,0.00000,-0.92388,1169.44
quat0,0.93062,-0.12826,-0.34265,-0.00904,1169.46
quat1,0.45215,0.02550,-0.37949,-0.80678,1169.46
quat2,-0.48226,-0.03228,0.51290,0.70945,1169.46
quat3,0.55594,-0.68185,0.17220,0.44312,1169.46
quat4,0.69639,-0.53952,0.11002,0.46027,1169.46
quat5,0.00000,0.38268,0.00000,-0.92388,1169.46
quat6,0.00000,0.38268,0.00000,-0.92388,1169.46
quat7,0.00000,0.38268,0.00000,-0.92388,1169.46
quat8,0.00000,0.38268,0.00000,-0.92388,1169.46
quat0,0.93002,-0.12859,-0.34417,-0.00914,1169.48
quat1,0.44809,0.03641,-0.38273,-0.80710,1169.48
quat2,-0.47640,-0.05110,0.51273,0.71242,1169.48
quat3,0.55698,-0.67699,0.17164,0.44943,1169.48
quat4,0.69421,-0.53042,0.12701,0.46968,1169.48
quat5,0.00000,0.38268,0.00000,-0.92388,1169.48
quat6,0.00000,0.38268,0.00000,-0.92388,1169.48
quat7,0.00000,0.38268,0.00000,-0.92388,1169.48
quat8,0.00000,0.38268,0.00000,-0.92388,1169.48
quat0,0.92906,-0.13031,-0.34610,-0.00914,1169.5
quat1,0.44312,0.04836,-0.38396,-0.80863,1169.5
quat2,-0.46928,-0.07032,0.51040,0.71716,1169.5
quat3,0.55507,-0.67164,0.17522,0.45836,1169.5
quat4,0.68903,-0.52300,0.13909,0.48204,1169.5
quat5,0.00000,0.38268,0.00000,-0.92388,1169.5
quat6,0.00000,0.38268,0.00000,-0.92388,1169.5
quat7,0.00000,0.38268,0.00000,-0.92388,1169.5
quat8,0.00000,0.38268,0.00000,-0.92388,1169.5
quat0,0.92881,-0.13129,-0.34641,-0.00895,1169.52
quat1,0.43605,0.06140,-0.38388,-0.81162,1169.52
quat2,-0.46026,-0.08852,0.50704,0.72335,1169.52
quat3,0.54980,-0.66608,0.17849,0.47137,1169.52
quat4,0.68192,-0.51693,0.14460,0.49685,1169.52
quat5,0.00000,0.38268,0.00000,-0.92388,1169.52
quat6,0.00000,0.38268,0.00000,-0.92388,1169.52
quat7,0.00000,0.38268,0.00000,-0.92388,1169.52
quat8,0.00000,0.38268,0.00000,-0.92388,1169.52
quat0,0.92728,-0.13228,-0.35012,-0.00884,1169.54
quat1,0.42767,0.07412,-0.38236,-0.81573,1169.54
quat2,-0.44927,-0.10465,0.50382,0.73032,1169.54
quat3,0.54205,-0.66397,0.18322,0.48142,1169.54
quat4,0.67357,-0.51227,0.14696,0.51214,1169.54
quat5,0.00000,0.38268,0.00000,-0.92388,1169.54
quat6,0.00000,0.38268,0.00000,-0.92388,1169.54
quat7,0.00000,0.38268,0.00000,-0.92388,1169.54
quat8,0.00000,0.38268,0.00000,-0.92388,1169.54
quat0,0.92628,-0.13294,-0.35251,-0.00868,1169.56
quat1,0.41761,0.08491,-0.37935,-0.82127,1169.56
quat2,-0.43637,-0.11781,0.50087,0.73812,1169.56
quat3,0.53167,-0.66575,0.18939,0.48810,1169.56
quat4,0.66341,-0.51008,0.14849,0.52692,1169.56
quat5,0.00000,0.38268,0.00000,-0.92388,1169.56
quat6,0.00000,0.38268,0.00000,-0.92388,1169.56
quat7,0.00000,0.38268,0.00000,-0.92388,1169.56
quat8,0.00000,0.38268,0.00000,-0.92388,1169.56
quat0,0.92566,-0.13243,-0.35432,-0.00803,1169.58
quat1,0.40643,0.09444,-0.37500,-0.82781,1169.58
quat2,-0.42249,-0.12834,0.49715,0.74691,1169.58
quat3,0.51996,-0.66890,0.19382,0.49462,1169.58
quat4,0.65092,-0.51077,0.15005,0.54120,1169.58
quat5,0.00000,0.38268,0.00000,-0.92388,1169.58
quat6,0.00000,0.38268,0.00000,-0.92388,1169.58
quat7,0.00000,0.38268,0.00000,-0.92388,1169.58
quat8,0.00000,0.38268,0.00000,-0.92388,1169.58
quat0,0.92542,-0.13187,-0.35519,-0.00689,1169.6
quat1,0.39430,0.10201,-0.36951,-0.83522,1169.6
quat2,-0.40823,-0.13686,0.49220,0.75654,1169.6
quat3,0.50723,-0.67325,0.19631,0.50091,1169.6
quat4,0.63703,-0.51360,0.15051,0.55475,1169.6
quat5,0.00000,0.38268,0.00000,-0.92388,1169.6
quat6,0.00000,0.38268,0.00000,-0.92388,1169.6
quat7,0.00000,0.38268,0.00000,-0.92388,1169.6
quat8,0.00000,0.38268,0.00000,-0.92388,1169.6
quat0,0.92461,-0.13171,-0.35734,-0.00773,1169.62
quat1,0.38151,0.10768,-0.36253,-0.84346,1169.62
quat2,-0.39360,-0.14270,0.48688,0.76659,1169.62
quat3,0.49446,-0.67791,0.19662,0.50723,1169.62
quat4,0.62283,-0.51710,0.14813,0.56811,1169.62
quat5,0.00000,0.38268,0.00000,-0.92388,1169.62
quat6,0.00000,0.38268,0.00000,-0.92388,1169.62
quat7,0.00000,0.38268,0.00000,-0.92388,1169.62
quat8,0.00000,0.38268,0.00000,-0.92388,1169.62
quat0,0.92429,-0.13091,-0.35848,-0.00628,1169.64
quat1,0.36878,0.11142,-0.35402,-0.85221,1169.64
quat2,-0.37879,-0.14588,0.48040,0.77747,1169.64
quat3,0.48116,-0.68373,0.19492,0.51284,1169.64
quat4,0.60836,-0.52008,0.14199,0.58246,1169.64
quat5,0.00000,0.38268,0.00000,-0.92388,1169.64
quat6,0.00000,0.38268,0.00000,-0.92388,1169.64
quat7,0.00000,0.38268,0.00000,-0.92388,1169.64
quat8,0.00000,0.38268,0.00000,-0.92388,1169.64
quat0,0.92426,-0.12984,-0.35895,-0.00612,1169.66
quat1,0.35684,0.11294,-0.34438,-0.86100,1169.66
quat2,-0.36499,-0.14764,0.47200,0.78879,1169.66
quat3,0.46762,-0.69044,0.19130,0.51772,1169.66
quat4,0.59378,-0.52247,0.13228,0.59746,1169.66
quat5,0.00000,0.38268,0.00000,-0.92388,1169.66
quat6,0.00000,0.38268,0.00000,-0.92388,1169.66
quat7,0.00000,0.38268,0.00000,-0.92388,1169.66
quat8,0.00000,0.38268,0.00000,-0.92388,1169.66
quat0,0.92455,-0.12789,-0.35892,-0.00554,1169.68
quat1,0.34595,0.11299,-0.33334,-0.86973,1169.68
quat2,-0.35296,-0.14839,0.46148,0.80027,1169.68
quat3,0.45445,-0.69779,0.18558,0.52166,1169.68
quat4,0.57864,-0.52594,0.12117,0.61146,1169.68
quat5,0.00000,0.38268,0.00000,-0.92388,1169.68
quat6,0.00000,0.38268,0.00000,-0.92388,1169.68
quat7,0.00000,0.38268,0.00000,-0.92388,1169.68
quat8,0.00000,0.38268,0.00000,-0.92388,1169.68
quat0,0.92448,-0.12694,-0.35945,-0.00527,1169.7
quat1,0.33625,0.11180,-0.32146,-0.87812,1169.7
quat2,-0.34240,-0.14669,0.45009,0.81158,1169.7
quat3,0.44189,-0.70638,0.17821,0.52346,1169.7
quat4,0.56321,-0.53201,0.10975,0.62267,1169.7
quat5,0.00000,0.38268,0.00000,-0.92388,1169.7
quat6,0.00000,0.38268,0.00000,-0.92388,1169.7
quat7,0.00000,0.38268,0.00000,-0.92388,1169.7
quat8,0.00000,0.38268,0.00000,-0.92388,1169.7
quat0,0.92520,-0.12472,-0.35836,-0.00535,1169.72
quat1,0.32794,0.10862,-0.30896,-0.88612,1169.72
quat2,-0.33333,-0.14230,0.43792,0.82272,1169.72
quat3,0.43022,-0.71574,0.16947,0.52337,1169.72
quat4,0.54787,-0.54077,0.09769,0.63076,1169.72
quat5,0.00000,0.38268,0.00000,-0.92388,1169.72
quat6,0.00000,0.38268,0.00000,-0.92388,1169.72
quat7,0.00000,0.38268,0.00000,-0.92388,1169.72
quat8,0.00000,0.38268,0.00000,-0.92388,1169.72
quat0,0.92566,-0.12287,-0.35781,-0.00470,1169.74
quat1,0.32203,0.10429,-0.29622,-0.89312,1169.74
quat2,-0.32658,-0.13537,0.42538,0.83311,1169.74
quat3,0.42023,-0.72559,0.15977,0.52096,1169.74
quat4,0.53361,-0.55060,0.08356,0.63649,1169.74
quat5,0.00000,0.38268,0.00000,-0.92388,1169.74
quat6,0.00000,0.38268,0.00000,-0.92388,1169.74
quat7,0.00000,0.38268,0.00000,-0.92388,1169.74
quat8,0.00000,0.38268,0.00000,-0.92388,1169.74
quat0,0.92574,-0.12037,-0.35847,-0.00388,1169.76
quat1,0.31697,0.09723,-0.28376,-0.89975,1169.76
quat2,-0.32317,-0.12598,0.41281,0.84219,1169.76
quat3,0.41134,-0.73601,0.15014,0.51628,1169.76
quat4,0.52043,-0.56159,0.06655,0.63980,1169.76
quat5,0.00000,0.38268,0.00000,-0.92388,1169.76
quat6,0.00000,0.38268,0.00000,-0.92388,1169.76
quat7,0.00000,0.38268,0.00000,-0.92388,1169.76
quat8,0.00000,0.38268,0.00000,-0.92388,1169.76
quat0,0.92605,-0.11829,-0.35838,-0.00342,1169.78
quat1,0.31464,0.08811,-0.27191,-0.90516,1169.78
quat2,-0.32303,-0.11418,0.40026,0.84994,1169.78
quat3,0.40430,-0.74621,0.14175,0.50953,1169.78
quat4,0.50852,-0.57453,0.04724,0.63960,1169.78
quat5,0.00000,0.38268,0.00000,-0.92388,1169.78
quat6,0.00000,0.38268,0.00000,-0.92388,1169.78
quat7,0.00000,0.38268,0.00000,-0.92388,1169.78
quat8,0.00000,0.38268,0.00000,-0.92388,1169.78
quat0,0.92682,-0.11671,-0.35690,-0.00367,1169.8
quat1,0.31432,0.07842,-0.26105,-0.90935,1169.8
quat2,-0.32582,-0.09984,0.38812,0.85630,1169.8
quat3,0.39916,-0.75613,0.13475,0.50078,1169.8
quat4,0.49834,-0.59032,0.02674,0.63440,1169.8
quat5,0.00000,0.38268,0.00000,-0.92388,1169.8
quat6,0.00000,0.38268,0.00000,-0.92388,1169.8
quat7,0.00000,0.38268,0.00000,-0.92388,1169.8
quat8,0.00000,0.38268,0.00000,-0.92388,1169.8
quat0,0.92728,-0.11592,-0.35597,-0.00267,1169.82
quat1,0.31530,0.06679,-0.25243,-0.91236,1169.82
quat2,-0.33179,-0.08318,0.37684,0.86081,1169.82
quat3,0.39608,-0.76597,0.12962,0.48950,1169.82
quat4,0.49077,-0.60863,0.00650,0.62343,1169.82
quat5,0.00000,0.38268,0.00000,-0.92388,1169.82
quat6,0.00000,0.38268,0.00000,-0.92388,1169.82
quat7,0.00000,0.38268,0.00000,-0.92388,1169.82
quat8,0.00000,0.38268,0.00000,-0.92388,1169.82
quat0,0.92830,-0.11514,-0.35354,-0.00242,1169.84
quat1,0.31817,0.05272,-0.24606,-0.91402,1169.84
quat2,-0.34054,-0.06558,0.36705,0.86314,1169.84
quat3,0.39515,-0.77557,0.12638,0.47579,1169.84
quat4,0.48635,-0.62784,-0.01282,0.60755,1169.84
quat5,0.00000,0.38268,0.00000,-0.92388,1169.84
quat6,0.00000,0.38268,0.00000,-0.92388,1169.84
quat7,0.00000,0.38268,0.00000,-0.92388,1169.84
quat8,0.00000,0.38268,0.00000,-0.92388,1169.84
quat0,0.92899,-0.11417,-0.35205,-0.00152,1169.86
quat1,0.32359,0.03783,-0.24197,-0.91395,1169.86
quat2,-0.35086,-0.04628,0.35982,0.86330,1169.86
quat3,0.39693,-0.78476,0.12345,0.45974,1169.86
quat4,0.48605,-0.64418,-0.02978,0.58982,1169.86
quat5,0.00000,0.38268,0.00000,-0.92388,1169.86
quat6,0.00000,0.38268,0.00000,-0.92388,1169.86
quat7,0.00000,0.38268,0.00000,-0.92388,1169.86
quat8,0.00000,0.38268,0.00000,-0.92388,1169.86
quat0,0.92973,-0.11366,-0.35025,-0.00090,1169.88
quat1,0.33076,0.02425,-0.23919,-0.91258,1169.88
quat2,-0.36229,-0.02658,0.35539,0.86124,1169.88
quat3,0.40104,-0.79246,0.11873,0.44393,1169.88
quat4,0.49028,-0.65562,-0.04262,0.57268,1169.88
quat5,0.00000,0.38268,0.00000,-0.92388,1169.88
quat6,0.00000,0.38268,0.00000,-0.92388,1169.88
quat7,0.00000,0.38268,0.00000,-0.92388,1169.88
quat8,0.00000,0.38268,0.00000,-0.92388,1169.88
quat0,0.93024,-0.11305,-0.34911,-0.00131,1169.9
quat1,0.34038,0.01283,-0.23726,-0.90977,1169.9
quat2,-0.37413,-0.00728,0.35429,0.85700,1169.9
quat3,0.40739,-0.79725,0.11213,0.43111,1169.9
quat4,0.49812,-0.66307,-0.05219,0.55631,1169.9
quat5,0.00000,0.38268,0.00000,-0.92388,1169.9
quat6,0.00000,0.38268,0.00000,-0.92388,1169.9
quat7,0.00000,0.38268,0.00000,-0.92388,1169.9
quat8,0.00000,0.38268,0.00000,-0.92388,1169.9
quat0,0.92996,-0.11296,-0.34988,-0.00123,1169.92
quat1,0.35153,0.00263,-0.23597,-0.90595,1169.92
quat2,-0.38677,0.00927,0.35528,0.85094,1169.92
quat3,0.41665,-0.79775,0.10466,0.42314,1169.92
quat4,0.50840,-0.66942,-0.05861,0.53850,1169.92
quat5,0.00000,0.38268,0.00000,-0.92388,1169.92
quat6,0.00000,0.38268,0.00000,-0.92388,1169.92
quat7,0.00000,0.38268,0.00000,-0.92388,1169.92
quat8,0.00000,0.38268,0.00000,-0.92388,1169.92
quat0,0.92981,-0.11476,-0.34967,-0.00254,1169.94
quat1,0.36315,-0.00545,-0.23628,-0.90126,1169.94
quat2,-0.40022,0.02259,0.35779,0.84339,1169.94
quat3,0.42970,-0.79358,0.09673,0.41980,1169.94
quat4,0.52079,-0.67540,-0.06090,0.51856,1169.94
quat5,0.00000,0.38268,0.00000,-0.92388,1169.94
quat6,0.00000,0.38268,0.00000,-0.92388,1169.94
quat7,0.00000,0.38268,0.00000,-0.92388,1169.94
quat8,0.00000,0.38268,0.00000,-0.92388,1169.94
quat0,0.92951,-0.11600,-0.35006,-0.00271,1169.96
quat1,0.37480,-0.01121,-0.23904,-0.89569,1169.96
quat2,-0.41280,0.03612,0.36312,0.83453,1169.96
quat3,0.44393,-0.78723,0.09144,0.41813,1169.96
quat4,0.53495,-0.67949,-0.06076,0.49843,1169.96
quat5,0.00000,0.38268,0.00000,-0.92388,1169.96
quat6,0.00000,0.38268,0.00000,-0.92388,1169.96
quat7,0.00000,0.38268,0.00000,-0.92388,1169.96
quat8,0.00000,0.38268,0.00000,-0.92388,1169.96
quat0,0.92825,-0.11738,-0.35294,-0.00357,1169.98
quat1,0.38395,-0.01808,-0.24581,-0.88985,1169.98
quat2,-0.42339,0.05119,0.37235,0.82431,1169.98
quat3,0.45740,-0.78171,0.09120,0.41400,1169.98
quat4,0.55003,-0.67968,-0.06103,0.48143,1169.98
quat5,0.00000,0.38268,0.00000,-0.92388,1169.98
quat6,0.00000,0.38268,0.00000,-0.92388,1169.98
quat7,0.00000,0.38268,0.00000,-0.92388,1169.98
quat8,0.00000,0.38268,0.00000,-0.92388,1169.98
quat0,0.92754,-0.11898,-0.35424,-0.00511,1170
quat1,0.39215,-0.02499,-0.25629,-0.88312,1170
quat2,-0.43280,0.06526,0.38430,0.81286,1170
quat3,0.47018,-0.77755,0.09533,0.40651,1170
quat4,0.56522,-0.67506,-0.06273,0.46998,1170
quat5,0.00000,0.38268,0.00000,-0.92388,1170
quat6,0.00000,0.38268,0.00000,-0.92388,1170
quat7,0.00000,0.38268,0.00000,-0.92388,1170
quat8,0.00000,0.38268,0.00000,-0.92388,1170
quat0,0.92677,-0.12339,-0.35474,-0.00502,1170.02
quat1,0.39946,-0.03211,-0.26973,-0.87559,1170.02
quat2,-0.44046,0.07887,0.39965,0.80004,1170.02
quat3,0.48180,-0.77358,0.10231,0.39872,1170.02
quat4,0.58130,-0.66711,-0.06368,0.46152,1170.02
quat5,0.00000,0.38268,0.00000,-0.92388,1170.02
quat6,0.00000,0.38268,0.00000,-0.92388,1170.02
quat7,0.00000,0.38268,0.00000,-0.92388,1170.02
quat8,0.00000,0.38268,0.00000,-0.92388,1170.02
quat0,0.92651,-0.12519,-0.35477,-0.00688,1170.04
quat1,0.40559,-0.03666,-0.28447,-0.86789,1170.04
quat2,-0.44618,0.09072,0.41782,0.78621,1170.04
quat3,0.49217,-0.76843,0.11042,0.39382,1170.04
quat4,0.59764,-0.65803,-0.06152,0.45391,1170.04
quat5,0.00000,0.38268,0.00000,-0.92388,1170.04
quat6,0.00000,0.38268,0.00000,-0.92388,1170.04
quat7,0.00000,0.38268,0.00000,-0.92388,1170.04
quat8,0.00000,0.38268,0.00000,-0.92388,1170.04
quat0,0.92595,-0.12927,-0.35469,-0.01046,1170.06
quat1,0.41123,-0.04062,-0.29984,-0.85985,1170.06
quat2,-0.45099,0.09847,0.43691,0.77202,1170.06
quat3,0.50288,-0.76116,0.11795,0.39221,1170.06
quat4,0.61386,-0.64931,-0.05443,0.44566,1170.06
quat5,0.00000,0.38268,0.00000,-0.92388,1170.06
quat6,0.00000,0.38268,0.00000,-0.92388,1170.06
quat7,0.00000,0.38268,0.00000,-0.92388,1170.06
quat8,0.00000,0.38268,0.00000,-0.92388,1170.06
quat0,0.92539,-0.13221,-0.35497,-0.01333,1170.08
quat1,0.41599,-0.04230,-0.31539,-0.85188,1170.08
quat2,-0.45554,0.10073,0.45527,0.75833,1170.08
quat3,0.51320,-0.75244,0.12578,0.39323,1170.08
quat4,0.62979,-0.64153,-0.04306,0.43584,1170.08
quat5,0.00000,0.38268,0.00000,-0.92388,1170.08
quat6,0.00000,0.38268,0.00000,-0.92388,1170.08
quat7,0.00000,0.38268,0.00000,-0.92388,1170.08
quat8,0.00000,0.38268,0.00000,-0.92388,1170.08
quat0,0.92387,-0.13547,-0.35762,-0.01466,1170.1
quat1,0.41982,-0.04173,-0.33026,-0.84436,1170.1
quat2,-0.45957,0.09876,0.47251,0.74550,1170.1
quat3,0.52370,-0.74348,0.13352,0.39390,1170.1
quat4,0.64479,-0.63225,-0.03111,0.42841,1170.1
quat5,0.00000,0.38268,0.00000,-0.92388,1170.1
quat6,0.00000,0.38268,0.00000,-0.92388,1170.1
quat7,0.00000,0.38268,0.00000,-0.92388,1170.1
quat8,0.00000,0.38268,0.00000,-0.92388,1170.1
quat0,0.92328,-0.13819,-0.35807,-0.01570,1170.12
quat1,0.42324,-0.03820,-0.34364,-0.83745,1170.12
quat2,-0.46170,0.09506,0.49035,0.73304,1170.12
quat3,0.53274,-0.73483,0.14183,0.39509,1170.12
quat4,0.65854,-0.62043,-0.02024,0.42542,1170.12
quat5,0.00000,0.38268,0.00000,-0.92388,1170.12
quat6,0.00000,0.38268,0.00000,-0.92388,1170.12
quat7,0.00000,0.38268,0.00000,-0.92388,1170.12
quat8,0.00000,0.38268,0.00000,-0.92388,1170.12
quat0,0.92243,-0.13896,-0.35997,-0.01523,1170.14
quat1,0.42598,-0.03452,-0.35637,-0.83087,1170.14
quat2,-0.46165,0.09026,0.50815,0.72146,1170.14
quat3,0.53939,-0.72699,0.15108,0.39714,1170.14
quat4,0.67109,-0.60741,-0.00965,0.42496,1170.14
quat5,0.00000,0.38268,0.00000,-0.92388,1170.14
quat6,0.00000,0.38268,0.00000,-0.92388,1170.14
quat7,0.00000,0.38268,0.00000,-0.92388,1170.14
quat8,0.00000,0.38268,0.00000,-0.92388,1170.14
quat0,0.92181,-0.14107,-0.36069,-0.01634,1170.16
quat1,0.42673,-0.02951,-0.36859,-0.82534,1170.16
quat2,-0.46057,0.08299,0.52448,0.71127,1170.16
quat3,0.54437,-0.71997,0.16112,0.39919,1170.16
quat4,0.68209,-0.59444,0.00215,0.42590,1170.16
quat5,0.00000,0.38268,0.00000,-0.92388,1170.16
quat6,0.00000,0.38268,0.00000,-0.92388,1170.16
quat7,0.00000,0.38268,0.00000,-0.92388,1170.16
quat8,0.00000,0.38268,0.00000,-0.92388,1170.16
quat0,0.92078,-0.14283,-0.36260,-0.01672,1170.18
quat1,0.42606,-0.02385,-0.38008,-0.82063,1170.18
quat2,-0.45858,0.07409,0.53886,0.70274,1170.18
quat3,0.54822,-0.71346,0.17073,0.40160,1170.18
quat4,0.69136,-0.58172,0.01460,0.42826,1170.18
quat5,0.00000,0.38268,0.00000,-0.92388,1170.18
quat6,0.00000,0.38268,0.00000,-0.92388,1170.18
quat7,0.00000,0.38268,0.00000,-0.92388,1170.18
quat8,0.00000,0.38268,0.00000,-0.92388,1170.18
quat0,0.92069,-0.14397,-0.36240,-0.01628,1170.2
quat1,0.42436,-0.01718,-0.39092,-0.81658,1170.2
quat2,-0.45527,0.06385,0.55130,0.69622,1170.2
quat3,0.55064,-0.70728,0.17901,0.40559,1170.2
quat4,0.69907,-0.56870,0.02792,0.43255,1170.2
quat5,0.00000,0.38268,0.00000,-0.92388,1170.2
quat6,0.00000,0.38268,0.00000,-0.92388,1170.2
quat7,0.00000,0.38268,0.00000,-0.92388,1170.2
quat8,0.00000,0.38268,0.00000,-0.92388,1170.2
quat0,0.92034,-0.14513,-0.36282,-0.01642,1170.22
quat1,0.42218,-0.00918,-0.40042,-0.81323,1170.22
quat2,-0.45113,0.05206,0.56148,0.69174,1170.22
quat3,0.55175,-0.70188,0.18548,0.41052,1170.22
quat4,0.70512,-0.55575,0.04227,0.43837,1170.22
quat5,0.00000,0.38268,0.00000,-0.92388,1170.22
quat6,0.00000,0.38268,0.00000,-0.92388,1170.22
quat7,0.00000,0.38268,0.00000,-0.92388,1170.22
quat8,0.00000,0.38268,0.00000,-0.92388,1170.22
quat0,0.91971,-0.14615,-0.36402,-0.01640,1170.24
quat1,0.41939,-0.00029,-0.40822,-0.81084,1170.24
quat2,-0.44656,0.03824,0.56903,0.68944,1170.24
quat3,0.55158,-0.69766,0.19044,0.41564,1170.24
quat4,0.70941,-0.54282,0.05667,0.44594,1170.24
quat5,0.00000,0.38268,0.00000,-0.92388,1170.24
quat6,0.00000,0.38268,0.00000,-0.92388,1170.24
quat7,0.00000,0.38268,0.00000,-0.92388,1170.24
quat8,0.00000,0.38268,0.00000,-0.92388,1170.24
quat0,0.91891,-0.14778,-0.36535,-0.01680,1170.26
quat1,0.41545,0.00878,-0.41490,-0.80944,1170.26
quat2,-0.44199,0.02223,0.57377,0.68916,1170.26
quat3,0.55064,-0.69407,0.19445,0.42102,1170.26
quat4,0.71125,-0.53000,0.06964,0.45648,1170.26
quat5,0.00000,0.38268,0.00000,-0.92388,1170.26
quat6,0.00000,0.38268,0.00000,-0.92388,1170.26
quat7,0.00000,0.38268,0.00000,-0.92388,1170.26
quat8,0.00000,0.38268,0.00000,-0.92388,1170.26
quat0,0.91833,-0.14905,-0.36630,-0.01646,1170.28
quat1,0.41043,0.01760,-0.42099,-0.80871,1170.28
quat2,-0.43680,0.00533,0.57625,0.69074,1170.28
quat3,0.54954,-0.69022,0.19777,0.42719,1170.28
quat4,0.71102,-0.51692,0.07896,0.47011,1170.28
quat5,0.00000,0.38268,0.00000,-0.92388,1170.28
quat6,0.00000,0.38268,0.00000,-0.92388,1170.28
quat7,0.00000,0.38268,0.00000,-0.92388,1170.28
quat8,0.00000,0.38268,0.00000,-0.92388,1170.28
quat0,0.91778,-0.15045,-0.36712,-0.01617,1170.3
quat1,0.40470,0.02713,-0.42564,-0.80890,1170.3
quat2,-0.43043,-0.01157,0.57737,0.69371,1170.3
quat3,0.54825,-0.68617,0.20097,0.43382,1170.3
quat4,0.70921,-0.50324,0.08475,0.48640,1170.3
quat5,0.00000,0.38268,0.00000,-0.92388,1170.3
quat6,0.00000,0.38268,0.00000,-0.92388,1170.3
quat7,0.00000,0.38268,0.00000,-0.92388,1170.3
quat8,0.00000,0.38268,0.00000,-0.92388,1170.3
quat0,0.91707,-0.15195,-0.36828,-0.01615,1170.32
quat1,0.39758,0.03660,-0.42912,-0.81021,1170.32
quat2,-0.42282,-0.02753,0.57753,0.69780,1170.32
quat3,0.54565,-0.68213,0.20483,0.44160,1170.32
quat4,0.70510,-0.49098,0.08805,0.50401,1170.32
quat5,0.00000,0.38268,0.00000,-0.92388,1170.32
quat6,0.00000,0.38268,0.00000,-0.92388,1170.32
quat7,0.00000,0.38268,0.00000,-0.92388,1170.32
quat8,0.00000,0.38268,0.00000,-0.92388,1170.32
quat0,0.91620,-0.15380,-0.36968,-0.01623,1170.34
quat1,0.38831,0.04556,-0.43110,-0.81320,1170.34
quat2,-0.41397,-0.04254,0.57668,0.70304,1170.34
quat3,0.54145,-0.67848,0.20823,0.45070,1170.34
quat4,0.69870,-0.48140,0.09144,0.52126,1170.34
quat5,0.00000,0.38268,0.00000,-0.92388,1170.34
quat6,0.00000,0.38268,0.00000,-0.92388,1170.34
quat7,0.00000,0.38268,0.00000,-0.92388,1170.34
quat8,0.00000,0.38268,0.00000,-0.92388,1170.34
quat0,0.91587,-0.15465,-0.37015,-0.01629,1170.36
quat1,0.37840,0.05487,-0.43157,-0.81704,1170.36
quat2,-0.40437,-0.05642,0.57473,0.70921,1170.36
quat3,0.53533,-0.67579,0.21204,0.46018,1170.36
quat4,0.69024,-0.47437,0.09408,0.53823,1170.36
quat5,0.00000,0.38268,0.00000,-0.92388,1170.36
quat6,0.00000,0.38268,0.00000,-0.92388,1170.36
quat7,0.00000,0.38268,0.00000,-0.92388,1170.36
quat8,0.00000,0.38268,0.00000,-0.92388,1170.36
quat0,0.91568,-0.15460,-0.37062,-0.01644,1170.38
quat1,0.36740,0.06314,-0.43099,-0.82175,1170.38
quat2,-0.39364,-0.06840,0.57279,0.71574,1170.38
quat3,0.52768,-0.67458,0.21592,0.46891,1170.38
quat4,0.68027,-0.46991,0.09655,0.55417,1170.38
quat5,0.00000,0.38268,0.00000,-0.92388,1170.38
quat6,0.00000,0.38268,0.00000,-0.92388,1170.38
quat7,0.00000,0.38268,0.00000,-0.92388,1170.38
quat8,0.00000,0.38268,0.00000,-0.92388,1170.38
quat0,0.91532,-0.15578,-0.37103,-0.01600,1170.4
quat1,0.35608,0.07018,-0.42919,-0.82709,1170.4
quat2,-0.38143,-0.07738,0.57088,0.72292,1170.4
quat3,0.51849,-0.67510,0.21939,0.47673,1170.4
quat4,0.66895,-0.46860,0.09963,0.56833,1170.4
quat5,0.00000,0.38268,0.00000,-0.92388,1170.4
quat6,0.00000,0.38268,0.00000,-0.92388,1170.4
quat7,0.00000,0.38268,0.00000,-0.92388,1170.4
quat8,0.00000,0.38268,0.00000,-0.92388,1170.4
quat0,0.91506,-0.15325,-0.37278,-0.01447,1170.42
quat1,0.34525,0.07623,-0.42588,-0.83284,1170.42
quat2,-0.36947,-0.08522,0.56731,0.73102,1170.42
quat3,0.50788,-0.67743,0.22159,0.48378,1170.42
quat4,0.65665,-0.46998,0.10250,0.58088,1170.42
quat5,0.00000,0.38268,0.00000,-0.92388,1170.42
quat6,0.00000,0.38268,0.00000,-0.92388,1170.42
quat7,0.00000,0.38268,0.00000,-0.92388,1170.42
quat8,0.00000,0.38268,0.00000,-0.92388,1170.42
quat0,0.91531,-0.15192,-0.37273,-0.01420,1170.44
quat1,0.33421,0.08094,-0.42088,-0.83941,1170.44
quat2,-0.35858,-0.09218,0.56220,0.73950,1170.44
quat3,0.49586,-0.68146,0.22260,0.49009,1170.44
quat4,0.64365,-0.47354,0.10463,0.59205,1170.44
quat5,0.00000,0.38268,0.00000,-0.92388,1170.44
quat6,0.00000,0.38268,0.00000,-0.92388,1170.44
quat7,0.00000,0.38268,0.00000,-0.92388,1170.44
quat8,0.00000,0.38268,0.00000,-0.92388,1170.44
quat0,0.91595,-0.15032,-0.37185,-0.01326,1170.46
quat1,0.32472,0.08490,-0.41442,-0.84593,1170.46
quat2,-0.34759,-0.09646,0.55655,0.74842,1170.46
quat3,0.48400,-0.68676,0.22177,0.49490,1170.46
quat4,0.63035,-0.47877,0.10505,0.60200,1170.46
quat5,0.00000,0.38268,0.00000,-0.92388,1170.46
quat6,0.00000,0.38268,0.00000,-0.92388,1170.46
quat7,0.00000,0.38268,0.00000,-0.92388,1170.46
quat8,0.00000,0.38268,0.00000,-0.92388,1170.46
quat0,0.91580,-0.14951,-0.37256,-0.01248,1170.48
quat1,0.31608,0.08774,-0.40647,-0.85275,1170.48
quat2,-0.33740,-0.09845,0.54954,0.75794,1170.48
quat3,0.47235,-0.69246,0.21913,0.49936,1170.48
quat4,0.61668,-0.48540,0.10402,0.61096,1170.48
quat5,0.00000,0.38268,0.00000,-0.92388,1170.48
quat6,0.00000,0.38268,0.00000,-0.92388,1170.48
quat7,0.00000,0.38268,0.00000,-0.92388,1170.48
quat8,0.00000,0.38268,0.00000,-0.92388,1170.48
quat0,0.91629,-0.14698,-0.37240,-0.01099,1170.5
quat1,0.30887,0.08915,-0.39723,-0.85957,1170.5
quat2,-0.32897,-0.09919,0.54075,0.76781,1170.5
quat3,0.46099,-0.69928,0.21428,0.50257,1170.5
quat4,0.60279,-0.49320,0.10033,0.61913,1170.5
quat5,0.00000,0.38268,0.00000,-0.92388,1170.5
quat6,0.00000,0.38268,0.00000,-0.92388,1170.5
quat7,0.00000,0.38268,0.00000,-0.92388,1170.5
quat8,0.00000,0.38268,0.00000,-0.92388,1170.5
quat0,0.91693,-0.14482,-0.37169,-0.01070,1170.52
quat1,0.30254,0.08926,-0.38731,-0.86631,1170.52
quat2,-0.32256,-0.09873,0.53043,0.77772,1170.52
quat3,0.45070,-0.70572,0.20769,0.50567,1170.52
quat4,0.58880,-0.50207,0.09456,0.62633,1170.52
quat5,0.00000,0.38268,0.00000,-0.92388,1170.52
quat6,0.00000,0.38268,0.00000,-0.92388,1170.52
quat7,0.00000,0.38268,0.00000,-0.92388,1170.52
quat8,0.00000,0.38268,0.00000,-0.92388,1170.52
quat0,0.91778,-0.14233,-0.37057,-0.01029,1170.54
quat1,0.29754,0.08710,-0.37676,-0.87289,1170.54
quat2,-0.31769,-0.09645,0.51909,0.78760,1170.54
quat3,0.44147,-0.71215,0.19973,0.50799,1170.54
quat4,0.57512,-0.51276,0.08768,0.63136,1170.54
quat5,0.00000,0.38268,0.00000,-0.92388,1170.54
quat6,0.00000,0.38268,0.00000,-0.92388,1170.54
quat7,0.00000,0.38268,0.00000,-0.92388,1170.54
quat8,0.00000,0.38268,0.00000,-0.92388,1170.54
quat0,0.91846,-0.14045,-0.36962,-0.00944,1170.56
quat1,0.29391,0.08316,-0.36533,-0.87934,1170.56
quat2,-0.31457,-0.09294,0.50647,0.79743,1170.56
quat3,0.43225,-0.72007,0.19080,0.50819,1170.56
quat4,0.56211,-0.52564,0.08006,0.63351,1170.56
quat5,0.00000,0.38268,0.00000,-0.92388,1170.56
quat6,0.00000,0.38268,0.00000,-0.92388,1170.56
quat7,0.00000,0.38268,0.00000,-0.92388,1170.56
quat8,0.00000,0.38268,0.00000,-0.92388,1170.56
quat0,0.91918,-0.13748,-0.36897,-0.00840,1170.58
quat1,0.29153,0.07834,-0.35321,-0.88551,1170.58
quat2,-0.31363,-0.08800,0.49341,0.80650,1170.58
quat3,0.42304,-0.72958,0.18152,0.50577,1170.58
quat4,0.55015,-0.54060,0.07156,0.63243,1170.58
quat5,0.00000,0.38268,0.00000,-0.92388,1170.58
quat6,0.00000,0.38268,0.00000,-0.92388,1170.58
quat7,0.00000,0.38268,0.00000,-0.92388,1170.58
quat8,0.00000,0.38268,0.00000,-0.92388,1170.58
quat0,0.92016,-0.13521,-0.36737,-0.00786,1170.6
quat1,0.29044,0.07210,-0.34069,-0.89128,1170.6
quat2,-0.31393,-0.08006,0.48076,0.81480,1170.6
quat3,0.41548,-0.73963,0.17208,0.50072,1170.6
quat4,0.53916,-0.55707,0.06157,0.62864,1170.6
quat5,0.00000,0.38268,0.00000,-0.92388,1170.6
quat6,0.00000,0.38268,0.00000,-0.92388,1170.6
quat7,0.00000,0.38268,0.00000,-0.92388,1170.6
quat8,0.00000,0.38268,0.00000,-0.92388,1170.6
quat0,0.92061,-0.13548,-0.36617,-0.00680,1170.62
quat1,0.29125,0.06530,-0.32781,-0.89636,1170.62
quat2,-0.31587,-0.07031,0.46793,0.82239,1170.62
quat3,0.40875,-0.75079,0.16364,0.49241,1170.62
quat4,0.52942,-0.57435,0.04952,0.62240,1170.62
quat5,0.00000,0.38268,0.00000,-0.92388,1170.62
quat6,0.00000,0.38268,0.00000,-0.92388,1170.62
quat7,0.00000,0.38268,0.00000,-0.92388,1170.62
quat8,0.00000,0.38268,0.00000,-0.92388,1170.62
quat0,0.92104,-0.13241,-0.36624,-0.00534,1170.64
quat1,0.29418,0.05810,-0.31457,-0.90063,1170.64
quat2,-0.32078,-0.06079,0.45404,0.82901,1170.64
quat3,0.40296,-0.76206,0.15652,0.48206,1170.64
quat4,0.52064,-0.59278,0.03585,0.61340,1170.64
quat5,0.00000,0.38268,0.00000,-0.92388,1170.64
quat6,0.00000,0.38268,0.00000,-0.92388,1170.64
quat7,0.00000,0.38268,0.00000,-0.92388,1170.64
quat8,0.00000,0.38268,0.00000,-0.92388,1170.64
quat0,0.92212,-0.13008,-0.36434,-0.00520,1170.66
quat1,0.29805,0.04931,-0.30224,-0.90409,1170.66
quat2,-0.32782,-0.04983,0.44052,0.83426,1170.66
quat3,0.39968,-0.77153,0.15020,0.47163,1170.66
quat4,0.51331,-0.61249,0.02121,0.60077,1170.66
quat5,0.00000,0.38268,0.00000,-0.92388,1170.66
quat6,0.00000,0.38268,0.00000,-0.92388,1170.66
quat7,0.00000,0.38268,0.00000,-0.92388,1170.66
quat8,0.00000,0.38268,0.00000,-0.92388,1170.66
quat0,0.92256,-0.12962,-0.36341,-0.00382,1170.68
quat1,0.30234,0.03808,-0.29187,-0.90662,1170.68
quat2,-0.33614,-0.03592,0.42761,0.83838,1170.68
quat3,0.39957,-0.77921,0.14397,0.46093,1170.68
quat4,0.50803,-0.63268,0.00615,0.58445,1170.68
quat5,0.00000,0.38268,0.00000,-0.92388,1170.68
quat6,0.00000,0.38268,0.00000,-0.92388,1170.68
quat7,0.00000,0.38268,0.00000,-0.92388,1170.68
quat8,0.00000,0.38268,0.00000,-0.92388,1170.68
quat0,0.92326,-0.12737,-0.36245,-0.00283,1170.7
quat1,0.30664,0.02396,-0.28401,-0.90815,1170.7
quat2,-0.34600,-0.01980,0.41529,0.84109,1170.7
quat3,0.40193,-0.78518,0.13786,0.45049,1170.7
quat4,0.50515,-0.65192,-0.00825,0.56547,1170.7
quat5,0.00000,0.38268,0.00000,-0.92388,1170.7
quat6,0.00000,0.38268,0.00000,-0.92388,1170.7
quat7,0.00000,0.38268,0.00000,-0.92388,1170.7
quat8,0.00000,0.38268,0.00000,-0.92388,1170.7
quat0,0.92458,-0.12380,-0.36031,-0.00270,1170.72
quat1,0.31253,0.01051,-0.27820,-0.90820,1170.72
quat2,-0.35769,-0.00347,0.40368,0.84208,1170.72
quat3,0.40643,-0.79040,0.13112,0.43919,1170.72
quat4,0.50524,-0.66764,-0.02103,0.54640,1170.72
quat5,0.00000,0.38268,0.00000,-0.92388,1170.72
quat6,0.00000,0.38268,0.00000,-0.92388,1170.72
quat7,0.00000,0.38268,0.00000,-0.92388,1170.72
quat8,0.00000,0.38268,0.00000,-0.92388,1170.72
quat0,0.92565,-0.12108,-0.35847,-0.00304,1170.74
quat1,0.32034,-0.00051,-0.27346,-0.90697,1170.74
quat2,-0.37064,0.01189,0.39352,0.84121,1170.74
quat3,0.41215,-0.79477,0.12320,0.42812,1170.74
quat4,0.50928,-0.67815,-0.03145,0.52892,1170.74
quat5,0.00000,0.38268,0.00000,-0.92388,1170.74
quat6,0.00000,0.38268,0.00000,-0.92388,1170.74
quat7,0.00000,0.38268,0.00000,-0.92388,1170.74
quat8,0.00000,0.38268,0.00000,-0.92388,1170.74
quat0,0.92671,-0.11822,-0.35670,-0.00108,1170.76
quat1,0.33023,-0.01080,-0.27007,-0.90437,1170.76
quat2,-0.38386,0.02594,0.38552,0.83866,1170.76
quat3,0.41887,-0.79753,0.11531,0.41856,1170.76
quat4,0.51620,-0.68409,-0.04061,0.51372,1170.76
quat5,0.00000,0.38268,0.00000,-0.92388,1170.76
quat6,0.00000,0.38268,0.00000,-0.92388,1170.76
quat7,0.00000,0.38268,0.00000,-0.92388,1170.76
quat8,0.00000,0.38268,0.00000,-0.92388,1170.76
quat0,0.92686,-0.11650,-0.35687,-0.00138,1170.78
quat1,0.34061,-0.01922,-0.26814,-0.90095,1170.78
quat2,-0.39709,0.03782,0.38073,0.83423,1170.78
quat3,0.42851,-0.79664,0.10761,0.41250,1170.78
quat4,0.52576,-0.68675,-0.04845,0.49960,1170.78
quat5,0.00000,0.38268,0.00000,-0.92388,1170.78
quat6,0.00000,0.38268,0.00000,-0.92388,1170.78
quat7,0.00000,0.38268,0.00000,-0.92388,1170.78
quat8,0.00000,0.38268,0.00000,-0.92388,1170.78
quat0,0.92688,-0.11568,-0.35708,-0.00103,1170.8
quat1,0.35306,-0.02434,-0.26716,-0.89632,1170.8
quat2,-0.40962,0.04897,0.38005,0.82788,1170.8
quat3,0.44168,-0.79186,0.09984,0.40977,1170.8
quat4,0.53693,-0.68782,-0.05415,0.48546,1170.8
quat5,0.00000,0.38268,0.00000,-0.92388,1170.8
quat6,0.00000,0.38268,0.00000,-0.92388,1170.8
quat7,0.00000,0.38268,0.00000,-0.92388,1170.8
quat8,0.00000,0.38268,0.00000,-0.92388,1170.8
quat0,0.92706,-0.11473,-0.35693,-0.00019,1170.82
quat1,0.36538,-0.02780,-0.26804,-0.89100,1170.82
quat2,-0.42112,0.05867,0.38306,0.82005,1170.82
quat3,0.45591,-0.78517,0.09465,0.40828,1170.82
quat4,0.54971,-0.68700,-0.05791,0.47170,1170.82
quat5,0.00000,0.38268,0.00000,-0.92388,1170.82
quat6,0.00000,0.38268,0.00000,-0.92388,1170.82
quat7,0.00000,0.38268,0.00000,-0.92388,1170.82
quat8,0.00000,0.38268,0.00000,-0.92388,1170.82
quat0,0.92694,-0.11434,-0.35736,0.00105,1170.84
quat1,0.37797,-0.02975,-0.27132,-0.88467,1170.84
quat2,-0.43214,0.06596,0.38871,0.81106,1170.84
quat3,0.47008,-0.77867,0.09258,0.40511,1170.84
quat4,0.56409,-0.68293,-0.06097,0.46010,1170.84
quat5,0.00000,0.38268,0.00000,-0.92388,1170.84
quat6,0.00000,0.38268,0.00000,-0.92388,1170.84
quat7,0.00000,0.38268,0.00000,-0.92388,1170.84
quat8,0.00000,0.38268,0.00000,-0.92388,1170.84
quat0,0.92753,-0.11504,-0.35559,0.00093,1170.86
quat1,0.38950,-0.03145,-0.27702,-0.87782,1170.86
quat2,-0.44212,0.07221,0.39788,0.80063,1170.86
quat3,0.48260,-0.77351,0.09426,0.39988,1170.86
quat4,0.57930,-0.67661,-0.06213,0.45028,1170.86
quat5,0.00000,0.38268,0.00000,-0.92388,1170.86
quat6,0.00000,0.38268,0.00000,-0.92388,1170.86
quat7,0.00000,0.38268,0.00000,-0.92388,1170.86
quat8,0.00000,0.38268,0.00000,-0.92388,1170.86
quat0,0.92814,-0.11407,-0.35432,-0.00040,1170.88
quat1,0.39969,-0.03248,-0.28521,-0.87055,1170.88
quat2,-0.45092,0.07664,0.40972,0.78926,1170.88
quat3,0.49410,-0.76799,0.09890,0.39531,1170.88
quat4,0.59508,-0.66928,-0.05996,0.44085,1170.88
quat5,0.00000,0.38268,0.00000,-0.92388,1170.88
quat6,0.00000,0.38268,0.00000,-0.92388,1170.88
quat7,0.00000,0.38268,0.00000,-0.92388,1170.88
quat8,0.00000,0.38268,0.00000,-0.92388,1170.88
quat0,0.92934,-0.11218,-0.35176,-0.00191,1170.9
quat1,0.40920,-0.03324,-0.29534,-0.86269,1170.9
quat2,-0.45920,0.07776,0.42263,0.77748,1170.9
quat3,0.50489,-0.76148,0.10544,0.39258,1170.9
quat4,0.61105,-0.66165,-0.05479,0.43109,1170.9
quat5,0.00000,0.38268,0.00000,-0.92388,1170.9
quat6,0.00000,0.38268,0.00000,-0.92388,1170.9
quat7,0.00000,0.38268,0.00000,-0.92388,1170.9
quat8,0.00000,0.38268,0.00000,-0.92388,1170.9
quat0,0.92847,-0.11452,-0.35330,-0.00305,1170.92
quat1,0.41742,-0.03391,-0.30717,-0.85455,1170.92
quat2,-0.46633,0.07667,0.43695,0.76533,1170.92
quat3,0.51564,-0.75349,0.11251,0.39206,1170.92
quat4,0.62690,-0.65330,-0.04606,0.42199,1170.92
quat5,0.00000,0.38268,0.00000,-0.92388,1170.92
quat6,0.00000,0.38268,0.00000,-0.92388,1170.92
quat7,0.00000,0.38268,0.00000,-0.92388,1170.92
quat8,0.00000,0.38268,0.00000,-0.92388,1170.92
quat0,0.92850,-0.11436,-0.35326,-0.00359,1170.94
quat1,0.42363,-0.03338,-0.31910,-0.84711,1170.94
quat2,-0.47146,0.07437,0.45311,0.75292,1170.94
quat3,0.52623,-0.74367,0.12023,0.39443,1170.94
quat4,0.64184,-0.64367,-0.03589,0.41527,1170.94
quat5,0.00000,0.38268,0.00000,-0.92388,1170.94
quat6,0.00000,0.38268,0.00000,-0.92388,1170.94
quat7,0.00000,0.38268,0.00000,-0.92388,1170.94
quat8,0.00000,0.38268,0.00000,-0.92388,1170.94
quat0,0.92858,-0.11570,-0.35261,-0.00505,1170.96
quat1,0.42860,-0.03169,-0.33044,-0.84030,1170.96
quat2,-0.47512,0.06936,0.46955,0.74093,1170.96
quat3,0.53653,-0.73387,0.12818,0.39641,1170.96
quat4,0.65587,-0.63136,-0.02681,0.41292,1170.96
quat5,0.00000,0.38268,0.00000,-0.92388,1170.96
quat6,0.00000,0.38268,0.00000,-0.92388,1170.96
quat7,0.00000,0.38268,0.00000,-0.92388,1170.96
quat8,0.00000,0.38268,0.00000,-0.92388,1170.96
quat0,0.92692,-0.12111,-0.35513,-0.00645,1170.98
quat1,0.43191,-0.02799,-0.34099,-0.83450,1170.98
quat2,-0.47768,0.06128,0.48493,0.73001,1170.98
quat3,0.54495,-0.72495,0.13636,0.39861,1170.98
quat4,0.66873,-0.61640,-0.01849,0.41534,1170.98
quat5,0.00000,0.38268,0.00000,-0.92388,1170.98
quat6,0.00000,0.38268,0.00000,-0.92388,1170.98
quat7,0.00000,0.38268,0.00000,-0.92388,1170.98
quat8,0.00000,0.38268,0.00000,-0.92388,1170.98
quat0,0.92646,-0.12136,-0.35624,-0.00641,1171
quat1,0.43410,-0.02200,-0.34959,-0.82998,1171
quat2,-0.47852,0.05079,0.49940,0.72044,1171
quat3,0.55142,-0.71680,0.14339,0.40196,1171
quat4,0.68041,-0.60050,-0.00862,0.41995,1171
quat5,0.00000,0.38268,0.00000,-0.92388,1171
quat6,0.00000,0.38268,0.00000,-0.92388,1171
quat7,0.00000,0.38268,0.00000,-0.92388,1171
quat8,0.00000,0.38268,0.00000,-0.92388,1171
quat0,0.92510,-0.12290,-0.35922,-0.00681,1171.02
quat1,0.43596,-0.01396,-0.35628,-0.82633,1171.02
quat2,-0.47712,0.03882,0.51303,0.71250,1171.02
quat3,0.55553,-0.70992,0.14924,0.40636,1171.02
quat4,0.69077,-0.58438,0.00342,0.42582,1171.02
quat5,0.00000,0.38268,0.00000,-0.92388,1171.02
quat6,0.00000,0.38268,0.00000,-0.92388,1171.02
quat7,0.00000,0.38268,0.00000,-0.92388,1171.02
quat8,0.00000,0.38268,0.00000,-0.92388,1171.02
quat0,0.92536,-0.12265,-0.35864,-0.00622,1171.04
quat1,0.43650,-0.00615,-0.36285,-0.82327,1171.04
quat2,-0.47431,0.02502,0.52503,0.70622,1171.04
quat3,0.55775,-0.70434,0.15470,0.41097,1171.04
quat4,0.69932,-0.56855,0.01812,0.43287,1171.04
quat5,0.00000,0.38268,0.00000,-0.92388,1171.04
quat6,0.00000,0.38268,0.00000,-0.92388,1171.04
quat7,0.00000,0.38268,0.00000,-0.92388,1171.04
quat8,0.00000,0.38268,0.00000,-0.92388,1171.04
quat0,0.92448,-0.12491,-0.36012,-0.00729,1171.06
quat1,0.43478,0.00109,-0.36869,-0.82161,1171.06
quat2,-0.47037,0.00841,0.53421,0.70235,1171.06
quat3,0.55866,-0.69974,0.15920,0.41584,1171.06
quat4,0.70557,-0.55359,0.03481,0.44101,1171.06
quat5,0.00000,0.38268,0.00000,-0.92388,1171.06
quat6,0.00000,0.38268,0.00000,-0.92388,1171.06
quat7,0.00000,0.38268,0.00000,-0.92388,1171.06
quat8,0.00000,0.38268,0.00000,-0.92388,1171.06
quat0,0.92370,-0.12686,-0.36143,-0.00787,1171.08
quat1,0.43155,0.00823,-0.37361,-0.82104,1171.08
quat2,-0.46545,-0.00920,0.54055,0.70077,1171.08
quat3,0.55897,-0.69554,0.16185,0.42141,1171.08
quat4,0.70940,-0.53950,0.05292,0.45044,1171.08
quat5,0.00000,0.38268,0.00000,-0.92388,1171.08
quat6,0.00000,0.38268,0.00000,-0.92388,1171.08
quat7,0.00000,0.38268,0.00000,-0.92388,1171.08
quat8,0.00000,0.38268,0.00000,-0.92388,1171.08
quat0,0.92241,-0.12858,-0.36408,-0.00792,1171.1
quat1,0.42711,0.01614,-0.37822,-0.82113,1171.1
quat2,-0.45874,-0.02628,0.54460,0.70162,1171.1
quat3,0.55869,-0.69152,0.16407,0.42748,1171.1
quat4,0.71027,-0.52606,0.06994,0.46248,1171.1
quat5,0.00000,0.38268,0.00000,-0.92388,1171.1
quat6,0.00000,0.38268,0.00000,-0.92388,1171.1
quat7,0.00000,0.38268,0.00000,-0.92388,1171.1
quat8,0.00000,0.38268,0.00000,-0.92388,1171.1
quat0,0.92230,-0.12979,-0.36395,-0.00732,1171.12
quat1,0.42056,0.02540,-0.38201,-0.82253,1171.12
quat2,-0.45070,-0.04299,0.54657,0.70447,1171.12
quat3,0.55736,-0.68712,0.16721,0.43502,1171.12
quat4,0.70873,-0.51265,0.08269,0.47754,1171.12
quat5,0.00000,0.38268,0.00000,-0.92388,1171.12
quat6,0.00000,0.38268,0.00000,-0.92388,1171.12
quat7,0.00000,0.38268,0.00000,-0.92388,1171.12
quat8,0.00000,0.38268,0.00000,-0.92388,1171.12
quat0,0.92181,-0.13305,-0.36401,-0.00852,1171.14
quat1,0.41319,0.03514,-0.38456,-0.82472,1171.14
quat2,-0.44142,-0.05823,0.54704,0.70888,1171.14
quat3,0.55467,-0.68296,0.17103,0.44345,1171.14
quat4,0.70472,-0.50000,0.09156,0.49497,1171.14
quat5,0.00000,0.38268,0.00000,-0.92388,1171.14
quat6,0.00000,0.38268,0.00000,-0.92388,1171.14
quat7,0.00000,0.38268,0.00000,-0.92388,1171.14
quat8,0.00000,0.38268,0.00000,-0.92388,1171.14
quat0,0.92096,-0.13288,-0.36619,-0.00910,1171.16
quat1,0.40382,0.04528,-0.38586,-0.82824,1171.16
quat2,-0.43043,-0.07101,0.54642,0.71492,1171.16
quat3,0.54929,-0.68109,0.17618,0.45095,1171.16
quat4,0.69781,-0.48950,0.09841,0.51359,1171.16
quat5,0.00000,0.38268,0.00000,-0.92388,1171.16
quat6,0.00000,0.38268,0.00000,-0.92388,1171.16
quat7,0.00000,0.38268,0.00000,-0.92388,1171.16
quat8,0.00000,0.38268,0.00000,-0.92388,1171.16
quat0,0.92067,-0.13499,-0.36615,-0.00919,1171.18
quat1,0.39226,0.05530,-0.38607,-0.83308,1171.18
quat2,-0.41783,-0.08189,0.54476,0.72246,1171.18
quat3,0.54211,-0.67938,0.18055,0.46039,1171.18
quat4,0.68800,-0.48132,0.10255,0.53335,1171.18
quat5,0.00000,0.38268,0.00000,-0.92388,1171.18
quat6,0.00000,0.38268,0.00000,-0.92388,1171.18
quat7,0.00000,0.38268,0.00000,-0.92388,1171.18
quat8,0.00000,0.38268,0.00000,-0.92388,1171.18
quat0,0.92038,-0.13738,-0.36601,-0.00815,1171.2
quat1,0.38035,0.06537,-0.38458,-0.83854,1171.2
quat2,-0.40440,-0.09141,0.54212,0.73090,1171.2
quat3,0.53615,-0.67575,0.17982,0.47283,1171.2
quat4,0.67534,-0.47501,0.10383,0.55453,1171.2
quat5,0.00000,0.38268,0.00000,-0.92388,1171.2
quat6,0.00000,0.38268,0.00000,-0.92388,1171.2
quat7,0.00000,0.38268,0.00000,-0.92388,1171.2
quat8,0.00000,0.38268,0.00000,-0.92388,1171.2
quat0,0.91943,-0.13827,-0.36804,-0.00842,1171.22
quat1,0.36858,0.07523,-0.38119,-0.84450,1171.22
quat2,-0.39029,-0.09858,0.53941,0.73958,1171.22
quat3,0.53132,-0.67053,0.17604,0.48694,1171.22
quat4,0.66084,-0.46868,0.10109,0.57741,1171.22
quat5,0.00000,0.38268,0.00000,-0.92388,1171.22
quat6,0.00000,0.38268,0.00000,-0.92388,1171.22
quat7,0.00000,0.38268,0.00000,-0.92388,1171.22
quat8,0.00000,0.38268,0.00000,-0.92388,1171.22
quat0,0.92038,-0.13721,-0.36609,-0.00726,1171.24
quat1,0.35691,0.08402,-0.37632,-0.85084,1171.24
quat2,-0.37506,-0.10280,0.53611,0.74923,1171.24
quat3,0.52490,-0.66405,0.17168,0.50402,1171.24
quat4,0.64546,-0.46389,0.09536,0.59924,1171.24
quat5,0.00000,0.38268,0.00000,-0.92388,1171.24
quat6,0.00000,0.38268,0.00000,-0.92388,1171.24
quat7,0.00000,0.38268,0.00000,-0.92388,1171.24
quat8,0.00000,0.38268,0.00000,-0.92388,1171.24
quat0,0.92071,-0.13784,-0.36499,-0.00902,1171.26
quat1,0.34537,0.09283,-0.36974,-0.85755,1171.26
quat2,-0.36063,-0.10633,0.53049,0.75975,1171.26
quat3,0.51388,-0.66380,0.16997,0.51614,1171.26
quat4,0.62962,-0.46286,0.08914,0.61758,1171.26
quat5,0.00000,0.38268,0.00000,-0.92388,1171.26
quat6,0.00000,0.38268,0.00000,-0.92388,1171.26
quat7,0.00000,0.38268,0.00000,-0.92388,1171.26
quat8,0.00000,0.38268,0.00000,-0.92388,1171.26
quat0,0.92170,-0.13534,-0.36342,-0.00842,1171.28
quat1,0.33350,0.09832,-0.36209,-0.86487,1171.28
quat2,-0.34673,-0.10853,0.52326,0.77084,1171.28
quat3,0.49965,-0.67139,0.16983,0.52033,1171.28
quat4,0.61365,-0.46513,0.08291,0.63262,1171.28
quat5,0.00000,0.38268,0.00000,-0.92388,1171.28
quat6,0.00000,0.38268,0.00000,-0.92388,1171.28
quat7,0.00000,0.38268,0.00000,-0.92388,1171.28
quat8,0.00000,0.38268,0.00000,-0.92388,1171.28
quat0,0.92279,-0.13413,-0.36111,-0.00774,1171.3
quat1,0.32065,0.09974,-0.35388,-0.87293,1171.3
quat2,-0.33275,-0.10758,0.51531,0.78241,1171.3
quat3,0.48449,-0.68216,0.16962,0.52073,1171.3
quat4,0.59791,-0.47017,0.07500,0.64484,1171.3
quat5,0.00000,0.38268,0.00000,-0.92388,1171.3
quat6,0.00000,0.38268,0.00000,-0.92388,1171.3
quat7,0.00000,0.38268,0.00000,-0.92388,1171.3
quat8,0.00000,0.38268,0.00000,-0.92388,1171.3
quat0,0.92343,-0.13299,-0.35993,-0.00679,1171.32
quat1,0.30923,0.09841,-0.34423,-0.88102,1171.32
quat2,-0.31970,-0.10391,0.50642,0.79406,1171.32
quat3,0.46975,-0.69340,0.16719,0.52017,1171.32
quat4,0.58196,-0.47968,0.06791,0.65316,1171.32
quat5,0.00000,0.38268,0.00000,-0.92388,1171.32
quat6,0.00000,0.38268,0.00000,-0.92388,1171.32
quat7,0.00000,0.38268,0.00000,-0.92388,1171.32
quat8,0.00000,0.38268,0.00000,-0.92388,1171.32
quat0,0.92398,-0.13186,-0.35895,-0.00582,1171.34
quat1,0.29999,0.09540,-0.33291,-0.88886,1171.34
quat2,-0.30885,-0.09812,0.49632,0.80539,1171.34
quat3,0.45634,-0.70504,0.16168,0.51820,1171.34
quat4,0.56584,-0.49308,0.06102,0.65800,1171.34
quat5,0.00000,0.38268,0.00000,-0.92388,1171.34
quat6,0.00000,0.38268,0.00000,-0.92388,1171.34
quat7,0.00000,0.38268,0.00000,-0.92388,1171.34
quat8,0.00000,0.38268,0.00000,-0.92388,1171.34
quat0,0.92488,-0.12976,-0.35740,-0.00438,1171.36
quat1,0.29231,0.09046,-0.32044,-0.89649,1171.36
quat2,-0.30138,-0.09127,0.48432,0.81626,1171.36
quat3,0.44519,-0.71541,0.15275,0.51638,1171.36
quat4,0.55053,-0.50822,0.05179,0.66027,1171.36
quat5,0.00000,0.38268,0.00000,-0.92388,1171.36
quat6,0.00000,0.38268,0.00000,-0.92388,1171.36
quat7,0.00000,0.38268,0.00000,-0.92388,1171.36
quat8,0.00000,0.38268,0.00000,-0.92388,1171.36
quat0,0.92535,-0.12933,-0.35634,-0.00449,1171.38
quat1,0.28733,0.08458,-0.30707,-0.90332,1171.38
quat2,-0.29749,-0.08354,0.47072,0.82641,1171.38
quat3,0.43564,-0.72534,0.14263,0.51357,1171.38
quat4,0.53650,-0.52502,0.04122,0.65941,1171.38
quat5,0.00000,0.38268,0.00000,-0.92388,1171.38
quat6,0.00000,0.38268,0.00000,-0.92388,1171.38
quat7,0.00000,0.38268,0.00000,-0.92388,1171.38
quat8,0.00000,0.38268,0.00000,-0.92388,1171.38
quat0,0.92603,-0.12587,-0.35584,-0.00285,1171.4
quat1,0.28447,0.07658,-0.29362,-0.90940,1171.4
quat2,-0.29690,-0.07362,0.45579,0.83587,1171.4
quat3,0.42754,-0.73601,0.13267,0.50783,1171.4
quat4,0.52354,-0.54434,0.02879,0.65481,1171.4
quat5,0.00000,0.38268,0.00000,-0.92388,1171.4
quat6,0.00000,0.38268,0.00000,-0.92388,1171.4
quat7,0.00000,0.38268,0.00000,-0.92388,1171.4
quat8,0.00000,0.38268,0.00000,-0.92388,1171.4
quat0,0.92647,-0.12419,-0.35527,-0.00250,1171.42
quat1,0.28326,0.06618,-0.28083,-0.91462,1171.42
quat2,-0.29943,-0.06201,0.44007,0.84430,1171.42
quat3,0.42069,-0.74777,0.12318,0.49869,1171.42
quat4,0.51184,-0.56528,0.01448,0.64673,1171.42
quat5,0.00000,0.38268,0.00000,-0.92388,1171.42
quat6,0.00000,0.38268,0.00000,-0.92388,1171.42
quat7,0.00000,0.38268,0.00000,-0.92388,1171.42
quat8,0.00000,0.38268,0.00000,-0.92388,1171.42
quat0,0.92645,-0.12409,-0.35536,-0.00235,1171.44
quat1,0.28378,0.05399,-0.26900,-0.91880,1171.44
quat2,-0.30465,-0.04889,0.42399,0.85149,1171.44
quat3,0.41520,-0.75950,0.11425,0.48755,1171.44
quat4,0.50174,-0.58677,-0.00193,0.63558,1171.44
quat5,0.00000,0.38268,0.00000,-0.92388,1171.44
quat6,0.00000,0.38268,0.00000,-0.92388,1171.44
quat7,0.00000,0.38268,0.00000,-0.92388,1171.44
quat8,0.00000,0.38268,0.00000,-0.92388,1171.44
quat0,0.92725,-0.11878,-0.35509,-0.00040,1171.46
quat1,0.28596,0.04066,-0.25872,-0.92176,1171.46
quat2,-0.31179,-0.03354,0.40841,0.85724,1171.46
quat3,0.41202,-0.76995,0.10692,0.47538,1171.46
quat4,0.49376,-0.60933,-0.01907,0.62012,1171.46
quat5,0.00000,0.38268,0.00000,-0.92388,1171.46
quat6,0.00000,0.38268,0.00000,-0.92388,1171.46
quat7,0.00000,0.38268,0.00000,-0.92388,1171.46
quat8,0.00000,0.38268,0.00000,-0.92388,1171.46
quat0,0.92775,-0.11705,-0.35438,0.00068,1171.48
quat1,0.29007,0.02739,-0.24996,-0.92338,1171.48
quat2,-0.32081,-0.01637,0.39340,0.86143,1171.48
quat3,0.41169,-0.77941,0.09985,0.46158,1171.48
quat4,0.48806,-0.63217,-0.03664,0.60068,1171.48
quat5,0.00000,0.38268,0.00000,-0.92388,1171.48
quat6,0.00000,0.38268,0.00000,-0.92388,1171.48
quat7,0.00000,0.38268,0.00000,-0.92388,1171.48
quat8,0.00000,0.38268,0.00000,-0.92388,1171.48
quat0,0.92788,-0.11603,-0.35435,0.00289,1171.5
quat1,0.29664,0.01638,-0.24238,-0.92357,1171.5
quat2,-0.33104,0.00204,0.37988,0.86377,1171.5
quat3,0.41532,-0.78564,0.09181,0.44928,1171.5
quat4,0.48623,-0.65250,-0.05248,0.57886,1171.5
quat5,0.00000,0.38268,0.00000,-0.92388,1171.5
quat6,0.00000,0.38268,0.00000,-0.92388,1171.5
quat7,0.00000,0.38268,0.00000,-0.92388,1171.5
quat8,0.00000,0.38268,0.00000,-0.92388,1171.5
quat0,0.92867,-0.11177,-0.35364,0.00367,1171.52
quat1,0.30543,0.00652,-0.23612,-0.92245,1171.52
quat2,-0.34267,0.02083,0.36884,0.86377,1171.52
quat3,0.42119,-0.78929,0.08198,0.43921,1171.52
quat4,0.48893,-0.66926,-0.06400,0.55583,1171.52
quat5,0.00000,0.38268,0.00000,-0.92388,1171.52
quat6,0.00000,0.38268,0.00000,-0.92388,1171.52
quat7,0.00000,0.38268,0.00000,-0.92388,1171.52
quat8,0.00000,0.38268,0.00000,-0.92388,1171.52
quat0,0.93015,-0.10657,-0.35136,0.00362,1171.54
quat1,0.31583,-0.00396,-0.23165,-0.92009,1171.54
quat2,-0.35535,0.03949,0.36144,0.86112,1171.54
quat3,0.42846,-0.79202,0.07183,0.42892,1171.54
quat4,0.49607,-0.68210,-0.07202,0.53242,1171.54
quat5,0.00000,0.38268,0.00000,-0.92388,1171.54
quat6,0.00000,0.38268,0.00000,-0.92388,1171.54
quat7,0.00000,0.38268,0.00000,-0.92388,1171.54
quat8,0.00000,0.38268,0.00000,-0.92388,1171.54
quat0,0.92995,-0.10589,-0.35209,0.00287,1171.56
quat1,0.32744,-0.01382,-0.22876,-0.91666,1171.56
quat2,-0.36845,0.05813,0.35786,0.85604,1171.56
quat3,0.43904,-0.79130,0.06171,0.42105,1171.56
quat4,0.50662,-0.68930,-0.07975,0.51170,1171.56
quat5,0.00000,0.38268,0.00000,-0.92388,1171.56
quat6,0.00000,0.38268,0.00000,-0.92388,1171.56
quat7,0.00000,0.38268,0.00000,-0.92388,1171.56
quat8,0.00000,0.38268,0.00000,-0.92388,1171.56
quat0,0.92854,-0.10743,-0.35531,0.00455,1171.58
quat1,0.33985,-0.02137,-0.22740,-0.91232,1171.58
quat2,-0.38155,0.07841,0.35931,0.84804,1171.58
quat3,0.45240,-0.78679,0.05343,0.41646,1171.58
quat4,0.51942,-0.69100,-0.08780,0.49499,1171.58
quat5,0.00000,0.38268,0.00000,-0.92388,1171.58
quat6,0.00000,0.38268,0.00000,-0.92388,1171.58
quat7,0.00000,0.38268,0.00000,-0.92388,1171.58
quat8,0.00000,0.38268,0.00000,-0.92388,1171.58
quat0,0.92762,-0.10800,-0.35754,0.00481,1171.6
quat1,0.35305,-0.02609,-0.22896,-0.90678,1171.6
quat2,-0.39380,0.10150,0.36668,0.83676,1171.6
quat3,0.46559,-0.78201,0.04951,0.41139,1171.6
quat4,0.53400,-0.69158,-0.09244,0.47750,1171.6
quat5,0.00000,0.38268,0.00000,-0.92388,1171.6
quat6,0.00000,0.38268,0.00000,-0.92388,1171.6
quat7,0.00000,0.38268,0.00000,-0.92388,1171.6
quat8,0.00000,0.38268,0.00000,-0.92388,1171.6
quat0,0.92789,-0.10925,-0.35646,0.00381,1171.62
quat1,0.36599,-0.03121,-0.23462,-0.90002,1171.62
quat2,-0.40381,0.12608,0.37984,0.82265,1171.62
quat3,0.47789,-0.77784,0.04956,0.40513,1171.62
quat4,0.55129,-0.69162,-0.09195,0.45747,1171.62
quat5,0.00000,0.38268,0.00000,-0.92388,1171.62
quat6,0.00000,0.38268,0.00000,-0.92388,1171.62
quat7,0.00000,0.38268,0.00000,-0.92388,1171.62
quat8,0.00000,0.38268,0.00000,-0.92388,1171.62
quat0,0.92831,-0.10858,-0.35558,0.00229,1171.64
quat1,0.37784,-0.03774,-0.24413,-0.89231,1171.64
quat2,-0.41234,0.14557,0.39569,0.80760,1171.64
quat3,0.48955,-0.77406,0.05431,0.39778,1171.64
quat4,0.57043,-0.69081,-0.08644,0.43580,1171.64
quat5,0.00000,0.38268,0.00000,-0.92388,1171.64
quat6,0.00000,0.38268,0.00000,-0.92388,1171.64
quat7,0.00000,0.38268,0.00000,-0.92388,1171.64
quat8,0.00000,0.38268,0.00000,-0.92388,1171.64
quat0,0.92799,-0.11165,-0.35549,0.00093,1171.66
quat1,0.38808,-0.04255,-0.25523,-0.88456,1171.66
quat2,-0.42072,0.15631,0.41231,0.79282,1171.66
quat3,0.50083,-0.76997,0.06245,0.39039,1171.66
quat4,0.58998,-0.68766,-0.07770,0.41595,1171.66
quat5,0.00000,0.38268,0.00000,-0.92388,1171.66
quat6,0.00000,0.38268,0.00000,-0.92388,1171.66
quat7,0.00000,0.38268,0.00000,-0.92388,1171.66
quat8,0.00000,0.38268,0.00000,-0.92388,1171.66
quat0,0.92800,-0.11202,-0.35534,-0.00055,1171.68
quat1,0.39711,-0.04567,-0.26695,-0.87690,1171.68
quat2,-0.42899,0.15915,0.42911,0.77879,1171.68
quat3,0.51129,-0.76438,0.07134,0.38628,1171.68
quat4,0.60940,-0.68157,-0.06747,0.39943,1171.68
quat5,0.00000,0.38268,0.00000,-0.92388,1171.68
quat6,0.00000,0.38268,0.00000,-0.92388,1171.68
quat7,0.00000,0.38268,0.00000,-0.92388,1171.68
quat8,0.00000,0.38268,0.00000,-0.92388,1171.68
quat0,0.92859,-0.11068,-0.35421,-0.00181,1171.7
quat1,0.40524,-0.04696,-0.27894,-0.86935,1171.7
quat2,-0.43552,0.15708,0.44694,0.76544,1171.7
quat3,0.52199,-0.75653,0.07856,0.38602,1171.7
quat4,0.62794,-0.67262,-0.05628,0.38743,1171.7
quat5,0.00000,0.38268,0.00000,-0.92388,1171.7
quat6,0.00000,0.38268,0.00000,-0.92388,1171.7
quat7,0.00000,0.38268,0.00000,-0.92388,1171.7
quat8,0.00000,0.38268,0.00000,-0.92388,1171.7
quat0,0.92807,-0.11242,-0.35500,-0.00370,1171.72
quat1,0.41289,-0.04612,-0.29100,-0.86181,1171.72
quat2,-0.43962,0.15258,0.46596,0.75256,1171.72
quat3,0.53284,-0.74728,0.08612,0.38761,1171.72
quat4,0.64479,-0.66167,-0.04492,0.38003,1171.72
quat5,0.00000,0.38268,0.00000,-0.92388,1171.72
quat6,0.00000,0.38268,0.00000,-0.92388,1171.72
quat7,0.00000,0.38268,0.00000,-0.92388,1171.72
quat8,0.00000,0.38268,0.00000,-0.92388,1171.72
quat0,0.92694,-0.11680,-0.35653,-0.00541,1171.74
quat1,0.41863,-0.04399,-0.30374,-0.85473,1171.74
quat2,-0.44201,0.14601,0.48490,0.74039,1171.74
quat3,0.54338,-0.73813,0.09487,0.38847,1171.74
quat4,0.65966,-0.64847,-0.03465,0.37834,1171.74
quat5,0.00000,0.38268,0.00000,-0.92388,1171.74
quat6,0.00000,0.38268,0.00000,-0.92388,1171.74
quat7,0.00000,0.38268,0.00000,-0.92388,1171.74
quat8,0.00000,0.38268,0.00000,-0.92388,1171.74
quat0,0.92678,-0.11909,-0.35618,-0.00625,1171.76
quat1,0.42171,-0.04085,-0.31677,-0.84862,1171.76
quat2,-0.44323,0.13720,0.50293,0.72923,1171.76
quat3,0.55196,-0.72898,0.10318,0.39151,1171.76
quat4,0.67266,-0.63275,-0.02588,0.38273,1171.76
quat5,0.00000,0.38268,0.00000,-0.92388,1171.76
quat6,0.00000,0.38268,0.00000,-0.92388,1171.76
quat7,0.00000,0.38268,0.00000,-0.92388,1171.76
quat8,0.00000,0.38268,0.00000,-0.92388,1171.76
quat0,0.92677,-0.11819,-0.35645,-0.00808,1171.78
quat1,0.42332,-0.03682,-0.32943,-0.84316,1171.78
quat2,-0.44297,0.12603,0.51980,0.71952,1171.78
quat3,0.55892,-0.71966,0.11029,0.39691,1171.78
quat4,0.68384,-0.61606,-0.01666,0.39059,1171.78
quat5,0.00000,0.38268,0.00000,-0.92388,1171.78
quat6,0.00000,0.38268,0.00000,-0.92388,1171.78
quat7,0.00000,0.38268,0.00000,-0.92388,1171.78
quat8,0.00000,0.38268,0.00000,-0.92388,1171.78
quat0,0.92728,-0.11969,-0.35459,-0.00946,1171.8
quat1,0.42412,-0.03132,-0.34020,-0.83869,1171.8
quat2,-0.44116,0.11230,0.53535,0.71146,1171.8
quat3,0.56435,-0.71131,0.11717,0.40228,1171.8
quat4,0.69347,-0.59962,-0.00523,0.39941,1171.8
quat5,0.00000,0.38268,0.00000,-0.92388,1171.8
quat6,0.00000,0.38268,0.00000,-0.92388,1171.8
quat7,0.00000,0.38268,0.00000,-0.92388,1171.8
quat8,0.00000,0.38268,0.00000,-0.92388,1171.8
quat0,0.92659,-0.12184,-0.35568,-0.00898,1171.82
quat1,0.42350,-0.02425,-0.34936,-0.83547,1171.82
quat2,-0.43778,0.09669,0.54952,0.70500,1171.82
quat3,0.56793,-0.70476,0.12458,0.40651,1171.82
quat4,0.70107,-0.58400,0.00848,0.40911,1171.82
quat5,0.00000,0.38268,0.00000,-0.92388,1171.82
quat6,0.00000,0.38268,0.00000,-0.92388,1171.82
quat7,0.00000,0.38268,0.00000,-0.92388,1171.82
quat8,0.00000,0.38268,0.00000,-0.92388,1171.82
quat0,0.92606,-0.12363,-0.35643,-0.00936,1171.84
quat1,0.42110,-0.01622,-0.35701,-0.83364,1171.84
quat2,-0.43270,0.07935,0.56279,0.69981,1171.84
quat3,0.57027,-0.69873,0.13131,0.41150,1171.84
quat4,0.70664,-0.56887,0.02395,0.42008,1171.84
quat5,0.00000,0.38268,0.00000,-0.92388,1171.84
quat6,0.00000,0.38268,0.00000,-0.92388,1171.84
quat7,0.00000,0.38268,0.00000,-0.92388,1171.84
quat8,0.00000,0.38268,0.00000,-0.92388,1171.84
quat0,0.92579,-0.12388,-0.35699,-0.01086,1171.86
quat1,0.41799,-0.00693,-0.36295,-0.83277,1171.86
quat2,-0.42563,0.06053,0.57540,0.69577,1171.86
quat3,0.57041,-0.69398,0.13717,0.41738,1171.86
quat4,0.70981,-0.55418,0.04028,0.43293,1171.86
quat5,0.00000,0.38268,0.00000,-0.92388,1171.86
quat6,0.00000,0.38268,0.00000,-0.92388,1171.86
quat7,0.00000,0.38268,0.00000,-0.92388,1171.86
quat8,0.00000,0.38268,0.00000,-0.92388,1171.86
quat0,0.92450,-0.12795,-0.35889,-0.01100,1171.88
quat1,0.41351,0.00222,-0.36737,-0.83309,1171.88
quat2,-0.41710,0.04030,0.58649,0.69313,1171.88
quat3,0.56982,-0.68899,0.14225,0.42469,1171.88
quat4,0.71073,-0.53953,0.05524,0.44801,1171.88
quat5,0.00000,0.38268,0.00000,-0.92388,1171.88
quat6,0.00000,0.38268,0.00000,-0.92388,1171.88
quat7,0.00000,0.38268,0.00000,-0.92388,1171.88
quat8,0.00000,0.38268,0.00000,-0.92388,1171.88
quat0,0.92418,-0.12872,-0.35944,-0.01088,1171.9
quat1,0.40740,0.01027,-0.37131,-0.83430,1171.9
quat2,-0.40687,0.02058,0.59552,0.69238,1171.9
quat3,0.56863,-0.68407,0.14716,0.43250,1171.9
quat4,0.70931,-0.52508,0.06735,0.46545,1171.9
quat5,0.00000,0.38268,0.00000,-0.92388,1171.9
quat6,0.00000,0.38268,0.00000,-0.92388,1171.9
quat7,0.00000,0.38268,0.00000,-0.92388,1171.9
quat8,0.00000,0.38268,0.00000,-0.92388,1171.9
quat0,0.92458,-0.13032,-0.35781,-0.01146,1171.92
quat1,0.40096,0.01937,-0.37441,-0.83587,1171.92
quat2,-0.39574,0.00068,0.60108,0.69433,1171.92
quat3,0.56594,-0.68024,0.15381,0.43969,1171.92
quat4,0.70464,-0.51331,0.07728,0.48376,1171.92
quat5,0.00000,0.38268,0.00000,-0.92388,1171.92
quat6,0.00000,0.38268,0.00000,-0.92388,1171.92
quat7,0.00000,0.38268,0.00000,-0.92388,1171.92
quat8,0.00000,0.38268,0.00000,-0.92388,1171.92
quat0,0.92405,-0.13288,-0.35822,-0.01268,1171.94
quat1,0.39382,0.03067,-0.37635,-0.83805,1171.94
quat2,-0.38612,-0.02144,0.60164,0.69892,1171.94
quat3,0.56099,-0.67680,0.16169,0.44843,1171.94
quat4,0.69702,-0.50329,0.08351,0.50388,1171.94
quat5,0.00000,0.38268,0.00000,-0.92388,1171.94
quat6,0.00000,0.38268,0.00000,-0.92388,1171.94
quat7,0.00000,0.38268,0.00000,-0.92388,1171.94
quat8,0.00000,0.38268,0.00000,-0.92388,1171.94
quat0,0.92368,-0.13468,-0.35849,-0.01258,1171.96
quat1,0.38620,0.04327,-0.37698,-0.84075,1171.96
quat2,-0.37754,-0.04327,0.59866,0.70512,1171.96
quat3,0.55462,-0.67300,0.16835,0.45949,1171.96
quat4,0.68738,-0.49442,0.08567,0.52509,1171.96
quat5,0.00000,0.38268,0.00000,-0.92388,1171.96
quat6,0.00000,0.38268,0.00000,-0.92388,1171.96
quat7,0.00000,0.38268,0.00000,-0.92388,1171.96
quat8,0.00000,0.38268,0.00000,-0.92388,1171.96
quat0,0.92429,-0.13439,-0.35705,-0.01167,1171.98
quat1,0.37816,0.05649,-0.37703,-0.84359,1171.98
quat2,-0.36732,-0.06186,0.59378,0.71321,1171.98
quat3,0.54712,-0.66950,0.17419,0.47126,1171.98
quat4,0.67596,-0.48842,0.08634,0.54504,1171.98
quat5,0.00000,0.38268,0.00000,-0.92388,1171.98
quat6,0.00000,0.38268,0.00000,-0.92388,1171.98
quat7,0.00000,0.38268,0.00000,-0.92388,1171.98
quat8,0.00000,0.38268,0.00000,-0.92388,1171.98
quat0,0.92426,-0.13641,-0.35635,-0.01246,1172
quat1,0.36862,0.06870,-0.37656,-0.84711,1172
quat2,-0.35619,-0.07762,0.58713,0.72276,1172
quat3,0.53729,-0.66782,0.18021,0.48255,1172
quat4,0.66307,-0.48574,0.08764,0.56278,1172
quat5,0.00000,0.38268,0.00000,-0.92388,1172
quat6,0.00000,0.38268,0.00000,-0.92388,1172
quat7,0.00000,0.38268,0.00000,-0.92388,1172
quat8,0.00000,0.38268,0.00000,-0.92388,1172
quat0,0.92463,-0.13633,-0.35542,-0.01232,1172.02
quat1,0.35896,0.07880,-0.37471,-0.85120,1172.02
quat2,-0.34524,-0.09214,0.57873,0.73307,1172.02
quat3,0.52582,-0.66866,0.18627,0.49165,1172.02
quat4,0.64894,-0.48544,0.08834,0.57916,1172.02
quat5,0.00000,0.38268,0.00000,-0.92388,1172.02
quat6,0.00000,0.38268,0.00000,-0.92388,1172.02
quat7,0.00000,0.38268,0.00000,-0.92388,1172.02
quat8,0.00000,0.38268,0.00000,-0.92388,1172.02
quat0,0.92393,-0.13712,-0.35694,-0.01183,1172.04
quat1,0.34917,0.08874,-0.37126,-0.85579,1172.04
quat2,-0.33462,-0.10402,0.56934,0.74369,1172.04
quat3,0.51320,-0.67190,0.19062,0.49884,1172.04
quat4,0.63413,-0.48666,0.08768,0.59444,1172.04
quat5,0.00000,0.38268,0.00000,-0.92388,1172.04
quat6,0.00000,0.38268,0.00000,-0.92388,1172.04
quat7,0.00000,0.38268,0.00000,-0.92388,1172.04
quat8,0.00000,0.38268,0.00000,-0.92388,1172.04
quat0,0.92466,-0.13515,-0.35582,-0.01089,1172.06
quat1,0.33792,0.09627,-0.36672,-0.86143,1172.06
quat2,-0.32418,-0.11235,0.55972,0.75432,1172.06
quat3,0.49987,-0.67632,0.19192,0.50584,1172.06
quat4,0.61947,-0.49062,0.08719,0.60659,1172.06
quat5,0.00000,0.38268,0.00000,-0.92388,1172.06
quat6,0.00000,0.38268,0.00000,-0.92388,1172.06
quat7,0.00000,0.38268,0.00000,-0.92388,1172.06
quat8,0.00000,0.38268,0.00000,-0.92388,1172.06
quat0,0.92576,-0.13284,-0.35385,-0.01049,1172.08
quat1,0.32677,0.10056,-0.36084,-0.86770,1172.08
quat2,-0.31420,-0.11869,0.54932,0.76514,1172.08
quat3,0.48592,-0.68163,0.19156,0.51241,1172.08
quat4,0.60428,-0.49785,0.08743,0.61591,1172.08
quat5,0.00000,0.38268,0.00000,-0.92388,1172.08
quat6,0.00000,0.38268,0.00000,-0.92388,1172.08
quat7,0.00000,0.38268,0.00000,-0.92388,1172.08
quat8,0.00000,0.38268,0.00000,-0.92388,1172.08
quat0,0.92531,-0.13262,-0.35512,-0.01073,1172.1
quat1,0.31628,0.10338,-0.35276,-0.87455,1172.1
quat2,-0.30537,-0.12301,0.53811,0.77592,1172.1
quat3,0.47188,-0.68830,0.18963,0.51731,1172.1
quat4,0.58815,-0.50791,0.08705,0.62333,1172.1
quat5,0.00000,0.38268,0.00000,-0.92388,1172.1
quat6,0.00000,0.38268,0.00000,-0.92388,1172.1
quat7,0.00000,0.38268,0.00000,-0.92388,1172.1
quat8,0.00000,0.38268,0.00000,-0.92388,1172.1
quat0,0.92592,-0.12981,-0.35457,-0.00994,1172.12
quat1,0.30604,0.10393,-0.34323,-0.88189,1172.12
quat2,-0.29708,-0.12415,0.52627,0.78700,1172.12
quat3,0.45955,-0.69629,0.18470,0.51950,1172.12
quat4,0.57216,-0.51829,0.08395,0.63005,1172.12
quat5,0.00000,0.38268,0.00000,-0.92388,1172.12
quat6,0.00000,0.38268,0.00000,-0.92388,1172.12
quat7,0.00000,0.38268,0.00000,-0.92388,1172.12
quat8,0.00000,0.38268,0.00000,-0.92388,1172.12
quat0,0.92693,-0.12875,-0.35234,-0.00886,1172.14
quat1,0.29673,0.10297,-0.33256,-0.88924,1172.14
quat2,-0.28981,-0.12363,0.51302,0.79846,1172.14
quat3,0.44904,-0.70398,0.17676,0.52109,1172.14
quat4,0.55767,-0.52751,0.07709,0.63624,1172.14
quat5,0.00000,0.38268,0.00000,-0.92388,1172.14
quat6,0.00000,0.38268,0.00000,-0.92388,1172.14
quat7,0.00000,0.38268,0.00000,-0.92388,1172.14
quat8,0.00000,0.38268,0.00000,-0.92388,1172.14
quat0,0.92724,-0.12697,-0.35219,-0.00787,1172.16
quat1,0.28898,0.09996,-0.32081,-0.89643,1172.16
quat2,-0.28438,-0.12149,0.49838,0.80993,1172.16
quat3,0.43951,-0.71111,0.16711,0.52271,1172.16
quat4,0.54397,-0.53707,0.06732,0.64119,1172.16
quat5,0.00000,0.38268,0.00000,-0.92388,1172.16
quat6,0.00000,0.38268,0.00000,-0.92388,1172.16
quat7,0.00000,0.38268,0.00000,-0.92388,1172.16
quat8,0.00000,0.38268,0.00000,-0.92388,1172.16
quat0,0.92804,-0.12439,-0.35102,-0.00683,1172.18
quat1,0.28394,0.09645,-0.30832,-0.90278,1172.18
quat2,-0.28063,-0.11662,0.48307,0.82115,1172.18
quat3,0.43093,-0.71917,0.15715,0.52191,1172.18
quat4,0.53062,-0.54828,0.05559,0.64401,1172.18
quat5,0.00000,0.38268,0.00000,-0.92388,1172.18
quat6,0.00000,0.38268,0.00000,-0.92388,1172.18
quat7,0.00000,0.38268,0.00000,-0.92388,1172.18
quat8,0.00000,0.38268,0.00000,-0.92388,1172.18
quat0,0.92823,-0.12390,-0.35071,-0.00698,1172.2
quat1,0.28096,0.09237,-0.29546,-0.90842,1172.2
quat2,-0.27964,-0.10989,0.46663,0.83186,1172.2
quat3,0.42248,-0.72941,0.14770,0.51736,1172.2
quat4,0.51791,-0.56189,0.04257,0.64361,1172.2
quat5,0.00000,0.38268,0.00000,-0.92388,1172.2
quat6,0.00000,0.38268,0.00000,-0.92388,1172.2
quat7,0.00000,0.38268,0.00000,-0.92388,1172.2
quat8,0.00000,0.38268,0.00000,-0.92388,1172.2
quat0,0.92768,-0.12306,-0.35246,-0.00708,1172.22
quat1,0.27928,0.08659,-0.28284,-0.91352,1172.22
quat2,-0.28159,-0.10157,0.44932,0.84172,1172.22
quat3,0.41519,-0.74060,0.13858,0.50982,1172.22
quat4,0.50678,-0.57787,0.02964,0.63903,1172.22
quat5,0.00000,0.38268,0.00000,-0.92388,1172.22
quat6,0.00000,0.38268,0.00000,-0.92388,1172.22
quat7,0.00000,0.38268,0.00000,-0.92388,1172.22
quat8,0.00000,0.38268,0.00000,-0.92388,1172.22
quat0,0.92810,-0.12076,-0.35215,-0.00564,1172.24
quat1,0.27883,0.07889,-0.27131,-0.91784,1172.24
quat2,-0.28568,-0.08901,0.43296,0.85030,1172.24
quat3,0.40901,-0.75194,0.12962,0.50049,1172.24
quat4,0.49768,-0.59589,0.01660,0.63004,1172.24
quat5,0.00000,0.38268,0.00000,-0.92388,1172.24
quat6,0.00000,0.38268,0.00000,-0.92388,1172.24
quat7,0.00000,0.38268,0.00000,-0.92388,1172.24
quat8,0.00000,0.38268,0.00000,-0.92388,1172.24
quat0,0.92816,-0.11938,-0.35247,-0.00625,1172.26
quat1,0.27824,0.06734,-0.26155,-0.92176,1172.26
quat2,-0.29101,-0.07158,0.41804,0.85757,1172.26
quat3,0.40474,-0.76273,0.12168,0.48952,1172.26
quat4,0.49062,-0.61409,0.00274,0.61821,1172.26
quat5,0.00000,0.38268,0.00000,-0.92388,1172.26
quat6,0.00000,0.38268,0.00000,-0.92388,1172.26
quat7,0.00000,0.38268,0.00000,-0.92388,1172.26
quat8,0.00000,0.38268,0.00000,-0.92388,1172.26
quat0,0.92825,-0.11887,-0.35238,-0.00654,1172.28
quat1,0.27897,0.05306,-0.25316,-0.92481,1172.28
quat2,-0.29818,-0.05120,0.40448,0.86306,1172.28
quat3,0.40251,-0.77244,0.11436,0.47774,1172.28
quat4,0.48572,-0.63116,-0.01173,0.60464,1172.28
quat5,0.00000,0.38268,0.00000,-0.92388,1172.28
quat6,0.00000,0.38268,0.00000,-0.92388,1172.28
quat7,0.00000,0.38268,0.00000,-0.92388,1172.28
quat8,0.00000,0.38268,0.00000,-0.92388,1172.28
quat0,0.92861,-0.11803,-0.35173,-0.00613,1172.3
quat1,0.28120,0.03818,-0.24628,-0.92672,1172.3
quat2,-0.30694,-0.02864,0.39271,0.86646,1172.3
quat3,0.40280,-0.78039,0.10675,0.46620,1172.3
quat4,0.48367,-0.64666,-0.02535,0.58928,1172.3
quat5,0.00000,0.38268,0.00000,-0.92388,1172.3
quat6,0.00000,0.38268,0.00000,-0.92388,1172.3
quat7,0.00000,0.38268,0.00000,-0.92388,1172.3
quat8,0.00000,0.38268,0.00000,-0.92388,1172.3
quat0,0.92874,-0.11634,-0.35195,-0.00596,1172.32
quat1,0.28502,0.02356,-0.24125,-0.92737,1172.32
quat2,-0.31709,-0.00529,0.38278,0.86770,1172.32
quat3,0.40519,-0.78636,0.09948,0.45559,1172.32
quat4,0.48452,-0.65994,-0.03737,0.57299,1172.32
quat5,0.00000,0.38268,0.00000,-0.92388,1172.32
quat6,0.00000,0.38268,0.00000,-0.92388,1172.32
quat7,0.00000,0.38268,0.00000,-0.92388,1172.32
quat8,0.00000,0.38268,0.00000,-0.92388,1172.32
quat0,0.92835,-0.11473,-0.35351,-0.00686,1172.34
quat1,0.29088,0.01166,-0.23749,-0.92674,1172.34
quat2,-0.32853,0.01742,0.37537,0.86652,1172.34
quat3,0.41060,-0.79043,0.09273,0.44500,1172.34
quat4,0.48881,-0.67013,-0.04762,0.55652,1172.34
quat5,0.00000,0.38268,0.00000,-0.92388,1172.34
quat6,0.00000,0.38268,0.00000,-0.92388,1172.34
quat7,0.00000,0.38268,0.00000,-0.92388,1172.34
quat8,0.00000,0.38268,0.00000,-0.92388,1172.34
quat0,0.92760,-0.11446,-0.35555,-0.00701,1172.36
quat1,0.30039,0.00283,-0.23436,-0.92457,1172.36
quat2,-0.34097,0.03916,0.37082,0.86296,1172.36
quat3,0.41739,-0.79261,0.08692,0.43588,1172.36
quat4,0.49600,-0.67717,-0.05642,0.54060,1172.36
quat5,0.00000,0.38268,0.00000,-0.92388,1172.36
quat6,0.00000,0.38268,0.00000,-0.92388,1172.36
quat7,0.00000,0.38268,0.00000,-0.92388,1172.36
quat8,0.00000,0.38268,0.00000,-0.92388,1172.36
quat0,0.92668,-0.11333,-0.35829,-0.00643,1172.38
quat1,0.31214,-0.00420,-0.23249,-0.92114,1172.38
quat2,-0.35321,0.06005,0.37003,0.85716,1172.38
quat3,0.42732,-0.79132,0.08120,0.42966,1172.38
quat4,0.50565,-0.67979,-0.06413,0.52734,1172.38
quat5,0.00000,0.38268,0.00000,-0.92388,1172.38
quat6,0.00000,0.38268,0.00000,-0.92388,1172.38
quat7,0.00000,0.38268,0.00000,-0.92388,1172.38
quat8,0.00000,0.38268,0.00000,-0.92388,1172.38
quat0,0.92619,-0.11224,-0.35989,-0.00700,1172.4
quat1,0.32418,-0.00992,-0.23250,-0.91693,1172.4
quat2,-0.36510,0.07969,0.37281,0.84933,1172.4
quat3,0.43933,-0.78810,0.07699,0.42422,1172.4
quat4,0.51794,-0.68180,-0.06862,0.51203,1172.4
quat5,0.00000,0.38268,0.00000,-0.92388,1172.4
quat6,0.00000,0.38268,0.00000,-0.92388,1172.4
quat7,0.00000,0.38268,0.00000,-0.92388,1172.4
quat8,0.00000,0.38268,0.00000,-0.92388,1172.4
quat0,0.92512,-0.11393,-0.36211,-0.00674,1172.42
quat1,0.33615,-0.01449,-0.23490,-0.91193,1172.42
quat2,-0.37643,0.09637,0.37843,0.84012,1172.42
quat3,0.45218,-0.78440,0.07473,0.41793,1172.42
quat4,0.53257,-0.68315,-0.06938,0.49484,1172.42
quat5,0.00000,0.38268,0.00000,-0.92388,1172.42
quat6,0.00000,0.38268,0.00000,-0.92388,1172.42
quat7,0.00000,0.38268,0.00000,-0.92388,1172.42
quat8,0.00000,0.38268,0.00000,-0.92388,1172.42
quat0,0.92559,-0.11328,-0.36110,-0.00807,1172.44
quat1,0.34824,-0.01907,-0.24018,-0.90592,1172.44
quat2,-0.38747,0.10874,0.38661,0.82980,1172.44
quat3,0.46462,-0.78009,0.07559,0.41216,1172.44
quat4,0.54847,-0.68355,-0.06730,0.47687,1172.44
quat5,0.00000,0.38268,0.00000,-0.92388,1172.44
quat6,0.00000,0.38268,0.00000,-0.92388,1172.44
quat7,0.00000,0.38268,0.00000,-0.92388,1172.44
quat8,0.00000,0.38268,0.00000,-0.92388,1172.44
quat0,0.92515,-0.11325,-0.36219,-0.00971,1172.46
quat1,0.35961,-0.02361,-0.24803,-0.89922,1172.46
quat2,-0.39760,0.11819,0.39783,0.81834,1172.46
quat3,0.47682,-0.77603,0.07953,0.40509,1172.46
quat4,0.56561,-0.68268,-0.06221,0.45844,1172.46
quat5,0.00000,0.38268,0.00000,-0.92388,1172.46
quat6,0.00000,0.38268,0.00000,-0.92388,1172.46
quat7,0.00000,0.38268,0.00000,-0.92388,1172.46
quat8,0.00000,0.38268,0.00000,-0.92388,1172.46
quat0,0.92576,-0.11479,-0.36012,-0.00976,1172.48
quat1,0.37067,-0.02720,-0.25823,-0.89173,1172.48
quat2,-0.40632,0.12474,0.41160,0.80618,1172.48
quat3,0.48824,-0.77160,0.08625,0.39852,1172.48
quat4,0.58331,-0.68044,-0.05472,0.44018,1172.48
quat5,0.00000,0.38268,0.00000,-0.92388,1172.48
quat6,0.00000,0.38268,0.00000,-0.92388,1172.48
quat7,0.00000,0.38268,0.00000,-0.92388,1172.48
quat8,0.00000,0.38268,0.00000,-0.92388,1172.48
quat0,0.92556,-0.11600,-0.36026,-0.01027,1172.5
quat1,0.38021,-0.03063,-0.27060,-0.88390,1172.5
quat2,-0.41400,0.12911,0.42779,0.79305,1172.5
quat3,0.49981,-0.76606,0.09490,0.39286,1172.5
quat4,0.60063,-0.67607,-0.04641,0.42429,1172.5
quat5,0.00000,0.38268,0.00000,-0.92388,1172.5
quat6,0.00000,0.38268,0.00000,-0.92388,1172.5
quat7,0.00000,0.38268,0.00000,-0.92388,1172.5
quat8,0.00000,0.38268,0.00000,-0.92388,1172.5
quat0,0.92499,-0.11836,-0.36087,-0.01241,1172.52
quat1,0.38816,-0.03226,-0.28450,-0.87599,1172.52
quat2,-0.42014,0.13148,0.44552,0.77956,1172.52
quat3,0.51089,-0.75950,0.10459,0.38887,1172.52
quat4,0.61728,-0.66900,-0.03777,0.41228,1172.52
quat5,0.00000,0.38268,0.00000,-0.92388,1172.52
quat6,0.00000,0.38268,0.00000,-0.92388,1172.52
quat7,0.00000,0.38268,0.00000,-0.92388,1172.52
quat8,0.00000,0.38268,0.00000,-0.92388,1172.52
quat0,0.92433,-0.11988,-0.36202,-0.01316,1172.54
quat1,0.39457,-0.03413,-0.30097,-0.86751,1172.54
quat2,-0.42491,0.13161,0.46365,0.76626,1172.54
quat3,0.52093,-0.75152,0.11465,0.38820,1172.54
quat4,0.63306,-0.66024,-0.02782,0.40316,1172.54
quat5,0.00000,0.38268,0.00000,-0.92388,1172.54
quat6,0.00000,0.38268,0.00000,-0.92388,1172.54
quat7,0.00000,0.38268,0.00000,-0.92388,1172.54
quat8,0.00000,0.38268,0.00000,-0.92388,1172.54
quat0,0.92413,-0.12018,-0.36233,-0.01579,1172.56
quat1,0.39805,-0.03592,-0.31942,-0.85921,1172.56
quat2,-0.42829,0.12950,0.48182,0.75343,1172.56
quat3,0.53025,-0.74214,0.12524,0.39035,1172.56
quat4,0.64857,-0.65017,-0.01590,0.39546,1172.56
quat5,0.00000,0.38268,0.00000,-0.92388,1172.56
quat6,0.00000,0.38268,0.00000,-0.92388,1172.56
quat7,0.00000,0.38268,0.00000,-0.92388,1172.56
quat8,0.00000,0.38268,0.00000,-0.92388,1172.56
quat0,0.92353,-0.12243,-0.36306,-0.01728,1172.58
quat1,0.39905,-0.03569,-0.33850,-0.85141,1172.58
quat2,-0.42961,0.12694,0.50068,0.74071,1172.58
quat3,0.53848,-0.73294,0.13798,0.39218,1172.58
quat4,0.66251,-0.64093,-0.00059,0.38766,1172.58
quat5,0.00000,0.38268,0.00000,-0.92388,1172.58
quat6,0.00000,0.38268,0.00000,-0.92388,1172.58
quat7,0.00000,0.38268,0.00000,-0.92388,1172.58
quat8,0.00000,0.38268,0.00000,-0.92388,1172.58
quat0,0.92373,-0.12411,-0.36188,-0.01909,1172.6
quat1,0.39913,-0.03356,-0.35742,-0.84370,1172.6
quat2,-0.42904,0.12272,0.52001,0.72833,1172.6
quat3,0.54630,-0.72382,0.15119,0.39343,1172.6
quat4,0.67499,-0.63172,0.01716,0.38083,1172.6
quat5,0.00000,0.38268,0.00000,-0.92388,1172.6
quat6,0.00000,0.38268,0.00000,-0.92388,1172.6
quat7,0.00000,0.38268,0.00000,-0.92388,1172.6
quat8,0.00000,0.38268,0.00000,-0.92388,1172.6
quat0,0.92251,-0.12651,-0.36414,-0.01941,1172.62
quat1,0.39879,-0.02896,-0.37439,-0.83664,1172.62
quat2,-0.42614,0.11637,0.53965,0.71669,1172.62
quat3,0.55229,-0.71512,0.16476,0.39552,1172.62
quat4,0.68633,-0.62134,0.03577,0.37630,1172.62
quat5,0.00000,0.38268,0.00000,-0.92388,1172.62
quat6,0.00000,0.38268,0.00000,-0.92388,1172.62
quat7,0.00000,0.38268,0.00000,-0.92388,1172.62
quat8,0.00000,0.38268,0.00000,-0.92388,1172.62
quat0,0.92277,-0.12837,-0.36280,-0.01965,1172.64
quat1,0.39779,-0.02268,-0.38845,-0.83088,1172.64
quat2,-0.42170,0.10607,0.55916,0.70587,1172.64
quat3,0.55708,-0.70589,0.17740,0.39988,1172.64
quat4,0.69633,-0.60943,0.05407,0.37523,1172.64
quat5,0.00000,0.38268,0.00000,-0.92388,1172.64
quat6,0.00000,0.38268,0.00000,-0.92388,1172.64
quat7,0.00000,0.38268,0.00000,-0.92388,1172.64
quat8,0.00000,0.38268,0.00000,-0.92388,1172.64
quat0,0.92294,-0.12908,-0.36217,-0.01893,1172.66
quat1,0.39673,-0.01466,-0.39899,-0.82656,1172.66
quat2,-0.41645,0.09112,0.57749,0.69626,1172.66
quat3,0.56183,-0.69664,0.18717,0.40497,1172.66
quat4,0.70448,-0.59634,0.07232,0.37797,1172.66
quat5,0.00000,0.38268,0.00000,-0.92388,1172.66
quat6,0.00000,0.38268,0.00000,-0.92388,1172.66
quat7,0.00000,0.38268,0.00000,-0.92388,1172.66
quat8,0.00000,0.38268,0.00000,-0.92388,1172.66
quat0,0.92246,-0.13048,-0.36285,-0.01945,1172.68
quat1,0.39652,-0.00502,-0.40639,-0.82316,1172.68
quat2,-0.41073,0.07184,0.59353,0.68837,1172.68
quat3,0.56626,-0.68765,0.19294,0.41142,1172.68
quat4,0.71092,-0.58213,0.09057,0.38408,1172.68
quat5,0.00000,0.38268,0.00000,-0.92388,1172.68
quat6,0.00000,0.38268,0.00000,-0.92388,1172.68
quat7,0.00000,0.38268,0.00000,-0.92388,1172.68
quat8,0.00000,0.38268,0.00000,-0.92388,1172.68
quat0,0.92260,-0.13133,-0.36219,-0.01927,1172.7
quat1,0.39727,0.00658,-0.41089,-0.82055,1172.7
quat2,-0.40569,0.04736,0.60512,0.68337,1172.7
quat3,0.57076,-0.67831,0.19432,0.41996,1172.7
quat4,0.71525,-0.56718,0.10807,0.39376,1172.7
quat5,0.00000,0.38268,0.00000,-0.92388,1172.7
quat6,0.00000,0.38268,0.00000,-0.92388,1172.7
quat7,0.00000,0.38268,0.00000,-0.92388,1172.7
quat8,0.00000,0.38268,0.00000,-0.92388,1172.7
quat0,0.92229,-0.13466,-0.36172,-0.02028,1172.72
quat1,0.39860,0.02040,-0.41436,-0.81793,1172.72
quat2,-0.40232,0.01877,0.61118,0.68135,1172.72
quat3,0.57516,-0.66883,0.19460,0.42893,1172.72
quat4,0.71686,-0.55236,0.12376,0.40706,1172.72
quat5,0.00000,0.38268,0.00000,-0.92388,1172.72
quat6,0.00000,0.38268,0.00000,-0.92388,1172.72
quat7,0.00000,0.38268,0.00000,-0.92388,1172.72
quat8,0.00000,0.38268,0.00000,-0.92388,1172.72
quat0,0.92224,-0.13422,-0.36204,-0.01965,1172.74
quat1,0.39761,0.03460,-0.41768,-0.81625,1172.74
quat2,-0.40002,-0.01134,0.61236,0.68181,1172.74
quat3,0.57741,-0.65994,0.19573,0.43905,1172.74
quat4,0.71605,-0.53765,0.13414,0.42450,1172.74
quat5,0.00000,0.38268,0.00000,-0.92388,1172.74
quat6,0.00000,0.38268,0.00000,-0.92388,1172.74
quat7,0.00000,0.38268,0.00000,-0.92388,1172.74
quat8,0.00000,0.38268,0.00000,-0.92388,1172.74
quat0,0.92193,-0.13613,-0.36215,-0.01909,1172.76
quat1,0.39474,0.04808,-0.42121,-0.81514,1172.76
quat2,-0.39663,-0.03932,0.61026,0.68463,1172.76
quat3,0.57655,-0.65252,0.19953,0.44944,1172.76
quat4,0.71346,-0.52329,0.13649,0.44555,1172.76
quat5,0.00000,0.38268,0.00000,-0.92388,1172.76
quat6,0.00000,0.38268,0.00000,-0.92388,1172.76
quat7,0.00000,0.38268,0.00000,-0.92388,1172.76
quat8,0.00000,0.38268,0.00000,-0.92388,1172.76
quat0,0.92138,-0.13786,-0.36289,-0.01916,1172.78
quat1,0.38971,0.06142,-0.42465,-0.81488,1172.78
quat2,-0.39076,-0.06315,0.60668,0.68938,1172.78
quat3,0.57288,-0.64711,0.20587,0.45901,1172.78
quat4,0.70874,-0.51011,0.13259,0.46893,1172.78
quat5,0.00000,0.38268,0.00000,-0.92388,1172.78
quat6,0.00000,0.38268,0.00000,-0.92388,1172.78
quat7,0.00000,0.38268,0.00000,-0.92388,1172.78
quat8,0.00000,0.38268,0.00000,-0.92388,1172.78
quat0,0.92152,-0.13732,-0.36278,-0.01816,1172.8
quat1,0.38178,0.07469,-0.42693,-0.81633,1172.8
quat2,-0.38160,-0.08228,0.60319,0.69554,1172.8
quat3,0.56679,-0.64342,0.21294,0.46841,1172.8
quat4,0.70163,-0.49924,0.12599,0.49254,1172.8
quat5,0.00000,0.38268,0.00000,-0.92388,1172.8
quat6,0.00000,0.38268,0.00000,-0.92388,1172.8
quat7,0.00000,0.38268,0.00000,-0.92388,1172.8
quat8,0.00000,0.38268,0.00000,-0.92388,1172.8
quat0,0.92116,-0.13521,-0.36452,-0.01763,1172.82
quat1,0.37117,0.08666,-0.42771,-0.81963,1172.82
quat2,-0.36919,-0.09585,0.60046,0.70283,1172.82
quat3,0.55840,-0.64163,0.21987,0.47766,1172.82
quat4,0.69247,-0.49193,0.12073,0.51373,1172.82
quat5,0.00000,0.38268,0.00000,-0.92388,1172.82
quat6,0.00000,0.38268,0.00000,-0.92388,1172.82
quat7,0.00000,0.38268,0.00000,-0.92388,1172.82
quat8,0.00000,0.38268,0.00000,-0.92388,1172.82
quat0,0.92119,-0.13481,-0.36461,-0.01737,1172.84
quat1,0.35863,0.09700,-0.42679,-0.82452,1172.84
quat2,-0.35505,-0.10581,0.59747,0.71118,1172.84
quat3,0.54772,-0.64218,0.22631,0.48619,1172.84
quat4,0.68117,-0.48888,0.11891,0.53185,1172.84
quat5,0.00000,0.38268,0.00000,-0.92388,1172.84
quat6,0.00000,0.38268,0.00000,-0.92388,1172.84
quat7,0.00000,0.38268,0.00000,-0.92388,1172.84
quat8,0.00000,0.38268,0.00000,-0.92388,1172.84
quat0,0.92152,-0.13417,-0.36397,-0.01796,1172.86
quat1,0.34430,0.10474,-0.42411,-0.83104,1172.86
quat2,-0.34054,-0.11378,0.59334,0.72044,1172.86
quat3,0.53562,-0.64474,0.23149,0.49380,1172.86
quat4,0.66819,-0.48974,0.11979,0.54710,1172.86
quat5,0.00000,0.38268,0.00000,-0.92388,1172.86
quat6,0.00000,0.38268,0.00000,-0.92388,1172.86
quat7,0.00000,0.38268,0.00000,-0.92388,1172.86
quat8,0.00000,0.38268,0.00000,-0.92388,1172.86
quat0,0.92156,-0.13388,-0.36402,-0.01729,1172.88
quat1,0.32867,0.11083,-0.41956,-0.83885,1172.88
quat2,-0.32561,-0.11948,0.58828,0.73050,1172.88
quat3,0.52234,-0.64899,0.23513,0.50069,1172.88
quat4,0.65427,-0.49310,0.12114,0.56046,1172.88
quat5,0.00000,0.38268,0.00000,-0.92388,1172.88
quat6,0.00000,0.38268,0.00000,-0.92388,1172.88
quat7,0.00000,0.38268,0.00000,-0.92388,1172.88
quat8,0.00000,0.38268,0.00000,-0.92388,1172.88
quat0,0.92191,-0.13212,-0.36382,-0.01616,1172.9
quat1,0.31263,0.11454,-0.41300,-0.84769,1172.9
quat2,-0.31077,-0.12321,0.58168,0.74155,1172.9
quat3,0.50834,-0.65497,0.23627,0.50674,1172.9
quat4,0.63918,-0.49902,0.12285,0.57214,1172.9
quat5,0.00000,0.38268,0.00000,-0.92388,1172.9
quat6,0.00000,0.38268,0.00000,-0.92388,1172.9
quat7,0.00000,0.38268,0.00000,-0.92388,1172.9
quat8,0.00000,0.38268,0.00000,-0.92388,1172.9
quat0,0.92228,-0.13157,-0.36309,-0.01565,1172.92
quat1,0.29676,0.11656,-0.40422,-0.85730,1172.92
quat2,-0.29653,-0.12604,0.57371,0.75302,1172.92
quat3,0.49385,-0.66275,0.23454,0.51173,1172.92
quat4,0.62325,-0.50699,0.12361,0.58245,1172.92
quat5,0.00000,0.38268,0.00000,-0.92388,1172.92
quat6,0.00000,0.38268,0.00000,-0.92388,1172.92
quat7,0.00000,0.38268,0.00000,-0.92388,1172.92
quat8,0.00000,0.38268,0.00000,-0.92388,1172.92
quat0,0.92283,-0.12984,-0.36236,-0.01479,1172.94
quat1,0.28364,0.11736,-0.39346,-0.86658,1172.94
quat2,-0.28282,-0.12724,0.56477,0.76476,1172.94
quat3,0.47900,-0.67127,0.23101,0.51633,1172.94
quat4,0.60719,-0.51544,0.12180,0.59229,1172.94
quat5,0.00000,0.38268,0.00000,-0.92388,1172.94
quat6,0.00000,0.38268,0.00000,-0.92388,1172.94
quat7,0.00000,0.38268,0.00000,-0.92388,1172.94
quat8,0.00000,0.38268,0.00000,-0.92388,1172.94
quat0,0.92288,-0.12949,-0.36244,-0.01304,1172.96
quat1,0.27296,0.11828,-0.38128,-0.87529,1172.96
quat2,-0.27030,-0.12707,0.55371,0.77730,1172.96
quat3,0.46409,-0.68202,0.22535,0.51835,1172.96
quat4,0.59072,-0.52499,0.11811,0.60124,1172.96
quat5,0.00000,0.38268,0.00000,-0.92388,1172.96
quat6,0.00000,0.38268,0.00000,-0.92388,1172.96
quat7,0.00000,0.38268,0.00000,-0.92388,1172.96
quat8,0.00000,0.38268,0.00000,-0.92388,1172.96
quat0,0.92322,-0.12790,-0.36214,-0.01255,1172.98
quat1,0.26369,0.11975,-0.36789,-0.88362,1172.98
quat2,-0.26026,-0.12586,0.54048,0.79013,1172.98
quat3,0.45004,-0.69323,0.21701,0.51943,1172.98
quat4,0.57417,-0.53496,0.11173,0.60964,1172.98
quat5,0.00000,0.38268,0.00000,-0.92388,1172.98
quat6,0.00000,0.38268,0.00000,-0.92388,1172.98
quat7,0.00000,0.38268,0.00000,-0.92388,1172.98
quat8,0.00000,0.38268,0.00000,-0.92388,1172.98
quat0,0.92393,-0.12606,-0.36102,-0.01136,1173
quat1,0.25628,0.11942,-0.35393,-0.89151,1173
quat2,-0.25222,-0.12388,0.52555,0.80302,1173
quat3,0.43774,-0.70272,0.20599,0.52167,1173
quat4,0.55776,-0.54554,0.10350,0.61691,1173
quat5,0.00000,0.38268,0.00000,-0.92388,1173
quat6,0.00000,0.38268,0.00000,-0.92388,1173
quat7,0.00000,0.38268,0.00000,-0.92388,1173
quat8,0.00000,0.38268,0.00000,-0.92388,1173
quat0,0.92387,-0.12579,-0.36124,-0.01207,1173.02
quat1,0.25050,0.11700,-0.33962,-0.89901,1173.02
quat2,-0.24713,-0.12153,0.50912,0.81545,1173.02
quat3,0.42602,-0.71286,0.19441,0.52206,1173.02
quat4,0.54175,-0.55787,0.09407,0.62165,1173.02
quat5,0.00000,0.38268,0.00000,-0.92388,1173.02
quat6,0.00000,0.38268,0.00000,-0.92388,1173.02
quat7,0.00000,0.38268,0.00000,-0.92388,1173.02
quat8,0.00000,0.38268,0.00000,-0.92388,1173.02
quat0,0.92373,-0.12280,-0.36266,-0.01133,1173.04
quat1,0.24579,0.11263,-0.32485,-0.90630,1173.04
quat2,-0.24468,-0.11749,0.49263,0.82683,1173.04
quat3,0.41541,-0.72415,0.18251,0.51936,1173.04
quat4,0.52640,-0.57067,0.08226,0.62487,1173.04
quat5,0.00000,0.38268,0.00000,-0.92388,1173.04
quat6,0.00000,0.38268,0.00000,-0.92388,1173.04
quat7,0.00000,0.38268,0.00000,-0.92388,1173.04
quat8,0.00000,0.38268,0.00000,-0.92388,1173.04
quat0,0.92367,-0.12211,-0.36303,-0.01118,1173.06
quat1,0.24256,0.10623,-0.31056,-0.91293,1173.06
quat2,-0.24401,-0.11032,0.47659,0.83735,1173.06
quat3,0.40672,-0.73502,0.17001,0.51520,1173.06
quat4,0.51227,-0.58358,0.06810,0.62640,1173.06
quat5,0.00000,0.38268,0.00000,-0.92388,1173.06
quat6,0.00000,0.38268,0.00000,-0.92388,1173.06
quat7,0.00000,0.38268,0.00000,-0.92388,1173.06
quat8,0.00000,0.38268,0.00000,-0.92388,1173.06
quat0,0.92359,-0.12138,-0.36349,-0.01109,1173.08
quat1,0.24112,0.09663,-0.29711,-0.91883,1173.08
quat2,-0.24552,-0.10035,0.46072,0.84699,1173.08
quat3,0.39943,-0.74544,0.15807,0.50970,1173.08
quat4,0.50000,-0.59662,0.05215,0.62555,1173.08
quat5,0.00000,0.38268,0.00000,-0.92388,1173.08
quat6,0.00000,0.38268,0.00000,-0.92388,1173.08
quat7,0.00000,0.38268,0.00000,-0.92388,1173.08
quat8,0.00000,0.38268,0.00000,-0.92388,1173.08
quat0,0.92389,-0.12025,-0.36311,-0.01079,1173.1
quat1,0.24147,0.08649,-0.28474,-0.92365,1173.1
quat2,-0.24913,-0.08726,0.44575,0.85535,1173.1
quat3,0.39432,-0.75539,0.14662,0.50241,1173.1
quat4,0.48976,-0.60980,0.03503,0.62214,1173.1
quat5,0.00000,0.38268,0.00000,-0.92388,1173.1
quat6,0.00000,0.38268,0.00000,-0.92388,1173.1
quat7,0.00000,0.38268,0.00000,-0.92388,1173.1
quat8,0.00000,0.38268,0.00000,-0.92388,1173.1
quat0,0.92339,-0.11941,-0.36467,-0.01036,1173.12
quat1,0.24323,0.07606,-0.27335,-0.92754,1173.12
quat2,-0.25479,-0.07100,0.43203,0.86220,1173.12
quat3,0.39097,-0.76532,0.13620,0.49282,1173.12
quat4,0.48190,-0.62384,0.01783,0.61504,1173.12
quat5,0.00000,0.38268,0.00000,-0.92388,1173.12
quat6,0.00000,0.38268,0.00000,-0.92388,1173.12
quat7,0.00000,0.38268,0.00000,-0.92388,1173.12
quat8,0.00000,0.38268,0.00000,-0.92388,1173.12
quat0,0.92213,-0.12115,-0.36728,-0.01009,1173.14
quat1,0.24686,0.06386,-0.26374,-0.93028,1173.14
quat2,-0.26256,-0.05234,0.41942,0.86742,1173.14
quat3,0.38967,-0.77525,0.12638,0.48080,1173.14
quat4,0.47696,-0.63927,0.00295,0.60318,1173.14
quat5,0.00000,0.38268,0.00000,-0.92388,1173.14
quat6,0.00000,0.38268,0.00000,-0.92388,1173.14
quat7,0.00000,0.38268,0.00000,-0.92388,1173.14
quat8,0.00000,0.38268,0.00000,-0.92388,1173.14
quat0,0.92246,-0.11734,-0.36774,-0.00857,1173.16
quat1,0.25216,0.05074,-0.25583,-0.93188,1173.16
quat2,-0.27286,-0.03325,0.40709,0.87105,1173.16
quat3,0.38956,-0.78508,0.11782,0.46691,1173.16
quat4,0.47502,-0.65549,-0.00920,0.58703,1173.16
quat5,0.00000,0.38268,0.00000,-0.92388,1173.16
quat6,0.00000,0.38268,0.00000,-0.92388,1173.16
quat7,0.00000,0.38268,0.00000,-0.92388,1173.16
quat8,0.00000,0.38268,0.00000,-0.92388,1173.16
quat0,0.92214,-0.12026,-0.36756,-0.00989,1173.18
quat1,0.25947,0.03849,-0.24921,-0.93225,1173.18
quat2,-0.28496,-0.01373,0.39622,0.87271,1173.18
quat3,0.39076,-0.79400,0.11020,0.45246,1173.18
quat4,0.47664,-0.67118,-0.01840,0.56744,1173.18
quat5,0.00000,0.38268,0.00000,-0.92388,1173.18
quat6,0.00000,0.38268,0.00000,-0.92388,1173.18
quat7,0.00000,0.38268,0.00000,-0.92388,1173.18
quat8,0.00000,0.38268,0.00000,-0.92388,1173.18
quat0,0.92136,-0.11801,-0.37029,-0.00760,1173.2
quat1,0.26861,0.02730,-0.24363,-0.93153,1173.2
quat2,-0.29806,0.00711,0.38774,0.87222,1173.2
quat3,0.39447,-0.80058,0.10358,0.43901,1173.2
quat4,0.48160,-0.68556,-0.02560,0.54536,1173.2
quat5,0.00000,0.38268,0.00000,-0.92388,1173.2
quat6,0.00000,0.38268,0.00000,-0.92388,1173.2
quat7,0.00000,0.38268,0.00000,-0.92388,1173.2
quat8,0.00000,0.38268,0.00000,-0.92388,1173.2
quat0,0.92117,-0.11701,-0.37111,-0.00613,1173.22
quat1,0.27862,0.01643,-0.23951,-0.92991,1173.22
quat2,-0.31171,0.02808,0.38181,0.86964,1173.22
quat3,0.40089,-0.80516,0.09715,0.42610,1173.22
quat4,0.48971,-0.69775,-0.03147,0.52186,1173.22
quat5,0.00000,0.38268,0.00000,-0.92388,1173.22
quat6,0.00000,0.38268,0.00000,-0.92388,1173.22
quat7,0.00000,0.38268,0.00000,-0.92388,1173.22
quat8,0.00000,0.38268,0.00000,-0.92388,1173.22
quat0,0.92048,-0.11763,-0.37263,-0.00575,1173.24
quat1,0.29022,0.00691,-0.23699,-0.92713,1173.24
quat2,-0.32558,0.04710,0.37826,0.86527,1173.24
quat3,0.40992,-0.80688,0.09087,0.41551,1173.24
quat4,0.49944,-0.70678,-0.03719,0.49964,1173.24
quat5,0.00000,0.38268,0.00000,-0.92388,1173.24
quat6,0.00000,0.38268,0.00000,-0.92388,1173.24
quat7,0.00000,0.38268,0.00000,-0.92388,1173.24
quat8,0.00000,0.38268,0.00000,-0.92388,1173.24
quat0,0.92005,-0.11563,-0.37430,-0.00588,1173.26
quat1,0.30374,-0.00064,-0.23588,-0.92310,1173.26
quat2,-0.34028,0.06342,0.37752,0.85888,1173.26
quat3,0.42097,-0.80612,0.08586,0.40693,1173.26
quat4,0.51087,-0.71245,-0.04333,0.47912,1173.26
quat5,0.00000,0.38268,0.00000,-0.92388,1173.26
quat6,0.00000,0.38268,0.00000,-0.92388,1173.26
quat7,0.00000,0.38268,0.00000,-0.92388,1173.26
quat8,0.00000,0.38268,0.00000,-0.92388,1173.26
quat0,0.91970,-0.11650,-0.37488,-0.00615,1173.28
quat1,0.31723,-0.00689,-0.23668,-0.91831,1173.28
quat2,-0.35538,0.07679,0.37935,0.85083,1173.28
quat3,0.43348,-0.80374,0.08229,0.39916,1173.28
quat4,0.52373,-0.71490,-0.04913,0.46068,1173.28
quat5,0.00000,0.38268,0.00000,-0.92388,1173.28
quat6,0.00000,0.38268,0.00000,-0.92388,1173.28
quat7,0.00000,0.38268,0.00000,-0.92388,1173.28
quat8,0.00000,0.38268,0.00000,-0.92388,1173.28
quat0,0.91990,-0.11634,-0.37444,-0.00701,1173.3
quat1,0.33182,-0.01184,-0.23979,-0.91228,1173.3
quat2,-0.37027,0.08762,0.38344,0.84155,1173.3
quat3,0.44697,-0.80015,0.08050,0.39179,1173.3
quat4,0.53828,-0.71493,-0.05302,0.44307,1173.3
quat5,0.00000,0.38268,0.00000,-0.92388,1173.3
quat6,0.00000,0.38268,0.00000,-0.92388,1173.3
quat7,0.00000,0.38268,0.00000,-0.92388,1173.3
quat8,0.00000,0.38268,0.00000,-0.92388,1173.3
quat0,0.91946,-0.11822,-0.37491,-0.00733,1173.32
quat1,0.34499,-0.01662,-0.24545,-0.90579,1173.32
quat2,-0.38424,0.09695,0.39074,0.83083,1173.32
quat3,0.46099,-0.79562,0.08036,0.38475,1173.32
quat4,0.55450,-0.71289,-0.05468,0.42582,1173.32
quat5,0.00000,0.38268,0.00000,-0.92388,1173.32
quat6,0.00000,0.38268,0.00000,-0.92388,1173.32
quat7,0.00000,0.38268,0.00000,-0.92388,1173.32
quat8,0.00000,0.38268,0.00000,-0.92388,1173.32
quat0,0.91930,-0.11955,-0.37491,-0.00659,1173.34
quat1,0.35690,-0.02160,-0.25382,-0.89874,1173.34
quat2,-0.39671,0.10549,0.40121,0.81886,1173.34
quat3,0.47470,-0.79016,0.08297,0.37871,1173.34
quat4,0.57190,-0.70847,-0.05458,0.40990,1173.34
quat5,0.00000,0.38268,0.00000,-0.92388,1173.34
quat6,0.00000,0.38268,0.00000,-0.92388,1173.34
quat7,0.00000,0.38268,0.00000,-0.92388,1173.34
quat8,0.00000,0.38268,0.00000,-0.92388,1173.34
quat0,0.91940,-0.12034,-0.37441,-0.00658,1173.36
quat1,0.36778,-0.02783,-0.26495,-0.89094,1173.36
quat2,-0.40773,0.11236,0.41420,0.80596,1173.36
quat3,0.48790,-0.78401,0.08770,0.37363,1173.36
quat4,0.58987,-0.70222,-0.05193,0.39528,1173.36
quat5,0.00000,0.38268,0.00000,-0.92388,1173.36
quat6,0.00000,0.38268,0.00000,-0.92388,1173.36
quat7,0.00000,0.38268,0.00000,-0.92388,1173.36
quat8,0.00000,0.38268,0.00000,-0.92388,1173.36
quat0,0.91962,-0.12294,-0.37302,-0.00694,1173.38
quat1,0.37833,-0.03309,-0.27820,-0.88226,1173.38
quat2,-0.41722,0.11764,0.42971,0.79211,1173.38
quat3,0.50151,-0.77651,0.09264,0.37005,1173.38
quat4,0.60835,-0.69424,-0.04653,0.38181,1173.38
quat5,0.00000,0.38268,0.00000,-0.92388,1173.38
quat6,0.00000,0.38268,0.00000,-0.92388,1173.38
quat7,0.00000,0.38268,0.00000,-0.92388,1173.38
quat8,0.00000,0.38268,0.00000,-0.92388,1173.38
quat0,0.91955,-0.12507,-0.37243,-0.00902,1173.4
quat1,0.38747,-0.03502,-0.29153,-0.87387,1173.4
quat2,-0.42466,0.12114,0.44723,0.77780,1173.4
quat3,0.51481,-0.76761,0.09751,0.36911,1173.4
quat4,0.62654,-0.68421,-0.03943,0.37114,1173.4
quat5,0.00000,0.38268,0.00000,-0.92388,1173.4
quat6,0.00000,0.38268,0.00000,-0.92388,1173.4
quat7,0.00000,0.38268,0.00000,-0.92388,1173.4
quat8,0.00000,0.38268,0.00000,-0.92388,1173.4
quat0,0.91955,-0.12471,-0.37252,-0.01081,1173.42
quat1,0.39477,-0.03562,-0.30571,-0.86570,1173.42
quat2,-0.43106,0.12138,0.46515,0.76361,1173.42
quat3,0.52676,-0.75811,0.10394,0.37013,1173.42
quat4,0.64404,-0.67218,-0.03208,0.36382,1173.42
quat5,0.00000,0.38268,0.00000,-0.92388,1173.42
quat6,0.00000,0.38268,0.00000,-0.92388,1173.42
quat7,0.00000,0.38268,0.00000,-0.92388,1173.42
quat8,0.00000,0.38268,0.00000,-0.92388,1173.42
quat0,0.92001,-0.12534,-0.37111,-0.01269,1173.44
quat1,0.40092,-0.03667,-0.32140,-0.85710,1173.44
quat2,-0.43661,0.11870,0.48308,0.74961,1173.44
quat3,0.53769,-0.74844,0.11263,0.37154,1173.44
quat4,0.65969,-0.65959,-0.02478,0.35936,1173.44
quat5,0.00000,0.38268,0.00000,-0.92388,1173.44
quat6,0.00000,0.38268,0.00000,-0.92388,1173.44
quat7,0.00000,0.38268,0.00000,-0.92388,1173.44
quat8,0.00000,0.38268,0.00000,-0.92388,1173.44
quat0,0.91950,-0.12797,-0.37140,-0.01393,1173.46
quat1,0.40570,-0.03614,-0.33762,-0.84860,1173.46
quat2,-0.44061,0.11422,0.50082,0.73620,1173.46
quat3,0.54839,-0.73822,0.12221,0.37332,1173.46
quat4,0.67386,-0.64613,-0.01727,0.35797,1173.46
quat5,0.00000,0.38268,0.00000,-0.92388,1173.46
quat6,0.00000,0.38268,0.00000,-0.92388,1173.46
quat7,0.00000,0.38268,0.00000,-0.92388,1173.46
quat8,0.00000,0.38268,0.00000,-0.92388,1173.46
quat0,0.91976,-0.13057,-0.36985,-0.01428,1173.48
quat1,0.40898,-0.03428,-0.35402,-0.84038,1173.48
quat2,-0.44342,0.10788,0.51777,0.72364,1173.48
quat3,0.55816,-0.72738,0.13238,0.37663,1173.48
quat4,0.68674,-0.63126,-0.00995,0.36028,1173.48
quat5,0.00000,0.38268,0.00000,-0.92388,1173.48
quat6,0.00000,0.38268,0.00000,-0.92388,1173.48
quat7,0.00000,0.38268,0.00000,-0.92388,1173.48
quat8,0.00000,0.38268,0.00000,-0.92388,1173.48
quat0,0.91955,-0.13342,-0.36927,-0.01627,1173.5
quat1,0.41063,-0.02921,-0.36955,-0.83305,1173.5
quat2,-0.44493,0.09914,0.53384,0.71220,1173.5
quat3,0.56679,-0.71641,0.14182,0.38131,1173.5
quat4,0.69795,-0.61518,-0.00290,0.36662,1173.5
quat5,0.00000,0.38268,0.00000,-0.92388,1173.5
quat6,0.00000,0.38268,0.00000,-0.92388,1173.5
quat7,0.00000,0.38268,0.00000,-0.92388,1173.5
quat8,0.00000,0.38268,0.00000,-0.92388,1173.5
quat0,0.91949,-0.13515,-0.36877,-0.01671,1173.52
quat1,0.41307,-0.02079,-0.38246,-0.82624,1173.52
quat2,-0.44485,0.08781,0.54926,0.70193,1173.52
quat3,0.57310,-0.70646,0.15047,0.38707,1173.52
quat4,0.70768,-0.59860,0.00515,0.37529,1173.52
quat5,0.00000,0.38268,0.00000,-0.92388,1173.52
quat6,0.00000,0.38268,0.00000,-0.92388,1173.52
quat7,0.00000,0.38268,0.00000,-0.92388,1173.52
quat8,0.00000,0.38268,0.00000,-0.92388,1173.52
quat0,0.91826,-0.13442,-0.37208,-0.01706,1173.54
quat1,0.41538,-0.01179,-0.39264,-0.82046,1173.54
quat2,-0.44366,0.07353,0.56397,0.69260,1173.54
quat3,0.57735,-0.69778,0.15704,0.39383,1173.54
quat4,0.71613,-0.58167,0.01573,0.38546,1173.54
quat5,0.00000,0.38268,0.00000,-0.92388,1173.54
quat6,0.00000,0.38268,0.00000,-0.92388,1173.54
quat7,0.00000,0.38268,0.00000,-0.92388,1173.54
quat8,0.00000,0.38268,0.00000,-0.92388,1173.54
quat0,0.91816,-0.13462,-0.37226,-0.01704,1173.56
quat1,0.41707,-0.00197,-0.39970,-0.81627,1173.56
quat2,-0.44088,0.05648,0.57808,0.68429,1173.56
quat3,0.57998,-0.69019,0.16198,0.40128,1173.56
quat4,0.72321,-0.56436,0.02908,0.39702,1173.56
quat5,0.00000,0.38268,0.00000,-0.92388,1173.56
quat6,0.00000,0.38268,0.00000,-0.92388,1173.56
quat7,0.00000,0.38268,0.00000,-0.92388,1173.56
quat8,0.00000,0.38268,0.00000,-0.92388,1173.56
quat0,0.91754,-0.13410,-0.37407,-0.01451,1173.58
quat1,0.41812,0.00932,-0.40493,-0.81310,1173.58
quat2,-0.43649,0.03692,0.59056,0.67775,1173.58
quat3,0.58131,-0.68397,0.16547,0.40852,1173.58
quat4,0.72861,-0.54721,0.04513,0.40945,1173.58
quat5,0.00000,0.38268,0.00000,-0.92388,1173.58
quat6,0.00000,0.38268,0.00000,-0.92388,1173.58
quat7,0.00000,0.38268,0.00000,-0.92388,1173.58
quat8,0.00000,0.38268,0.00000,-0.92388,1173.58
quat0,0.91673,-0.13501,-0.37570,-0.01491,1173.6
quat1,0.41643,0.01979,-0.41012,-0.81117,1173.6
quat2,-0.43152,0.01549,0.59987,0.67358,1173.6
quat3,0.58097,-0.67969,0.16823,0.41495,1173.6
quat4,0.73151,-0.53117,0.06311,0.42281,1173.6
quat5,0.00000,0.38268,0.00000,-0.92388,1173.6
quat6,0.00000,0.38268,0.00000,-0.92388,1173.6
quat7,0.00000,0.38268,0.00000,-0.92388,1173.6
quat8,0.00000,0.38268,0.00000,-0.92388,1173.6
quat0,0.91692,-0.13927,-0.37364,-0.01600,1173.62
quat1,0.41289,0.02952,-0.41555,-0.80992,1173.62
quat2,-0.42644,-0.00718,0.60541,0.67199,1173.62
quat3,0.57928,-0.67631,0.17209,0.42122,1173.62
quat4,0.73147,-0.51647,0.08001,0.43796,1173.62
quat5,0.00000,0.38268,0.00000,-0.92388,1173.62
quat6,0.00000,0.38268,0.00000,-0.92388,1173.62
quat7,0.00000,0.38268,0.00000,-0.92388,1173.62
quat8,0.00000,0.38268,0.00000,-0.92388,1173.62
quat0,0.91726,-0.13918,-0.37288,-0.01513,1173.64
quat1,0.40814,0.03894,-0.42125,-0.80898,1173.64
quat2,-0.42052,-0.02946,0.60849,0.67233,1173.64
quat3,0.57669,-0.67197,0.17795,0.42920,1173.64
quat4,0.72863,-0.50315,0.09310,0.45527,1173.64
quat5,0.00000,0.38268,0.00000,-0.92388,1173.64
quat6,0.00000,0.38268,0.00000,-0.92388,1173.64
quat7,0.00000,0.38268,0.00000,-0.92388,1173.64
quat8,0.00000,0.38268,0.00000,-0.92388,1173.64
quat0,0.91740,-0.14137,-0.37167,-0.01591,1173.66
quat1,0.40068,0.04851,-0.42661,-0.80939,1173.66
quat2,-0.41205,-0.04922,0.61044,0.67465,1173.66
quat3,0.57180,-0.66787,0.18509,0.43903,1173.66
quat4,0.72296,-0.49126,0.10174,0.47502,1173.66
quat5,0.00000,0.38268,0.00000,-0.92388,1173.66
quat6,0.00000,0.38268,0.00000,-0.92388,1173.66
quat7,0.00000,0.38268,0.00000,-0.92388,1173.66
quat8,0.00000,0.38268,0.00000,-0.92388,1173.66
quat0,0.91723,-0.14361,-0.37123,-0.01585,1173.68
quat1,0.39072,0.05799,-0.43054,-0.81155,1173.68
quat2,-0.40063,-0.06576,0.61150,0.67914,1173.68
quat3,0.56414,-0.66507,0.19343,0.44945,1173.68
quat4,0.71428,-0.48218,0.10764,0.49570,1173.68
quat5,0.00000,0.38268,0.00000,-0.92388,1173.68
quat6,0.00000,0.38268,0.00000,-0.92388,1173.68
quat7,0.00000,0.38268,0.00000,-0.92388,1173.68
quat8,0.00000,0.38268,0.00000,-0.92388,1173.68
quat0,0.91737,-0.14508,-0.37032,-0.01548,1173.7
quat1,0.37954,0.06852,-0.43225,-0.81512,1173.7
quat2,-0.38817,-0.08030,0.61113,0.68512,1173.7
quat3,0.55385,-0.66375,0.20265,0.46002,1173.7
quat4,0.70287,-0.47620,0.11185,0.51643,1173.7
quat5,0.00000,0.38268,0.00000,-0.92388,1173.7
quat6,0.00000,0.38268,0.00000,-0.92388,1173.7
quat7,0.00000,0.38268,0.00000,-0.92388,1173.7
quat8,0.00000,0.38268,0.00000,-0.92388,1173.7
quat0,0.91820,-0.14537,-0.36816,-0.01500,1173.72
quat1,0.36731,0.07944,-0.43193,-0.81988,1173.72
quat2,-0.37462,-0.09299,0.60944,0.69253,1173.72
quat3,0.54209,-0.66295,0.21077,0.47140,1173.72
quat4,0.68948,-0.47276,0.11565,0.53642,1173.72
quat5,0.00000,0.38268,0.00000,-0.92388,1173.72
quat6,0.00000,0.38268,0.00000,-0.92388,1173.72
quat7,0.00000,0.38268,0.00000,-0.92388,1173.72
quat8,0.00000,0.38268,0.00000,-0.92388,1173.72
quat0,0.91791,-0.14624,-0.36859,-0.01371,1173.74
quat1,0.35559,0.09132,-0.43004,-0.82479,1173.74
quat2,-0.36001,-0.10365,0.60605,0.70168,1173.74
quat3,0.52902,-0.66355,0.21778,0.48210,1173.74
quat4,0.67438,-0.47183,0.11958,0.55524,1173.74
quat5,0.00000,0.38268,0.00000,-0.92388,1173.74
quat6,0.00000,0.38268,0.00000,-0.92388,1173.74
quat7,0.00000,0.38268,0.00000,-0.92388,1173.74
quat8,0.00000,0.38268,0.00000,-0.92388,1173.74
quat0,0.91794,-0.14726,-0.36812,-0.01374,1173.76
quat1,0.34195,0.10084,-0.42692,-0.83105,1173.76
quat2,-0.34606,-0.11344,0.60050,0.71188,1173.76
quat3,0.51432,-0.66542,0.22311,0.49286,1173.76
quat4,0.65762,-0.47325,0.12423,0.57284,1173.76
quat5,0.00000,0.38268,0.00000,-0.92388,1173.76
quat6,0.00000,0.38268,0.00000,-0.92388,1173.76
quat7,0.00000,0.38268,0.00000,-0.92388,1173.76
quat8,0.00000,0.38268,0.00000,-0.92388,1173.76
quat0,0.91826,-0.14566,-0.36797,-0.01341,1173.78
quat1,0.32768,0.10773,-0.42155,-0.83864,1173.78
quat2,-0.33220,-0.12224,0.59391,0.72247,1173.78
quat3,0.49895,-0.66835,0.22558,0.50346,1173.78
quat4,0.63981,-0.47626,0.12851,0.58932,1173.78
quat5,0.00000,0.38268,0.00000,-0.92388,1173.78
quat6,0.00000,0.38268,0.00000,-0.92388,1173.78
quat7,0.00000,0.38268,0.00000,-0.92388,1173.78
quat8,0.00000,0.38268,0.00000,-0.92388,1173.78
quat0,0.91877,-0.14450,-0.36720,-0.01221,1173.8
quat1,0.31494,0.11423,-0.41433,-0.84623,1173.8
quat2,-0.31811,-0.12950,0.58595,0.73396,1173.8
quat3,0.48387,-0.67281,0.22523,0.51232,1173.8
quat4,0.62211,-0.47854,0.12943,0.60599,1173.8
quat5,0.00000,0.38268,0.00000,-0.92388,1173.8
quat6,0.00000,0.38268,0.00000,-0.92388,1173.8
quat7,0.00000,0.38268,0.00000,-0.92388,1173.8
quat8,0.00000,0.38268,0.00000,-0.92388,1173.8
quat0,0.91914,-0.14168,-0.36745,-0.00927,1173.82
quat1,0.30230,0.11960,-0.40492,-0.85461,1173.82
quat2,-0.30478,-0.13505,0.57675,0.74581,1173.82
quat3,0.47022,-0.67731,0.22176,0.52054,1173.82
quat4,0.60574,-0.47858,0.12480,0.62327,1173.82
quat5,0.00000,0.38268,0.00000,-0.92388,1173.82
quat6,0.00000,0.38268,0.00000,-0.92388,1173.82
quat7,0.00000,0.38268,0.00000,-0.92388,1173.82
quat8,0.00000,0.38268,0.00000,-0.92388,1173.82
quat0,0.91996,-0.14211,-0.36524,-0.00846,1173.84
quat1,0.29021,0.12403,-0.39412,-0.86317,1173.84
quat2,-0.29117,-0.13748,0.56691,0.75825,1173.84
quat3,0.45705,-0.68171,0.21599,0.52889,1173.84
quat4,0.58982,-0.47862,0.11766,0.63968,1173.84
quat5,0.00000,0.38268,0.00000,-0.92388,1173.84
quat6,0.00000,0.38268,0.00000,-0.92388,1173.84
quat7,0.00000,0.38268,0.00000,-0.92388,1173.84
quat8,0.00000,0.38268,0.00000,-0.92388,1173.84
