QUAT,w,x,y,z,timestamp
quat0,-0.48574,0.4343,-0.04325,-0.75734,1424.0
quat1,-0.14078,-0.77494,-0.28586,0.54584,1424.0
quat2,-0.57256,-0.66873,-0.26313,0.39465,1424.0
quat3,-0.72428,0.01187,-0.65399,-0.21812,1424.0
quat4,-0.59321,-0.31529,-0.58876,0.4495,1424.0
quat5,-0.53932,-0.3557,-0.75266,0.12697,1424.0
quat6,-0.82258,-0.19467,-0.40218,0.35173,1424.0
quat7,-0.72081,-0.35656,-0.35887,0.47382,1424.0
quat8,-0.49683,-0.16737,-0.81402,0.25004,1424.0
quat0,-0.4862,0.43565,-0.0377,-0.75657,1424.02
quat1,-0.14238,-0.77818,-0.28477,0.54135,1424.02
quat2,-0.57693,-0.66925,-0.26293,0.38746,1424.02
quat3,-0.72686,0.01526,-0.64953,-0.22259,1424.02
quat4,-0.60133,-0.3066,-0.59337,0.43853,1424.02
quat5,-0.53544,-0.35394,-0.75618,0.12735,1424.02
quat6,-0.82558,-0.19438,-0.3997,0.34767,1424.02
quat7,-0.72254,-0.35516,-0.36082,0.47076,1424.02
quat8,-0.49481,-0.16656,-0.81543,0.25,1424.02
quat0,-0.48809,0.43335,-0.03352,-0.75687,1424.04
quat1,-0.141,-0.77973,-0.28596,0.53885,1424.04
quat2,-0.57592,-0.67324,-0.26191,0.38272,1424.04
quat3,-0.72766,0.01475,-0.647,-0.22733,1424.04
quat4,-0.60625,-0.30169,-0.59747,0.42951,1424.04
quat5,-0.53434,-0.3523,-0.7573,0.12982,1424.04
quat6,-0.8264,-0.19748,-0.39901,0.34475,1424.04
quat7,-0.72266,-0.35505,-0.36168,0.46999,1424.04
quat8,-0.49536,-0.16513,-0.81521,0.25057,1424.04
quat0,-0.49168,0.42733,-0.0301,-0.75811,1424.06
quat1,-0.13663,-0.78032,-0.2882,0.53794,1424.06
quat2,-0.57256,-0.67812,-0.2613,0.37953,1424.06
quat3,-0.72725,0.01011,-0.64594,-0.23186,1424.06
quat4,-0.60919,-0.29861,-0.60295,0.41972,1424.06
quat5,-0.53672,-0.34987,-0.75618,0.13311,1424.06
quat6,-0.82601,-0.20072,-0.40017,0.34247,1424.06
quat7,-0.72098,-0.35729,-0.36235,0.47035,1424.06
quat8,-0.49879,-0.16267,-0.81344,0.25113,1424.06
quat0,-0.4965,0.41883,-0.02755,-0.75981,1424.08
quat1,-0.12845,-0.78049,-0.2902,0.53863,1424.08
quat2,-0.568,-0.6823,-0.26324,0.37755,1424.08
quat3,-0.72585,0.00205,-0.64612,-0.23595,1424.08
quat4,-0.60966,-0.29633,-0.61054,0.40956,1424.08
quat5,-0.54175,-0.34654,-0.75342,0.13703,1424.08
quat6,-0.82466,-0.20227,-0.40472,0.33946,1424.08
quat7,-0.71741,-0.36073,-0.3629,0.47275,1424.08
quat8,-0.50469,-0.15971,-0.81035,0.25122,1424.08
quat0,-0.50236,0.40783,-0.02584,-0.762,1424.1
quat1,-0.11641,-0.78048,-0.29166,0.54058,1424.1
quat2,-0.56244,-0.6865,-0.26663,0.37589,1424.1
quat3,-0.72407,-0.00915,-0.64709,-0.23857,1424.1
quat4,-0.60715,-0.29643,-0.61925,0.40004,1424.1
quat5,-0.54901,-0.34256,-0.74889,0.14286,1424.1
quat6,-0.82228,-0.20374,-0.41179,0.33582,1424.1
quat7,-0.71178,-0.36498,-0.36456,0.47672,1424.1
quat8,-0.51275,-0.15713,-0.80575,0.25134,1424.1
quat0,-0.50867,0.39544,-0.02457,-0.76438,1424.12
quat1,-0.10212,-0.78062,-0.29333,0.54237,1424.12
quat2,-0.55479,-0.69094,-0.27199,0.37528,1424.12
quat3,-0.72203,-0.02262,-0.64839,-0.24032,1424.12
quat4,-0.60169,-0.29852,-0.62988,0.39001,1424.12
quat5,-0.55785,-0.3375,-0.74327,0.14982,1424.12
quat6,-0.81911,-0.20593,-0.42026,0.33172,1424.12
quat7,-0.70388,-0.37056,-0.36815,0.48136,1424.12
quat8,-0.52282,-0.15533,-0.79927,0.2524,1424.12
quat0,-0.51536,0.38188,-0.02299,-0.76684,1424.14
quat1,-0.08702,-0.78071,-0.29628,0.54327,1424.14
quat2,-0.54609,-0.69521,-0.27904,0.37498,1424.14
quat3,-0.71937,-0.03756,-0.64989,-0.24235,1424.14
quat4,-0.59445,-0.30232,-0.64175,0.37867,1424.14
quat5,-0.56893,-0.33043,-0.73665,0.15647,1424.14
quat6,-0.81539,-0.20922,-0.42965,0.32673,1424.14
quat7,-0.69389,-0.37784,-0.3721,0.48713,1424.14
quat8,-0.53486,-0.15365,-0.79109,0.25396,1424.14
quat0,-0.52265,0.36729,-0.02191,-0.76906,1424.16
quat1,-0.07101,-0.78036,-0.3005,0.54378,1424.16
quat2,-0.53636,-0.69953,-0.28829,0.37398,1424.16
quat3,-0.71561,-0.05319,-0.65198,-0.24496,1424.16
quat4,-0.58476,-0.30899,-0.65363,0.36791,1424.16
quat5,-0.58157,-0.32203,-0.72884,0.16389,1424.16
quat6,-0.81127,-0.21338,-0.44073,0.31947,1424.16
quat7,-0.68137,-0.38747,-0.37622,0.49402,1424.16
quat8,-0.54833,-0.15201,-0.78129,0.25653,1424.16
quat0,-0.53038,0.35183,-0.02155,-0.77101,1424.18
quat1,-0.05463,-0.77996,-0.3051,0.54368,1424.18
quat2,-0.5263,-0.70345,-0.29906,0.37245,1424.18
quat3,-0.7108,-0.0689,-0.65454,-0.24819,1424.18
quat4,-0.57248,-0.3194,-0.66359,0.36041,1424.18
quat5,-0.59513,-0.31348,-0.71953,0.17273,1424.18
quat6,-0.80654,-0.21857,-0.45241,0.31152,1424.18
quat7,-0.66709,-0.39779,-0.38083,0.50171,1424.18
quat8,-0.56322,-0.15031,-0.76984,0.25988,1424.18
quat0,-0.53797,0.3368,-0.02161,-0.77245,1424.2
quat1,-0.03803,-0.77922,-0.3096,0.54361,1424.2
quat2,-0.51532,-0.70678,-0.31153,0.3713,1424.2
quat3,-0.70533,-0.08468,-0.65732,-0.25155,1424.2
quat4,-0.55729,-0.33287,-0.67206,0.35632,1424.2
quat5,-0.60954,-0.30384,-0.70961,0.18054,1424.2
quat6,-0.80104,-0.22417,-0.46549,0.30232,1424.2
quat7,-0.65115,-0.40876,-0.38901,0.50753,1424.2
quat8,-0.57843,-0.14738,-0.75769,0.26382,1424.2
quat0,-0.54521,0.32214,-0.023,-0.77359,1424.22
quat1,-0.0214,-0.77821,-0.31353,0.54372,1424.22
quat2,-0.50497,-0.70882,-0.32417,0.3708,1424.22
quat3,-0.69945,-0.10009,-0.6599,-0.25553,1424.22
quat4,-0.53954,-0.34859,-0.6783,0.35677,1424.22
quat5,-0.62464,-0.29375,-0.69917,0.18628,1424.22
quat6,-0.795,-0.22907,-0.47841,0.29434,1424.22
quat7,-0.6349,-0.42016,-0.40178,0.50886,1424.22
quat8,-0.59391,-0.14188,-0.74529,0.26773,1424.22
quat0,-0.55187,0.30855,-0.02538,-0.77433,1424.24
quat1,-0.005,-0.77676,-0.31629,0.54459,1424.24
quat2,-0.49408,-0.71018,-0.33707,0.37137,1424.24
quat3,-0.69368,-0.11438,-0.662,-0.25976,1424.24
quat4,-0.51825,-0.36904,-0.68122,0.36217,1424.24
quat5,-0.63992,-0.28404,-0.68828,0.19,1424.24
quat6,-0.78779,-0.23233,-0.49234,0.28811,1424.24
quat7,-0.62021,-0.42905,-0.41761,0.50681,1424.24
quat8,-0.60905,-0.13234,-0.73402,0.26975,1424.24
quat0,-0.55774,0.29591,-0.02794,-0.77497,1424.26
quat1,0.01087,-0.77505,-0.31755,0.54621,1424.26
quat2,-0.48275,-0.71109,-0.34928,0.37323,1424.26
quat3,-0.68774,-0.12669,-0.66391,-0.26494,1424.26
quat4,-0.49502,-0.39207,-0.68136,0.37013,1424.26
quat5,-0.65415,-0.27627,-0.67645,0.19541,1424.26
quat6,-0.78079,-0.23666,-0.50416,0.28315,1424.26
quat7,-0.6072,-0.43654,-0.43375,0.5026,1424.26
quat8,-0.6237,-0.12036,-0.72357,0.27012,1424.26
quat0,-0.56273,0.2845,-0.0321,-0.77547,1424.28
quat1,0.0255,-0.77242,-0.31817,0.54908,1424.28
quat2,-0.46976,-0.71223,-0.3608,0.37666,1424.28
quat3,-0.68179,-0.13689,-0.66611,-0.26965,1424.28
quat4,-0.4713,-0.41418,-0.68036,0.37875,1424.28
quat5,-0.66623,-0.27287,-0.66311,0.20484,1424.28
quat6,-0.77226,-0.24419,-0.51412,0.28225,1424.28
quat7,-0.59549,-0.44116,-0.44942,0.4988,1424.28
quat8,-0.63729,-0.10929,-0.71372,0.26929,1424.28
quat0,-0.56725,0.27276,-0.03781,-0.77615,1424.3
quat1,0.03742,-0.76918,-0.31776,0.55317,1424.3
quat2,-0.45738,-0.71223,-0.37206,0.38091,1424.3
quat3,-0.67596,-0.14738,-0.66837,-0.27321,1424.3
quat4,-0.44854,-0.4326,-0.6789,0.38828,1424.3
quat5,-0.67684,-0.27398,-0.64809,0.21631,1424.3
quat6,-0.76294,-0.25432,-0.52122,0.28562,1424.3
quat7,-0.58585,-0.44124,-0.46295,0.49776,1424.3
quat8,-0.64834,-0.1022,-0.70477,0.26927,1424.3
quat0,-0.57073,0.26211,-0.04495,-0.77688,1424.32
quat1,0.04619,-0.76519,-0.31599,0.55901,1424.32
quat2,-0.44699,-0.70975,-0.3845,0.3855,1424.32
quat3,-0.67081,-0.15798,-0.67033,-0.27518,1424.32
quat4,-0.42903,-0.44341,-0.6796,0.39682,1424.32
quat5,-0.68608,-0.2792,-0.6314,0.2295,1424.32
quat6,-0.75123,-0.26778,-0.52737,0.29296,1424.32
quat7,-0.57538,-0.44041,-0.47067,0.50343,1424.32
quat8,-0.65537,-0.1022,-0.69719,0.27196,1424.32
quat0,-0.57358,0.25265,-0.0528,-0.77742,1424.34
quat1,0.05203,-0.76065,-0.31375,0.56592,1424.34
quat2,-0.43777,-0.705,-0.39753,0.39154,1424.34
quat3,-0.66602,-0.16768,-0.67227,-0.27634,1424.34
quat4,-0.41463,-0.44484,-0.68264,0.40521,1424.34
quat5,-0.69362,-0.28872,-0.61253,0.24565,1424.34
quat6,-0.73826,-0.28439,-0.53064,0.30417,1424.34
quat7,-0.56155,-0.44464,-0.46974,0.51605,1424.34
quat8,-0.6594,-0.11269,-0.6883,0.2806,1424.34
quat0,-0.57573,0.2449,-0.06155,-0.77767,1424.36
quat1,0.0564,-0.75521,-0.31138,0.57404,1424.36
quat2,-0.42522,-0.69986,-0.40925,0.40237,1424.36
quat3,-0.66181,-0.17497,-0.67459,-0.27625,1424.36
quat4,-0.40529,-0.435,-0.68892,0.41461,1424.36
quat5,-0.70088,-0.29923,-0.59193,0.26238,1424.36
quat6,-0.72354,-0.30175,-0.53331,0.31783,1424.36
quat7,-0.54646,-0.45551,-0.46925,0.52315,1424.36
quat8,-0.65979,-0.1291,-0.68323,0.28496,1424.36
quat0,-0.57667,0.23883,-0.06962,-0.77818,1424.38
quat1,0.0615,-0.74851,-0.30851,0.58376,1424.38
quat2,-0.41133,-0.69444,-0.41845,0.4165,1424.38
quat3,-0.65757,-0.17906,-0.67781,-0.27589,1424.38
quat4,-0.40059,-0.41616,-0.69668,0.42541,1424.38
quat5,-0.70753,-0.31053,-0.5715,0.27635,1424.38
quat6,-0.70846,-0.31778,-0.53493,0.33309,1424.38
quat7,-0.53366,-0.46908,-0.45908,0.5333,1424.38
quat8,-0.65473,-0.14846,-0.68485,0.28332,1424.38
quat0,-0.57634,0.23523,-0.0782,-0.77871,1424.4
quat1,0.06606,-0.74016,-0.3065,0.59486,1424.4
quat2,-0.39733,-0.68791,-0.42533,0.43358,1424.4
quat3,-0.6528,-0.1802,-0.68273,-0.27434,1424.4
quat4,-0.39543,-0.39807,-0.69843,0.44427,1424.4
quat5,-0.71291,-0.32299,-0.5532,0.28533,1424.4
quat6,-0.6923,-0.33128,-0.53617,0.35141,1424.4
quat7,-0.51505,-0.48586,-0.42965,0.56042,1424.4
quat8,-0.64604,-0.17548,-0.68697,0.2827,1424.4
quat0,-0.57572,0.23316,-0.08905,-0.77862,1424.42
quat1,0.06922,-0.73082,-0.30525,0.60658,1424.42
quat2,-0.38279,-0.68237,-0.42747,0.4529,1424.42
quat3,-0.64699,-0.17764,-0.69055,-0.27017,1424.42
quat4,-0.39393,-0.37662,-0.70106,0.45988,1424.42
quat5,-0.71146,-0.34068,-0.53839,0.29648,1424.42
quat6,-0.67643,-0.34069,-0.5359,0.37306,1424.42
quat7,-0.50063,-0.49402,-0.38873,0.59515,1424.42
quat8,-0.63677,-0.20897,-0.6862,0.28283,1424.42
quat0,-0.57441,0.23215,-0.10164,-0.77835,1424.44
quat1,0.07154,-0.72029,-0.30387,0.61945,1424.44
quat2,-0.365,-0.68048,-0.42175,0.47524,1424.44
quat3,-0.64014,-0.17339,-0.7011,-0.26194,1424.44
quat4,-0.39391,-0.35181,-0.70632,0.47136,1424.44
quat5,-0.70665,-0.36014,-0.52679,0.30567,1424.44
quat6,-0.66383,-0.34876,-0.53025,0.39563,1424.44
quat7,-0.4928,-0.49303,-0.35822,0.62109,1424.44
quat8,-0.62942,-0.23901,-0.68519,0.27789,1424.44
quat0,-0.5725,0.23276,-0.11544,-0.77765,1424.46
quat1,0.07231,-0.70962,-0.30216,0.63239,1424.46
quat2,-0.34681,-0.68193,-0.40932,0.49714,1424.46
quat3,-0.63366,-0.16844,-0.71196,-0.25143,1424.46
quat4,-0.38913,-0.33417,-0.70818,0.48518,1424.46
quat5,-0.70072,-0.37877,-0.51893,0.31022,1424.46
quat6,-0.65482,-0.36337,-0.5134,0.41904,1424.46
quat7,-0.49098,-0.47788,-0.347,0.64044,1424.46
quat8,-0.62551,-0.26183,-0.68583,0.26423,1424.46
quat0,-0.57056,0.23462,-0.12994,-0.77623,1424.48
quat1,0.07386,-0.69994,-0.298,0.64484,1424.48
quat2,-0.33214,-0.68245,-0.39241,0.51957,1424.48
quat3,-0.62734,-0.16461,-0.72286,-0.23835,1424.48
quat4,-0.38033,-0.3225,-0.70645,0.50227,1424.48
quat5,-0.69559,-0.39378,-0.5167,0.30679,1424.48
quat6,-0.64771,-0.37373,-0.49538,0.44205,1424.48
quat7,-0.49069,-0.45897,-0.34765,0.65399,1424.48
quat8,-0.62149,-0.28142,-0.68594,0.25306,1424.48
quat0,-0.56823,0.23788,-0.14454,-0.77436,1424.5
quat1,0.07599,-0.69196,-0.28949,0.65697,1424.5
quat2,-0.31729,-0.68435,-0.36948,0.54266,1424.5
quat3,-0.62083,-0.16246,-0.73407,-0.22208,1424.5
quat4,-0.36996,-0.31674,-0.7003,0.5219,1424.5
quat5,-0.69242,-0.40476,-0.51892,0.29572,1424.5
quat6,-0.64304,-0.37421,-0.48434,0.46032,1424.5
quat7,-0.48959,-0.44674,-0.34553,0.66433,1424.5
quat8,-0.61681,-0.29963,-0.68589,0.24356,1424.5
quat0,-0.56557,0.2423,-0.1585,-0.77221,1424.52
quat1,0.07712,-0.68613,-0.278,0.66783,1424.52
quat2,-0.306,-0.68531,-0.34498,0.56366,1424.52
quat3,-0.61399,-0.16152,-0.74505,-0.20452,1424.52
quat4,-0.36051,-0.31317,-0.69142,0.54212,1424.52
quat5,-0.68795,-0.41609,-0.52295,0.28306,1424.52
quat6,-0.64333,-0.36137,-0.48371,0.4707,1424.52
quat7,-0.48948,-0.43915,-0.33665,0.67396,1424.52
quat8,-0.61147,-0.31461,-0.68743,0.2336,1424.52
quat0,-0.56226,0.24829,-0.17144,-0.76995,1424.54
quat1,0.07526,-0.68286,-0.26512,0.67657,1424.54
quat2,-0.30879,-0.68105,-0.32939,0.57647,1424.54
quat3,-0.60838,-0.15887,-0.75414,-0.18948,1424.54
quat4,-0.35354,-0.31157,-0.67905,0.56288,1424.54
quat5,-0.68186,-0.42889,-0.52713,0.27066,1424.54
quat6,-0.64688,-0.34041,-0.48612,0.47891,1424.54
quat7,-0.4915,-0.43308,-0.32732,0.68097,1424.54
quat8,-0.60528,-0.32661,-0.69058,0.22375,1424.54
quat0,-0.55877,0.25658,-0.18143,-0.76748,1424.56
quat1,0.07001,-0.68132,-0.25274,0.68339,1424.56
quat2,-0.31788,-0.67434,-0.31833,0.58556,1424.56
quat3,-0.60473,-0.15343,-0.76089,-0.17836,1424.56
quat4,-0.35062,-0.31069,-0.66507,0.58157,1424.56
quat5,-0.6766,-0.43957,-0.53216,0.2565,1424.56
quat6,-0.65234,-0.32106,-0.48499,0.48596,1424.56
quat7,-0.49449,-0.42642,-0.31979,0.68657,1424.56
quat8,-0.59851,-0.33614,-0.69488,0.21432,1424.56
quat0,-0.55574,0.26667,-0.18858,-0.76451,1424.58
quat1,0.06174,-0.68174,-0.24276,0.68737,1424.58
quat2,-0.32813,-0.66837,-0.30744,0.59253,1424.58
quat3,-0.60338,-0.14461,-0.76552,-0.17027,1424.58
quat4,-0.35201,-0.3084,-0.65346,0.59495,1424.58
quat5,-0.672,-0.44743,-0.53873,0.24082,1424.58
quat6,-0.6592,-0.30677,-0.48069,0.4902,1424.58
quat7,-0.49807,-0.42041,-0.31245,0.69105,1424.58
quat8,-0.5916,-0.34358,-0.70006,0.20462,1424.58
quat0,-0.55321,0.27841,-0.19377,-0.76085,1424.6
quat1,0.05164,-0.68354,-0.23502,0.6891,1424.6
quat2,-0.34025,-0.66253,-0.29872,0.5967,1424.6
quat3,-0.60485,-0.13346,-0.76788,-0.16342,1424.6
quat4,-0.36013,-0.30367,-0.64674,0.59984,1424.6
quat5,-0.66673,-0.45422,-0.5461,0.22565,1424.6
quat6,-0.6633,-0.29903,-0.47439,0.49555,1424.6
quat7,-0.50611,-0.41296,-0.30602,0.69258,1424.6
quat8,-0.58401,-0.35027,-0.7053,0.19699,1424.6
quat0,-0.55049,0.29113,-0.19703,-0.75722,1424.62
quat1,0.03921,-0.68569,-0.22908,0.68979,1424.62
quat2,-0.35176,-0.65831,-0.28983,0.59908,1424.62
quat3,-0.60832,-0.12212,-0.76839,-0.15686,1424.62
quat4,-0.37154,-0.29639,-0.64469,0.59874,1424.62
quat5,-0.66103,-0.45961,-0.55438,0.21087,1424.62
quat6,-0.66616,-0.29409,-0.46418,0.50425,1424.62
quat7,-0.51614,-0.40531,-0.30118,0.69182,1424.62
quat8,-0.57518,-0.35736,-0.7106,0.19106,1424.62
quat0,-0.54772,0.30441,-0.19844,-0.75363,1424.64
quat1,0.02424,-0.68851,-0.22439,0.68922,1424.64
quat2,-0.36133,-0.65671,-0.27824,0.60063,1424.64
quat3,-0.61358,-0.1109,-0.76731,-0.14985,1424.64
quat4,-0.38425,-0.29005,-0.64136,0.5974,1424.64
quat5,-0.65287,-0.46676,-0.56253,0.19864,1424.64
quat6,-0.66895,-0.28859,-0.45502,0.51204,1424.64
quat7,-0.52576,-0.39907,-0.29671,0.69013,1424.64
quat8,-0.56531,-0.36348,-0.71667,0.18627,1424.64
quat0,-0.54525,0.31793,-0.19824,-0.74988,1424.66
quat1,0.00912,-0.6921,-0.21973,0.68748,1424.66
quat2,-0.37244,-0.65518,-0.26757,0.60036,1424.66
quat3,-0.62023,-0.09982,-0.76472,-0.14339,1424.66
quat4,-0.39759,-0.28495,-0.63682,0.59598,1424.66
quat5,-0.6444,-0.47268,-0.57159,0.18604,1424.66
quat6,-0.6748,-0.279,-0.44507,0.51838,1424.66
quat7,-0.53632,-0.39453,-0.29179,0.68671,1424.66
quat8,-0.55481,-0.36782,-0.72345,0.18311,1424.66
quat0,-0.54282,0.33135,-0.19732,-0.74607,1424.68
quat1,-0.00463,-0.69636,-0.21382,0.68508,1424.68
quat2,-0.3866,-0.65247,-0.25918,0.59804,1424.68
quat3,-0.62802,-0.0888,-0.76051,-0.13904,1424.68
quat4,-0.41241,-0.28049,-0.63183,0.59333,1424.68
quat5,-0.63669,-0.47592,-0.58175,0.17234,1424.68
quat6,-0.6816,-0.27171,-0.43379,0.52289,1424.68
quat7,-0.54732,-0.39159,-0.28535,0.6824,1424.68
quat8,-0.54363,-0.36996,-0.73112,0.18181,1424.68
quat0,-0.54054,0.34448,-0.19521,-0.74232,1424.7
quat1,-0.0172,-0.70143,-0.208,0.68149,1424.7
quat2,-0.40078,-0.65067,-0.25049,0.59436,1424.7
quat3,-0.63628,-0.07809,-0.75534,-0.13604,1424.7
quat4,-0.42817,-0.27619,-0.62696,0.58933,1424.7
quat5,-0.62889,-0.47668,-0.59344,0.1584,1424.7
quat6,-0.68813,-0.26756,-0.42426,0.52429,1424.7
quat7,-0.55857,-0.38919,-0.27997,0.67686,1424.7
quat8,-0.53182,-0.3702,-0.73946,0.18254,1424.7
quat0,-0.53862,0.35725,-0.19141,-0.73866,1424.72
quat1,-0.02942,-0.70774,-0.20258,0.67617,1424.72
quat2,-0.41442,-0.65064,-0.24148,0.58874,1424.72
quat3,-0.64507,-0.06751,-0.74926,-0.13392,1424.72
quat4,-0.44536,-0.27247,-0.62291,0.58258,1424.72
quat5,-0.62038,-0.47584,-0.60611,0.14607,1424.72
quat6,-0.69608,-0.26361,-0.41407,0.52396,1424.72
quat7,-0.57011,-0.38629,-0.27762,0.66983,1424.72
quat8,-0.51915,-0.36885,-0.74805,0.1867,1424.72
quat0,-0.53674,0.37002,-0.18548,-0.73525,1424.74
quat1,-0.04168,-0.71483,-0.19833,0.66929,1424.74
quat2,-0.42831,-0.65176,-0.23365,0.58066,1424.74
quat3,-0.65446,-0.057,-0.74227,-0.13216,1424.74
quat4,-0.46219,-0.27096,-0.61813,0.57521,1424.74
quat5,-0.61103,-0.47419,-0.61909,0.13608,1424.74
quat6,-0.70456,-0.2595,-0.40496,0.52178,1424.74
quat7,-0.58252,-0.38309,-0.2793,0.66023,1424.74
quat8,-0.50746,-0.36418,-0.75702,0.19177,1424.74
quat0,-0.53511,0.38218,-0.17814,-0.73203,1424.76
quat1,-0.05369,-0.7224,-0.19559,0.66106,1424.76
quat2,-0.44319,-0.65413,-0.2265,0.56955,1424.76
quat3,-0.66443,-0.04659,-0.7344,-0.13049,1424.76
quat4,-0.47892,-0.2736,-0.61055,0.56834,1424.76
quat5,-0.60089,-0.47081,-0.63308,0.12833,1424.76
quat6,-0.7157,-0.25294,-0.39562,0.51699,1424.76
quat7,-0.59448,-0.38057,-0.28068,0.65036,1424.76
quat8,-0.49675,-0.35615,-0.76612,0.19865,1424.76
quat0,-0.53425,0.39333,-0.16934,-0.72883,1424.78
quat1,-0.06449,-0.73078,-0.19397,0.65129,1424.78
quat2,-0.45815,-0.65745,-0.22154,0.55568,1424.78
quat3,-0.67525,-0.03683,-0.72515,-0.12976,1424.78
quat4,-0.49502,-0.27705,-0.60387,0.55995,1424.78
quat5,-0.59081,-0.46463,-0.64825,0.1218,1424.78
quat6,-0.72742,-0.24763,-0.38804,0.50889,1424.78
quat7,-0.6061,-0.37826,-0.28228,0.64022,1424.78
quat8,-0.48761,-0.34573,-0.77437,0.2075,1424.78
quat0,-0.53393,0.40297,-0.15908,-0.72611,1424.8
quat1,-0.07476,-0.74031,-0.19358,0.63944,1424.8
quat2,-0.47178,-0.66265,-0.21752,0.53945,1424.8
quat3,-0.6863,-0.02847,-0.71468,-0.13197,1424.8
quat4,-0.51233,-0.28032,-0.59913,0.54771,1424.8
quat5,-0.58108,-0.4558,-0.66401,0.11702,1424.8
quat6,-0.73993,-0.24324,-0.38069,0.49842,1424.8
quat7,-0.61747,-0.37769,-0.28398,0.62883,1424.8
quat8,-0.48063,-0.33223,-0.78189,0.2174,1424.8
quat0,-0.53368,0.4115,-0.14619,-0.72421,1424.82
quat1,-0.08482,-0.75084,-0.19495,0.62533,1424.82
quat2,-0.48579,-0.66794,-0.2151,0.52114,1424.82
quat3,-0.69691,-0.02134,-0.7036,-0.13715,1424.82
quat4,-0.52985,-0.28322,-0.59546,0.53336,1424.82
quat5,-0.56956,-0.4466,-0.68005,0.11697,1424.82
quat6,-0.75266,-0.23757,-0.37572,0.48569,1424.82
quat7,-0.62893,-0.37861,-0.28674,0.61554,1424.82
quat8,-0.47535,-0.31604,-0.78847,0.22909,1424.82
quat0,-0.53372,0.41873,-0.13158,-0.72284,1424.84
quat1,-0.09472,-0.76163,-0.19816,0.60965,1424.84
quat2,-0.50216,-0.67165,-0.21638,0.4999,1424.84
quat3,-0.70716,-0.01581,-0.69209,-0.14387,1424.84
quat4,-0.5473,-0.28786,-0.59112,0.51785,1424.84
quat5,-0.55938,-0.43578,-0.6952,0.11787,1424.84
quat6,-0.76641,-0.22983,-0.37349,0.46936,1424.84
quat7,-0.6402,-0.38044,-0.28928,0.60143,1424.84
quat8,-0.47216,-0.29797,-0.79392,0.24076,1424.84
quat0,-0.53421,0.42485,-0.11629,-0.72153,1424.86
quat1,-0.10358,-0.77277,-0.20198,0.59271,1424.86
quat2,-0.51877,-0.67411,-0.21975,0.47767,1424.86
quat3,-0.71711,-0.01186,-0.68014,-0.15171,1424.86
quat4,-0.56313,-0.29451,-0.58674,0.50188,1424.86
quat5,-0.55055,-0.42352,-0.70932,0.12,1424.86
quat6,-0.77969,-0.22297,-0.37215,0.45153,1424.86
quat7,-0.65058,-0.38331,-0.29244,0.58677,1424.86
quat8,-0.47157,-0.278,-0.79824,0.2513,1424.86
quat0,-0.53528,0.42898,-0.10076,-0.72062,1424.88
quat1,-0.10992,-0.78434,-0.20567,0.57483,1424.88
quat2,-0.53538,-0.67528,-0.22469,0.45484,1424.88
quat3,-0.72666,-0.00933,-0.66777,-0.16115,1424.88
quat4,-0.57799,-0.30292,-0.58283,0.48424,1424.88
quat5,-0.54341,-0.41101,-0.72151,0.12328,1424.88
quat6,-0.79183,-0.2186,-0.37146,0.43271,1424.88
quat7,-0.66081,-0.38676,-0.29683,0.57064,1424.88
quat8,-0.4737,-0.25597,-0.80182,0.25917,1424.88
quat0,-0.53728,0.43147,-0.08502,-0.71967,1424.9
quat1,-0.11345,-0.79561,-0.20948,0.55701,1424.9
quat2,-0.55029,-0.67547,-0.23019,0.43352,1424.9
quat3,-0.73561,-0.00797,-0.65521,-0.17178,1424.9
quat4,-0.59117,-0.3113,-0.58011,0.46593,1424.9
quat5,-0.53844,-0.39792,-0.73191,0.12673,1424.9
quat6,-0.8024,-0.2142,-0.37264,0.41402,1424.9
quat7,-0.67015,-0.38949,-0.30232,0.5548,1424.9
quat8,-0.47813,-0.23258,-0.80497,0.2633,1424.9
quat0,-0.53975,0.43268,-0.06904,-0.71881,1424.92
quat1,-0.11525,-0.80622,-0.21409,0.53934,1424.92
quat2,-0.56201,-0.67647,-0.2349,0.41394,1424.92
quat3,-0.7439,-0.00817,-0.6427,-0.18298,1424.92
quat4,-0.6022,-0.3213,-0.57817,0.44703,1424.92
quat5,-0.53639,-0.38497,-0.73982,0.12942,1424.92
quat6,-0.81144,-0.21014,-0.37511,0.39584,1424.92
quat7,-0.67783,-0.39301,-0.30837,0.53944,1424.92
quat8,-0.48413,-0.21015,-0.80794,0.26209,1424.92
quat0,-0.54307,0.43221,-0.05397,-0.71788,1424.94
quat1,-0.11381,-0.81565,-0.21855,0.52345,1424.94
quat2,-0.56931,-0.67897,-0.23782,0.39791,1424.94
quat3,-0.75157,-0.01062,-0.63057,-0.19342,1424.94
quat4,-0.61035,-0.3318,-0.57785,0.42833,1424.94
quat5,-0.53639,-0.37243,-0.7456,0.13293,1424.94
quat6,-0.81813,-0.20724,-0.37891,0.37967,1424.94
quat7,-0.68379,-0.39576,-0.31524,0.52576,1424.94
quat8,-0.49058,-0.18853,-0.81116,0.25652,1424.94
quat0,-0.54662,0.4301,-0.03976,-0.71739,1424.96
quat1,-0.1086,-0.8235,-0.22302,0.51021,1424.96
quat2,-0.57326,-0.68301,-0.23919,0.38428,1424.96
quat3,-0.75808,-0.01566,-0.61949,-0.2032,1424.96
quat4,-0.61528,-0.34343,-0.57859,0.41075,1424.96
quat5,-0.53829,-0.36019,-0.74945,0.13721,1424.96
quat6,-0.82299,-0.2053,-0.38326,0.36559,1424.96
quat7,-0.68741,-0.39933,-0.32181,0.51424,1424.96
quat8,-0.49783,-0.16875,-0.8122,0.25303,1424.96
quat0,-0.55063,0.42583,-0.0276,-0.71744,1424.98
quat1,-0.10024,-0.82939,-0.22753,0.5003,1424.98
quat2,-0.57548,-0.68737,-0.24006,0.37245,1424.98
quat3,-0.76281,-0.02253,-0.61017,-0.21285,1424.98
quat4,-0.618,-0.35215,-0.58213,0.39394,1424.98
quat5,-0.54192,-0.34815,-0.75159,0.14221,1424.98
quat6,-0.82623,-0.20351,-0.38923,0.35274,1424.98
quat7,-0.6893,-0.40207,-0.32935,0.50471,1424.98
quat8,-0.50643,-0.15225,-0.81065,0.25138,1424.98
quat0,-0.55505,0.41922,-0.01745,-0.71824,1425.0
quat1,-0.09012,-0.83345,-0.2319,0.49341,1425.0
quat2,-0.57648,-0.69106,-0.24241,0.36242,1425.0
quat3,-0.76583,-0.03173,-0.60269,-0.22193,1425.0
quat4,-0.61849,-0.35877,-0.58801,0.37814,1425.0
quat5,-0.54721,-0.33689,-0.75186,0.14757,1425.0
quat6,-0.82771,-0.2027,-0.39639,0.3416,1425.0
quat7,-0.68903,-0.40429,-0.3379,0.4976,1425.0
quat8,-0.51607,-0.13786,-0.80759,0.24994,1425.0
quat0,-0.56008,0.41019,-0.00896,-0.71971,1425.02
quat1,-0.0792,-0.83609,-0.23656,0.4886,1425.02
quat2,-0.57533,-0.69422,-0.24626,0.35554,1425.02
quat3,-0.76699,-0.04275,-0.59741,-0.23022,1425.02
quat4,-0.61602,-0.36467,-0.59475,0.36579,1425.02
quat5,-0.55412,-0.32682,-0.74998,0.15384,1425.02
quat6,-0.82774,-0.20317,-0.40426,0.33189,1425.02
quat7,-0.68652,-0.4057,-0.34666,0.4939,1425.02
quat8,-0.52659,-0.12653,-0.80263,0.24996,1425.02
quat0,-0.56545,0.39931,-0.00264,-0.72167,1425.04
quat1,-0.0674,-0.83723,-0.24137,0.48606,1425.04
quat2,-0.57248,-0.69704,-0.25133,0.35104,1425.04
quat3,-0.76629,-0.05479,-0.59464,-0.23709,1425.04
quat4,-0.61058,-0.37061,-0.60219,0.35667,1425.04
quat5,-0.56267,-0.31812,-0.746,0.16028,1425.04
quat6,-0.82584,-0.20583,-0.41389,0.32298,1425.04
quat7,-0.68114,-0.40822,-0.35503,0.49331,1425.04
quat8,-0.53803,-0.11888,-0.79601,0.25051,1425.04
quat0,-0.57164,0.38659,8e-05,-0.72373,1425.06
quat1,-0.05415,-0.83672,-0.24585,0.48634,1425.06
quat2,-0.56828,-0.69938,-0.25704,0.34908,1425.06
quat3,-0.76343,-0.06762,-0.59479,-0.24254,1425.06
quat4,-0.6027,-0.37602,-0.60999,0.3511,1425.06
quat5,-0.57356,-0.31004,-0.73981,0.16607,1425.06
quat6,-0.82216,-0.20858,-0.42497,0.31615,1425.06
quat7,-0.67338,-0.41208,-0.36299,0.49497,1425.06
quat8,-0.54989,-0.11432,-0.78812,0.25184,1425.06
quat0,-0.57778,0.37233,-0.00068,-0.72632,1425.08
quat1,-0.03887,-0.83467,-0.24963,0.48938,1425.08
quat2,-0.56183,-0.70183,-0.26323,0.34997,1425.08
quat3,-0.75902,-0.08094,-0.59708,-0.24664,1425.08
quat4,-0.59127,-0.38188,-0.61837,0.34956,1425.08
quat5,-0.5857,-0.30317,-0.73177,0.17194,1425.08
quat6,-0.81658,-0.21111,-0.43729,0.31209,1425.08
quat7,-0.66285,-0.41675,-0.37175,0.49875,1425.08
quat8,-0.56164,-0.11195,-0.77934,0.25428,1425.08
quat0,-0.58397,0.35665,-0.00482,-0.72922,1425.1
quat1,-0.02281,-0.83089,-0.2533,0.49491,1425.1
quat2,-0.55411,-0.70338,-0.27041,0.35368,1425.1
quat3,-0.75325,-0.09488,-0.60108,-0.24963,1425.1
quat4,-0.57664,-0.38796,-0.62644,0.35291,1425.1
quat5,-0.59885,-0.29791,-0.72157,0.17882,1425.1
quat6,-0.80965,-0.21434,-0.45009,0.30975,1425.1
quat7,-0.65055,-0.42127,-0.37996,0.50492,1425.1
quat8,-0.57346,-0.11301,-0.76905,0.25872,1425.1
quat0,-0.59007,0.34025,-0.01162,-0.73206,1425.12
quat1,-0.00638,-0.8254,-0.25732,0.50245,1425.12
quat2,-0.54336,-0.70483,-0.27898,0.36076,1425.12
quat3,-0.74646,-0.10961,-0.60628,-0.25139,1425.12
quat4,-0.55838,-0.39372,-0.63494,0.36062,1425.12
quat5,-0.6123,-0.29474,-0.70902,0.18842,1425.12
quat6,-0.80067,-0.21978,-0.46287,0.31046,1425.12
quat7,-0.63598,-0.42606,-0.38646,0.51444,1425.12
quat8,-0.58496,-0.11673,-0.75807,0.26367,1425.12
quat0,-0.59557,0.32383,-0.0212,-0.73483,1425.14
quat1,0.0103,-0.81873,-0.26105,0.5113,1425.14
quat2,-0.52984,-0.70638,-0.28744,0.37106,1425.14
quat3,-0.73839,-0.12529,-0.61312,-0.25133,1425.14
quat4,-0.53932,-0.39709,-0.64368,0.37031,1425.14
quat5,-0.62593,-0.29464,-0.69345,0.20132,1425.14
quat6,-0.79082,-0.22683,-0.47446,0.3131,1425.14
quat7,-0.61967,-0.43078,-0.39123,0.52666,1425.14
quat8,-0.5958,-0.12354,-0.74675,0.26855,1425.14
quat0,-0.60034,0.30781,-0.03355,-0.73737,1425.16
quat1,0.02703,-0.81071,-0.26355,0.52207,1425.16
quat2,-0.51368,-0.70754,-0.29608,0.38453,1425.16
quat3,-0.72881,-0.14031,-0.6215,-0.25077,1425.16
quat4,-0.52013,-0.3966,-0.65372,0.38055,1425.16
quat5,-0.6403,-0.29716,-0.6749,0.21499,1425.16
quat6,-0.77963,-0.23509,-0.48478,0.31923,1425.16
quat7,-0.60217,-0.4348,-0.39561,0.54022,1425.16
quat8,-0.6052,-0.13198,-0.73558,0.27429,1425.16
quat0,-0.60421,0.29313,-0.04752,-0.73942,1425.18
quat1,0.04313,-0.80124,-0.26448,0.53498,1425.18
quat2,-0.4963,-0.70849,-0.30297,0.39993,1425.18
quat3,-0.71787,-0.15409,-0.63132,-0.24971,1425.18
quat4,-0.50185,-0.39191,-0.66499,0.39031,1425.18
quat5,-0.65488,-0.29986,-0.6551,0.22815,1425.18
quat6,-0.76797,-0.24347,-0.49347,0.32777,1425.18
quat7,-0.58432,-0.43731,-0.39871,0.5553,1425.18
quat8,-0.61373,-0.14482,-0.72415,0.27922,1425.18
quat0,-0.60674,0.28017,-0.06265,-0.74125,1425.2
quat1,0.05809,-0.79082,-0.26404,0.54911,1425.2
quat2,-0.47764,-0.70864,-0.30963,0.41691,1425.2
quat3,-0.70635,-0.16662,-0.64204,-0.24718,1425.2
quat4,-0.48343,-0.38385,-0.67631,0.40194,1425.2
quat5,-0.66561,-0.30627,-0.63559,0.2433,1425.2
quat6,-0.75683,-0.25196,-0.49934,0.3382,1425.2
quat7,-0.56585,-0.43802,-0.40161,0.57154,1425.2
quat8,-0.62147,-0.16153,-0.71244,0.28305,1425.2
quat0,-0.60794,0.2692,-0.07811,-0.74286,1425.22
quat1,0.07099,-0.77975,-0.26204,0.56417,1425.22
quat2,-0.45787,-0.70846,-0.31511,0.4349,1425.22
quat3,-0.69455,-0.17672,-0.65379,-0.24274,1425.22
quat4,-0.46565,-0.37338,-0.6867,0.41497,1425.22
quat5,-0.67433,-0.31492,-0.61598,0.2582,1425.22
quat6,-0.74607,-0.26395,-0.49973,0.3521,1425.22
quat7,-0.54635,-0.44064,-0.40094,0.58871,1425.22
quat8,-0.6273,-0.18105,-0.7023,0.28371,1425.22
quat0,-0.60779,0.26077,-0.09346,-0.74421,1425.24
quat1,0.08142,-0.76838,-0.25929,0.57943,1425.24
quat2,-0.43915,-0.70572,-0.32019,0.45452,1425.24
quat3,-0.68222,-0.18317,-0.66696,-0.23704,1425.24
quat4,-0.44655,-0.36338,-0.69422,0.43199,1425.24
quat5,-0.68373,-0.32121,-0.59688,0.27031,1425.24
quat6,-0.73417,-0.27638,-0.49863,0.36874,1425.24
quat7,-0.52333,-0.44861,-0.3918,0.60941,1425.24
quat8,-0.6285,-0.20238,-0.69576,0.28275,1425.24
quat0,-0.60625,0.25465,-0.10867,-0.74552,1425.26
quat1,0.08865,-0.75684,-0.25613,0.59475,1425.26
quat2,-0.42123,-0.70119,-0.3247,0.47484,1425.26
quat3,-0.66957,-0.18637,-0.68138,-0.22949,1425.26
quat4,-0.42912,-0.35307,-0.69968,0.44904,1425.26
quat5,-0.69037,-0.3303,-0.57909,0.28097,1425.26
quat6,-0.72202,-0.28612,-0.49716,0.38685,1425.26
quat7,-0.50172,-0.45963,-0.37382,0.63029,1425.26
quat8,-0.62642,-0.22653,-0.69031,0.28241,1425.26
quat0,-0.60398,0.25119,-0.12394,-0.74616,1425.28
quat1,0.09254,-0.7453,-0.2528,0.60997,1425.28
quat2,-0.40266,-0.69566,-0.32753,0.49663,1425.28
quat3,-0.65675,-0.18677,-0.69669,-0.22003,1425.28
quat4,-0.41194,-0.34349,-0.70084,0.47026,1425.28
quat5,-0.69405,-0.34269,-0.56259,0.29044,1425.28
quat6,-0.70837,-0.29362,-0.49766,0.40539,1425.28
quat7,-0.487,-0.46807,-0.35225,0.64781,1425.28
quat8,-0.62194,-0.2535,-0.68505,0.28219,1425.28
quat0,-0.60113,0.2496,-0.14037,-0.74608,1425.3
quat1,0.09357,-0.73454,-0.24835,0.62451,1425.3
quat2,-0.38542,-0.69019,-0.32663,0.51807,1425.3
quat3,-0.64455,-0.18489,-0.71166,-0.20954,1425.3
quat4,-0.39627,-0.33631,-0.69742,0.49342,1425.3
quat5,-0.69165,-0.36272,-0.54744,0.3006,1425.3
quat6,-0.69569,-0.29706,-0.49706,0.42508,1425.3
quat7,-0.47928,-0.46918,-0.33266,0.66295,1425.3
quat8,-0.61773,-0.27721,-0.68156,0.27755,1425.3
quat0,-0.59788,0.24945,-0.15679,-0.74547,1425.32
quat1,0.0929,-0.72437,-0.24272,0.63855,1425.32
quat2,-0.36737,-0.6857,-0.3215,0.5399,1425.32
quat3,-0.63339,-0.18124,-0.72573,-0.1982,1425.32
quat4,-0.38322,-0.32972,-0.69186,0.51552,1425.32
quat5,-0.68673,-0.38355,-0.53545,0.30754,1425.32
quat6,-0.68271,-0.30086,-0.49319,0.44739,1425.32
quat7,-0.4741,-0.46113,-0.32119,0.67781,1425.32
quat8,-0.61428,-0.29495,-0.68112,0.26785,1425.32
quat0,-0.5942,0.25101,-0.17299,-0.7443,1425.34
quat1,0.09036,-0.71512,-0.23642,0.65157,1425.34
quat2,-0.34954,-0.68146,-0.31299,0.56167,1425.34
quat3,-0.62389,-0.17577,-0.73843,-0.18598,1425.34
quat4,-0.37257,-0.32462,-0.68426,0.53628,1425.34
quat5,-0.68168,-0.40306,-0.52609,0.30998,1425.34
quat6,-0.6716,-0.30302,-0.48713,0.46888,1425.34
quat7,-0.47014,-0.44983,-0.31747,0.68981,1425.34
quat8,-0.61,-0.31084,-0.68191,0.25744,1425.34
quat0,-0.59033,0.25471,-0.18806,-0.74247,1425.36
quat1,0.08645,-0.70702,-0.22918,0.66342,1425.36
quat2,-0.33519,-0.67678,-0.30095,0.58228,1425.36
quat3,-0.61591,-0.16912,-0.74985,-0.17256,1425.36
quat4,-0.36632,-0.31754,-0.67736,0.55332,1425.36
quat5,-0.67677,-0.42032,-0.52088,0.30658,1425.36
quat6,-0.66236,-0.30445,-0.47926,0.48878,1425.36
quat7,-0.47195,-0.43631,-0.31566,0.69804,1425.36
quat8,-0.60363,-0.32698,-0.68275,0.25013,1425.36
quat0,-0.58605,0.26077,-0.201,-0.74037,1425.38
quat1,0.08086,-0.7001,-0.2213,0.67405,1425.38
quat2,-0.3227,-0.67397,-0.28353,0.60104,1425.38
quat3,-0.60996,-0.16148,-0.75919,-0.15973,1425.38
quat4,-0.36368,-0.30963,-0.67283,0.56494,1425.38
quat5,-0.67384,-0.43257,-0.521,0.29562,1425.38
quat6,-0.65539,-0.30451,-0.47162,0.50528,1425.38
quat7,-0.47376,-0.42634,-0.31361,0.70387,1425.38
quat8,-0.5967,-0.34216,-0.68381,0.24348,1425.38
quat0,-0.58147,0.26911,-0.21182,-0.73798,1425.4
quat1,0.07299,-0.69465,-0.21271,0.68329,1425.4
quat2,-0.31833,-0.66963,-0.26762,0.61534,1425.4
quat3,-0.60612,-0.15314,-0.7663,-0.14819,1425.4
quat4,-0.36467,-0.29991,-0.67026,0.57256,1425.4
quat5,-0.67088,-0.443,-0.52316,0.2828,1425.4
quat6,-0.64963,-0.30067,-0.46493,0.52097,1425.4
quat7,-0.47854,-0.41792,-0.30741,0.70841,1425.4
quat8,-0.59044,-0.35368,-0.68623,0.23531,1425.4
quat0,-0.57651,0.27974,-0.22038,-0.7354,1425.42
quat1,0.06318,-0.69133,-0.20323,0.69049,1425.42
quat2,-0.32027,-0.66374,-0.25573,0.62568,1425.42
quat3,-0.60419,-0.14417,-0.77158,-0.13724,1425.42
quat4,-0.36857,-0.29207,-0.66736,0.57748,1425.42
quat5,-0.6646,-0.45629,-0.52621,0.27056,1425.42
quat6,-0.64703,-0.29327,-0.45901,0.53354,1425.42
quat7,-0.48341,-0.41245,-0.29757,0.7125,1425.42
quat8,-0.58456,-0.36144,-0.69077,0.2247,1425.42
quat0,-0.57134,0.29217,-0.22691,-0.73261,1425.44
quat1,0.05138,-0.69039,-0.19424,0.69497,1425.44
quat2,-0.32734,-0.65709,-0.24569,0.63303,1425.44
quat3,-0.60381,-0.13382,-0.77547,-0.12707,1425.44
quat4,-0.37385,-0.28584,-0.6609,0.5846,1425.44
quat5,-0.65785,-0.46824,-0.53128,0.25636,1425.44
quat6,-0.64718,-0.28311,-0.4531,0.54379,1425.44
quat7,-0.49049,-0.40632,-0.28805,0.71509,1425.44
quat8,-0.57786,-0.36794,-0.69634,0.21403,1425.44
quat0,-0.56609,0.30574,-0.23226,-0.72947,1425.46
quat1,0.03691,-0.6915,-0.18722,0.69671,1425.46
quat2,-0.337,-0.65061,-0.2384,0.63742,1425.46
quat3,-0.60544,-0.12156,-0.77774,-0.11741,1425.46
quat4,-0.38126,-0.2817,-0.65122,0.59262,1425.46
quat5,-0.65268,-0.47554,-0.53898,0.23953,1425.46
quat6,-0.65008,-0.2754,-0.44685,0.54943,1425.46
quat7,-0.49953,-0.39946,-0.27741,0.7169,1425.46
quat8,-0.56908,-0.37484,-0.70229,0.20599,1425.46
quat0,-0.56096,0.31962,-0.23626,-0.72618,1425.48
quat1,0.01982,-0.69392,-0.1811,0.69662,1425.48
quat2,-0.34857,-0.64595,-0.22959,0.63916,1425.48
quat3,-0.60893,-0.10827,-0.77811,-0.10968,1425.48
quat4,-0.39259,-0.27733,-0.64134,0.59803,1425.48
quat5,-0.64792,-0.47974,-0.54866,0.22138,1425.48
quat6,-0.6546,-0.268,-0.43879,0.5542,1425.48
quat7,-0.50976,-0.39359,-0.26807,0.7165,1425.48
quat8,-0.55904,-0.38059,-0.70922,0.19908,1425.48
quat0,-0.55593,0.3343,-0.23853,-0.7227,1425.5
quat1,0.00225,-0.69717,-0.1746,0.69531,1425.5
quat2,-0.36258,-0.64174,-0.22145,0.63849,1425.5
quat3,-0.61424,-0.09337,-0.77667,-0.10378,1425.5
quat4,-0.4065,-0.27168,-0.63305,0.60016,1425.5
quat5,-0.64228,-0.48186,-0.56034,0.20322,1425.5
quat6,-0.66024,-0.26083,-0.4308,0.55719,1425.5
quat7,-0.52283,-0.38725,-0.26223,0.71268,1425.5
quat8,-0.54801,-0.38359,-0.71758,0.19396,1425.5
quat0,-0.55071,0.34934,-0.2385,-0.71958,1425.52
quat1,-0.01413,-0.70081,-0.16786,0.69317,1425.52
quat2,-0.37941,-0.63766,-0.21413,0.63528,1425.52
quat3,-0.62113,-0.07821,-0.77356,-0.09838,1425.52
quat4,-0.42166,-0.26731,-0.62495,0.60016,1425.52
quat5,-0.63636,-0.48161,-0.57347,0.18503,1425.52
quat6,-0.66793,-0.25326,-0.42273,0.5577,1425.52
quat7,-0.53738,-0.37998,-0.2597,0.70668,1425.52
quat8,-0.53693,-0.3841,-0.72656,0.19046,1425.52
quat0,-0.545,0.36536,-0.2361,-0.71676,1425.54
quat1,-0.02905,-0.70531,-0.16086,0.6898,1425.54
quat2,-0.3961,-0.63489,-0.20744,0.63006,1425.54
quat3,-0.6294,-0.06287,-0.76888,-0.09344,1425.54
quat4,-0.4372,-0.26486,-0.61622,0.59914,1425.54
quat5,-0.62975,-0.47997,-0.58764,0.16651,1425.54
quat6,-0.67761,-0.24564,-0.41391,0.55605,1425.54
quat7,-0.55316,-0.37175,-0.26128,0.69824,1425.54
quat8,-0.52563,-0.38203,-0.73632,0.18868,1425.54
quat0,-0.53916,0.38106,-0.23182,-0.71439,1425.56
quat1,-0.04499,-0.7109,-0.15549,0.68441,1425.56
quat2,-0.41212,-0.63427,-0.20047,0.62264,1425.56
quat3,-0.63917,-0.04714,-0.76235,-0.08974,1425.56
quat4,-0.4529,-0.26522,-0.605,0.59876,1425.56
quat5,-0.62187,-0.47681,-0.60307,0.14911,1425.56
quat6,-0.68877,-0.24044,-0.40354,0.55221,1425.56
quat7,-0.56926,-0.36547,-0.26235,0.68815,1425.56
quat8,-0.51326,-0.37779,-0.74691,0.18965,1425.56
quat0,-0.53321,0.39658,-0.22543,-0.71245,1425.58
quat1,-0.06213,-0.7175,-0.15291,0.67672,1425.58
quat2,-0.4287,-0.63484,-0.19422,0.61276,1425.58
quat3,-0.64953,-0.03146,-0.75452,-0.08846,1425.58
quat4,-0.4708,-0.26563,-0.59525,0.59453,1425.58
quat5,-0.6116,-0.47311,-0.61962,0.13483,1425.58
quat6,-0.70058,-0.23527,-0.3935,0.5468,1425.58
quat7,-0.58532,-0.36108,-0.26156,0.67721,1425.58
quat8,-0.49955,-0.37079,-0.75782,0.19665,1425.58
quat0,-0.52737,0.41137,-0.21601,-0.71133,1425.6
quat1,-0.07993,-0.72456,-0.15282,0.66729,1425.6
quat2,-0.44848,-0.63482,-0.19154,0.59931,1425.6
quat3,-0.65979,-0.01688,-0.74585,-0.09,1425.6
quat4,-0.49205,-0.26336,-0.58884,0.58464,1425.6
quat5,-0.602,-0.46673,-0.63653,0.12078,1425.6
quat6,-0.71417,-0.22819,-0.38467,0.53844,1425.6
quat7,-0.60288,-0.35809,-0.26114,0.66341,1425.6
quat8,-0.48652,-0.36111,-0.768,0.20756,1425.6
quat0,-0.5217,0.42558,-0.20372,-0.71078,1425.62
quat1,-0.09672,-0.7319,-0.15451,0.65658,1425.62
quat2,-0.46934,-0.63465,-0.19269,0.58293,1425.62
quat3,-0.67,-0.00241,-0.73645,-0.0934,1425.62
quat4,-0.51302,-0.26107,-0.58312,0.57326,1425.62
quat5,-0.59125,-0.45797,-0.65485,0.10893,1425.62
quat6,-0.72853,-0.22122,-0.37781,0.52685,1425.62
quat7,-0.62013,-0.35497,-0.26374,0.64797,1425.62
quat8,-0.47502,-0.34778,-0.77802,0.21928,1425.62
quat0,-0.51672,0.43806,-0.18993,-0.71066,1425.64
quat1,-0.11244,-0.7403,-0.15767,0.64378,1425.64
quat2,-0.48918,-0.63618,-0.19507,0.56385,1425.64
quat3,-0.6805,0.012,-0.72592,-0.09909,1425.64
quat4,-0.53333,-0.26231,-0.57626,0.56096,1425.64
quat5,-0.58033,-0.44803,-0.67269,0.09986,1425.64
quat6,-0.74363,-0.21564,-0.37102,0.5127,1425.64
quat7,-0.63668,-0.35109,-0.26864,0.63183,1425.64
quat8,-0.46505,-0.33167,-0.78732,0.23206,1425.64
quat0,-0.51248,0.44792,-0.17542,-0.71131,1425.66
quat1,-0.12715,-0.74955,-0.16261,0.62895,1425.66
quat2,-0.50712,-0.6385,-0.19874,0.54373,1425.66
quat3,-0.69087,0.02639,-0.71447,-0.1074,1425.66
quat4,-0.55208,-0.26622,-0.5686,0.54866,1425.66
quat5,-0.56897,-0.43708,-0.69009,0.09495,1425.66
quat6,-0.7585,-0.20984,-0.36679,0.4961,1425.66
quat7,-0.65188,-0.348,-0.27393,0.61556,1425.66
quat8,-0.45755,-0.31309,-0.79494,0.24636,1425.66
quat0,-0.50913,0.45506,-0.16046,-0.71271,1425.68
quat1,-0.14032,-0.75922,-0.16905,0.61263,1425.68
quat2,-0.52548,-0.6402,-0.20458,0.52169,1425.68
quat3,-0.70042,0.03881,-0.70272,-0.11869,1425.68
quat4,-0.5708,-0.26918,-0.56409,0.53248,1425.68
quat5,-0.55852,-0.42563,-0.70578,0.09359,1425.68
quat6,-0.77303,-0.20494,-0.36415,0.4773,1425.68
quat7,-0.66583,-0.34743,-0.27915,0.59837,1425.68
quat8,-0.45449,-0.29255,-0.8006,0.25866,1425.68
quat0,-0.50681,0.4596,-0.14433,-0.7149,1425.7
quat1,-0.15105,-0.76839,-0.17704,0.59617,1425.7
quat2,-0.5442,-0.6395,-0.21383,0.49916,1425.7
quat3,-0.70905,0.04726,-0.69116,-0.13161,1425.7
quat4,-0.58875,-0.26787,-0.56556,0.51163,1425.7
quat5,-0.54946,-0.4137,-0.71957,0.09578,1425.7
quat6,-0.78671,-0.19784,-0.36357,0.458,1425.7
quat7,-0.67796,-0.34768,-0.28408,0.58205,1425.7
quat8,-0.45562,-0.27232,-0.80425,0.26727,1425.7
quat0,-0.50583,0.46131,-0.12772,-0.71764,1425.72
quat1,-0.15855,-0.77699,-0.18601,0.58012,1425.72
quat2,-0.56116,-0.63858,-0.22416,0.47651,1425.72
quat3,-0.71726,0.05078,-0.67974,-0.1446,1425.72
quat4,-0.60369,-0.26802,-0.56887,0.49001,1425.72
quat5,-0.54332,-0.40133,-0.73051,0.10047,1425.72
quat6,-0.79844,-0.19178,-0.36532,0.43847,1425.72
quat7,-0.68692,-0.35019,-0.28878,0.56755,1425.72
quat8,-0.46044,-0.25297,-0.80574,0.27347,1425.72
quat0,-0.50629,0.46019,-0.11099,-0.72082,1425.74
quat1,-0.1612,-0.78509,-0.19595,0.56502,1425.74
quat2,-0.57439,-0.63881,-0.23406,0.45521,1425.74
quat3,-0.72466,0.0502,-0.66884,-0.15811,1425.74
quat4,-0.61512,-0.26915,-0.57394,0.4688,1425.74
quat5,-0.54019,-0.38859,-0.73852,0.10855,1425.74
quat6,-0.80773,-0.18701,-0.36988,0.41927,1425.74
quat7,-0.69334,-0.35379,-0.29442,0.55447,1425.74
quat8,-0.46802,-0.23327,-0.80667,0.27537,1425.74
quat0,-0.50854,0.45572,-0.09551,-0.72428,1425.76
quat1,-0.1591,-0.79261,-0.20637,0.55123,1425.76
quat2,-0.58307,-0.64148,-0.24255,0.43555,1425.76
quat3,-0.73067,0.0457,-0.65896,-0.17261,1425.76
quat4,-0.62355,-0.27018,-0.58149,0.44728,1425.76
quat5,-0.54009,-0.37559,-0.74378,0.11841,1425.76
quat6,-0.81438,-0.1845,-0.37652,0.40122,1425.76
quat7,-0.69613,-0.36006,-0.30024,0.5437,1425.76
quat8,-0.47806,-0.21506,-0.80624,0.27419,1425.76
quat0,-0.51208,0.44782,-0.08028,-0.72855,1425.78
quat1,-0.15178,-0.79919,-0.21682,0.53967,1425.78
quat2,-0.58819,-0.64538,-0.24989,0.41841,1425.78
quat3,-0.73508,0.03722,-0.65054,-0.18726,1425.78
quat4,-0.62802,-0.2734,-0.58957,0.42808,1425.78
quat5,-0.54331,-0.36171,-0.74661,0.1287,1425.78
quat6,-0.81886,-0.18212,-0.38526,0.38454,1425.78
quat7,-0.69648,-0.3662,-0.30764,0.53495,1425.78
quat8,-0.49006,-0.19706,-0.80455,0.27149,1425.78
quat0,-0.51665,0.43803,-0.0657,-0.73272,1425.8
quat1,-0.14056,-0.80436,-0.22827,0.53022,1425.8
quat2,-0.59042,-0.65022,-0.25676,0.40335,1425.8
quat3,-0.738,0.02551,-0.64365,-0.20102,1425.8
quat4,-0.62802,-0.28088,-0.59722,0.41235,1425.8
quat5,-0.54944,-0.34746,-0.74709,0.13869,1425.8
quat6,-0.82119,-0.18176,-0.39586,0.36866,1425.8
quat7,-0.69382,-0.3729,-0.31686,0.52835,1425.8
quat8,-0.50299,-0.17961,-0.80161,0.26862,1425.8
quat0,-0.52223,0.4262,-0.05257,-0.73679,1425.82
quat1,-0.12619,-0.80838,-0.23981,0.52257,1425.82
quat2,-0.58934,-0.65604,-0.26404,0.3906,1425.82
quat3,-0.7393,0.01099,-0.63849,-0.21366,1425.82
quat4,-0.62399,-0.29256,-0.60373,0.40069,1425.82
quat5,-0.5581,-0.33287,-0.7454,0.14864,1425.82
quat6,-0.82222,-0.18185,-0.40743,0.3534,1425.82
quat7,-0.68978,-0.37854,-0.32764,0.52303,1425.82
quat8,-0.51763,-0.16334,-0.79632,0.26692,1425.82
quat0,-0.52897,0.41219,-0.0419,-0.74063,1425.84
quat1,-0.11009,-0.81146,-0.25086,0.51622,1425.84
quat2,-0.58544,-0.66224,-0.27282,0.37981,1425.84
quat3,-0.73888,-0.0051,-0.63506,-0.22524,1425.84
quat4,-0.61651,-0.30791,-0.61066,0.39014,1425.84
quat5,-0.569,-0.31791,-0.74179,0.15785,1425.84
quat6,-0.82176,-0.18318,-0.42052,0.3381,1425.84
quat7,-0.68408,-0.38441,-0.34038,0.51808,1425.84
quat8,-0.53327,-0.14595,-0.78974,0.26578,1425.84
quat0,-0.53652,0.39662,-0.03464,-0.74407,1425.86
quat1,-0.09239,-0.81378,-0.26,0.5115,1425.86
quat2,-0.58128,-0.66665,-0.28311,0.37086,1425.86
quat3,-0.73651,-0.02273,-0.63351,-0.23601,1425.86
quat4,-0.60645,-0.32512,-0.61798,0.38028,1425.86
quat5,-0.58165,-0.30298,-0.73633,0.16647,1425.86
quat6,-0.82041,-0.18392,-0.43404,0.32358,1425.86
quat7,-0.67728,-0.39064,-0.35326,0.51372,1425.86
quat8,-0.55041,-0.12833,-0.78128,0.26493,1425.86
quat0,-0.54416,0.38045,-0.02972,-0.74717,1425.88
quat1,-0.07367,-0.81446,-0.2681,0.50926,1425.88
quat2,-0.57597,-0.67004,-0.29446,0.36414,1425.88
quat3,-0.73276,-0.04107,-0.63361,-0.24477,1425.88
quat4,-0.59356,-0.34363,-0.62564,0.37172,1425.88
quat5,-0.59543,-0.28884,-0.72935,0.17342,1425.88
quat6,-0.81752,-0.1862,-0.44737,0.31122,1425.88
quat7,-0.66847,-0.39837,-0.36621,0.51024,1425.88
quat8,-0.56825,-0.11149,-0.77104,0.26485,1425.88
quat0,-0.55202,0.3632,-0.02706,-0.75009,1425.9
quat1,-0.05463,-0.81369,-0.27512,0.50915,1425.9
quat2,-0.56915,-0.67268,-0.30598,0.36047,1425.9
quat3,-0.72805,-0.06068,-0.63482,-0.2515,1425.9
quat4,-0.57759,-0.36262,-0.63295,0.36644,1425.9
quat5,-0.61087,-0.27509,-0.72063,0.17847,1425.9
quat6,-0.81333,-0.19022,-0.46021,0.30086,1425.9
quat7,-0.65775,-0.40648,-0.37865,0.50869,1425.9
quat8,-0.58661,-0.09578,-0.75953,0.26426,1425.9
quat0,-0.55972,0.34566,-0.02652,-0.75268,1425.92
quat1,-0.0353,-0.81153,-0.28042,0.5114,1425.92
quat2,-0.55973,-0.67515,-0.31763,0.36053,1425.92
quat3,-0.72274,-0.08091,-0.63675,-0.25624,1425.92
quat4,-0.55797,-0.38163,-0.64031,0.36474,1425.92
quat5,-0.62697,-0.26322,-0.70974,0.18412,1425.92
quat6,-0.80707,-0.19492,-0.47372,0.29364,1425.92
quat7,-0.64382,-0.41542,-0.39262,0.50871,1425.92
quat8,-0.6046,-0.08111,-0.74744,0.26308,1425.92
quat0,-0.56704,0.32818,-0.02904,-0.75493,1425.94
quat1,-0.01543,-0.80792,-0.28383,0.51621,1425.94
quat2,-0.54763,-0.67744,-0.32887,0.36473,1425.94
quat3,-0.7163,-0.10063,-0.63958,-0.26025,1425.94
quat4,-0.53694,-0.39798,-0.64818,0.36492,1425.94
quat5,-0.64215,-0.25643,-0.69572,0.19458,1425.94
quat6,-0.79912,-0.19898,-0.48761,0.28992,1425.94
quat7,-0.62836,-0.42263,-0.41,0.50838,1425.94
quat8,-0.62155,-0.06903,-0.73319,0.2671,1425.94
quat0,-0.57337,0.3115,-0.03396,-0.757,1425.96
quat1,0.00472,-0.80221,-0.28537,0.5244,1425.96
quat2,-0.53236,-0.67933,-0.34025,0.37327,1425.96
quat3,-0.70869,-0.11885,-0.64384,-0.26288,1425.96
quat4,-0.51514,-0.41079,-0.65722,0.36599,1425.96
quat5,-0.65596,-0.25499,-0.67886,0.20939,1425.96
quat6,-0.78809,-0.20556,-0.50226,0.2905,1425.96
quat7,-0.61202,-0.42774,-0.43117,0.50652,1425.96
quat8,-0.63697,-0.06059,-0.71906,0.27119,1425.96
quat0,-0.57872,0.29613,-0.04172,-0.75872,1425.98
quat1,0.0237,-0.79492,-0.28521,0.53498,1425.98
quat2,-0.51314,-0.68207,-0.35043,0.38557,1425.98
quat3,-0.70007,-0.1358,-0.64937,-0.26416,1425.98
quat4,-0.49355,-0.42013,-0.66573,0.36973,1425.98
quat5,-0.66838,-0.25821,-0.65947,0.22738,1425.98
quat6,-0.77575,-0.21519,-0.51439,0.29548,1425.98
quat7,-0.59603,-0.43031,-0.4506,0.5065,1425.98
quat8,-0.6502,-0.05515,-0.70707,0.27251,1425.98
quat0,-0.58294,0.28249,-0.05122,-0.76011,1426.0
quat1,0.04098,-0.78609,-0.28396,0.5475,1426.0
quat2,-0.48953,-0.68587,-0.35946,0.40092,1426.0
quat3,-0.69075,-0.15129,-0.65591,-0.26411,1426.0
quat4,-0.47211,-0.42596,-0.67413,0.3758,1426.0
quat5,-0.67912,-0.26455,-0.63881,0.24644,1426.0
quat6,-0.76027,-0.23083,-0.52575,0.30381,1426.0
quat7,-0.57948,-0.43346,-0.46411,0.51081,1426.0
quat8,-0.6604,-0.05183,-0.69713,0.27423,1426.0
quat0,-0.58572,0.27054,-0.06224,-0.76148,1426.02
quat1,0.05542,-0.77625,-0.28214,0.56104,1426.02
quat2,-0.46343,-0.68979,-0.36671,0.41827,1426.02
quat3,-0.6808,-0.16545,-0.66327,-0.26307,1426.02
quat4,-0.45156,-0.42875,-0.68176,0.38401,1426.02
quat5,-0.68934,-0.27101,-0.61809,0.26329,1426.02
quat6,-0.74369,-0.25107,-0.53331,0.31539,1426.02
quat7,-0.5624,-0.44092,-0.47092,0.51723,1426.02
quat8,-0.6678,-0.05586,-0.6862,0.28293,1426.02
quat0,-0.5873,0.2597,-0.07355,-0.76304,1426.04
quat1,0.0676,-0.76544,-0.28034,0.57528,1426.04
quat2,-0.43676,-0.69248,-0.37311,0.43646,1426.04
quat3,-0.67009,-0.17755,-0.67178,-0.2611,1426.04
quat4,-0.43168,-0.42955,-0.68749,0.3956,1426.04
quat5,-0.69857,-0.27561,-0.59893,0.27808,1426.04
quat6,-0.72703,-0.27266,-0.53687,0.32992,1426.04
quat7,-0.54302,-0.45595,-0.46558,0.52959,1426.04
quat8,-0.67314,-0.06948,-0.6726,0.29942,1426.04
quat0,-0.58771,0.24995,-0.08388,-0.7649,1426.06
quat1,0.07718,-0.7541,-0.27885,0.5896,1426.06
quat2,-0.41129,-0.69369,-0.37834,0.45441,1426.06
quat3,-0.65941,-0.18681,-0.68065,-0.25883,1426.06
quat4,-0.41203,-0.42858,-0.69045,0.41211,1426.06
quat5,-0.70599,-0.28069,-0.58088,0.29219,1426.06
quat6,-0.71153,-0.29421,-0.53602,0.34619,1426.06
quat7,-0.52394,-0.47864,-0.45141,0.54095,1426.06
quat8,-0.67421,-0.08226,-0.66633,0.3077,1426.06
quat0,-0.58669,0.24136,-0.09211,-0.7675,1426.08
quat1,0.0848,-0.7427,-0.27775,0.60338,1426.08
quat2,-0.38497,-0.69456,-0.38192,0.47278,1426.08
quat3,-0.64941,-0.19305,-0.68953,-0.25602,1426.08
quat4,-0.39261,-0.42558,-0.6911,0.43258,1426.08
quat5,-0.71234,-0.286,-0.56391,0.3046,1426.08
quat6,-0.69555,-0.31559,-0.53393,0.36267,1426.08
quat7,-0.50554,-0.50306,-0.43306,0.5512,1426.08
quat8,-0.67023,-0.09372,-0.66728,0.31105,1426.08
quat0,-0.58457,0.23546,-0.09923,-0.77006,1426.1
quat1,0.09059,-0.73161,-0.27671,0.61642,1426.1
quat2,-0.35959,-0.69458,-0.38419,0.49055,1426.1
quat3,-0.63989,-0.19743,-0.69903,-0.25083,1426.1
quat4,-0.37429,-0.42244,-0.68647,0.45849,1426.1
quat5,-0.71749,-0.28935,-0.55049,0.31377,1426.1
quat6,-0.68143,-0.33431,-0.52927,0.37918,1426.1
quat7,-0.49218,-0.51638,-0.40825,0.5696,1426.1
quat8,-0.66491,-0.11032,-0.66878,0.31377,1426.1
quat0,-0.58197,0.23155,-0.10585,-0.77233,1426.12
quat1,0.09428,-0.7222,-0.27605,0.62716,1426.12
quat2,-0.33672,-0.69311,-0.38447,0.50833,1426.12
quat3,-0.63193,-0.19962,-0.70858,-0.24237,1426.12
quat4,-0.35674,-0.41699,-0.67547,0.49254,1426.12
quat5,-0.72069,-0.29342,-0.53974,0.32124,1426.12
quat6,-0.66813,-0.34913,-0.52309,0.39759,1426.12
quat7,-0.49075,-0.50953,-0.38569,0.59227,1426.12
quat8,-0.66034,-0.13118,-0.66992,0.31296,1426.12
quat0,-0.57923,0.22968,-0.11331,-0.77389,1426.14
quat1,0.09617,-0.71484,-0.27608,0.63524,1426.14
quat2,-0.31794,-0.69011,-0.38324,0.52515,1426.14
quat3,-0.62647,-0.19885,-0.71624,-0.23449,1426.14
quat4,-0.34513,-0.40598,-0.66456,0.52387,1426.14
quat5,-0.71792,-0.30606,-0.52774,0.33528,1426.14
quat6,-0.6551,-0.3607,-0.51698,0.4165,1426.14
quat7,-0.492,-0.49538,-0.3761,0.60917,1426.14
quat8,-0.65497,-0.15484,-0.67295,0.30689,1426.14
quat0,-0.57653,0.22976,-0.12314,-0.77438,1426.16
quat1,0.09622,-0.70865,-0.27716,0.64167,1426.16
quat2,-0.30434,-0.68613,-0.38018,0.54043,1426.16
quat3,-0.62294,-0.19344,-0.72212,-0.23037,1426.16
quat4,-0.34079,-0.38779,-0.65809,0.54808,1426.16
quat5,-0.71109,-0.331,-0.51086,0.35186,1426.16
quat6,-0.64429,-0.36922,-0.51161,0.43223,1426.16
quat7,-0.49674,-0.47077,-0.37359,0.62614,1426.16
quat8,-0.64834,-0.18291,-0.67551,0.2998,1426.16
quat0,-0.57404,0.23066,-0.13571,-0.77386,1426.18
quat1,0.09491,-0.70284,-0.27851,0.64764,1426.18
quat2,-0.29727,-0.68109,-0.37527,0.55401,1426.18
quat3,-0.61998,-0.1851,-0.72787,-0.22709,1426.18
quat4,-0.34246,-0.36432,-0.65798,0.56308,1426.18
quat5,-0.70647,-0.34931,-0.50155,0.35684,1426.18
quat6,-0.63702,-0.37406,-0.50595,0.44531,1426.18
quat7,-0.49744,-0.45007,-0.36432,0.64596,1426.18
quat8,-0.64168,-0.21214,-0.67602,0.29365,1426.18
quat0,-0.57209,0.23113,-0.15081,-0.77236,1426.2
quat1,0.09276,-0.69652,-0.27889,0.65458,1426.2
quat2,-0.29241,-0.67615,-0.36299,0.57058,1426.2
quat3,-0.616,-0.1773,-0.7347,-0.22207,1426.2
quat4,-0.34796,-0.33758,-0.66293,0.57051,1426.2
quat5,-0.70392,-0.36298,-0.4989,0.35192,1426.2
quat6,-0.63313,-0.3687,-0.50151,0.4601,1426.2
quat7,-0.49249,-0.44125,-0.34585,0.66569,1426.2
quat8,-0.63589,-0.23847,-0.67627,0.28537,1426.2
quat0,-0.57055,0.23261,-0.16704,-0.76972,1426.22
quat1,0.09197,-0.68978,-0.27596,0.66302,1426.22
quat2,-0.28866,-0.67076,-0.34033,0.5924,1426.22
quat3,-0.61091,-0.17153,-0.74304,-0.21277,1426.22
quat4,-0.34919,-0.31737,-0.66487,0.57904,1426.22
quat5,-0.70026,-0.37766,-0.50023,0.34174,1426.22
quat6,-0.63302,-0.35208,-0.49658,0.47827,1426.22
quat7,-0.48749,-0.44344,-0.32292,0.67929,1426.22
quat8,-0.6313,-0.26088,-0.67666,0.27483,1426.22
quat0,-0.56881,0.23677,-0.18235,-0.76625,1426.24
quat1,0.0935,-0.68225,-0.26814,0.67372,1426.24
quat2,-0.28485,-0.66467,-0.31351,0.61546,1426.24
quat3,-0.605,-0.16774,-0.75263,-0.19848,1426.24
quat4,-0.34274,-0.30479,-0.66101,0.59388,1426.24
quat5,-0.6934,-0.39755,-0.50028,0.33297,1426.24
quat6,-0.63201,-0.32945,-0.49222,0.49974,1426.24
quat7,-0.48532,-0.44331,-0.29439,0.69374,1426.24
quat8,-0.62651,-0.27909,-0.67877,0.26241,1426.24
quat0,-0.56571,0.2434,-0.1974,-0.76273,1426.26
quat1,0.09266,-0.67363,-0.2561,0.68706,1426.26
quat2,-0.28225,-0.65959,-0.28699,0.63475,1426.26
quat3,-0.59872,-0.16518,-0.76253,-0.18109,1426.26
quat4,-0.33349,-0.29761,-0.65203,0.61243,1426.26
quat5,-0.68588,-0.41707,-0.50136,0.32288,1426.26
quat6,-0.62936,-0.31309,-0.4836,0.52155,1426.26
quat7,-0.48305,-0.43834,-0.26921,0.70856,1426.26
quat8,-0.6194,-0.2982,-0.68064,0.25326,1426.26
quat0,-0.56105,0.2515,-0.2119,-0.75965,1426.28
quat1,0.0865,-0.66646,-0.24056,0.70034,1426.28
quat2,-0.28761,-0.65111,-0.27042,0.64824,1426.28
quat3,-0.59274,-0.16178,-0.77172,-0.16412,1426.28
quat4,-0.32522,-0.29318,-0.63545,0.63598,1426.28
quat5,-0.68156,-0.42882,-0.50707,0.30735,1426.28
quat6,-0.6323,-0.29519,-0.47348,0.53748,1426.28
quat7,-0.48131,-0.42532,-0.25569,0.72254,1426.28
quat8,-0.61176,-0.31348,-0.68365,0.24514,1426.28
quat0,-0.55537,0.26143,-0.22545,-0.75657,1426.3
quat1,0.07507,-0.66161,-0.22553,0.71117,1426.3
quat2,-0.29648,-0.64343,-0.25733,0.65717,1426.3
quat3,-0.58779,-0.15525,-0.77956,-0.15062,1426.3
quat4,-0.32134,-0.29047,-0.61241,0.66131,1426.3
quat5,-0.67825,-0.43658,-0.51498,0.29012,1426.3
quat6,-0.63441,-0.28904,-0.45839,0.55123,1426.3
quat7,-0.48691,-0.40749,-0.25097,0.73067,1426.3
quat8,-0.60268,-0.3245,-0.69044,0.23404,1426.3
quat0,-0.54952,0.2729,-0.23622,-0.75349,1426.32
quat1,0.06056,-0.65811,-0.21333,0.71952,1426.32
quat2,-0.30829,-0.63676,-0.24507,0.66289,1426.32
quat3,-0.58537,-0.14451,-0.78541,-0.13992,1426.32
quat4,-0.32607,-0.28674,-0.59331,0.67782,1426.32
quat5,-0.6743,-0.44299,-0.52471,0.27157,1426.32
quat6,-0.63785,-0.28027,-0.44769,0.56051,1426.32
quat7,-0.49975,-0.39371,-0.24528,0.73149,1426.32
quat8,-0.59217,-0.33396,-0.69826,0.22413,1426.32
quat0,-0.54325,0.28725,-0.24422,-0.75015,1426.34
quat1,0.04589,-0.65658,-0.20323,0.72491,1426.34
quat2,-0.32309,-0.63119,-0.23361,0.66532,1426.34
quat3,-0.5859,-0.13016,-0.78922,-0.13002,1426.34
quat4,-0.33689,-0.28123,-0.58337,0.68344,1426.34
quat5,-0.67029,-0.44705,-0.53664,0.25074,1426.34
quat6,-0.64131,-0.27132,-0.43601,0.57009,1426.34
quat7,-0.51238,-0.38421,-0.23794,0.73023,1426.34
quat8,-0.58089,-0.34281,-0.70596,0.21603,1426.34
quat0,-0.53696,0.30285,-0.24854,-0.74712,1426.36
quat1,0.03104,-0.65861,-0.19409,0.72636,1426.36
quat2,-0.34022,-0.62663,-0.22124,0.66531,1426.36
quat3,-0.58959,-0.11371,-0.79075,-0.11905,1426.36
quat4,-0.35084,-0.27446,-0.5774,0.68425,1426.36
quat5,-0.66634,-0.44698,-0.55131,0.2286,1426.36
quat6,-0.6501,-0.25367,-0.42664,0.57532,1426.36
quat7,-0.52746,-0.37484,-0.23468,0.7254,1426.36
quat8,-0.56871,-0.35076,-0.71358,0.21057,1426.36
quat0,-0.53076,0.31943,-0.24928,-0.74439,1426.38
quat1,0.01507,-0.66355,-0.18632,0.72441,1426.38
quat2,-0.35815,-0.62437,-0.20892,0.662,1426.38
quat3,-0.59684,-0.09669,-0.78922,-0.10753,1426.38
quat4,-0.36699,-0.26758,-0.5748,0.68068,1426.38
quat5,-0.66207,-0.44332,-0.56805,0.20603,1426.38
quat6,-0.6632,-0.23947,-0.41673,0.57373,1426.38
quat7,-0.54293,-0.36688,-0.233,0.71857,1426.38
quat8,-0.55616,-0.35461,-0.72262,0.20676,1426.38
quat0,-0.5246,0.33632,-0.24638,-0.74228,1426.4
quat1,-0.00321,-0.67071,-0.18083,0.71934,1426.4
quat2,-0.37878,-0.62369,-0.19932,0.65407,1426.4
quat3,-0.60703,-0.07953,-0.78438,-0.09974,1426.4
quat4,-0.38695,-0.25936,-0.57497,0.67262,1426.4
quat5,-0.65645,-0.43846,-0.58525,0.18521,1426.4
quat6,-0.67748,-0.23015,-0.40517,0.56912,1426.4
quat7,-0.55929,-0.35962,-0.23276,0.70971,1426.4
quat8,-0.54239,-0.35504,-0.73259,0.20754,1426.4
quat0,-0.51812,0.35331,-0.24008,-0.741,1426.42
quat1,-0.02268,-0.67892,-0.17799,0.71196,1426.42
quat2,-0.40136,-0.62392,-0.19426,0.64179,1426.42
quat3,-0.6184,-0.06246,-0.77736,-0.09697,1426.42
quat4,-0.40903,-0.25317,-0.57415,0.66253,1426.42
quat5,-0.64875,-0.43137,-0.60474,0.16531,1426.42
quat6,-0.69396,-0.22162,-0.39521,0.55956,1426.42
quat7,-0.57729,-0.35284,-0.2353,0.69776,1426.42
quat8,-0.52844,-0.35268,-0.7426,0.21193,1426.42
quat0,-0.51119,0.36956,-0.23161,-0.74059,1426.44
quat1,-0.04286,-0.68777,-0.17704,0.7027,1426.44
quat2,-0.42722,-0.62407,-0.19383,0.62485,1426.44
quat3,-0.63003,-0.04534,-0.76896,-0.09854,1426.44
quat4,-0.4325,-0.24987,-0.57165,0.65094,1426.44
quat5,-0.64089,-0.42153,-0.62478,0.14569,1426.44
quat6,-0.71185,-0.21403,-0.3849,0.54709,1426.44
quat7,-0.59571,-0.34805,-0.23867,0.6834,1426.44
quat8,-0.51545,-0.3447,-0.75383,0.21734,1426.44
quat0,-0.50386,0.38551,-0.22014,-0.74098,1426.46
quat1,-0.06337,-0.69686,-0.17849,0.69175,1426.46
quat2,-0.4537,-0.62365,-0.19843,0.60485,1426.46
quat3,-0.64123,-0.02768,-0.75991,-0.10292,1426.46
quat4,-0.4575,-0.24795,-0.57017,0.63571,1426.46
quat5,-0.63141,-0.41054,-0.64515,0.12865,1426.46
quat6,-0.729,-0.20564,-0.37891,0.53169,1426.46
quat7,-0.61426,-0.34481,-0.24376,0.66662,1426.46
quat8,-0.50367,-0.33206,-0.76518,0.22484,1426.46
quat0,-0.49623,0.40067,-0.20609,-0.74212,1426.48
quat1,-0.08325,-0.70633,-0.18204,0.67899,1426.48
quat2,-0.47932,-0.62349,-0.20436,0.58288,1426.48
quat3,-0.65199,-0.01072,-0.75014,-0.10994,1426.48
quat4,-0.48439,-0.24568,-0.57115,0.61546,1426.48
quat5,-0.62036,-0.3996,-0.66482,0.11609,1426.48
quat6,-0.74712,-0.19591,-0.37456,0.51297,1426.48
quat7,-0.63381,-0.34176,-0.24952,0.64748,1426.48
quat8,-0.49271,-0.31532,-0.77615,0.23538,1426.48
quat0,-0.48906,0.41407,-0.18973,-0.74389,1426.5
quat1,-0.1014,-0.7162,-0.1881,0.66437,1426.5
quat2,-0.503,-0.62298,-0.21288,0.55997,1426.5
quat3,-0.66284,0.00473,-0.73925,-0.1189,1426.5
quat4,-0.50874,-0.24529,-0.5715,0.59532,1426.5
quat5,-0.60831,-0.3898,-0.68267,0.10943,1426.5
quat6,-0.76447,-0.1855,-0.37267,0.49224,1426.5
quat7,-0.65282,-0.33796,-0.2587,0.62664,1426.5
quat8,-0.48343,-0.29426,-0.7863,0.24788,1426.5
quat0,-0.48246,0.42555,-0.1724,-0.74594,1426.52
quat1,-0.11826,-0.72625,-0.19656,0.64803,1426.52
quat2,-0.5245,-0.62227,-0.22314,0.53656,1426.52
quat3,-0.67355,0.01853,-0.72745,-0.12958,1426.52
quat4,-0.53033,-0.25013,-0.56806,0.57749,1426.52
quat5,-0.59683,-0.38065,-0.69821,0.10676,1426.52
quat6,-0.78034,-0.17507,-0.37245,0.47085,1426.52
quat7,-0.67022,-0.33493,-0.2691,0.60515,1426.52
quat8,-0.47753,-0.27108,-0.79433,0.25985,1426.52
quat0,-0.47704,0.43448,-0.154,-0.74829,1426.54
quat1,-0.13314,-0.73594,-0.2068,0.63079,1426.54
quat2,-0.54302,-0.62187,-0.23354,0.51368,1426.54
quat3,-0.68373,0.03038,-0.71511,-0.14216,1426.54
quat4,-0.54985,-0.25585,-0.566,0.55843,1426.54
quat5,-0.58557,-0.37208,-0.71199,0.10836,1426.54
quat6,-0.79337,-0.16704,-0.37301,0.45113,1426.54
quat7,-0.6853,-0.33296,-0.27981,0.58414,1426.54
quat8,-0.47567,-0.24533,-0.8017,0.26614,1426.54
quat0,-0.47307,0.44035,-0.13609,-0.75085,1426.56
quat1,-0.1452,-0.74476,-0.21741,0.61399,1426.56
quat2,-0.55895,-0.62253,-0.24439,0.49022,1426.56
quat3,-0.69294,0.03941,-0.70267,-0.15662,1426.56
quat4,-0.56921,-0.26006,-0.56745,0.53514,1426.56
quat5,-0.57568,-0.36401,-0.72357,0.11197,1426.56
quat6,-0.80423,-0.1628,-0.37403,0.43221,1426.56
quat7,-0.69792,-0.33413,-0.28882,0.56379,1426.56
quat8,-0.47705,-0.21841,-0.80781,0.26863,1426.56
quat0,-0.47079,0.4431,-0.11773,-0.75377,1426.58
quat1,-0.15367,-0.75246,-0.2279,0.59855,1426.58
quat2,-0.57274,-0.62339,-0.25538,0.46704,1426.58
quat3,-0.70084,0.04586,-0.69059,-0.17264,1426.58
quat4,-0.58677,-0.26287,-0.57174,0.50962,1426.58
quat5,-0.56669,-0.35686,-0.73308,0.11875,1426.58
quat6,-0.81355,-0.15979,-0.37609,0.41371,1426.58
quat7,-0.70751,-0.33785,-0.29719,0.54495,1426.58
quat8,-0.48172,-0.19217,-0.81158,0.26899,1426.58
quat0,-0.47014,0.44289,-0.10032,-0.75681,1426.6
quat1,-0.15783,-0.75932,-0.23798,0.58471,1426.6
quat2,-0.5835,-0.62603,-0.26546,0.44402,1426.6
quat3,-0.70755,0.04957,-0.6792,-0.18869,1426.6
quat4,-0.60075,-0.26764,-0.57628,0.48514,1426.6
quat5,-0.55968,-0.34927,-0.74068,0.12716,1426.6
quat6,-0.82137,-0.16027,-0.37817,0.39579,1426.6
quat7,-0.71475,-0.34307,-0.30623,0.52694,1426.6
quat8,-0.48859,-0.16544,-0.81425,0.26629,1426.6
quat0,-0.47151,0.4399,-0.08374,-0.7597,1426.62
quat1,-0.15891,-0.76554,-0.24895,0.5716,1426.62
quat2,-0.58997,-0.63128,-0.27389,0.42238,1426.62
quat3,-0.71309,0.04897,-0.66886,-0.20426,1426.62
quat4,-0.6099,-0.27678,-0.58026,0.46337,1426.62
quat5,-0.55619,-0.339,-0.74671,0.13474,1426.62
quat6,-0.82775,-0.16198,-0.38104,0.37869,1426.62
quat7,-0.72021,-0.34722,-0.31686,0.51023,1426.62
quat8,-0.49761,-0.13961,-0.81495,0.2622,1426.62
quat0,-0.47421,0.43465,-0.06886,-0.76254,1426.64
quat1,-0.15709,-0.77103,-0.25964,0.55984,1426.64
quat2,-0.59471,-0.63706,-0.28274,0.40066,1426.64
quat3,-0.71721,0.04354,-0.66029,-0.2185,1426.64
quat4,-0.61443,-0.28905,-0.5856,0.44273,1426.64
quat5,-0.55679,-0.32585,-0.75109,0.14026,1426.64
quat6,-0.83263,-0.16458,-0.38559,0.36188,1426.64
quat7,-0.72177,-0.35296,-0.32835,0.49664,1426.64
quat8,-0.50827,-0.11389,-0.814,0.2571,1426.64
quat0,-0.47792,0.42704,-0.05358,-0.76574,1426.66
quat1,-0.15158,-0.77623,-0.26879,0.54977,1426.66
quat2,-0.59957,-0.64058,-0.29332,0.37966,1426.66
quat3,-0.71997,0.03271,-0.65383,-0.23041,1426.66
quat4,-0.61532,-0.30234,-0.5916,0.42424,1426.66
quat5,-0.56098,-0.3099,-0.75383,0.14493,1426.66
quat6,-0.83672,-0.16419,-0.3926,0.34468,1426.66
quat7,-0.72125,-0.35851,-0.34016,0.48535,1426.66
quat8,-0.52064,-0.09079,-0.8102,0.2535,1426.66
quat0,-0.48295,0.41698,-0.04046,-0.76893,1426.68
quat1,-0.14331,-0.78102,-0.27744,0.54082,1426.68
quat2,-0.60241,-0.64376,-0.30435,0.36062,1426.68
quat3,-0.72072,0.01884,-0.64984,-0.24065,1426.68
quat4,-0.61138,-0.31868,-0.5973,0.40974,1426.68
quat5,-0.5674,-0.29524,-0.75383,0.1504,1426.68
quat6,-0.83928,-0.16412,-0.40168,0.3276,1426.68
quat7,-0.71854,-0.36452,-0.35274,0.47582,1426.68
quat8,-0.53443,-0.07032,-0.80458,0.24918,1426.68
quat0,-0.48944,0.40421,-0.02947,-0.77213,1426.7
quat1,-0.13164,-0.78492,-0.28559,0.53387,1426.7
quat2,-0.6033,-0.64604,-0.31471,0.34585,1426.7
quat3,-0.71973,0.00379,-0.64753,-0.25034,1426.7
quat4,-0.60358,-0.33558,-0.60373,0.39823,1426.7
quat5,-0.57661,-0.28224,-0.7508,0.15544,1426.7
quat6,-0.83967,-0.16507,-0.41183,0.31322,1426.7
quat7,-0.71404,-0.37093,-0.36445,0.46876,1426.7
quat8,-0.54959,-0.05433,-0.79638,0.24654,1426.7
quat0,-0.49687,0.38943,-0.02113,-0.77525,1426.72
quat1,-0.1165,-0.78766,-0.29334,0.52912,1426.72
quat2,-0.60055,-0.6492,-0.32415,0.33586,1426.72
quat3,-0.71713,-0.01254,-0.64686,-0.2591,1426.72
quat4,-0.59268,-0.35129,-0.61217,0.38805,1426.72
quat5,-0.58809,-0.27091,-0.74517,0.15961,1426.72
quat6,-0.83794,-0.16681,-0.42407,0.30033,1426.72
quat7,-0.70669,-0.37977,-0.37418,0.46514,1426.72
quat8,-0.566,-0.03858,-0.78659,0.24378,1426.72
quat0,-0.50442,0.37293,-0.01637,-0.7786,1426.74
quat1,-0.0991,-0.78849,-0.30027,0.52754,1426.74
quat2,-0.59399,-0.6528,-0.33282,0.33205,1426.74
quat3,-0.71307,-0.03022,-0.64791,-0.26612,1426.74
quat4,-0.58009,-0.36388,-0.62176,0.38014,1426.74
quat5,-0.60063,-0.26323,-0.7366,0.16544,1426.74
quat6,-0.83371,-0.16919,-0.43736,0.29157,1426.74
quat7,-0.69711,-0.38828,-0.38311,0.46529,1426.74
quat8,-0.58203,-0.02545,-0.77637,0.2405,1426.74
quat0,-0.51185,0.35574,-0.01575,-0.7818,1426.76
quat1,-0.08008,-0.78711,-0.30586,0.52962,1426.76
quat2,-0.5847,-0.65552,-0.34148,0.33439,1426.76
quat3,-0.70823,-0.04882,-0.65011,-0.2709,1426.76
quat4,-0.56586,-0.37221,-0.63296,0.37499,1426.76
quat5,-0.61347,-0.25978,-0.72534,0.17335,1426.76
quat6,-0.82669,-0.1734,-0.45178,0.28707,1426.76
quat7,-0.68486,-0.39668,-0.39139,0.4695,1426.76
quat8,-0.59641,-0.01679,-0.76614,0.23885,1426.76
quat0,-0.51906,0.33803,-0.01947,-0.78482,1426.78
quat1,-0.06017,-0.78322,-0.31039,0.53535,1426.78
quat2,-0.57342,-0.65738,-0.3495,0.34188,1426.78
quat3,-0.70206,-0.06787,-0.65355,-0.27455,1426.78
quat4,-0.54964,-0.37767,-0.64337,0.37595,1426.78
quat5,-0.62699,-0.25855,-0.71202,0.18183,1426.78
quat6,-0.81767,-0.17892,-0.46585,0.28704,1426.78
quat7,-0.67175,-0.40225,-0.40211,0.47461,1426.78
quat8,-0.60969,-0.01351,-0.75614,0.23737,1426.78
quat0,-0.52506,0.32048,-0.02693,-0.78796,1426.8
quat1,-0.03966,-0.77676,-0.31367,0.54468,1426.8
quat2,-0.55884,-0.65932,-0.35788,0.35345,1426.8
quat3,-0.6949,-0.08649,-0.65753,-0.27801,1426.8
quat4,-0.53071,-0.38186,-0.65194,0.38407,1426.8
quat5,-0.64023,-0.25947,-0.69713,0.1918,1426.8
quat6,-0.80705,-0.18588,-0.4794,0.29034,1426.8
quat7,-0.65828,-0.40505,-0.41499,0.47998,1426.8
quat8,-0.62146,-0.01278,-0.74672,0.23674,1426.8
quat0,-0.52978,0.30363,-0.03696,-0.79106,1426.82
quat1,-0.02024,-0.76797,-0.31579,0.55686,1426.82
quat2,-0.54092,-0.66171,-0.36621,0.36802,1426.82
quat3,-0.68662,-0.10444,-0.6625,-0.28062,1426.82
quat4,-0.51203,-0.38318,-0.65927,0.39543,1426.82
quat5,-0.65295,-0.26272,-0.68078,0.20291,1426.82
quat6,-0.79619,-0.19328,-0.49034,0.29714,1426.82
quat7,-0.64452,-0.40756,-0.42588,0.48694,1426.82
quat8,-0.63234,-0.01607,-0.73785,0.23553,1426.82
quat0,-0.53326,0.28886,-0.04886,-0.79361,1426.84
quat1,-0.00187,-0.75749,-0.31696,0.57074,1426.84
quat2,-0.51911,-0.66439,-0.375,0.38534,1426.84
quat3,-0.67709,-0.12101,-0.66916,-0.28129,1426.84
quat4,-0.49511,-0.38013,-0.66765,0.40573,1426.84
quat5,-0.66471,-0.26692,-0.66381,0.2151,1426.84
quat6,-0.78423,-0.20287,-0.49933,0.30739,1426.84
quat7,-0.62985,-0.41082,-0.43315,0.4969,1426.84
quat8,-0.64046,-0.02094,-0.73165,0.23252,1426.84
quat0,-0.53542,0.27518,-0.06192,-0.79609,1426.86
quat1,0.01392,-0.74612,-0.31743,0.58511,1426.86
quat2,-0.49565,-0.66653,-0.38372,0.40351,1426.86
quat3,-0.66625,-0.13546,-0.67755,-0.2805,1426.86
quat4,-0.48083,-0.37368,-0.67607,0.41485,1426.86
quat5,-0.67537,-0.27193,-0.64659,0.22772,1426.86
quat6,-0.76978,-0.21847,-0.50813,0.3186,1426.86
quat7,-0.61537,-0.41492,-0.43584,0.50912,1426.86
quat8,-0.64583,-0.02913,-0.72705,0.23121,1426.86
quat0,-0.53621,0.26318,-0.07507,-0.79849,1426.88
quat1,0.02718,-0.73412,-0.31727,0.59973,1426.88
quat2,-0.47114,-0.66725,-0.39303,0.4223,1426.88
quat3,-0.65501,-0.14676,-0.68699,-0.27831,1426.88
quat4,-0.46731,-0.36415,-0.68363,0.42622,1426.88
quat5,-0.68514,-0.27638,-0.63012,0.23907,1426.88
quat6,-0.7541,-0.2378,-0.51519,0.33069,1426.88
quat7,-0.60046,-0.42018,-0.43266,0.52507,1426.88
quat8,-0.64907,-0.04736,-0.71988,0.24133,1426.88
quat0,-0.53589,0.25306,-0.08849,-0.8006,1426.9
quat1,0.03804,-0.72228,-0.31675,0.61363,1426.9
quat2,-0.44548,-0.66785,-0.40029,0.44191,1426.9
quat3,-0.6442,-0.15569,-0.69684,-0.27419,1426.9
quat4,-0.45415,-0.35396,-0.68838,0.44113,1426.9
quat5,-0.69529,-0.27993,-0.61424,0.2468,1426.9
quat6,-0.73937,-0.25774,-0.51765,0.34488,1426.9
quat7,-0.5849,-0.42734,-0.42411,0.54351,1426.9
quat8,-0.65081,-0.06705,-0.71351,0.2507,1426.9
quat0,-0.53493,0.24496,-0.10079,-0.8023,1426.92
quat1,0.04655,-0.71084,-0.3162,0.62655,1426.92
quat2,-0.41944,-0.66731,-0.40617,0.46238,1426.92
quat3,-0.63404,-0.16083,-0.70661,-0.26986,1426.92
quat4,-0.44207,-0.34063,-0.69325,0.45601,1426.92
quat5,-0.7033,-0.28495,-0.59907,0.25551,1426.92
quat6,-0.72511,-0.27671,-0.51662,0.36159,1426.92
quat7,-0.56847,-0.43399,-0.41334,0.5636,1426.92
quat8,-0.65122,-0.08834,-0.70847,0.25727,1426.92
quat0,-0.53345,0.23881,-0.11242,-0.8036,1426.94
quat1,0.05242,-0.70024,-0.31592,0.63806,1426.94
quat2,-0.39563,-0.66507,-0.41154,0.48145,1426.94
quat3,-0.62458,-0.1618,-0.71632,-0.26572,1426.94
quat4,-0.43049,-0.32753,-0.69628,0.4718,1426.94
quat5,-0.70799,-0.29469,-0.58397,0.26625,1426.94
quat6,-0.7113,-0.29511,-0.51279,0.37948,1426.94
quat7,-0.55445,-0.44061,-0.39945,0.58215,1426.94
quat8,-0.64966,-0.11109,-0.70534,0.26095,1426.94
quat0,-0.53135,0.23457,-0.12324,-0.80464,1426.96
quat1,0.05507,-0.69096,-0.31568,0.64799,1426.96
quat2,-0.37463,-0.66097,-0.41614,0.4996,1426.96
quat3,-0.61604,-0.15981,-0.72633,-0.25963,1426.96
quat4,-0.41747,-0.31833,-0.69473,0.49167,1426.96
quat5,-0.71113,-0.30537,-0.57028,0.27536,1426.96
quat6,-0.69733,-0.31029,-0.50918,0.39773,1426.96
quat7,-0.54252,-0.44919,-0.38133,0.59874,1426.96
quat8,-0.64578,-0.13427,-0.70393,0.26348,1426.96
quat0,-0.52885,0.23219,-0.13436,-0.8052,1426.98
quat1,0.05498,-0.68264,-0.31525,0.65696,1426.98
quat2,-0.35641,-0.65661,-0.41837,0.51654,1426.98
quat3,-0.60823,-0.15612,-0.73627,-0.25218,1426.98
quat4,-0.40631,-0.30947,-0.69094,0.5116,1426.98
quat5,-0.7108,-0.31802,-0.55904,0.28479,1426.98
quat6,-0.6845,-0.32169,-0.50605,0.4146,1426.98
quat7,-0.53468,-0.45504,-0.36242,0.61295,1426.98
quat8,-0.64104,-0.15891,-0.70247,0.26524,1426.98
quat0,-0.52632,0.2316,-0.14492,-0.8052,1427.0
quat1,0.05409,-0.67513,-0.31352,0.66557,1427.0
quat2,-0.33756,-0.65437,-0.41437,0.53493,1427.0
quat3,-0.6011,-0.15171,-0.74542,-0.24498,1427.0
quat4,-0.39737,-0.29922,-0.68401,0.53356,1427.0
quat5,-0.70664,-0.33773,-0.54786,0.29401,1427.0
quat6,-0.67533,-0.32699,-0.50259,0.42943,1427.0
quat7,-0.52876,-0.4509,-0.34374,0.63162,1427.0
quat8,-0.63712,-0.18198,-0.70127,0.26304,1427.0
quat0,-0.52422,0.23204,-0.15607,-0.80436,1427.02
quat1,0.05256,-0.66875,-0.31084,0.67334,1427.02
quat2,-0.32143,-0.65361,-0.40293,0.55419,1427.02
quat3,-0.59508,-0.14738,-0.75363,-0.23706,1427.02
quat4,-0.39104,-0.28942,-0.67642,0.55298,1427.02
quat5,-0.7033,-0.35338,-0.54192,0.29464,1427.02
quat6,-0.66868,-0.32829,-0.49928,0.44251,1427.02
quat7,-0.52481,-0.44174,-0.33313,0.64689,1427.02
quat8,-0.63374,-0.20032,-0.7028,0.25361,1427.02
quat0,-0.52207,0.23422,-0.16694,-0.80294,1427.04
quat1,0.05057,-0.66352,-0.30702,0.68039,1427.04
quat2,-0.31168,-0.6523,-0.38689,0.57243,1427.04
quat3,-0.59013,-0.14273,-0.76088,-0.229,1427.04
quat4,-0.38715,-0.27771,-0.67161,0.5674,1427.04
quat5,-0.69754,-0.36943,-0.54011,0.29197,1427.04
quat6,-0.66217,-0.32746,-0.4973,0.45497,1427.04
quat7,-0.52511,-0.43142,-0.32622,0.65706,1427.04
quat8,-0.62911,-0.21628,-0.70575,0.24363,1427.04
quat0,-0.51958,0.23855,-0.1779,-0.80092,1427.06
quat1,0.04751,-0.65865,-0.30217,0.68748,1427.06
quat2,-0.30907,-0.65031,-0.36685,0.58906,1427.06
quat3,-0.587,-0.13686,-0.76712,-0.21962,1427.06
quat4,-0.38494,-0.268,-0.66492,0.58127,1427.06
quat5,-0.69093,-0.38511,-0.54144,0.28488,1427.06
quat6,-0.66092,-0.31749,-0.49554,0.46564,1427.06
quat7,-0.52896,-0.4222,-0.31808,0.6639,1427.06
quat8,-0.62308,-0.23143,-0.70918,0.23511,1427.06
quat0,-0.51673,0.24504,-0.18854,-0.79837,1427.08
quat1,0.04286,-0.65499,-0.29541,0.69418,1427.08
quat2,-0.31137,-0.64753,-0.34552,0.60363,1427.08
quat3,-0.58492,-0.13057,-0.77273,-0.20906,1427.08
quat4,-0.38514,-0.25895,-0.65707,0.59403,1427.08
quat5,-0.68594,-0.397,-0.54619,0.2712,1427.08
quat6,-0.66358,-0.30096,-0.49001,0.47851,1427.08
quat7,-0.53339,-0.4141,-0.3075,0.67042,1427.08
quat8,-0.61638,-0.24544,-0.71331,0.2259,1427.08
quat0,-0.51314,0.25386,-0.19887,-0.79542,1427.1
quat1,0.03691,-0.65227,-0.28554,0.70118,1427.1
quat2,-0.31475,-0.64653,-0.32214,0.61576,1427.1
quat3,-0.58402,-0.12376,-0.77725,-0.19871,1427.1
quat4,-0.38837,-0.24853,-0.65118,0.60279,1427.1
quat5,-0.68074,-0.40642,-0.55375,0.25453,1427.1
quat6,-0.66753,-0.28619,-0.48149,0.49058,1427.1
quat7,-0.53842,-0.40588,-0.29781,0.67577,1427.1
quat8,-0.6083,-0.25823,-0.71882,0.21584,1427.1
quat0,-0.50897,0.26472,-0.20862,-0.79205,1427.12
quat1,0.02775,-0.65107,-0.27504,0.70689,1427.12
quat2,-0.32607,-0.64237,-0.30407,0.62336,1427.12
quat3,-0.58394,-0.11543,-0.78108,-0.18867,1427.12
quat4,-0.39417,-0.23772,-0.64602,0.60891,1427.12
quat5,-0.67559,-0.41282,-0.56327,0.23639,1427.12
quat6,-0.67295,-0.27123,-0.47515,0.49779,1427.12
quat7,-0.54571,-0.39607,-0.29022,0.67905,1427.12
quat8,-0.59878,-0.27011,-0.72501,0.20703,1427.12
quat0,-0.50408,0.27772,-0.21695,-0.78848,1427.14
quat1,0.01552,-0.65156,-0.26452,0.71081,1427.14
quat2,-0.34181,-0.63636,-0.29138,0.62714,1427.14
quat3,-0.58472,-0.10426,-0.78424,-0.17944,1427.14
quat4,-0.40228,-0.22886,-0.64047,0.61286,1427.14
quat5,-0.66936,-0.41906,-0.57311,0.21883,1427.14
quat6,-0.68028,-0.25722,-0.46767,0.50234,1427.14
quat7,-0.55551,-0.38516,-0.28559,0.67934,1427.14
quat8,-0.58795,-0.28168,-0.73168,0.19903,1427.14
quat0,-0.49854,0.29217,-0.22352,-0.78494,1427.16
quat1,0.00137,-0.65361,-0.25442,0.71279,1427.16
quat2,-0.35923,-0.62956,-0.2813,0.62886,1427.16
quat3,-0.58686,-0.09072,-0.78617,-0.1712,1427.16
quat4,-0.41193,-0.22219,-0.63181,0.61787,1427.16
quat5,-0.66241,-0.42525,-0.58248,0.20273,1427.16
quat6,-0.68783,-0.24327,-0.45748,0.50835,1427.16
quat7,-0.56606,-0.37634,-0.2794,0.67815,1427.16
quat8,-0.57567,-0.29168,-0.73919,0.19268,1427.16
quat0,-0.49292,0.30825,-0.22729,-0.78125,1427.18
quat1,-0.01401,-0.65715,-0.2449,0.71272,1427.18
quat2,-0.37625,-0.62335,-0.27344,0.62857,1427.18
quat3,-0.59091,-0.0761,-0.7865,-0.16264,1427.18
quat4,-0.42315,-0.21823,-0.6221,0.62154,1427.18
quat5,-0.65483,-0.43067,-0.59261,0.18583,1427.18
quat6,-0.69497,-0.23012,-0.45065,0.51086,1427.18
quat7,-0.57796,-0.36876,-0.27308,0.67484,1427.18
quat8,-0.56216,-0.3,-0.74736,0.18823,1427.18
quat0,-0.48694,0.32472,-0.22887,-0.77786,1427.2
quat1,-0.03098,-0.66188,-0.23683,0.71054,1427.2
quat2,-0.3925,-0.61916,-0.26488,0.62644,1427.2
quat3,-0.59717,-0.06076,-0.78486,-0.15396,1427.2
quat4,-0.43525,-0.21622,-0.61159,0.62431,1427.2
quat5,-0.64682,-0.43383,-0.6043,0.16806,1427.2
quat6,-0.70326,-0.2176,-0.44283,0.51184,1427.2
quat7,-0.59112,-0.36155,-0.26721,0.66967,1427.2
quat8,-0.54708,-0.30753,-0.75578,0.18688,1427.2
quat0,-0.48114,0.34174,-0.22787,-0.77446,1427.22
quat1,-0.04912,-0.6669,-0.23074,0.70681,1427.22
quat2,-0.40842,-0.61689,-0.25608,0.62214,1427.22
quat3,-0.60531,-0.04446,-0.78121,-0.14606,1427.22
quat4,-0.44907,-0.21534,-0.60055,0.62554,1427.22
quat5,-0.63819,-0.43447,-0.6176,0.15006,1427.22
quat6,-0.71271,-0.20892,-0.43228,0.5114,1427.22
quat7,-0.60469,-0.35475,-0.26349,0.66262,1427.22
quat8,-0.53059,-0.31321,-0.76465,0.18892,1427.22
quat0,-0.47545,0.35879,-0.22356,-0.77152,1427.24
quat1,-0.06785,-0.67241,-0.22607,0.70154,1427.24
quat2,-0.4254,-0.61623,-0.24836,0.6145,1427.24
quat3,-0.61498,-0.02706,-0.77549,-0.14027,1427.24
quat4,-0.46579,-0.2138,-0.59116,0.62278,1427.24
quat5,-0.62699,-0.43509,-0.63203,0.1346,1427.24
quat6,-0.72334,-0.20313,-0.41907,0.50981,1427.24
quat7,-0.61944,-0.34788,-0.26167,0.6533,1427.24
quat8,-0.51454,-0.31408,-0.77428,0.19259,1427.24
quat0,-0.46995,0.37561,-0.21695,-0.76876,1427.26
quat1,-0.08582,-0.67899,-0.22268,0.69428,1427.26
quat2,-0.44337,-0.61716,-0.24244,0.60312,1427.26
quat3,-0.62563,-0.00903,-0.76757,-0.13906,1427.26
quat4,-0.48405,-0.21171,-0.58418,0.61613,1427.26
quat5,-0.61364,-0.434,-0.64836,0.12132,1427.26
quat6,-0.73526,-0.20065,-0.40586,0.50439,1427.26
quat7,-0.63445,-0.34178,-0.26116,0.64222,1427.26
quat8,-0.4993,-0.3107,-0.78413,0.19826,1427.26
quat0,-0.4649,0.39133,-0.20776,-0.76653,1427.28
quat1,-0.10293,-0.68685,-0.21993,0.68503,1427.28
quat2,-0.4632,-0.61902,-0.23884,0.58755,1427.28
quat3,-0.63652,0.00876,-0.75805,-0.14183,1427.28
quat4,-0.50478,-0.20989,-0.57926,0.60465,1427.28
quat5,-0.60009,-0.43025,-0.66547,0.10924,1427.28
quat6,-0.74832,-0.20009,-0.39338,0.49522,1427.28
quat7,-0.64932,-0.3377,-0.26169,0.62917,1427.28
quat8,-0.48479,-0.30275,-0.79419,0.20636,1427.28
quat0,-0.46009,0.40632,-0.19503,-0.76497,1427.3
quat1,-0.11948,-0.69636,-0.2196,0.67274,1427.3
quat2,-0.4831,-0.62132,-0.23759,0.56932,1427.3
quat3,-0.64746,0.02553,-0.74747,-0.14637,1427.3
quat4,-0.52685,-0.20691,-0.57786,0.58795,1427.3
quat5,-0.58664,-0.42406,-0.6828,0.09909,1427.3
quat6,-0.76237,-0.19639,-0.38432,0.4822,1427.3
quat7,-0.66431,-0.33322,-0.26469,0.61448,1427.3
quat8,-0.47203,-0.29119,-0.80326,0.21716,1427.3
quat0,-0.45565,0.41946,-0.1798,-0.76427,1427.32
quat1,-0.13506,-0.70686,-0.22219,0.65783,1427.32
quat2,-0.50313,-0.62407,-0.23776,0.54852,1427.32
quat3,-0.65841,0.04038,-0.73605,-0.15197,1427.32
quat4,-0.54984,-0.20479,-0.57631,0.56886,1427.32
quat5,-0.57321,-0.41685,-0.69934,0.09271,1427.32
quat6,-0.77755,-0.19011,-0.37727,0.46577,1427.32
quat7,-0.67936,-0.33041,-0.2691,0.5974,1427.32
quat8,-0.4629,-0.27468,-0.81115,0.2287,1427.32
quat0,-0.45221,0.43,-0.16332,-0.76416,1427.34
quat1,-0.14908,-0.7178,-0.22744,0.64094,1427.34
quat2,-0.52203,-0.62669,-0.23965,0.52661,1427.34
quat3,-0.66968,0.05293,-0.72341,-0.15936,1427.34
quat4,-0.57113,-0.20538,-0.57324,0.55049,1427.34
quat5,-0.5601,-0.4094,-0.71447,0.09058,1427.34
quat6,-0.79179,-0.18268,-0.37371,0.44724,1427.34
quat7,-0.69409,-0.32853,-0.27394,0.57902,1427.34
quat8,-0.45709,-0.25246,-0.81866,0.23903,1427.34
quat0,-0.44974,0.43788,-0.14629,-0.76459,1427.36
quat1,-0.1611,-0.72876,-0.23377,0.62314,1427.36
quat2,-0.54025,-0.62931,-0.24345,0.50283,1427.36
quat3,-0.68103,0.06254,-0.70952,-0.1699,1427.36
quat4,-0.5891,-0.21281,-0.56677,0.53521,1427.36
quat5,-0.54802,-0.40215,-0.72752,0.09311,1427.36
quat6,-0.80479,-0.17519,-0.37201,0.42805,1427.36
quat7,-0.70792,-0.32716,-0.28058,0.55955,1427.36
quat8,-0.45546,-0.22894,-0.8245,0.24566,1427.36
quat0,-0.44876,0.44345,-0.12867,-0.76512,1427.38
quat1,-0.17036,-0.73916,-0.24128,0.60531,1427.38
quat2,-0.55658,-0.63142,-0.24924,0.47897,1427.38
quat3,-0.69206,0.06944,-0.69487,-0.1827,1427.38
quat4,-0.60531,-0.22131,-0.56239,0.51801,1427.38
quat5,-0.53738,-0.39447,-0.73879,0.09905,1427.38
quat6,-0.81641,-0.1679,-0.37128,0.40919,1427.38
quat7,-0.72031,-0.32675,-0.28822,0.53974,1427.38
quat8,-0.45663,-0.20249,-0.83088,0.24523,1427.38
quat0,-0.44905,0.44642,-0.1108,-0.76602,1427.4
quat1,-0.17639,-0.74911,-0.24932,0.58784,1427.4
quat2,-0.57125,-0.63387,-0.25542,0.45458,1427.4
quat3,-0.70197,0.07302,-0.68066,-0.19649,1427.4
quat4,-0.62072,-0.2301,-0.56005,0.49809,1427.4
quat5,-0.52959,-0.38518,-0.74825,0.10629,1427.4
quat6,-0.8266,-0.16322,-0.37025,0.39115,1427.4
quat7,-0.73064,-0.32872,-0.29485,0.52074,1427.4
quat8,-0.45992,-0.17663,-0.83527,0.24415,1427.4
quat0,-0.45072,0.44696,-0.09256,-0.76714,1427.42
quat1,-0.17833,-0.75829,-0.25779,0.57161,1427.42
quat2,-0.58328,-0.63709,-0.26119,0.4309,1427.42
quat3,-0.71087,0.07294,-0.66695,-0.21099,1427.42
quat4,-0.63328,-0.23991,-0.56028,0.47696,1427.42
quat5,-0.52438,-0.37379,-0.7564,0.11477,1427.42
quat6,-0.83514,-0.16086,-0.37038,0.37349,1427.42
quat7,-0.73871,-0.3327,-0.30181,0.50253,1427.42
quat8,-0.46561,-0.15205,-0.83729,0.24297,1427.42
quat0,-0.45365,0.44481,-0.0746,-0.76862,1427.44
quat1,-0.17608,-0.76676,-0.26622,0.55696,1427.44
quat2,-0.59261,-0.64166,-0.26668,0.4074,1427.44
quat3,-0.71874,0.06872,-0.6542,-0.2252,1427.44
quat4,-0.64277,-0.2513,-0.56345,0.45413,1427.44
quat5,-0.52236,-0.36044,-0.76289,0.12339,1427.44
quat6,-0.84236,-0.16059,-0.37223,0.35509,1427.44
quat7,-0.74406,-0.33855,-0.31004,0.48543,1427.44
quat8,-0.47345,-0.12858,-0.83762,0.2402,1427.44
quat0,-0.45832,0.43941,-0.05821,-0.77037,1427.46
quat1,-0.16964,-0.77468,-0.2749,0.54363,1427.46
quat2,-0.59964,-0.64635,-0.27224,0.38541,1427.46
quat3,-0.72552,0.06035,-0.64288,-0.23811,1427.46
quat4,-0.64913,-0.26196,-0.56935,0.43111,1427.46
quat5,-0.52382,-0.34484,-0.76777,0.13128,1427.46
quat6,-0.84808,-0.16072,-0.37618,0.33678,1427.46
quat7,-0.74713,-0.34449,-0.31878,0.47064,1427.46
quat8,-0.4834,-0.10656,-0.83551,0.23853,1427.46
quat0,-0.46421,0.4311,-0.04272,-0.77255,1427.48
quat1,-0.1596,-0.78193,-0.28382,0.53156,1427.48
quat2,-0.60274,-0.65259,-0.27771,0.36566,1427.48
quat3,-0.73121,0.04771,-0.63324,-0.24912,1427.48
quat4,-0.65205,-0.27356,-0.57672,0.40914,1427.48
quat5,-0.52834,-0.32943,-0.77018,0.13843,1427.48
quat6,-0.85179,-0.16211,-0.38286,0.31873,1427.48
quat7,-0.74814,-0.34936,-0.32917,0.45812,1427.48
quat8,-0.49535,-0.08815,-0.83089,0.23764,1427.48
quat0,-0.47203,0.41992,-0.02921,-0.7746,1427.5
quat1,-0.14687,-0.78816,-0.29356,0.52062,1427.5
quat2,-0.60446,-0.65745,-0.28404,0.34887,1427.5
quat3,-0.73459,0.03207,-0.62611,-0.25951,1427.5
quat4,-0.65031,-0.2861,-0.58518,0.3909,1427.5
quat5,-0.53642,-0.31447,-0.76969,0.14468,1427.5
quat6,-0.85372,-0.16162,-0.39241,0.30176,1427.5
quat7,-0.7469,-0.35176,-0.34126,0.44938,1427.5
quat8,-0.5092,-0.07232,-0.82456,0.23577,1427.5
quat0,-0.48107,0.40596,-0.01688,-0.77684,1427.52
quat1,-0.13084,-0.79367,-0.30243,0.51138,1427.52
quat2,-0.60639,-0.65925,-0.2924,0.33493,1427.52
quat3,-0.73534,0.0158,-0.62112,-0.27064,1427.52
quat4,-0.64389,-0.29972,-0.59517,0.37596,1427.52
quat5,-0.54742,-0.30074,-0.76645,0.14983,1427.52
quat6,-0.85345,-0.16003,-0.4059,0.28505,1427.52
quat7,-0.74242,-0.35498,-0.35422,0.44422,1427.52
quat8,-0.52467,-0.05871,-0.8167,0.23298,1427.52
quat0,-0.49061,0.38979,-0.00748,-0.7793,1427.54
quat1,-0.11227,-0.79737,-0.30977,0.5056,1427.54
quat2,-0.60938,-0.65746,-0.30287,0.32352,1427.54
quat3,-0.73347,-0.0032,-0.61927,-0.28021,1427.54
quat4,-0.63348,-0.31282,-0.60593,0.36566,1427.54
quat5,-0.5607,-0.2882,-0.76062,0.15497,1427.54
quat6,-0.85117,-0.15753,-0.42179,0.26977,1427.54
quat7,-0.73453,-0.36032,-0.36516,0.44417,1427.54
quat8,-0.5412,-0.04854,-0.80732,0.23017,1427.54
quat0,-0.50046,0.3712,-0.00202,-0.78214,1427.56
quat1,-0.09267,-0.79866,-0.3162,0.50356,1427.56
quat2,-0.61101,-0.65389,-0.31559,0.31543,1427.56
quat3,-0.72969,-0.02418,-0.62026,-0.28678,1427.56
quat4,-0.61869,-0.32494,-0.61771,0.36066,1427.56
quat5,-0.57555,-0.27775,-0.75234,0.15997,1427.56
quat6,-0.8465,-0.15477,-0.44024,0.25627,1427.56
quat7,-0.72315,-0.36877,-0.37336,0.44907,1427.56
quat8,-0.55785,-0.04125,-0.79688,0.22822,1427.56
quat0,-0.51001,0.35172,-0.00021,-0.78498,1427.58
quat1,-0.07295,-0.79795,-0.32118,0.50477,1427.58
quat2,-0.60811,-0.65142,-0.32867,0.31278,1427.58
quat3,-0.72372,-0.04676,-0.62393,-0.29113,1427.58
quat4,-0.60033,-0.33512,-0.62999,0.36112,1427.58
quat5,-0.59159,-0.26942,-0.74183,0.16469,1427.58
quat6,-0.83994,-0.1546,-0.45849,0.24574,1427.58
quat7,-0.70917,-0.37858,-0.37954,0.45794,1427.58
quat8,-0.57447,-0.03926,-0.78518,0.2279,1427.58
quat0,-0.51937,0.33187,-0.00332,-0.78747,1427.6
quat1,-0.05277,-0.79497,-0.32478,0.50966,1427.6
quat2,-0.59984,-0.65103,-0.34125,0.31607,1427.6
quat3,-0.71583,-0.06922,-0.62968,-0.29376,1427.6
quat4,-0.57769,-0.34481,-0.64215,0.36746,1427.6
quat5,-0.60824,-0.26264,-0.72958,0.16963,1427.6
quat6,-0.83081,-0.15923,-0.47621,0.24004,1427.6
quat7,-0.69289,-0.38738,-0.38693,0.46917,1427.6
quat8,-0.59033,-0.04032,-0.77285,0.22931,1427.6
quat0,-0.52787,0.31242,-0.01047,-0.78971,1427.62
quat1,-0.03172,-0.78932,-0.32689,0.51877,1427.62
quat2,-0.58793,-0.65178,-0.35224,0.32471,1427.62
quat3,-0.70634,-0.0911,-0.63719,-0.29458,1427.62
quat4,-0.55249,-0.35474,-0.65145,0.38017,1427.62
quat5,-0.62441,-0.25959,-0.7148,0.17828,1427.62
quat6,-0.82064,-0.16616,-0.49129,0.23993,1427.62
quat7,-0.6743,-0.39623,-0.39625,0.48094,1427.62
quat8,-0.60555,-0.04035,-0.76065,0.23045,1427.62
quat0,-0.535,0.29483,-0.0209,-0.79147,1427.64
quat1,-0.01096,-0.78075,-0.328,0.53171,1427.64
quat2,-0.57059,-0.65472,-0.36189,0.33882,1427.64
quat3,-0.69544,-0.11154,-0.64666,-0.29283,1427.64
quat4,-0.52586,-0.36465,-0.65758,0.3976,1427.64
quat5,-0.639,-0.26168,-0.69741,0.19191,1427.64
quat6,-0.80943,-0.17619,-0.50297,0.24657,1427.64
quat7,-0.65474,-0.40366,-0.40794,0.4919,1427.64
quat8,-0.61842,-0.04027,-0.74996,0.23128,1427.64
quat0,-0.54076,0.27873,-0.03391,-0.79293,1427.66
quat1,0.00907,-0.7709,-0.32706,0.5465,1427.66
quat2,-0.54959,-0.65872,-0.37024,0.35631,1427.66
quat3,-0.68311,-0.13058,-0.65795,-0.28881,1427.66
quat4,-0.49968,-0.37335,-0.66143,0.41647,1427.66
quat5,-0.65243,-0.26795,-0.67773,0.2079,1427.66
quat6,-0.79783,-0.18921,-0.51072,0.25851,1427.66
quat7,-0.63558,-0.40955,-0.41781,0.50372,1427.66
quat8,-0.62818,-0.04292,-0.74108,0.23314,1427.66
quat0,-0.54543,0.26467,-0.04806,-0.79382,1427.68
quat1,0.02694,-0.76042,-0.32503,0.5616,1427.68
quat2,-0.52488,-0.6633,-0.3779,0.37646,1427.68
quat3,-0.67028,-0.14623,-0.66982,-0.28403,1427.68
quat4,-0.47418,-0.37802,-0.66533,0.43541,1427.68
quat5,-0.66435,-0.27575,-0.6577,0.22366,1427.68
quat6,-0.78466,-0.20448,-0.51724,0.27378,1427.68
quat7,-0.61595,-0.41386,-0.42344,0.51964,1427.68
quat8,-0.63663,-0.05455,-0.73172,0.2373,1427.68
quat0,-0.54896,0.25203,-0.06335,-0.79442,1427.7
quat1,0.04206,-0.74947,-0.32203,0.5769,1427.7
quat2,-0.49721,-0.66873,-0.38413,0.39753,1427.7
quat3,-0.65758,-0.15876,-0.68156,-0.27904,1427.7
quat4,-0.45217,-0.37461,-0.67139,0.45215,1427.7
quat5,-0.67652,-0.28075,-0.63886,0.23526,1427.7
quat6,-0.77051,-0.22282,-0.52206,0.29003,1427.7
quat7,-0.59576,-0.41661,-0.42292,0.54097,1427.7
quat8,-0.64211,-0.07532,-0.72381,0.24108,1427.7
quat0,-0.55132,0.24186,-0.07937,-0.79451,1427.72
quat1,0.05326,-0.73851,-0.31933,0.59144,1427.72
quat2,-0.46781,-0.67353,-0.38892,0.41983,1427.72
quat3,-0.64549,-0.16935,-0.69331,-0.27201,1427.72
quat4,-0.43317,-0.36322,-0.68011,0.46679,1427.72
quat5,-0.68729,-0.28488,-0.62137,0.24571,1427.72
quat6,-0.75546,-0.24389,-0.52566,0.30573,1427.72
quat7,-0.57449,-0.41649,-0.41973,0.56597,1427.72
quat8,-0.64545,-0.11288,-0.70833,0.26253,1427.72
quat0,-0.55254,0.23359,-0.09687,-0.7942,1427.74
quat1,0.06104,-0.72779,-0.31682,0.60516,1427.74
quat2,-0.44151,-0.6742,-0.39341,0.44245,1427.74
quat3,-0.63401,-0.17757,-0.70538,-0.26256,1427.74
quat4,-0.41575,-0.34804,-0.68906,0.48085,1427.74
quat5,-0.69445,-0.29361,-0.60362,0.25919,1427.74
quat6,-0.74068,-0.26488,-0.52579,0.32369,1427.74
quat7,-0.54971,-0.41912,-0.4105,0.59468,1427.74
quat8,-0.64163,-0.15612,-0.6956,0.28298,1427.74
quat0,-0.55316,0.22708,-0.11423,-0.79335,1427.76
quat1,0.06694,-0.7173,-0.3137,0.61854,1427.76
quat2,-0.41845,-0.67043,-0.39791,0.46592,1427.76
quat3,-0.62339,-0.18086,-0.71752,-0.25266,1427.76
quat4,-0.40007,-0.32964,-0.69555,0.49748,1427.76
quat5,-0.69703,-0.31123,-0.5838,0.27654,1427.76
quat6,-0.72395,-0.2849,-0.52382,0.34688,1427.76
quat7,-0.5214,-0.42843,-0.39519,0.62323,1427.76
quat8,-0.63447,-0.19677,-0.68949,0.28867,1427.76
quat0,-0.55316,0.22286,-0.13209,-0.79177,1427.78
quat1,0.07172,-0.70689,-0.30862,0.63239,1427.78
quat2,-0.39591,-0.66513,-0.39976,0.49096,1427.78
quat3,-0.61247,-0.18088,-0.73023,-0.24276,1427.78
quat4,-0.38696,-0.31086,-0.69959,0.51401,1427.78
quat5,-0.69953,-0.32928,-0.56474,0.28862,1427.78
quat6,-0.70506,-0.30251,-0.52132,0.37364,1427.78
quat7,-0.49485,-0.44972,-0.35969,0.65077,1427.78
quat8,-0.62474,-0.23188,-0.68797,0.28745,1427.78
quat0,-0.55304,0.22001,-0.15076,-0.78931,1427.8
quat1,0.07532,-0.69658,-0.30113,0.64686,1427.8
quat2,-0.37007,-0.66123,-0.39557,0.51898,1427.8
quat3,-0.60048,-0.17925,-0.74386,-0.23231,1427.8
quat4,-0.36932,-0.30371,-0.68629,0.54807,1427.8
quat5,-0.69844,-0.34612,-0.55169,0.2967,1427.8
quat6,-0.68533,-0.31532,-0.51718,0.40425,1427.8
quat7,-0.48077,-0.46677,-0.30593,0.67631,1427.8
quat8,-0.61626,-0.26284,-0.68702,0.28132,1427.8
quat0,-0.55284,0.218,-0.16973,-0.78615,1427.82
quat1,0.07721,-0.68694,-0.29285,0.6606,1427.82
quat2,-0.34336,-0.65955,-0.38047,0.54986,1427.82
quat3,-0.58918,-0.17752,-0.75701,-0.21974,1427.82
quat4,-0.35657,-0.29846,-0.67445,0.57349,1427.82
quat5,-0.69432,-0.36897,-0.5407,0.29904,1427.82
quat6,-0.66986,-0.32059,-0.50938,0.43479,1427.82
quat7,-0.47575,-0.46581,-0.28077,0.69127,1427.82
quat8,-0.61064,-0.28736,-0.68653,0.2706,1427.82
quat0,-0.55258,0.21739,-0.18819,-0.78229,1427.84
quat1,0.0779,-0.67729,-0.2848,0.67387,1427.84
quat2,-0.32407,-0.65664,-0.36128,0.5773,1427.84
quat3,-0.57982,-0.17514,-0.76883,-0.20502,1427.84
quat4,-0.34547,-0.29042,-0.6661,0.59382,1427.84
quat5,-0.68724,-0.39149,-0.53329,0.30006,1427.84
quat6,-0.65777,-0.32198,-0.50043,0.46177,1427.84
quat7,-0.46825,-0.4508,-0.27731,0.70754,1427.84
quat8,-0.60757,-0.30563,-0.6851,0.26094,1427.84
quat0,-0.55178,0.21893,-0.20542,-0.77808,1427.86
quat1,0.0777,-0.6675,-0.27558,0.68735,1427.86
quat2,-0.30846,-0.65381,-0.33903,0.60204,1427.86
quat3,-0.57282,-0.17277,-0.77871,-0.1888,1427.86
quat4,-0.33538,-0.28647,-0.65439,0.61418,1427.86
quat5,-0.67617,-0.41786,-0.52669,0.30129,1427.86
quat6,-0.64652,-0.32238,-0.49117,0.48666,1427.86
quat7,-0.46299,-0.43342,-0.28089,0.72034,1427.86
quat8,-0.60456,-0.31894,-0.68606,0.2492,1427.86
quat0,-0.54998,0.22296,-0.2207,-0.77402,1427.88
quat1,0.07626,-0.65948,-0.26354,0.69986,1427.88
quat2,-0.29728,-0.65166,-0.31405,0.62317,1427.88
quat3,-0.56799,-0.17017,-0.78674,-0.17168,1427.88
quat4,-0.32969,-0.28084,-0.64416,0.63047,1427.88
quat5,-0.66572,-0.44033,-0.52356,0.298,1427.88
quat6,-0.63939,-0.31719,-0.47823,0.51173,1427.88
quat7,-0.46633,-0.42303,-0.27822,0.72538,1427.88
quat8,-0.60045,-0.32819,-0.68927,0.23805,1427.88
quat0,-0.54708,0.22926,-0.23397,-0.77032,1427.9
quat1,0.07332,-0.65399,-0.24985,0.71028,1427.9
quat2,-0.29083,-0.64902,-0.29155,0.63968,1427.9
quat3,-0.56511,-0.16579,-0.79327,-0.15459,1427.9
quat4,-0.33107,-0.27276,-0.63683,0.64065,1427.9
quat5,-0.66079,-0.4529,-0.52642,0.28482,1427.9
quat6,-0.63696,-0.30926,-0.46511,0.53133,1427.9
quat7,-0.47568,-0.41695,-0.26486,0.72782,1427.9
quat8,-0.59292,-0.33928,-0.69386,0.22782,1427.9
quat0,-0.54374,0.23735,-0.24463,-0.76692,1427.92
quat1,0.06763,-0.65077,-0.23823,0.71776,1427.92
quat2,-0.2933,-0.64478,-0.27224,0.65124,1427.92
quat3,-0.56383,-0.15868,-0.79833,-0.13996,1427.92
quat4,-0.33635,-0.26515,-0.62962,0.64818,1427.92
quat5,-0.65806,-0.46013,-0.53285,0.26702,1427.92
quat6,-0.63815,-0.29945,-0.45669,0.5427,1427.92
quat7,-0.48592,-0.40914,-0.25393,0.72939,1427.92
quat8,-0.58401,-0.34854,-0.69998,0.21791,1427.92
quat0,-0.54002,0.24813,-0.25269,-0.76352,1427.94
quat1,0.05929,-0.65031,-0.22943,0.72177,1427.94
quat2,-0.3033,-0.63979,-0.25512,0.65848,1427.94
quat3,-0.56449,-0.14813,-0.80173,-0.12897,1427.94
quat4,-0.34572,-0.25819,-0.62351,0.65196,1427.94
quat5,-0.65381,-0.46707,-0.54079,0.24885,1427.94
quat6,-0.6451,-0.28534,-0.45078,0.54701,1427.94
quat7,-0.49715,-0.39828,-0.25251,0.72832,1427.94
quat8,-0.57494,-0.35548,-0.70654,0.20947,1427.94
quat0,-0.53614,0.26132,-0.25828,-0.75997,1427.96
quat1,0.0492,-0.65247,-0.22198,0.7229,1427.96
quat2,-0.31709,-0.63463,-0.2394,0.66287,1427.96
quat3,-0.56765,-0.13484,-0.80309,-0.12102,1427.96
quat4,-0.35719,-0.25198,-0.61692,0.65447,1427.96
quat5,-0.64876,-0.47301,-0.55002,0.22989,1427.96
quat6,-0.65291,-0.26841,-0.44775,0.5488,1427.96
quat7,-0.50966,-0.38627,-0.25206,0.7263,1427.96
quat8,-0.56332,-0.36208,-0.71493,0.20111,1427.96
quat0,-0.53174,0.2768,-0.26096,-0.75666,1427.98
quat1,0.03564,-0.65697,-0.21566,0.72154,1427.98
quat2,-0.3329,-0.62989,-0.22584,0.66439,1427.98
quat3,-0.57334,-0.11999,-0.80224,-0.11531,1427.98
quat4,-0.37058,-0.24603,-0.61007,0.65571,1427.98
quat5,-0.64265,-0.47672,-0.56147,0.21094,1427.98
quat6,-0.66032,-0.25411,-0.4413,0.55196,1427.98
quat7,-0.52343,-0.37703,-0.24959,0.7222,1427.98
quat8,-0.54972,-0.36813,-0.72382,0.19592,1427.98
quat0,-0.52677,0.29331,-0.26118,-0.75384,1428.0
quat1,0.01975,-0.66254,-0.20942,0.71888,1428.0
quat2,-0.34903,-0.6275,-0.21246,0.66278,1428.0
quat3,-0.58166,-0.10447,-0.799,-0.11116,1428.0
quat4,-0.38678,-0.23935,-0.60379,0.65464,1428.0
quat5,-0.63587,-0.47811,-0.57478,0.19159,1428.0
quat6,-0.66966,-0.24207,-0.43096,0.55429,1428.0
quat7,-0.53861,-0.37018,-0.24452,0.71629,1428.0
quat8,-0.53467,-0.37275,-0.73308,0.1944,1428.0
quat0,-0.52166,0.31052,-0.25834,-0.75147,1428.02
quat1,0.00216,-0.66884,-0.20454,0.71471,1428.02
quat2,-0.36711,-0.62673,-0.20218,0.65694,1428.02
quat3,-0.59162,-0.08861,-0.79401,-0.10808,1428.02
quat4,-0.40647,-0.23256,-0.59893,0.6496,1428.02
quat5,-0.62832,-0.47655,-0.59035,0.17201,1428.02
quat6,-0.68082,-0.23417,-0.41991,0.55257,1428.02
quat7,-0.55504,-0.3642,-0.24009,0.70827,1428.02
quat8,-0.51906,-0.37364,-0.74368,0.19469,1428.02
quat0,-0.51637,0.32786,-0.25267,-0.74968,1428.04
quat1,-0.01618,-0.6756,-0.20148,0.70902,1428.04
quat2,-0.38745,-0.62713,-0.19447,0.64712,1428.04
quat3,-0.60314,-0.07185,-0.78717,-0.1069,1428.04
quat4,-0.42859,-0.22591,-0.59496,0.64132,1428.04
quat5,-0.62038,-0.47249,-0.60707,0.15282,1428.04
quat6,-0.6932,-0.22945,-0.40794,0.5481,1428.04
quat7,-0.57273,-0.35757,-0.23894,0.69788,1428.04
quat8,-0.50339,-0.37084,-0.75486,0.19815,1428.04
quat0,-0.51107,0.34522,-0.24344,-0.74857,1428.06
quat1,-0.03428,-0.68318,-0.20003,0.70149,1428.06
quat2,-0.40762,-0.62904,-0.18937,0.63426,1428.06
quat3,-0.61586,-0.05369,-0.7785,-0.10852,1428.06
quat4,-0.45029,-0.22098,-0.59186,0.63095,1428.06
quat5,-0.61111,-0.46648,-0.62506,0.13502,1428.06
quat6,-0.70653,-0.22627,-0.39663,0.54065,1428.06
quat7,-0.5906,-0.35029,-0.24255,0.68532,1428.06
quat8,-0.48916,-0.36322,-0.76624,0.20414,1428.06
quat0,-0.50553,0.36183,-0.23161,-0.74825,1428.08
quat1,-0.05223,-0.69211,-0.20017,0.69151,1428.08
quat2,-0.42855,-0.63236,-0.18634,0.61786,1428.08
quat3,-0.62936,-0.03579,-0.76814,-0.11218,1428.08
quat4,-0.47345,-0.21809,-0.58947,0.6171,1428.08
quat5,-0.60121,-0.45857,-0.64338,0.11965,1428.08
quat6,-0.72167,-0.2218,-0.38713,0.52927,1428.08
quat7,-0.60914,-0.34429,-0.24724,0.67028,1428.08
quat8,-0.47752,-0.35024,-0.77763,0.21119,1428.08
quat0,-0.50017,0.37704,-0.21744,-0.74859,1428.1
quat1,-0.07011,-0.70216,-0.20273,0.67894,1428.1
quat2,-0.45147,-0.63482,-0.18835,0.59809,1428.1
quat3,-0.64321,-0.0192,-0.75637,-0.11757,1428.1
quat4,-0.49616,-0.21652,-0.5872,0.60178,1428.1
quat5,-0.58997,-0.44996,-0.66155,0.10867,1428.1
quat6,-0.73744,-0.21497,-0.38095,0.51462,1428.1
quat7,-0.62697,-0.3407,-0.25233,0.65358,1428.1
quat8,-0.46714,-0.33423,-0.78838,0.2203,1428.1
quat0,-0.49539,0.38986,-0.20109,-0.74977,1428.12
quat1,-0.08806,-0.71277,-0.20755,0.66418,1428.12
quat2,-0.47597,-0.63603,-0.19488,0.57528,1428.12
quat3,-0.65704,-0.00562,-0.74349,-0.12445,1428.12
quat4,-0.51999,-0.21622,-0.58567,0.58296,1428.12
quat5,-0.57838,-0.44144,-0.67838,0.102,1428.12
quat6,-0.75365,-0.20618,-0.37797,0.49663,1428.12
quat7,-0.64491,-0.33823,-0.25785,0.63498,1428.12
quat8,-0.45893,-0.31521,-0.79798,0.23076,1428.12
quat0,-0.49154,0.40055,-0.1832,-0.75125,1428.14
quat1,-0.1037,-0.72339,-0.2143,0.64809,1428.14
quat2,-0.49912,-0.63659,-0.20427,0.55128,1428.14
quat3,-0.67018,0.00502,-0.72993,-0.13427,1428.14
quat4,-0.54344,-0.21544,-0.58556,0.56158,1428.14
quat5,-0.56741,-0.43275,-0.69347,0.09933,1428.14
quat6,-0.76898,-0.19705,-0.37772,0.47663,1428.14
quat7,-0.66223,-0.33541,-0.26463,0.61557,1428.14
quat8,-0.45255,-0.29388,-0.80638,0.24204,1428.14
quat0,-0.48852,0.40889,-0.16415,-0.75313,1428.16
quat1,-0.11695,-0.73371,-0.22252,0.63126,1428.16
quat2,-0.5188,-0.63989,-0.21183,0.52584,1428.16
quat3,-0.68213,0.01354,-0.71619,-0.14696,1428.16
quat4,-0.56539,-0.21631,-0.58595,0.53871,1428.16
quat5,-0.55642,-0.4242,-0.70725,0.10127,1428.16
quat6,-0.78314,-0.18974,-0.37782,0.45601,1428.16
quat7,-0.67731,-0.33449,-0.27192,0.59618,1428.16
quat8,-0.44955,-0.27059,-0.81288,0.25281,1428.16
quat0,-0.4864,0.4151,-0.14431,-0.75517,1428.18
quat1,-0.12753,-0.74342,-0.23243,0.61403,1428.18
quat2,-0.53605,-0.64433,-0.21873,0.49964,1428.18
quat3,-0.69306,0.0198,-0.70229,-0.16143,1428.18
quat4,-0.58455,-0.22064,-0.58452,0.51765,1428.18
quat5,-0.54658,-0.41491,-0.71958,0.1063,1428.18
quat6,-0.7957,-0.18265,-0.37849,0.43616,1428.18
quat7,-0.69105,-0.33489,-0.27982,0.5762,1428.18
quat8,-0.45054,-0.24664,-0.81829,0.25805,1428.18
quat0,-0.48495,0.41922,-0.12453,-0.75735,1428.2
quat1,-0.13588,-0.75227,-0.24317,0.59707,1428.2
quat2,-0.55185,-0.64883,-0.227,0.47218,1428.2
quat3,-0.70307,0.02316,-0.68841,-0.17673,1428.2
quat4,-0.60162,-0.22753,-0.58307,0.4963,1428.2
quat5,-0.53829,-0.40465,-0.73049,0.11356,1428.2
quat6,-0.80778,-0.17698,-0.37836,0.41596,1428.2
quat7,-0.7032,-0.33832,-0.28777,0.55519,1428.2
quat8,-0.45492,-0.22149,-0.8229,0.25851,1428.2
quat0,-0.48434,0.42136,-0.10416,-0.75962,1428.22
quat1,-0.14134,-0.76031,-0.25321,0.58123,1428.22
quat2,-0.56672,-0.65285,-0.23648,0.4435,1428.22
quat3,-0.71204,0.02332,-0.67482,-0.19254,1428.22
quat4,-0.61619,-0.2359,-0.58198,0.47535,1428.22
quat5,-0.5321,-0.39254,-0.74011,0.12258,1428.22
quat6,-0.81908,-0.17266,-0.37909,0.39444,1428.22
quat7,-0.71278,-0.34218,-0.29531,0.53632,1428.22
quat8,-0.46131,-0.1949,-0.82712,0.25511,1428.22
quat0,-0.48451,0.42177,-0.08344,-0.76184,1428.24
quat1,-0.1433,-0.76846,-0.26212,0.56588,1428.24
quat2,-0.57982,-0.65688,-0.24638,0.41427,1428.24
quat3,-0.71918,0.02119,-0.66233,-0.2089,1428.24
quat4,-0.62795,-0.24834,-0.58143,0.45382,1428.24
quat5,-0.5286,-0.37756,-0.74897,0.13066,1428.24
quat6,-0.82974,-0.17029,-0.38085,0.3708,1428.24
quat7,-0.72094,-0.34587,-0.30437,0.51766,1428.24
quat8,-0.46955,-0.16942,-0.82975,0.24968,1428.24
quat0,-0.48574,0.42022,-0.06271,-0.7639,1428.26
quat1,-0.14195,-0.77668,-0.27105,0.55059,1428.26
quat2,-0.59078,-0.66091,-0.25554,0.38584,1428.26
quat3,-0.72478,0.01678,-0.65095,-0.2251,1428.26
quat4,-0.63743,-0.26181,-0.5828,0.43068,1428.26
quat5,-0.52709,-0.35928,-0.75752,0.13874,1428.26
quat6,-0.83916,-0.16837,-0.38444,0.34593,1428.26
quat7,-0.72699,-0.35011,-0.31358,0.50058,1428.26
quat8,-0.47893,-0.14531,-0.82972,0.24712,1428.26
quat0,-0.48824,0.41638,-0.0432,-0.76576,1428.28
quat1,-0.13811,-0.78469,-0.27998,0.53553,1428.28
quat2,-0.60017,-0.66409,-0.26524,0.35836,1428.28
quat3,-0.72955,0.00971,-0.64029,-0.2402,1428.28
quat4,-0.64322,-0.27753,-0.58578,0.40757,1428.28
quat5,-0.52785,-0.34006,-0.76449,0.1459,1428.28
quat6,-0.84708,-0.16528,-0.39036,0.32055,1428.28
quat7,-0.73141,-0.35463,-0.32361,0.48431,1428.28
quat8,-0.49051,-0.12271,-0.82668,0.24686,1428.28
quat0,-0.49186,0.40995,-0.02383,-0.76775,1428.3
quat1,-0.13116,-0.79262,-0.28852,0.52086,1428.3
quat2,-0.60822,-0.66519,-0.27485,0.33474,1428.3
quat3,-0.7338,-0.00024,-0.63023,-0.25367,1428.3
quat4,-0.64512,-0.29302,-0.59092,0.38569,1428.3
quat5,-0.53188,-0.32032,-0.76927,0.15074,1428.3
quat6,-0.85316,-0.1605,-0.39853,0.29586,1428.3
quat7,-0.73444,-0.35697,-0.33621,0.46918,1428.3
quat8,-0.50358,-0.10147,-0.8222,0.24515,1428.3
quat0,-0.4967,0.40158,-0.00547,-0.76941,1428.32
quat1,-0.12145,-0.79975,-0.29728,0.50722,1428.32
quat2,-0.61263,-0.66758,-0.28197,0.31545,1428.32
quat3,-0.73746,-0.01189,-0.62065,-0.26609,1428.32
quat4,-0.64338,-0.30997,-0.59614,0.36687,1428.32
quat5,-0.53859,-0.30177,-0.77152,0.15367,1428.32
quat6,-0.85673,-0.15835,-0.40767,0.27339,1428.32
quat7,-0.73535,-0.35995,-0.34873,0.45617,1428.32
quat8,-0.51771,-0.08135,-0.81635,0.24276,1428.32
quat0,-0.5027,0.39101,0.01103,-0.7709,1428.34
quat1,-0.1098,-0.80536,-0.30575,0.49584,1428.34
quat2,-0.61621,-0.66866,-0.28802,0.30036,1428.34
quat3,-0.73958,-0.02449,-0.61219,-0.27867,1428.34
quat4,-0.6394,-0.32388,-0.60372,0.34898,1428.34
quat5,-0.54766,-0.28452,-0.77167,0.15375,1428.34
quat6,-0.85752,-0.15679,-0.41883,0.25426,1428.34
quat7,-0.73469,-0.36284,-0.35957,0.44641,1428.34
quat8,-0.53235,-0.06396,-0.809,0.24092,1428.34
quat0,-0.50989,0.37812,0.0217,-0.77238,1428.36
quat1,-0.09515,-0.80922,-0.31221,0.4885,1428.36
quat2,-0.61971,-0.66766,-0.29438,0.28901,1428.36
quat3,-0.73998,-0.03897,-0.60534,-0.29064,1428.36
quat4,-0.63326,-0.33522,-0.61253,0.33377,1428.36
quat5,-0.55844,-0.27074,-0.76903,0.1531,1428.36
quat6,-0.85609,-0.15332,-0.43178,0.23909,1428.36
quat7,-0.73198,-0.365,-0.37143,0.43934,1428.36
quat8,-0.54758,-0.04957,-0.8002,0.23956,1428.36
quat0,-0.51721,0.36193,0.02845,-0.77504,1428.38
quat1,-0.07862,-0.81042,-0.31735,0.48613,1428.38
quat2,-0.62275,-0.66503,-0.30014,0.28256,1428.38
quat3,-0.73841,-0.05516,-0.60054,-0.30177,1428.38
quat4,-0.62465,-0.34445,-0.62128,0.32431,1428.38
quat5,-0.57134,-0.25963,-0.76371,0.15134,1428.38
quat6,-0.85336,-0.14977,-0.44386,0.22875,1428.38
quat7,-0.72679,-0.36773,-0.38377,0.43506,1428.38
quat8,-0.56176,-0.03765,-0.79182,0.23669,1428.38
quat0,-0.52418,0.34425,0.03161,-0.77829,1428.4
quat1,-0.06199,-0.80859,-0.32381,0.48733,1428.4
quat2,-0.62306,-0.66236,-0.30616,0.28168,1428.4
quat3,-0.73524,-0.07218,-0.59806,-0.3107,1428.4
quat4,-0.61434,-0.34901,-0.63077,0.32081,1428.4
quat5,-0.58499,-0.25183,-0.75603,0.15097,1428.4
quat6,-0.84864,-0.15199,-0.45436,0.22422,1428.4
quat7,-0.7187,-0.37289,-0.39341,0.43549,1428.4
quat8,-0.57525,-0.03072,-0.78285,0.23515,1428.4
quat0,-0.53086,0.32537,0.03031,-0.78192,1428.42
quat1,-0.04582,-0.80397,-0.33078,0.49206,1428.42
quat2,-0.61993,-0.66026,-0.31295,0.28603,1428.42
quat3,-0.73022,-0.08943,-0.598,-0.3181,1428.42
quat4,-0.60286,-0.34911,-0.64077,0.32263,1428.42
quat5,-0.59921,-0.2472,-0.7462,0.15172,1428.42
quat6,-0.84157,-0.16019,-0.46448,0.22439,1428.42
quat7,-0.70751,-0.38016,-0.39948,0.44196,1428.42
quat8,-0.58875,-0.02623,-0.77312,0.23448,1428.42
quat0,-0.53694,0.30628,0.02493,-0.78567,1428.44
quat1,-0.0293,-0.79672,-0.33706,0.50076,1428.44
quat2,-0.61267,-0.65939,-0.3208,0.29484,1428.44
quat3,-0.72357,-0.10745,-0.6002,-0.32352,1428.44
quat4,-0.58885,-0.34718,-0.65076,0.33051,1428.44
quat5,-0.61375,-0.24416,-0.73479,0.15423,1428.44
quat6,-0.83263,-0.17032,-0.47431,0.2297,1428.44
quat7,-0.69368,-0.38699,-0.40438,0.45336,1428.44
quat8,-0.59966,-0.0264,-0.76485,0.23391,1428.44
quat0,-0.54227,0.28729,0.01524,-0.78941,1428.46
quat1,-0.01205,-0.78703,-0.34177,0.51345,1428.46
quat2,-0.60162,-0.66009,-0.32868,0.30708,1428.46
quat3,-0.71514,-0.12576,-0.60508,-0.32657,1428.46
quat4,-0.57231,-0.34492,-0.65931,0.34467,1428.46
quat5,-0.62813,-0.24392,-0.72147,0.15948,1428.46
quat6,-0.8229,-0.17982,-0.48354,0.23811,1428.46
quat7,-0.6782,-0.39249,-0.40996,0.46684,1428.46
quat8,-0.60966,-0.03164,-0.75594,0.23637,1428.46
quat0,-0.54636,0.27028,0.00267,-0.79274,1428.48
quat1,0.00507,-0.77587,-0.34442,0.52855,1428.48
quat2,-0.58828,-0.66033,-0.33821,0.32173,1428.48
quat3,-0.70475,-0.14228,-0.6131,-0.3274,1428.48
quat4,-0.55271,-0.34315,-0.66769,0.36187,1428.48
quat5,-0.64189,-0.2456,-0.70697,0.16692,1428.48
quat6,-0.81175,-0.18787,-0.49402,0.24841,1428.48
quat7,-0.66175,-0.39621,-0.41717,0.4807,1428.48
quat8,-0.61732,-0.03868,-0.7486,0.23878,1428.48
quat0,-0.54924,0.25493,-0.01246,-0.79573,1428.5
quat1,0.02193,-0.76362,-0.34529,0.54514,1428.5
quat2,-0.57,-0.66218,-0.3482,0.33967,1428.5
quat3,-0.69342,-0.15848,-0.62395,-0.32364,1428.5
quat4,-0.53231,-0.3409,-0.67586,0.37901,1428.5
quat5,-0.65474,-0.24973,-0.69098,0.17746,1428.5
quat6,-0.80029,-0.19673,-0.50251,0.26136,1428.5
quat7,-0.64483,-0.39959,-0.42289,0.49566,1428.5
quat8,-0.6234,-0.04772,-0.74221,0.24129,1428.5
quat0,-0.55054,0.24142,-0.02885,-0.79862,1428.52
quat1,0.03909,-0.75017,-0.34408,0.56332,1428.52
quat2,-0.54654,-0.6658,-0.35824,0.3601,1428.52
quat3,-0.68145,-0.17193,-0.63695,-0.31681,1428.52
quat4,-0.5126,-0.33604,-0.68429,0.39506,1428.52
quat5,-0.66692,-0.25443,-0.67427,0.18933,1428.52
quat6,-0.78772,-0.20862,-0.50943,0.27651,1428.52
quat7,-0.6271,-0.40389,-0.42573,0.51223,1428.52
quat8,-0.62694,-0.05995,-0.7366,0.24652,1428.52
quat0,-0.55074,0.22943,-0.0454,-0.80124,1428.54
quat1,0.0546,-0.73605,-0.34209,0.58157,1428.54
quat2,-0.51972,-0.67065,-0.36667,0.38166,1428.54
quat3,-0.66828,-0.18212,-0.65203,-0.30838,1428.54
quat4,-0.49508,-0.32787,-0.69323,0.40845,1428.54
quat5,-0.67792,-0.26158,-0.65649,0.20256,1428.54
quat6,-0.77387,-0.22491,-0.51389,0.29403,1428.54
quat7,-0.60871,-0.40757,-0.42637,0.53063,1428.54
quat8,-0.62961,-0.08363,-0.72792,0.25832,1428.54
quat0,-0.54978,0.22026,-0.06165,-0.80338,1428.56
quat1,0.06603,-0.72158,-0.34127,0.59875,1428.56
quat2,-0.49064,-0.67532,-0.37386,0.40429,1428.56
quat3,-0.65429,-0.18902,-0.66788,-0.30019,1428.56
quat4,-0.47805,-0.3159,-0.70355,0.42036,1428.56
quat5,-0.68723,-0.26941,-0.63911,0.21604,1428.56
quat6,-0.75966,-0.24367,-0.51586,0.31213,1428.56
quat7,-0.58892,-0.40919,-0.4217,0.55489,1428.56
quat8,-0.63294,-0.11371,-0.71646,0.27045,1428.56
quat0,-0.54811,0.21363,-0.078,-0.8049,1428.58
quat1,0.07263,-0.70812,-0.34135,0.61381,1428.58
quat2,-0.46429,-0.6765,-0.3809,0.42626,1428.58
quat3,-0.64204,-0.19278,-0.68246,-0.29132,1428.58
quat4,-0.46236,-0.29977,-0.7154,0.42961,1428.58
quat5,-0.69561,-0.27799,-0.62191,0.22819,1428.58
quat6,-0.74669,-0.2628,-0.51346,0.33127,1428.58
quat7,-0.56686,-0.41442,-0.40998,0.5821,1428.58
quat8,-0.63428,-0.14382,-0.70724,0.27716,1428.58
quat0,-0.54601,0.2095,-0.0944,-0.80565,1428.6
quat1,0.076,-0.696,-0.34046,0.62761,1428.6
quat2,-0.44133,-0.67267,-0.38932,0.44852,1428.6
quat3,-0.63109,-0.19298,-0.69654,-0.28164,1428.6
quat4,-0.4448,-0.28476,-0.72358,0.44441,1428.6
quat5,-0.70178,-0.28798,-0.60588,0.23974,1428.6
quat6,-0.73282,-0.28067,-0.50985,0.35249,1428.6
quat7,-0.54282,-0.42584,-0.38644,0.6121,1428.6
quat8,-0.63297,-0.17069,-0.7018,0.27875,1428.6
quat0,-0.54342,0.20704,-0.11077,-0.80595,1428.62
quat1,0.07838,-0.68488,-0.33686,0.64134,1428.62
quat2,-0.42064,-0.66687,-0.39648,0.47026,1428.62
quat3,-0.62062,-0.18887,-0.7105,-0.27266,1428.62
quat4,-0.42758,-0.27319,-0.72613,0.46399,1428.62
quat5,-0.70599,-0.30069,-0.59042,0.25013,1428.62
quat6,-0.71658,-0.29932,-0.50628,0.37497,1428.62
quat7,-0.52204,-0.43987,-0.36161,0.635,1428.62
quat8,-0.63006,-0.19664,-0.6982,0.27725,1428.62
quat0,-0.54058,0.20612,-0.12703,-0.8057,1428.64
quat1,0.07847,-0.675,-0.33186,0.65429,1428.64
quat2,-0.39926,-0.66103,-0.40082,0.49293,1428.64
quat3,-0.60989,-0.18263,-0.72477,-0.26341,1428.64
quat4,-0.41123,-0.26451,-0.72177,0.48987,1428.64
quat5,-0.70678,-0.31623,-0.57666,0.26061,1428.64
quat6,-0.69719,-0.3183,-0.50401,0.39823,1428.64
quat7,-0.50974,-0.45264,-0.33524,0.6503,1428.64
quat8,-0.62591,-0.22099,-0.69552,0.27506,1428.64
quat0,-0.5378,0.20688,-0.14242,-0.80479,1428.66
quat1,0.07614,-0.66659,-0.3263,0.66587,1428.66
quat2,-0.37589,-0.65723,-0.39912,0.51717,1428.66
quat3,-0.59967,-0.17621,-0.73848,-0.25296,1428.66
quat4,-0.39851,-0.26171,-0.70969,0.51869,1428.66
quat5,-0.70384,-0.33644,-0.56463,0.26946,1428.66
quat6,-0.68213,-0.33036,-0.49857,0.4207,1428.66
quat7,-0.50499,-0.45772,-0.31104,0.66237,1428.66
quat8,-0.6222,-0.23708,-0.69739,0.26515,1428.66
quat0,-0.53493,0.20926,-0.15756,-0.80326,1428.68
quat1,0.07142,-0.65965,-0.32144,0.6756,1428.68
quat2,-0.35168,-0.65718,-0.38863,0.54166,1428.68
quat3,-0.59112,-0.16913,-0.7506,-0.242,1428.68
quat4,-0.38779,-0.26031,-0.69565,0.54583,1428.68
quat5,-0.69988,-0.35542,-0.55615,0.27301,1428.68
quat6,-0.67344,-0.33264,-0.49196,0.44023,1428.68
quat7,-0.50211,-0.4497,-0.30018,0.67495,1428.68
quat8,-0.61892,-0.24838,-0.70039,0.25437,1428.68
quat0,-0.53183,0.21362,-0.17005,-0.80163,1428.7
quat1,0.0655,-0.6537,-0.31643,0.68429,1428.7
quat2,-0.33096,-0.6583,-0.37013,0.56578,1428.7
quat3,-0.58539,-0.16172,-0.76011,-0.23106,1428.7
quat4,-0.38081,-0.25975,-0.6813,0.56863,1428.7
quat5,-0.69142,-0.3783,-0.54983,0.27659,1428.7
quat6,-0.66896,-0.32842,-0.48666,0.45585,1428.7
quat7,-0.50291,-0.43593,-0.30096,0.68299,1428.7
quat8,-0.61527,-0.25867,-0.704,0.24273,1428.7
quat0,-0.52803,0.21984,-0.18095,-0.80007,1428.72
quat1,0.06088,-0.64845,-0.30929,0.69292,1428.72
quat2,-0.31895,-0.65699,-0.34961,0.58687,1428.72
quat3,-0.5825,-0.15435,-0.76721,-0.21969,1428.72
quat4,-0.37905,-0.25562,-0.6724,0.58212,1428.72
quat5,-0.68263,-0.39936,-0.54675,0.27494,1428.72
quat6,-0.66776,-0.31835,-0.48068,0.47085,1428.72
quat7,-0.50758,-0.42371,-0.29945,0.68787,1428.72
quat8,-0.61027,-0.27016,-0.70738,0.2328,1428.72
quat0,-0.52384,0.22827,-0.19025,-0.7983,1428.74
quat1,0.05694,-0.64339,-0.3003,0.70187,1428.74
quat2,-0.31518,-0.65363,-0.33096,0.60324,1428.74
quat3,-0.58229,-0.14624,-0.77211,-0.20831,1428.74
quat4,-0.38495,-0.24221,-0.67506,0.5809,1428.74
quat5,-0.67649,-0.41394,-0.54822,0.26546,1428.74
quat6,-0.66734,-0.30699,-0.47381,0.48571,1428.74
quat7,-0.51527,-0.41435,-0.29578,0.68944,1428.74
quat8,-0.60395,-0.28226,-0.71105,0.22355,1428.74
quat0,-0.5192,0.23868,-0.19843,-0.7963,1428.76
quat1,0.0514,-0.63995,-0.29018,0.70966,1428.76
quat2,-0.31696,-0.65054,-0.31363,0.61479,1428.76
quat3,-0.58421,-0.13673,-0.77497,-0.19857,1428.76
quat4,-0.39456,-0.2268,-0.67781,0.57746,1428.76
quat5,-0.67189,-0.42429,-0.55251,0.25155,1428.76
quat6,-0.66755,-0.29497,-0.46721,0.49908,1428.76
quat7,-0.52464,-0.40642,-0.29037,0.68939,1428.76
quat8,-0.59579,-0.2937,-0.7162,0.21407,1428.76
quat0,-0.51446,0.25102,-0.20539,-0.79381,1428.78
quat1,0.04127,-0.6391,-0.2813,0.71465,1428.78
quat2,-0.32369,-0.64659,-0.29987,0.62227,1428.78
quat3,-0.58738,-0.12524,-0.77626,-0.19162,1428.78
quat4,-0.40385,-0.21422,-0.67668,0.57716,1428.78
quat5,-0.6678,-0.43154,-0.55925,0.23465,1428.78
quat6,-0.66898,-0.28407,-0.46218,0.50809,1428.78
quat7,-0.53514,-0.39848,-0.2841,0.68856,1428.78
quat8,-0.58583,-0.30483,-0.72209,0.20609,1428.78
quat0,-0.50967,0.26489,-0.2105,-0.79105,1428.8
quat1,0.02728,-0.64154,-0.27363,0.71611,1428.8
quat2,-0.33498,-0.64208,-0.28773,0.62669,1428.8
quat3,-0.59136,-0.11178,-0.77677,-0.18554,1428.8
quat4,-0.41404,-0.20463,-0.67165,0.57929,1428.8
quat5,-0.66211,-0.43833,-0.56736,0.21812,1428.8
quat6,-0.67651,-0.27008,-0.45782,0.5097,1428.8
quat7,-0.54601,-0.38922,-0.28039,0.68685,1428.8
quat8,-0.57404,-0.31452,-0.72909,0.19994,1428.8
quat0,-0.50441,0.28024,-0.21291,-0.78849,1428.82
quat1,0.01206,-0.64586,-0.26648,0.71534,1428.82
quat2,-0.3485,-0.63797,-0.27601,0.62878,1428.82
quat3,-0.59614,-0.09651,-0.7766,-0.17946,1428.82
quat4,-0.42572,-0.19921,-0.66366,0.58192,1428.82
quat5,-0.65538,-0.44387,-0.57713,0.20092,1428.82
quat6,-0.68569,-0.2581,-0.45073,0.50995,1428.82
quat7,-0.55906,-0.37902,-0.28001,0.68219,1428.82
quat8,-0.56073,-0.32306,-0.73674,0.19605,1428.82
quat0,-0.49889,0.29647,-0.21256,-0.78616,1428.84
quat1,-0.00467,-0.6516,-0.25972,0.7127,1428.84
quat2,-0.36463,-0.6344,-0.2667,0.62725,1428.84
quat3,-0.60174,-0.08009,-0.77544,-0.17372,1428.84
quat4,-0.44008,-0.19564,-0.65432,0.58303,1428.84
quat5,-0.6478,-0.44727,-0.58888,0.18311,1428.84
quat6,-0.6944,-0.24892,-0.43987,0.51221,1428.84
quat7,-0.57296,-0.37015,-0.27891,0.67596,1428.84
quat8,-0.54728,-0.32804,-0.74516,0.19391,1428.84
quat0,-0.49321,0.31347,-0.21025,-0.78376,1428.86
quat1,-0.02275,-0.65809,-0.25348,0.70863,1428.86
quat2,-0.38244,-0.63213,-0.25964,0.62188,1428.86
quat3,-0.60873,-0.06334,-0.77259,-0.16893,1428.86
quat4,-0.45754,-0.19146,-0.64718,0.57893,1428.86
quat5,-0.63984,-0.44707,-0.60303,0.16457,1428.86
quat6,-0.70307,-0.24241,-0.42831,0.51331,1428.86
quat7,-0.58783,-0.36322,-0.27705,0.66766,1428.86
quat8,-0.53397,-0.32918,-0.75428,0.19384,1428.86
quat0,-0.48777,0.33027,-0.20594,-0.78141,1428.88
quat1,-0.04207,-0.66461,-0.24861,0.70337,1428.88
quat2,-0.4027,-0.63116,-0.25455,0.6121,1428.88
quat3,-0.61737,-0.0463,-0.76765,-0.16559,1428.88
quat4,-0.47521,-0.18884,-0.63921,0.57439,1428.88
quat5,-0.63067,-0.44463,-0.61868,0.14763,1428.88
quat6,-0.71327,-0.23553,-0.41824,0.51073,1428.88
quat7,-0.60405,-0.35776,-0.27551,0.65668,1428.88
quat8,-0.52073,-0.32687,-0.76382,0.19641,1428.88
quat0,-0.48241,0.3473,-0.19898,-0.77915,1428.9
quat1,-0.06164,-0.67195,-0.24595,0.69584,1428.9
quat2,-0.42362,-0.6313,-0.25128,0.59905,1428.9
quat3,-0.62747,-0.02926,-0.76061,-0.16401,1428.9
quat4,-0.49253,-0.18983,-0.62892,0.57082,1428.9
quat5,-0.61995,-0.44136,-0.63494,0.13308,1428.9
quat6,-0.72572,-0.2284,-0.4087,0.50411,1428.9
quat7,-0.61989,-0.35328,-0.27459,0.64461,1428.9
quat8,-0.50768,-0.3206,-0.77385,0.20159,1428.9
quat0,-0.47725,0.36381,-0.18935,-0.77719,1428.92
quat1,-0.08048,-0.68033,-0.24495,0.68606,1428.92
quat2,-0.44598,-0.63187,-0.24985,0.5826,1428.92
quat3,-0.63887,-0.01274,-0.75134,-0.16483,1428.92
quat4,-0.5109,-0.19274,-0.61769,0.56595,1428.92
quat5,-0.60855,-0.43664,-0.65157,0.12025,1428.92
quat6,-0.73956,-0.22305,-0.39829,0.49463,1428.92
quat7,-0.63553,-0.34916,-0.27536,0.63116,1428.92
quat8,-0.49528,-0.31004,-0.78426,0.20858,1428.92
quat0,-0.47231,0.37953,-0.17705,-0.77558,1428.94
quat1,-0.09816,-0.68979,-0.24542,0.67403,1428.94
quat2,-0.46861,-0.6325,-0.24983,0.56386,1428.94
quat3,-0.65117,0.00295,-0.74006,-0.16817,1428.94
quat4,-0.53034,-0.19607,-0.60802,0.55733,1428.94
quat5,-0.59616,-0.43057,-0.66865,0.11004,1428.94
quat6,-0.75448,-0.21777,-0.38907,0.48162,1428.94
quat7,-0.65094,-0.34519,-0.27813,0.61625,1428.94
quat8,-0.48305,-0.29803,-0.79371,0.2188,1428.94
quat0,-0.46786,0.3934,-0.16324,-0.7744,1428.96
quat1,-0.11489,-0.6998,-0.24744,0.6602,1428.96
quat2,-0.49041,-0.63465,-0.24951,0.54265,1428.96
quat3,-0.66369,0.01684,-0.72734,-0.17381,1428.96
quat4,-0.55113,-0.19941,-0.59957,0.54498,1428.96
quat5,-0.58294,-0.42439,-0.685,0.10417,1428.96
quat6,-0.76907,-0.21084,-0.38297,0.46627,1428.96
quat7,-0.6666,-0.34179,-0.28133,0.59974,1428.96
quat8,-0.47336,-0.28182,-0.80268,0.22847,1428.96
quat0,-0.46415,0.40558,-0.14802,-0.77341,1428.98
quat1,-0.12945,-0.71052,-0.25037,0.64477,1428.98
quat2,-0.51099,-0.63681,-0.25109,0.51992,1428.98
quat3,-0.67667,0.02901,-0.71305,-0.18121,1428.98
quat4,-0.5717,-0.2034,-0.59206,0.53033,1428.98
quat5,-0.56947,-0.41703,-0.70104,0.10165,1428.98
quat6,-0.78323,-0.20027,-0.3804,0.44916,1428.98
quat7,-0.68243,-0.33959,-0.28379,0.58175,1428.98
quat8,-0.4668,-0.2622,-0.81094,0.23607,1428.98
quat0,-0.46127,0.41576,-0.13188,-0.77265,1429.0
quat1,-0.14291,-0.72125,-0.25428,0.62826,1429.0
quat2,-0.53039,-0.63995,-0.25385,0.49468,1429.0
quat3,-0.68991,0.03892,-0.69735,-0.19028,1429.0
quat4,-0.59274,-0.20656,-0.58691,0.5114,1429.0
quat5,-0.55681,-0.40873,-0.71598,0.10137,1429.0
quat6,-0.79731,-0.19038,-0.37779,0.43049,1429.0
quat7,-0.69736,-0.33859,-0.28733,0.56257,1429.0
quat8,-0.46396,-0.23935,-0.81855,0.23964,1429.0
quat0,-0.45935,0.42413,-0.11439,-0.77203,1429.02
quat1,-0.15498,-0.73177,-0.25902,0.61107,1429.02
quat2,-0.54975,-0.64198,-0.25937,0.46728,1429.02
quat3,-0.70293,0.04691,-0.68059,-0.20122,1429.02
quat4,-0.61235,-0.209,-0.58493,0.48908,1429.02
quat5,-0.5445,-0.39962,-0.72995,0.10487,1429.02
quat6,-0.81091,-0.18121,-0.37598,0.41015,1429.02
quat7,-0.7114,-0.3362,-0.29461,0.5423,1429.02
quat8,-0.46444,-0.21618,-0.82444,0.24055,1429.02
quat0,-0.4583,0.43043,-0.09644,-0.77162,1429.04
quat1,-0.16575,-0.7419,-0.26401,0.59364,1429.04
quat2,-0.56942,-0.64251,-0.26776,0.43731,1429.04
quat3,-0.71482,0.05177,-0.66388,-0.21357,1429.04
quat4,-0.63056,-0.21245,-0.58417,0.46476,1429.04
quat5,-0.53381,-0.38936,-0.74225,0.11185,1429.04
quat6,-0.82347,-0.17597,-0.3743,0.38838,1429.04
quat7,-0.72357,-0.33589,-0.30149,0.52223,1429.04
quat8,-0.4672,-0.19222,-0.82971,0.2374,1429.04
quat0,-0.458,0.43478,-0.0774,-0.7715,1429.06
quat1,-0.17364,-0.75217,-0.26973,0.57562,1429.06
quat2,-0.58682,-0.6425,-0.27639,0.40798,1429.06
quat3,-0.72517,0.05348,-0.64796,-0.22675,1429.06
quat4,-0.6458,-0.21931,-0.58307,0.44144,1429.06
quat5,-0.52502,-0.37775,-0.75295,0.12131,1429.06
quat6,-0.8348,-0.17239,-0.37314,0.36627,1429.06
quat7,-0.73357,-0.33782,-0.30832,0.50269,1429.06
quat8,-0.47134,-0.16916,-0.83292,0.23552,1429.06
quat0,-0.45892,0.43643,-0.05821,-0.7717,1429.08
quat1,-0.17809,-0.76239,-0.27675,0.55719,1429.08
quat2,-0.60077,-0.64413,-0.28334,0.37933,1429.08
quat3,-0.73421,0.05182,-0.63303,-0.23984,1429.08
quat4,-0.6581,-0.22963,-0.58224,0.41852,1429.08
quat5,-0.5201,-0.36287,-0.76231,0.12926,1429.08
quat6,-0.84494,-0.17019,-0.37278,0.34373,1429.08
quat7,-0.74086,-0.34107,-0.31547,0.48504,1429.08
quat8,-0.47725,-0.14736,-0.83389,0.23481,1429.08
quat0,-0.46131,0.4353,-0.03887,-0.77214,1429.1
quat1,-0.17813,-0.77216,-0.28494,0.53931,1429.1
quat2,-0.61195,-0.64626,-0.28916,0.3525,1429.1
quat3,-0.74142,0.04649,-0.61972,-0.25315,1429.1
quat4,-0.66772,-0.24046,-0.58308,0.39541,1429.1
quat5,-0.51874,-0.34538,-0.77013,0.13607,1429.1
quat6,-0.85344,-0.1676,-0.37472,0.32113,1429.1
quat7,-0.74573,-0.34504,-0.32236,0.47001,1429.1
quat8,-0.48553,-0.12687,-0.83262,0.23431,1429.1
quat0,-0.46521,0.43123,-0.02012,-0.77279,1429.12
quat1,-0.17396,-0.78169,-0.29292,0.52239,1429.12
quat2,-0.62097,-0.64835,-0.29479,0.32733,1429.12
quat3,-0.7467,0.03888,-0.60803,-0.26688,1429.12
quat4,-0.67402,-0.25137,-0.58614,0.37276,1429.12
quat5,-0.5201,-0.32745,-0.77594,0.14208,1429.12
quat6,-0.85996,-0.16322,-0.3802,0.2988,1429.12
quat7,-0.74825,-0.35013,-0.32997,0.45679,1429.12
quat8,-0.49605,-0.10743,-0.82953,0.23296,1429.12
quat0,-0.47046,0.42439,-0.00227,-0.77366,1429.14
quat1,-0.16557,-0.79012,-0.30093,0.50767,1429.14
quat2,-0.62744,-0.64987,-0.30052,0.30608,1429.14
quat3,-0.75032,0.02986,-0.59761,-0.28107,1429.14
quat4,-0.67712,-0.26094,-0.59104,0.35227,1429.14
quat5,-0.52442,-0.31056,-0.77895,0.14756,1429.14
quat6,-0.86422,-0.1572,-0.3889,0.27781,1429.14
quat7,-0.74876,-0.35564,-0.33809,0.44561,1429.14
quat8,-0.50817,-0.08973,-0.82441,0.23251,1429.14
quat0,-0.47697,0.41527,0.0139,-0.7745,1429.16
quat1,-0.15385,-0.79719,-0.30909,0.49526,1429.16
quat2,-0.63176,-0.65108,-0.30581,0.28889,1429.16
quat3,-0.7524,0.01881,-0.58885,-0.2946,1429.16
quat4,-0.67567,-0.27309,-0.59595,0.33726,1429.16
quat5,-0.5318,-0.29583,-0.77884,0.15188,1429.16
quat6,-0.86594,-0.15262,-0.39957,0.25924,1429.16
quat7,-0.74689,-0.36114,-0.34803,0.43658,1429.16
quat8,-0.52191,-0.07469,-0.81761,0.23141,1429.16
quat0,-0.48502,0.40231,0.02747,-0.77599,1429.18
quat1,-0.13984,-0.80206,-0.31755,0.48611,1429.18
quat2,-0.63467,-0.65122,-0.31081,0.2766,1429.18
quat3,-0.75277,0.00494,-0.58242,-0.30674,1429.18
quat4,-0.66989,-0.28697,-0.60174,0.32681,1429.18
quat5,-0.54198,-0.28307,-0.77601,0.15471,1429.18
quat6,-0.865,-0.1509,-0.41141,0.24442,1429.18
quat7,-0.74283,-0.36574,-0.35872,0.431,1429.18
quat8,-0.53642,-0.06161,-0.80979,0.22955,1429.18
quat0,-0.49417,0.3873,0.03627,-0.77748,1429.2
quat1,-0.12303,-0.80488,-0.32533,0.48082,1429.2
quat2,-0.63623,-0.65089,-0.31534,0.26855,1429.2
quat3,-0.75131,-0.01178,-0.57867,-0.31707,1429.2
quat4,-0.66073,-0.29903,-0.61008,0.31909,1429.2
quat5,-0.55494,-0.27182,-0.77052,0.15638,1429.2
quat6,-0.86155,-0.15246,-0.42415,0.23365,1429.2
quat7,-0.73602,-0.36998,-0.36995,0.42956,1429.2
quat8,-0.55199,-0.05174,-0.80023,0.22862,1429.2
quat0,-0.50419,0.36881,0.0402,-0.77984,1429.22
quat1,-0.10417,-0.80505,-0.33231,0.48022,1429.22
quat2,-0.63496,-0.65092,-0.3194,0.26668,1429.22
quat3,-0.74805,-0.03145,-0.57762,-0.32526,1429.22
quat4,-0.64891,-0.30941,-0.6196,0.3151,1429.22
quat5,-0.57035,-0.26232,-0.76236,0.15715,1429.22
quat6,-0.85651,-0.15458,-0.43625,0.22843,1429.22
quat7,-0.72665,-0.37451,-0.38051,0.43236,1429.22
quat8,-0.5676,-0.0448,-0.79,0.22744,1429.22
quat0,-0.51379,0.34814,0.03864,-0.78315,1429.24
quat1,-0.08207,-0.80277,-0.33817,0.48421,1429.24
quat2,-0.62939,-0.65204,-0.32451,0.27095,1429.24
quat3,-0.74273,-0.05329,-0.57945,-0.33128,1429.24
quat4,-0.63394,-0.31787,-0.63054,0.31542,1429.24
quat5,-0.5873,-0.25487,-0.75167,0.15845,1429.24
quat6,-0.84979,-0.15883,-0.44819,0.2275,1429.24
quat7,-0.71384,-0.38138,-0.39009,0.4391,1429.24
quat8,-0.5827,-0.0414,-0.77905,0.22768,1429.24
quat0,-0.52322,0.3258,0.03261,-0.78678,1429.26
quat1,-0.059,-0.79789,-0.34347,0.49185,1429.26
quat2,-0.62052,-0.65324,-0.33134,0.28009,1429.26
quat3,-0.73547,-0.07644,-0.58379,-0.33531,1429.26
quat4,-0.61651,-0.32431,-0.64183,0.32061,1429.26
quat5,-0.60433,-0.25128,-0.73838,0.1626,1429.26
quat6,-0.8414,-0.16655,-0.4597,0.23021,1429.26
quat7,-0.69846,-0.39019,-0.39854,0.44841,1429.26
quat8,-0.59727,-0.04196,-0.76726,0.22983,1429.26
quat0,-0.53146,0.30476,0.02369,-0.79001,1429.28
quat1,-0.03608,-0.79046,-0.34879,0.50221,1429.28
quat2,-0.60858,-0.65386,-0.34048,0.29354,1429.28
quat3,-0.72666,-0.10034,-0.59033,-0.33678,1429.28
quat4,-0.5959,-0.32983,-0.65317,0.33088,1429.28
quat5,-0.62053,-0.25124,-0.72301,0.17048,1429.28
quat6,-0.83033,-0.17832,-0.472,0.23659,1429.28
quat7,-0.68081,-0.39926,-0.40783,0.4591,1429.28
quat8,-0.61075,-0.04337,-0.75574,0.23229,1429.28
quat0,-0.53833,0.28578,0.01158,-0.79272,1429.3
quat1,-0.01417,-0.78123,-0.35278,0.5148,1429.3
quat2,-0.59347,-0.65515,-0.35003,0.3099,1429.3
quat3,-0.71688,-0.12321,-0.59909,-0.33465,1429.3
quat4,-0.57388,-0.33431,-0.66427,0.343,1429.3
quat5,-0.63589,-0.25491,-0.70549,0.18149,1429.3
quat6,-0.81806,-0.18967,-0.48524,0.24362,1429.3
quat7,-0.66269,-0.40631,-0.41883,0.4694,1429.3
quat8,-0.62349,-0.04266,-0.74526,0.23245,1429.3
quat0,-0.54353,0.26918,-0.00285,-0.79506,1429.32
quat1,0.00752,-0.77023,-0.35449,0.53013,1429.32
quat2,-0.57173,-0.6591,-0.35962,0.33074,1429.32
quat3,-0.70624,-0.14343,-0.61012,-0.32925,1429.32
quat4,-0.55167,-0.33607,-0.67562,0.35533,1429.32
quat5,-0.64941,-0.26185,-0.68661,0.1956,1429.32
quat6,-0.80505,-0.19986,-0.49741,0.25404,1429.32
quat7,-0.64425,-0.41177,-0.42974,0.48032,1429.32
quat8,-0.63336,-0.04272,-0.73749,0.23052,1429.32
quat0,-0.54709,0.25466,-0.01943,-0.79716,1429.34
quat1,0.02864,-0.7578,-0.35294,0.54805,1429.34
quat2,-0.5447,-0.66575,-0.36707,0.35404,1429.34
quat3,-0.69481,-0.15906,-0.62277,-0.32263,1429.34
quat4,-0.53059,-0.33639,-0.68595,0.36714,1429.34
quat5,-0.662,-0.27034,-0.66703,0.20916,1429.34
quat6,-0.7922,-0.21011,-0.50572,0.2693,1429.34
quat7,-0.62623,-0.41562,-0.43788,0.49331,1429.34
quat8,-0.63989,-0.04738,-0.73138,0.23104,1429.34
quat0,-0.54924,0.24191,-0.0359,-0.79908,1429.36
quat1,0.04717,-0.74436,-0.34905,0.56733,1429.36
quat2,-0.51278,-0.67366,-0.37247,0.38014,1429.36
quat3,-0.68298,-0.17017,-0.63611,-0.31613,1429.36
quat4,-0.51134,-0.33284,-0.69612,0.37839,1429.36
quat5,-0.67379,-0.27873,-0.64743,0.22171,1429.36
quat6,-0.77846,-0.22293,-0.51153,0.28745,1429.36
quat7,-0.61038,-0.41431,-0.44294,0.50949,1429.36
quat8,-0.64337,-0.06331,-0.72532,0.23659,1429.36
quat0,-0.55002,0.23206,-0.05284,-0.80052,1429.38
quat1,0.06125,-0.73082,-0.34446,0.58609,1429.38
quat2,-0.48159,-0.67947,-0.37559,0.40659,1429.38
quat3,-0.67041,-0.17978,-0.6505,-0.30835,1429.38
quat4,-0.49541,-0.32179,-0.70717,0.3885,1429.38
quat5,-0.68377,-0.28866,-0.62759,0.23509,1429.38
quat6,-0.7651,-0.2392,-0.51278,0.30734,1429.38
quat7,-0.59413,-0.41005,-0.44429,0.53055,1429.38
quat8,-0.64563,-0.09353,-0.71475,0.25206,1429.38
quat0,-0.5498,0.22489,-0.06946,-0.80145,1429.4
quat1,0.07014,-0.71801,-0.3405,0.603,1429.4
quat2,-0.45388,-0.68018,-0.37989,0.43246,1429.4
quat3,-0.65832,-0.1887,-0.66558,-0.29667,1429.4
quat4,-0.48028,-0.30712,-0.7166,0.40186,1429.4
quat5,-0.68955,-0.30241,-0.60788,0.25209,1429.4
quat6,-0.75069,-0.25826,-0.51166,0.32861,1429.4
quat7,-0.57509,-0.40966,-0.43461,0.55908,1429.4
quat8,-0.64418,-0.12726,-0.70577,0.26595,1429.4
quat0,-0.54873,0.22055,-0.08598,-0.80179,1429.42
quat1,0.07388,-0.70657,-0.33718,0.61775,1429.42
quat2,-0.43067,-0.67598,-0.38577,0.45691,1429.42
quat3,-0.64793,-0.19284,-0.67944,-0.28522,1429.42
quat4,-0.46517,-0.29349,-0.72105,0.42139,1429.42
quat5,-0.69076,-0.32302,-0.58724,0.27138,1429.42
quat6,-0.73505,-0.27832,-0.50801,0.35237,1429.42
quat7,-0.55383,-0.41625,-0.41604,0.589,1429.42
quat8,-0.63912,-0.16111,-0.70033,0.27405,1429.42
quat0,-0.54697,0.21895,-0.1018,-0.80157,1429.44
quat1,0.07455,-0.69648,-0.33311,0.63119,1429.44
quat2,-0.41018,-0.66869,-0.3911,0.4813,1429.44
quat3,-0.63903,-0.1921,-0.69257,-0.27402,1429.44
quat4,-0.44926,-0.28125,-0.72023,0.44758,1429.44
quat5,-0.69096,-0.34414,-0.56795,0.28561,1429.44
quat6,-0.71894,-0.29507,-0.50346,0.3776,1429.44
quat7,-0.53406,-0.42889,-0.38988,0.61549,1429.44
quat8,-0.63205,-0.19127,-0.69953,0.27309,1429.44
quat0,-0.54536,0.21858,-0.11861,-0.80046,1429.46
quat1,0.07265,-0.68727,-0.32828,0.64391,1429.46
quat2,-0.39119,-0.66098,-0.39326,0.5054,1429.46
quat3,-0.6306,-0.18845,-0.70557,-0.26269,1429.46
quat4,-0.43565,-0.27181,-0.71466,0.47496,1429.46
quat5,-0.68901,-0.36311,-0.55388,0.29435,1429.46
quat6,-0.70286,-0.30577,-0.49876,0.40465,1429.46
quat7,-0.52111,-0.44481,-0.35768,0.63455,1429.46
quat8,-0.62375,-0.21961,-0.70156,0.26555,1429.46
quat0,-0.54392,0.2194,-0.13594,-0.79846,1429.48
quat1,0.06904,-0.67889,-0.32248,0.65601,1429.48
quat2,-0.36999,-0.65572,-0.38654,0.53266,1429.48
quat3,-0.62361,-0.18472,-0.71768,-0.24883,1429.48
quat4,-0.42626,-0.26261,-0.70938,0.49611,1429.48
quat5,-0.68323,-0.38675,-0.54226,0.29929,1429.48
quat6,-0.68798,-0.30882,-0.4939,0.43288,1429.48
quat7,-0.51483,-0.45543,-0.32624,0.64892,1429.48
quat8,-0.61575,-0.24656,-0.70243,0.25818,1429.48
quat0,-0.54243,0.22268,-0.15282,-0.79551,1429.5
quat1,0.06525,-0.67115,-0.31459,0.66809,1429.5
quat2,-0.35024,-0.65217,-0.37306,0.55931,1429.5
quat3,-0.61854,-0.17975,-0.72807,-0.23456,1429.5
quat4,-0.42205,-0.24853,-0.71075,0.50492,1429.5
quat5,-0.67566,-0.41003,-0.53399,0.30036,1429.5
quat6,-0.67534,-0.31025,-0.4859,0.45996,1429.5
quat7,-0.51119,-0.44919,-0.30897,0.66441,1429.5
quat8,-0.60839,-0.27213,-0.7025,0.24961,1429.5
quat0,-0.54091,0.22828,-0.16864,-0.79175,1429.52
quat1,0.06204,-0.66337,-0.30374,0.68106,1429.52
quat2,-0.33519,-0.64786,-0.35757,0.58315,1429.52
quat3,-0.61531,-0.17395,-0.73655,-0.22052,1429.52
quat4,-0.42082,-0.23157,-0.71524,0.50766,1429.52
quat5,-0.66638,-0.43375,-0.52735,0.2995,1429.52
quat6,-0.6641,-0.31074,-0.47643,0.4852,1429.52
quat7,-0.50688,-0.43768,-0.30309,0.67797,1429.52
quat8,-0.60108,-0.29531,-0.70207,0.24206,1429.52
quat0,-0.53897,0.23571,-0.18345,-0.78759,1429.54
quat1,0.05778,-0.65732,-0.29037,0.69302,1429.54
quat2,-0.32527,-0.64397,-0.34037,0.60304,1429.54
quat3,-0.61359,-0.16792,-0.74333,-0.20681,1429.54
quat4,-0.42042,-0.21724,-0.71628,0.51283,1429.54
quat5,-0.65996,-0.45177,-0.52492,0.29121,1429.54
quat6,-0.65341,-0.31348,-0.46479,0.50868,1429.54
quat7,-0.50852,-0.42238,-0.30424,0.68588,1429.54
quat8,-0.5948,-0.31061,-0.70417,0.23211,1429.54
quat0,-0.53646,0.24433,-0.19737,-0.7833,1429.56
quat1,0.05098,-0.65296,-0.27734,0.70294,1429.56
quat2,-0.3212,-0.6402,-0.32211,0.61905,1429.56
quat3,-0.61322,-0.16006,-0.74894,-0.1935,1429.56
quat4,-0.42064,-0.2086,-0.71066,0.52394,1429.56
quat5,-0.65752,-0.46157,-0.52772,0.27592,1429.56
quat6,-0.64828,-0.31095,-0.45299,0.5271,1429.56
quat7,-0.51459,-0.40858,-0.30268,0.6904,1429.56
quat8,-0.5862,-0.32379,-0.7088,0.22167,1429.56
quat0,-0.53341,0.25457,-0.20973,-0.77889,1429.58
quat1,0.04215,-0.65039,-0.26595,0.71027,1429.58
quat2,-0.32446,-0.63549,-0.30533,0.6306,1429.58
quat3,-0.61391,-0.15082,-0.75358,-0.18023,1429.58
quat4,-0.42376,-0.20132,-0.70363,0.53367,1429.58
quat5,-0.65489,-0.46903,-0.53345,0.258,1429.58
quat6,-0.65121,-0.30097,-0.44489,0.53611,1429.58
quat7,-0.52366,-0.39986,-0.295,0.69201,1429.58
quat8,-0.57588,-0.33671,-0.71381,0.2132,1429.58
quat0,-0.53017,0.26684,-0.21882,-0.77449,1429.6
quat1,0.03328,-0.64984,-0.25472,0.71534,1429.6
quat2,-0.33317,-0.63005,-0.28911,0.6391,1429.6
quat3,-0.61527,-0.14029,-0.75751,-0.16712,1429.6
quat4,-0.43009,-0.19474,-0.6949,0.54242,1429.6
quat5,-0.65109,-0.47628,-0.54009,0.23987,1429.6
quat6,-0.65682,-0.28916,-0.43716,0.54209,1429.6
quat7,-0.53441,-0.39146,-0.28678,0.69204,1429.6
quat8,-0.5643,-0.34692,-0.72039,0.20554,1429.6
quat0,-0.52658,0.28117,-0.22493,-0.7701,1429.62
quat1,0.02381,-0.65196,-0.24382,0.71759,1429.62
quat2,-0.34251,-0.62622,-0.27161,0.64557,1429.62
quat3,-0.61807,-0.1274,-0.76009,-0.15496,1429.62
quat4,-0.43904,-0.18941,-0.68597,0.54847,1429.62
quat5,-0.64537,-0.48205,-0.54972,0.22121,1429.62
quat6,-0.6619,-0.27846,-0.43072,0.54666,1429.62
quat7,-0.54531,-0.38364,-0.28021,0.69061,1429.62
quat8,-0.55146,-0.35538,-0.72789,0.19945,1429.62
quat0,-0.52275,0.29652,-0.22824,-0.76598,1429.64
quat1,0.01223,-0.65666,-0.23399,0.71686,1429.64
quat2,-0.35552,-0.62361,-0.25392,0.64827,1429.64
quat3,-0.62277,-0.11226,-0.76046,-0.14582,1429.64
quat4,-0.45023,-0.18535,-0.67684,0.55211,1429.64
quat5,-0.63957,-0.48445,-0.56201,0.20101,1429.64
quat6,-0.66842,-0.26805,-0.42055,0.55181,1429.64
quat7,-0.55768,-0.37483,-0.27661,0.68701,1429.64
quat8,-0.53855,-0.35981,-0.73641,0.19545,1429.64
quat0,-0.51896,0.31233,-0.22753,-0.76247,1429.66
quat1,-0.00161,-0.66368,-0.22659,0.71287,1429.66
quat2,-0.37174,-0.62203,-0.23919,0.64628,1429.66
quat3,-0.6296,-0.09571,-0.75817,-0.14012,1429.66
quat4,-0.46214,-0.18378,-0.66554,0.55652,1429.66
quat5,-0.63417,-0.48201,-0.57718,0.17989,1429.66
quat6,-0.67706,-0.26021,-0.41038,0.5527,1429.66
quat7,-0.571,-0.36507,-0.27577,0.68164,1429.66
quat8,-0.52519,-0.36209,-0.74519,0.19432,1429.66
quat0,-0.5153,0.32761,-0.22352,-0.75972,1429.68
quat1,-0.01704,-0.67096,-0.22233,0.70717,1429.68
quat2,-0.39139,-0.62249,-0.22643,0.63879,1429.68
quat3,-0.63838,-0.07856,-0.75302,-0.13876,1429.68
quat4,-0.47673,-0.18321,-0.65518,0.55669,1429.68
quat5,-0.62802,-0.47622,-0.59435,0.15986,1429.68
quat6,-0.68969,-0.25279,-0.39743,0.54998,1429.68
quat7,-0.58524,-0.35745,-0.27687,0.67311,1429.68
quat8,-0.51097,-0.36221,-0.75398,0.19806,1429.68
quat0,-0.51202,0.34184,-0.21563,-0.75794,1429.7
quat1,-0.03388,-0.67892,-0.22162,0.69915,1429.7
quat2,-0.41374,-0.62363,-0.21791,0.62644,1429.7
quat3,-0.64855,-0.06275,-0.74557,-0.13991,1429.7
quat4,-0.4932,-0.18264,-0.64572,0.55357,1429.7
quat5,-0.61931,-0.46941,-0.61288,0.14311,1429.7
quat6,-0.70423,-0.24574,-0.38784,0.54153,1429.7
quat7,-0.59971,-0.3514,-0.27671,0.66355,1429.7
quat8,-0.49766,-0.35804,-0.76303,0.20478,1429.7
quat0,-0.50893,0.35515,-0.20468,-0.75694,1429.72
quat1,-0.05132,-0.68761,-0.22267,0.68918,1429.72
quat2,-0.43773,-0.62571,-0.21238,0.60973,1429.72
quat3,-0.65993,-0.04872,-0.73578,-0.14405,1429.72
quat4,-0.51291,-0.18025,-0.63905,0.5441,1429.72
quat5,-0.60943,-0.46141,-0.63141,0.13046,1429.72
quat6,-0.71988,-0.23944,-0.37917,0.52978,1429.72
quat7,-0.6154,-0.34858,-0.27436,0.65154,1429.72
quat8,-0.48674,-0.34737,-0.77284,0.21246,1429.72
quat0,-0.50623,0.36687,-0.19081,-0.75679,1429.74
quat1,-0.0668,-0.69812,-0.22378,0.67682,1429.74
quat2,-0.46163,-0.62825,-0.21035,0.58987,1429.74
quat3,-0.67242,-0.03562,-0.72363,-0.15149,1429.74
quat4,-0.53455,-0.17658,-0.63414,0.53004,1429.74
quat5,-0.59789,-0.45322,-0.64965,0.12278,1429.74
quat6,-0.73658,-0.23081,-0.37435,0.51385,1429.74
quat7,-0.63188,-0.34721,-0.27415,0.6364,1429.74
quat8,-0.47878,-0.32921,-0.78382,0.2191,1429.74
quat0,-0.504,0.37659,-0.17502,-0.75731,1429.76
quat1,-0.08101,-0.70956,-0.22583,0.66255,1429.76
quat2,-0.48516,-0.63123,-0.21279,0.56647,1429.76
quat3,-0.68558,-0.0238,-0.70923,-0.1625,1429.76
quat4,-0.55726,-0.1753,-0.6298,0.51194,1429.76
quat5,-0.58636,-0.44383,-0.66704,0.11938,1429.76
quat6,-0.75332,-0.22098,-0.37076,0.49621,1429.76
quat7,-0.64841,-0.34556,-0.27843,0.61857,1429.76
quat8,-0.47488,-0.30497,-0.79331,0.22835,1429.76
quat0,-0.50218,0.38442,-0.15699,-0.75855,1429.78
quat1,-0.09509,-0.72083,-0.2304,0.64675,1429.78
quat2,-0.50714,-0.63391,-0.21931,0.54118,1429.78
quat3,-0.69859,-0.01399,-0.6934,-0.176,1429.78
quat4,-0.57988,-0.17708,-0.62544,0.49112,1429.78
quat5,-0.57545,-0.43354,-0.68293,0.12047,1429.78
quat6,-0.76883,-0.21202,-0.3694,0.47696,1429.78
quat7,-0.66421,-0.34318,-0.28556,0.59959,1429.78
quat8,-0.47249,-0.27946,-0.80149,0.23722,1429.78
quat0,-0.50089,0.39006,-0.13828,-0.76016,1429.8
quat1,-0.11074,-0.73169,-0.23761,0.62922,1429.8
quat2,-0.52759,-0.63719,-0.2279,0.51352,1429.8
quat3,-0.7109,-0.00772,-0.6773,-0.18928,1429.8
quat4,-0.60166,-0.18332,-0.61997,0.46907,1429.8
quat5,-0.56606,-0.42169,-0.69742,0.12396,1429.8
quat6,-0.7837,-0.20348,-0.36933,0.45608,1429.8
quat7,-0.67903,-0.34213,-0.29401,0.57916,1429.8
quat8,-0.47192,-0.25308,-0.80857,0.24384,1429.8
quat0,-0.50079,0.39369,-0.11978,-0.76149,1429.82
quat1,-0.12365,-0.74275,-0.24536,0.61059,1429.82
quat2,-0.54565,-0.64034,-0.23768,0.48553,1429.82
quat3,-0.72256,-0.00521,-0.66125,-0.20157,1429.82
quat4,-0.62163,-0.19117,-0.61565,0.44497,1429.82
quat5,-0.55933,-0.40775,-0.71024,0.12825,1429.82
quat6,-0.79719,-0.19529,-0.3708,0.43458,1429.82
quat7,-0.69315,-0.34293,-0.30287,0.55697,1429.82
quat8,-0.47503,-0.22314,-0.81551,0.24393,1429.82
quat0,-0.50164,0.39536,-0.10096,-0.7628,1429.84
quat1,-0.13015,-0.75432,-0.25237,0.59192,1429.84
quat2,-0.56362,-0.64257,-0.24726,0.4564,1429.84
quat3,-0.73277,-0.00541,-0.64561,-0.21497,1429.84
quat4,-0.64051,-0.19981,-0.61288,0.41738,1429.84
quat5,-0.5552,-0.39309,-0.72069,0.13361,1429.84
quat6,-0.80938,-0.18799,-0.37285,0.41297,1429.84
quat7,-0.70485,-0.34742,-0.31072,0.53473,1429.84
quat8,-0.48116,-0.1902,-0.82174,0.23885,1429.84
quat0,-0.50345,0.39542,-0.08198,-0.76384,1429.86
quat1,-0.13068,-0.76591,-0.26013,0.57327,1429.86
quat2,-0.57906,-0.64461,-0.25522,0.42899,1429.86
quat3,-0.74112,-0.00703,-0.63055,-0.23045,1429.86
quat4,-0.65639,-0.21212,-0.60931,0.39102,1429.86
quat5,-0.55266,-0.37828,-0.72918,0.1406,1429.86
quat6,-0.82024,-0.18366,-0.37552,0.39046,1429.86
quat7,-0.71416,-0.35413,-0.31774,0.51343,1429.86
quat8,-0.48957,-0.15612,-0.82634,0.23046,1429.86
quat0,-0.50603,0.39355,-0.06281,-0.76492,1429.88
quat1,-0.12676,-0.77683,-0.26884,0.55515,1429.88
quat2,-0.59061,-0.64889,-0.26114,0.40241,1429.88
quat3,-0.74754,-0.01103,-0.61682,-0.24617,1429.88
quat4,-0.66871,-0.22626,-0.60675,0.36536,1429.88
quat5,-0.55173,-0.36267,-0.73619,0.14864,1429.88
quat6,-0.82952,-0.18236,-0.37927,0.36715,1429.88
quat7,-0.72126,-0.36236,-0.32426,0.4933,1429.88
quat8,-0.49926,-0.12328,-0.82845,0.22183,1429.88
quat0,-0.50934,0.39039,-0.04418,-0.76565,1429.9
quat1,-0.12074,-0.78672,-0.27856,0.5375,1429.9
quat2,-0.59919,-0.65387,-0.26649,0.37738,1429.9
quat3,-0.75299,-0.01773,-0.60411,-0.26028,1429.9
quat4,-0.6766,-0.24173,-0.60553,0.34221,1429.9
quat5,-0.55272,-0.34565,-0.74193,0.15676,1429.9
quat6,-0.83715,-0.18083,-0.38505,0.34384,1429.9
quat7,-0.72624,-0.36999,-0.33161,0.47509,1429.9
quat8,-0.5105,-0.09247,-0.8271,0.2162,1429.9
quat0,-0.51336,0.386,-0.02673,-0.766,1429.92
quat1,-0.11227,-0.7958,-0.28764,0.52093,1429.92
quat2,-0.60785,-0.65648,-0.27341,0.35327,1429.92
quat3,-0.75727,-0.02631,-0.59244,-0.27362,1429.92
quat4,-0.68076,-0.2572,-0.60697,0.31937,1429.92
quat5,-0.55609,-0.32757,-0.74629,0.16285,1429.92
quat6,-0.8432,-0.1771,-0.39412,0.31988,1429.92
quat7,-0.73008,-0.37405,-0.34275,0.45781,1429.92
quat8,-0.52347,-0.06627,-0.82303,0.21024,1429.92
quat0,-0.51824,0.38012,-0.0106,-0.76605,1429.94
quat1,-0.1015,-0.80364,-0.29522,0.50665,1429.94
quat2,-0.61526,-0.65757,-0.2803,0.33241,1429.94
quat3,-0.76005,-0.03682,-0.58228,-0.28621,1429.94
quat4,-0.68079,-0.27338,-0.61,0.29948,1429.94
quat5,-0.5612,-0.30944,-0.74915,0.16754,1429.94
quat6,-0.8478,-0.17166,-0.40413,0.2974,1429.94
quat7,-0.73166,-0.37551,-0.35638,0.44346,1429.94
quat8,-0.53699,-0.04314,-0.81635,0.20824,1429.94
quat0,-0.52373,0.37266,0.00378,-0.76604,1429.96
quat1,-0.089,-0.81014,-0.30232,0.49433,1429.96
quat2,-0.62005,-0.65879,-0.28611,0.31572,1429.96
quat3,-0.76092,-0.04858,-0.57431,-0.29802,1429.96
quat4,-0.67731,-0.28852,-0.61486,0.28276,1429.96
quat5,-0.56799,-0.29192,-0.75049,0.17012,1429.96
quat6,-0.85049,-0.16801,-0.41444,0.27693,1429.96
quat7,-0.73135,-0.37486,-0.37084,0.43253,1429.96
quat8,-0.55032,-0.02314,-0.80893,0.20553,1429.96
quat0,-0.53006,0.36307,0.0158,-0.76614,1429.98
quat1,-0.07675,-0.81481,-0.3087,0.48466,1429.98
quat2,-0.62414,-0.6584,-0.29174,0.30305,1429.98
quat3,-0.76014,-0.061,-0.56845,-0.30875,1429.98
quat4,-0.67153,-0.30086,-0.62101,0.26998,1429.98
quat5,-0.5764,-0.27634,-0.74954,0.17204,1429.98
quat6,-0.85131,-0.16597,-0.42444,0.25996,1429.98
quat7,-0.72955,-0.37279,-0.38346,0.4263,1429.98
quat8,-0.56314,-0.00827,-0.80064,0.2044,1429.98
quat0,-0.53679,0.35213,0.02411,-0.76634,1430.0
quat1,-0.06484,-0.81766,-0.31367,0.47836,1430.0
quat2,-0.62595,-0.65764,-0.29715,0.29563,1430.0
quat3,-0.75785,-0.07494,-0.56493,-0.31765,1430.0
quat4,-0.66366,-0.31049,-0.62835,0.2614,1430.0
quat5,-0.58586,-0.2647,-0.74579,0.17463,1430.0
quat6,-0.84963,-0.16567,-0.43572,0.24664,1430.0
quat7,-0.72553,-0.37127,-0.39408,0.42482,1430.0
quat8,-0.57559,0.00123,-0.79188,0.20399,1430.0
quat0,-0.54395,0.33841,0.02686,-0.76738,1430.02
quat1,-0.05242,-0.81833,-0.31711,0.47648,1430.02
quat2,-0.62583,-0.65671,-0.30193,0.29309,1430.02
quat3,-0.75399,-0.09049,-0.56414,-0.32413,1430.02
quat4,-0.65443,-0.31733,-0.63616,0.25753,1430.02
quat5,-0.59686,-0.2567,-0.73933,0.17677,1430.02
quat6,-0.846,-0.16508,-0.44698,0.23926,1430.02
quat7,-0.71898,-0.37265,-0.40176,0.42754,1430.02
quat8,-0.58699,0.00627,-0.78353,0.20366,1430.02
quat0,-0.55058,0.3231,0.02569,-0.76929,1430.04
quat1,-0.0392,-0.81665,-0.31975,0.47886,1430.04
quat2,-0.62343,-0.65529,-0.3073,0.2958,1430.04
quat3,-0.74878,-0.10608,-0.5657,-0.32874,1430.04
quat4,-0.64258,-0.32283,-0.6438,0.26151,1430.04
quat5,-0.60829,-0.25264,-0.73045,0.18055,1430.04
quat6,-0.84116,-0.16573,-0.4567,0.23751,1430.04
quat7,-0.71015,-0.37639,-0.40785,0.43322,1430.04
quat8,-0.59699,0.00608,-0.77569,0.20463,1430.04
quat0,-0.55674,0.30703,0.01975,-0.77161,1430.06
quat1,-0.02521,-0.81324,-0.32158,0.48435,1430.06
quat2,-0.61765,-0.65409,-0.31359,0.30387,1430.06
quat3,-0.74261,-0.12068,-0.56907,-0.33185,1430.06
quat4,-0.6287,-0.32667,-0.65076,0.27301,1430.06
quat5,-0.62028,-0.25215,-0.71933,0.18506,1430.06
quat6,-0.83474,-0.17206,-0.46393,0.24159,1430.06
quat7,-0.69912,-0.38134,-0.4121,0.4427,1430.06
quat8,-0.60573,0.00106,-0.76822,0.20718,1430.06
quat0,-0.562,0.29116,0.01157,-0.77411,1430.08
quat1,-0.01042,-0.80826,-0.32255,0.49251,1430.08
quat2,-0.60599,-0.65503,-0.3205,0.31779,1430.08
quat3,-0.73583,-0.13507,-0.57408,-0.33279,1430.08
quat4,-0.61246,-0.32733,-0.65804,0.29107,1430.08
quat5,-0.63207,-0.2544,-0.70641,0.1917,1430.08
quat6,-0.82499,-0.18372,-0.47192,0.25087,1430.08
quat7,-0.68511,-0.38661,-0.41547,0.45666,1430.08
quat8,-0.6129,-0.00694,-0.76157,0.21052,1430.08
quat0,-0.5664,0.27701,-8e-05,-0.77618,1430.1
quat1,0.00407,-0.80152,-0.32287,0.50329,1430.1
quat2,-0.59071,-0.65727,-0.32704,0.33482,1430.1
quat3,-0.72844,-0.1507,-0.58093,-0.33044,1430.1
quat4,-0.59441,-0.32604,-0.66523,0.3128,1430.1
quat5,-0.64341,-0.25984,-0.69153,0.20072,1430.1
quat6,-0.81468,-0.19483,-0.47878,0.26288,1430.1
quat7,-0.66801,-0.39336,-0.41782,0.47377,1430.1
quat8,-0.61832,-0.02055,-0.75506,0.21713,1430.1
quat0,-0.56959,0.26412,-0.01412,-0.77821,1430.12
quat1,0.01727,-0.79253,-0.32319,0.51687,1430.12
quat2,-0.57376,-0.65861,-0.33511,0.35317,1430.12
quat3,-0.72061,-0.16606,-0.58987,-0.32434,1430.12
quat4,-0.57499,-0.32313,-0.67233,0.33608,1430.12
quat5,-0.65354,-0.26819,-0.67473,0.21379,1430.12
quat6,-0.80329,-0.20475,-0.48638,0.27611,1430.12
quat7,-0.65018,-0.39881,-0.41825,0.49324,1430.12
quat8,-0.62172,-0.03929,-0.74784,0.22947,1430.12
quat0,-0.5718,0.25324,-0.03038,-0.77974,1430.14
quat1,0.02881,-0.78179,-0.32263,0.53281,1430.14
quat2,-0.55478,-0.66011,-0.34375,0.3719,1430.14
quat3,-0.71198,-0.17747,-0.60088,-0.31708,1430.14
quat4,-0.55726,-0.3147,-0.68159,0.35478,1430.14
quat5,-0.66247,-0.28043,-0.65558,0.22957,1430.14
quat6,-0.78998,-0.21756,-0.49384,0.29107,1430.14
quat7,-0.63231,-0.40275,-0.41471,0.51575,1430.14
quat8,-0.62568,-0.06752,-0.73798,0.24361,1430.14
quat0,-0.57309,0.24426,-0.04816,-0.78076,1430.16
quat1,0.03886,-0.76962,-0.32106,0.55054,1430.16
quat2,-0.53271,-0.66219,-0.35241,0.39182,1430.16
quat3,-0.70164,-0.18561,-0.61436,-0.30954,1430.16
quat4,-0.54123,-0.29946,-0.69296,0.37041,1430.16
quat5,-0.67178,-0.29392,-0.63467,0.24394,1430.16
quat6,-0.77429,-0.236,-0.49987,0.30807,1430.16
quat7,-0.61318,-0.40473,-0.4058,0.54363,1430.16
quat8,-0.62809,-0.10092,-0.72925,0.25203,1430.16
quat0,-0.57357,0.23715,-0.068,-0.78112,1430.18
quat1,0.0475,-0.75686,-0.31805,0.56899,1430.18
quat2,-0.50966,-0.66392,-0.35876,0.41322,1430.18
quat3,-0.69032,-0.19246,-0.62918,-0.30091,1430.18
quat4,-0.52464,-0.28223,-0.70465,0.38546,1430.18
quat5,-0.67953,-0.30627,-0.61443,0.25869,1430.18
quat6,-0.75798,-0.25615,-0.50179,0.32872,1430.18
quat7,-0.59273,-0.40718,-0.39409,0.57234,1430.18
quat8,-0.6273,-0.14087,-0.71766,0.26759,1430.18
quat0,-0.57308,0.23202,-0.08818,-0.78101,1430.2
quat1,0.0554,-0.74418,-0.31369,0.58714,1430.2
quat2,-0.4852,-0.66433,-0.36219,0.43825,1430.2
quat3,-0.6788,-0.19811,-0.64499,-0.28978,1430.2
quat4,-0.50641,-0.26487,-0.71557,0.40168,1430.2
quat5,-0.68145,-0.32524,-0.59353,0.27849,1430.2
quat6,-0.74273,-0.27352,-0.49885,0.35311,1430.2
quat7,-0.57093,-0.40869,-0.37937,0.60257,1430.2
quat8,-0.6248,-0.18236,-0.70654,0.27779,1430.2
quat0,-0.57196,0.22911,-0.10825,-0.78016,1430.22
quat1,0.0621,-0.7317,-0.3079,0.60494,1430.22
quat2,-0.46017,-0.66292,-0.36196,0.46664,1430.22
quat3,-0.66742,-0.20048,-0.66157,-0.2769,1430.22
quat4,-0.48779,-0.2484,-0.72349,0.42062,1430.22
quat5,-0.68307,-0.34641,-0.57342,0.29088,1430.22
quat6,-0.72838,-0.28838,-0.49108,0.38097,1430.22
quat7,-0.54449,-0.41693,-0.35701,0.63423,1430.22
quat8,-0.62073,-0.2215,-0.69883,0.27797,1430.22
quat0,-0.57081,0.22836,-0.12786,-0.77826,1430.24
quat1,0.06694,-0.72023,-0.29959,0.62212,1430.24
quat2,-0.43446,-0.6601,-0.35831,0.49712,1430.24
quat3,-0.65617,-0.19854,-0.67884,-0.26306,1430.24
quat4,-0.4681,-0.23731,-0.72469,0.44653,1430.24
quat5,-0.68422,-0.36,-0.56092,0.296,1430.24
quat6,-0.71345,-0.29907,-0.48486,0.40799,1430.24
quat7,-0.5228,-0.43004,-0.33339,0.6562,1430.24
quat8,-0.61513,-0.25316,-0.69531,0.27214,1430.24
quat0,-0.56926,0.22979,-0.14753,-0.77548,1430.26
quat1,0.06837,-0.70975,-0.28825,0.63913,1430.26
quat2,-0.4093,-0.65759,-0.34972,0.52701,1430.26
quat3,-0.64544,-0.1927,-0.69576,-0.24937,1430.26
quat4,-0.45149,-0.22887,-0.72163,0.47225,1430.26
quat5,-0.68073,-0.38001,-0.54964,0.30016,1430.26
quat6,-0.70152,-0.30182,-0.47772,0.43424,1430.26
quat7,-0.51458,-0.43987,-0.3111,0.66704,1430.26
quat8,-0.60965,-0.28017,-0.69266,0.2647,1430.26
quat0,-0.56659,0.23323,-0.16724,-0.77241,1430.28
quat1,0.06629,-0.70039,-0.27546,0.65512,1430.28
quat2,-0.38799,-0.65348,-0.33918,0.55442,1430.28
quat3,-0.63527,-0.18436,-0.7121,-0.23528,1430.28
quat4,-0.43706,-0.22382,-0.71435,0.49858,1430.28
quat5,-0.6737,-0.40371,-0.53946,0.30354,1430.28
quat6,-0.6906,-0.30296,-0.46824,0.46048,1430.28
quat7,-0.50841,-0.43954,-0.28862,0.68193,1430.28
quat8,-0.60372,-0.30426,-0.69099,0.2559,1430.28
quat0,-0.56332,0.23841,-0.18578,-0.76897,1430.3
quat1,0.06143,-0.69222,-0.26329,0.66912,1430.3
quat2,-0.37109,-0.64925,-0.32769,0.5774,1430.3
quat3,-0.62611,-0.17561,-0.72757,-0.21862,1430.3
quat4,-0.4254,-0.22317,-0.7038,0.52334,1430.3
quat5,-0.66509,-0.42799,-0.53128,0.30369,1430.3
quat6,-0.68162,-0.30299,-0.45685,0.48463,1430.3
quat7,-0.50077,-0.43169,-0.27718,0.69717,1430.3
quat8,-0.59666,-0.32653,-0.68954,0.24881,1430.3
quat0,-0.56003,0.24629,-0.20177,-0.76485,1430.32
quat1,0.05454,-0.68542,-0.25159,0.68112,1430.32
quat2,-0.35777,-0.64506,-0.31352,0.598,1430.32
quat3,-0.61879,-0.16676,-0.74139,-0.19909,1430.32
quat4,-0.4167,-0.22333,-0.69106,0.54674,1430.32
quat5,-0.6602,-0.446,-0.52718,0.29547,1430.32
quat6,-0.67364,-0.30125,-0.44905,0.50379,1430.32
quat7,-0.49669,-0.41819,-0.27563,0.70884,1430.32
quat8,-0.58997,-0.34353,-0.69013,0.24008,1430.32
quat0,-0.55703,0.25635,-0.21541,-0.76,1430.34
quat1,0.045,-0.681,-0.24028,0.69028,1430.34
quat2,-0.34884,-0.64069,-0.29823,0.61554,1430.34
quat3,-0.61426,-0.15688,-0.75213,-0.17992,1430.34
quat4,-0.41351,-0.2227,-0.68025,0.56274,1430.34
quat5,-0.66015,-0.45585,-0.52786,0.27887,1430.34
quat6,-0.66668,-0.29553,-0.44398,0.52065,1430.34
quat7,-0.49982,-0.40538,-0.27403,0.71467,1430.34
quat8,-0.58276,-0.35643,-0.69324,0.22972,1430.34
quat0,-0.55368,0.26801,-0.22695,-0.75505,1430.36
quat1,0.03415,-0.67818,-0.22857,0.69761,1430.36
quat2,-0.34911,-0.6339,-0.28585,0.62816,1430.36
quat3,-0.6132,-0.14533,-0.75901,-0.1636,1430.36
quat4,-0.41439,-0.21984,-0.67223,0.57276,1430.36
quat5,-0.65776,-0.46578,-0.53032,0.263,1430.36
quat6,-0.66346,-0.28536,-0.43649,0.53654,1430.36
quat7,-0.50733,-0.39461,-0.26984,0.717,1430.36
quat8,-0.57397,-0.36801,-0.69695,0.22224,1430.36
quat0,-0.54998,0.28189,-0.23635,-0.7498,1430.38
quat1,0.02209,-0.67667,-0.21647,0.7034,1430.38
quat2,-0.35687,-0.62577,-0.27608,0.63627,1430.38
quat3,-0.61566,-0.13211,-0.7622,-0.15019,1430.38
quat4,-0.41848,-0.21584,-0.66532,0.57934,1430.38
quat5,-0.65207,-0.47751,-0.53378,0.24874,1430.38
quat6,-0.66454,-0.27525,-0.42816,0.54709,1430.38
quat7,-0.51515,-0.38699,-0.26325,0.71803,1430.38
quat8,-0.56415,-0.37881,-0.70176,0.21396,1430.38
quat0,-0.54633,0.29739,-0.24311,-0.7443,1430.4
quat1,0.00971,-0.67691,-0.20399,0.70717,1430.4
quat2,-0.36813,-0.61797,-0.26678,0.64142,1430.4
quat3,-0.62064,-0.11726,-0.76282,-0.13841,1430.4
quat4,-0.42562,-0.21138,-0.65868,0.58336,1430.4
quat5,-0.64643,-0.48616,-0.53981,0.23318,1430.4
quat6,-0.66672,-0.26896,-0.41796,0.55539,1430.4
quat7,-0.52488,-0.378,-0.25824,0.71759,1430.4
quat8,-0.55428,-0.38687,-0.70737,0.20672,1430.4
quat0,-0.54279,0.31423,-0.24672,-0.73876,1430.42
quat1,-0.00349,-0.6799,-0.1922,0.70765,1430.42
quat2,-0.37785,-0.61364,-0.25464,0.64485,1430.42
quat3,-0.62726,-0.10132,-0.76148,-0.12815,1430.42
quat4,-0.43505,-0.20744,-0.65204,0.58527,1430.42
quat5,-0.64029,-0.4912,-0.54945,0.21646,1430.42
quat6,-0.66884,-0.26544,-0.40624,0.56317,1430.42
quat7,-0.53518,-0.37067,-0.25264,0.7158,1430.42
quat8,-0.54223,-0.39427,-0.71368,0.20296,1430.42
quat0,-0.53943,0.33094,-0.24752,-0.73363,1430.44
quat1,-0.01848,-0.68493,-0.18229,0.7052,1430.44
quat2,-0.38811,-0.61247,-0.2392,0.64578,1430.44
quat3,-0.63469,-0.08534,-0.75863,-0.11986,1430.44
quat4,-0.44706,-0.20425,-0.64518,0.58495,1430.44
quat5,-0.63563,-0.49147,-0.56168,0.19735,1430.44
quat6,-0.67294,-0.26022,-0.39361,0.56965,1430.44
quat7,-0.54707,-0.36381,-0.24755,0.71209,1430.44
quat8,-0.5294,-0.39957,-0.72065,0.20184,1430.44
quat0,-0.53631,0.34739,-0.24536,-0.72903,1430.46
quat1,-0.03473,-0.69145,-0.17441,0.7002,1430.46
quat2,-0.40218,-0.61228,-0.2255,0.64227,1430.46
quat3,-0.64305,-0.06956,-0.75417,-0.11347,1430.46
quat4,-0.46081,-0.20329,-0.63553,0.58518,1430.46
quat5,-0.62977,-0.48839,-0.57692,0.17896,1430.46
quat6,-0.68138,-0.25244,-0.38276,0.57052,1430.46
quat7,-0.55938,-0.3583,-0.24354,0.70669,1430.46
quat8,-0.51593,-0.4017,-0.72872,0.20352,1430.46
quat0,-0.5332,0.36352,-0.23981,-0.72529,1430.48
quat1,-0.05098,-0.69884,-0.16806,0.69338,1430.48
quat2,-0.4219,-0.61155,-0.21561,0.63365,1430.48
quat3,-0.65233,-0.05393,-0.74802,-0.10965,1430.48
quat4,-0.4758,-0.20373,-0.62533,0.58401,1430.48
quat5,-0.62276,-0.48372,-0.5932,0.16217,1430.48
quat6,-0.69303,-0.24419,-0.37241,0.56691,1430.48
quat7,-0.57247,-0.35301,-0.24154,0.69951,1430.48
quat8,-0.50145,-0.4013,-0.73734,0.20937,1430.48
quat0,-0.53001,0.3793,-0.23081,-0.72246,1430.5
quat1,-0.06584,-0.70761,-0.16305,0.68437,1430.5
quat2,-0.44334,-0.61133,-0.20945,0.62118,1430.5
quat3,-0.66259,-0.03917,-0.74011,-0.10808,1430.5
quat4,-0.49402,-0.2021,-0.61824,0.57695,1430.5
quat5,-0.61572,-0.4757,-0.61086,0.14647,1430.5
quat6,-0.70661,-0.23546,-0.36448,0.55894,1430.5
quat7,-0.58893,-0.34623,-0.24479,0.68801,1430.5
quat8,-0.48788,-0.39597,-0.74689,0.21757,1430.5
quat0,-0.52672,0.39417,-0.21927,-0.7205,1430.52
quat1,-0.08011,-0.71758,-0.16014,0.67307,1430.52
quat2,-0.46413,-0.61355,-0.20348,0.60559,1430.52
quat3,-0.67342,-0.02503,-0.73062,-0.10986,1430.52
quat4,-0.51383,-0.20293,-0.60913,0.569,1430.52
quat5,-0.60713,-0.46563,-0.62973,0.13421,1430.52
quat6,-0.72183,-0.2281,-0.35774,0.54676,1430.52
quat7,-0.60546,-0.34058,-0.2486,0.675,1430.52
quat8,-0.47487,-0.38604,-0.75697,0.22908,1430.52
quat0,-0.52323,0.40859,-0.20517,-0.71916,1430.54
quat1,-0.09491,-0.72843,-0.16067,0.65922,1430.54
quat2,-0.48442,-0.61703,-0.19907,0.58735,1430.54
quat3,-0.68437,-0.0108,-0.71987,-0.11534,1430.54
quat4,-0.53319,-0.21039,-0.59579,0.56257,1430.54
quat5,-0.59731,-0.45475,-0.64893,0.12377,1430.54
quat6,-0.73716,-0.21971,-0.35337,0.5324,1430.54
quat7,-0.62211,-0.33622,-0.25114,0.66096,1430.54
quat8,-0.46427,-0.37036,-0.76733,0.24183,1430.54
quat0,-0.51996,0.4218,-0.18883,-0.71838,1430.56
quat1,-0.10984,-0.73976,-0.16324,0.64346,1430.56
quat2,-0.50607,-0.61993,-0.19875,0.56576,1430.56
quat3,-0.69596,0.00205,-0.70749,-0.12291,1430.56
quat4,-0.55345,-0.21754,-0.58509,0.5514,1430.56
quat5,-0.58727,-0.44289,-0.66756,0.11542,1430.56
quat6,-0.75311,-0.21079,-0.35069,0.51518,1430.56
quat7,-0.63869,-0.33568,-0.25166,0.64503,1430.56
quat8,-0.4576,-0.34904,-0.7773,0.25414,1430.56
quat0,-0.51715,0.43347,-0.17055,-0.71804,1430.58
quat1,-0.12296,-0.75098,-0.16753,0.62677,1430.58
quat2,-0.52761,-0.62186,-0.20203,0.54232,1430.58
quat3,-0.70857,0.01293,-0.69318,-0.13141,1430.58
quat4,-0.57324,-0.2243,-0.57736,0.53641,1430.58
quat5,-0.57596,-0.4309,-0.68557,0.11222,1430.58
quat6,-0.76886,-0.20272,-0.3495,0.49558,1430.58
quat7,-0.65508,-0.33708,-0.2522,0.62741,1430.58
quat8,-0.45452,-0.3229,-0.78689,0.26448,1430.58
quat0,-0.5154,0.4423,-0.1511,-0.71826,1430.6
quat1,-0.1334,-0.76265,-0.17283,0.60885,1430.6
quat2,-0.54728,-0.62483,-0.20642,0.51718,1430.6
quat3,-0.72166,0.02144,-0.6773,-0.14146,1430.6
quat4,-0.59436,-0.22785,-0.57549,0.51345,1430.6
quat5,-0.56599,-0.41728,-0.70224,0.11132,1430.6
quat6,-0.78356,-0.19554,-0.34983,0.47478,1430.6
quat7,-0.67085,-0.33917,-0.25554,0.60797,1430.6
quat8,-0.4541,-0.29509,-0.79521,0.27267,1430.6
quat0,-0.51524,0.44808,-0.13062,-0.71881,1430.62
quat1,-0.14028,-0.77443,-0.17977,0.59014,1430.62
quat2,-0.56454,-0.62792,-0.21197,0.49202,1430.62
quat3,-0.73378,0.027,-0.66144,-0.15277,1430.62
quat4,-0.61455,-0.22871,-0.57846,0.4852,1430.62
quat5,-0.55662,-0.40343,-0.7172,0.11422,1430.62
quat6,-0.79646,-0.18765,-0.35211,0.45437,1430.62
quat7,-0.68405,-0.34132,-0.26244,0.58881,1430.62
quat8,-0.45732,-0.26721,-0.80212,0.27577,1430.62
quat0,-0.51699,0.45064,-0.11007,-0.7194,1430.64
quat1,-0.14465,-0.78583,-0.18873,0.57091,1430.64
quat2,-0.57878,-0.63239,-0.21765,0.46661,1430.64
quat3,-0.74421,0.02972,-0.64626,-0.16618,1430.64
quat4,-0.63171,-0.2353,-0.57907,0.45854,1430.64
quat5,-0.55008,-0.38826,-0.72946,0.12065,1430.64
quat6,-0.80803,-0.18029,-0.35555,0.43379,1430.64
quat7,-0.69415,-0.34495,-0.27028,0.57106,1430.64
quat8,-0.46387,-0.23951,-0.80737,0.27499,1430.64
quat0,-0.52092,0.45034,-0.08923,-0.71963,1430.66
quat1,-0.1462,-0.79671,-0.19853,0.55179,1430.66
quat2,-0.59121,-0.63645,-0.22415,0.44178,1430.66
quat3,-0.75273,0.0276,-0.63264,-0.18,1430.66
quat4,-0.64619,-0.24474,-0.57877,0.43309,1430.66
quat5,-0.54566,-0.37246,-0.73928,0.13035,1430.66
quat6,-0.81819,-0.17374,-0.36068,0.41267,1430.66
quat7,-0.70144,-0.34912,-0.27849,0.55546,1430.66
quat8,-0.47237,-0.21238,-0.81116,0.27163,1430.66
quat0,-0.52652,0.44739,-0.06907,-0.71962,1430.68
quat1,-0.14376,-0.8072,-0.20791,0.53342,1430.68
quat2,-0.60193,-0.64019,-0.23146,0.41745,1430.68
quat3,-0.76025,0.019,-0.6204,-0.19174,1430.68
quat4,-0.65591,-0.2566,-0.57956,0.40994,1430.68
quat5,-0.54385,-0.357,-0.74626,0.14098,1430.68
quat6,-0.82642,-0.17088,-0.36708,0.39126,1430.68
quat7,-0.70515,-0.35566,-0.28621,0.54254,1430.68
quat8,-0.48237,-0.18648,-0.81308,0.26729,1430.68
quat0,-0.53354,0.44175,-0.05042,-0.71948,1430.7
quat1,-0.13621,-0.8169,-0.21618,0.5171,1430.7
quat2,-0.61096,-0.64323,-0.23818,0.39529,1430.7
quat3,-0.76646,0.00668,-0.60932,-0.20303,1430.7
quat4,-0.66017,-0.27115,-0.58113,0.39107,1430.7
quat5,-0.54451,-0.34147,-0.75103,0.15122,1430.7
quat6,-0.83272,-0.16867,-0.37495,0.37088,1430.7
quat7,-0.7067,-0.36366,-0.2949,0.53043,1430.7
quat8,-0.49366,-0.16262,-0.81267,0.26349,1430.7
quat0,-0.54111,0.43393,-0.03309,-0.71959,1430.72
quat1,-0.12451,-0.82564,-0.22427,0.50251,1430.72
quat2,-0.61745,-0.64658,-0.24439,0.37546,1430.72
quat3,-0.77071,-0.00667,-0.59943,-0.21599,1430.72
quat4,-0.66065,-0.28738,-0.5831,0.37544,1430.72
quat5,-0.54682,-0.32713,-0.75362,0.16138,1430.72
quat6,-0.83718,-0.16612,-0.38477,0.3514,1430.72
quat7,-0.70643,-0.37096,-0.30552,0.51962,1430.72
quat8,-0.50609,-0.13849,-0.8101,0.26159,1430.72
quat0,-0.54975,0.42346,-0.01801,-0.71981,1430.74
quat1,-0.10987,-0.83297,-0.23182,0.49026,1430.74
quat2,-0.62256,-0.6486,-0.25089,0.35888,1430.74
quat3,-0.77317,-0.02124,-0.59099,-0.2291,1430.74
quat4,-0.65697,-0.30666,-0.58546,0.36276,1430.74
quat5,-0.55226,-0.31276,-0.75384,0.17003,1430.74
quat6,-0.84001,-0.16335,-0.39586,0.33317,1430.74
quat7,-0.70485,-0.37693,-0.31789,0.50996,1430.74
quat8,-0.51986,-0.11505,-0.80584,0.2591,1430.74
quat0,-0.55859,0.41138,-0.00518,-0.72022,1430.76
quat1,-0.09353,-0.83858,-0.23859,0.48074,1430.76
quat2,-0.62717,-0.64883,-0.25858,0.34469,1430.76
quat3,-0.7744,-0.03739,-0.58421,-0.24,1430.76
quat4,-0.65127,-0.32393,-0.59107,0.34866,1430.76
quat5,-0.5602,-0.29843,-0.75212,0.17729,1430.76
quat6,-0.84077,-0.16463,-0.40696,0.31685,1430.76
quat7,-0.70153,-0.38215,-0.33215,0.50149,1430.76
quat8,-0.53472,-0.09097,-0.80063,0.25453,1430.76
quat0,-0.56757,0.39809,0.00499,-0.72067,1430.78
quat1,-0.07648,-0.8422,-0.24428,0.47452,1430.78
quat2,-0.63015,-0.64868,-0.26562,0.33403,1430.78
quat3,-0.77414,-0.05579,-0.57988,-0.24767,1430.78
quat4,-0.64343,-0.33976,-0.59807,0.33597,1430.78
quat5,-0.57007,-0.28487,-0.74879,0.18215,1430.78
quat6,-0.83964,-0.1687,-0.41793,0.30312,1430.78
quat7,-0.69591,-0.38767,-0.34501,0.49638,1430.78
quat8,-0.55021,-0.0695,-0.7936,0.25028,1430.78
quat0,-0.5763,0.38327,0.01164,-0.7217,1430.8
quat1,-0.05895,-0.84387,-0.24864,0.4718,1430.8
quat2,-0.62976,-0.64962,-0.27183,0.32788,1430.8
quat3,-0.77265,-0.07571,-0.57766,-0.25216,1430.8
quat4,-0.63254,-0.35559,-0.60544,0.32695,1430.8
quat5,-0.58197,-0.27234,-0.74357,0.18503,1430.8
quat6,-0.8366,-0.17446,-0.42911,0.29246,1430.8
quat7,-0.68725,-0.39512,-0.35543,0.4952,1430.8
quat8,-0.56537,-0.05182,-0.78559,0.24603,1430.8
quat0,-0.58447,0.36712,0.01416,-0.72347,1430.82
quat1,-0.04033,-0.84338,-0.25198,0.47286,1430.82
quat2,-0.62603,-0.65136,-0.27759,0.32675,1430.82
quat3,-0.76982,-0.09684,-0.57733,-0.25433,1430.82
quat4,-0.61931,-0.36867,-0.6132,0.32331,1430.82
quat5,-0.59492,-0.2622,-0.73626,0.18773,1430.82
quat6,-0.83223,-0.17972,-0.43977,0.28583,1430.82
quat7,-0.67702,-0.40296,-0.36519,0.49589,1430.82
quat8,-0.57864,-0.03887,-0.77748,0.24329,1430.82
quat0,-0.5919,0.35026,0.01239,-0.72582,1430.84
quat1,-0.02141,-0.84067,-0.25463,0.47747,1430.84
quat2,-0.6194,-0.6531,-0.28392,0.33044,1430.84
quat3,-0.76583,-0.11681,-0.57844,-0.25548,1430.84
quat4,-0.60372,-0.37911,-0.62067,0.32644,1430.84
quat5,-0.60773,-0.25641,-0.72631,0.19338,1430.84
quat6,-0.82594,-0.18524,-0.45069,0.28352,1430.84
quat7,-0.66477,-0.40983,-0.3752,0.49935,1430.84
quat8,-0.59044,-0.03235,-0.76836,0.24487,1430.84
quat0,-0.5984,0.33341,0.00643,-0.7285,1430.86
quat1,-0.00399,-0.83587,-0.25674,0.48516,1430.86
quat2,-0.60991,-0.65487,-0.29088,0.33844,1430.86
quat3,-0.76056,-0.13487,-0.58079,-0.257,1430.86
quat4,-0.58655,-0.38637,-0.62751,0.33602,1430.86
quat5,-0.62079,-0.25455,-0.71368,0.2012,1430.86
quat6,-0.81805,-0.19146,-0.46067,0.28622,1430.86
quat7,-0.65133,-0.41565,-0.38528,0.50454,1430.86
quat8,-0.60082,-0.0302,-0.75982,0.24651,1430.86
quat0,-0.60398,0.31714,-0.00311,-0.73118,1430.88
quat1,0.01188,-0.829,-0.25856,0.49575,1430.88
quat2,-0.59767,-0.65645,-0.29895,0.34999,1430.88
quat3,-0.754,-0.1514,-0.58459,-0.25851,1430.88
quat4,-0.56896,-0.38983,-0.6338,0.35015,1430.88
quat5,-0.63236,-0.25697,-0.69951,0.2116,1430.88
quat6,-0.80863,-0.19773,-0.47056,0.29256,1430.88
quat7,-0.63705,-0.42141,-0.39366,0.51148,1430.88
quat8,-0.60981,-0.031,-0.75175,0.24907,1430.88
quat0,-0.60824,0.30173,-0.01585,-0.734,1430.9
quat1,0.02641,-0.82028,-0.2596,0.50898,1430.9
quat2,-0.58256,-0.65851,-0.30702,0.36432,1430.9
quat3,-0.74632,-0.16662,-0.5904,-0.25822,1430.9
quat4,-0.55169,-0.39094,-0.6393,0.36619,1430.9
quat5,-0.64347,-0.2621,-0.684,0.22226,1430.9
quat6,-0.79832,-0.20469,-0.47893,0.30235,1430.9
quat7,-0.62248,-0.42737,-0.39842,0.52071,1430.9
quat8,-0.61678,-0.03407,-0.74523,0.25109,1430.9
quat0,-0.61113,0.28764,-0.03113,-0.73676,1430.92
quat1,0.04064,-0.80994,-0.25936,0.52448,1430.92
quat2,-0.56363,-0.66152,-0.31496,0.38146,1430.92
quat3,-0.73786,-0.18046,-0.59836,-0.25486,1430.92
quat4,-0.5358,-0.38826,-0.64497,0.38235,1430.92
quat5,-0.65452,-0.26724,-0.66797,0.23239,1430.92
quat6,-0.78608,-0.21549,-0.48541,0.31625,1430.92
quat7,-0.60797,-0.43238,-0.39916,0.533,1430.92
quat8,-0.62195,-0.04492,-0.73831,0.25701,1430.92
quat0,-0.61254,0.27447,-0.04837,-0.73968,1430.94
quat1,0.05347,-0.79827,-0.25845,0.5414,1430.94
quat2,-0.53906,-0.66788,-0.32078,0.40056,1430.94
quat3,-0.72867,-0.19262,-0.60838,-0.24862,1430.94
quat4,-0.52271,-0.37917,-0.65155,0.39811,1430.94
quat5,-0.66562,-0.27282,-0.65086,0.24268,1430.94
quat6,-0.77131,-0.23149,-0.48824,0.33634,1430.94
quat7,-0.59266,-0.43754,-0.39381,0.54976,1430.94
quat8,-0.62667,-0.06699,-0.72926,0.26641,1430.94
quat0,-0.61286,0.26295,-0.06646,-0.74219,1430.96
quat1,0.06383,-0.78555,-0.25737,0.5591,1430.96
quat2,-0.51273,-0.67391,-0.32616,0.42022,1430.96
quat3,-0.71914,-0.20293,-0.61929,-0.24111,1430.96
quat4,-0.51109,-0.36098,-0.66094,0.41428,1430.96
quat5,-0.67551,-0.27923,-0.63335,0.25412,1430.96
quat6,-0.75678,-0.25018,-0.48776,0.35608,1430.96
quat7,-0.57544,-0.43965,-0.38118,0.5747,1430.96
quat8,-0.62863,-0.09353,-0.72124,0.27548,1430.96
quat0,-0.61271,0.25254,-0.08589,-0.74393,1430.98
quat1,0.07135,-0.77245,-0.25585,0.57686,1430.98
quat2,-0.48584,-0.67842,-0.33126,0.44042,1430.98
quat3,-0.70984,-0.21221,-0.62973,-0.23355,1430.98
quat4,-0.4986,-0.3371,-0.67361,0.42896,1430.98
quat5,-0.68392,-0.2869,-0.61552,0.26658,1430.98
quat6,-0.74228,-0.26994,-0.4845,0.37605,1430.98
quat7,-0.55492,-0.43974,-0.36443,0.60488,1430.98
quat8,-0.62954,-0.12597,-0.71376,0.27992,1430.98
quat0,-0.61184,0.24422,-0.10617,-0.74481,1431.0
quat1,0.07675,-0.75921,-0.25345,0.59454,1431.0
quat2,-0.45998,-0.67909,-0.33718,0.46214,1431.0
quat3,-0.70073,-0.22148,-0.64031,-0.22346,1431.0
quat4,-0.48147,-0.31483,-0.68528,0.44661,1431.0
quat5,-0.69157,-0.29329,-0.59855,0.27828,1431.0
quat6,-0.72783,-0.28793,-0.47851,0.39799,1431.0
quat7,-0.52858,-0.44193,-0.34769,0.63593,1431.0
quat8,-0.62832,-0.1661,-0.7007,0.29435,1431.0
quat0,-0.61032,0.23785,-0.12714,-0.74483,1431.02
quat1,0.08161,-0.74647,-0.24966,0.61139,1431.02
quat2,-0.43666,-0.67653,-0.34194,0.48446,1431.02
quat3,-0.6919,-0.22445,-0.65231,-0.21302,1431.02
quat4,-0.45935,-0.2994,-0.69098,0.47107,1431.02
quat5,-0.6984,-0.30113,-0.582,0.2878,1431.02
quat6,-0.71276,-0.30373,-0.47057,0.42223,1431.02
quat7,-0.49968,-0.45154,-0.32378,0.66453,1431.02
quat8,-0.62461,-0.20882,-0.68992,0.30045,1431.02
quat0,-0.60883,0.23295,-0.14772,-0.7438,1431.04
quat1,0.08594,-0.73465,-0.24389,0.62723,1431.04
quat2,-0.41417,-0.67006,-0.34628,0.50947,1431.04
quat3,-0.68222,-0.21995,-0.66667,-0.20435,1431.04
quat4,-0.43593,-0.2872,-0.69313,0.49705,1431.04
quat5,-0.70537,-0.3101,-0.56591,0.29333,1431.04
quat6,-0.69436,-0.31724,-0.46392,0.44946,1431.04
quat7,-0.47256,-0.46605,-0.28887,0.68996,1431.04
quat8,-0.61849,-0.24738,-0.68257,0.30061,1431.04
quat0,-0.60699,0.22981,-0.16943,-0.74165,1431.06
quat1,0.08848,-0.72391,-0.23612,0.64216,1431.06
quat2,-0.38603,-0.66695,-0.3438,0.53662,1431.06
quat3,-0.67068,-0.21395,-0.6823,-0.19719,1431.06
quat4,-0.41525,-0.278,-0.69153,0.5216,1431.06
quat5,-0.70824,-0.32156,-0.55279,0.29904,1431.06
quat6,-0.67373,-0.33164,-0.46113,0.47272,1431.06
quat7,-0.45891,-0.4692,-0.25523,0.71,1431.06
quat8,-0.61228,-0.282,-0.6745,0.30105,1431.06
quat0,-0.60499,0.22758,-0.18946,-0.73912,1431.08
quat1,0.08833,-0.71366,-0.22739,0.65664,1431.08
quat2,-0.35534,-0.66666,-0.33119,0.56534,1431.08
quat3,-0.65667,-0.21135,-0.69961,-0.18618,1431.08
quat4,-0.39713,-0.27225,-0.68622,0.54523,1431.08
quat5,-0.70622,-0.34324,-0.53856,0.30558,1431.08
quat6,-0.65904,-0.33555,-0.45786,0.4934,1431.08
quat7,-0.45116,-0.46486,-0.23616,0.72429,1431.08
quat8,-0.60872,-0.30482,-0.67099,0.2938,1431.08
quat0,-0.60203,0.22665,-0.20803,-0.73683,1431.1
quat1,0.08706,-0.70385,-0.21759,0.67057,1431.1
quat2,-0.33348,-0.66403,-0.31628,0.58977,1431.1
quat3,-0.64179,-0.21053,-0.71728,-0.17117,1431.1
quat4,-0.38201,-0.26981,-0.67814,0.56692,1431.1
quat5,-0.70088,-0.36378,-0.52932,0.31025,1431.1
quat6,-0.65175,-0.33039,-0.45396,0.50988,1431.1
quat7,-0.449,-0.45382,-0.23663,0.73243,1431.1
quat8,-0.60652,-0.32045,-0.66992,0.28397,1431.1
quat0,-0.59814,0.22782,-0.22411,-0.73492,1431.12
quat1,0.08605,-0.69442,-0.20712,0.68372,1431.12
quat2,-0.31963,-0.6608,-0.29948,0.6095,1431.12
quat3,-0.62856,-0.20793,-0.73324,-0.15503,1431.12
quat4,-0.37002,-0.26813,-0.6683,0.587,1431.12
quat5,-0.69292,-0.38455,-0.52398,0.31214,1431.12
quat6,-0.65104,-0.31752,-0.44841,0.5237,1431.12
quat7,-0.4522,-0.43798,-0.24578,0.73707,1431.12
quat8,-0.60295,-0.33174,-0.67177,0.27408,1431.12
quat0,-0.59344,0.23168,-0.23708,-0.73345,1431.14
quat1,0.08341,-0.68624,-0.19724,0.69513,1431.14
quat2,-0.31473,-0.65708,-0.28298,0.62378,1431.14
quat3,-0.61838,-0.20215,-0.74639,-0.14014,1431.14
quat4,-0.3627,-0.2674,-0.65551,0.60601,1431.14
quat5,-0.6889,-0.3961,-0.52513,0.30456,1431.14
quat6,-0.65208,-0.30487,-0.4428,0.53458,1431.14
quat7,-0.45892,-0.42514,-0.24683,0.74008,1431.14
quat8,-0.59833,-0.34235,-0.67382,0.266,1431.14
quat0,-0.58825,0.23784,-0.24707,-0.73236,1431.16
quat1,0.07803,-0.68059,-0.18877,0.70361,1431.16
quat2,-0.31809,-0.65434,-0.26512,0.63274,1431.16
quat3,-0.61207,-0.19362,-0.75614,-0.12702,1431.16
quat4,-0.3602,-0.26668,-0.64239,0.62167,1431.16
quat5,-0.68767,-0.4003,-0.53246,0.28872,1431.16
quat6,-0.65337,-0.2938,-0.4383,0.54284,1431.16
quat7,-0.46828,-0.41624,-0.24205,0.74086,1431.16
quat8,-0.59255,-0.3525,-0.67594,0.26025,1431.16
quat0,-0.58266,0.24685,-0.25431,-0.73137,1431.18
quat1,0.07075,-0.67841,-0.18104,0.70851,1431.18
quat2,-0.33015,-0.64949,-0.25173,0.63702,1431.18
quat3,-0.6099,-0.18286,-0.76234,-0.11583,1431.18
quat4,-0.36225,-0.26491,-0.63166,0.63215,1431.18
quat5,-0.68495,-0.40478,-0.54123,0.27214,1431.18
quat6,-0.65668,-0.2804,-0.43594,0.54782,1431.18
quat7,-0.4787,-0.40904,-0.23658,0.73998,1431.18
quat8,-0.58596,-0.35942,-0.68092,0.25263,1431.18
quat0,-0.57698,0.25865,-0.25835,-0.73038,1431.2
quat1,0.06035,-0.67983,-0.17435,0.70978,1431.2
quat2,-0.34877,-0.64232,-0.24361,0.63753,1431.2
quat3,-0.61167,-0.16934,-0.76525,-0.10756,1431.2
quat4,-0.36845,-0.26199,-0.62112,0.64017,1431.2
quat5,-0.68144,-0.40859,-0.55065,0.25589,1431.2
quat6,-0.66519,-0.26355,-0.43427,0.54725,1431.2
quat7,-0.49107,-0.40156,-0.23264,0.73721,1431.2
quat8,-0.57827,-0.36391,-0.68788,0.24493,1431.2
quat0,-0.5709,0.27304,-0.26003,-0.72932,1431.22
quat1,0.04598,-0.68454,-0.16925,0.70757,1431.22
quat2,-0.36845,-0.63418,-0.239,0.63635,1431.22
quat3,-0.61632,-0.15386,-0.76557,-0.10192,1431.22
quat4,-0.38011,-0.25779,-0.6112,0.64459,1431.22
quat5,-0.67705,-0.41191,-0.56044,0.2405,1431.22
quat6,-0.67628,-0.24728,-0.42664,0.54724,1431.22
quat7,-0.50675,-0.39223,-0.23314,0.73144,1431.22
quat8,-0.56938,-0.36623,-0.69657,0.23766,1431.22
quat0,-0.5649,0.28795,-0.25991,-0.7283,1431.24
quat1,0.02775,-0.69187,-0.16583,0.70217,1431.24
quat2,-0.38698,-0.62725,-0.23303,0.63443,1431.24
quat3,-0.6234,-0.13721,-0.76325,-0.09996,1431.24
quat4,-0.39847,-0.25049,-0.6058,0.64147,1431.24
quat5,-0.67338,-0.41284,-0.57125,0.22315,1431.24
quat6,-0.68713,-0.23445,-0.418,0.54604,1431.24
quat7,-0.52484,-0.38306,-0.23467,0.72301,1431.24
quat8,-0.55876,-0.36711,-0.70619,0.23305,1431.24
quat0,-0.55889,0.30439,-0.25704,-0.72727,1431.26
quat1,0.00855,-0.69992,-0.16305,0.69531,1431.26
quat2,-0.40497,-0.62157,-0.22704,0.63095,1431.26
quat3,-0.63245,-0.11962,-0.75867,-0.1006,1431.26
quat4,-0.42063,-0.23977,-0.60623,0.63092,1431.26
quat5,-0.66852,-0.41323,-0.58331,0.20511,1431.26
quat6,-0.69737,-0.22565,-0.40914,0.54347,1431.26
quat7,-0.544,-0.37413,-0.2371,0.71265,1431.26
quat8,-0.54656,-0.36698,-0.71632,0.23127,1431.26
quat0,-0.55204,0.32252,-0.25042,-0.727,1431.28
quat1,-0.01004,-0.7071,-0.16098,0.68847,1431.28
quat2,-0.42231,-0.61757,-0.22029,0.62589,1431.28
quat3,-0.64262,-0.10098,-0.7526,-0.10217,1431.28
quat4,-0.44317,-0.23092,-0.60538,0.61951,1431.28
quat5,-0.66365,-0.41181,-0.59633,0.18539,1431.28
quat6,-0.70626,-0.21734,-0.40057,0.54176,1431.28
quat7,-0.56268,-0.36579,-0.24039,0.70129,1431.28
quat8,-0.53334,-0.36623,-0.72589,0.23346,1431.28
quat0,-0.5441,0.34231,-0.24073,-0.7272,1431.3
quat1,-0.02825,-0.71335,-0.1604,0.68162,1431.3
quat2,-0.43732,-0.61722,-0.21116,0.61903,1431.3
quat3,-0.65332,-0.08083,-0.74565,-0.10323,1431.3
quat4,-0.46307,-0.22699,-0.59976,0.61183,1431.3
quat5,-0.65836,-0.40812,-0.61032,0.16588,1431.3
quat6,-0.71649,-0.20944,-0.39037,0.53888,1431.3
quat7,-0.5818,-0.35751,-0.24456,0.6884,1431.3
quat8,-0.52076,-0.36107,-0.73635,0.23711,1431.3
quat0,-0.53535,0.36224,-0.22927,-0.72775,1431.32
quat1,-0.04666,-0.71918,-0.1611,0.67427,1431.32
quat2,-0.45531,-0.61765,-0.2049,0.60763,1431.32
quat3,-0.66456,-0.06046,-0.73732,-0.10522,1431.32
quat4,-0.48317,-0.2271,-0.58984,0.60585,1431.32
quat5,-0.65073,-0.40402,-0.62552,0.14844,1431.32
quat6,-0.7279,-0.20473,-0.37953,0.53311,1431.32
quat7,-0.60141,-0.35123,-0.24712,0.67371,1431.32
quat8,-0.50802,-0.35157,-0.74793,0.24272,1431.32
quat0,-0.5264,0.38141,-0.21603,-0.72853,1431.34
quat1,-0.06631,-0.72512,-0.16438,0.66542,1431.34
quat2,-0.47463,-0.61812,-0.2025,0.593,1431.34
quat3,-0.67583,-0.04081,-0.72774,-0.10943,1431.34
quat4,-0.50485,-0.22589,-0.58076,0.59734,1431.34
quat5,-0.64084,-0.40048,-0.64099,0.13445,1431.34
quat6,-0.74006,-0.2001,-0.37071,0.52426,1431.34
quat7,-0.62104,-0.34539,-0.25072,0.65738,1431.34
quat8,-0.49554,-0.33914,-0.75943,0.25039,1431.34
quat0,-0.51751,0.39877,-0.20192,-0.72965,1431.36
quat1,-0.08655,-0.73184,-0.16939,0.65439,1431.36
quat2,-0.49539,-0.6181,-0.20319,0.57555,1431.36
quat3,-0.68661,-0.02269,-0.71726,-0.11656,1431.36
quat4,-0.52826,-0.22247,-0.5742,0.58459,1431.36
quat5,-0.62991,-0.39593,-0.65664,0.12363,1431.36
quat6,-0.75375,-0.19445,-0.36324,0.51197,1431.36
quat7,-0.64017,-0.339,-0.25605,0.64007,1431.36
quat8,-0.48483,-0.32332,-0.77017,0.2593,1431.36
quat0,-0.50934,0.41438,-0.18617,-0.73089,1431.38
quat1,-0.10524,-0.73964,-0.17499,0.64128,1431.38
quat2,-0.51513,-0.61846,-0.2053,0.55678,1431.38
quat3,-0.69665,-0.00501,-0.70618,-0.12631,1431.38
quat4,-0.55055,-0.21876,-0.56933,0.57,1431.38
quat5,-0.61735,-0.39054,-0.67292,0.11636,1431.38
quat6,-0.76793,-0.18922,-0.35772,0.49651,1431.38
quat7,-0.65812,-0.3331,-0.26277,0.62199,1431.38
quat8,-0.47743,-0.30342,-0.78069,0.26556,1431.38
quat0,-0.50204,0.42781,-0.16985,-0.73218,1431.4
quat1,-0.12223,-0.74855,-0.18086,0.62611,1431.4
quat2,-0.53379,-0.61943,-0.20879,0.53645,1431.4
quat3,-0.70596,0.01226,-0.6945,-0.13837,1431.4
quat4,-0.57148,-0.21638,-0.5657,0.5537,1431.4
quat5,-0.60554,-0.38325,-0.68853,0.11123,1431.4
quat6,-0.78194,-0.18373,-0.35348,0.47944,1431.4
quat7,-0.67486,-0.32937,-0.2685,0.60331,1431.4
quat8,-0.47291,-0.28229,-0.78989,0.26969,1431.4
quat0,-0.49602,0.43892,-0.15248,-0.73353,1431.42
quat1,-0.13695,-0.75768,-0.18737,0.60996,1431.42
quat2,-0.55198,-0.6199,-0.2142,0.51494,1431.42
quat3,-0.71456,0.02758,-0.68255,-0.15088,1431.42
quat4,-0.59058,-0.21579,-0.56233,0.53707,1431.42
quat5,-0.59388,-0.37505,-0.70332,0.10949,1431.42
quat6,-0.7954,-0.17673,-0.35259,0.4602,1431.42
quat7,-0.6893,-0.32697,-0.27239,0.58631,1431.42
quat8,-0.47143,-0.25973,-0.7984,0.2699,1431.42
quat0,-0.49134,0.44683,-0.13546,-0.73524,1431.44
quat1,-0.14932,-0.76657,-0.19451,0.5935,1431.44
quat2,-0.56923,-0.62042,-0.22096,0.49217,1431.44
quat3,-0.7222,0.03908,-0.67096,-0.16341,1431.44
quat4,-0.60836,-0.21719,-0.55888,0.51998,1431.44
quat5,-0.58356,-0.36556,-0.71679,0.10971,1431.44
quat6,-0.80806,-0.16957,-0.35283,0.44022,1431.44
quat7,-0.70105,-0.32813,-0.27463,0.57048,1431.44
quat8,-0.47171,-0.23856,-0.80472,0.27018,1431.44
quat0,-0.488,0.45187,-0.11755,-0.73747,1431.46
quat1,-0.15845,-0.7751,-0.20305,0.57696,1431.46
quat2,-0.58405,-0.62104,-0.22879,0.46995,1431.46
quat3,-0.72885,0.04699,-0.65994,-0.17621,1431.46
quat4,-0.62441,-0.21773,-0.55773,0.50163,1431.46
quat5,-0.57397,-0.35621,-0.72871,0.11249,1431.46
quat6,-0.81934,-0.1631,-0.3542,0.42027,1431.46
quat7,-0.71076,-0.32999,-0.27736,0.55588,1431.46
quat8,-0.47428,-0.21782,-0.80931,0.2695,1431.46
quat0,-0.48626,0.45387,-0.10017,-0.73995,1431.48
quat1,-0.16442,-0.78322,-0.21294,0.56053,1431.48
quat2,-0.59715,-0.6223,-0.23617,0.44763,1431.48
quat3,-0.73438,0.05189,-0.6495,-0.1901,1431.48
quat4,-0.63847,-0.21778,-0.55957,0.48146,1431.48
quat5,-0.56547,-0.34849,-0.73808,0.11842,1431.48
quat6,-0.82936,-0.15751,-0.35543,0.40128,1431.48
quat7,-0.7184,-0.33231,-0.28132,0.54252,1431.48
quat8,-0.47941,-0.1982,-0.81142,0.26924,1431.48
quat0,-0.48687,0.45203,-0.08359,-0.74272,1431.5
quat1,-0.16619,-0.79073,-0.22354,0.54512,1431.5
quat2,-0.60819,-0.62379,-0.2437,0.42615,1431.5
quat3,-0.73949,0.05323,-0.63908,-0.20472,1431.5
quat4,-0.64895,-0.22029,-0.5619,0.46326,1431.5
quat5,-0.55848,-0.34169,-0.74499,0.12779,1431.5
quat6,-0.83763,-0.15269,-0.35893,0.3824,1431.5
quat7,-0.72448,-0.33504,-0.28732,0.52946,1431.5
quat8,-0.48651,-0.17931,-0.81255,0.26632,1431.5
quat0,-0.48894,0.44785,-0.06676,-0.7456,1431.52
quat1,-0.16401,-0.79758,-0.23446,0.53104,1431.52
quat2,-0.61768,-0.62557,-0.25125,0.40499,1431.52
quat3,-0.74434,0.04944,-0.62918,-0.21828,1431.52
quat4,-0.65509,-0.22878,-0.56327,0.44859,1431.52
quat5,-0.55532,-0.33298,-0.74971,0.13665,1431.52
quat6,-0.84416,-0.14967,-0.3641,0.36389,1431.52
quat7,-0.72847,-0.33879,-0.29478,0.51736,1431.52
quat8,-0.49476,-0.16034,-0.81236,0.26376,1431.52
quat0,-0.49319,0.44027,-0.05094,-0.74855,1431.54
quat1,-0.15721,-0.80374,-0.24529,0.51876,1431.54
quat2,-0.62497,-0.628,-0.25771,0.38551,1431.54
quat3,-0.74867,0.04055,-0.6202,-0.23065,1431.54
quat4,-0.65813,-0.24175,-0.56386,0.43644,1431.54
quat5,-0.55616,-0.32207,-0.75245,0.14417,1431.54
quat6,-0.84905,-0.14762,-0.37084,0.34613,1431.54
quat7,-0.731,-0.34273,-0.30357,0.50598,1431.54
quat8,-0.50466,-0.14356,-0.80913,0.2646,1431.54
quat0,-0.49928,0.43002,-0.03615,-0.75132,1431.56
quat1,-0.14588,-0.80906,-0.25589,0.50859,1431.56
quat2,-0.62865,-0.6321,-0.26364,0.36842,1431.56
quat3,-0.7513,0.02833,-0.61282,-0.2433,1431.56
quat4,-0.65883,-0.25598,-0.56706,0.42291,1431.56
quat5,-0.56105,-0.30934,-0.75313,0.14943,1431.56
quat6,-0.85169,-0.14718,-0.37962,0.32993,1431.56
quat7,-0.73253,-0.34574,-0.31518,0.4945,1431.56
quat8,-0.51613,-0.1266,-0.8049,0.26405,1431.56
quat0,-0.50685,0.41753,-0.02188,-0.75385,1431.58
quat1,-0.13093,-0.81361,-0.26595,0.50016,1431.58
quat2,-0.63029,-0.63654,-0.26908,0.35377,1431.58
quat3,-0.75292,0.01363,-0.60638,-0.2554,1431.58
quat4,-0.65669,-0.27115,-0.57252,0.40922,1431.58
quat5,-0.56895,-0.29618,-0.75161,0.15382,1431.58
quat6,-0.85243,-0.14797,-0.38965,0.31565,1431.58
quat7,-0.73199,-0.34876,-0.32821,0.48459,1431.58
quat8,-0.5297,-0.10917,-0.7993,0.26194,1431.58
quat0,-0.51571,0.4031,-0.0089,-0.75596,1431.6
quat1,-0.11404,-0.81681,-0.27598,0.49361,1431.6
quat2,-0.63087,-0.64032,-0.27558,0.34066,1431.6
quat3,-0.75383,-0.00356,-0.60074,-0.26614,1431.6
quat4,-0.65104,-0.28912,-0.57894,0.39671,1431.6
quat5,-0.57965,-0.28315,-0.74772,0.15729,1431.6
quat6,-0.85127,-0.14946,-0.40189,0.30246,1431.6
quat7,-0.72834,-0.35396,-0.34137,0.47718,1431.6
quat8,-0.54537,-0.09124,-0.79212,0.25845,1431.6
quat0,-0.52578,0.38654,0.00162,-0.75772,1431.62
quat1,-0.0954,-0.81918,-0.28404,0.48905,1431.62
quat2,-0.63061,-0.64259,-0.28367,0.33007,1431.62
quat3,-0.75381,-0.0237,-0.59604,-0.27558,1431.62
quat4,-0.64228,-0.30735,-0.58669,0.38576,1431.62
quat5,-0.59214,-0.27074,-0.74161,0.1615,1431.62
quat6,-0.84824,-0.15188,-0.41554,0.29112,1431.62
quat7,-0.72205,-0.36016,-0.35456,0.47245,1431.62
quat8,-0.56255,-0.07308,-0.78365,0.25316,1431.62
quat0,-0.53643,0.36847,0.00849,-0.75921,1431.64
quat1,-0.07394,-0.8206,-0.28952,0.48716,1431.64
quat2,-0.62684,-0.64523,-0.29276,0.3241,1431.64
quat3,-0.7521,-0.04608,-0.59309,-0.28367,1431.64
quat4,-0.63041,-0.32577,-0.59568,0.37634,1431.64
quat5,-0.60588,-0.25942,-0.7332,0.1674,1431.64
quat6,-0.84281,-0.15738,-0.43078,0.28164,1431.64
quat7,-0.71265,-0.36777,-0.36756,0.47094,1431.64
quat8,-0.58007,-0.05664,-0.77379,0.24813,1431.64
quat0,-0.5474,0.34898,0.01111,-0.76056,1431.66
quat1,-0.05028,-0.8208,-0.29354,0.48743,1431.66
quat2,-0.61947,-0.6485,-0.30205,0.3232,1431.66
quat3,-0.7488,-0.07011,-0.59159,-0.29054,1431.66
quat4,-0.61621,-0.34194,-0.60581,0.36927,1431.66
quat5,-0.62016,-0.25089,-0.722,0.17656,1431.66
quat6,-0.83588,-0.16443,-0.44567,0.27503,1431.66
quat7,-0.70078,-0.37725,-0.3784,0.47266,1431.66
quat8,-0.59732,-0.04317,-0.76249,0.24486,1431.66
quat0,-0.55815,0.3287,0.00983,-0.76179,1431.68
quat1,-0.02701,-0.81931,-0.29717,0.48958,1431.68
quat2,-0.61019,-0.65074,-0.31274,0.32618,1431.68
quat3,-0.74417,-0.0944,-0.59159,-0.29549,1431.68
quat4,-0.59905,-0.35526,-0.61723,0.36601,1431.68
quat5,-0.63529,-0.24401,-0.70854,0.18662,1431.68
quat6,-0.82693,-0.17323,-0.4611,0.27123,1431.68
quat7,-0.68568,-0.38837,-0.39002,0.47633,1431.68
quat8,-0.61318,-0.03373,-0.75053,0.24409,1431.68
quat0,-0.56828,0.30869,0.00486,-0.76272,1431.7
quat1,-0.0045,-0.81616,-0.29997,0.49384,1431.7
quat2,-0.60025,-0.65095,-0.32509,0.33209,1431.7
quat3,-0.73837,-0.11832,-0.59287,-0.29884,1431.7
quat4,-0.57942,-0.36713,-0.62818,0.36726,1431.7
quat5,-0.6512,-0.23973,-0.6922,0.1983,1431.7
quat6,-0.81688,-0.18308,-0.47587,0.26969,1431.7
quat7,-0.66761,-0.40063,-0.40283,0.48117,1431.7
quat8,-0.62779,-0.03038,-0.73682,0.24909,1431.7
quat0,-0.5773,0.29025,-0.00287,-0.7632,1431.72
quat1,0.01722,-0.81078,-0.30185,0.50122,1431.72
quat2,-0.58816,-0.65093,-0.33776,0.34099,1431.72
quat3,-0.73106,-0.1408,-0.59619,-0.30046,1431.72
quat4,-0.55777,-0.37646,-0.63927,0.37216,1431.72
quat5,-0.66615,-0.24077,-0.67273,0.21379,1431.72
quat6,-0.80586,-0.19342,-0.48974,0.27082,1431.72
quat7,-0.64838,-0.41121,-0.41711,0.48635,1431.72
quat8,-0.64053,-0.03296,-0.72219,0.259,1431.72
quat0,-0.58495,0.27317,-0.01276,-0.76357,1431.74
quat1,0.03861,-0.80349,-0.30154,0.51185,1431.74
quat2,-0.56975,-0.65474,-0.34741,0.35498,1431.74
quat3,-0.72219,-0.16084,-0.60219,-0.29988,1431.74
quat4,-0.53636,-0.38299,-0.64961,0.37901,1431.74
quat5,-0.67916,-0.24792,-0.65052,0.2326,1431.74
quat6,-0.79358,-0.20468,-0.50192,0.27643,1431.74
quat7,-0.62981,-0.41855,-0.43109,0.49226,1431.74
quat8,-0.65028,-0.03929,-0.71002,0.26734,1431.74
quat0,-0.59089,0.2586,-0.02427,-0.7638,1431.76
quat1,0.05864,-0.79412,-0.29934,0.52567,1431.76
quat2,-0.54556,-0.66108,-0.35456,0.37367,1431.76
quat3,-0.71213,-0.17821,-0.611,-0.29629,1431.76
quat4,-0.51546,-0.38629,-0.65936,0.38772,1431.76
quat5,-0.69098,-0.25684,-0.6272,0.25138,1431.76
quat6,-0.77912,-0.21907,-0.51217,0.28752,1431.76
quat7,-0.6112,-0.42377,-0.44125,0.50216,1431.76
quat8,-0.65807,-0.04888,-0.70044,0.27191,1431.76
quat0,-0.59508,0.2463,-0.03675,-0.76411,1431.78
quat1,0.07594,-0.78348,-0.29546,0.54138,1431.78
quat2,-0.51703,-0.66925,-0.35785,0.3959,1431.78
quat3,-0.70156,-0.1927,-0.62153,-0.29048,1431.78
quat4,-0.49718,-0.38489,-0.66856,0.39711,1431.78
quat5,-0.70198,-0.26532,-0.60437,0.26751,1431.78
quat6,-0.76407,-0.23734,-0.51757,0.3033,1431.78
quat7,-0.59317,-0.42823,-0.44419,0.51716,1431.78
quat8,-0.66122,-0.06257,-0.6954,0.27439,1431.78
quat0,-0.59741,0.23731,-0.04888,-0.76445,1431.8
quat1,0.08966,-0.7727,-0.29014,0.55741,1431.8
quat2,-0.48285,-0.67922,-0.35666,0.42227,1431.8
quat3,-0.69078,-0.20432,-0.63338,-0.28268,1431.8
quat4,-0.48024,-0.37903,-0.67577,0.41114,1431.8
quat5,-0.71204,-0.27069,-0.58471,0.279,1431.8
quat6,-0.74748,-0.2601,-0.51833,0.32397,1431.8
quat7,-0.57662,-0.43205,-0.44162,0.53462,1431.8
quat8,-0.66271,-0.08741,-0.68511,0.28948,1431.8
quat0,-0.59859,0.23072,-0.06137,-0.76465,1431.82
quat1,0.09882,-0.76229,-0.28515,0.57256,1431.82
quat2,-0.44972,-0.68697,-0.35121,0.44997,1431.82
quat3,-0.68063,-0.21324,-0.64578,-0.27246,1431.82
quat4,-0.46463,-0.37133,-0.67717,0.43321,1431.82
quat5,-0.71842,-0.27846,-0.56742,0.29045,1431.82
quat6,-0.73163,-0.28334,-0.51326,0.34785,1431.82
quat7,-0.56102,-0.43754,-0.42958,0.55613,1431.82
quat8,-0.66063,-0.11061,-0.68075,0.2965,1431.82
quat0,-0.59873,0.22674,-0.07342,-0.76467,1431.84
quat1,0.10435,-0.75248,-0.2807,0.5866,1431.84
quat2,-0.42476,-0.6874,-0.34715,0.47597,1431.84
quat3,-0.67177,-0.21685,-0.65787,-0.26251,1431.84
quat4,-0.45108,-0.36008,-0.67402,0.46104,1431.84
quat5,-0.71812,-0.29557,-0.55022,0.30691,1431.84
quat6,-0.71579,-0.30222,-0.50561,0.37505,1431.84
quat7,-0.54469,-0.44742,-0.40803,0.5802,1431.84
quat8,-0.65436,-0.13593,-0.68033,0.30082,1431.84
quat0,-0.59825,0.22492,-0.08587,-0.76429,1431.86
quat1,0.10705,-0.74317,-0.27662,0.59977,1431.86
quat2,-0.40514,-0.68472,-0.34283,0.49948,1431.86
quat3,-0.66519,-0.21494,-0.66878,-0.25309,1431.86
quat4,-0.44192,-0.34733,-0.66836,0.4872,1431.86
quat5,-0.71253,-0.32196,-0.52983,0.32851,1431.86
quat6,-0.70073,-0.31544,-0.49708,0.40298,1431.86
quat7,-0.53357,-0.45123,-0.38286,0.60425,1431.86
quat8,-0.64594,-0.16667,-0.67915,0.30616,1431.86
quat0,-0.59736,0.2255,-0.0982,-0.76333,1431.88
quat1,0.10772,-0.73508,-0.2726,0.61135,1431.88
quat2,-0.38416,-0.68224,-0.33419,0.52469,1431.88
quat3,-0.65976,-0.20797,-0.67984,-0.2435,1431.88
quat4,-0.43475,-0.33308,-0.66435,0.50862,1431.88
quat5,-0.70529,-0.34721,-0.51401,0.34323,1431.88
quat6,-0.68724,-0.32586,-0.48593,0.43056,1431.88
quat7,-0.52697,-0.44899,-0.35971,0.62555,1431.88
quat8,-0.63693,-0.19959,-0.67822,0.30741,1431.88
quat0,-0.59669,0.22828,-0.11197,-0.76112,1431.9
quat1,0.10621,-0.72797,-0.26843,0.62187,1431.9
quat2,-0.36177,-0.68233,-0.31901,0.54935,1431.9
quat3,-0.65515,-0.19885,-0.69089,-0.23219,1431.9
quat4,-0.42984,-0.3176,-0.66378,0.52322,1431.9
quat5,-0.69991,-0.36605,-0.50519,0.34775,1431.9
quat6,-0.67524,-0.3371,-0.46991,0.45782,1431.9
quat7,-0.52094,-0.44256,-0.34034,0.6457,1431.9
quat8,-0.62942,-0.23317,-0.67658,0.30282,1431.9
quat0,-0.59622,0.23227,-0.12706,-0.75791,1431.92
quat1,0.10344,-0.72166,-0.26239,0.63218,1431.92
quat2,-0.3433,-0.6816,-0.30172,0.57142,1431.92
quat3,-0.65065,-0.1905,-0.70215,-0.21759,1431.92
quat4,-0.42458,-0.30283,-0.66457,0.53513,1431.92
quat5,-0.69552,-0.38188,-0.50065,0.34608,1431.92
quat6,-0.66651,-0.3424,-0.45374,0.48233,1431.92
quat7,-0.5135,-0.43351,-0.32539,0.66522,1431.92
quat8,-0.62281,-0.26255,-0.67571,0.29426,1431.92
quat0,-0.59597,0.23698,-0.14355,-0.75369,1431.94
quat1,0.09913,-0.71677,-0.25336,0.64204,1431.94
quat2,-0.33095,-0.67877,-0.28632,0.58971,1431.94
quat3,-0.64615,-0.18493,-0.71277,-0.20063,1431.94
quat4,-0.41818,-0.2908,-0.66557,0.54551,1431.94
quat5,-0.69231,-0.39609,-0.49859,0.33945,1431.94
quat6,-0.65939,-0.34207,-0.44536,0.49984,1431.94
quat7,-0.50616,-0.4242,-0.31548,0.68142,1431.94
quat8,-0.61696,-0.28868,-0.67481,0.28398,1431.94
quat0,-0.59576,0.24212,-0.16064,-0.74877,1431.96
quat1,0.0939,-0.71311,-0.24172,0.65132,1431.96
quat2,-0.32326,-0.67428,-0.27225,0.60559,1431.96
quat3,-0.64189,-0.18124,-0.72246,-0.18216,1431.96
quat4,-0.41063,-0.28116,-0.66422,0.55781,1431.96
quat5,-0.6897,-0.40803,-0.49908,0.32977,1431.96
quat6,-0.65566,-0.33316,-0.44224,0.51336,1431.96
quat7,-0.50037,-0.41545,-0.30447,0.69594,1431.96
quat8,-0.61164,-0.31007,-0.67362,0.27565,1431.96
quat0,-0.59477,0.24829,-0.17775,-0.74364,1431.98
quat1,0.08762,-0.71051,-0.22797,0.65995,1431.98
quat2,-0.32102,-0.66803,-0.2602,0.61885,1431.98
quat3,-0.63795,-0.17729,-0.73116,-0.16431,1431.98
quat4,-0.4031,-0.27452,-0.65957,0.57194,1431.98
quat5,-0.68599,-0.41946,-0.50151,0.31931,1431.98
quat6,-0.65364,-0.32237,-0.43789,0.52639,1431.98
quat7,-0.4956,-0.40913,-0.2907,0.70886,1431.98
quat8,-0.60461,-0.32962,-0.67372,0.26813,1431.98
quat0,-0.59299,0.25595,-0.19321,-0.73859,1432.0
quat1,0.08021,-0.7089,-0.21329,0.66748,1432.0
quat2,-0.32292,-0.66101,-0.2495,0.62971,1432.0
quat3,-0.63442,-0.17138,-0.73904,-0.1482,1432.0
quat4,-0.39753,-0.26909,-0.65254,0.58631,1432.0
quat5,-0.68233,-0.43024,-0.50458,0.30775,1432.0
quat6,-0.65407,-0.30978,-0.43444,0.53618,1432.0
quat7,-0.4932,-0.40467,-0.27626,0.7188,1432.0
quat8,-0.5972,-0.34569,-0.67464,0.26214,1432.0
quat0,-0.59032,0.26574,-0.20613,-0.73377,1432.02
quat1,0.07101,-0.70797,-0.1994,0.67378,1432.02
quat2,-0.32932,-0.65304,-0.24139,0.63782,1432.02
quat3,-0.63171,-0.16325,-0.74579,-0.1345,1432.02
quat4,-0.39548,-0.26519,-0.64346,0.59936,1432.02
quat5,-0.67909,-0.43881,-0.50966,0.29416,1432.02
quat6,-0.65533,-0.29985,-0.42874,0.54481,1432.02
quat7,-0.49616,-0.39794,-0.26583,0.72443,1432.02
quat8,-0.59076,-0.35669,-0.677,0.25584,1432.02
quat0,-0.58688,0.27729,-0.21634,-0.7293,1432.04
quat1,0.06011,-0.70789,-0.18676,0.67853,1432.04
quat2,-0.3364,-0.64657,-0.23187,0.64422,1432.04
quat3,-0.6302,-0.15309,-0.75121,-0.1229,1432.04
quat4,-0.39712,-0.26316,-0.63202,0.61122,1432.04
quat5,-0.6755,-0.44566,-0.51739,0.27821,1432.04
quat6,-0.65642,-0.29221,-0.4203,0.55414,1432.04
quat7,-0.502,-0.39055,-0.25749,0.72744,1432.04
quat8,-0.58158,-0.36657,-0.68196,0.24964,1432.04
quat0,-0.58322,0.2899,-0.22304,-0.7253,1432.06
quat1,0.04725,-0.70863,-0.17628,0.68157,1432.06
quat2,-0.34489,-0.64186,-0.22222,0.64783,1432.06
quat3,-0.63043,-0.14172,-0.75486,-0.11253,1432.06
quat4,-0.40186,-0.26279,-0.6187,0.62183,1432.06
quat5,-0.6722,-0.45052,-0.5263,0.26112,1432.06
quat6,-0.65792,-0.28586,-0.41076,0.56277,1432.06
quat7,-0.50939,-0.38477,-0.25166,0.72742,1432.06
quat8,-0.57248,-0.37277,-0.68866,0.24303,1432.06
quat0,-0.57923,0.30326,-0.22691,-0.72183,1432.08
quat1,0.03332,-0.71079,-0.16725,0.68242,1432.08
quat2,-0.35538,-0.63879,-0.21254,0.64844,1432.08
quat3,-0.63286,-0.12909,-0.75633,-0.10387,1432.08
quat4,-0.40885,-0.26487,-0.60359,0.63116,1432.08
quat5,-0.66971,-0.45166,-0.53718,0.24277,1432.08
quat6,-0.66237,-0.27905,-0.40066,0.56821,1432.08
quat7,-0.52029,-0.37994,-0.24796,0.72351,1432.08
quat8,-0.56258,-0.37582,-0.69708,0.23735,1432.08
quat0,-0.57543,0.31725,-0.22663,-0.71894,1432.1
quat1,0.01954,-0.7139,-0.15983,0.68149,1432.1
quat2,-0.36894,-0.63665,-0.20385,0.64576,1432.1
quat3,-0.63777,-0.11524,-0.75529,-0.09752,1432.1
quat4,-0.41892,-0.26668,-0.59111,0.63559,1432.1
quat5,-0.66658,-0.45066,-0.5496,0.22478,1432.1
quat6,-0.66912,-0.27237,-0.39082,0.5704,1432.1
quat7,-0.53301,-0.37587,-0.2443,0.71759,1432.1
quat8,-0.55247,-0.37588,-0.70628,0.23378,1432.1
quat0,-0.57123,0.33191,-0.22325,-0.71672,1432.12
quat1,0.00525,-0.71867,-0.15469,0.6779,1432.12
quat2,-0.38535,-0.63501,-0.19661,0.64001,1432.12
quat3,-0.64521,-0.10092,-0.75152,-0.0935,1432.12
quat4,-0.43069,-0.26978,-0.57805,0.63843,1432.12
quat5,-0.66272,-0.4474,-0.56372,0.207,1432.12
quat6,-0.67806,-0.26555,-0.3819,0.56909,1432.12
quat7,-0.54754,-0.37143,-0.24146,0.70988,1432.12
quat8,-0.53964,-0.37554,-0.71564,0.23584,1432.12
quat0,-0.56644,0.34732,-0.21643,-0.71531,1432.14
quat1,-0.00957,-0.72562,-0.15136,0.67118,1432.14
quat2,-0.40281,-0.63474,-0.18975,0.63154,1432.14
quat3,-0.65473,-0.08638,-0.74534,-0.09128,1432.14
quat4,-0.44549,-0.27355,-0.56683,0.63672,1432.14
quat5,-0.65801,-0.44192,-0.57941,0.18979,1432.14
quat6,-0.68952,-0.25808,-0.37488,0.56341,1432.14
quat7,-0.5641,-0.36821,-0.24138,0.69854,1432.14
quat8,-0.52722,-0.3725,-0.72467,0.24112,1432.14
quat0,-0.56109,0.36297,-0.20684,-0.7146,1432.16
quat1,-0.02526,-0.73414,-0.15008,0.66172,1432.16
quat2,-0.42207,-0.63578,-0.18416,0.61946,1432.16
quat3,-0.66594,-0.07196,-0.73693,-0.09104,1432.16
quat4,-0.46427,-0.27442,-0.56041,0.62856,1432.16
quat5,-0.65189,-0.43451,-0.59684,0.1733,1432.16
quat6,-0.7038,-0.24999,-0.36855,0.55348,1432.16
quat7,-0.58307,-0.36404,-0.24461,0.68386,1432.16
quat8,-0.51592,-0.3643,-0.7348,0.24736,1432.16
quat0,-0.55526,0.37866,-0.19423,-0.71455,1432.18
quat1,-0.04103,-0.7433,-0.15122,0.65034,1432.18
quat2,-0.44316,-0.6375,-0.18156,0.60352,1432.18
quat3,-0.67774,-0.05745,-0.72699,-0.09408,1432.18
quat4,-0.48492,-0.27412,-0.55654,0.61642,1432.18
quat5,-0.6434,-0.42599,-0.61589,0.15891,1432.18
quat6,-0.71955,-0.24128,-0.36466,0.53949,1432.18
quat7,-0.60237,-0.35797,-0.252,0.66746,1432.18
quat8,-0.50577,-0.35115,-0.74562,0.25483,1432.18
quat0,-0.54918,0.39358,-0.17938,-0.71507,1432.2
quat1,-0.05706,-0.75316,-0.15405,0.63699,1432.2
quat2,-0.4659,-0.63974,-0.18208,0.58354,1432.2
quat3,-0.68968,-0.04337,-0.71573,-0.10097,1432.2
quat4,-0.50786,-0.27205,-0.5542,0.60078,1432.2
quat5,-0.6344,-0.41507,-0.63562,0.14572,1432.2
quat6,-0.7364,-0.233,-0.36189,0.52198,1432.2
quat7,-0.62077,-0.35312,-0.26058,0.64965,1432.2
quat8,-0.49736,-0.33522,-0.75569,0.26307,1432.2
quat0,-0.54295,0.40778,-0.16213,-0.71598,1432.22
quat1,-0.07229,-0.76375,-0.15864,0.62152,1432.22
quat2,-0.48906,-0.64167,-0.18627,0.56071,1432.22
quat3,-0.70125,-0.02916,-0.70344,-0.11212,1432.22
quat4,-0.53129,-0.26793,-0.55513,0.58118,1432.22
quat5,-0.62347,-0.40297,-0.65617,0.13546,1432.22
quat6,-0.75386,-0.22384,-0.36124,0.50109,1432.22
quat7,-0.63826,-0.34677,-0.27109,0.63158,1432.22
quat8,-0.49191,-0.31506,-0.76523,0.27053,1432.22
quat0,-0.53716,0.41984,-0.14308,-0.71744,1432.24
quat1,-0.08671,-0.77464,-0.16476,0.60438,1432.24
quat2,-0.5128,-0.64272,-0.19426,0.53499,1432.24
quat3,-0.71141,-0.01491,-0.69093,-0.12765,1432.24
quat4,-0.55524,-0.26587,-0.55594,0.55852,1432.24
quat5,-0.61172,-0.3904,-0.67567,0.12985,1432.24
quat6,-0.77118,-0.21373,-0.36269,0.47756,1432.24
quat7,-0.65391,-0.3444,-0.27886,0.61321,1432.24
quat8,-0.49038,-0.29092,-0.77443,0.27416,1432.24
quat0,-0.53239,0.42952,-0.12257,-0.71906,1432.26
quat1,-0.09962,-0.7855,-0.17275,0.58586,1432.26
quat2,-0.53597,-0.64204,-0.20561,0.50818,1432.26
quat3,-0.71896,-0.00277,-0.67989,-0.14439,1432.26
quat4,-0.57919,-0.26307,-0.55809,0.53279,1432.26
quat5,-0.59897,-0.37913,-0.69329,0.12977,1432.26
quat6,-0.78748,-0.20223,-0.3654,0.45328,1432.26
quat7,-0.66747,-0.34491,-0.28435,0.59554,1432.26
quat8,-0.49144,-0.26549,-0.78214,0.27614,1432.26
quat0,-0.52898,0.43625,-0.10103,-0.72087,1432.28
quat1,-0.11076,-0.79604,-0.18217,0.56645,1432.28
quat2,-0.55805,-0.64053,-0.21865,0.4801,1432.28
quat3,-0.72567,0.00535,-0.66936,-0.15915,1432.28
quat4,-0.59998,-0.26194,-0.56134,0.50628,1432.28
quat5,-0.58741,-0.36859,-0.70813,0.13284,1432.28
quat6,-0.80194,-0.19268,-0.36867,0.42879,1432.28
quat7,-0.67791,-0.34957,-0.28884,0.57863,1432.28
quat8,-0.49516,-0.23937,-0.78849,0.27532,1432.28
quat0,-0.52775,0.43933,-0.079,-0.72266,1432.3
quat1,-0.11869,-0.8056,-0.1924,0.54764,1432.3
quat2,-0.57772,-0.63827,-0.23287,0.45235,1432.3
quat3,-0.73255,0.01029,-0.65805,-0.17387,1432.3
quat4,-0.61431,-0.26848,-0.56226,0.48414,1432.3
quat5,-0.57947,-0.35583,-0.72025,0.13728,1432.3
quat6,-0.81359,-0.18574,-0.37338,0.40516,1432.3
quat7,-0.68529,-0.35613,-0.29393,0.56317,1432.3
quat8,-0.50104,-0.21264,-0.79322,0.27301,1432.3
quat0,-0.52904,0.4381,-0.05876,-0.72438,1432.32
quat1,-0.12208,-0.81448,-0.20274,0.52973,1432.32
quat2,-0.59393,-0.63703,-0.246,0.42535,1432.32
quat3,-0.73876,0.01184,-0.64653,-0.18997,1432.32
quat4,-0.62354,-0.28156,-0.5623,0.46448,1432.32
quat5,-0.57608,-0.34137,-0.72893,0.14233,1432.32
quat6,-0.8227,-0.18257,-0.37879,0.38255,1432.32
quat7,-0.68977,-0.36406,-0.30062,0.54891,1432.32
quat8,-0.50955,-0.18531,-0.79583,0.26959,1432.32
quat0,-0.53336,0.43254,-0.0421,-0.72571,1432.34
quat1,-0.11991,-0.82221,-0.21349,0.51383,1432.34
quat2,-0.60479,-0.63805,-0.2565,0.40166,1432.34
quat3,-0.74438,0.00857,-0.63536,-0.20531,1432.34
quat4,-0.62968,-0.29664,-0.56316,0.44537,1432.34
quat5,-0.57662,-0.32633,-0.73415,0.14848,1432.34
quat6,-0.82899,-0.18112,-0.38576,0.36215,1432.34
quat7,-0.69263,-0.37117,-0.3103,0.53499,1432.34
quat8,-0.51997,-0.15737,-0.79667,0.26492,1432.34
quat0,-0.5402,0.42286,-0.02854,-0.72702,1432.36
quat1,-0.11184,-0.82862,-0.22434,0.50056,1432.36
quat2,-0.61036,-0.64168,-0.26539,0.38114,1432.36
quat3,-0.74945,-0.00055,-0.62497,-0.21851,1432.36
quat4,-0.63205,-0.31231,-0.56685,0.42621,1432.36
quat5,-0.58065,-0.3122,-0.73565,0.15557,1432.36
quat6,-0.83276,-0.18066,-0.39428,0.34411,1432.36
quat7,-0.69331,-0.37777,-0.32175,0.52258,1432.36
quat8,-0.53257,-0.13001,-0.79482,0.26025,1432.36
quat0,-0.54902,0.40943,-0.01613,-0.72848,1432.38
quat1,-0.09884,-0.83361,-0.23403,0.49047,1432.38
quat2,-0.61268,-0.64543,-0.27415,0.36452,1432.38
quat3,-0.7533,-0.01502,-0.61569,-0.23072,1432.38
quat4,-0.62922,-0.33007,-0.57221,0.40953,1432.38
quat5,-0.58699,-0.30007,-0.73365,0.16482,1432.38
quat6,-0.83371,-0.18149,-0.40517,0.32837,1432.38
quat7,-0.69201,-0.38337,-0.33454,0.51208,1432.38
quat8,-0.54699,-0.10519,-0.78983,0.25672,1432.38
quat0,-0.55892,0.39359,-0.00624,-0.72984,1432.4
quat1,-0.08187,-0.83698,-0.24303,0.48341,1432.4
quat2,-0.61262,-0.64809,-0.28339,0.35265,1432.4
quat3,-0.75546,-0.03233,-0.6079,-0.24226,1432.4
quat4,-0.62218,-0.34791,-0.58001,0.39425,1432.4
quat5,-0.59753,-0.28781,-0.72855,0.17126,1432.4
quat6,-0.8317,-0.18381,-0.41773,0.3162,1432.4
quat7,-0.68797,-0.38822,-0.34891,0.50423,1432.4
quat8,-0.56251,-0.08555,-0.78207,0.2542,1432.4
quat0,-0.56988,0.37394,-8e-05,-0.73172,1432.42
quat1,-0.06109,-0.83823,-0.25168,0.47989,1432.42
quat2,-0.61006,-0.65019,-0.29233,0.34587,1432.42
quat3,-0.75544,-0.05303,-0.60219,-0.25273,1432.42
quat4,-0.6122,-0.36363,-0.59002,0.38061,1432.42
quat5,-0.61135,-0.27539,-0.72056,0.17667,1432.42
quat6,-0.8273,-0.18766,-0.43127,0.30719,1432.42
quat7,-0.6806,-0.39319,-0.36282,0.50055,1432.42
quat8,-0.57847,-0.06898,-0.77264,0.25227,1432.42
quat0,-0.58109,0.35165,0.002,-0.73394,1432.44
quat1,-0.03756,-0.83683,-0.25972,0.48046,1432.44
quat2,-0.60382,-0.65272,-0.30221,0.34355,1432.44
quat3,-0.75294,-0.07653,-0.59918,-0.26117,1432.44
quat4,-0.59949,-0.37649,-0.60204,0.36934,1432.44
quat5,-0.62692,-0.26421,-0.70962,0.18332,1432.44
quat6,-0.82026,-0.19318,-0.44675,0.30045,1432.44
quat7,-0.66899,-0.40046,-0.37715,0.49985,1432.44
quat8,-0.59448,-0.0574,-0.76179,0.25093,1432.44
quat0,-0.59157,0.32781,-0.00087,-0.73661,1432.46
quat1,-0.01207,-0.83298,-0.26564,0.48523,1432.46
quat2,-0.59546,-0.65436,-0.31359,0.34482,1432.46
quat3,-0.74818,-0.10194,-0.5985,-0.26765,1432.46
quat4,-0.58502,-0.38688,-0.61457,0.36108,1432.46
quat5,-0.64327,-0.25612,-0.69541,0.19237,1432.46
quat6,-0.81152,-0.19998,-0.46249,0.29589,1432.46
quat7,-0.65277,-0.41156,-0.39257,0.5004,1432.46
quat8,-0.60967,-0.05077,-0.74894,0.25459,1432.46
quat0,-0.60066,0.30463,-0.00707,-0.73916,1432.48
quat1,0.0137,-0.82644,-0.27096,0.49335,1432.48
quat2,-0.58309,-0.6559,-0.32663,0.35087,1432.48
quat3,-0.7415,-0.12678,-0.60024,-0.2717,1432.48
quat4,-0.56819,-0.39475,-0.62771,0.35681,1432.48
quat5,-0.65902,-0.25284,-0.6778,0.2058,1432.48
quat6,-0.8,-0.21055,-0.47833,0.29474,1432.48
quat7,-0.63458,-0.42375,-0.40845,0.50091,1432.48
quat8,-0.62449,-0.04595,-0.73554,0.25862,1432.48
quat0,-0.60845,0.28314,-0.01568,-0.74119,1432.5
quat1,0.03887,-0.81769,-0.27531,0.50405,1432.5
quat2,-0.56495,-0.65947,-0.33859,0.36234,1432.5
quat3,-0.73318,-0.15004,-0.60416,-0.27372,1432.5
quat4,-0.54774,-0.40267,-0.63943,0.35913,1432.5
quat5,-0.67284,-0.25588,-0.65673,0.22477,1432.5
quat6,-0.78587,-0.22489,-0.49267,0.29851,1432.5
quat7,-0.61624,-0.43433,-0.4225,0.50309,1432.5
quat8,-0.63744,-0.0432,-0.72363,0.26111,1432.5
quat0,-0.61441,0.26429,-0.02675,-0.74293,1432.52
quat1,0.06344,-0.80689,-0.27782,0.51742,1432.52
quat2,-0.53877,-0.66679,-0.34807,0.37942,1432.52
quat3,-0.72382,-0.17115,-0.60996,-0.27338,1432.52
quat4,-0.52498,-0.40937,-0.64985,0.36675,1432.52
quat5,-0.68529,-0.26346,-0.63351,0.24418,1432.52
quat6,-0.76829,-0.2438,-0.50488,0.30884,1432.52
quat7,-0.5974,-0.44231,-0.43477,0.50838,1432.52
quat8,-0.64729,-0.04542,-0.71324,0.26502,1432.52
quat0,-0.61844,0.24799,-0.03916,-0.74464,1432.54
quat1,0.08666,-0.79455,-0.27753,0.53305,1432.54
quat2,-0.50761,-0.67616,-0.35448,0.39936,1432.54
quat3,-0.71325,-0.19024,-0.61768,-0.27122,1432.54
quat4,-0.50399,-0.4121,-0.65938,0.376,1432.54
quat5,-0.69713,-0.26865,-0.61152,0.26055,1432.54
quat6,-0.75,-0.26511,-0.51262,0.32316,1432.54
quat7,-0.57961,-0.44681,-0.44262,0.51817,1432.54
quat8,-0.65429,-0.05465,-0.70477,0.26873,1432.54
quat0,-0.62073,0.23385,-0.05153,-0.74656,1432.56
quat1,0.10673,-0.78098,-0.27508,0.55046,1432.56
quat2,-0.46971,-0.68748,-0.35691,0.42352,1432.56
quat3,-0.70135,-0.20654,-0.62724,-0.26835,1432.56
quat4,-0.48859,-0.40479,-0.67017,0.3851,1432.56
quat5,-0.70503,-0.27667,-0.59049,0.27877,1432.56
quat6,-0.73077,-0.28887,-0.51669,0.33996,1432.56
quat7,-0.56163,-0.45,-0.44343,0.53427,1432.56
quat8,-0.65567,-0.07512,-0.6962,0.28241,1432.56
quat0,-0.62159,0.22256,-0.06437,-0.7483,1432.58
quat1,0.12224,-0.76774,-0.27168,0.56729,1432.58
quat2,-0.4302,-0.69662,-0.35614,0.45035,1432.58
quat3,-0.68943,-0.21921,-0.63726,-0.26559,1432.58
quat4,-0.47663,-0.39134,-0.67962,0.39723,1432.58
quat5,-0.71009,-0.28808,-0.56923,0.29791,1432.58
quat6,-0.71237,-0.31397,-0.51415,0.36001,1432.58
quat7,-0.54336,-0.4537,-0.43517,0.55637,1432.58
quat8,-0.65431,-0.10633,-0.68542,0.30128,1432.58
quat0,-0.62108,0.2148,-0.07607,-0.74989,1432.6
quat1,0.13299,-0.7552,-0.26917,0.58269,1432.6
quat2,-0.39635,-0.69802,-0.35716,0.47761,1432.6
quat3,-0.67915,-0.2276,-0.64662,-0.26235,1432.6
quat4,-0.46154,-0.37665,-0.68561,0.41839,1432.6
quat5,-0.71185,-0.30466,-0.54663,0.31884,1432.6
quat6,-0.69456,-0.33613,-0.50403,0.38802,1432.6
quat7,-0.52305,-0.46117,-0.4146,0.58468,1432.6
quat8,-0.64656,-0.1418,-0.68005,0.31524,1432.6
quat0,-0.62014,0.21026,-0.08637,-0.75084,1432.62
quat1,0.13984,-0.74395,-0.26713,0.59634,1432.62
quat2,-0.36689,-0.69535,-0.35882,0.50313,1432.62
quat3,-0.67136,-0.23125,-0.65558,-0.25695,1432.62
quat4,-0.44335,-0.36237,-0.68607,0.44881,1432.62
quat5,-0.71042,-0.32478,-0.52495,0.33799,1432.62
quat6,-0.6717,-0.35876,-0.49729,0.4157,1432.62
quat7,-0.5029,-0.47101,-0.38864,0.61171,1432.62
quat8,-0.63752,-0.17604,-0.68066,0.31509,1432.62
quat0,-0.61891,0.20779,-0.09716,-0.75123,1432.64
quat1,0.14357,-0.73378,-0.26575,0.60855,1432.64
quat2,-0.33551,-0.69382,-0.35394,0.52989,1432.64
quat3,-0.66509,-0.23087,-0.66518,-0.24879,1432.64
quat4,-0.42662,-0.3492,-0.67977,0.4837,1432.64
quat5,-0.70393,-0.34794,-0.50811,0.35388,1432.64
quat6,-0.65022,-0.37596,-0.48797,0.44471,1432.64
quat7,-0.48878,-0.47778,-0.35319,0.63881,1432.64
quat8,-0.62832,-0.20628,-0.68298,0.31018,1432.64
quat0,-0.61753,0.20583,-0.10969,-0.75117,1432.66
quat1,0.14568,-0.7243,-0.26562,0.61936,1432.66
quat2,-0.30032,-0.69921,-0.33383,0.5563,1432.66
quat3,-0.6587,-0.22745,-0.67572,-0.24039,1432.66
quat4,-0.41585,-0.3357,-0.67363,0.51049,1432.66
quat5,-0.69865,-0.36407,-0.5003,0.35922,1432.66
quat6,-0.63661,-0.38886,-0.47265,0.46917,1432.66
quat7,-0.48092,-0.48195,-0.31905,0.65928,1432.66
quat8,-0.62024,-0.23891,-0.68172,0.30573,1432.66
quat0,-0.61645,0.20471,-0.124,-0.75014,1432.68
quat1,0.14631,-0.71542,-0.26659,0.62904,1432.68
quat2,-0.27282,-0.70369,-0.3075,0.57952,1432.68
quat3,-0.65224,-0.22222,-0.68652,-0.23214,1432.68
quat4,-0.40939,-0.31758,-0.67655,0.52327,1432.68
quat5,-0.69201,-0.38137,-0.49595,0.36016,1432.68
quat6,-0.63255,-0.39606,-0.45009,0.49035,1432.68
quat7,-0.47472,-0.47531,-0.30153,0.67661,1432.68
quat8,-0.61432,-0.26978,-0.67989,0.29594,1432.68
quat0,-0.61599,0.20516,-0.13901,-0.74776,1432.7
quat1,0.14556,-0.70777,-0.26625,0.63795,1432.7
quat2,-0.26739,-0.70091,-0.28817,0.59513,1432.7
quat3,-0.64576,-0.21705,-0.69724,-0.223,1432.7
quat4,-0.40211,-0.30059,-0.68429,0.52887,1432.7
quat5,-0.68465,-0.40077,-0.49391,0.35593,1432.7
quat6,-0.63239,-0.39111,-0.43275,0.50975,1432.7
quat7,-0.46282,-0.45985,-0.29356,0.69868,1432.7
quat8,-0.60938,-0.30181,-0.67339,0.29002,1432.7
quat0,-0.61578,0.20738,-0.15344,-0.74449,1432.72
quat1,0.14597,-0.70209,-0.26081,0.64633,1432.72
quat2,-0.27161,-0.69341,-0.27325,0.60889,1432.72
quat3,-0.63897,-0.21506,-0.70833,-0.20913,1432.72
quat4,-0.39143,-0.28844,-0.68772,0.5391,1432.72
quat5,-0.67835,-0.41855,-0.49423,0.34697,1432.72
quat6,-0.62938,-0.37962,-0.4267,0.52697,1432.72
quat7,-0.45114,-0.44695,-0.28939,0.71621,1432.72
quat8,-0.60438,-0.32957,-0.66812,0.28234,1432.72
quat0,-0.61522,0.21099,-0.16783,-0.74083,1432.74
quat1,0.14704,-0.69801,-0.24893,0.65513,1432.74
quat2,-0.27198,-0.6869,-0.25288,0.62469,1432.74
quat3,-0.6327,-0.21468,-0.71859,-0.19296,1432.74
quat4,-0.37984,-0.28044,-0.68458,0.55536,1432.74
quat5,-0.67402,-0.43294,-0.49684,0.33378,1432.74
quat6,-0.62511,-0.3645,-0.4269,0.54234,1432.74
quat7,-0.44375,-0.44278,-0.27843,0.72768,1432.74
quat8,-0.59878,-0.35133,-0.66559,0.27389,1432.74
quat0,-0.61381,0.21509,-0.18295,-0.73723,1432.76
quat1,0.14615,-0.69549,-0.23262,0.66394,1432.76
quat2,-0.27164,-0.68178,-0.2313,0.63866,1432.76
quat3,-0.62698,-0.21241,-0.72767,-0.17962,1432.76
quat4,-0.37037,-0.27414,-0.67666,0.57429,1432.76
quat5,-0.67021,-0.4442,-0.50145,0.31947,1432.76
quat6,-0.62505,-0.34348,-0.43122,0.55261,1432.76
quat7,-0.44338,-0.43773,-0.26077,0.73743,1432.76
quat8,-0.59159,-0.36975,-0.66572,0.26481,1432.76
quat0,-0.61125,0.22057,-0.19762,-0.73394,1432.78
quat1,0.13865,-0.69436,-0.21704,0.67196,1432.78
quat2,-0.27983,-0.6744,-0.2188,0.64731,1432.78
quat3,-0.62106,-0.20743,-0.73655,-0.16954,1432.78
quat4,-0.36587,-0.26928,-0.66523,0.59254,1432.78
quat5,-0.66687,-0.4536,-0.50733,0.30357,1432.78
quat6,-0.62893,-0.32341,-0.43134,0.56018,1432.78
quat7,-0.4465,-0.42943,-0.24975,0.74421,1432.78
quat8,-0.58314,-0.38515,-0.66789,0.25598,1432.78
quat0,-0.60759,0.22875,-0.21008,-0.73101,1432.8
quat1,0.12567,-0.69434,-0.20467,0.67839,1432.8
quat2,-0.29327,-0.66568,-0.21057,0.65308,1432.8
quat3,-0.61577,-0.19957,-0.74531,-0.15975,1432.8
quat4,-0.36691,-0.26327,-0.65404,0.60688,1432.8
quat5,-0.66341,-0.46254,-0.51336,0.28707,1432.8
quat6,-0.63617,-0.30447,-0.42546,0.56707,1432.8
quat7,-0.45086,-0.41751,-0.24667,0.74937,1432.8
quat8,-0.57391,-0.39741,-0.67156,0.24839,1432.8
quat0,-0.60345,0.23986,-0.2189,-0.72828,1432.82
quat1,0.11088,-0.69394,-0.1955,0.68406,1432.82
quat2,-0.30801,-0.65766,-0.20279,0.65687,1432.82
quat3,-0.61335,-0.18917,-0.75247,-0.14767,1432.82
quat4,-0.36682,-0.26198,-0.63763,0.62469,1432.82
quat5,-0.65803,-0.47224,-0.52021,0.27085,1432.82
quat6,-0.64186,-0.29353,-0.41753,0.5723,1432.82
quat7,-0.45842,-0.40523,-0.24631,0.75165,1432.82
quat8,-0.56505,-0.40619,-0.67707,0.23941,1432.82
quat0,-0.59844,0.25394,-0.22432,-0.72599,1432.84
quat1,0.09651,-0.69411,-0.18711,0.68839,1432.84
quat2,-0.32352,-0.65024,-0.19592,0.65889,1432.84
quat3,-0.61534,-0.17585,-0.75657,-0.13428,1432.84
quat4,-0.37223,-0.25966,-0.6263,0.63385,1432.84
quat5,-0.65242,-0.48049,-0.52833,0.25368,1432.84
quat6,-0.64472,-0.28887,-0.40576,0.57987,1432.84
quat7,-0.47161,-0.39711,-0.24311,0.74885,1432.84
quat8,-0.5549,-0.41387,-0.68343,0.23178,1432.84
quat0,-0.59295,0.26967,-0.22697,-0.72399,1432.86
quat1,0.08104,-0.6961,-0.17987,0.69031,1432.86
quat2,-0.33946,-0.64453,-0.18952,0.65835,1432.86
quat3,-0.62129,-0.16035,-0.75729,-0.12165,1432.86
quat4,-0.38482,-0.2508,-0.62807,0.62813,1432.86
quat5,-0.64804,-0.48533,-0.53826,0.23404,1432.86
quat6,-0.64774,-0.28392,-0.39273,0.58787,1432.86
quat7,-0.48652,-0.38848,-0.24053,0.74466,1432.86
quat8,-0.54415,-0.41923,-0.69096,0.2252,1432.86
quat0,-0.58739,0.28563,-0.22783,-0.72213,1432.88
quat1,0.06362,-0.69968,-0.174,0.69001,1432.88
quat2,-0.35375,-0.6418,-0.18009,0.65614,1432.88
quat3,-0.62982,-0.14338,-0.755,-0.11287,1432.88
quat4,-0.40002,-0.24224,-0.62851,0.62151,1432.88
quat5,-0.64496,-0.48553,-0.5504,0.21295,1432.88
quat6,-0.6554,-0.27543,-0.38203,0.59047,1432.88
quat7,-0.5023,-0.38108,-0.23964,0.73827,1432.88
quat8,-0.53202,-0.42356,-0.69888,0.2216,1432.88
quat0,-0.58202,0.30174,-0.22599,-0.72051,1432.9
quat1,0.046,-0.7044,-0.16888,0.68788,1432.9
quat2,-0.36975,-0.6406,-0.1701,0.65114,1432.9
quat3,-0.63982,-0.12615,-0.75035,-0.10818,1432.9
quat4,-0.41679,-0.23605,-0.62632,0.61505,1432.9
quat5,-0.63922,-0.48547,-0.56394,0.19412,1432.9
quat6,-0.66596,-0.26497,-0.37322,0.58906,1432.9
quat7,-0.51947,-0.37355,-0.2408,0.72981,1432.9
quat8,-0.5188,-0.42534,-0.7078,0.22125,1432.9
quat0,-0.5763,0.31763,-0.22155,-0.71966,1432.92
quat1,0.02859,-0.71011,-0.16513,0.68386,1432.92
quat2,-0.38771,-0.64002,-0.16512,0.64249,1432.92
quat3,-0.65037,-0.10982,-0.74402,-0.10675,1432.92
quat4,-0.43433,-0.23324,-0.62014,0.61023,1432.92
quat5,-0.63365,-0.48323,-0.57794,0.17598,1432.92
quat6,-0.67734,-0.25699,-0.36664,0.58373,1432.92
quat7,-0.53735,-0.36773,-0.24232,0.71925,1432.92
quat8,-0.50444,-0.42385,-0.71787,0.22486,1432.92
quat0,-0.57018,0.33314,-0.21435,-0.7197,1432.94
quat1,0.01198,-0.71693,-0.16267,0.67779,1432.94
quat2,-0.4069,-0.6396,-0.16346,0.63137,1432.94
quat3,-0.66071,-0.09515,-0.73693,-0.10652,1432.94
quat4,-0.45253,-0.23388,-0.61092,0.60604,1432.94
quat5,-0.62659,-0.47883,-0.59347,0.16096,1432.94
quat6,-0.69026,-0.25021,-0.36076,0.57514,1432.94
quat7,-0.55619,-0.36263,-0.24517,0.70643,1432.94
quat8,-0.49106,-0.41748,-0.72879,0.23117,1432.94
quat0,-0.56395,0.34743,-0.20474,-0.72065,1432.96
quat1,-0.00474,-0.72499,-0.16256,0.66929,1432.96
quat2,-0.42745,-0.63885,-0.16406,0.61826,1432.96
quat3,-0.67086,-0.08089,-0.72902,-0.10927,1432.96
quat4,-0.47293,-0.23567,-0.60181,0.59885,1432.96
quat5,-0.61723,-0.47636,-0.60782,0.15057,1432.96
quat6,-0.7038,-0.24383,-0.35738,0.56346,1432.96
quat7,-0.57514,-0.35846,-0.2497,0.69165,1432.96
quat8,-0.48063,-0.40657,-0.73953,0.23831,1432.96
quat0,-0.55805,0.36015,-0.1933,-0.72216,1432.98
quat1,-0.02061,-0.73386,-0.16605,0.65837,1432.98
quat2,-0.44611,-0.63763,-0.16837,0.60504,1432.98
quat3,-0.68016,-0.06697,-0.72082,-0.11539,1432.98
quat4,-0.49363,-0.23583,-0.59789,0.58587,1432.98
quat5,-0.60819,-0.47249,-0.62151,0.14349,1432.98
quat6,-0.71708,-0.23645,-0.35699,0.54995,1432.98
quat7,-0.59315,-0.35431,-0.25535,0.67634,1432.98
quat8,-0.47239,-0.39386,-0.74892,0.24667,1432.98
quat0,-0.55253,0.37092,-0.18047,-0.72426,1433.0
quat1,-0.03538,-0.74193,-0.17306,0.64679,1433.0
quat2,-0.4638,-0.63699,-0.175,0.59034,1433.0
quat3,-0.68819,-0.05417,-0.71273,-0.12441,1433.0
quat4,-0.51294,-0.2361,-0.59578,0.57114,1433.0
quat5,-0.60018,-0.46798,-0.63343,0.13983,1433.0
quat6,-0.72954,-0.22998,-0.35848,0.53513,1433.0
quat7,-0.60853,-0.35213,-0.25993,0.66192,1433.0
quat8,-0.46661,-0.38017,-0.75672,0.25519,1433.0
quat0,-0.54758,0.37941,-0.16599,-0.72709,1433.02
quat1,-0.04796,-0.74862,-0.18223,0.63565,1433.02
quat2,-0.48095,-0.63626,-0.18436,0.57434,1433.02
quat3,-0.69537,-0.04233,-0.70446,-0.13571,1433.02
quat4,-0.52965,-0.23713,-0.59499,0.55608,1433.02
quat5,-0.5931,-0.46312,-0.64351,0.14018,1433.02
quat6,-0.74039,-0.22452,-0.36171,0.52017,1433.02
quat7,-0.62081,-0.35179,-0.26466,0.64869,1433.02
quat8,-0.4628,-0.36566,-0.76296,0.2646,1433.02
quat0,-0.54372,0.38529,-0.15064,-0.73023,1433.04
quat1,-0.05815,-0.75471,-0.19208,0.62461,1433.04
quat2,-0.49627,-0.63625,-0.19426,0.55783,1433.04
quat3,-0.70166,-0.03318,-0.69611,-0.14833,1433.04
quat4,-0.5457,-0.23791,-0.59575,0.53916,1433.04
quat5,-0.58578,-0.45881,-0.65203,0.14564,1433.04
quat6,-0.75036,-0.21788,-0.36568,0.50572,1433.04
quat7,-0.63134,-0.3523,-0.27073,0.63561,1433.04
quat8,-0.46227,-0.3498,-0.76779,0.27285,1433.04
quat0,-0.5406,0.38969,-0.13384,-0.73347,1433.06
quat1,-0.06527,-0.7602,-0.20201,0.61403,1433.06
quat2,-0.50651,-0.63961,-0.2021,0.54175,1433.06
quat3,-0.70732,-0.02687,-0.68763,-0.16167,1433.06
quat4,-0.56098,-0.2387,-0.59707,0.52137,1433.06
quat5,-0.57916,-0.4524,-0.6608,0.15248,1433.06
quat6,-0.75995,-0.21164,-0.37,0.49069,1433.06
quat7,-0.64091,-0.35326,-0.27819,0.62213,1433.06
quat8,-0.46524,-0.33089,-0.77229,0.27863,1433.06
quat0,-0.53778,0.39324,-0.11672,-0.73656,1433.08
quat1,-0.07042,-0.76568,-0.21204,0.60317,1433.08
quat2,-0.51411,-0.64679,-0.20811,0.5235,1433.08
quat3,-0.71207,-0.02241,-0.67937,-0.17584,1433.08
quat4,-0.5746,-0.24229,-0.59767,0.50391,1433.08
quat5,-0.57454,-0.44231,-0.67046,0.15731,1433.08
quat6,-0.76973,-0.20785,-0.37461,0.47327,1433.08
quat7,-0.64932,-0.35655,-0.2852,0.60821,1433.08
quat8,-0.47122,-0.30909,-0.77637,0.28225,1433.08
quat0,-0.53569,0.39567,-0.09915,-0.73936,1433.1
quat1,-0.07395,-0.77151,-0.22227,0.59153,1433.1
quat2,-0.52337,-0.65381,-0.21647,0.50175,1433.1
quat3,-0.71728,-0.02026,-0.6703,-0.1892,1433.1
quat4,-0.58586,-0.24998,-0.59618,0.48872,1433.1
quat5,-0.57122,-0.42822,-0.68155,0.16068,1433.1
quat6,-0.78026,-0.20513,-0.38026,0.45224,1433.1
quat7,-0.65751,-0.36068,-0.29237,0.59338,1433.1
quat8,-0.47899,-0.28517,-0.78031,0.2835,1433.1
quat0,-0.53392,0.39746,-0.08132,-0.74186,1433.12
quat1,-0.07601,-0.77814,-0.23172,0.57881,1433.12
quat2,-0.53351,-0.66097,-0.22669,0.47655,1433.12
quat3,-0.72272,-0.02006,-0.66081,-0.20152,1433.12
quat4,-0.59579,-0.26148,-0.59423,0.47281,1433.12
quat5,-0.56866,-0.41059,-0.69381,0.16333,1433.12
quat6,-0.79221,-0.2041,-0.38491,0.42732,1433.12
quat7,-0.66554,-0.36636,-0.29937,0.57725,1433.12
quat8,-0.48822,-0.25945,-0.78443,0.28107,1433.12
quat0,-0.53273,0.39849,-0.06334,-0.74391,1433.14
quat1,-0.07648,-0.78592,-0.24072,0.56439,1433.14
quat2,-0.54375,-0.66746,-0.23727,0.45004,1433.14
quat3,-0.72839,-0.021,-0.65092,-0.21287,1433.14
quat4,-0.60423,-0.27594,-0.59217,0.45618,1433.14
quat5,-0.5671,-0.38915,-0.70694,0.1649,1433.14
quat6,-0.80429,-0.20281,-0.39038,0.39949,1433.14
quat7,-0.67358,-0.37249,-0.30719,0.55962,1433.14
quat8,-0.49794,-0.23177,-0.7876,0.27933,1433.14
quat0,-0.53268,0.39868,-0.04515,-0.74516,1433.16
quat1,-0.07514,-0.79525,-0.24949,0.54743,1433.16
quat2,-0.55385,-0.67326,-0.2479,0.42251,1433.16
quat3,-0.73411,-0.02277,-0.64067,-0.22385,1433.16
quat4,-0.61102,-0.29266,-0.59071,0.43825,1433.16
quat5,-0.56656,-0.36612,-0.71933,0.16593,1433.16
quat6,-0.81556,-0.20061,-0.3974,0.36972,1433.16
quat7,-0.68102,-0.37854,-0.3176,0.54042,1433.16
quat8,-0.50922,-0.20374,-0.78897,0.27696,1433.16
quat0,-0.53386,0.39766,-0.02662,-0.74576,1433.18
quat1,-0.07339,-0.80509,-0.25841,0.52884,1433.18
quat2,-0.5656,-0.67513,-0.25975,0.39602,1433.18
quat3,-0.74006,-0.02531,-0.62974,-0.23472,1433.18
quat4,-0.6148,-0.31144,-0.58948,0.42137,1433.18
quat5,-0.56741,-0.34321,-0.72958,0.16723,1433.18
quat6,-0.82508,-0.19456,-0.40726,0.3399,1433.18
quat7,-0.68766,-0.38268,-0.33078,0.52084,1433.18
quat8,-0.52171,-0.17461,-0.78906,0.27333,1433.18
quat0,-0.53646,0.39499,-0.00913,-0.74573,1433.2
quat1,-0.07106,-0.81472,-0.26706,0.50976,1433.2
quat2,-0.57799,-0.67397,-0.27245,0.37077,1433.2
quat3,-0.74602,-0.02912,-0.61833,-0.24552,1433.2
quat4,-0.61462,-0.33351,-0.58802,0.4065,1433.2
quat5,-0.57007,-0.32265,-0.7364,0.16924,1433.2
quat6,-0.83295,-0.18676,-0.41731,0.31172,1433.2
quat7,-0.69321,-0.38504,-0.34612,0.50139,1433.2
quat8,-0.53498,-0.14581,-0.78795,0.26772,1433.2
quat0,-0.54057,0.3906,0.00635,-0.7451,1433.22
quat1,-0.06826,-0.82318,-0.27522,0.4919,1433.22
quat2,-0.58973,-0.67015,-0.28499,0.34915,1433.22
quat3,-0.75094,-0.03431,-0.60735,-0.25698,1433.22
quat4,-0.61092,-0.35619,-0.58757,0.39327,1433.22
quat5,-0.57482,-0.30525,-0.73972,0.17092,1433.22
quat6,-0.83815,-0.18027,-0.42593,0.28912,1433.22
quat7,-0.69713,-0.38568,-0.36179,0.48412,1433.22
quat8,-0.54876,-0.11742,-0.78559,0.26063,1433.22
quat0,-0.54579,0.38301,0.01987,-0.745,1433.24
quat1,-0.06444,-0.82987,-0.28244,0.47685,1433.24
quat2,-0.5981,-0.66663,-0.29594,0.33211,1433.24
quat3,-0.75405,-0.04134,-0.59821,-0.26804,1433.24
quat4,-0.60543,-0.37631,-0.58961,0.37974,1433.24
quat5,-0.5815,-0.29176,-0.7395,0.17286,1433.24
quat6,-0.84013,-0.17784,-0.43289,0.27417,1433.24
quat7,-0.69803,-0.38734,-0.37622,0.47029,1433.24
quat8,-0.56221,-0.09261,-0.78103,0.25562,1433.24
quat0,-0.55199,0.37086,0.03051,-0.74622,1433.26
quat1,-0.05769,-0.83393,-0.28847,0.46692,1433.26
quat2,-0.60069,-0.66545,-0.30444,0.32198,1433.26
quat3,-0.75516,-0.05081,-0.59168,-0.2776,1433.26
quat4,-0.59864,-0.39195,-0.59383,0.36793,1433.26
quat5,-0.59072,-0.28144,-0.73586,0.17421,1433.26
quat6,-0.83902,-0.18045,-0.43819,0.26733,1433.26
quat7,-0.6959,-0.38913,-0.38852,0.4619,1433.26
quat8,-0.575,-0.07485,-0.77479,0.25195,1433.26
quat0,-0.55881,0.35558,0.03707,-0.74828,1433.28
quat1,-0.04638,-0.83507,-0.29338,0.46307,1433.28
quat2,-0.59808,-0.66604,-0.31127,0.31907,1433.28
quat3,-0.7548,-0.06304,-0.58735,-0.28518,1433.28
quat4,-0.59105,-0.4018,-0.60096,0.35786,1433.28
quat5,-0.60127,-0.27441,-0.72938,0.17656,1433.28
quat6,-0.83465,-0.18732,-0.44381,0.26702,1433.28
quat7,-0.68881,-0.39436,-0.39928,0.45891,1433.28
quat8,-0.58692,-0.0627,-0.76708,0.25137,1433.28
quat0,-0.56603,0.33742,0.03783,-0.75122,1433.3
quat1,-0.03108,-0.83327,-0.29689,0.46535,1433.3
quat2,-0.59167,-0.66721,-0.31727,0.32264,1433.3
quat3,-0.75252,-0.0766,-0.58565,-0.29131,1433.3
quat4,-0.58398,-0.40327,-0.61251,0.3481,1433.3
quat5,-0.61348,-0.26985,-0.72001,0.18003,1433.3
quat6,-0.82753,-0.19493,-0.45144,0.27092,1433.3
quat7,-0.67775,-0.40279,-0.40746,0.46087,1433.3
quat8,-0.59827,-0.05595,-0.75897,0.25083,1433.3
quat0,-0.57321,0.3172,0.03344,-0.75478,1433.32
quat1,-0.01383,-0.82873,-0.29997,0.47227,1433.32
quat2,-0.58185,-0.66792,-0.32507,0.33116,1433.32
quat3,-0.74858,-0.09075,-0.58627,-0.29611,1433.32
quat4,-0.576,-0.40019,-0.62459,0.34344,1433.32
quat5,-0.62649,-0.26795,-0.70799,0.18562,1433.32
quat6,-0.81763,-0.20217,-0.46149,0.27863,1433.32
quat7,-0.66395,-0.41153,-0.41353,0.46777,1433.32
quat8,-0.60819,-0.05514,-0.75112,0.25078,1433.32
quat0,-0.57997,0.29691,0.02422,-0.75821,1433.34
quat1,0.00352,-0.82183,-0.30228,0.48292,1433.34
quat2,-0.57004,-0.66827,-0.33387,0.34204,1433.34
quat3,-0.74311,-0.10514,-0.58916,-0.29937,1433.34
quat4,-0.5656,-0.39503,-0.63565,0.34642,1433.34
quat5,-0.63996,-0.26916,-0.69307,0.19409,1433.34
quat6,-0.80677,-0.2107,-0.47097,0.28795,1433.34
quat7,-0.64837,-0.41889,-0.41772,0.47923,1433.34
quat8,-0.61651,-0.05877,-0.74386,0.25127,1433.34
quat0,-0.58607,0.27844,0.01165,-0.76082,1433.36
quat1,0.02034,-0.81311,-0.30398,0.49602,1433.36
quat2,-0.55518,-0.66845,-0.3436,0.35622,1433.36
quat3,-0.73629,-0.11972,-0.59444,-0.3003,1433.36
quat4,-0.55181,-0.39048,-0.64486,0.35663,1433.36
quat5,-0.65276,-0.27338,-0.67603,0.20531,1433.36
quat6,-0.79378,-0.22095,-0.48161,0.29856,1433.36
quat7,-0.63107,-0.42522,-0.42014,0.49439,1433.36
quat8,-0.62253,-0.06888,-0.73603,0.25687,1433.36
quat0,-0.59089,0.26199,-0.00339,-0.76302,1433.38
quat1,0.03674,-0.80279,-0.30463,0.51126,1433.38
quat2,-0.53714,-0.67002,-0.35153,0.3728,1433.38
quat3,-0.72793,-0.13456,-0.6024,-0.29854,1433.38
quat4,-0.53605,-0.38721,-0.6525,0.37007,1433.38
quat5,-0.66541,-0.2799,-0.6568,0.21794,1433.38
quat6,-0.77979,-0.23412,-0.48974,0.31189,1433.38
quat7,-0.61355,-0.43025,-0.42003,0.51188,1433.38
quat8,-0.62743,-0.08588,-0.7268,0.26593,1433.38
quat0,-0.59413,0.24841,-0.0196,-0.7648,1433.4
quat1,0.05416,-0.79087,-0.30339,0.52871,1433.4
quat2,-0.51376,-0.67427,-0.35679,0.39258,1433.4
quat3,-0.71815,-0.14782,-0.6132,-0.29392,1433.4
quat4,-0.52132,-0.37933,-0.66175,0.38265,1433.4
quat5,-0.67663,-0.28761,-0.63707,0.2315,1433.4
quat6,-0.76342,-0.25212,-0.49642,0.32739,1433.4
quat7,-0.59635,-0.43115,-0.41869,0.53214,1433.4
quat8,-0.6307,-0.1087,-0.718,0.27365,1433.4
quat0,-0.596,0.23634,-0.03701,-0.76652,1433.42
quat1,0.0714,-0.77799,-0.30018,0.54729,1433.42
quat2,-0.48812,-0.67826,-0.36083,0.41412,1433.42
quat3,-0.70731,-0.15928,-0.62636,-0.28639,1433.42
quat4,-0.50838,-0.36621,-0.67303,0.39303,1433.42
quat5,-0.68479,-0.29738,-0.61775,0.24702,1433.42
quat6,-0.74654,-0.27381,-0.49863,0.34507,1433.42
quat7,-0.5785,-0.43025,-0.41464,0.55525,1433.42
quat8,-0.62972,-0.13574,-0.71197,0.2795,1433.42
quat0,-0.59649,0.2278,-0.05455,-0.76768,1433.44
quat1,0.0859,-0.76537,-0.29605,0.56496,1433.44
quat2,-0.46061,-0.6801,-0.36526,0.43806,1433.44
quat3,-0.69602,-0.16836,-0.64056,-0.27729,1433.44
quat4,-0.49387,-0.35193,-0.68398,0.40547,1433.44
quat5,-0.68955,-0.30959,-0.59974,0.26266,1433.44
quat6,-0.72969,-0.29608,-0.49599,0.36589,1433.44
quat7,-0.55825,-0.43015,-0.40569,0.58201,1433.44
quat8,-0.62605,-0.16969,-0.70172,0.2947,1433.44
quat0,-0.59583,0.22232,-0.07205,-0.76836,1433.46
quat1,0.09673,-0.7535,-0.29132,0.58138,1433.46
quat2,-0.43412,-0.67929,-0.36838,0.46303,1433.46
quat3,-0.6851,-0.17397,-0.65482,-0.26755,1433.46
quat4,-0.47628,-0.33868,-0.69206,0.42367,1433.46
quat5,-0.69311,-0.32388,-0.58226,0.2751,1433.46
quat6,-0.71323,-0.31816,-0.48925,0.38822,1433.46
quat7,-0.53459,-0.43616,-0.3886,0.61071,1433.46
quat8,-0.62054,-0.20843,-0.69366,0.30054,1433.46
quat0,-0.59486,0.21895,-0.08862,-0.76834,1433.48
quat1,0.10411,-0.74262,-0.28584,0.59663,1433.48
quat2,-0.41052,-0.67426,-0.37084,0.48922,1433.48
quat3,-0.67452,-0.17572,-0.66925,-0.25738,1433.48
quat4,-0.45648,-0.32848,-0.69353,0.45027,1433.48
quat5,-0.69874,-0.33353,-0.56824,0.2786,1433.48
quat6,-0.69875,-0.33223,-0.48195,0.41122,1433.48
quat7,-0.51168,-0.44795,-0.36533,0.63565,1433.48
quat8,-0.61484,-0.23633,-0.69116,0.29736,1433.48
quat0,-0.59379,0.21723,-0.10624,-0.76742,1433.5
quat1,0.10864,-0.7327,-0.27858,0.61134,1433.5
quat2,-0.38847,-0.66923,-0.36884,0.51496,1433.5
quat3,-0.6639,-0.1748,-0.68343,-0.2482,1433.5
quat4,-0.43835,-0.32187,-0.69018,0.4774,1433.5
quat5,-0.69928,-0.34816,-0.55639,0.28324,1433.5
quat6,-0.68485,-0.33932,-0.47728,0.43365,1433.5
quat7,-0.49692,-0.4637,-0.33297,0.65359,1433.5
quat8,-0.60878,-0.26146,-0.69005,0.29129,1433.5
quat0,-0.59248,0.21703,-0.12352,-0.76591,1433.52
quat1,0.11072,-0.72367,-0.26992,0.62545,1433.52
quat2,-0.36382,-0.66743,-0.3576,0.54248,1433.52
quat3,-0.65295,-0.17319,-0.69799,-0.23763,1433.52
quat4,-0.42293,-0.31374,-0.68757,0.49995,1433.52
quat5,-0.69504,-0.36934,-0.54534,0.28828,1433.52
quat6,-0.67262,-0.33819,-0.47414,0.4565,1433.52
quat7,-0.49062,-0.47117,-0.30268,0.66759,1433.52
quat8,-0.60303,-0.28402,-0.69012,0.28184,1433.52
quat0,-0.59094,0.21858,-0.14132,-0.76357,1433.54
quat1,0.10949,-0.71551,-0.26143,0.63853,1433.54
quat2,-0.34182,-0.66578,-0.3414,0.56863,1433.54
quat3,-0.64261,-0.17113,-0.71251,-0.22382,1433.54
quat4,-0.40939,-0.30605,-0.68423,0.52015,1433.54
quat5,-0.68651,-0.39478,-0.53493,0.29446,1433.54
quat6,-0.66312,-0.33618,-0.46614,0.47954,1433.54
quat7,-0.48478,-0.46636,-0.28552,0.68262,1433.54
quat8,-0.59717,-0.30771,-0.68855,0.27314,1433.54
quat0,-0.58917,0.22134,-0.15898,-0.76067,1433.56
quat1,0.10544,-0.70851,-0.25176,0.65078,1433.56
quat2,-0.32405,-0.6626,-0.32438,0.59222,1433.56
quat3,-0.63347,-0.16879,-0.72624,-0.20687,1433.56
quat4,-0.39734,-0.30036,-0.67894,0.53939,1433.56
quat5,-0.67612,-0.42104,-0.52622,0.2978,1433.56
quat6,-0.65523,-0.33318,-0.45573,0.50197,1433.56
quat7,-0.47831,-0.45175,-0.28111,0.69865,1433.56
quat8,-0.59103,-0.33059,-0.68646,0.26488,1433.56
quat0,-0.5871,0.22571,-0.17542,-0.75737,1433.58
quat1,0.09932,-0.70244,-0.2398,0.66273,1433.58
quat2,-0.31416,-0.65787,-0.30821,0.61115,1433.58
quat3,-0.62637,-0.16481,-0.73768,-0.1906,1433.58
quat4,-0.38828,-0.29543,-0.67271,0.55626,1433.58
quat5,-0.66906,-0.44125,-0.52105,0.29354,1433.58
quat6,-0.64508,-0.33379,-0.44506,0.52381,1433.58
quat7,-0.47495,-0.43605,-0.2823,0.71034,1433.58
quat8,-0.5849,-0.35053,-0.68561,0.25489,1433.58
quat0,-0.58493,0.23147,-0.19132,-0.75344,1433.6
quat1,0.09128,-0.69777,-0.22629,0.67349,1433.6
quat2,-0.31066,-0.65187,-0.2942,0.6261,1433.6
quat3,-0.62099,-0.15871,-0.74691,-0.17691,1433.6
quat4,-0.38278,-0.28982,-0.66604,0.57085,1433.6
quat5,-0.66707,-0.45279,-0.52064,0.28095,1433.6
quat6,-0.63939,-0.32841,-0.43824,0.5397,1433.6
quat7,-0.47555,-0.42342,-0.28233,0.71754,1433.6
quat8,-0.57799,-0.367,-0.68653,0.24479,1433.6
quat0,-0.5821,0.23867,-0.20647,-0.74937,1433.62
quat1,0.08095,-0.69441,-0.21309,0.68252,1433.62
quat2,-0.31172,-0.64527,-0.28222,0.63782,1433.62
quat3,-0.61712,-0.15152,-0.7544,-0.1646,1433.62
quat4,-0.38266,-0.28095,-0.6631,0.57873,1433.62
quat5,-0.66429,-0.46227,-0.52314,0.2671,1433.62
quat6,-0.63959,-0.31788,-0.43404,0.54908,1433.62
quat7,-0.48012,-0.41424,-0.27665,0.72205,1433.62
quat8,-0.57032,-0.38159,-0.68856,0.23453,1433.62
quat0,-0.57858,0.24797,-0.21944,-0.74538,1433.64
quat1,0.06941,-0.69176,-0.20098,0.69012,1433.64
quat2,-0.31554,-0.63848,-0.27031,0.64785,1433.64
quat3,-0.61502,-0.1437,-0.7603,-0.15183,1433.64
quat4,-0.38582,-0.27208,-0.65981,0.58461,1433.64
quat5,-0.65789,-0.47492,-0.52589,0.2551,1433.64
quat6,-0.6407,-0.30686,-0.42711,0.5594,1433.64
quat7,-0.48566,-0.40767,-0.26747,0.72554,1433.64
quat8,-0.56158,-0.39445,-0.69148,0.22559,1433.64
quat0,-0.5749,0.25964,-0.22899,-0.74138,1433.66
quat1,0.05808,-0.69027,-0.18963,0.69584,1433.66
quat2,-0.3232,-0.63142,-0.26051,0.65497,1433.66
quat3,-0.61501,-0.13475,-0.76435,-0.13918,1433.66
quat4,-0.38998,-0.26526,-0.65462,0.59078,1433.66
quat5,-0.65143,-0.4863,-0.5302,0.24092,1433.66
quat6,-0.64289,-0.2947,-0.42208,0.56718,1433.66
quat7,-0.4924,-0.40109,-0.26026,0.72728,1433.66
quat8,-0.55148,-0.40555,-0.69578,0.21745,1433.66
quat0,-0.57122,0.27235,-0.23566,-0.73756,1433.68
quat1,0.04623,-0.69076,-0.17983,0.69884,1433.68
quat2,-0.33448,-0.6247,-0.25231,0.65895,1433.68
quat3,-0.61668,-0.12387,-0.76674,-0.12835,1433.68
quat4,-0.39564,-0.26072,-0.64581,0.59869,1433.68
quat5,-0.64624,-0.49382,-0.53669,0.22468,1433.68
quat6,-0.64662,-0.28538,-0.41387,0.57373,1433.68
quat7,-0.50108,-0.39315,-0.25407,0.72788,1433.68
quat8,-0.5404,-0.41413,-0.70142,0.21088,1433.68
quat0,-0.5673,0.28593,-0.23945,-0.73422,1433.7
quat1,0.03324,-0.69298,-0.17141,0.6995,1433.7
quat2,-0.34679,-0.62006,-0.24281,0.66054,1433.7
quat3,-0.61998,-0.11129,-0.76736,-0.11999,1433.7
quat4,-0.40441,-0.25674,-0.63679,0.60419,1433.7
quat5,-0.64107,-0.49808,-0.54596,0.20706,1433.7
quat6,-0.65118,-0.2801,-0.40365,0.57843,1433.7
quat7,-0.51274,-0.38471,-0.25188,0.72502,1433.7
quat8,-0.52781,-0.42105,-0.70785,0.20756,1433.7
quat0,-0.56323,0.29954,-0.24059,-0.73155,1433.72
quat1,0.01923,-0.69692,-0.1649,0.69766,1433.72
quat2,-0.35966,-0.61805,-0.22989,0.66016,1433.72
quat3,-0.62517,-0.0973,-0.76589,-0.11452,1433.72
quat4,-0.41621,-0.2529,-0.62806,0.60692,1433.72
quat5,-0.63572,-0.49928,-0.55761,0.1888,1433.72
quat6,-0.65891,-0.27164,-0.39497,0.57969,1433.72
quat7,-0.52636,-0.37624,-0.252,0.71964,1433.72
quat8,-0.51425,-0.42539,-0.71536,0.20698,1433.72
quat0,-0.55921,0.31359,-0.23867,-0.72937,1433.74
quat1,0.00535,-0.70202,-0.15947,0.69405,1433.74
quat2,-0.37528,-0.6167,-0.21961,0.65622,1433.74
quat3,-0.63203,-0.08277,-0.7624,-0.11148,1433.74
quat4,-0.4291,-0.25048,-0.61921,0.60804,1433.74
quat5,-0.62861,-0.49894,-0.57099,0.17285,1433.74
quat6,-0.66781,-0.26367,-0.38663,0.57881,1433.74
quat7,-0.54059,-0.369,-0.25138,0.71303,1433.74
quat8,-0.50071,-0.4264,-0.72401,0.20804,1433.74
quat0,-0.55522,0.32747,-0.23447,-0.72768,1433.76
quat1,-0.00917,-0.70785,-0.15536,0.689,1433.76
quat2,-0.39343,-0.61642,-0.21161,0.64843,1433.76
quat3,-0.64056,-0.06867,-0.7569,-0.10985,1433.76
quat4,-0.44404,-0.24898,-0.61091,0.60632,1433.76
quat5,-0.61999,-0.49767,-0.58528,0.15932,1433.76
quat6,-0.67829,-0.25573,-0.3794,0.57496,1433.76
quat7,-0.55515,-0.36317,-0.25097,0.70493,1433.76
quat8,-0.48768,-0.42423,-0.73302,0.21184,1433.76
quat0,-0.55148,0.34141,-0.22706,-0.72647,1433.78
quat1,-0.02453,-0.71495,-0.15248,0.68191,1433.78
quat2,-0.41299,-0.61657,-0.20713,0.63748,1433.78
quat3,-0.65027,-0.05536,-0.74971,-0.10961,1433.78
quat4,-0.46039,-0.24786,-0.60374,0.60176,1433.78
quat5,-0.6105,-0.4947,-0.60051,0.14817,1433.78
quat6,-0.69009,-0.24658,-0.37432,0.56821,1433.78
quat7,-0.56995,-0.35826,-0.25249,0.69501,1433.78
quat8,-0.47517,-0.41884,-0.74238,0.21831,1433.78
quat0,-0.54802,0.35462,-0.21711,-0.7258,1433.8
quat1,-0.04042,-0.72345,-0.15143,0.67234,1433.8
quat2,-0.43262,-0.61756,-0.20458,0.62419,1433.8
quat3,-0.66081,-0.04301,-0.74096,-0.11168,1433.8
quat4,-0.47825,-0.24731,-0.59772,0.59401,1433.8
quat5,-0.6008,-0.48995,-0.6162,0.13887,1433.8
quat6,-0.7037,-0.23715,-0.36965,0.5585,1433.8
quat7,-0.58514,-0.35479,-0.25449,0.68335,1433.8
quat8,-0.46385,-0.41017,-0.75169,0.2271,1433.8
quat0,-0.5449,0.36694,-0.2055,-0.7254,1433.82
quat1,-0.05558,-0.73299,-0.15279,0.66052,1433.82
quat2,-0.45158,-0.61958,-0.20303,0.60908,1433.82
quat3,-0.67171,-0.03188,-0.73105,-0.11553,1433.82
quat4,-0.49659,-0.24746,-0.59279,0.58374,1433.82
quat5,-0.59011,-0.48438,-0.632,0.1331,1433.82
quat6,-0.71792,-0.22862,-0.36592,0.54628,1433.82
quat7,-0.59945,-0.35184,-0.25656,0.6716,1433.82
quat8,-0.45322,-0.39844,-0.76091,0.23846,1433.82
quat0,-0.54227,0.37753,-0.19271,-0.72545,1433.84
quat1,-0.06903,-0.74321,-0.15589,0.64697,1433.84
quat2,-0.47086,-0.62252,-0.20377,0.59096,1433.84
quat3,-0.68298,-0.02198,-0.71987,-0.12183,1433.84
quat4,-0.51555,-0.24976,-0.5868,0.57227,1433.84
quat5,-0.57857,-0.47852,-0.64737,0.13112,1433.84
quat6,-0.73235,-0.22074,-0.36291,0.5322,1433.84
quat7,-0.61312,-0.35174,-0.25762,0.65878,1433.84
quat8,-0.44537,-0.38254,-0.76985,0.25029,1433.84
quat0,-0.54053,0.38648,-0.17889,-0.72557,1433.86
quat1,-0.0815,-0.75334,-0.1606,0.63249,1433.86
quat2,-0.48975,-0.62581,-0.20711,0.57063,1433.86
quat3,-0.69452,-0.01305,-0.70747,-0.13023,1433.86
quat4,-0.53534,-0.25204,-0.58146,0.55839,1433.86
quat5,-0.56843,-0.46984,-0.66269,0.1303,1433.86
quat6,-0.74637,-0.2147,-0.36085,0.51636,1433.86
quat7,-0.62724,-0.35252,-0.26033,0.64384,1433.86
quat8,-0.44094,-0.36206,-0.77865,0.26113,1433.86
quat0,-0.53972,0.39337,-0.16444,-0.72589,1433.88
quat1,-0.0922,-0.7637,-0.16552,0.61714,1433.88
quat2,-0.50707,-0.63036,-0.21145,0.54847,1433.88
quat3,-0.70564,-0.00585,-0.69444,-0.14068,1433.88
quat4,-0.55541,-0.25388,-0.57782,0.54147,1433.88
quat5,-0.56023,-0.45824,-0.67769,0.12994,1433.88
quat6,-0.76008,-0.21093,-0.35908,0.49884,1433.88
quat7,-0.64147,-0.35408,-0.26479,0.62692,1433.88
quat8,-0.44019,-0.3386,-0.78657,0.26999,1433.88
quat0,-0.53999,0.39851,-0.14905,-0.72622,1433.9
quat1,-0.09965,-0.7742,-0.17076,0.60127,1433.9
quat2,-0.52253,-0.63522,-0.21732,0.52557,1433.9
quat3,-0.71631,1e-05,-0.68088,-0.15267,1433.9
quat4,-0.57329,-0.25722,-0.57546,0.52347,1433.9
quat5,-0.55376,-0.44439,-0.69196,0.13063,1433.9
quat6,-0.77314,-0.20727,-0.36002,0.47924,1433.9
quat7,-0.65448,-0.35532,-0.27187,0.6095,1433.9
quat8,-0.44254,-0.31256,-0.79434,0.27477,1433.9
quat0,-0.54132,0.40145,-0.13331,-0.72666,1433.92
quat1,-0.10426,-0.7845,-0.17679,0.58518,1433.92
quat2,-0.53649,-0.64042,-0.22446,0.50165,1433.92
quat3,-0.72633,0.00353,-0.66743,-0.16425,1433.92
quat4,-0.58825,-0.26589,-0.57151,0.50659,1433.92
quat5,-0.54905,-0.42952,-0.70461,0.13259,1433.92
quat6,-0.78534,-0.20353,-0.36273,0.45851,1433.92
quat7,-0.66588,-0.35829,-0.27927,0.59181,1433.92
quat8,-0.44748,-0.28641,-0.80071,0.27673,1433.92
quat0,-0.54364,0.40189,-0.11702,-0.7275,1433.94
quat1,-0.10628,-0.79427,-0.18369,0.5693,1433.94
quat2,-0.55051,-0.64361,-0.23411,0.47739,1433.94
quat3,-0.73598,0.00413,-0.65401,-0.17488,1433.94
quat4,-0.60043,-0.27635,-0.56892,0.48934,1433.94
quat5,-0.54644,-0.4143,-0.71505,0.13592,1433.94
quat6,-0.79589,-0.20019,-0.3667,0.43819,1433.94
quat7,-0.67502,-0.36244,-0.2867,0.57514,1433.94
quat8,-0.45468,-0.26143,-0.80553,0.27576,1433.94
quat0,-0.54673,0.4002,-0.10102,-0.72851,1433.96
quat1,-0.10659,-0.80322,-0.19143,0.55393,1433.96
quat2,-0.56369,-0.64554,-0.24498,0.45334,1433.96
quat3,-0.74421,0.00128,-0.64187,-0.18479,1433.96
quat4,-0.60956,-0.28992,-0.56656,0.47265,1433.96
quat5,-0.5466,-0.39884,-0.72287,0.14002,1433.96
quat6,-0.80471,-0.1996,-0.37087,0.41839,1433.96
quat7,-0.6814,-0.36883,-0.29279,0.56029,1433.96
quat8,-0.46421,-0.23694,-0.80956,0.27013,1433.96
quat0,-0.55074,0.39678,-0.08507,-0.72939,1433.98
quat1,-0.1048,-0.81111,-0.20013,0.5395,1433.98
quat2,-0.57348,-0.64823,-0.254,0.43174,1433.98
quat3,-0.75118,-0.00453,-0.6307,-0.19475,1433.98
quat4,-0.61536,-0.30414,-0.5661,0.45647,1433.98
quat5,-0.54849,-0.38359,-0.72844,0.14625,1433.98
quat6,-0.81153,-0.20001,-0.37608,0.39996,1433.98
quat7,-0.68541,-0.37678,-0.29819,0.54712,1433.98
quat8,-0.47495,-0.21311,-0.81181,0.26452,1433.98
quat0,-0.55534,0.39192,-0.07039,-0.7301,1434.0
quat1,-0.0998,-0.81815,-0.20852,0.52649,1434.0
quat2,-0.57866,-0.65293,-0.26119,0.41306,1434.0
quat3,-0.75677,-0.01225,-0.62067,-0.20472,1434.0
quat4,-0.61802,-0.31853,-0.56783,0.44064,1434.0
quat5,-0.5528,-0.36863,-0.73144,0.15336,1434.0
quat6,-0.81671,-0.20029,-0.38325,0.38209,1434.0
quat7,-0.6866,-0.38486,-0.30665,0.53519,1434.0
quat8,-0.48655,-0.19163,-0.81144,0.26096,1434.0
quat0,-0.56065,0.38478,-0.05681,-0.73102,1434.02
quat1,-0.09103,-0.82417,-0.21582,0.51564,1434.02
quat2,-0.5805,-0.65814,-0.26749,0.3979,1434.02
quat3,-0.7609,-0.02199,-0.61207,-0.21427,1434.02
quat4,-0.61678,-0.33472,-0.57012,0.42722,1434.02
quat5,-0.55933,-0.35356,-0.73223,0.1612,1434.02
quat6,-0.82023,-0.19931,-0.3922,0.36563,1434.02
quat7,-0.68611,-0.3913,-0.31668,0.52522,1434.02
quat8,-0.49956,-0.17207,-0.80853,0.25904,1434.02
quat0,-0.56656,0.37575,-0.04582,-0.73193,1434.04
quat1,-0.07954,-0.82916,-0.22221,0.50675,1434.04
quat2,-0.57967,-0.66334,-0.27429,0.38564,1434.04
quat3,-0.76312,-0.03329,-0.60546,-0.22351,1434.04
quat4,-0.6123,-0.35064,-0.57437,0.41503,1434.04
quat5,-0.5677,-0.33917,-0.7308,0.16914,1434.04
quat6,-0.8219,-0.19916,-0.40227,0.35072,1434.04
quat7,-0.68378,-0.39653,-0.32849,0.517,1434.04
quat8,-0.5137,-0.15437,-0.80392,0.2569,1434.04
quat0,-0.57292,0.36446,-0.03686,-0.73319,1434.06
quat1,-0.06687,-0.83279,-0.22854,0.49976,1434.06
quat2,-0.577,-0.66724,-0.28204,0.37726,1434.06
quat3,-0.76355,-0.0465,-0.60087,-0.23193,1434.06
quat4,-0.6057,-0.36392,-0.58056,0.40453,1434.06
quat5,-0.57698,-0.32663,-0.72728,0.17742,1434.06
quat6,-0.82156,-0.20111,-0.41312,0.33752,1434.06
quat7,-0.67929,-0.40087,-0.34012,0.51204,1434.06
quat8,-0.52839,-0.13899,-0.7974,0.25621,1434.06
quat0,-0.57939,0.35174,-0.03024,-0.73462,1434.08
quat1,-0.05147,-0.83547,-0.23406,0.49453,1434.08
quat2,-0.57039,-0.67126,-0.29123,0.37315,1434.08
quat3,-0.7623,-0.06148,-0.59846,-0.23868,1434.08
quat4,-0.59712,-0.37447,-0.58855,0.39602,1434.08
quat5,-0.58852,-0.31473,-0.72203,0.18239,1434.08
quat6,-0.81844,-0.20596,-0.42457,0.32785,1434.08
quat7,-0.67201,-0.40525,-0.35123,0.5107,1434.08
quat8,-0.5437,-0.12737,-0.78918,0.25565,1434.08
quat0,-0.58561,0.33761,-0.02705,-0.73644,1434.1
quat1,-0.03363,-0.83649,-0.23867,0.49213,1434.1
quat2,-0.56061,-0.67489,-0.30072,0.37391,1434.1
quat3,-0.7595,-0.07739,-0.5981,-0.2438,1434.1
quat4,-0.58712,-0.38123,-0.5981,0.39017,1434.1
quat5,-0.60192,-0.3039,-0.7145,0.18661,1434.1
quat6,-0.81322,-0.2114,-0.43605,0.32226,1434.1
quat7,-0.66129,-0.4113,-0.36058,0.51333,1434.1
quat8,-0.55789,-0.11992,-0.77972,0.25769,1434.1
quat0,-0.5916,0.32198,-0.02749,-0.73864,1434.12
quat1,-0.01428,-0.8357,-0.2426,0.49249,1434.12
quat2,-0.54922,-0.67692,-0.31144,0.37834,1434.12
quat3,-0.75518,-0.09298,-0.5996,-0.24809,1434.12
quat4,-0.57509,-0.38532,-0.60813,0.38857,1434.12
quat5,-0.61579,-0.29627,-0.70411,0.19299,1434.12
quat6,-0.80565,-0.2173,-0.44833,0.32048,1434.12
quat7,-0.64696,-0.41958,-0.36836,0.51933,1434.12
quat8,-0.57106,-0.11734,-0.76902,0.26218,1434.12
quat0,-0.59747,0.30589,-0.0319,-0.74057,1434.14
quat1,0.00385,-0.83263,-0.24645,0.49596,1434.14
quat2,-0.53788,-0.67634,-0.32383,0.3852,1434.14
quat3,-0.74936,-0.10814,-0.6029,-0.25154,1434.14
quat4,-0.5614,-0.38713,-0.61748,0.39202,1434.14
quat5,-0.62981,-0.29219,-0.69083,0.20177,1434.14
quat6,-0.79625,-0.22478,-0.46047,0.32161,1434.14
quat7,-0.62987,-0.42958,-0.37539,0.52708,1434.14
quat8,-0.58323,-0.11935,-0.75776,0.26722,1434.14
quat0,-0.60303,0.28988,-0.04004,-0.7421,1434.16
quat1,0.02009,-0.82716,-0.24972,0.50303,1434.16
quat2,-0.52523,-0.67433,-0.33752,0.39431,1434.16
quat3,-0.7416,-0.12245,-0.60816,-0.2553,1434.16
quat4,-0.54587,-0.38695,-0.62671,0.39942,1434.16
quat5,-0.64298,-0.29203,-0.67485,0.21419,1434.16
quat6,-0.78419,-0.23457,-0.47276,0.32637,1434.16
quat7,-0.61111,-0.43881,-0.38145,0.53711,1434.16
quat8,-0.59325,-0.12228,-0.7474,0.27292,1434.16
quat0,-0.60799,0.27432,-0.05198,-0.74323,1434.18
quat1,0.03522,-0.81941,-0.25124,0.51401,1434.18
quat2,-0.50909,-0.67346,-0.34929,0.40654,1434.18
quat3,-0.73213,-0.1365,-0.61549,-0.25793,1434.18
quat4,-0.53026,-0.38373,-0.63637,0.40819,1434.18
quat5,-0.65491,-0.2958,-0.65638,0.22969,1434.18
quat6,-0.77111,-0.24598,-0.48226,0.33514,1434.18
quat7,-0.59229,-0.44558,-0.38459,0.55022,1434.18
quat8,-0.602,-0.1285,-0.7365,0.28044,1434.18
quat0,-0.61156,0.25982,-0.06596,-0.7444,1434.2
quat1,0.05036,-0.80922,-0.2506,0.52899,1434.2
quat2,-0.48592,-0.67562,-0.35732,0.42395,1434.2
quat3,-0.72096,-0.15075,-0.62518,-0.25817,1434.2
quat4,-0.51576,-0.37429,-0.64893,0.41567,1434.2
quat5,-0.66637,-0.30198,-0.63623,0.24491,1434.2
quat6,-0.75606,-0.25985,-0.48906,0.34881,1434.2
quat7,-0.57342,-0.4476,-0.38389,0.56874,1434.2
quat8,-0.60913,-0.1409,-0.72775,0.28194,1434.2
quat0,-0.61402,0.24616,-0.08164,-0.74547,1434.22
quat1,0.0656,-0.79735,-0.2478,0.54637,1434.22
quat2,-0.45932,-0.67904,-0.3608,0.44468,1434.22
quat3,-0.70874,-0.16438,-0.63663,-0.25569,1434.22
quat4,-0.5023,-0.35855,-0.66425,0.42178,1434.22
quat5,-0.67687,-0.3072,-0.6168,0.25891,1434.22
quat6,-0.73882,-0.27787,-0.49313,0.36572,1434.22
quat7,-0.55338,-0.44661,-0.38099,0.59089,1434.22
quat8,-0.61236,-0.15865,-0.72,0.28537,1434.22
quat0,-0.61501,0.2346,-0.0984,-0.74635,1434.24
quat1,0.07993,-0.78396,-0.24407,0.56519,1434.24
quat2,-0.43223,-0.68033,-0.36289,0.46759,1434.24
quat3,-0.69567,-0.1767,-0.64961,-0.25066,1434.24
quat4,-0.48588,-0.34243,-0.67819,0.43211,1434.24
quat5,-0.6823,-0.31717,-0.59778,0.27664,1434.24
quat6,-0.72064,-0.29811,-0.49307,0.38561,1434.24
quat7,-0.53162,-0.44313,-0.37435,0.61715,1434.24
quat8,-0.61273,-0.1905,-0.7077,0.2957,1434.24
quat0,-0.61487,0.22489,-0.11636,-0.74687,1434.26
quat1,0.09082,-0.77006,-0.24063,0.58383,1434.26
quat2,-0.4068,-0.67837,-0.36467,0.49126,1434.26
quat3,-0.68268,-0.18679,-0.66313,-0.24356,1434.26
quat4,-0.46559,-0.32844,-0.68777,0.4498,1434.26
quat5,-0.68496,-0.33311,-0.57733,0.29419,1434.26
quat6,-0.70518,-0.31697,-0.4854,0.40821,1434.26
quat7,-0.505,-0.44518,-0.35713,0.6475,1434.26
quat8,-0.61055,-0.22505,-0.69693,0.30146,1434.26
quat0,-0.61401,0.21697,-0.13379,-0.74701,1434.28
quat1,0.09848,-0.75704,-0.2365,0.60105,1434.28
quat2,-0.38279,-0.67329,-0.36573,0.51614,1434.28
quat3,-0.66975,-0.19358,-0.67733,-0.23492,1434.28
quat4,-0.44325,-0.31767,-0.69119,0.47421,1434.28
quat5,-0.68975,-0.3449,-0.55979,0.30319,1434.28
quat6,-0.68885,-0.33244,-0.47689,0.43307,1434.28
quat7,-0.47869,-0.45829,-0.33267,0.67093,1434.28
quat8,-0.60602,-0.2583,-0.68971,0.30052,1434.28
quat0,-0.61301,0.21128,-0.15241,-0.74589,1434.3
quat1,0.1038,-0.74461,-0.2312,0.61751,1434.3
quat2,-0.35858,-0.66906,-0.3617,0.54125,1434.3
quat3,-0.6565,-0.19673,-0.69249,-0.22529,1434.3
quat4,-0.42352,-0.30855,-0.69069,0.49837,1434.3
quat5,-0.68961,-0.35896,-0.54655,0.31125,1434.3
quat6,-0.67246,-0.34153,-0.47084,0.45768,1434.3
quat7,-0.46333,-0.4722,-0.30044,0.68709,1434.3
quat8,-0.60117,-0.28628,-0.68532,0.29492,1434.3
quat0,-0.61146,0.20713,-0.17059,-0.74439,1434.32
quat1,0.10814,-0.73283,-0.22447,0.63315,1434.32
quat2,-0.33212,-0.66711,-0.348,0.56883,1434.32
quat3,-0.64258,-0.19726,-0.70851,-0.21491,1434.32
quat4,-0.40707,-0.2996,-0.68945,0.51884,1434.32
quat5,-0.6868,-0.37727,-0.53553,0.31494,1434.32
quat6,-0.65824,-0.34273,-0.46671,0.48108,1434.32
quat7,-0.45303,-0.4768,-0.26914,0.70355,1434.32
quat8,-0.59734,-0.30965,-0.68107,0.28886,1434.32
quat0,-0.60947,0.20465,-0.18788,-0.74254,1434.34
quat1,0.11132,-0.72216,-0.21765,0.64709,1434.34
quat2,-0.30825,-0.66595,-0.3283,0.59474,1434.34
quat3,-0.62965,-0.19537,-0.72384,-0.20353,1434.34
quat4,-0.3927,-0.29218,-0.68621,0.53808,1434.34
quat5,-0.68082,-0.39768,-0.52593,0.31897,1434.34
quat6,-0.64771,-0.34185,-0.45899,0.50294,1434.34
quat7,-0.4436,-0.47116,-0.25301,0.71918,1434.34
quat8,-0.59415,-0.33126,-0.6777,0.27926,1434.34
quat0,-0.60685,0.20456,-0.20401,-0.74046,1434.36
quat1,0.11212,-0.71296,-0.2112,0.65917,1434.36
quat2,-0.28743,-0.66481,-0.30531,0.61822,1434.36
quat3,-0.61822,-0.19221,-0.73798,-0.19036,1434.36
quat4,-0.37975,-0.28687,-0.67957,0.55828,1434.36
quat5,-0.67204,-0.42073,-0.51762,0.3216,1434.36
quat6,-0.63915,-0.33858,-0.45096,0.52296,1434.36
quat7,-0.43645,-0.45815,-0.25261,0.73199,1434.36
quat8,-0.59056,-0.34917,-0.67516,0.27108,1434.36
quat0,-0.60381,0.20667,-0.21831,-0.73827,1434.38
quat1,0.10924,-0.70564,-0.20419,0.66966,1434.38
quat2,-0.27473,-0.66225,-0.28342,0.63689,1434.38
quat3,-0.60943,-0.18839,-0.74969,-0.17626,1434.38
quat4,-0.37135,-0.28244,-0.67174,0.5754,1434.38
quat5,-0.66536,-0.43904,-0.5138,0.31709,1434.38
quat6,-0.63018,-0.33587,-0.44444,0.54086,1434.38
quat7,-0.43681,-0.44433,-0.25567,0.73919,1434.38
quat8,-0.58622,-0.36471,-0.67452,0.26145,1434.38
quat0,-0.59996,0.21129,-0.23075,-0.73631,1434.4
quat1,0.10343,-0.70007,-0.19689,0.67856,1434.4
quat2,-0.27117,-0.65755,-0.26508,0.65103,1434.4
quat3,-0.60288,-0.18344,-0.75894,-0.16403,1434.4
quat4,-0.36781,-0.27621,-0.66424,0.58924,1434.4
quat5,-0.66176,-0.45149,-0.51411,0.30647,1434.4
quat6,-0.62599,-0.32621,-0.44001,0.55508,1434.4
quat7,-0.44316,-0.43206,-0.2532,0.74352,1434.4
quat8,-0.58297,-0.37344,-0.67618,0.25194,1434.4
quat0,-0.59516,0.21832,-0.24152,-0.7347,1434.42
quat1,0.09563,-0.69558,-0.19018,0.68619,1434.42
quat2,-0.27643,-0.65073,-0.2515,0.66098,1434.42
quat3,-0.59874,-0.17709,-0.76576,-0.15414,1434.42
quat4,-0.36947,-0.26664,-0.65995,0.59738,1434.42
quat5,-0.6594,-0.46038,-0.51764,0.29204,1434.42
quat6,-0.62688,-0.31234,-0.43815,0.56347,1434.42
quat7,-0.45183,-0.42218,-0.24602,0.74638,1434.42
quat8,-0.57858,-0.3803,-0.67936,0.24306,1434.42
quat0,-0.58962,0.22785,-0.24968,-0.73355,1434.44
quat1,0.08696,-0.69257,-0.18403,0.69204,1434.44
quat2,-0.28741,-0.64304,-0.23884,0.66847,1434.44
quat3,-0.59735,-0.16891,-0.77042,-0.14525,1434.44
quat4,-0.37331,-0.25635,-0.65543,0.60443,1434.44
quat5,-0.65628,-0.46839,-0.52328,0.27584,1434.44
quat6,-0.63155,-0.29703,-0.43225,0.57103,1434.44
quat7,-0.46065,-0.4132,-0.24091,0.74769,1434.44
quat8,-0.57196,-0.38774,-0.68428,0.23299,1434.44
quat0,-0.58373,0.24072,-0.25468,-0.73243,1434.46
quat1,0.07671,-0.69135,-0.17871,0.69586,1434.46
quat2,-0.29947,-0.63696,-0.22418,0.67405,1434.46
quat3,-0.59915,-0.15836,-0.77268,-0.1375,1434.46
quat4,-0.38056,-0.24497,-0.65181,0.60853,1434.46
quat5,-0.65184,-0.47588,-0.53089,0.25844,1434.46
quat6,-0.63754,-0.28254,-0.42772,0.57513,1434.46
quat7,-0.47275,-0.40342,-0.23894,0.7461,1434.46
quat8,-0.56492,-0.39337,-0.68961,0.22486,1434.46
quat0,-0.5776,0.25519,-0.25777,-0.73131,1434.48
quat1,0.06323,-0.69174,-0.17455,0.69788,1434.48
quat2,-0.31437,-0.63104,-0.21141,0.67695,1434.48
quat3,-0.60322,-0.14526,-0.77302,-0.13214,1434.48
quat4,-0.39124,-0.23195,-0.64754,0.61141,1434.48
quat5,-0.64694,-0.48218,-0.53961,0.24039,1434.48
quat6,-0.64494,-0.26857,-0.42073,0.57871,1434.48
quat7,-0.4873,-0.39318,-0.23533,0.74335,1434.48
quat8,-0.55502,-0.39922,-0.697,0.21627,1434.48
quat0,-0.57074,0.27118,-0.25961,-0.73029,1434.5
quat1,0.04736,-0.69353,-0.17126,0.69817,1434.5
quat2,-0.33083,-0.62591,-0.19997,0.67735,1434.5
quat3,-0.60846,-0.12968,-0.77217,-0.12926,1434.5
quat4,-0.4055,-0.21945,-0.64246,0.61209,1434.5
quat5,-0.64204,-0.48562,-0.5505,0.22117,1434.5
quat6,-0.65153,-0.25974,-0.41023,0.58289,1434.5
quat7,-0.50369,-0.38273,-0.23381,0.73834,1434.5
quat8,-0.54165,-0.40688,-0.70462,0.2111,1434.5
quat0,-0.56351,0.28746,-0.25983,-0.7296,1434.52
quat1,0.02996,-0.69641,-0.16834,0.69698,1434.52
quat2,-0.3505,-0.62128,-0.18955,0.67471,1434.52
quat3,-0.61409,-0.11251,-0.77062,-0.12799,1434.52
quat4,-0.42266,-0.20774,-0.63677,0.61051,1434.52
quat5,-0.63677,-0.48714,-0.56276,0.20131,1434.52
quat6,-0.66032,-0.24954,-0.39951,0.58489,1434.52
quat7,-0.52142,-0.37184,-0.23438,0.73138,1434.52
quat8,-0.52567,-0.41437,-0.71276,0.20963,1434.52
quat0,-0.55558,0.30504,-0.25747,-0.72938,1434.54
quat1,0.0125,-0.69984,-0.16523,0.69481,1434.54
quat2,-0.37243,-0.61697,-0.18267,0.66878,1434.54
quat3,-0.62038,-0.09396,-0.76824,-0.12694,1434.54
quat4,-0.44079,-0.19805,-0.62994,0.608,1434.54
quat5,-0.63113,-0.48593,-0.57699,0.18065,1434.54
quat6,-0.67221,-0.23814,-0.39002,0.5825,1434.54
quat7,-0.53985,-0.36099,-0.23635,0.72277,1434.54
quat8,-0.50855,-0.41861,-0.72198,0.21187,1434.54
quat0,-0.5471,0.3229,-0.25212,-0.72997,1434.56
quat1,-0.00626,-0.70401,-0.16341,0.6911,1434.56
quat2,-0.39566,-0.61374,-0.17856,0.65947,1434.56
quat3,-0.6277,-0.0746,-0.76456,-0.12598,1434.56
quat4,-0.45882,-0.19211,-0.62003,0.60674,1434.56
quat5,-0.62548,-0.48148,-0.59284,0.15965,1434.56
quat6,-0.68593,-0.22865,-0.38039,0.57665,1434.56
quat7,-0.55861,-0.35093,-0.23773,0.71294,1434.56
quat8,-0.49178,-0.41829,-0.73217,0.21706,1434.56
quat0,-0.53823,0.34146,-0.24352,-0.73103,1434.58
quat1,-0.0262,-0.70972,-0.16317,0.68482,1434.58
quat2,-0.41793,-0.61246,-0.17605,0.64748,1434.58
quat3,-0.63579,-0.05536,-0.75959,-0.12543,1434.58
quat4,-0.47723,-0.18936,-0.60924,0.60434,1434.58
quat5,-0.61869,-0.47514,-0.6098,0.14005,1434.58
quat6,-0.69999,-0.2205,-0.37219,0.56821,1434.58
quat7,-0.57692,-0.34386,-0.2375,0.70179,1434.58
quat8,-0.4756,-0.4136,-0.74269,0.22616,1434.58
quat0,-0.5296,0.35853,-0.2324,-0.73278,1434.6
quat1,-0.04648,-0.71649,-0.16487,0.67624,1434.6
quat2,-0.43953,-0.6133,-0.17448,0.63264,1434.6
quat3,-0.64518,-0.03614,-0.75253,-0.12704,1434.6
quat4,-0.50019,-0.184,-0.60268,0.59391,1434.6
quat5,-0.61128,-0.46671,-0.62738,0.12211,1434.6
quat6,-0.71583,-0.21201,-0.36496,0.55627,1434.6
quat7,-0.59772,-0.33991,-0.23696,0.68633,1434.6
quat8,-0.46178,-0.40306,-0.75378,0.2369,1434.6
quat0,-0.52126,0.3742,-0.21841,-0.73523,1434.62
quat1,-0.06512,-0.72407,-0.16852,0.66565,1434.62
quat2,-0.46117,-0.61512,-0.17581,0.61485,1434.62
quat3,-0.65571,-0.01709,-0.74323,-0.13178,1434.62
quat4,-0.52078,-0.18103,-0.59593,0.58385,1434.62
quat5,-0.60231,-0.45717,-0.64537,0.10827,1434.62
quat6,-0.73232,-0.20483,-0.35867,0.54139,1434.62
quat7,-0.61709,-0.33585,-0.23747,0.67083,1434.62
quat8,-0.45127,-0.38662,-0.7653,0.24739,1434.62
quat0,-0.51312,0.38796,-0.20217,-0.73845,1434.64
quat1,-0.0818,-0.73217,-0.17453,0.65328,1434.64
quat2,-0.48378,-0.61675,-0.18048,0.59414,1434.64
quat3,-0.6667,0.00096,-0.73217,-0.13943,1434.64
quat4,-0.54234,-0.18203,-0.58704,0.57281,1434.64
quat5,-0.59254,-0.44754,-0.66242,0.099,1434.64
quat6,-0.74912,-0.19818,-0.35406,0.52363,1434.64
quat7,-0.63629,-0.33323,-0.24022,0.65298,1434.64
quat8,-0.44432,-0.36617,-0.77594,0.25772,1434.64
quat0,-0.50532,0.40016,-0.18369,-0.74215,1434.66
quat1,-0.09731,-0.74054,-0.18376,0.63903,1434.66
quat2,-0.50498,-0.61814,-0.18807,0.57229,1434.66
quat3,-0.67804,0.01767,-0.71945,-0.1495,1434.66
quat4,-0.56263,-0.18503,-0.57997,0.55932,1434.66
quat5,-0.5822,-0.43786,-0.67848,0.09475,1434.66
quat6,-0.76537,-0.19203,-0.35203,0.50341,1434.66
quat7,-0.6554,-0.33002,-0.24578,0.63335,1434.66
quat8,-0.44156,-0.3415,-0.78577,0.2664,1434.66
quat0,-0.49836,0.40965,-0.16418,-0.74624,1434.68
quat1,-0.1113,-0.74907,-0.19505,0.62326,1434.68
quat2,-0.52374,-0.6206,-0.19613,0.54961,1434.68
quat3,-0.68885,0.032,-0.70571,-0.16258,1434.68
quat4,-0.58335,-0.18882,-0.57609,0.54053,1434.68
quat5,-0.57355,-0.42683,-0.6929,0.09349,1434.68
quat6,-0.78059,-0.18708,-0.3509,0.48223,1434.68
quat7,-0.67242,-0.32916,-0.2525,0.61298,1434.68
quat8,-0.44263,-0.31558,-0.79412,0.27178,1434.68
quat0,-0.49277,0.41623,-0.14454,-0.75036,1434.7
quat1,-0.12228,-0.75729,-0.2075,0.60704,1434.7
quat2,-0.54056,-0.6229,-0.20589,0.52669,1434.7
quat3,-0.69871,0.04283,-0.69153,-0.17819,1434.7
quat4,-0.60352,-0.18788,-0.57697,0.51727,1434.7
quat5,-0.56647,-0.41524,-0.70534,0.09578,1434.7
quat6,-0.79371,-0.1817,-0.35202,0.46163,1434.7
quat7,-0.68758,-0.32929,-0.25969,0.59277,1434.7
quat8,-0.44706,-0.28966,-0.80061,0.27434,1434.7
quat0,-0.48872,0.41903,-0.12563,-0.75484,1434.72
quat1,-0.1295,-0.76516,-0.22016,0.59101,1434.72
quat2,-0.55545,-0.62534,-0.21731,0.50319,1434.72
quat3,-0.70757,0.04867,-0.67747,-0.19497,1434.72
quat4,-0.62129,-0.18493,-0.58098,0.4922,1434.72
quat5,-0.56132,-0.40363,-0.71529,0.10177,1434.72
quat6,-0.80529,-0.17581,-0.35549,0.44072,1434.72
quat7,-0.69952,-0.3328,-0.26761,0.57298,1434.72
quat8,-0.45541,-0.26374,-0.80515,0.27344,1434.72
quat0,-0.4866,0.41788,-0.10814,-0.75954,1434.74
quat1,-0.13299,-0.77225,-0.23272,0.57601,1434.74
quat2,-0.56799,-0.62715,-0.23026,0.48068,1434.74
quat3,-0.7144,0.05006,-0.66481,-0.21248,1434.74
quat4,-0.63626,-0.18225,-0.58611,0.46737,1434.74
quat5,-0.55822,-0.39187,-0.72283,0.11108,1434.74
quat6,-0.81555,-0.16957,-0.36129,0.41905,1434.74
quat7,-0.70894,-0.33819,-0.27634,0.55378,1434.74
quat8,-0.46697,-0.23771,-0.80855,0.26775,1434.74
quat0,-0.48617,0.41369,-0.09222,-0.7642,1434.76
quat1,-0.13264,-0.77871,-0.24535,0.56198,1434.76
quat2,-0.57691,-0.62996,-0.24374,0.45926,1434.76
quat3,-0.71848,0.04863,-0.65429,-0.23095,1434.76
quat4,-0.64678,-0.18496,-0.59058,0.44572,1434.76
quat5,-0.55823,-0.3796,-0.72765,0.12165,1434.76
quat6,-0.82395,-0.16568,-0.36809,0.39769,1434.76
quat7,-0.71549,-0.34451,-0.28694,0.53577,1434.76
quat8,-0.48031,-0.21218,-0.80941,0.26295,1434.76
quat0,-0.48713,0.40731,-0.07733,-0.76865,1434.78
quat1,-0.12889,-0.78414,-0.25826,0.54937,1434.78
quat2,-0.58394,-0.63219,-0.25754,0.43934,1434.78
quat3,-0.72033,0.04442,-0.6461,-0.2484,1434.78
quat4,-0.65257,-0.19505,-0.5932,0.4292,1434.78
quat5,-0.56245,-0.36553,-0.73004,0.13067,1434.78
quat6,-0.83015,-0.16474,-0.3758,0.37748,1434.78
quat7,-0.71991,-0.35006,-0.29859,0.51964,1434.78
quat8,-0.49456,-0.18871,-0.80872,0.25644,1434.78
quat0,-0.48917,0.39848,-0.06344,-0.77324,1434.8
quat1,-0.12191,-0.78891,-0.2706,0.53809,1434.8
quat2,-0.58928,-0.63368,-0.27258,0.42059,1434.8
quat3,-0.72099,0.03607,-0.64008,-0.263,1434.8
quat4,-0.65279,-0.21069,-0.59708,0.41591,1434.8
quat5,-0.56931,-0.35067,-0.73049,0.13889,1434.8
quat6,-0.83439,-0.16713,-0.38478,0.35751,1434.8
quat7,-0.72177,-0.35687,-0.31111,0.50489,1434.8
quat8,-0.50953,-0.16441,-0.80571,0.25334,1434.8
quat0,-0.49226,0.38825,-0.05089,-0.7774,1434.82
quat1,-0.1117,-0.79252,-0.28139,0.52939,1434.82
quat2,-0.59156,-0.6357,-0.28742,0.40414,1434.82
quat3,-0.72082,0.02456,-0.63589,-0.2747,1434.82
quat4,-0.64881,-0.23039,-0.60115,0.40569,1434.82
quat5,-0.5784,-0.33539,-0.72908,0.14634,1434.82
quat6,-0.83674,-0.16971,-0.39584,0.33818,1434.82
quat7,-0.72184,-0.36221,-0.32425,0.49256,1434.82
quat8,-0.52637,-0.14395,-0.79938,0.25143,1434.82
quat0,-0.49598,0.3764,-0.04055,-0.78146,1434.84
quat1,-0.09896,-0.79477,-0.29121,0.52321,1434.84
quat2,-0.59088,-0.63816,-0.30245,0.39004,1434.84
quat3,-0.7199,0.01135,-0.63307,-0.28433,1434.84
quat4,-0.64096,-0.25038,-0.60784,0.39624,1434.84
quat5,-0.58961,-0.32041,-0.72543,0.15315,1434.84
quat6,-0.83678,-0.17176,-0.40979,0.31996,1434.84
quat7,-0.71953,-0.36712,-0.33891,0.48233,1434.84
quat8,-0.54441,-0.12482,-0.79146,0.24824,1434.84
quat0,-0.50046,0.36349,-0.0325,-0.78508,1434.86
quat1,-0.08512,-0.79567,-0.30025,0.51915,1434.86
quat2,-0.58746,-0.64045,-0.31754,0.37931,1434.86
quat3,-0.71814,-0.00304,-0.63139,-0.2926,1434.86
quat4,-0.63057,-0.26855,-0.61667,0.38728,1434.86
quat5,-0.60274,-0.30661,-0.71906,0.16015,1434.86
quat6,-0.83499,-0.17351,-0.42433,0.30434,1434.86
quat7,-0.7147,-0.37113,-0.35348,0.47595,1434.86
quat8,-0.56353,-0.10888,-0.7811,0.24591,1434.86
quat0,-0.50537,0.34952,-0.02686,-0.78849,1434.88
quat1,-0.071,-0.79496,-0.3084,0.51758,1434.88
quat2,-0.58043,-0.64317,-0.3323,0.37283,1434.88
quat3,-0.71539,-0.01842,-0.63103,-0.29947,1434.88
quat4,-0.61815,-0.28385,-0.62735,0.37914,1434.88
quat5,-0.61675,-0.29497,-0.71034,0.16744,1434.88
quat6,-0.83077,-0.17724,-0.43933,0.29222,1434.88
quat7,-0.70647,-0.37555,-0.36714,0.47442,1434.88
quat8,-0.58273,-0.09542,-0.76976,0.24245,1434.88
quat0,-0.51044,0.33486,-0.02375,-0.79167,1434.9
quat1,-0.05618,-0.79277,-0.31526,0.51862,1434.9
quat2,-0.57121,-0.64516,-0.34647,0.37074,1434.9
quat3,-0.71122,-0.03457,-0.63247,-0.30489,1434.9
quat4,-0.60429,-0.29548,-0.63903,0.37305,1434.9
quat5,-0.63169,-0.28564,-0.69894,0.17564,1434.9
quat6,-0.82496,-0.18276,-0.45291,0.28446,1434.9
quat7,-0.69455,-0.3827,-0.38017,0.47604,1434.9
quat8,-0.60008,-0.08818,-0.75656,0.24442,1434.9
quat0,-0.51532,0.32026,-0.02352,-0.79456,1434.92
quat1,-0.03957,-0.7891,-0.3207,0.52241,1434.92
quat2,-0.5587,-0.64672,-0.36082,0.37338,1434.92
quat3,-0.70589,-0.05118,-0.63548,-0.30866,1434.92
quat4,-0.58812,-0.30407,-0.65125,0.37084,1434.92
quat5,-0.64676,-0.27959,-0.68503,0.1851,1434.92
quat6,-0.81687,-0.19068,-0.46644,0.28071,1434.92
quat7,-0.67895,-0.39278,-0.39302,0.47988,1434.92
quat8,-0.61594,-0.08862,-0.74172,0.25022,1434.92
quat0,-0.52006,0.30596,-0.02642,-0.79701,1434.94
quat1,-0.02307,-0.78387,-0.32499,0.52858,1434.94
quat2,-0.54434,-0.64694,-0.37545,0.37973,1434.94
quat3,-0.69955,-0.06761,-0.63967,-0.31126,1434.94
quat4,-0.57008,-0.31068,-0.66228,0.37399,1434.94
quat5,-0.66165,-0.27738,-0.66839,0.19631,1434.94
quat6,-0.8062,-0.20169,-0.47963,0.28163,1434.94
quat7,-0.66163,-0.40322,-0.40392,0.48632,1434.94
quat8,-0.62976,-0.09407,-0.72731,0.25605,1434.94
quat0,-0.52443,0.29236,-0.03252,-0.79903,1434.96
quat1,-0.00752,-0.77705,-0.32826,0.53701,1434.96
quat2,-0.52592,-0.64766,-0.38928,0.39039,1434.96
quat3,-0.69193,-0.08237,-0.64504,-0.31365,1434.96
quat4,-0.54981,-0.31496,-0.67245,0.38251,1434.96
quat5,-0.67555,-0.27972,-0.64903,0.21012,1434.96
quat6,-0.7931,-0.21558,-0.49236,0.28654,1434.96
quat7,-0.64448,-0.41025,-0.41296,0.49579,1434.96
quat8,-0.64099,-0.10202,-0.71337,0.26426,1434.96
quat0,-0.52826,0.27946,-0.04199,-0.80067,1434.98
quat1,0.00683,-0.76881,-0.33015,0.54762,1434.98
quat2,-0.5043,-0.64965,-0.39997,0.40455,1434.98
quat3,-0.68307,-0.09567,-0.65195,-0.31499,1434.98
quat4,-0.52931,-0.31592,-0.68181,0.39391,1434.98
quat5,-0.68858,-0.28483,-0.6281,0.22409,1434.98
quat6,-0.77954,-0.22977,-0.50294,0.29423,1434.98
quat7,-0.62717,-0.41443,-0.41831,0.50983,1434.98
quat8,-0.64904,-0.1157,-0.70143,0.27084,1434.98
quat0,-0.53133,0.2676,-0.05359,-0.802,1435.0
quat1,0.02078,-0.75922,-0.33023,0.56044,1435.0
quat2,-0.4797,-0.65209,-0.40745,0.42267,1435.0
quat3,-0.67304,-0.10779,-0.66057,-0.31472,1435.0
quat4,-0.51006,-0.31155,-0.69135,0.40597,1435.0
quat5,-0.69846,-0.29375,-0.60644,0.24105,1435.0
quat6,-0.76507,-0.2446,-0.511,0.30614,1435.0
quat7,-0.6086,-0.41659,-0.42064,0.52832,1435.0
quat8,-0.65266,-0.13176,-0.69192,0.27913,1435.0
quat0,-0.53332,0.2569,-0.06622,-0.80323,1435.02
quat1,0.03282,-0.7483,-0.32902,0.57507,1435.02
quat2,-0.45614,-0.65251,-0.4136,0.4417,1435.02
quat3,-0.66216,-0.11857,-0.6706,-0.31271,1435.02
quat4,-0.49272,-0.30401,-0.69952,0.4189,1435.02
quat5,-0.70373,-0.30871,-0.58394,0.26169,1435.02
quat6,-0.75096,-0.26164,-0.51371,0.32205,1435.02
quat7,-0.58939,-0.41803,-0.4171,0.55127,1435.02
quat8,-0.65309,-0.15642,-0.68281,0.28772,1435.02
quat0,-0.53419,0.24786,-0.07857,-0.80439,1435.04
quat1,0.04283,-0.73681,-0.32623,0.59064,1435.04
quat2,-0.43434,-0.65021,-0.41891,0.46161,1435.04
quat3,-0.65092,-0.12758,-0.68189,-0.30831,1435.04
quat4,-0.47612,-0.2929,-0.70621,0.43449,1435.04
quat5,-0.70873,-0.32332,-0.56195,0.27817,1435.04
quat6,-0.73768,-0.27813,-0.51139,0.34199,1435.04
quat7,-0.57016,-0.42088,-0.4062,0.57687,1435.04
quat8,-0.64969,-0.1862,-0.67549,0.29488,1435.04
quat0,-0.53455,0.24103,-0.0903,-0.80499,1435.06
quat1,0.04955,-0.72552,-0.3228,0.60578,1435.06
quat2,-0.4142,-0.64649,-0.42172,0.48232,1435.06
quat3,-0.63992,-0.13444,-0.69442,-0.30034,1435.06
quat4,-0.46043,-0.27964,-0.71004,0.45349,1435.06
quat5,-0.71288,-0.33438,-0.54494,0.28816,1435.06
quat6,-0.72388,-0.29412,-0.50751,0.36321,1435.06
quat7,-0.55003,-0.43125,-0.38985,0.59958,1435.06
quat8,-0.64427,-0.21611,-0.67105,0.29649,1435.06
quat0,-0.53442,0.23566,-0.10186,-0.80528,1435.08
quat1,0.0545,-0.71496,-0.31834,0.6201,1435.08
quat2,-0.39212,-0.64422,-0.41797,0.50648,1435.08
quat3,-0.62983,-0.13828,-0.70733,-0.28963,1435.08
quat4,-0.4457,-0.26728,-0.70949,0.47596,1435.08
quat5,-0.71144,-0.3511,-0.53049,0.2986,1435.08
quat6,-0.70942,-0.30493,-0.50242,0.389,1435.08
quat7,-0.53434,-0.44257,-0.36391,0.62143,1435.08
quat8,-0.63834,-0.23985,-0.67091,0.29134,1435.08
quat0,-0.53372,0.23217,-0.11418,-0.80511,1435.1
quat1,0.05792,-0.70496,-0.31411,0.63326,1435.1
quat2,-0.36656,-0.64683,-0.40325,0.53351,1435.1
quat3,-0.62082,-0.13833,-0.72013,-0.27724,1435.1
quat4,-0.43323,-0.25766,-0.7066,0.49663,1435.1
quat5,-0.70575,-0.37209,-0.51898,0.30679,1435.1
quat6,-0.69712,-0.31372,-0.4939,0.41433,1435.1
quat7,-0.52481,-0.45078,-0.33432,0.64,1435.1
quat8,-0.63251,-0.26301,-0.67051,0.28491,1435.1
quat0,-0.5328,0.23054,-0.12643,-0.80436,1435.12
quat1,0.05984,-0.69517,-0.31053,0.64554,1435.12
quat2,-0.3455,-0.64875,-0.38347,0.5592,1435.12
quat3,-0.61322,-0.13541,-0.73194,-0.26438,1435.12
quat4,-0.42213,-0.24982,-0.70142,0.51711,1435.12
quat5,-0.69797,-0.39406,-0.50999,0.31221,1435.12
quat6,-0.68706,-0.32354,-0.4794,0.43983,1435.12
quat7,-0.52146,-0.44784,-0.31425,0.6548,1435.12
quat8,-0.62845,-0.28267,-0.67024,0.27557,1435.12
quat0,-0.53249,0.23087,-0.13827,-0.80252,1435.14
quat1,0.06054,-0.68691,-0.30606,0.65637,1435.14
quat2,-0.32953,-0.64926,-0.36171,0.58228,1435.14
quat3,-0.60654,-0.13189,-0.74269,-0.25122,1435.14
quat4,-0.41399,-0.24087,-0.69794,0.53242,1435.14
quat5,-0.68926,-0.41643,-0.50362,0.31283,1435.14
quat6,-0.67883,-0.32669,-0.46657,0.46344,1435.14
quat7,-0.52008,-0.43606,-0.3074,0.66698,1435.14
quat8,-0.62529,-0.30066,-0.67023,0.26343,1435.14
quat0,-0.53242,0.23354,-0.1507,-0.79955,1435.16
quat1,0.06105,-0.6802,-0.29941,0.66629,1435.16
quat2,-0.31727,-0.64839,-0.33895,0.60335,1435.16
quat3,-0.60128,-0.12897,-0.75181,-0.2379,1435.16
quat4,-0.40824,-0.22942,-0.6967,0.54342,1435.16
quat5,-0.68476,-0.43135,-0.5021,0.30485,1435.16
quat6,-0.67213,-0.32216,-0.4577,0.48473,1435.16
quat7,-0.51799,-0.42059,-0.30401,0.67998,1435.16
quat8,-0.62239,-0.31656,-0.66968,0.25287,1435.16
quat0,-0.53215,0.23748,-0.16457,-0.79583,1435.18
quat1,0.05949,-0.67529,-0.29099,0.6751,1435.18
quat2,-0.31152,-0.6462,-0.31837,0.61969,1435.18
quat3,-0.59744,-0.12585,-0.75895,-0.22633,1435.18
quat4,-0.40353,-0.21753,-0.69431,0.55478,1435.18
quat5,-0.68451,-0.43914,-0.50421,0.29047,1435.18
quat6,-0.66871,-0.31047,-0.45435,0.5,1435.18
quat7,-0.51806,-0.40505,-0.29977,0.69114,1435.18
quat8,-0.6194,-0.33027,-0.66977,0.24224,1435.18
quat0,-0.53156,0.24243,-0.17799,-0.79183,1435.2
quat1,0.05499,-0.67212,-0.28169,0.68256,1435.2
quat2,-0.31456,-0.64054,-0.30298,0.63164,1435.2
quat3,-0.59442,-0.12216,-0.76497,-0.2158,1435.2
quat4,-0.39967,-0.20673,-0.68929,0.5678,1435.2
quat5,-0.68272,-0.44755,-0.50731,0.2761,1435.2
quat6,-0.66812,-0.29692,-0.44744,0.51504,1435.2
quat7,-0.51864,-0.3919,-0.29326,0.70102,1435.2
quat8,-0.61342,-0.34549,-0.67132,0.23171,1435.2
quat0,-0.53017,0.24996,-0.19015,-0.78758,1435.22
quat1,0.04789,-0.66977,-0.27211,0.68926,1435.22
quat2,-0.32202,-0.63323,-0.2895,0.6415,1435.22
quat3,-0.59227,-0.11644,-0.77031,-0.20562,1435.22
quat4,-0.39718,-0.19747,-0.6827,0.58067,1435.22
quat5,-0.67781,-0.45952,-0.50978,0.26372,1435.22
quat6,-0.66913,-0.28257,-0.44442,0.52432,1435.22
quat7,-0.5221,-0.38106,-0.28574,0.70749,1435.22
quat8,-0.60556,-0.36099,-0.67288,0.22407,1435.22
quat0,-0.5282,0.25986,-0.19984,-0.78329,1435.24
quat1,0.04028,-0.66823,-0.26197,0.69513,1435.24
quat2,-0.33272,-0.62436,-0.27786,0.64982,1435.24
quat3,-0.59077,-0.10809,-0.77527,-0.19561,1435.24
quat4,-0.39697,-0.19023,-0.67426,0.59297,1435.24
quat5,-0.6718,-0.47152,-0.5132,0.25096,1435.24
quat6,-0.67078,-0.26929,-0.43855,0.53405,1435.24
quat7,-0.52695,-0.37342,-0.27631,0.71171,1435.24
quat8,-0.59654,-0.3745,-0.67647,0.21515,1435.24
quat0,-0.52553,0.27239,-0.20675,-0.77903,1435.26
quat1,0.0316,-0.66781,-0.25152,0.69984,1435.26
quat2,-0.3438,-0.61638,-0.26689,0.65624,1435.26
quat3,-0.59024,-0.0981,-0.77947,-0.18554,1435.26
quat4,-0.39883,-0.18497,-0.6648,0.60396,1435.26
quat5,-0.66692,-0.48036,-0.51872,0.23538,1435.26
quat6,-0.67182,-0.26036,-0.43035,0.54375,1435.26
quat7,-0.53205,-0.36617,-0.26366,0.71646,1435.26
quat8,-0.58673,-0.38724,-0.68042,0.20695,1435.26
quat0,-0.52257,0.2862,-0.21187,-0.77468,1435.28
quat1,0.02073,-0.66892,-0.24088,0.70292,1435.28
quat2,-0.35379,-0.61136,-0.25331,0.66099,1435.28
quat3,-0.59156,-0.08736,-0.7823,-0.17446,1435.28
quat4,-0.40308,-0.1823,-0.65228,0.61549,1435.28
quat5,-0.66409,-0.48351,-0.52723,0.21732,1435.28
quat6,-0.67378,-0.25367,-0.4195,0.55289,1435.28
quat7,-0.5393,-0.35893,-0.25187,0.71895,1435.28
quat8,-0.57421,-0.40187,-0.68417,0.20175,1435.28
quat0,-0.51963,0.30112,-0.21438,-0.77029,1435.3
quat1,0.00732,-0.67094,-0.23116,0.70453,1435.3
quat2,-0.36338,-0.60961,-0.23755,0.66326,1435.3
quat3,-0.59533,-0.07553,-0.78312,-0.1631,1435.3
quat4,-0.4093,-0.18208,-0.6383,0.62601,1435.3
quat5,-0.66198,-0.48285,-0.538,0.19801,1435.3
quat6,-0.67686,-0.2469,-0.40661,0.56176,1435.3
quat7,-0.54978,-0.35031,-0.24196,0.71866,1435.3
quat8,-0.55918,-0.41491,-0.68932,0.20003,1435.3
quat0,-0.51671,0.31704,-0.21556,-0.76553,1435.32
quat1,-0.00711,-0.67402,-0.22233,0.70442,1435.32
quat2,-0.37602,-0.60904,-0.22231,0.66201,1435.32
quat3,-0.6016,-0.06283,-0.78146,-0.15312,1435.32
quat4,-0.41925,-0.18244,-0.62457,0.63313,1435.32
quat5,-0.65921,-0.48011,-0.55004,0.17998,1435.32
quat6,-0.6829,-0.23921,-0.39369,0.56696,1435.32
quat7,-0.56336,-0.34099,-0.23264,0.7157,1435.32
quat8,-0.54532,-0.42107,-0.69707,0.19855,1435.32
quat0,-0.51414,0.33312,-0.21414,-0.76081,1435.34
quat1,-0.0206,-0.67874,-0.21339,0.70239,1435.34
quat2,-0.39287,-0.60844,-0.20935,0.65698,1435.34
quat3,-0.61073,-0.05038,-0.77693,-0.14443,1435.34
quat4,-0.43245,-0.18425,-0.61115,0.63681,1435.34
quat5,-0.65277,-0.47912,-0.56312,0.16505,1435.34
quat6,-0.69084,-0.23163,-0.38278,0.56795,1435.34
quat7,-0.57878,-0.33349,-0.2258,0.7091,1435.34
quat8,-0.53147,-0.42216,-0.7068,0.19936,1435.34
quat0,-0.51168,0.3488,-0.20973,-0.75666,1435.36
quat1,-0.03428,-0.68591,-0.20569,0.69717,1435.36
quat2,-0.4131,-0.60682,-0.2001,0.64891,1435.36
quat3,-0.62188,-0.03872,-0.77,-0.13732,1435.36
quat4,-0.4496,-0.18326,-0.6029,0.63308,1435.36
quat5,-0.64552,-0.47722,-0.57678,0.15132,1435.36
quat6,-0.70108,-0.2231,-0.37211,0.56591,1435.36
quat7,-0.59557,-0.32629,-0.2249,0.69875,1435.36
quat8,-0.51776,-0.41954,-0.71752,0.20267,1435.36
quat0,-0.50917,0.36462,-0.20096,-0.75327,1435.38
quat1,-0.0493,-0.69474,-0.2003,0.68905,1435.38
quat2,-0.43333,-0.60642,-0.1919,0.63848,1435.38
quat3,-0.63413,-0.02773,-0.76129,-0.1325,1435.38
quat4,-0.4696,-0.18151,-0.59754,0.62408,1435.38
quat5,-0.63745,-0.47365,-0.59174,0.13841,1435.38
quat6,-0.71294,-0.21545,-0.36238,0.56034,1435.38
quat7,-0.61238,-0.32072,-0.22674,0.68609,1435.38
quat8,-0.50486,-0.41339,-0.72853,0.20849,1435.38
quat0,-0.5066,0.38052,-0.18946,-0.75011,1435.4
quat1,-0.065,-0.7049,-0.19736,0.67819,1435.4
quat2,-0.45272,-0.60838,-0.18336,0.62553,1435.4
quat3,-0.64706,-0.01687,-0.75095,-0.13075,1435.4
quat4,-0.49232,-0.17669,-0.59684,0.60843,1435.4
quat5,-0.62938,-0.46767,-0.60764,0.12622,1435.4
quat6,-0.72541,-0.20919,-0.35455,0.55165,1435.4
quat7,-0.62871,-0.31693,-0.2281,0.6725,1435.4
quat8,-0.49255,-0.40474,-0.73937,0.21661,1435.4
quat0,-0.50411,0.39618,-0.17597,-0.74696,1435.42
quat1,-0.07878,-0.71563,-0.19562,0.66589,1435.42
quat2,-0.47094,-0.61282,-0.17443,0.61012,1435.42
quat3,-0.66058,-0.00669,-0.73914,-0.13136,1435.42
quat4,-0.517,-0.16865,-0.59945,0.5873,1435.42
quat5,-0.61857,-0.46164,-0.62468,0.11843,1435.42
quat6,-0.73823,-0.20213,-0.34868,0.54091,1435.42
quat7,-0.6445,-0.31356,-0.23025,0.65824,1435.42
quat8,-0.48062,-0.39401,-0.74982,0.22703,1435.42
quat0,-0.50205,0.41001,-0.16235,-0.74397,1435.44
quat1,-0.09073,-0.72677,-0.19448,0.65249,1435.44
quat2,-0.48852,-0.61885,-0.16754,0.59186,1435.44
quat3,-0.67418,0.00285,-0.72624,-0.13433,1435.44
quat4,-0.54141,-0.16161,-0.60176,0.56448,1435.44
quat5,-0.60669,-0.45535,-0.64146,0.1145,1435.44
quat6,-0.75194,-0.19434,-0.34398,0.52773,1435.44
quat7,-0.6596,-0.31062,-0.23309,0.64351,1435.44
quat8,-0.47105,-0.3805,-0.75927,0.23841,1435.44
quat0,-0.50072,0.4219,-0.1479,-0.74121,1435.46
quat1,-0.10154,-0.73816,-0.19447,0.63796,1435.46
quat2,-0.50598,-0.62471,-0.16457,0.57152,1435.46
quat3,-0.68714,0.01167,-0.71286,-0.13976,1435.46
quat4,-0.56236,-0.15901,-0.6,0.54632,1435.46
quat5,-0.59493,-0.44692,-0.65828,0.11391,1435.46
quat6,-0.76563,-0.18796,-0.34106,0.512,1435.46
quat7,-0.67387,-0.30729,-0.23819,0.62828,1435.46
quat8,-0.46521,-0.3626,-0.76813,0.24916,1435.46
quat0,-0.50009,0.43128,-0.13293,-0.73908,1435.48
quat1,-0.11212,-0.74984,-0.19616,0.62184,1435.48
quat2,-0.52399,-0.62978,-0.16684,0.54862,1435.48
quat3,-0.69895,0.01871,-0.69959,-0.14729,1435.48
quat4,-0.58002,-0.1643,-0.59444,0.53219,1435.48
quat5,-0.5841,-0.43699,-0.67403,0.1164,1435.48
quat6,-0.77921,-0.1823,-0.33961,0.49423,1435.48
quat7,-0.68596,-0.30603,-0.24545,0.61283,1435.48
quat8,-0.46353,-0.34227,-0.77586,0.25698,1435.48
quat0,-0.50051,0.43837,-0.11715,-0.73729,1435.5
quat1,-0.12232,-0.76115,-0.20015,0.60468,1435.5
quat2,-0.5415,-0.63337,-0.17327,0.52498,1435.5
quat3,-0.70885,0.02298,-0.68742,-0.15636,1435.5
quat4,-0.59566,-0.17286,-0.58805,0.51914,1435.5
quat5,-0.57592,-0.42395,-0.68888,0.11841,1435.5
quat6,-0.79211,-0.177,-0.33976,0.47517,1435.5
quat7,-0.69565,-0.30616,-0.2513,0.59932,1435.5
quat8,-0.46522,-0.31973,-0.78267,0.26224,1435.5
quat0,-0.50232,0.44241,-0.10136,-0.73598,1435.52
quat1,-0.13054,-0.77249,-0.20488,0.58673,1435.52
quat2,-0.55737,-0.63717,-0.18118,0.50052,1435.52
quat3,-0.71749,0.0235,-0.67617,-0.16568,1435.52
quat4,-0.61005,-0.18086,-0.58413,0.50391,1435.52
quat5,-0.57039,-0.40883,-0.70252,0.11825,1435.52
quat6,-0.80463,-0.17234,-0.34034,0.45501,1435.52
quat7,-0.7019,-0.31241,-0.25441,0.58738,1435.52
quat8,-0.47007,-0.29644,-0.78816,0.26448,1435.52
quat0,-0.50602,0.44321,-0.08567,-0.73496,1435.54
quat1,-0.13375,-0.78372,-0.20954,0.5692,1435.54
quat2,-0.57216,-0.6399,-0.19052,0.4763,1435.54
quat3,-0.72542,0.02115,-0.66515,-0.1758,1435.54
quat4,-0.62142,-0.18933,-0.58252,0.48852,1435.54
quat5,-0.5651,-0.39457,-0.71426,0.12168,1435.54
quat6,-0.81562,-0.16876,-0.34239,0.43481,1435.54
quat7,-0.70495,-0.32333,-0.25487,0.57754,1435.54
quat8,-0.47703,-0.27466,-0.79101,0.26704,1435.54
quat0,-0.51191,0.44052,-0.07107,-0.73406,1435.56
quat1,-0.13232,-0.79453,-0.21429,0.55253,1435.56
quat2,-0.58548,-0.64245,-0.20044,0.45199,1435.56
quat3,-0.7331,0.01655,-0.6538,-0.18663,1435.56
quat4,-0.62951,-0.20179,-0.58113,0.47464,1435.56
quat5,-0.56091,-0.38128,-0.72342,0.12908,1435.56
quat6,-0.82465,-0.16804,-0.3454,0.41523,1435.56
quat7,-0.70504,-0.33838,-0.2557,0.56836,1435.56
quat8,-0.48605,-0.25441,-0.79154,0.26926,1435.56
quat0,-0.52003,0.43486,-0.05737,-0.73292,1435.58
quat1,-0.12658,-0.80511,-0.21915,0.53642,1435.58
quat2,-0.59641,-0.64394,-0.21039,0.43055,1435.58
quat3,-0.74038,0.00936,-0.64249,-0.19739,1435.58
quat4,-0.63435,-0.21931,-0.5787,0.46326,1435.58
quat5,-0.56029,-0.36776,-0.72918,0.13832,1435.58
quat6,-0.83106,-0.16834,-0.34988,0.39823,1435.58
quat7,-0.70333,-0.35285,-0.26023,0.55956,1435.58
quat8,-0.49702,-0.23239,-0.79186,0.26819,1435.58
quat0,-0.52977,0.42654,-0.04428,-0.73174,1435.6
quat1,-0.11641,-0.81489,-0.22509,0.52129,1435.6
quat2,-0.60345,-0.646,-0.21849,0.41327,1435.6
quat3,-0.74667,-0.00109,-0.63197,-0.20757,1435.6
quat4,-0.63617,-0.2417,-0.57667,0.45201,1435.6
quat5,-0.56295,-0.35537,-0.73117,0.14896,1435.6
quat6,-0.83459,-0.17139,-0.35579,0.38405,1435.6
quat7,-0.70044,-0.36549,-0.26827,0.55121,1435.6
quat8,-0.5089,-0.20899,-0.79195,0.26489,1435.6
quat0,-0.54082,0.41568,-0.03179,-0.73056,1435.62
quat1,-0.10142,-0.82289,-0.23163,0.50884,1435.62
quat2,-0.60642,-0.64958,-0.22364,0.40037,1435.62
quat3,-0.75125,-0.01493,-0.6231,-0.21715,1435.62
quat4,-0.63443,-0.26583,-0.57703,0.4403,1435.62
quat5,-0.56885,-0.34352,-0.73008,0.15933,1435.62
quat6,-0.8358,-0.17564,-0.36355,0.37206,1435.62
quat7,-0.69793,-0.37498,-0.279,0.54262,1435.62
quat8,-0.52153,-0.18685,-0.79044,0.26133,1435.62
quat0,-0.55292,0.40312,-0.02148,-0.72891,1435.64
quat1,-0.08263,-0.8289,-0.23735,0.49976,1435.64
quat2,-0.60656,-0.65386,-0.22757,0.39086,1435.64
quat3,-0.7548,-0.03316,-0.61578,-0.2236,1435.64
quat4,-0.62812,-0.29259,-0.57887,0.42985,1435.64
quat5,-0.57785,-0.33157,-0.72685,0.16686,1435.64
quat6,-0.83454,-0.18099,-0.37454,0.36125,1435.64
quat7,-0.69468,-0.38331,-0.29231,0.5339,1435.64
quat8,-0.53534,-0.166,-0.78722,0.25718,1435.64
quat0,-0.5656,0.38883,-0.01387,-0.72713,1435.66
quat1,-0.06134,-0.83309,-0.2413,0.49393,1435.66
quat2,-0.60395,-0.65823,-0.23092,0.38557,1435.66
quat3,-0.75809,-0.05579,-0.60921,-0.22594,1435.66
quat4,-0.61507,-0.3224,-0.5802,0.42558,1435.66
quat5,-0.5891,-0.31986,-0.72155,0.17325,1435.66
quat6,-0.83115,-0.18693,-0.38719,0.3526,1435.66
quat7,-0.68907,-0.39135,-0.30488,0.52828,1435.66
quat8,-0.55045,-0.14733,-0.78184,0.25302,1435.66
quat0,-0.57808,0.37324,-0.00896,-0.72556,1435.68
quat1,-0.03805,-0.83512,-0.24397,0.49152,1435.68
quat2,-0.59709,-0.66323,-0.23464,0.38543,1435.68
quat3,-0.7602,-0.07955,-0.6038,-0.22625,1435.68
quat4,-0.59711,-0.35181,-0.58211,0.42524,1435.68
quat5,-0.60147,-0.31003,-0.71412,0.17931,1435.68
quat6,-0.82533,-0.19374,-0.40087,0.34728,1435.68
quat7,-0.68035,-0.39946,-0.31662,0.5266,1435.68
quat8,-0.56484,-0.13202,-0.77538,0.24962,1435.68
quat0,-0.58996,0.35643,-0.00762,-0.72446,1435.7
quat1,-0.01423,-0.83521,-0.24577,0.49175,1435.7
quat2,-0.5879,-0.66718,-0.23938,0.3898,1435.7
quat3,-0.75937,-0.10345,-0.60114,-0.22646,1435.7
quat4,-0.5792,-0.37405,-0.58655,0.42494,1435.7
quat5,-0.61508,-0.30245,-0.70384,0.18659,1435.7
quat6,-0.81784,-0.20188,-0.41358,0.34546,1435.7
quat7,-0.66926,-0.40776,-0.32602,0.52871,1435.7
quat8,-0.57801,-0.12157,-0.76761,0.24881,1435.7
quat0,-0.60067,0.33921,-0.0097,-0.7239,1435.72
quat1,0.00825,-0.83327,-0.24767,0.49422,1435.72
quat2,-0.57883,-0.66822,-0.24636,0.39717,1435.72
quat3,-0.75539,-0.12555,-0.60182,-0.22678,1435.72
quat4,-0.56215,-0.38884,-0.59366,0.42469,1435.72
quat5,-0.62881,-0.29949,-0.69,0.19702,1435.72
quat6,-0.80848,-0.2121,-0.42582,0.34648,1435.72
quat7,-0.65549,-0.41612,-0.33459,0.53406,1435.72
quat8,-0.58943,-0.11746,-0.75829,0.25252,1435.72
quat0,-0.61056,0.3218,-0.01529,-0.72348,1435.74
quat1,0.02862,-0.82918,-0.24932,0.49948,1435.74
quat2,-0.56822,-0.66768,-0.2554,0.40755,1435.74
quat3,-0.74895,-0.14466,-0.60509,-0.22806,1435.74
quat4,-0.54455,-0.39863,-0.60136,0.42771,1435.74
quat5,-0.64336,-0.29949,-0.67214,0.21125,1435.74
quat6,-0.79689,-0.22449,-0.43773,0.35067,1435.74
quat7,-0.63882,-0.42475,-0.34321,0.54194,1435.74
quat8,-0.59999,-0.11966,-0.74671,0.261,1435.74
quat0,-0.61934,0.30546,-0.02303,-0.7229,1435.76
quat1,0.04803,-0.82288,-0.2501,0.50794,1435.76
quat2,-0.55362,-0.66792,-0.26426,0.42138,1435.76
quat3,-0.74066,-0.16146,-0.61052,-0.22941,1435.76
quat4,-0.52497,-0.40489,-0.6094,0.43485,1435.76
quat5,-0.65924,-0.30067,-0.65004,0.22901,1435.76
quat6,-0.78356,-0.2352,-0.44989,0.35822,1435.76
quat7,-0.61927,-0.43284,-0.3519,0.55256,1435.76
quat8,-0.60845,-0.12976,-0.73346,0.27384,1435.76
quat0,-0.62692,0.29046,-0.03359,-0.72213,1435.78
quat1,0.06799,-0.8146,-0.2489,0.51947,1435.78
quat2,-0.53185,-0.67215,-0.26958,0.43894,1435.78
quat3,-0.73122,-0.1775,-0.61767,-0.22865,1435.78
quat4,-0.50544,-0.40644,-0.61849,0.44363,1435.78
quat5,-0.6724,-0.30534,-0.6272,0.24752,1435.78
quat6,-0.7697,-0.24498,-0.45976,0.36899,1435.78
quat7,-0.59818,-0.43978,-0.35794,0.56626,1435.78
quat8,-0.61564,-0.14708,-0.7194,0.28604,1435.78
quat0,-0.63318,0.27731,-0.04598,-0.72116,1435.8
quat1,0.08835,-0.8044,-0.24644,0.5333,1435.8
quat2,-0.5028,-0.67941,-0.27115,0.46052,1435.8
quat3,-0.72094,-0.19239,-0.62664,-0.22486,1435.8
quat4,-0.48615,-0.40272,-0.6295,0.45299,1435.8
quat5,-0.68258,-0.31275,-0.60463,0.2659,1435.8
quat6,-0.75322,-0.26109,-0.4663,0.38348,1435.8
quat7,-0.57615,-0.44391,-0.36107,0.58363,1435.8
quat8,-0.61959,-0.16951,-0.70646,0.29713,1435.8
quat0,-0.63799,0.26629,-0.06024,-0.72002,1435.82
quat1,0.10691,-0.79316,-0.24295,0.54813,1435.82
quat2,-0.47154,-0.68598,-0.2702,0.48381,1435.82
quat3,-0.70983,-0.20519,-0.63743,-0.21845,1435.82
quat4,-0.46604,-0.39731,-0.63913,0.46525,1435.82
quat5,-0.69037,-0.32166,-0.58319,0.2825,1435.82
quat6,-0.73499,-0.28295,-0.46614,0.40304,1435.82
quat7,-0.55332,-0.44767,-0.36057,0.60284,1435.82
quat8,-0.62244,-0.19728,-0.69263,0.30646,1435.82
quat0,-0.64137,0.25755,-0.07526,-0.71878,1435.84
quat1,0.12294,-0.78171,-0.23878,0.56285,1435.84
quat2,-0.44171,-0.68905,-0.26833,0.50803,1435.84
quat3,-0.69827,-0.21558,-0.64958,-0.20973,1435.84
quat4,-0.44402,-0.39072,-0.64482,0.48414,1435.84
quat5,-0.69369,-0.33358,-0.56381,0.29939,1435.84
quat6,-0.71639,-0.30438,-0.46206,0.42502,1435.84
quat7,-0.5316,-0.44985,-0.35564,0.62334,1435.84
quat8,-0.62258,-0.22626,-0.68334,0.30699,1435.84
quat0,-0.64366,0.25034,-0.09166,-0.71737,1435.86
quat1,0.13486,-0.77058,-0.23291,0.57773,1435.86
quat2,-0.41414,-0.68943,-0.26513,0.53186,1435.86
quat3,-0.68645,-0.22285,-0.66258,-0.20027,1435.86
quat4,-0.42296,-0.38213,-0.64682,0.50667,1435.86
quat5,-0.69233,-0.35183,-0.54383,0.31803,1435.86
quat6,-0.69977,-0.31795,-0.45772,0.44691,1435.86
quat7,-0.51034,-0.4521,-0.34638,0.64434,1435.86
quat8,-0.61974,-0.25124,-0.67875,0.30347,1435.86
quat0,-0.64506,0.24455,-0.10834,-0.71579,1435.88
quat1,0.14284,-0.76036,-0.2248,0.59238,1435.88
quat2,-0.38825,-0.68729,-0.2621,0.55516,1435.88
quat3,-0.67467,-0.22623,-0.67602,-0.19142,1435.88
quat4,-0.40588,-0.37079,-0.64694,0.52844,1435.88
quat5,-0.6888,-0.37114,-0.52492,0.33508,1435.88
quat6,-0.68348,-0.32872,-0.45252,0.46907,1435.88
quat7,-0.49015,-0.45485,-0.33342,0.66461,1435.88
quat8,-0.61454,-0.27921,-0.67223,0.30412,1435.88
quat0,-0.64588,0.24012,-0.1255,-0.71375,1435.9
quat1,0.14655,-0.7514,-0.21589,0.60606,1435.9
quat2,-0.363,-0.68495,-0.25656,0.57728,1435.9
quat3,-0.66368,-0.22638,-0.68954,-0.18113,1435.9
quat4,-0.3909,-0.36114,-0.64368,0.54995,1435.9
quat5,-0.68403,-0.39109,-0.50792,0.34808,1435.9
quat6,-0.66862,-0.33732,-0.44326,0.49263,1435.9
quat7,-0.47545,-0.4582,-0.31988,0.67947,1435.9
quat8,-0.61018,-0.30349,-0.66797,0.29897,1435.9
quat0,-0.64633,0.23814,-0.1418,-0.71094,1435.92
quat1,0.14763,-0.74405,-0.20703,0.61784,1435.92
quat2,-0.33742,-0.68506,-0.24359,0.59791,1435.92
quat3,-0.65395,-0.22374,-0.70284,-0.16823,1435.92
quat4,-0.37939,-0.35374,-0.6391,0.56787,1435.92
quat5,-0.68026,-0.40823,-0.49623,0.35262,1435.92
quat6,-0.65655,-0.34206,-0.43363,0.51371,1435.92
quat7,-0.46933,-0.45215,-0.307,0.69357,1435.92
quat8,-0.60741,-0.32139,-0.66699,0.28791,1435.92
quat0,-0.64637,0.23897,-0.15712,-0.7074,1435.94
quat1,0.14558,-0.73798,-0.19909,0.62814,1435.94
quat2,-0.32123,-0.68147,-0.23133,0.61555,1435.94
quat3,-0.6457,-0.21988,-0.71492,-0.15364,1435.94
quat4,-0.37128,-0.34689,-0.63663,0.5801,1435.94
quat5,-0.67746,-0.42287,-0.48921,0.35057,1435.94
quat6,-0.64649,-0.34166,-0.42613,0.53267,1435.94
quat7,-0.46227,-0.44462,-0.29605,0.70779,1435.94
quat8,-0.60379,-0.33839,-0.66553,0.27929,1435.94
quat0,-0.64562,0.24221,-0.17115,-0.70371,1435.96
quat1,0.14131,-0.73301,-0.19106,0.63736,1435.96
quat2,-0.31179,-0.67582,-0.22071,0.63036,1435.96
quat3,-0.63904,-0.21583,-0.72517,-0.13848,1435.96
quat4,-0.36754,-0.33858,-0.63515,0.58895,1435.96
quat5,-0.67426,-0.43708,-0.48499,0.34513,1435.96
quat6,-0.63672,-0.34101,-0.42052,0.54906,1435.96
quat7,-0.45562,-0.4377,-0.28695,0.72006,1435.96
quat8,-0.59878,-0.35503,-0.66406,0.27283,1435.96
quat0,-0.64418,0.24725,-0.18397,-0.70004,1435.98
quat1,0.13611,-0.72879,-0.18139,0.64609,1435.98
quat2,-0.30606,-0.67077,-0.20923,0.64235,1435.98
quat3,-0.63516,-0.2114,-0.73234,-0.12477,1435.98
quat4,-0.36666,-0.33032,-0.63258,0.5969,1435.98
quat5,-0.67297,-0.44799,-0.48333,0.33587,1435.98
quat6,-0.62959,-0.33728,-0.41467,0.56384,1435.98
quat7,-0.45475,-0.43031,-0.28098,0.72738,1435.98
quat8,-0.595,-0.36677,-0.66396,0.26573,1435.98
quat0,-0.64252,0.25381,-0.19616,-0.69589,1436.0
quat1,0.12998,-0.72616,-0.16973,0.65345,1436.0
quat2,-0.30339,-0.66533,-0.19796,0.65276,1436.0
quat3,-0.63376,-0.2057,-0.73692,-0.11394,1436.0
quat4,-0.36816,-0.3223,-0.62953,0.60355,1436.0
quat5,-0.67197,-0.457,-0.48413,0.3244,1436.0
quat6,-0.62575,-0.32927,-0.40951,0.57647,1436.0
quat7,-0.4591,-0.42257,-0.27585,0.73114,1436.0
quat8,-0.59168,-0.37564,-0.66494,0.25819,1436.0
quat0,-0.64037,0.2621,-0.20686,-0.69169,1436.02
quat1,0.12187,-0.72511,-0.15778,0.65914,1436.02
quat2,-0.30423,-0.65979,-0.18648,0.66133,1436.02
quat3,-0.63427,-0.19776,-0.73993,-0.10536,1436.02
quat4,-0.37394,-0.31348,-0.62787,0.60636,1436.02
quat5,-0.66992,-0.46572,-0.48657,0.31234,1436.02
quat6,-0.62345,-0.32291,-0.405,0.58567,1436.02
quat7,-0.46443,-0.41491,-0.26752,0.73525,1436.02
quat8,-0.58762,-0.38125,-0.66927,0.24784,1436.02
quat0,-0.63762,0.27253,-0.21491,-0.68774,1436.04
quat1,0.11133,-0.72532,-0.14762,0.66312,1436.04
quat2,-0.30993,-0.653,-0.17729,0.66791,1436.04
quat3,-0.6363,-0.18837,-0.74171,-0.09747,1436.04
quat4,-0.38188,-0.30424,-0.62477,0.60932,1436.04
quat5,-0.66745,-0.47386,-0.49034,0.29923,1436.04
quat6,-0.62336,-0.31511,-0.39891,0.59414,1436.04
quat7,-0.47277,-0.40687,-0.25652,0.73834,1436.04
quat8,-0.58243,-0.38557,-0.67488,0.238,1436.04
quat0,-0.63395,0.28469,-0.22101,-0.68426,1436.06
quat1,0.09912,-0.72654,-0.13866,0.66565,1436.06
quat2,-0.31729,-0.64713,-0.16832,0.67248,1436.06
quat3,-0.63975,-0.17796,-0.7423,-0.08967,1436.06
quat4,-0.39239,-0.29588,-0.62044,0.61118,1436.06
quat5,-0.66497,-0.47983,-0.4966,0.28455,1436.06
quat6,-0.62354,-0.30887,-0.39202,0.60176,1436.06
quat7,-0.48219,-0.39834,-0.24689,0.74018,1436.06
quat8,-0.57588,-0.38962,-0.6812,0.22919,1436.06
quat0,-0.62953,0.29764,-0.22542,-0.68139,1436.08
quat1,0.08574,-0.72837,-0.13088,0.66708,1436.08
quat2,-0.32627,-0.64226,-0.15917,0.67507,1436.08
quat3,-0.64414,-0.16659,-0.74195,-0.08273,1436.08
quat4,-0.40452,-0.28784,-0.61613,0.61147,1436.08
quat5,-0.66248,-0.48338,-0.50531,0.26857,1436.08
quat6,-0.62602,-0.30149,-0.38539,0.60719,1436.08
quat7,-0.49343,-0.39021,-0.23958,0.7395,1436.08
quat8,-0.56796,-0.39307,-0.68842,0.22136,1436.08
quat0,-0.62499,0.31077,-0.22838,-0.67871,1436.1
quat1,0.07196,-0.73093,-0.12368,0.66728,1436.1
quat2,-0.33511,-0.63936,-0.14773,0.67609,1436.1
quat3,-0.64956,-0.15432,-0.74053,-0.07669,1436.1
quat4,-0.4174,-0.28036,-0.61251,0.60992,1436.1
quat5,-0.66095,-0.48361,-0.51566,0.25171,1436.1
quat6,-0.63106,-0.29255,-0.37859,0.61061,1436.1
quat7,-0.50607,-0.38469,-0.23515,0.73526,1436.1
quat8,-0.55902,-0.39553,-0.6963,0.21498,1436.1
quat0,-0.62014,0.32434,-0.22963,-0.67639,1436.12
quat1,0.05818,-0.73455,-0.11576,0.66607,1436.12
quat2,-0.34737,-0.63671,-0.13833,0.67439,1436.12
quat3,-0.65622,-0.14116,-0.73767,-0.07268,1436.12
quat4,-0.43257,-0.27246,-0.60938,0.60606,1436.12
quat5,-0.65913,-0.48195,-0.52749,0.23457,1436.12
quat6,-0.63746,-0.28472,-0.37235,0.61151,1436.12
quat7,-0.52019,-0.37886,-0.23089,0.72976,1436.12
quat8,-0.5492,-0.39724,-0.70427,0.21116,1436.12
quat0,-0.61497,0.33855,-0.22757,-0.67484,1436.14
quat1,0.04415,-0.73913,-0.10922,0.66318,1436.14
quat2,-0.36275,-0.63391,-0.13205,0.67017,1436.14
quat3,-0.66373,-0.12805,-0.73356,-0.07041,1436.14
quat4,-0.44825,-0.26559,-0.60597,0.60111,1436.14
quat5,-0.65489,-0.48107,-0.54018,0.21888,1436.14
quat6,-0.64598,-0.27495,-0.36775,0.60981,1436.14
quat7,-0.53428,-0.37347,-0.22864,0.72304,1436.14
quat8,-0.53877,-0.39766,-0.71233,0.2102,1436.14
quat0,-0.60951,0.35326,-0.22338,-0.67364,1436.16
quat1,0.02828,-0.7449,-0.10544,0.65818,1436.16
quat2,-0.38003,-0.63212,-0.12672,0.66328,1436.16
quat3,-0.67191,-0.11438,-0.72842,-0.06969,1436.16
quat4,-0.46411,-0.26126,-0.60067,0.59627,1436.16
quat5,-0.65031,-0.4783,-0.55425,0.20283,1436.16
quat6,-0.65659,-0.26553,-0.36162,0.60631,1436.16
quat7,-0.54865,-0.3678,-0.22823,0.71528,1436.16
quat8,-0.52873,-0.39514,-0.72125,0.21003,1436.16
quat0,-0.60383,0.36825,-0.21667,-0.67292,1436.18
quat1,0.0121,-0.75151,-0.10382,0.65139,1436.18
quat2,-0.39693,-0.63232,-0.12111,0.65418,1436.18
quat3,-0.68084,-0.10125,-0.72205,-0.06957,1436.18
quat4,-0.48043,-0.2574,-0.59516,0.59052,1436.18
quat5,-0.64405,-0.47415,-0.57002,0.18831,1436.18
quat6,-0.66874,-0.25741,-0.35513,0.60034,1436.18
quat7,-0.56346,-0.36225,-0.2296,0.70609,1436.18
quat8,-0.51802,-0.39152,-0.73026,0.21235,1436.18
quat0,-0.59816,0.38267,-0.20773,-0.67276,1436.2
quat1,-0.00364,-0.75881,-0.10342,0.64304,1436.2
quat2,-0.41461,-0.63411,-0.11436,0.64259,1436.2
quat3,-0.69029,-0.08852,-0.71458,-0.07101,1436.2
quat4,-0.49748,-0.2553,-0.58812,0.58434,1436.2
quat5,-0.63694,-0.4688,-0.5868,0.17379,1436.2
quat6,-0.6823,-0.24829,-0.34991,0.59193,1436.2
quat7,-0.5783,-0.3586,-0.22805,0.6964,1436.2
quat8,-0.5069,-0.38603,-0.73937,0.21764,1436.2
quat0,-0.59239,0.39708,-0.19652,-0.67289,1436.22
quat1,-0.01841,-0.76667,-0.10395,0.63331,1436.22
quat2,-0.43225,-0.63654,-0.10966,0.62925,1436.22
quat3,-0.69987,-0.0754,-0.70634,-0.07472,1436.22
quat4,-0.51418,-0.2548,-0.58121,0.57697,1436.22
quat5,-0.63022,-0.46027,-0.60487,0.15845,1436.22
quat6,-0.69702,-0.23832,-0.34754,0.58016,1436.22
quat7,-0.59259,-0.35751,-0.22698,0.68521,1436.22
quat8,-0.49395,-0.37987,-0.74821,0.22779,1436.22
quat0,-0.58622,0.4113,-0.18336,-0.67346,1436.24
quat1,-0.03322,-0.77521,-0.10505,0.62203,1436.24
quat2,-0.45017,-0.64052,-0.10547,0.61315,1436.24
quat3,-0.70919,-0.06208,-0.6976,-0.08088,1436.24
quat4,-0.53168,-0.25469,-0.5729,0.56942,1436.24
quat5,-0.62239,-0.45013,-0.62392,0.14401,1436.24
quat6,-0.71279,-0.23058,-0.34282,0.56679,1436.24
quat7,-0.60663,-0.35545,-0.22686,0.67394,1436.24
quat8,-0.48157,-0.37255,-0.75615,0.23986,1436.24
quat0,-0.5798,0.42511,-0.1692,-0.67416,1436.26
quat1,-0.04824,-0.78427,-0.10778,0.60908,1436.26
quat2,-0.4689,-0.64466,-0.10418,0.59472,1436.26
quat3,-0.71854,-0.04931,-0.68813,-0.08799,1436.26
quat4,-0.54874,-0.25573,-0.5643,0.5613,1436.26
quat5,-0.61359,-0.43759,-0.6443,0.13,1436.26
quat6,-0.72922,-0.22249,-0.33967,0.55078,1436.26
quat7,-0.62093,-0.35145,-0.23132,0.66137,1436.26
quat8,-0.4707,-0.36252,-0.76393,0.25185,1436.26
quat0,-0.5735,0.43767,-0.15459,-0.67501,1436.28
quat1,-0.06338,-0.79367,-0.11145,0.59468,1436.28
quat2,-0.49005,-0.64751,-0.10767,0.57358,1436.28
quat3,-0.7277,-0.03678,-0.67812,-0.09621,1436.28
quat4,-0.56584,-0.25778,-0.55557,0.55201,1436.28
quat5,-0.60284,-0.42533,-0.66429,0.11996,1436.28
quat6,-0.74705,-0.21247,-0.3384,0.53128,1436.28
quat7,-0.63464,-0.34781,-0.23577,0.64859,1436.28
quat8,-0.46297,-0.34833,-0.77172,0.26225,1436.28
quat0,-0.5677,0.44853,-0.13849,-0.67628,1436.3
quat1,-0.07735,-0.80305,-0.11635,0.5793,1436.3
quat2,-0.51258,-0.64763,-0.11649,0.5516,1436.3
quat3,-0.73647,-0.02475,-0.66779,-0.10517,1436.3
quat4,-0.58125,-0.26116,-0.54948,0.54038,1436.3
quat5,-0.59099,-0.41318,-0.68334,0.11432,1436.3
quat6,-0.76378,-0.20267,-0.33948,0.51021,1436.3
quat7,-0.64786,-0.34804,-0.24194,0.63294,1436.3
quat8,-0.45898,-0.33022,-0.77954,0.26946,1436.3
quat0,-0.56275,0.45725,-0.12144,-0.67786,1436.32
quat1,-0.0902,-0.81251,-0.12228,0.56279,1436.32
quat2,-0.53464,-0.64628,-0.12795,0.52926,1436.32
quat3,-0.74456,-0.01435,-0.65734,-0.11549,1436.32
quat4,-0.59675,-0.2636,-0.54501,0.52666,1436.32
quat5,-0.57984,-0.40174,-0.69977,0.11276,1436.32
quat6,-0.77922,-0.19383,-0.34096,0.48886,1436.32
quat7,-0.66014,-0.34827,-0.2469,0.61803,1436.32
quat8,-0.4581,-0.31015,-0.7865,0.27453,1436.32
quat0,-0.5597,0.46278,-0.10436,-0.67947,1436.34
quat1,-0.1004,-0.82179,-0.12928,0.54577,1436.34
quat2,-0.55425,-0.64423,-0.13976,0.50817,1436.34
quat3,-0.75227,-0.00657,-0.64653,-0.12667,1436.34
quat4,-0.61044,-0.2666,-0.54244,0.5119,1436.34
quat5,-0.56999,-0.39067,-0.71366,0.11482,1436.34
quat6,-0.79216,-0.18726,-0.34229,0.46931,1436.34
quat7,-0.66999,-0.35019,-0.24993,0.605,1436.34
quat8,-0.46017,-0.29007,-0.79242,0.27601,1436.34
quat0,-0.55882,0.46463,-0.08847,-0.68118,1436.36
quat1,-0.10732,-0.83021,-0.13724,0.52952,1436.36
quat2,-0.57012,-0.64378,-0.15002,0.48786,1436.36
quat3,-0.7594,-0.00298,-0.63572,-0.13842,1436.36
quat4,-0.62219,-0.26929,-0.54261,0.49591,1436.36
quat5,-0.5623,-0.37983,-0.72476,0.11946,1436.36
quat6,-0.80271,-0.1825,-0.34398,0.4517,1436.36
quat7,-0.67669,-0.3554,-0.25114,0.59389,1436.36
quat8,-0.46417,-0.26999,-0.79709,0.27624,1436.36
quat0,-0.56047,0.46236,-0.07351,-0.68314,1436.38
quat1,-0.10935,-0.83743,-0.14583,0.51525,1436.38
quat2,-0.58194,-0.64428,-0.1585,0.47024,1436.38
quat3,-0.76599,-0.00475,-0.62516,-0.14972,1436.38
quat4,-0.62991,-0.27511,-0.54224,0.48322,1436.38
quat5,-0.55703,-0.37024,-0.73246,0.12706,1436.38
quat6,-0.81085,-0.17796,-0.34652,0.43678,1436.38
quat7,-0.68028,-0.36228,-0.25253,0.58498,1436.38
quat8,-0.47012,-0.24936,-0.80055,0.27554,1436.38
quat0,-0.56458,0.45588,-0.05985,-0.68546,1436.4
quat1,-0.1053,-0.84376,-0.1537,0.50334,1436.4
quat2,-0.59008,-0.64605,-0.16541,0.45504,1436.4
quat3,-0.77143,-0.01196,-0.61546,-0.16113,1436.4
quat4,-0.63286,-0.28757,-0.54005,0.47448,1436.4
quat5,-0.55517,-0.36093,-0.73677,0.13671,1436.4
quat6,-0.81646,-0.17468,-0.35095,0.42394,1436.4
quat7,-0.68137,-0.37077,-0.25593,0.57685,1436.4
quat8,-0.47787,-0.22833,-0.80263,0.2744,1436.4
quat0,-0.57072,0.44596,-0.04738,-0.68786,1436.42
quat1,-0.09534,-0.84899,-0.16094,0.49419,1436.42
quat2,-0.59374,-0.6498,-0.1707,0.44283,1436.42
quat3,-0.77515,-0.02345,-0.6073,-0.17257,1436.42
quat4,-0.63252,-0.30198,-0.5398,0.4662,1436.42
quat5,-0.55657,-0.35199,-0.73809,0.14682,1436.42
quat6,-0.8199,-0.17319,-0.35689,0.41278,1436.42
quat7,-0.68083,-0.37727,-0.26384,0.56967,1436.42
quat8,-0.48765,-0.20764,-0.80311,0.2722,1436.42
quat0,-0.57804,0.43352,-0.03637,-0.69037,1436.44
quat1,-0.08021,-0.85302,-0.1672,0.48781,1436.44
quat2,-0.59294,-0.65618,-0.17533,0.43256,1436.44
quat3,-0.77742,-0.03857,-0.60075,-0.18228,1436.44
quat4,-0.62994,-0.31498,-0.54412,0.45596,1436.44
quat5,-0.56066,-0.34311,-0.73729,0.15602,1436.44
quat6,-0.82136,-0.17548,-0.36553,0.40119,1436.44
quat7,-0.67867,-0.38318,-0.2753,0.56284,1436.44
quat8,-0.49978,-0.18853,-0.80211,0.267,1436.44
quat0,-0.58632,0.41921,-0.0268,-0.69266,1436.46
quat1,-0.06075,-0.85581,-0.17153,0.48423,1436.46
quat2,-0.58881,-0.6641,-0.17948,0.42434,1436.46
quat3,-0.77847,-0.05777,-0.59568,-0.18922,1436.46
quat4,-0.6241,-0.32786,-0.55114,0.44637,1436.46
quat5,-0.567,-0.33387,-0.73481,0.16459,1436.46
quat6,-0.82088,-0.18069,-0.37517,0.39084,1436.46
quat7,-0.67449,-0.38947,-0.28591,0.55824,1436.46
quat8,-0.51279,-0.17144,-0.7992,0.26257,1436.46
quat0,-0.5951,0.40333,-0.01985,-0.69483,1436.48
quat1,-0.0382,-0.85728,-0.17451,0.48286,1436.48
quat2,-0.58281,-0.67214,-0.18552,0.4173,1436.48
quat3,-0.77808,-0.0797,-0.5922,-0.19376,1436.48
quat4,-0.61321,-0.34387,-0.55941,0.43907,1436.48
quat5,-0.57531,-0.32456,-0.73028,0.17428,1436.48
quat6,-0.81868,-0.18914,-0.38647,0.38031,1436.48
quat7,-0.66801,-0.39667,-0.2959,0.55575,1436.48
quat8,-0.52711,-0.15752,-0.79318,0.26116,1436.48
quat0,-0.60416,0.38572,-0.01595,-0.6971,1436.5
quat1,-0.01552,-0.8573,-0.17724,0.4831,1436.5
quat2,-0.57879,-0.67609,-0.19524,0.41205,1436.5
quat3,-0.77611,-0.10287,-0.59011,-0.19706,1436.5
quat4,-0.5978,-0.36178,-0.56746,0.4356,1436.5
quat5,-0.58577,-0.31528,-0.7237,0.18367,1436.5
quat6,-0.81496,-0.19744,-0.39819,0.3719,1436.5
quat7,-0.65932,-0.40394,-0.30528,0.55582,1436.5
quat8,-0.54227,-0.14701,-0.78469,0.2619,1436.5
quat0,-0.61291,0.36753,-0.01441,-0.69933,1436.52
quat1,0.00391,-0.85604,-0.18244,0.48363,1436.52
quat2,-0.57449,-0.67724,-0.20809,0.40988,1436.52
quat3,-0.77232,-0.12583,-0.5898,-0.19954,1436.52
quat4,-0.579,-0.37933,-0.57591,0.43496,1436.52
quat5,-0.59837,-0.30628,-0.7148,0.19286,1436.52
quat6,-0.81055,-0.20465,-0.41051,0.36416,1436.52
quat7,-0.64852,-0.4106,-0.31501,0.55821,1436.52
quat8,-0.5576,-0.13921,-0.77426,0.26502,1436.52
quat0,-0.62116,0.3488,-0.01552,-0.70161,1436.54
quat1,0.02117,-0.85366,-0.18881,0.48494,1436.54
quat2,-0.56933,-0.67654,-0.22206,0.4109,1436.54
quat3,-0.76665,-0.14866,-0.59117,-0.20165,1436.54
quat4,-0.55868,-0.39463,-0.58466,0.43626,1436.54
quat5,-0.61236,-0.29866,-0.70355,0.20209,1436.54
quat6,-0.80483,-0.21127,-0.4236,0.35802,1436.54
quat7,-0.63587,-0.41803,-0.32415,0.562,1436.54
quat8,-0.57254,-0.1337,-0.76313,0.26825,1436.54
quat0,-0.62853,0.33052,-0.01866,-0.70382,1436.56
quat1,0.03761,-0.84931,-0.19546,0.48893,1436.56
quat2,-0.56134,-0.67582,-0.23603,0.41529,1436.56
quat3,-0.75916,-0.17003,-0.59432,-0.20384,1436.56
quat4,-0.53647,-0.40844,-0.59285,0.44035,1436.56
quat5,-0.62615,-0.29481,-0.68944,0.21376,1436.56
quat6,-0.79737,-0.2173,-0.43779,0.35402,1436.56
quat7,-0.62178,-0.42618,-0.33451,0.56556,1436.56
quat8,-0.58584,-0.1291,-0.75199,0.27321,1436.56
quat0,-0.63481,0.31294,-0.02417,-0.70605,1436.58
quat1,0.05425,-0.84254,-0.20143,0.49659,1436.58
quat2,-0.55039,-0.67616,-0.24853,0.42202,1436.58
quat3,-0.75023,-0.1892,-0.59921,-0.20569,1436.58
quat4,-0.51339,-0.41997,-0.60032,0.44684,1436.58
quat5,-0.63949,-0.29456,-0.67289,0.22694,1436.58
quat6,-0.78855,-0.22378,-0.45058,0.35368,1436.58
quat7,-0.6071,-0.43424,-0.34373,0.56983,1436.58
quat8,-0.59811,-0.12599,-0.74094,0.27821,1436.58
quat0,-0.63985,0.29684,-0.03245,-0.70812,1436.6
quat1,0.07151,-0.83389,-0.20513,0.50738,1436.6
quat2,-0.53413,-0.6785,-0.25989,0.4322,1436.6
quat3,-0.74013,-0.20583,-0.60608,-0.20618,1436.6
quat4,-0.49062,-0.42756,-0.60769,0.45519,1436.6
quat5,-0.65236,-0.29574,-0.65538,0.23965,1436.6
quat6,-0.77788,-0.23259,-0.46174,0.35721,1436.6
quat7,-0.59222,-0.44093,-0.3513,0.57571,1436.6
quat8,-0.60803,-0.1268,-0.7304,0.28414,1436.6
quat0,-0.64358,0.2817,-0.04277,-0.71036,1436.62
quat1,0.08868,-0.82404,-0.20642,0.52008,1436.62
quat2,-0.51346,-0.68233,-0.26867,0.44565,1436.62
quat3,-0.72912,-0.22055,-0.6145,-0.20526,1436.62
quat4,-0.47017,-0.43032,-0.61469,0.46467,1436.62
quat5,-0.66503,-0.29782,-0.63692,0.25175,1436.62
quat6,-0.7659,-0.24483,-0.46949,0.36474,1436.62
quat7,-0.57603,-0.44833,-0.3553,0.58392,1436.62
quat8,-0.61618,-0.13516,-0.7192,0.29121,1436.62
quat0,-0.64605,0.26862,-0.05465,-0.71237,1436.64
quat1,0.10443,-0.81292,-0.20672,0.53435,1436.64
quat2,-0.48875,-0.68642,-0.27459,0.4632,1436.64
quat3,-0.71753,-0.23277,-0.62415,-0.20348,1436.64
quat4,-0.45255,-0.42609,-0.62339,0.47437,1436.64
quat5,-0.67926,-0.29674,-0.61749,0.26317,1436.64
quat6,-0.75326,-0.2582,-0.47317,0.37689,1436.64
quat7,-0.55976,-0.45281,-0.35783,0.59464,1436.64
quat8,-0.6226,-0.1505,-0.70782,0.29784,1436.64
quat0,-0.6474,0.25705,-0.06781,-0.71429,1436.66
quat1,0.11785,-0.80094,-0.20671,0.54944,1436.66
quat2,-0.46268,-0.68909,-0.27777,0.48365,1436.66
quat3,-0.70582,-0.24236,-0.63476,-0.2004,1436.66
quat4,-0.43659,-0.41694,-0.63254,0.48522,1436.66
quat5,-0.68969,-0.30082,-0.59775,0.27665,1436.66
quat6,-0.73993,-0.27292,-0.47323,0.39251,1436.66
quat7,-0.54333,-0.45439,-0.35856,0.60808,1436.66
quat8,-0.62561,-0.17057,-0.69705,0.306,1436.66
quat0,-0.64779,0.24722,-0.08221,-0.71588,1436.68
quat1,0.12895,-0.78855,-0.20611,0.56486,1436.68
quat2,-0.43551,-0.69051,-0.27891,0.5057,1436.68
quat3,-0.69427,-0.24913,-0.64647,-0.19495,1436.68
quat4,-0.41932,-0.40613,-0.6393,0.50052,1436.68
quat5,-0.69844,-0.30805,-0.57801,0.28843,1436.68
quat6,-0.72307,-0.29133,-0.47227,0.41141,1436.68
quat7,-0.52586,-0.45589,-0.35603,0.62361,1436.68
quat8,-0.62699,-0.19287,-0.68883,0.30854,1436.68
quat0,-0.64717,0.2393,-0.09757,-0.71721,1436.7
quat1,0.13748,-0.77627,-0.20534,0.57994,1436.7
quat2,-0.41117,-0.68824,-0.28152,0.52728,1436.7
quat3,-0.68307,-0.25277,-0.65928,-0.18676,1436.7
quat4,-0.40188,-0.39464,-0.64249,0.51957,1436.7
quat5,-0.70466,-0.31836,-0.55926,0.29888,1436.7
quat6,-0.70479,-0.30866,-0.47076,0.43172,1436.7
quat7,-0.50722,-0.46102,-0.34382,0.64185,1436.7
quat8,-0.62511,-0.21423,-0.68521,0.30632,1436.7
quat0,-0.64582,0.23376,-0.11231,-0.71809,1436.72
quat1,0.14334,-0.76424,-0.20388,0.59484,1436.72
quat2,-0.38658,-0.68484,-0.28091,0.55012,1436.72
quat3,-0.67232,-0.25304,-0.67289,-0.17658,1436.72
quat4,-0.3868,-0.38104,-0.64354,0.53949,1436.72
quat5,-0.70645,-0.33343,-0.542,0.30982,1436.72
quat6,-0.68742,-0.32042,-0.46793,0.45367,1436.72
quat7,-0.49024,-0.46643,-0.32246,0.66191,1436.72
quat8,-0.61961,-0.24407,-0.67996,0.30687,1436.72
quat0,-0.64406,0.23046,-0.12843,-0.71804,1436.74
quat1,0.14765,-0.75245,-0.20107,0.60958,1436.74
quat2,-0.35993,-0.68391,-0.26993,0.57433,1436.74
quat3,-0.6618,-0.2496,-0.68698,-0.16665,1436.74
quat4,-0.37639,-0.36648,-0.64525,0.55468,1436.74
quat5,-0.70319,-0.35686,-0.52521,0.3199,1436.74
quat6,-0.673,-0.32485,-0.46212,0.47749,1436.74
quat7,-0.47556,-0.46806,-0.3001,0.68169,1436.74
quat8,-0.61415,-0.27383,-0.67518,0.30327,1436.74
quat0,-0.64203,0.22862,-0.14524,-0.71724,1436.76
quat1,0.14959,-0.74181,-0.19658,0.62345,1436.76
quat2,-0.33166,-0.68225,-0.25384,0.60009,1436.76
quat3,-0.65151,-0.24317,-0.70133,-0.15665,1436.76
quat4,-0.36812,-0.35173,-0.64684,0.56777,1436.76
quat5,-0.69797,-0.37878,-0.51208,0.32733,1436.76
quat6,-0.65788,-0.32825,-0.45278,0.50442,1436.76
quat7,-0.46563,-0.46133,-0.28296,0.70022,1436.76
quat8,-0.6088,-0.30372,-0.66968,0.29773,1436.76
quat0,-0.63982,0.22828,-0.16283,-0.71555,1436.78
quat1,0.1491,-0.73237,-0.19054,0.63648,1436.78
quat2,-0.30935,-0.67711,-0.24073,0.62279,1436.78
quat3,-0.64202,-0.23545,-0.71497,-0.14558,1436.78
quat4,-0.36082,-0.33876,-0.64909,0.5777,1436.78
quat5,-0.6911,-0.40284,-0.49929,0.33287,1436.78
quat6,-0.64309,-0.33435,-0.44001,0.53013,1436.78
quat7,-0.45785,-0.453,-0.27347,0.71441,1436.78
quat8,-0.60573,-0.32902,-0.6659,0.28532,1436.78
quat0,-0.63739,0.2296,-0.18009,-0.71315,1436.8
quat1,0.14592,-0.72353,-0.18323,0.64934,1436.8
quat2,-0.29322,-0.67097,-0.22881,0.64146,1436.8
quat3,-0.63334,-0.22822,-0.72735,-0.13331,1436.8
quat4,-0.35429,-0.32628,-0.65242,0.58512,1436.8
quat5,-0.68245,-0.42664,-0.48962,0.33543,1436.8
quat6,-0.62978,-0.3408,-0.42672,0.5524,1436.8
quat7,-0.45034,-0.443,-0.26739,0.72763,1436.8
quat8,-0.60189,-0.35127,-0.66295,0.27356,1436.8
quat0,-0.63441,0.23257,-0.19669,-0.71045,1436.82
quat1,0.14002,-0.71552,-0.17556,0.66152,1436.82
quat2,-0.28065,-0.66692,-0.21529,0.65582,1436.82
quat3,-0.62566,-0.22186,-0.73802,-0.12105,1436.82
quat4,-0.34851,-0.31468,-0.65454,0.59253,1436.82
quat5,-0.67695,-0.44485,-0.48492,0.32969,1436.82
quat6,-0.61909,-0.34258,-0.41717,0.57039,1436.82
quat7,-0.44537,-0.43161,-0.26398,0.7387,1436.82
quat8,-0.59729,-0.37129,-0.65986,0.26451,1436.82
quat0,-0.63113,0.23645,-0.21228,-0.70761,1436.84
quat1,0.13236,-0.70879,-0.16696,0.67247,1436.84
quat2,-0.27372,-0.66255,-0.2023,0.66722,1436.84
quat3,-0.61919,-0.21563,-0.74713,-0.10909,1436.84
quat4,-0.34315,-0.30494,-0.65291,0.60247,1436.84
quat5,-0.67315,-0.45874,-0.48391,0.31977,1436.84
quat6,-0.61451,-0.33317,-0.41204,0.58447,1436.84
quat7,-0.44355,-0.42115,-0.25977,0.74728,1436.84
quat8,-0.59224,-0.38853,-0.65792,0.25581,1436.84
quat0,-0.62749,0.24201,-0.22602,-0.7047,1436.86
quat1,0.12467,-0.7035,-0.15756,0.6817,1436.86
quat2,-0.27292,-0.65612,-0.19286,0.67663,1436.86
quat3,-0.61426,-0.20804,-0.75481,-0.09832,1436.86
quat4,-0.33957,-0.2973,-0.64818,0.61332,1436.86
quat5,-0.66861,-0.4722,-0.48458,0.3085,1436.86
quat6,-0.61173,-0.32271,-0.40911,0.59521,1436.86
quat7,-0.44526,-0.41127,-0.25366,0.75383,1436.86
quat8,-0.58567,-0.40388,-0.65787,0.24715,1436.86
quat0,-0.62331,0.24955,-0.2364,-0.70237,1436.88
quat1,0.11614,-0.70053,-0.14791,0.6884,1436.88
quat2,-0.27737,-0.64811,-0.18503,0.68467,1436.88
quat3,-0.61103,-0.19898,-0.76093,-0.08964,1436.88
quat4,-0.33944,-0.29032,-0.64179,0.62338,1436.88
quat5,-0.66254,-0.48622,-0.48599,0.29739,1436.88
quat6,-0.61104,-0.31154,-0.4066,0.60353,1436.88
quat7,-0.44921,-0.40187,-0.24729,0.75866,1436.88
quat8,-0.57897,-0.41589,-0.6599,0.23742,1436.88
quat0,-0.61858,0.25977,-0.24353,-0.70041,1436.9
quat1,0.10486,-0.70006,-0.13986,0.69236,1436.9
quat2,-0.28456,-0.64034,-0.17769,0.69096,1436.9
quat3,-0.60993,-0.18824,-0.76536,-0.08236,1436.9
quat4,-0.34307,-0.28375,-0.63585,0.63046,1436.9
quat5,-0.65719,-0.49711,-0.49042,0.28367,1436.9
quat6,-0.61239,-0.30201,-0.40136,0.61047,1436.9
quat7,-0.45511,-0.39399,-0.24191,0.761,1436.9
quat8,-0.57239,-0.42414,-0.66386,0.22752,1436.9
quat0,-0.61355,0.27167,-0.24785,-0.6988,1436.92
quat1,0.09012,-0.70106,-0.13401,0.69457,1436.92
quat2,-0.29499,-0.6336,-0.17047,0.69461,1436.92
quat3,-0.61104,-0.1761,-0.76795,-0.0766,1436.92
quat4,-0.35055,-0.27697,-0.63003,0.63519,1436.92
quat5,-0.65372,-0.50352,-0.49736,0.26785,1436.92
quat6,-0.61517,-0.29458,-0.39353,0.61638,1436.92
quat7,-0.46503,-0.38649,-0.23716,0.76034,1436.92
quat8,-0.56454,-0.43126,-0.6685,0.22002,1436.92
quat0,-0.60823,0.28493,-0.24967,-0.69752,1436.94
quat1,0.07497,-0.70274,-0.12884,0.69565,1436.94
quat2,-0.30799,-0.6281,-0.16324,0.69568,1436.94
quat3,-0.61469,-0.16292,-0.76838,-0.07213,1436.94
quat4,-0.36136,-0.27045,-0.62484,0.63706,1436.94
quat5,-0.65176,-0.50527,-0.50718,0.25037,1436.94
quat6,-0.62012,-0.287,-0.38645,0.61947,1436.94
quat7,-0.47622,-0.37986,-0.23232,0.75825,1436.94
quat8,-0.55389,-0.43821,-0.6743,0.21564,1436.94
quat0,-0.60281,0.29867,-0.24872,-0.69682,1436.96
quat1,0.06121,-0.70541,-0.12334,0.69529,1436.96
quat2,-0.32282,-0.62397,-0.15558,0.69444,1436.96
quat3,-0.62077,-0.14881,-0.76663,-0.06907,1436.96
quat4,-0.37482,-0.26456,-0.61906,0.6374,1436.96
quat5,-0.64932,-0.50534,-0.51836,0.23308,1436.96
quat6,-0.62796,-0.27757,-0.37973,0.62002,1436.96
quat7,-0.49111,-0.37291,-0.22989,0.75292,1436.96
quat8,-0.54186,-0.44275,-0.6816,0.21396,1436.96
quat0,-0.59724,0.31292,-0.2453,-0.69658,1436.98
quat1,0.04691,-0.70937,-0.12017,0.69293,1436.98
quat2,-0.33982,-0.62103,-0.14939,0.69031,1436.98
quat3,-0.62835,-0.13453,-0.76326,-0.06723,1436.98
quat4,-0.39054,-0.25951,-0.61282,0.63607,1436.98
quat5,-0.6457,-0.50404,-0.53099,0.21693,1436.98
quat6,-0.6378,-0.26739,-0.37474,0.61748,1436.98
quat7,-0.50813,-0.36666,-0.22993,0.74465,1436.98
quat8,-0.52877,-0.4443,-0.69053,0.21488,1436.98
quat0,-0.59137,0.32721,-0.23971,-0.69696,1437.0
quat1,0.0309,-0.7145,-0.11948,0.68866,1437.0
quat2,-0.35838,-0.61877,-0.1447,0.68392,1437.0
quat3,-0.63771,-0.12056,-0.75784,-0.06691,1437.0
quat4,-0.40984,-0.25446,-0.60733,0.63121,1437.0
quat5,-0.64197,-0.50137,-0.54422,0.20083,1437.0
quat6,-0.64957,-0.2583,-0.37015,0.61182,1437.0
quat7,-0.52718,-0.36004,-0.23267,0.7337,1437.0
quat8,-0.5164,-0.44158,-0.70063,0.21784,1437.0
quat0,-0.58519,0.34203,-0.23096,-0.69801,1437.02
quat1,0.01423,-0.7208,-0.1205,0.68244,1437.02
quat2,-0.3767,-0.61807,-0.14061,0.67551,1437.02
quat3,-0.64846,-0.10666,-0.75059,-0.06885,1437.02
quat4,-0.43126,-0.24955,-0.60446,0.62158,1437.02
quat5,-0.63712,-0.49784,-0.55839,0.18556,1437.02
quat6,-0.66193,-0.25084,-0.36588,0.60421,1437.02
quat7,-0.54623,-0.35494,-0.23803,0.72041,1437.02
quat8,-0.50422,-0.43459,-0.71193,0.22372,1437.02
quat0,-0.57831,0.35739,-0.21938,-0.69979,1437.04
quat1,-0.00097,-0.72809,-0.12209,0.67452,1437.04
quat2,-0.39372,-0.62008,-0.13564,0.6649,1437.04
quat3,-0.65985,-0.09218,-0.74205,-0.07383,1437.04
quat4,-0.45488,-0.24508,-0.60376,0.60704,1437.04
quat5,-0.63303,-0.49115,-0.57385,0.16955,1437.04
quat6,-0.67567,-0.24402,-0.36055,0.59492,1437.04
quat7,-0.56596,-0.35055,-0.24298,0.70552,1437.04
quat8,-0.49251,-0.42407,-0.72345,0.23284,1437.04
quat0,-0.57091,0.37273,-0.20422,-0.70245,1437.06
quat1,-0.01473,-0.73634,-0.12544,0.66472,1437.06
quat2,-0.41078,-0.62467,-0.13106,0.65106,1437.06
quat3,-0.67136,-0.0777,-0.73257,-0.08115,1437.06
quat4,-0.47884,-0.24062,-0.60224,0.59171,1437.06
quat5,-0.62755,-0.4825,-0.59131,0.15404,1437.06
quat6,-0.69138,-0.23614,-0.35591,0.58272,1437.06
quat7,-0.58609,-0.34712,-0.24815,0.68878,1437.06
quat8,-0.48101,-0.41008,-0.73508,0.2452,1437.06
quat0,-0.56354,0.38672,-0.18702,-0.70562,1437.08
quat1,-0.02915,-0.745,-0.13203,0.65321,1437.08
quat2,-0.43037,-0.63053,-0.12946,0.63281,1437.08
quat3,-0.68343,-0.06452,-0.72165,-0.08939,1437.08
quat4,-0.50184,-0.24088,-0.59666,0.57804,1437.08
quat5,-0.62057,-0.47191,-0.61031,0.14045,1437.08
quat6,-0.70923,-0.22876,-0.3521,0.56629,1437.08
quat7,-0.60654,-0.34458,-0.25355,0.67014,1437.08
quat8,-0.47184,-0.39223,-0.74608,0.25863,1437.08
quat0,-0.55618,0.39974,-0.16828,-0.70891,1437.1
quat1,-0.04398,-0.75423,-0.14067,0.63986,1437.1
quat2,-0.45192,-0.63623,-0.13293,0.61099,1437.1
quat3,-0.69577,-0.0521,-0.70953,-0.09881,1437.1
quat4,-0.52274,-0.24561,-0.58861,0.56564,1437.1
quat5,-0.61053,-0.46103,-0.63026,0.13217,1437.1
quat6,-0.72791,-0.22204,-0.35112,0.54549,1437.1
quat7,-0.627,-0.34196,-0.26005,0.64985,1437.1
quat8,-0.46599,-0.36978,-0.75662,0.27137,1437.1
quat0,-0.54939,0.41071,-0.1483,-0.71238,1437.12
quat1,-0.05821,-0.76425,-0.1498,0.62457,1437.12
quat2,-0.47471,-0.64183,-0.14036,0.58566,1437.12
quat3,-0.70742,-0.04002,-0.69692,-0.11073,1437.12
quat4,-0.5429,-0.25435,-0.57978,0.55174,1437.12
quat5,-0.60003,-0.44817,-0.65015,0.12808,1437.12
quat6,-0.7472,-0.21394,-0.35241,0.52127,1437.12
quat7,-0.64632,-0.34046,-0.26727,0.62843,1437.12
quat8,-0.46443,-0.34363,-0.76597,0.28197,1437.12
quat0,-0.54343,0.41967,-0.12779,-0.7157,1437.14
quat1,-0.07079,-0.77481,-0.15962,0.6076,1437.14
quat2,-0.49689,-0.64587,-0.1527,0.55914,1437.14
quat3,-0.71802,-0.02912,-0.68417,-0.12456,1437.14
quat4,-0.56166,-0.2636,-0.57345,0.53499,1437.14
quat5,-0.59041,-0.43335,-0.66892,0.12717,1437.14
quat6,-0.76538,-0.2048,-0.35645,0.49517,1437.14
quat7,-0.66422,-0.3385,-0.27676,0.60632,1437.14
quat8,-0.46789,-0.3139,-0.77435,0.28797,1437.14
quat0,-0.53869,0.42557,-0.10744,-0.71913,1437.16
quat1,-0.08176,-0.78548,-0.17058,0.58928,1437.16
quat2,-0.51828,-0.64906,-0.16748,0.53109,1437.16
quat3,-0.72762,-0.02047,-0.67123,-0.14,1437.16
quat4,-0.5778,-0.27521,-0.56837,0.51707,1437.16
quat5,-0.58244,-0.41758,-0.68524,0.12977,1437.16
quat6,-0.78205,-0.19624,-0.36185,0.46791,1437.16
quat7,-0.67967,-0.33787,-0.28709,0.58435,1437.16
quat8,-0.475,-0.28416,-0.78176,0.28717,1437.16
quat0,-0.53571,0.42841,-0.08699,-0.72243,1437.18
quat1,-0.09006,-0.79527,-0.1837,0.57069,1437.18
quat2,-0.53882,-0.65036,-0.18454,0.50265,1437.18
quat3,-0.73626,-0.01514,-0.6582,-0.1564,1437.18
quat4,-0.59072,-0.28823,-0.56433,0.4995,1437.18
quat5,-0.57719,-0.40016,-0.69898,0.13471,1437.18
quat6,-0.79721,-0.18728,-0.36759,0.44075,1437.18
quat7,-0.6917,-0.33955,-0.29687,0.56403,1437.18
quat8,-0.48409,-0.25343,-0.78852,0.28225,1437.18
quat0,-0.53441,0.4279,-0.06763,-0.72576,1437.2
quat1,-0.09549,-0.80428,-0.19833,0.55198,1437.2
quat2,-0.5569,-0.65156,-0.20137,0.47411,1437.2
quat3,-0.74362,-0.01387,-0.64552,-0.1736,1437.2
quat4,-0.60185,-0.29968,-0.56429,0.47911,1437.2
quat5,-0.57396,-0.38203,-0.71011,0.14271,1437.2
quat6,-0.81066,-0.18015,-0.37394,0.41297,1437.2
quat7,-0.69993,-0.3444,-0.30601,0.54575,1437.2
quat8,-0.49503,-0.22468,-0.79261,0.2761,1437.2
quat0,-0.53513,0.42412,-0.04936,-0.72892,1437.22
quat1,-0.09656,-0.81249,-0.21351,0.53381,1437.22
quat2,-0.57113,-0.653,-0.21677,0.44768,1437.22
quat3,-0.74947,-0.01618,-0.63334,-0.19213,1437.22
quat4,-0.6106,-0.30895,-0.56804,0.45721,1437.22
quat5,-0.57365,-0.36356,-0.71809,0.15197,1437.22
quat6,-0.82132,-0.17468,-0.38156,0.38643,1437.22
quat7,-0.70456,-0.35126,-0.31389,0.53074,1437.22
quat8,-0.50775,-0.19824,-0.79378,0.26982,1437.22
quat0,-0.53766,0.41711,-0.03185,-0.73207,1437.24
quat1,-0.09245,-0.81941,-0.22884,0.51734,1437.24
quat2,-0.58124,-0.65573,-0.22948,0.4237,1437.24
quat3,-0.75355,-0.02214,-0.62206,-0.21147,1437.24
quat4,-0.61644,-0.31734,-0.5745,0.43502,1437.24
quat5,-0.57614,-0.34467,-0.72337,0.16125,1437.24
quat6,-0.82936,-0.17064,-0.39037,0.36147,1437.24
quat7,-0.7057,-0.36065,-0.32067,0.51874,1437.24
quat8,-0.52203,-0.17486,-0.79174,0.26469,1437.24
quat0,-0.54147,0.40747,-0.0149,-0.73522,1437.26
quat1,-0.08329,-0.82497,-0.24336,0.50325,1437.26
quat2,-0.58942,-0.65729,-0.2412,0.40295,1437.26
quat3,-0.75603,-0.03112,-0.61195,-0.23013,1437.26
quat4,-0.61886,-0.325,-0.58282,0.41438,1437.26
quat5,-0.58123,-0.32663,-0.72565,0.17004,1437.26
quat6,-0.83446,-0.16849,-0.40056,0.33887,1437.26
quat7,-0.70443,-0.37026,-0.32764,0.50925,1437.26
quat8,-0.53759,-0.15329,-0.78676,0.26174,1437.26
quat0,-0.54648,0.39567,-7e-05,-0.73811,1437.28
quat1,-0.0696,-0.82896,-0.25689,0.49193,1437.28
quat2,-0.59547,-0.65815,-0.2521,0.38561,1437.28
quat3,-0.75683,-0.0428,-0.60376,-0.24668,1437.28
quat4,-0.61798,-0.33343,-0.59182,0.39582,1437.28
quat5,-0.58821,-0.31115,-0.72461,0.17925,1437.28
quat6,-0.83651,-0.16961,-0.4119,0.3191,1437.28
quat7,-0.70198,-0.37805,-0.33681,0.50085,1437.28
quat8,-0.55331,-0.13352,-0.77993,0.26025,1437.28
quat0,-0.55283,0.38178,0.01194,-0.7406,1437.3
quat1,-0.05279,-0.83115,-0.26916,0.4837,1437.3
quat2,-0.59966,-0.65787,-0.2615,0.37314,1437.3
quat3,-0.75555,-0.05655,-0.59809,-0.26122,1437.3
quat4,-0.61367,-0.34313,-0.60057,0.38078,1437.3
quat5,-0.59782,-0.29701,-0.72088,0.18635,1437.3
quat6,-0.83563,-0.173,-0.4237,0.30377,1437.3
quat7,-0.69842,-0.38263,-0.34831,0.49446,1437.3
quat8,-0.56947,-0.11471,-0.77189,0.25834,1437.3
quat0,-0.55992,0.36613,0.02074,-0.74298,1437.32
quat1,-0.03413,-0.83138,-0.28023,0.47867,1437.32
quat2,-0.5992,-0.65863,-0.26933,0.36691,1437.32
quat3,-0.75243,-0.07137,-0.59448,-0.27451,1437.32
quat4,-0.60527,-0.35401,-0.60984,0.36935,1437.32
quat5,-0.60936,-0.28429,-0.71503,0.19129,1437.32
quat6,-0.83101,-0.18192,-0.43575,0.29402,1437.32
quat7,-0.69274,-0.3855,-0.36196,0.4904,1437.32
quat8,-0.58506,-0.09934,-0.76225,0.25848,1437.32
quat0,-0.56755,0.34869,0.02566,-0.74542,1437.34
quat1,-0.01429,-0.82963,-0.28908,0.47744,1437.34
quat2,-0.59406,-0.661,-0.2756,0.36637,1437.34
quat3,-0.74798,-0.08813,-0.59289,-0.28502,1437.34
quat4,-0.59356,-0.36488,-0.61919,0.36214,1437.34
quat5,-0.62239,-0.27367,-0.70691,0.19497,1437.34
quat6,-0.8251,-0.18845,-0.44815,0.28784,1437.34
quat7,-0.68423,-0.38888,-0.37685,0.48845,1437.34
quat8,-0.60018,-0.0867,-0.7518,0.25895,1437.34
quat0,-0.57509,0.33047,0.02678,-0.74789,1437.36
quat1,0.00507,-0.826,-0.29565,0.47989,1437.36
quat2,-0.5855,-0.66366,-0.28254,0.37002,1437.36
quat3,-0.74278,-0.10692,-0.59333,-0.29123,1437.36
quat4,-0.57871,-0.3748,-0.62908,0.35899,1437.36
quat5,-0.63586,-0.26508,-0.69679,0.19974,1437.36
quat6,-0.81737,-0.19285,-0.46223,0.2847,1437.36
quat7,-0.67197,-0.39618,-0.39023,0.4891,1437.36
quat8,-0.61338,-0.07855,-0.74079,0.26233,1437.36
quat0,-0.58228,0.31219,0.02377,-0.75028,1437.38
quat1,0.02321,-0.82054,-0.3001,0.48591,1437.38
quat2,-0.57546,-0.66551,-0.29081,0.37599,1437.38
quat3,-0.73642,-0.1265,-0.596,-0.29404,1437.38
quat4,-0.56181,-0.38284,-0.63876,0.36027,1437.38
quat5,-0.64933,-0.25979,-0.684,0.20742,1437.38
quat6,-0.80868,-0.19883,-0.47434,0.28548,1437.38
quat7,-0.65848,-0.40441,-0.40065,0.49228,1437.38
quat8,-0.62524,-0.07524,-0.72937,0.26728,1437.38
quat0,-0.58882,0.29451,0.01704,-0.7525,1437.4
quat1,0.04117,-0.81335,-0.30323,0.49479,1437.4
quat2,-0.56437,-0.66628,-0.30035,0.38386,1437.4
quat3,-0.72882,-0.1452,-0.60076,-0.29466,1437.4
quat4,-0.54248,-0.3893,-0.64787,0.36665,1437.4
quat5,-0.66259,-0.25869,-0.6684,0.21747,1437.4
quat6,-0.79864,-0.20805,-0.48472,0.28973,1437.4
quat7,-0.64468,-0.41113,-0.41035,0.49697,1437.4
quat8,-0.63435,-0.07776,-0.71837,0.27476,1437.4
quat0,-0.5945,0.27708,0.00724,-0.75481,1437.42
quat1,0.05849,-0.8043,-0.30573,0.50618,1437.42
quat2,-0.55035,-0.66787,-0.30917,0.3943,1437.42
quat3,-0.72002,-0.16277,-0.60739,-0.29353,1437.42
quat4,-0.52202,-0.39408,-0.6551,0.37821,1437.42
quat5,-0.67555,-0.26066,-0.65036,0.22963,1437.42
quat6,-0.78805,-0.22094,-0.49153,0.29759,1437.42
quat7,-0.63017,-0.41712,-0.41952,0.50289,1437.42
quat8,-0.64165,-0.08426,-0.70746,0.28405,1437.42
quat0,-0.5991,0.26146,-0.00418,-0.75677,1437.44
quat1,0.07508,-0.794,-0.30767,0.51891,1437.44
quat2,-0.53007,-0.67249,-0.31591,0.40864,1437.44
quat3,-0.7109,-0.17905,-0.61527,-0.28983,1437.44
quat4,-0.50161,-0.39504,-0.66154,0.39331,1437.44
quat5,-0.68631,-0.26607,-0.63077,0.24559,1437.44
quat6,-0.77595,-0.23574,-0.49746,0.308,1437.44
quat7,-0.61387,-0.4222,-0.42711,0.51233,1437.44
quat8,-0.64583,-0.0962,-0.6989,0.29189,1437.44
quat0,-0.60233,0.24802,-0.01721,-0.75854,1437.46
quat1,0.09071,-0.78296,-0.3081,0.53274,1437.46
quat2,-0.50579,-0.67792,-0.32094,0.42613,1437.46
quat3,-0.7017,-0.1926,-0.62397,-0.28494,1437.46
quat4,-0.48324,-0.38949,-0.66871,0.40939,1437.46
quat5,-0.6955,-0.27548,-0.60862,0.26451,1437.46
quat6,-0.76239,-0.25371,-0.50027,0.32269,1437.46
quat7,-0.59632,-0.42527,-0.42852,0.52907,1437.46
quat8,-0.64502,-0.11816,-0.69167,0.30262,1437.46
quat0,-0.60412,0.23671,-0.03121,-0.76028,1437.48
quat1,0.10525,-0.77116,-0.30672,0.54787,1437.48
quat2,-0.47925,-0.68175,-0.32541,0.44681,1437.48
quat3,-0.69228,-0.20319,-0.6339,-0.27863,1437.48
quat4,-0.46542,-0.37791,-0.67621,0.42813,1437.48
quat5,-0.70196,-0.28682,-0.58596,0.28572,1437.48
quat6,-0.74842,-0.27323,-0.49964,0.33996,1437.48
quat7,-0.57576,-0.42703,-0.42229,0.55481,1437.48
quat8,-0.64198,-0.15564,-0.67993,0.31832,1437.48
quat0,-0.60474,0.22725,-0.04501,-0.76199,1437.5
quat1,0.11847,-0.75906,-0.30376,0.56349,1437.5
quat2,-0.45242,-0.68381,-0.32812,0.4691,1437.5
quat3,-0.68274,-0.21131,-0.64525,-0.26994,1437.5
quat4,-0.44721,-0.36461,-0.68102,0.45085,1437.5
quat5,-0.70796,-0.29896,-0.56359,0.30296,1437.5
quat6,-0.73336,-0.29336,-0.49697,0.35936,1437.5
quat7,-0.55429,-0.43029,-0.40963,0.58294,1437.5
quat8,-0.63593,-0.19519,-0.66958,0.3304,1437.5
quat0,-0.60432,0.22021,-0.05965,-0.76338,1437.52
quat1,0.12975,-0.74733,-0.29997,0.57851,1437.52
quat2,-0.42858,-0.68202,-0.33117,0.49142,1437.52
quat3,-0.67323,-0.21655,-0.65767,-0.25948,1437.52
quat4,-0.43014,-0.35056,-0.68124,0.4775,1437.52
quat5,-0.7136,-0.30772,-0.54543,0.31399,1437.52
quat6,-0.71768,-0.31216,-0.49214,0.38117,1437.52
quat7,-0.53482,-0.43784,-0.39138,0.60753,1437.52
quat8,-0.63046,-0.22093,-0.66634,0.3312,1437.52
quat0,-0.60305,0.21527,-0.07562,-0.76438,1437.54
quat1,0.13677,-0.7364,-0.29718,0.5922,1437.54
quat2,-0.40584,-0.67919,-0.33268,0.51314,1437.54
quat3,-0.66441,-0.21667,-0.67001,-0.25039,1437.54
quat4,-0.41796,-0.33529,-0.67905,0.50178,1437.54
quat5,-0.71745,-0.31627,-0.52995,0.32311,1437.54
quat6,-0.70107,-0.32708,-0.48999,0.40178,1437.54
quat7,-0.5184,-0.45056,-0.36235,0.63005,1437.54
quat8,-0.62803,-0.23707,-0.66628,0.32473,1437.54
quat0,-0.60165,0.21234,-0.09272,-0.76442,1437.56
quat1,0.1391,-0.72675,-0.29471,0.60467,1437.56
quat2,-0.38382,-0.67582,-0.33009,0.53571,1437.56
quat3,-0.65539,-0.21416,-0.68297,-0.24115,1437.56
quat4,-0.40994,-0.31699,-0.68026,0.51838,1437.56
quat5,-0.71532,-0.33365,-0.51465,0.33485,1437.56
quat6,-0.68769,-0.33474,-0.48527,0.42372,1437.56
quat7,-0.50702,-0.45872,-0.32759,0.65207,1437.56
quat8,-0.62555,-0.25538,-0.66685,0.31429,1437.56
quat0,-0.60015,0.21075,-0.11051,-0.76367,1437.58
quat1,0.13872,-0.71813,-0.2908,0.61683,1437.58
quat2,-0.3593,-0.67527,-0.31853,0.55988,1437.58
quat3,-0.64654,-0.20889,-0.69621,-0.23162,1437.58
quat4,-0.40327,-0.29824,-0.68566,0.52753,1437.58
quat5,-0.71146,-0.35035,-0.5049,0.34081,1437.58
quat6,-0.67859,-0.33823,-0.47549,0.44613,1437.58
quat7,-0.49715,-0.45528,-0.30665,0.67196,1437.58
quat8,-0.62374,-0.27743,-0.66471,0.30355,1437.58
quat0,-0.59853,0.21049,-0.12919,-0.76208,1437.6
quat1,0.137,-0.71041,-0.28503,0.62873,1437.6
quat2,-0.33341,-0.67708,-0.29887,0.58402,1437.6
quat3,-0.63812,-0.20216,-0.70959,-0.22002,1437.6
quat4,-0.39533,-0.28218,-0.69144,0.53478,1437.6
quat5,-0.70614,-0.36678,-0.49858,0.34389,1437.6
quat6,-0.66903,-0.3451,-0.45962,0.47124,1437.6
quat7,-0.48756,-0.44301,-0.29821,0.69072,1437.6
quat8,-0.62311,-0.30006,-0.66072,0.29181,1437.6
quat0,-0.59657,0.21196,-0.14795,-0.7598,1437.62
quat1,0.13394,-0.7033,-0.2767,0.64099,1437.62
quat2,-0.31769,-0.67451,-0.28194,0.60384,1437.62
quat3,-0.6299,-0.19625,-0.72271,-0.20593,1437.62
quat4,-0.38613,-0.26961,-0.69473,0.54365,1437.62
quat5,-0.69964,-0.3862,-0.49283,0.34421,1437.62
quat6,-0.65906,-0.34833,-0.44763,0.4939,1437.62
quat7,-0.47803,-0.43143,-0.29235,0.70703,1437.62
quat8,-0.62085,-0.32241,-0.6564,0.28238,1437.62
quat0,-0.59424,0.2149,-0.16609,-0.75704,1437.64
quat1,0.12959,-0.69693,-0.26543,0.65349,1437.64
quat2,-0.30969,-0.66765,-0.26906,0.62124,1437.64
quat3,-0.62219,-0.19163,-0.73467,-0.19083,1437.64
quat4,-0.37619,-0.25791,-0.69564,0.55502,1437.64
quat5,-0.69522,-0.40322,-0.48916,0.33882,1437.64
quat6,-0.65228,-0.34005,-0.44486,0.51087,1437.64
quat7,-0.47236,-0.42154,-0.2879,0.71854,1437.64
quat8,-0.61876,-0.33959,-0.65423,0.27165,1437.64
quat0,-0.59132,0.21966,-0.18351,-0.75393,1437.66
quat1,0.12335,-0.69175,-0.25188,0.66545,1437.66
quat2,-0.30746,-0.65964,-0.25806,0.63541,1437.66
quat3,-0.61504,-0.18659,-0.74544,-0.17672,1437.66
quat4,-0.36718,-0.25139,-0.68936,0.57164,1437.66
quat5,-0.69326,-0.41551,-0.48978,0.3269,1437.66
quat6,-0.65098,-0.31974,-0.44765,0.52307,1437.66
quat7,-0.47125,-0.41347,-0.27902,0.7274,1437.66
quat8,-0.61442,-0.35363,-0.65513,0.26122,1437.66
quat0,-0.58749,0.22662,-0.19879,-0.75099,1437.68
quat1,0.11409,-0.6881,-0.23757,0.67607,1437.68
quat2,-0.31089,-0.64922,-0.25096,0.64721,1437.68
quat3,-0.60818,-0.17964,-0.75574,-0.16339,1437.68
quat4,-0.36156,-0.24706,-0.67856,0.58973,1437.68
quat5,-0.69149,-0.42647,-0.49175,0.31328,1437.68
quat6,-0.65104,-0.29977,-0.44621,0.53589,1437.68
quat7,-0.47373,-0.40575,-0.26639,0.73484,1437.68
quat8,-0.60741,-0.36762,-0.65661,0.2545,1437.68
quat0,-0.58258,0.23619,-0.21146,-0.7484,1437.7
quat1,0.10192,-0.68568,-0.22449,0.68488,1437.7
quat2,-0.31457,-0.63967,-0.24229,0.65815,1437.7
quat3,-0.60252,-0.17036,-0.76503,-0.1506,1437.7
quat4,-0.36084,-0.24327,-0.66674,0.60504,1437.7
quat5,-0.68746,-0.43886,-0.49503,0.29957,1437.7
quat6,-0.65086,-0.28552,-0.44037,0.54857,1437.7
quat7,-0.47889,-0.39798,-0.2564,0.73928,1437.7
quat8,-0.59957,-0.37775,-0.66083,0.24724,1437.7
quat0,-0.57714,0.24839,-0.2213,-0.74581,1437.72
quat1,0.08799,-0.68417,-0.2133,0.69186,1437.72
quat2,-0.32002,-0.63043,-0.2334,0.66759,1437.72
quat3,-0.59932,-0.15858,-0.77228,-0.13877,1437.72
quat4,-0.36237,-0.24211,-0.65059,0.62194,1437.72
quat5,-0.68395,-0.4494,-0.49897,0.28509,1437.72
quat6,-0.65027,-0.27721,-0.43044,0.56127,1437.72
quat7,-0.48591,-0.39053,-0.24674,0.74195,1437.72
quat8,-0.59153,-0.3841,-0.6675,0.23875,1437.72
quat0,-0.57148,0.26286,-0.22873,-0.74297,1437.74
quat1,0.07347,-0.68314,-0.20304,0.69764,1437.74
quat2,-0.3253,-0.62391,-0.22292,0.6747,1437.74
quat3,-0.59972,-0.1441,-0.77654,-0.12871,1437.74
quat4,-0.36757,-0.24163,-0.63516,0.63489,1437.74
quat5,-0.67999,-0.45661,-0.50636,0.26966,1437.74
quat6,-0.65022,-0.27585,-0.41747,0.57171,1437.74
quat7,-0.49542,-0.38443,-0.23702,0.74202,1437.74
quat8,-0.5816,-0.39057,-0.67484,0.23191,1437.74
quat0,-0.56589,0.27854,-0.23367,-0.73999,1437.76
quat1,0.05714,-0.68347,-0.19462,0.70123,1437.76
quat2,-0.33301,-0.6205,-0.20927,0.67845,1437.76
quat3,-0.60384,-0.12794,-0.77748,-0.12053,1437.76
quat4,-0.37856,-0.23782,-0.62621,0.63874,1437.76
quat5,-0.67666,-0.46028,-0.5162,0.25261,1437.76
quat6,-0.6511,-0.27362,-0.40453,0.581,1437.76
quat7,-0.50853,-0.37772,-0.23083,0.73854,1437.76
quat8,-0.56997,-0.39772,-0.68196,0.22779,1437.76
quat0,-0.56037,0.29521,-0.23603,-0.73697,1437.78
quat1,0.03969,-0.68548,-0.18721,0.70249,1437.78
quat2,-0.34689,-0.61741,-0.19796,0.67771,1437.78
quat3,-0.61106,-0.11057,-0.77544,-0.11434,1437.78
quat4,-0.39516,-0.22936,-0.62599,0.63197,1437.78
quat5,-0.67301,-0.46046,-0.52918,0.23454,1437.78
quat6,-0.65659,-0.26451,-0.39509,0.58552,1437.78
quat7,-0.52382,-0.36949,-0.23086,0.73197,1437.78
quat8,-0.55814,-0.40272,-0.68961,0.22526,1437.78
quat0,-0.55462,0.31202,-0.23591,-0.73443,1437.8
quat1,0.02307,-0.68923,-0.17965,0.70153,1437.8
quat2,-0.36479,-0.61433,-0.18985,0.67341,1437.8
quat3,-0.62034,-0.09346,-0.77098,-0.10966,1437.8
quat4,-0.41321,-0.22041,-0.62671,0.62283,1437.8
quat5,-0.66963,-0.4569,-0.54445,0.21544,1437.8
quat6,-0.66602,-0.25404,-0.38775,0.58441,1437.8
quat7,-0.54033,-0.35863,-0.23511,0.72398,1437.8
quat8,-0.54648,-0.40457,-0.69801,0.22463,1437.8
quat0,-0.54849,0.32907,-0.23284,-0.73257,1437.82
quat1,0.00631,-0.69512,-0.17316,0.6977,1437.82
quat2,-0.38331,-0.61246,-0.18278,0.66675,1437.82
quat3,-0.63059,-0.07716,-0.76491,-0.10633,1437.82
quat4,-0.43146,-0.21238,-0.62694,0.61293,1437.82
quat5,-0.66475,-0.45174,-0.56144,0.19702,1437.82
quat6,-0.67792,-0.24264,-0.38152,0.57964,1437.82
quat7,-0.55653,-0.34909,-0.23904,0.71503,1437.82
quat8,-0.53413,-0.40409,-0.70699,0.2271,1437.82
quat0,-0.54176,0.34614,-0.22724,-0.73147,1437.84
quat1,-0.01238,-0.70365,-0.16854,0.69016,1437.84
quat2,-0.40377,-0.6116,-0.17761,0.65678,1437.84
quat3,-0.64114,-0.06159,-0.75769,-0.10513,1437.84
quat4,-0.45099,-0.20533,-0.62553,0.60263,1437.84
quat5,-0.65975,-0.44438,-0.57907,0.1787,1437.84
quat6,-0.69226,-0.23045,-0.37625,0.57106,1437.84
quat7,-0.57342,-0.34293,-0.24058,0.70407,1437.84
quat8,-0.52199,-0.40031,-0.71655,0.23203,1437.84
quat0,-0.53469,0.36286,-0.21854,-0.73122,1437.86
quat1,-0.0329,-0.71305,-0.16692,0.68016,1437.86
quat2,-0.42563,-0.61121,-0.17628,0.64357,1437.86
quat3,-0.65145,-0.04633,-0.74973,-0.10664,1437.86
quat4,-0.47123,-0.20102,-0.62045,0.59378,1437.86
quat5,-0.65417,-0.43484,-0.59761,0.16073,1437.86
quat6,-0.70746,-0.21909,-0.37204,0.55954,1437.86
quat7,-0.59054,-0.33793,-0.24238,0.69161,1437.86
quat8,-0.51088,-0.3909,-0.72771,0.23798,1437.86
quat0,-0.52744,0.37853,-0.20713,-0.73186,1437.88
quat1,-0.05285,-0.7222,-0.16752,0.66901,1437.88
quat2,-0.44861,-0.61232,-0.17691,0.62651,1437.88
quat3,-0.66138,-0.0312,-0.74098,-0.11207,1437.88
quat4,-0.49185,-0.20009,-0.61219,0.5859,1437.88
quat5,-0.64755,-0.42314,-0.61723,0.14374,1437.88
quat6,-0.72475,-0.21,-0.36696,0.54404,1437.88
quat7,-0.60799,-0.33367,-0.24457,0.67764,1437.88
quat8,-0.50011,-0.37823,-0.73905,0.24626,1437.88
quat0,-0.52012,0.39347,-0.19317,-0.73304,1437.9
quat1,-0.07073,-0.73113,-0.17,0.65692,1437.9
quat2,-0.47192,-0.61405,-0.17943,0.60666,1437.9
quat3,-0.67123,-0.01593,-0.73125,-0.12035,1437.9
quat4,-0.51133,-0.20148,-0.6026,0.57864,1437.9
quat5,-0.63895,-0.41053,-0.63757,0.12927,1437.9
quat6,-0.74221,-0.20205,-0.36309,0.5258,1437.9
quat7,-0.6254,-0.32899,-0.24817,0.66261,1437.9
quat8,-0.49116,-0.36177,-0.74994,0.25587,1437.9
quat0,-0.51277,0.4068,-0.17764,-0.73487,1437.92
quat1,-0.08736,-0.74081,-0.17358,0.64299,1437.92
quat2,-0.49436,-0.61555,-0.18493,0.58524,1437.92
quat3,-0.68195,-0.00211,-0.71978,-0.12984,1437.92
quat4,-0.52996,-0.20611,-0.59154,0.57162,1437.92
quat5,-0.62903,-0.39863,-0.65664,0.11935,1437.92
quat6,-0.75966,-0.19361,-0.36097,0.50511,1437.92
quat7,-0.64253,-0.32582,-0.25292,0.64578,1437.92
quat8,-0.48504,-0.34181,-0.7603,0.26429,1437.92
quat0,-0.50569,0.41857,-0.16054,-0.7371,1437.94
quat1,-0.10301,-0.75125,-0.1789,0.6269,1437.94
quat2,-0.51489,-0.61608,-0.19376,0.56374,1437.94
quat3,-0.69266,0.01002,-0.70739,-0.14041,1437.94
quat4,-0.5485,-0.21043,-0.58307,0.56116,1437.94
quat5,-0.61854,-0.3874,-0.67397,0.11443,1437.94
quat6,-0.77588,-0.18516,-0.36132,0.48289,1437.94
quat7,-0.65896,-0.32352,-0.25729,0.62842,1437.94
quat8,-0.48247,-0.31916,-0.76955,0.27048,1437.94
quat0,-0.49961,0.42757,-0.14304,-0.73967,1437.96
quat1,-0.11732,-0.76178,-0.18613,0.60933,1437.96
quat2,-0.5342,-0.61539,-0.2052,0.54205,1437.96
quat3,-0.70286,0.01973,-0.69454,-0.15235,1437.96
quat4,-0.56738,-0.21504,-0.57726,0.54645,1437.96
quat5,-0.60931,-0.37623,-0.6888,0.11292,1437.96
quat6,-0.79014,-0.17823,-0.3626,0.4609,1437.96
quat7,-0.67433,-0.32366,-0.26242,0.60963,1437.96
quat8,-0.48346,-0.29351,-0.77811,0.27324,1437.96
quat0,-0.49525,0.43359,-0.12616,-0.74217,1437.98
quat1,-0.12913,-0.77099,-0.1957,0.59211,1437.98
quat2,-0.55179,-0.61427,-0.21738,0.52053,1437.98
quat3,-0.71244,0.0267,-0.68146,-0.16533,1437.98
quat4,-0.58537,-0.21754,-0.57617,0.5273,1437.98
quat5,-0.60171,-0.3647,-0.7014,0.1139,1437.98
quat6,-0.80218,-0.17094,-0.36559,0.44004,1437.98
quat7,-0.68845,-0.3243,-0.2696,0.59007,1437.98
quat8,-0.48681,-0.26741,-0.78584,0.27195,1437.98
quat0,-0.49309,0.43612,-0.111,-0.74454,1438.0
quat1,-0.13772,-0.77898,-0.20637,0.57588,1438.0
quat2,-0.56632,-0.61535,-0.22838,0.49846,1438.0
quat3,-0.72098,0.03039,-0.66868,-0.17923,1438.0
quat4,-0.60068,-0.22085,-0.57729,0.5071,1438.0
quat5,-0.59622,-0.35174,-0.71211,0.11703,1438.0
quat6,-0.81283,-0.16328,-0.36978,0.41942,1438.0
quat7,-0.69919,-0.32653,-0.27863,0.57174,1438.0
quat8,-0.49209,-0.2432,-0.79047,0.27179,1438.0
quat0,-0.49348,0.43501,-0.09662,-0.74693,1438.02
quat1,-0.1405,-0.78646,-0.2162,0.56125,1438.02
quat2,-0.57827,-0.61677,-0.24005,0.47705,1438.02
quat3,-0.728,0.03048,-0.65692,-0.19378,1438.02
quat4,-0.61305,-0.22438,-0.58037,0.48682,1438.02
quat5,-0.59229,-0.33898,-0.72062,0.12243,1438.02
quat6,-0.8216,-0.1557,-0.37624,0.39896,1438.02
quat7,-0.70571,-0.33002,-0.28765,0.55706,1438.02
quat8,-0.49956,-0.22257,-0.79165,0.27237,1438.02
quat0,-0.49602,0.43059,-0.0822,-0.74953,1438.04
quat1,-0.13817,-0.79372,-0.2254,0.54782,1438.04
quat2,-0.58639,-0.61959,-0.25124,0.45732,1438.04
quat3,-0.73337,0.02671,-0.64655,-0.20841,1438.04
quat4,-0.62179,-0.23014,-0.58406,0.46827,1438.04
quat5,-0.58857,-0.32844,-0.72685,0.13191,1438.04
quat6,-0.82858,-0.15145,-0.38269,0.37955,1438.04
quat7,-0.70843,-0.33494,-0.29617,0.5461,1438.04
quat8,-0.50913,-0.20938,-0.7873,0.27768,1438.04
quat0,-0.50067,0.42338,-0.06896,-0.75188,1438.06
quat1,-0.13217,-0.80019,-0.23487,0.53578,1438.06
quat2,-0.59049,-0.62414,-0.26056,0.44032,1438.06
quat3,-0.73716,0.01873,-0.63779,-0.22241,1438.06
quat4,-0.62669,-0.23745,-0.58878,0.4519,1438.06
quat5,-0.58643,-0.31938,-0.73034,0.14387,1438.06
quat6,-0.83329,-0.15131,-0.38911,0.36239,1438.06
quat7,-0.70862,-0.34044,-0.3048,0.53765,1438.06
quat8,-0.52051,-0.19816,-0.78051,0.28392,1438.06
quat0,-0.50684,0.41388,-0.05686,-0.75405,1438.08
quat1,-0.12293,-0.80547,-0.24498,0.52545,1438.08
quat2,-0.59162,-0.63029,-0.26856,0.42496,1438.08
quat3,-0.73934,0.00741,-0.63108,-0.23464,1438.08
quat4,-0.62762,-0.24706,-0.59485,0.43727,1438.08
quat5,-0.58725,-0.30997,-0.73124,0.15603,1438.08
quat6,-0.83572,-0.15541,-0.39631,0.34692,1438.08
quat7,-0.7054,-0.34909,-0.31333,0.53138,1438.08
quat8,-0.53316,-0.1854,-0.77368,0.28772,1438.08
quat0,-0.51413,0.40287,-0.04481,-0.75588,1438.1
quat1,-0.11073,-0.80974,-0.2549,0.5168,1438.1
quat2,-0.59221,-0.63534,-0.27621,0.41152,1438.1
quat3,-0.74027,-0.00689,-0.62644,-0.24399,1438.1
quat4,-0.62544,-0.25885,-0.60138,0.42445,1438.1
quat5,-0.59083,-0.30156,-0.72901,0.1689,1438.1
quat6,-0.83578,-0.16029,-0.40577,0.33335,1438.1
quat7,-0.70004,-0.35779,-0.32108,0.52804,1438.1
quat8,-0.54766,-0.17326,-0.76506,0.29109,1438.1
quat0,-0.52292,0.38986,-0.03469,-0.75721,1438.12
quat1,-0.09534,-0.81327,-0.26372,0.50985,1438.12
quat2,-0.59066,-0.64015,-0.28399,0.40084,1438.12
quat3,-0.74025,-0.02387,-0.6234,-0.25069,1438.12
quat4,-0.61989,-0.27312,-0.60844,0.41344,1438.12
quat5,-0.59766,-0.29254,-0.72457,0.1795,1438.12
quat6,-0.83433,-0.16446,-0.41672,0.32124,1438.12
quat7,-0.69305,-0.36769,-0.3289,0.52564,1438.12
quat8,-0.56248,-0.15882,-0.75758,0.29062,1438.12
quat0,-0.53322,0.37514,-0.02771,-0.75775,1438.14
quat1,-0.07784,-0.81603,-0.27071,0.50473,1438.14
quat2,-0.58599,-0.64611,-0.28974,0.39396,1438.14
quat3,-0.73921,-0.04274,-0.62145,-0.25601,1438.14
quat4,-0.6122,-0.28848,-0.61567,0.40366,1438.14
quat5,-0.60752,-0.28211,-0.71834,0.18795,1438.14
quat6,-0.83165,-0.16777,-0.42798,0.31153,1438.14
quat7,-0.6858,-0.37617,-0.33702,0.52401,1438.14
quat8,-0.57667,-0.14337,-0.7505,0.28921,1438.14
quat0,-0.54462,0.35928,-0.02442,-0.75744,1438.16
quat1,-0.05827,-0.81776,-0.27621,0.50157,1438.16
quat2,-0.57913,-0.65157,-0.29555,0.3908,1438.16
quat3,-0.73707,-0.06301,-0.6205,-0.26027,1438.16
quat4,-0.60202,-0.30417,-0.62301,0.39612,1438.16
quat5,-0.6187,-0.27263,-0.7104,0.1955,1438.16
quat6,-0.82625,-0.17345,-0.44093,0.30464,1438.16
quat7,-0.67706,-0.38305,-0.34659,0.52416,1438.16
quat8,-0.58974,-0.12947,-0.74331,0.28799,1438.16
quat0,-0.55605,0.34229,-0.02484,-0.75699,1438.18
quat1,-0.03682,-0.81828,-0.27966,0.50085,1438.18
quat2,-0.57123,-0.65558,-0.30132,0.39131,1438.18
quat3,-0.73414,-0.08537,-0.6202,-0.26288,1438.18
quat4,-0.5899,-0.31921,-0.63001,0.39142,1438.18
quat5,-0.6308,-0.26523,-0.70043,0.20282,1438.18
quat6,-0.81937,-0.18024,-0.45317,0.30129,1438.18
quat7,-0.66614,-0.38911,-0.35728,0.5265,1438.18
quat8,-0.60157,-0.11746,-0.73601,0.28743,1438.18
quat0,-0.56685,0.32483,-0.02759,-0.75657,1438.2
quat1,-0.01444,-0.81746,-0.28149,0.5023,1438.2
quat2,-0.56189,-0.6583,-0.30698,0.39583,1438.2
quat3,-0.73068,-0.10851,-0.62064,-0.26294,1438.2
quat4,-0.57619,-0.33226,-0.63657,0.39038,1438.2
quat5,-0.6426,-0.26093,-0.68882,0.21095,1438.2
quat6,-0.81114,-0.18778,-0.46503,0.3009,1438.2
quat7,-0.65361,-0.39572,-0.36916,0.52907,1438.2
quat8,-0.61211,-0.11014,-0.72728,0.29025,1438.2
quat0,-0.57651,0.30803,-0.03182,-0.75614,1438.22
quat1,0.0074,-0.81489,-0.28213,0.50626,1438.22
quat2,-0.55075,-0.66091,-0.31096,0.40395,1438.22
quat3,-0.72678,-0.13066,-0.62159,-0.26144,1438.22
quat4,-0.56124,-0.3427,-0.64255,0.39331,1438.22
quat5,-0.65357,-0.2613,-0.67479,0.22187,1438.22
quat6,-0.80189,-0.19697,-0.47433,0.30525,1438.22
quat7,-0.6404,-0.40219,-0.37993,0.53272,1438.22
quat8,-0.62026,-0.10806,-0.71854,0.29548,1438.22
quat0,-0.58473,0.29284,-0.03726,-0.75561,1438.24
quat1,0.02809,-0.81012,-0.28199,0.51323,1438.24
quat2,-0.53626,-0.66465,-0.31284,0.41569,1438.24
quat3,-0.72212,-0.1497,-0.62348,-0.25963,1438.24
quat4,-0.54518,-0.34905,-0.64936,0.39908,1438.24
quat5,-0.66297,-0.26561,-0.65917,0.23541,1438.24
quat6,-0.79141,-0.20907,-0.48054,0.3147,1438.24
quat7,-0.62669,-0.40756,-0.38796,0.53912,1438.24
quat8,-0.62555,-0.11189,-0.71011,0.30317,1438.24
quat0,-0.59166,0.27916,-0.04455,-0.755,1438.26
quat1,0.04707,-0.80338,-0.28087,0.52296,1438.26
quat2,-0.51773,-0.67075,-0.31133,0.43027,1438.26
quat3,-0.71649,-0.16598,-0.6267,-0.25759,1438.26
quat4,-0.52867,-0.35162,-0.65623,0.40772,1438.26
quat5,-0.67124,-0.27129,-0.64287,0.25011,1438.26
quat6,-0.78061,-0.22263,-0.48346,0.32764,1438.26
quat7,-0.61151,-0.41303,-0.39181,0.54949,1438.26
quat8,-0.62854,-0.11917,-0.70361,0.30931,1438.26
quat0,-0.5974,0.26678,-0.05351,-0.75437,1438.28
quat1,0.0637,-0.79562,-0.27862,0.53414,1438.28
quat2,-0.49557,-0.67797,-0.30785,0.44721,1438.28
quat3,-0.7102,-0.18042,-0.63156,-0.25337,1438.28
quat4,-0.51195,-0.34964,-0.6631,0.41947,1438.28
quat5,-0.67819,-0.27694,-0.62738,0.26409,1438.28
quat6,-0.76887,-0.23849,-0.48364,0.34359,1438.28
quat7,-0.59419,-0.4183,-0.391,0.56487,1438.28
quat8,-0.62977,-0.13227,-0.69815,0.31383,1438.28
quat0,-0.60219,0.25584,-0.06488,-0.75346,1438.3
quat1,0.07795,-0.78762,-0.27419,0.54625,1438.3
quat2,-0.47338,-0.68403,-0.3035,0.46465,1438.3
quat3,-0.70343,-0.19244,-0.63803,-0.24714,1438.3
quat4,-0.49677,-0.34204,-0.66964,0.43338,1438.3
quat5,-0.68567,-0.27989,-0.61367,0.27374,1438.3
quat6,-0.75593,-0.25845,-0.47994,0.36253,1438.3
quat7,-0.57549,-0.42343,-0.38491,0.58425,1438.3
quat8,-0.63011,-0.15346,-0.69122,0.3188,1438.3
quat0,-0.60603,0.24673,-0.07738,-0.75224,1438.32
quat1,0.08872,-0.78026,-0.26843,0.55791,1438.32
quat2,-0.45234,-0.68778,-0.29898,0.48267,1438.32
quat3,-0.69566,-0.2014,-0.64634,-0.2403,1438.32
quat4,-0.48273,-0.32999,-0.67475,0.45033,1438.32
quat5,-0.69082,-0.2851,-0.6016,0.28206,1438.32
quat6,-0.74301,-0.27806,-0.47259,0.38376,1438.32
quat7,-0.55592,-0.42686,-0.37171,0.60874,1438.32
quat8,-0.62992,-0.17517,-0.68572,0.31986,1438.32
quat0,-0.60935,0.23919,-0.0914,-0.75042,1438.34
quat1,0.09582,-0.77327,-0.26247,0.5692,1438.34
quat2,-0.43347,-0.68938,-0.29322,0.50088,1438.34
quat3,-0.68727,-0.20704,-0.65618,-0.23283,1438.34
quat4,-0.46957,-0.31643,-0.67817,0.46847,1438.34
quat5,-0.69382,-0.29447,-0.58934,0.29081,1438.34
quat6,-0.73162,-0.29187,-0.46435,0.40486,1438.34
quat7,-0.53493,-0.4352,-0.35026,0.63386,1438.34
quat8,-0.62755,-0.19732,-0.68273,0.318,1438.34
quat0,-0.61198,0.23376,-0.10693,-0.74793,1438.36
quat1,0.10091,-0.76629,-0.25605,0.58057,1438.36
quat2,-0.4174,-0.68756,-0.28741,0.52003,1438.36
quat3,-0.67816,-0.20919,-0.66787,-0.22425,1438.36
quat4,-0.4564,-0.30293,-0.68024,0.48704,1438.36
quat5,-0.69582,-0.30646,-0.57723,0.29788,1438.36
quat6,-0.72077,-0.29919,-0.45779,0.42592,1438.36
quat7,-0.51522,-0.4447,-0.32434,0.65696,1438.36
quat8,-0.62264,-0.22401,-0.67922,0.31748,1438.36
quat0,-0.61426,0.23076,-0.12386,-0.74438,1438.38
quat1,0.10458,-0.75956,-0.24785,0.59221,1438.38
quat2,-0.40291,-0.68365,-0.28026,0.54013,1438.38
quat3,-0.66906,-0.20896,-0.68066,-0.21309,1438.38
quat4,-0.44348,-0.29019,-0.6823,0.50356,1438.38
quat5,-0.69855,-0.31846,-0.56634,0.2998,1438.38
quat6,-0.70977,-0.30135,-0.45343,0.44701,1438.38
quat7,-0.4983,-0.45108,-0.29825,0.6777,1438.38
quat8,-0.61678,-0.25309,-0.67574,0.31449,1438.38
quat0,-0.61601,0.23013,-0.14217,-0.73984,1438.4
quat1,0.10735,-0.75251,-0.23745,0.60484,1438.4
quat2,-0.38785,-0.67813,-0.27072,0.56251,1438.4
quat3,-0.66007,-0.207,-0.69399,-0.19961,1438.4
quat4,-0.4308,-0.27721,-0.68515,0.51781,1438.4
quat5,-0.70231,-0.33,-0.5572,0.29562,1438.4
quat6,-0.69832,-0.29916,-0.45114,0.46831,1438.4
quat7,-0.48536,-0.45106,-0.27646,0.6961,1438.4
quat8,-0.61217,-0.28055,-0.67231,0.30747,1438.4
quat0,-0.61718,0.23047,-0.16288,-0.73447,1438.42
quat1,0.109,-0.74519,-0.22454,0.61838,1438.42
quat2,-0.37057,-0.67262,-0.25717,0.58662,1438.42
quat3,-0.65076,-0.20513,-0.70748,-0.18414,1438.42
quat4,-0.41748,-0.26652,-0.68602,0.53296,1438.42
quat5,-0.70215,-0.34533,-0.54939,0.2931,1438.42
quat6,-0.68663,-0.29528,-0.44763,0.49089,1438.42
quat7,-0.47614,-0.44499,-0.25974,0.71261,1438.42
quat8,-0.60786,-0.30481,-0.67023,0.29729,1438.42
quat0,-0.61769,0.23145,-0.18495,-0.72848,1438.44
quat1,0.1092,-0.73771,-0.20912,0.63256,1438.44
quat2,-0.35245,-0.6671,-0.23967,0.61099,1438.44
quat3,-0.64144,-0.20406,-0.72067,-0.16599,1438.44
quat4,-0.40414,-0.25878,-0.68303,0.55062,1438.44
quat5,-0.69889,-0.3659,-0.54146,0.29066,1438.44
quat6,-0.67486,-0.28996,-0.44257,0.51441,1438.44
quat7,-0.46806,-0.4334,-0.24892,0.72879,1438.44
quat8,-0.60342,-0.32665,-0.66897,0.28576,1438.44
quat0,-0.61732,0.23334,-0.2084,-0.72182,1438.46
quat1,0.10632,-0.73014,-0.19266,0.6469,1438.46
quat2,-0.33956,-0.65856,-0.22589,0.63243,1438.46
quat3,-0.63301,-0.20175,-0.73269,-0.14755,1438.46
quat4,-0.39216,-0.25443,-0.67642,0.56915,1438.46
quat5,-0.69252,-0.38929,-0.53202,0.29296,1438.46
quat6,-0.66212,-0.28883,-0.43429,0.53812,1438.46
quat7,-0.46228,-0.41948,-0.24606,0.74148,1438.46
quat8,-0.59748,-0.34842,-0.66777,0.27516,1438.46
quat0,-0.61591,0.23815,-0.22971,-0.71496,1438.48
quat1,0.10051,-0.72304,-0.17529,0.66059,1438.48
quat2,-0.3301,-0.64807,-0.21506,0.65176,1438.48
quat3,-0.62583,-0.19725,-0.74341,-0.12949,1438.48
quat4,-0.38189,-0.25098,-0.66898,0.58619,1438.48
quat5,-0.68401,-0.41422,-0.52319,0.29466,1438.48
quat6,-0.65256,-0.28391,-0.42676,0.55807,1438.48
quat7,-0.46019,-0.40761,-0.24262,0.75048,1438.48
quat8,-0.58928,-0.3685,-0.66766,0.26683,1438.48
quat0,-0.61314,0.24644,-0.2483,-0.70829,1438.5
quat1,0.09228,-0.71612,-0.15763,0.67365,1438.5
quat2,-0.32239,-0.63819,-0.20357,0.66883,1438.5
quat3,-0.62005,-0.19099,-0.75276,-0.11138,1438.5
quat4,-0.37596,-0.24697,-0.66253,0.59894,1438.5
quat5,-0.67854,-0.43347,-0.51785,0.28899,1438.5
quat6,-0.64477,-0.2763,-0.41793,0.57729,1438.5
quat7,-0.46179,-0.39812,-0.23543,0.75685,1438.5
quat8,-0.57999,-0.38798,-0.66753,0.25978,1438.5
quat0,-0.60936,0.25722,-0.26448,-0.70184,1438.52
quat1,0.08282,-0.71001,-0.14041,0.68506,1438.52
quat2,-0.31527,-0.63034,-0.18952,0.68364,1438.52
quat3,-0.61609,-0.18256,-0.7606,-0.09271,1438.52
quat4,-0.37275,-0.24367,-0.65459,0.61089,1438.52
quat5,-0.6747,-0.44832,-0.51575,0.2789,1438.52
quat6,-0.63702,-0.27091,-0.40661,0.59622,1438.52
quat7,-0.46413,-0.39086,-0.2234,0.76282,1438.52
quat8,-0.56992,-0.40548,-0.66887,0.25177,1438.52
quat0,-0.60514,0.26903,-0.27817,-0.69574,1438.54
quat1,0.07286,-0.70544,-0.12421,0.69399,1438.54
quat2,-0.31112,-0.62434,-0.17451,0.69495,1438.54
quat3,-0.61443,-0.17176,-0.76639,-0.07493,1438.54
quat4,-0.37217,-0.24331,-0.64342,0.62314,1438.54
quat5,-0.67071,-0.46062,-0.51642,0.26698,1438.54
quat6,-0.62948,-0.26828,-0.39488,0.61306,1438.54
quat7,-0.4681,-0.38521,-0.21377,0.76603,1438.54
quat8,-0.55831,-0.42143,-0.67163,0.24412,1438.54
quat0,-0.6009,0.2818,-0.28868,-0.69006,1438.56
quat1,0.06175,-0.70269,-0.10931,0.70033,1438.56
quat2,-0.3121,-0.61871,-0.16228,0.70247,1438.56
quat3,-0.61493,-0.15907,-0.77009,-0.0594,1438.56
quat4,-0.37562,-0.24392,-0.6307,0.63375,1438.56
quat5,-0.66633,-0.47081,-0.51934,0.25422,1438.56
quat6,-0.6264,-0.26293,-0.38589,0.62417,1438.56
quat7,-0.47516,-0.37925,-0.20667,0.7666,1438.56
quat8,-0.54591,-0.43345,-0.67648,0.23766,1438.56
quat0,-0.59684,0.29531,-0.29593,-0.68484,1438.58
quat1,0.04872,-0.70231,-0.09654,0.70361,1438.58
quat2,-0.31923,-0.61296,-0.15501,0.70594,1438.58
quat3,-0.61739,-0.14472,-0.77178,-0.04738,1438.58
quat4,-0.38356,-0.24349,-0.61983,0.63984,1438.58
quat5,-0.66066,-0.47908,-0.52468,0.24231,1438.58
quat6,-0.62801,-0.25787,-0.37734,0.62985,1438.58
quat7,-0.48601,-0.3721,-0.20434,0.76392,1438.58
quat8,-0.53214,-0.44279,-0.68266,0.23396,1438.58
quat0,-0.59241,0.30934,-0.2997,-0.68083,1438.6
quat1,0.03327,-0.70457,-0.0866,0.70355,1438.6
quat2,-0.3305,-0.60771,-0.1508,0.7062,1438.6
quat3,-0.62162,-0.12913,-0.77159,-0.03944,1438.6
quat4,-0.39572,-0.24282,-0.61069,0.64148,1438.6
quat5,-0.6555,-0.48386,-0.53284,0.22865,1438.6
quat6,-0.63183,-0.25345,-0.36985,0.63227,1438.6
quat7,-0.50048,-0.36308,-0.20892,0.75765,1438.6
quat8,-0.51809,-0.44773,-0.69068,0.23255,1438.6
quat0,-0.5874,0.32443,-0.29916,-0.67839,1438.62
quat1,0.01577,-0.70854,-0.08064,0.70087,1438.62
quat2,-0.3432,-0.60396,-0.14688,0.70418,1438.62
quat3,-0.62786,-0.11307,-0.7693,-0.03447,1438.62
quat4,-0.40911,-0.2441,-0.59898,0.64364,1438.62
quat5,-0.65113,-0.48544,-0.54296,0.21347,1438.62
quat6,-0.63864,-0.24708,-0.36384,0.63143,1438.62
quat7,-0.51507,-0.35283,-0.21555,0.75084,1438.62
quat8,-0.50353,-0.44952,-0.69967,0.23422,1438.62
quat0,-0.5816,0.33972,-0.29507,-0.67769,1438.64
quat1,-0.00145,-0.71347,-0.07721,0.69642,1438.64
quat2,-0.357,-0.60236,-0.14271,0.69953,1438.64
quat3,-0.63601,-0.09652,-0.76492,-0.03278,1438.64
quat4,-0.424,-0.24774,-0.58491,0.64555,1438.64
quat5,-0.64715,-0.48347,-0.55536,0.19757,1438.64
quat6,-0.64837,-0.23992,-0.35797,0.62762,1438.64
quat7,-0.5319,-0.34721,-0.21698,0.74124,1438.64
quat8,-0.48967,-0.44738,-0.70944,0.23826,1438.64
quat0,-0.57497,0.3556,-0.28707,-0.67864,1438.66
quat1,-0.01737,-0.71914,-0.07593,0.69049,1438.66
quat2,-0.3715,-0.6029,-0.13855,0.69232,1438.66
quat3,-0.64559,-0.08061,-0.75867,-0.03361,1438.66
quat4,-0.44094,-0.24619,-0.57845,0.64059,1438.66
quat5,-0.64255,-0.47898,-0.56983,0.18166,1438.66
quat6,-0.65941,-0.2337,-0.35144,0.62214,1438.66
quat7,-0.54867,-0.34339,-0.21644,0.73089,1438.66
quat8,-0.47658,-0.4416,-0.71958,0.24508,1438.66
quat0,-0.56749,0.37138,-0.27626,-0.68096,1438.68
quat1,-0.03336,-0.72579,-0.07731,0.68275,1438.68
quat2,-0.3884,-0.60481,-0.13513,0.68198,1438.68
quat3,-0.65649,-0.06539,-0.75057,-0.03745,1438.68
quat4,-0.46157,-0.24381,-0.57291,0.63189,1438.68
quat5,-0.63693,-0.47301,-0.58539,0.16702,1438.68
quat6,-0.67279,-0.22661,-0.34557,0.61367,1438.68
quat7,-0.56663,-0.34205,-0.21408,0.7184,1438.68
quat8,-0.46589,-0.42981,-0.73109,0.25242,1438.68
quat0,-0.55936,0.38717,-0.26282,-0.68421,1438.7
quat1,-0.04923,-0.73323,-0.0821,0.67321,1438.7
quat2,-0.40751,-0.60727,-0.13431,0.66867,1438.7
quat3,-0.66751,-0.04955,-0.74157,-0.04523,1438.7
quat4,-0.4842,-0.23693,-0.57232,0.61795,1438.7
quat5,-0.62888,-0.46611,-0.60279,0.15455,1438.7
quat6,-0.68827,-0.2194,-0.34265,0.60061,1438.7
quat7,-0.58486,-0.34062,-0.21549,0.7039,1438.7
quat8,-0.45684,-0.41423,-0.74259,0.26131,1438.7
quat0,-0.55064,0.40218,-0.2476,-0.68829,1438.72
quat1,-0.0655,-0.74126,-0.08952,0.66199,1438.72
quat2,-0.42909,-0.61023,-0.1372,0.65168,1438.72
quat3,-0.67817,-0.03334,-0.73197,-0.05654,1438.72
quat4,-0.50744,-0.23099,-0.571,0.60259,1438.72
quat5,-0.61996,-0.45722,-0.62135,0.14326,1438.72
quat6,-0.70592,-0.21239,-0.33965,0.58413,1438.72
quat7,-0.60353,-0.33794,-0.21952,0.688,1438.72
quat8,-0.44987,-0.39528,-0.75408,0.26969,1438.72
quat0,-0.54158,0.41642,-0.23004,-0.69309,1438.74
quat1,-0.08197,-0.74972,-0.09938,0.64909,1438.74
quat2,-0.45209,-0.61268,-0.14448,0.63195,1438.74
quat3,-0.68807,-0.01705,-0.72209,-0.06965,1438.74
quat4,-0.53033,-0.22593,-0.56946,0.58603,1438.74
quat5,-0.61031,-0.44588,-0.64106,0.13328,1438.74
quat6,-0.7243,-0.20529,-0.33884,0.5643,1438.74
quat7,-0.62176,-0.33441,-0.22565,0.67132,1438.74
quat8,-0.44436,-0.37478,-0.7645,0.2786,1438.74
quat0,-0.53245,0.42901,-0.21153,-0.69835,1438.76
quat1,-0.09807,-0.75894,-0.11014,0.63424,1438.76
quat2,-0.47587,-0.61475,-0.15389,0.60987,1438.76
quat3,-0.69707,-0.00174,-0.71199,-0.08461,1438.76
quat4,-0.55284,-0.22159,-0.5695,0.56652,1438.76
quat5,-0.60078,-0.43361,-0.65985,0.12507,1438.76
quat6,-0.74282,-0.19811,-0.3402,0.54151,1438.76
quat7,-0.63915,-0.33127,-0.23412,0.6534,1438.76
quat8,-0.44195,-0.35278,-0.77438,0.28384,1438.76
quat0,-0.5243,0.43908,-0.19201,-0.70389,1438.78
quat1,-0.11228,-0.76832,-0.12262,0.6181,1438.78
quat2,-0.49931,-0.61494,-0.16616,0.58732,1438.78
quat3,-0.70547,0.01124,-0.70161,-0.09959,1438.78
quat4,-0.57339,-0.21679,-0.57177,0.54525,1438.78
quat5,-0.59087,-0.42191,-0.67689,0.12119,1438.78
quat6,-0.76055,-0.1882,-0.34355,0.5178,1438.78
quat7,-0.65542,-0.32718,-0.24378,0.63558,1438.78
quat8,-0.44246,-0.3309,-0.78245,0.28722,1438.78
quat0,-0.51715,0.44589,-0.17233,-0.70996,1438.8
quat1,-0.12399,-0.77736,-0.13636,0.60145,1438.8
quat2,-0.52296,-0.61316,-0.18104,0.56372,1438.8
quat3,-0.71313,0.02005,-0.69131,-0.1146,1438.8
quat4,-0.59064,-0.21354,-0.57503,0.5243,1438.8
quat5,-0.58264,-0.41089,-0.6908,0.12035,1438.8
quat6,-0.77664,-0.17752,-0.34927,0.49329,1438.8
quat7,-0.66942,-0.32358,-0.25299,0.61901,1438.8
quat8,-0.44646,-0.30835,-0.78884,0.28864,1438.8
quat0,-0.51113,0.4497,-0.15126,-0.71668,1438.82
quat1,-0.1326,-0.78577,-0.15118,0.58491,1438.82
quat2,-0.54516,-0.60883,-0.19828,0.54112,1438.82
quat3,-0.71968,0.02463,-0.68154,-0.13025,1438.82
quat4,-0.60354,-0.21204,-0.578,0.50665,1438.82
quat5,-0.57649,-0.39988,-0.70191,0.12274,1438.82
quat6,-0.79011,-0.1671,-0.35646,0.46984,1438.82
quat7,-0.68069,-0.32203,-0.2595,0.60466,1438.82
quat8,-0.45273,-0.28605,-0.79286,0.29084,1438.82
quat0,-0.50682,0.44949,-0.13009,-0.724,1438.84
quat1,-0.13826,-0.79373,-0.16696,0.56834,1438.84
quat2,-0.56339,-0.60523,-0.21457,0.51985,1438.84
quat3,-0.72501,0.02439,-0.67258,-0.14631,1438.84
quat4,-0.6122,-0.21428,-0.57968,0.49322,1438.84
quat5,-0.57358,-0.38842,-0.71014,0.12587,1438.84
quat6,-0.80133,-0.15826,-0.36419,0.44742,1438.84
quat7,-0.68929,-0.32477,-0.26505,0.59089,1438.84
quat8,-0.4611,-0.26346,-0.79603,0.29037,1438.84
quat0,-0.50469,0.44532,-0.11056,-0.73127,1438.86
quat1,-0.13961,-0.80042,-0.18324,0.55341,1438.86
quat2,-0.57783,-0.60233,-0.23013,0.50034,1438.86
quat3,-0.72926,0.01951,-0.66448,-0.16206,1438.86
quat4,-0.61709,-0.21925,-0.58121,0.48304,1438.86
quat5,-0.57189,-0.37788,-0.7159,0.13279,1438.86
quat6,-0.8103,-0.15033,-0.37302,0.42622,1438.86
quat7,-0.69505,-0.33068,-0.26949,0.57874,1438.86
quat8,-0.47164,-0.24189,-0.79792,0.28701,1438.86
quat0,-0.50478,0.43726,-0.09403,-0.73835,1438.88
quat1,-0.13679,-0.80542,-0.19911,0.54125,1438.88
quat2,-0.58906,-0.60106,-0.24391,0.48192,1438.88
quat3,-0.73175,0.01113,-0.65782,-0.17801,1438.88
quat4,-0.61904,-0.22589,-0.58416,0.47383,1438.88
quat5,-0.57061,-0.37004,-0.71895,0.14348,1438.88
quat6,-0.81715,-0.14503,-0.3809,0.40762,1438.88
quat7,-0.69851,-0.33819,-0.27573,0.56718,1438.88
quat8,-0.48377,-0.2206,-0.79875,0.2816,1438.88
quat0,-0.50642,0.42658,-0.07878,-0.74523,1438.9
quat1,-0.12906,-0.8089,-0.21365,0.53233,1438.9
quat2,-0.59713,-0.60127,-0.25565,0.46534,1438.9
quat3,-0.73224,0.00049,-0.65279,-0.19411,1438.9
quat4,-0.61866,-0.2342,-0.58921,0.46395,1438.9
quat5,-0.57121,-0.36285,-0.71954,0.15595,1438.9
quat6,-0.8223,-0.14232,-0.38833,0.39084,1438.9
quat7,-0.70014,-0.34401,-0.28515,0.55691,1438.9
quat8,-0.49701,-0.20004,-0.79768,0.27692,1438.9
quat0,-0.50892,0.41341,-0.06565,-0.75219,1438.92
quat1,-0.1164,-0.81118,-0.22697,0.52624,1438.92
quat2,-0.60014,-0.6045,-0.26546,0.4516,1438.92
quat3,-0.73141,-0.0122,-0.64914,-0.20858,1438.92
quat4,-0.61609,-0.24259,-0.5968,0.45321,1438.92
quat5,-0.57529,-0.35384,-0.71823,0.16727,1438.92
quat6,-0.82543,-0.14384,-0.39558,0.37616,1438.92
quat7,-0.6991,-0.34988,-0.29705,0.54827,1438.92
quat8,-0.51197,-0.18211,-0.79425,0.27183,1438.92
quat0,-0.51202,0.39848,-0.05425,-0.75901,1438.94
quat1,-0.10036,-0.81183,-0.24004,0.52272,1438.94
quat2,-0.5991,-0.61029,-0.27322,0.44042,1438.94
quat3,-0.72965,-0.02759,-0.64662,-0.22077,1438.94
quat4,-0.61157,-0.25018,-0.60657,0.44212,1438.94
quat5,-0.58255,-0.34343,-0.71496,0.17754,1438.94
quat6,-0.82707,-0.14808,-0.40272,0.36311,1438.94
quat7,-0.69641,-0.35571,-0.30938,0.54108,1438.94
quat8,-0.52779,-0.16689,-0.78802,0.26947,1438.94
quat0,-0.51555,0.38257,-0.04465,-0.76541,1438.96
quat1,-0.08318,-0.81066,-0.25293,0.52148,1438.96
quat2,-0.59619,-0.61553,-0.2831,0.43074,1438.96
quat3,-0.72722,-0.04522,-0.64496,-0.2305,1438.96
quat4,-0.60416,-0.25819,-0.6181,0.4316,1438.96
quat5,-0.59215,-0.33202,-0.7101,0.18674,1438.96
quat6,-0.82678,-0.15586,-0.41101,0.35103,1438.96
quat7,-0.69147,-0.36202,-0.32194,0.53588,1438.96
quat8,-0.545,-0.15483,-0.77898,0.26869,1438.96
quat0,-0.51947,0.36567,-0.03674,-0.77142,1438.98
quat1,-0.06572,-0.80832,-0.26523,0.5215,1438.98
quat2,-0.59108,-0.62069,-0.29403,0.42298,1438.98
quat3,-0.72311,-0.06374,-0.64485,-0.23919,1438.98
quat4,-0.59446,-0.26664,-0.62997,0.42267,1438.98
quat5,-0.6035,-0.32099,-0.70303,0.19622,1438.98
quat6,-0.82535,-0.16382,-0.42078,0.33898,1438.98
quat7,-0.68407,-0.36945,-0.33335,0.53332,1438.98
quat8,-0.5621,-0.14536,-0.76757,0.27156,1438.98
quat0,-0.52358,0.34838,-0.03091,-0.77687,1439.0
quat1,-0.0476,-0.80473,-0.27663,0.52308,1439.0
quat2,-0.5835,-0.6255,-0.3068,0.41732,1439.0
quat3,-0.71738,-0.08152,-0.64608,-0.2476,1439.0
quat4,-0.58207,-0.27673,-0.64163,0.41585,1439.0
quat5,-0.61633,-0.31069,-0.69381,0.20551,1439.0
quat6,-0.82184,-0.17094,-0.43373,0.32747,1439.0
quat7,-0.67509,-0.37657,-0.34518,0.53225,1439.0
quat8,-0.57914,-0.13769,-0.75496,0.27509,1439.0
quat0,-0.52814,0.33066,-0.02896,-0.7816,1439.02
quat1,-0.02943,-0.80005,-0.28714,0.52594,1439.02
quat2,-0.57395,-0.62938,-0.32049,0.41442,1439.02
quat3,-0.70997,-0.09814,-0.64845,-0.25656,1439.02
quat4,-0.56717,-0.28842,-0.652,0.41234,1439.02
quat5,-0.63005,-0.30269,-0.68188,0.21552,1439.02
quat6,-0.81688,-0.17681,-0.44751,0.31809,1439.02
quat7,-0.66521,-0.38345,-0.35712,0.53191,1439.02
quat8,-0.59568,-0.13077,-0.74168,0.27924,1439.02
quat0,-0.53251,0.31301,-0.03056,-0.78583,1439.04
quat1,-0.01138,-0.79444,-0.29621,0.53009,1439.04
quat2,-0.5627,-0.6318,-0.33529,0.41445,1439.04
quat3,-0.70144,-0.11402,-0.65137,-0.26589,1439.04
quat4,-0.55035,-0.30018,-0.66149,0.41163,1439.04
quat5,-0.64455,-0.29648,-0.6681,0.22429,1439.04
quat6,-0.81012,-0.18247,-0.4618,0.3117,1439.04
quat7,-0.65418,-0.3899,-0.37046,0.53178,1439.04
quat8,-0.61136,-0.12474,-0.72834,0.2832,1439.04
quat0,-0.53656,0.29562,-0.03484,-0.78962,1439.06
quat1,0.00592,-0.78786,-0.30317,0.53604,1439.06
quat2,-0.55041,-0.63214,-0.3507,0.41768,1439.06
quat3,-0.69163,-0.13004,-0.65542,-0.27418,1439.06
quat4,-0.53347,-0.30888,-0.6712,0.4117,1439.06
quat5,-0.65919,-0.29234,-0.65266,0.23246,1439.06
quat6,-0.80186,-0.18863,-0.47488,0.30973,1439.06
quat7,-0.64237,-0.39611,-0.38354,0.53231,1439.06
quat8,-0.62519,-0.11829,-0.71643,0.28612,1439.06
quat0,-0.53975,0.27963,-0.04084,-0.79298,1439.08
quat1,0.02289,-0.77996,-0.3081,0.54425,1439.08
quat2,-0.53387,-0.63258,-0.36493,0.4262,1439.08
quat3,-0.68114,-0.14506,-0.66074,-0.28006,1439.08
quat4,-0.5154,-0.31453,-0.68069,0.41484,1439.08
quat5,-0.673,-0.2913,-0.63597,0.24034,1439.08
quat6,-0.79111,-0.19636,-0.48816,0.3119,1439.08
quat7,-0.63116,-0.39934,-0.39513,0.53483,1439.08
quat8,-0.63602,-0.11624,-0.70614,0.28868,1439.08
quat0,-0.54187,0.2648,-0.04766,-0.79623,1439.1
quat1,0.03891,-0.7702,-0.31136,0.55528,1439.1
quat2,-0.51245,-0.63458,-0.37608,0.43963,1439.1
quat3,-0.67066,-0.15792,-0.66751,-0.28232,1439.1
quat4,-0.49815,-0.31698,-0.68702,0.42353,1439.1
quat5,-0.68679,-0.29309,-0.61698,0.24849,1439.1
quat6,-0.77919,-0.2059,-0.49922,0.31821,1439.1
quat7,-0.62276,-0.39928,-0.40036,0.5408,1439.1
quat8,-0.64468,-0.12037,-0.6966,0.29095,1439.1
quat0,-0.54271,0.25275,-0.05572,-0.79905,1439.12
quat1,0.05259,-0.75853,-0.31378,0.56869,1439.12
quat2,-0.48687,-0.63741,-0.38392,0.45747,1439.12
quat3,-0.66012,-0.16794,-0.67587,-0.28151,1439.12
quat4,-0.48206,-0.31349,-0.69435,0.43269,1439.12
quat5,-0.70014,-0.29587,-0.59626,0.25835,1439.12
quat6,-0.76561,-0.21799,-0.50888,0.32766,1439.12
quat7,-0.61144,-0.40106,-0.40747,0.54705,1439.12
quat8,-0.64976,-0.13132,-0.68862,0.2939,1439.12
quat0,-0.54241,0.24298,-0.06502,-0.80158,1439.14
quat1,0.06307,-0.74559,-0.31575,0.58345,1439.14
quat2,-0.45865,-0.64059,-0.38715,0.47896,1439.14
quat3,-0.64945,-0.17424,-0.68548,-0.27925,1439.14
quat4,-0.46977,-0.30218,-0.70301,0.4402,1439.14
quat5,-0.70858,-0.30545,-0.57527,0.27144,1439.14
quat6,-0.75104,-0.23359,-0.51376,0.34266,1439.14
quat7,-0.59625,-0.40577,-0.40909,0.559,1439.14
quat8,-0.65063,-0.14921,-0.68217,0.29845,1439.14
quat0,-0.5412,0.23617,-0.07578,-0.80349,1439.16
quat1,0.0702,-0.73217,-0.3169,0.59881,1439.16
quat2,-0.42774,-0.64334,-0.38622,0.50398,1439.16
quat3,-0.63958,-0.17719,-0.69574,-0.27474,1439.16
quat4,-0.46027,-0.28429,-0.71241,0.44699,1439.16
quat5,-0.71298,-0.32047,-0.55365,0.2871,1439.16
quat6,-0.73437,-0.25235,-0.51416,0.36422,1439.16
quat7,-0.57883,-0.41186,-0.40162,0.57795,1439.16
quat8,-0.64773,-0.17261,-0.67779,0.30207,1439.16
quat0,-0.5397,0.23213,-0.08743,-0.80448,1439.18
quat1,0.07537,-0.71914,-0.31631,0.61409,1439.18
quat2,-0.39628,-0.64453,-0.38086,0.5315,1439.18
quat3,-0.63078,-0.17619,-0.70633,-0.26864,1439.18
quat4,-0.45223,-0.26448,-0.7203,0.45465,1439.18
quat5,-0.71507,-0.33848,-0.5324,0.3011,1439.18
quat6,-0.71708,-0.2722,-0.50813,0.3918,1439.18
quat7,-0.56091,-0.41769,-0.38511,0.60217,1439.18
quat8,-0.64187,-0.20128,-0.67381,0.30574,1439.18
quat0,-0.53828,0.22985,-0.0996,-0.80468,1439.2
quat1,0.07838,-0.70685,-0.31344,0.62927,1439.2
quat2,-0.36791,-0.64259,-0.37339,0.55884,1439.2
quat3,-0.62251,-0.1716,-0.71734,-0.26165,1439.2
quat4,-0.44369,-0.24389,-0.72566,0.46591,1439.2
quat5,-0.71047,-0.36123,-0.516,0.31383,1439.2
quat6,-0.70018,-0.28794,-0.49864,0.42213,1439.2
quat7,-0.54598,-0.4208,-0.35953,0.62895,1439.2
quat8,-0.63378,-0.2343,-0.67093,0.30541,1439.2
quat0,-0.53674,0.22933,-0.11307,-0.80407,1439.22
quat1,0.07958,-0.69588,-0.30901,0.64337,1439.22
quat2,-0.33971,-0.64159,-0.35885,0.58667,1439.22
quat3,-0.61472,-0.1654,-0.72845,-0.25322,1439.22
quat4,-0.43022,-0.23425,-0.71903,0.49299,1439.22
quat5,-0.70454,-0.3832,-0.5049,0.31915,1439.22
quat6,-0.68428,-0.30269,-0.48747,0.45001,1439.22
quat7,-0.53357,-0.42496,-0.33105,0.65201,1439.22
quat8,-0.62722,-0.26278,-0.66959,0.29865,1439.22
quat0,-0.53554,0.22988,-0.12818,-0.80245,1439.24
quat1,0.07751,-0.68656,-0.30521,0.65535,1439.24
quat2,-0.31291,-0.64233,-0.33752,0.61285,1439.24
quat3,-0.60736,-0.15924,-0.73951,-0.24266,1439.24
quat4,-0.41915,-0.22186,-0.71586,0.51248,1439.24
quat5,-0.6963,-0.40529,-0.4968,0.32264,1439.24
quat6,-0.67303,-0.31428,-0.4736,0.47325,1439.24
quat7,-0.52763,-0.42086,-0.31339,0.66804,1439.24
quat8,-0.62127,-0.29195,-0.66787,0.28764,1439.24
quat0,-0.5346,0.23244,-0.14441,-0.79958,1439.26
quat1,0.07329,-0.67808,-0.30097,0.66652,1439.26
quat2,-0.29156,-0.64248,-0.31265,0.63597,1439.26
quat3,-0.60017,-0.15324,-0.75042,-0.23062,1439.26
quat4,-0.41006,-0.20768,-0.71536,0.5263,1439.26
quat5,-0.6851,-0.43093,-0.49053,0.32299,1439.26
quat6,-0.66425,-0.31936,-0.46104,0.49419,1439.26
quat7,-0.5202,-0.41533,-0.29721,0.68451,1439.26
quat8,-0.6137,-0.31859,-0.66742,0.27644,1439.26
quat0,-0.53374,0.23721,-0.16044,-0.79568,1439.28
quat1,0.0686,-0.67087,-0.29342,0.67759,1439.28
quat2,-0.28018,-0.63979,-0.2884,0.65498,1439.28
quat3,-0.5929,-0.14701,-0.76114,-0.21802,1439.28
quat4,-0.40224,-0.19487,-0.71393,0.53901,1439.28
quat5,-0.67783,-0.44948,-0.48858,0.31592,1439.28
quat6,-0.65586,-0.31661,-0.45003,0.5168,1439.28
quat7,-0.51391,-0.40452,-0.28824,0.69942,1439.28
quat8,-0.60736,-0.34019,-0.66541,0.26947,1439.28
quat0,-0.53247,0.24408,-0.17663,-0.79101,1439.3
quat1,0.0637,-0.66566,-0.28113,0.68834,1439.3
quat2,-0.27955,-0.63361,-0.27183,0.6682,1439.3
quat3,-0.58609,-0.14061,-0.77126,-0.20465,1439.3
quat4,-0.39594,-0.18613,-0.70766,0.5548,1439.3
quat5,-0.67597,-0.45866,-0.4924,0.30039,1439.3
quat6,-0.65376,-0.3002,-0.4477,0.53107,1439.3
quat7,-0.50958,-0.39249,-0.2783,0.71332,1439.3
quat8,-0.59943,-0.35991,-0.66609,0.25974,1439.3
quat0,-0.53022,0.25297,-0.19163,-0.78622,1439.32
quat1,0.05735,-0.66265,-0.26531,0.69801,1439.32
quat2,-0.28636,-0.62661,-0.25822,0.67726,1439.32
quat3,-0.58007,-0.13273,-0.78069,-0.19084,1439.32
quat4,-0.39111,-0.18146,-0.69575,0.57449,1439.32
quat5,-0.67466,-0.46482,-0.49901,0.28243,1439.32
quat6,-0.65536,-0.28342,-0.44118,0.54363,1439.32
quat7,-0.51055,-0.383,-0.26527,0.7227,1439.32
quat8,-0.58959,-0.376,-0.66901,0.25186,1439.32
quat0,-0.52725,0.26383,-0.205,-0.78126,1439.34
quat1,0.04746,-0.66176,-0.25016,0.70516,1439.34
quat2,-0.29681,-0.6196,-0.24588,0.68377,1439.34
quat3,-0.57662,-0.12247,-0.78815,-0.17699,1439.34
quat4,-0.38957,-0.17961,-0.67976,0.59489,1439.34
quat5,-0.67174,-0.47148,-0.50638,0.26466,1439.34
quat6,-0.65785,-0.2702,-0.43494,0.55231,1439.34
quat7,-0.51467,-0.37376,-0.2556,0.72807,1439.34
quat8,-0.57723,-0.38994,-0.67412,0.24557,1439.34
quat0,-0.52412,0.27703,-0.21444,-0.77625,1439.36
quat1,0.03507,-0.66293,-0.2371,0.70928,1439.36
quat2,-0.3102,-0.61309,-0.23323,0.68811,1439.36
quat3,-0.57647,-0.11056,-0.79302,-0.16303,1439.36
quat4,-0.39062,-0.18118,-0.66029,0.61531,1439.36
quat5,-0.66737,-0.47705,-0.51549,0.2476,1439.36
quat6,-0.66197,-0.2591,-0.4266,0.55917,1439.36
quat7,-0.52286,-0.36558,-0.24458,0.73018,1439.36
quat8,-0.56302,-0.40165,-0.68103,0.24058,1439.36
quat0,-0.52073,0.29238,-0.21961,-0.77144,1439.38
quat1,0.02174,-0.66622,-0.22523,0.7106,1439.38
quat2,-0.32453,-0.60887,-0.21884,0.68998,1439.38
quat3,-0.58075,-0.09828,-0.79434,-0.14866,1439.38
quat4,-0.39547,-0.18336,-0.64254,0.63018,1439.38
quat5,-0.66337,-0.47944,-0.52712,0.22851,1439.38
quat6,-0.6671,-0.24833,-0.41643,0.5656,1439.38
quat7,-0.53469,-0.35705,-0.23594,0.72867,1439.38
quat8,-0.54831,-0.40974,-0.68908,0.23801,1439.38
quat0,-0.51723,0.30864,-0.22056,-0.76718,1439.4
quat1,0.007,-0.67114,-0.21499,0.70943,1439.4
quat2,-0.34135,-0.607,-0.20331,0.68825,1439.4
quat3,-0.58888,-0.08538,-0.79225,-0.13515,1439.4
quat4,-0.40778,-0.18093,-0.63376,0.63192,1439.4
quat5,-0.66061,-0.47696,-0.54106,0.20823,1439.4
quat6,-0.67488,-0.23782,-0.40412,0.56979,1439.4
quat7,-0.55166,-0.34617,-0.23292,0.72221,1439.4
quat8,-0.5334,-0.41343,-0.6985,0.23802,1439.4
quat0,-0.51342,0.32612,-0.21726,-0.76345,1439.42
quat1,-0.00831,-0.67752,-0.20652,0.70587,1439.42
quat2,-0.35983,-0.60732,-0.1887,0.68271,1439.42
quat3,-0.60012,-0.07097,-0.78692,-0.12478,1439.42
quat4,-0.42098,-0.18214,-0.62026,0.6363,1439.42
quat5,-0.65678,-0.47094,-0.55816,0.18792,1439.42
quat6,-0.6852,-0.22964,-0.38995,0.57071,1439.42
quat7,-0.5696,-0.33351,-0.23211,0.71446,1439.42
quat8,-0.51834,-0.41165,-0.7097,0.24122,1439.42
quat0,-0.50959,0.34384,-0.20989,-0.76029,1439.44
quat1,-0.02464,-0.68554,-0.20088,0.69934,1439.44
quat2,-0.38103,-0.60977,-0.17578,0.67238,1439.44
quat3,-0.61388,-0.05476,-0.77825,-0.12032,1439.44
quat4,-0.43942,-0.18475,-0.60646,0.63638,1439.44
quat5,-0.65163,-0.46276,-0.57678,0.169,1439.44
quat6,-0.6984,-0.22413,-0.37507,0.56686,1439.44
quat7,-0.58933,-0.32641,-0.22969,0.70242,1439.44
quat8,-0.50381,-0.40655,-0.72075,0.2478,1439.44
quat0,-0.50586,0.36168,-0.19913,-0.75739,1439.46
quat1,-0.04192,-0.69525,-0.19817,0.68964,1439.46
quat2,-0.40465,-0.61341,-0.16587,0.65763,1439.46
quat3,-0.6299,-0.03847,-0.76621,-0.12112,1439.46
quat4,-0.46192,-0.1815,-0.60421,0.62339,1439.46
quat5,-0.64339,-0.45386,-0.59729,0.15265,1439.46
quat6,-0.71338,-0.21798,-0.36287,0.55848,1439.46
quat7,-0.60879,-0.32051,-0.23019,0.68823,1439.46
quat8,-0.49085,-0.39611,-0.73278,0.25535,1439.46
quat0,-0.50197,0.37905,-0.1857,-0.75489,1439.48
quat1,-0.05949,-0.70704,-0.19734,0.67647,1439.48
quat2,-0.43105,-0.61705,-0.1607,0.63845,1439.48
quat3,-0.64729,-0.02372,-0.75151,-0.12525,1439.48
quat4,-0.48833,-0.17692,-0.60377,0.60472,1439.48
quat5,-0.63447,-0.4431,-0.61816,0.1378,1439.48
quat6,-0.73047,-0.20996,-0.35439,0.54474,1439.48
quat7,-0.62965,-0.31452,-0.23418,0.67065,1439.48
quat8,-0.48114,-0.38013,-0.7449,0.26293,1439.48
quat0,-0.49827,0.39526,-0.1698,-0.75277,1439.5
quat1,-0.07627,-0.72012,-0.19844,0.66048,1439.5
quat2,-0.45755,-0.62039,-0.16105,0.6163,1439.5
quat3,-0.66557,-0.01058,-0.73475,-0.13054,1439.5
quat4,-0.51454,-0.17131,-0.60482,0.58317,1439.5
quat5,-0.62464,-0.43035,-0.63945,0.12542,1439.5
quat6,-0.74836,-0.20067,-0.34959,0.52677,1439.5
quat7,-0.64967,-0.30925,-0.23935,0.65193,1439.5
quat8,-0.47447,-0.36,-0.75617,0.27109,1439.5
quat0,-0.49484,0.40958,-0.15272,-0.75103,1439.52
quat1,-0.09291,-0.73374,-0.20167,0.64212,1439.52
quat2,-0.48402,-0.62405,-0.16504,0.59081,1439.52
quat3,-0.68343,0.00113,-0.71672,-0.13865,1439.52
quat4,-0.53925,-0.16985,-0.60457,0.56112,1439.52
quat5,-0.61358,-0.41831,-0.6592,0.11829,1439.52
quat6,-0.76612,-0.19081,-0.34803,0.5055,1439.52
quat7,-0.66701,-0.30819,-0.24465,0.63267,1439.52
quat8,-0.47056,-0.33717,-0.76688,0.27708,1439.52
quat0,-0.49207,0.42186,-0.13433,-0.74958,1439.54
quat1,-0.10832,-0.74755,-0.20612,0.62205,1439.54
quat2,-0.5096,-0.62568,-0.17373,0.56449,1439.54
quat3,-0.69949,0.01155,-0.69872,-0.14955,1439.54
quat4,-0.5615,-0.17383,-0.60056,0.54206,1439.54
quat5,-0.60289,-0.40623,-0.67681,0.11589,1439.54
quat6,-0.78212,-0.18033,-0.34968,0.4832,1439.54
quat7,-0.68177,-0.30983,-0.25016,0.61369,1439.54
quat8,-0.46961,-0.31222,-0.77676,0.28042,1439.54
quat0,-0.49027,0.43156,-0.1158,-0.74832,1439.56
quat1,-0.12112,-0.76107,-0.21165,0.6011,1439.56
quat2,-0.5334,-0.62584,-0.18553,0.53796,1439.56
quat3,-0.71326,0.01913,-0.68159,-0.16225,1439.56
quat4,-0.58115,-0.18241,-0.59408,0.52541,1439.56
quat5,-0.59294,-0.3949,-0.69195,0.11696,1439.56
quat6,-0.79634,-0.17243,-0.35151,0.46103,1439.56
quat7,-0.69435,-0.31144,-0.25612,0.59606,1439.56
quat8,-0.47189,-0.28548,-0.78573,0.28008,1439.56
quat0,-0.48999,0.43835,-0.09717,-0.74721,1439.58
quat1,-0.13003,-0.77322,-0.21833,0.58099,1439.58
quat2,-0.55456,-0.62438,-0.1995,0.51264,1439.58
quat3,-0.72459,0.02355,-0.66584,-0.1763,1439.58
quat4,-0.59964,-0.19277,-0.58677,0.5089,1439.58
quat5,-0.58405,-0.38359,-0.7051,0.12071,1439.58
quat6,-0.80853,-0.16599,-0.35446,0.43941,1439.58
quat7,-0.70526,-0.31342,-0.26122,0.57978,1439.58
quat8,-0.47627,-0.25869,-0.79289,0.27851,1439.58
quat0,-0.49102,0.44228,-0.07924,-0.74633,1439.6
quat1,-0.13537,-0.78391,-0.22602,0.5622,1439.6
quat2,-0.57567,-0.62125,-0.21439,0.48651,1439.6
quat3,-0.7334,0.02483,-0.65189,-0.19117,1439.6
quat4,-0.61476,-0.20338,-0.58265,0.49116,1439.6
quat5,-0.57542,-0.37395,-0.71593,0.12846,1439.6
quat6,-0.81888,-0.16214,-0.35727,0.41892,1439.6
quat7,-0.71265,-0.31985,-0.26783,0.56399,1439.6
quat8,-0.48313,-0.23267,-0.79766,0.27601,1439.6
quat0,-0.49388,0.44291,-0.06203,-0.7457,1439.62
quat1,-0.13765,-0.79247,-0.23427,0.54604,1439.62
quat2,-0.59812,-0.61445,-0.23116,0.45965,1439.62
quat3,-0.74033,0.02359,-0.6394,-0.20621,1439.62
quat4,-0.62593,-0.21544,-0.58044,0.47422,1439.62
quat5,-0.56846,-0.36438,-0.72451,0.13846,1439.62
quat6,-0.8273,-0.16047,-0.3612,0.39919,1439.62
quat7,-0.71746,-0.32835,-0.27584,0.54895,1439.62
quat8,-0.49225,-0.20699,-0.80075,0.27138,1439.62
quat0,-0.49884,0.43991,-0.04633,-0.74531,1439.64
quat1,-0.13629,-0.80007,-0.24188,0.53179,1439.64
quat2,-0.61674,-0.60935,-0.24505,0.4339,1439.64
quat3,-0.74611,0.01925,-0.62822,-0.21976,1439.64
quat4,-0.63183,-0.23304,-0.57787,0.46103,1439.64
quat5,-0.56505,-0.35284,-0.73099,0.14791,1439.64
quat6,-0.83396,-0.16047,-0.36737,0.3792,1439.64
quat7,-0.71959,-0.33945,-0.28372,0.53523,1439.64
quat8,-0.50174,-0.18165,-0.80301,0.2654,1439.64
quat0,-0.50565,0.43416,-0.0322,-0.74484,1439.66
quat1,-0.12972,-0.80714,-0.2488,0.51942,1439.66
quat2,-0.63011,-0.60755,-0.25471,0.41106,1439.66
quat3,-0.75083,0.01113,-0.61869,-0.23098,1439.66
quat4,-0.63353,-0.25252,-0.57725,0.44906,1439.66
quat5,-0.56481,-0.33935,-0.73555,0.15747,1439.66
quat6,-0.83902,-0.15964,-0.3754,0.36005,1439.66
quat7,-0.71914,-0.35155,-0.29135,0.52379,1439.66
quat8,-0.51277,-0.15805,-0.80247,0.261,1439.66
quat0,-0.5143,0.42555,-0.02008,-0.74431,1439.68
quat1,-0.11872,-0.81339,-0.2553,0.50904,1439.68
quat2,-0.63934,-0.60763,-0.26242,0.39136,1439.68
quat3,-0.75465,-0.00168,-0.61114,-0.23878,1439.68
quat4,-0.63203,-0.27185,-0.57952,0.43679,1439.68
quat5,-0.56718,-0.32666,-0.73715,0.16797,1439.68
quat6,-0.84187,-0.15967,-0.38557,0.34219,1439.68
quat7,-0.71634,-0.362,-0.30135,0.51478,1439.68
quat8,-0.52575,-0.13903,-0.79808,0.25949,1439.68
quat0,-0.52443,0.41442,-0.00968,-0.74374,1439.7
quat1,-0.10404,-0.81918,-0.26019,0.50042,1439.7
quat2,-0.64359,-0.60992,-0.26893,0.37613,1439.7
quat3,-0.75725,-0.01856,-0.60537,-0.24445,1439.7
quat4,-0.62717,-0.291,-0.58365,0.42583,1439.7
quat5,-0.5729,-0.31395,-0.73589,0.178,1439.7
quat6,-0.84247,-0.16118,-0.39646,0.32723,1439.7
quat7,-0.71107,-0.37099,-0.31296,0.50873,1439.7
quat8,-0.53994,-0.12339,-0.79131,0.25896,1439.7
quat0,-0.53555,0.40131,-0.0021,-0.74306,1439.72
quat1,-0.08664,-0.82395,-0.26381,0.49397,1439.72
quat2,-0.64294,-0.61468,-0.27433,0.36543,1439.72
quat3,-0.75852,-0.03728,-0.60126,-0.24847,1439.72
quat4,-0.61855,-0.30951,-0.58968,0.41699,1439.72
quat5,-0.58103,-0.30268,-0.73184,0.18762,1439.72
quat6,-0.8407,-0.16582,-0.40801,0.31504,1439.72
quat7,-0.70318,-0.37939,-0.32437,0.50635,1439.72
quat8,-0.55477,-0.11189,-0.78295,0.25825,1439.72
quat0,-0.54726,0.38609,0.00317,-0.74259,1439.74
quat1,-0.06764,-0.82709,-0.26719,0.48985,1439.74
quat2,-0.63971,-0.61903,-0.27971,0.35963,1439.74
quat3,-0.75804,-0.05729,-0.59879,-0.25206,1439.74
quat4,-0.60625,-0.32695,-0.59628,0.41232,1439.74
quat5,-0.59157,-0.29341,-0.72462,0.1972,1439.74
quat6,-0.83665,-0.17285,-0.41954,0.3068,1439.74
quat7,-0.69248,-0.38713,-0.33477,0.50847,1439.74
quat8,-0.56929,-0.10435,-0.7731,0.25948,1439.74
quat0,-0.55942,0.36932,0.00463,-0.74204,1439.76
quat1,-0.0474,-0.82825,-0.27054,0.48844,1439.76
quat2,-0.63347,-0.6232,-0.2855,0.35893,1439.76
quat3,-0.75572,-0.07777,-0.59832,-0.25465,1439.76
quat4,-0.59126,-0.34135,-0.6044,0.4106,1439.76
quat5,-0.60449,-0.28565,-0.71502,0.20434,1439.76
quat6,-0.82969,-0.18162,-0.43236,0.30281,1439.76
quat7,-0.67925,-0.39458,-0.3442,0.51426,1439.76
quat8,-0.5829,-0.10166,-0.76203,0.26306,1439.76
quat0,-0.57138,0.35067,0.00143,-0.74199,1439.78
quat1,-0.02689,-0.82723,-0.27295,0.49037,1439.78
quat2,-0.62551,-0.62593,-0.29183,0.36303,1439.78
quat3,-0.75126,-0.09867,-0.59996,-0.25675,1439.78
quat4,-0.57468,-0.35184,-0.61338,0.41197,1439.78
quat5,-0.61934,-0.28007,-0.70251,0.21083,1439.78
quat6,-0.82069,-0.19009,-0.44524,0.30347,1439.78
quat7,-0.66333,-0.4029,-0.35257,0.52284,1439.78
quat8,-0.59517,-0.10342,-0.75056,0.26785,1439.78
quat0,-0.58245,0.33197,-0.00575,-0.74197,1439.8
quat1,-0.00559,-0.82376,-0.27432,0.49612,1439.8
quat2,-0.61351,-0.62869,-0.2992,0.3726,1439.8
quat3,-0.74507,-0.11909,-0.60348,-0.25788,1439.8
quat4,-0.55513,-0.3604,-0.62211,0.41824,1439.8
quat5,-0.63422,-0.27949,-0.68645,0.22006,1439.8
quat6,-0.80913,-0.20016,-0.45785,0.30923,1439.8
quat7,-0.64488,-0.41217,-0.36047,0.5332,1439.8
quat8,-0.60496,-0.10847,-0.73943,0.27477,1439.8
quat0,-0.59248,0.31341,-0.01683,-0.74193,1439.82
quat1,0.01634,-0.81816,-0.274,0.50525,1439.82
quat2,-0.59656,-0.63267,-0.30564,0.38785,1439.82
quat3,-0.73748,-0.13853,-0.60878,-0.25751,1439.82
quat4,-0.53368,-0.36747,-0.62984,0.42831,1439.82
quat5,-0.64856,-0.28348,-0.66684,0.23309,1439.82
quat6,-0.7961,-0.21188,-0.46805,0.31979,1439.82
quat7,-0.62561,-0.42073,-0.36727,0.54471,1439.82
quat8,-0.61211,-0.11823,-0.72821,0.2847,1439.82
quat0,-0.60133,0.29641,-0.03008,-0.74138,1439.84
quat1,0.03852,-0.81051,-0.27186,0.51738,1439.84
quat2,-0.57326,-0.63882,-0.311,0.40812,1439.84
quat3,-0.72857,-0.15666,-0.61641,-0.25435,1439.84
quat4,-0.51139,-0.37195,-0.6373,0.44042,1439.84
quat5,-0.66034,-0.29193,-0.6447,0.25116,1439.84
quat6,-0.78183,-0.22472,-0.47616,0.33393,1439.84
quat7,-0.60584,-0.4268,-0.37254,0.55858,1439.84
quat8,-0.61664,-0.1336,-0.71632,0.29796,1439.84
quat0,-0.60864,0.28082,-0.04579,-0.74068,1439.86
quat1,0.05914,-0.8011,-0.26741,0.53219,1439.86
quat2,-0.54517,-0.64655,-0.31435,0.43121,1439.86
quat3,-0.71852,-0.17328,-0.62602,-0.24859,1439.86
quat4,-0.49074,-0.37219,-0.64582,0.45118,1439.86
quat5,-0.66847,-0.30524,-0.62041,0.27397,1439.86
quat6,-0.76692,-0.23928,-0.48036,0.3519,1439.86
quat7,-0.58533,-0.43125,-0.375,0.57514,1439.86
quat8,-0.61907,-0.15389,-0.70514,0.30958,1439.86
quat0,-0.61419,0.26724,-0.06199,-0.73994,1439.88
quat1,0.07777,-0.79033,-0.26128,0.5487,1439.88
quat2,-0.51409,-0.65435,-0.31643,0.45542,1439.88
quat3,-0.70726,-0.18833,-0.63773,-0.24003,1439.88
quat4,-0.47161,-0.36676,-0.65648,0.46054,1439.88
quat5,-0.67467,-0.31892,-0.59607,0.29632,1439.88
quat6,-0.74867,-0.26005,-0.48218,0.37332,1439.88
quat7,-0.56329,-0.43417,-0.37512,0.59455,1439.88
quat8,-0.62069,-0.17277,-0.69472,0.31977,1439.88
quat0,-0.61826,0.2556,-0.07812,-0.73914,1439.9
quat1,0.09302,-0.77888,-0.25486,0.56546,1439.9
quat2,-0.48211,-0.6612,-0.31669,0.47968,1439.9
quat3,-0.69543,-0.20154,-0.65068,-0.22884,1439.9
quat4,-0.4525,-0.35948,-0.6649,0.47321,1439.9
quat5,-0.67875,-0.33269,-0.5736,0.31559,1439.9
quat6,-0.72932,-0.2844,-0.47876,0.3975,1439.9
quat7,-0.54117,-0.43722,-0.37076,0.61524,1439.9
quat8,-0.6224,-0.19349,-0.68592,0.32356,1439.9
quat0,-0.62116,0.24626,-0.09362,-0.73807,1439.92
quat1,0.1055,-0.76707,-0.24912,0.58174,1439.92
quat2,-0.44964,-0.66588,-0.3157,0.50474,1439.92
quat3,-0.68366,-0.21168,-0.66438,-0.2154,1439.92
quat4,-0.43046,-0.354,-0.66725,0.49413,1439.92
quat5,-0.6816,-0.34659,-0.55301,0.33088,1439.92
quat6,-0.7091,-0.30778,-0.4717,0.4242,1439.92
quat7,-0.5194,-0.44247,-0.3598,0.63638,1439.92
quat8,-0.62166,-0.21623,-0.67997,0.32316,1439.92
quat0,-0.62297,0.23932,-0.10929,-0.73668,1439.94
quat1,0.11543,-0.75563,-0.24295,0.59722,1439.94
quat2,-0.41727,-0.66905,-0.31191,0.53006,1439.94
quat3,-0.67261,-0.21689,-0.67808,-0.20189,1439.94
quat4,-0.40841,-0.35154,-0.66354,0.51898,1439.94
quat5,-0.68422,-0.35934,-0.53435,0.34234,1439.94
quat6,-0.69106,-0.32474,-0.46321,0.44991,1439.94
quat7,-0.49891,-0.4501,-0.33883,0.65856,1439.94
quat8,-0.61748,-0.24019,-0.67704,0.32037,1439.94
quat0,-0.62407,0.2347,-0.1259,-0.73458,1439.96
quat1,0.12295,-0.74497,-0.23588,0.61177,1439.96
quat2,-0.38475,-0.67115,-0.30377,0.5561,1439.96
quat3,-0.66187,-0.21831,-0.69207,-0.18791,1439.96
quat4,-0.3904,-0.34602,-0.65989,0.54074,1439.96
quat5,-0.67934,-0.37998,-0.51721,0.35582,1439.96
quat6,-0.6734,-0.33538,-0.45642,0.47512,1439.96
quat7,-0.48128,-0.45638,-0.31239,0.68007,1439.96
quat8,-0.61135,-0.26584,-0.67505,0.31606,1439.96
quat0,-0.62479,0.23205,-0.14319,-0.73163,1439.98
quat1,0.1275,-0.73579,-0.22769,0.62491,1439.98
quat2,-0.35322,-0.67377,-0.28768,0.58181,1439.98
quat3,-0.65163,-0.21741,-0.70561,-0.17385,1439.98
quat4,-0.37901,-0.33621,-0.65912,0.55576,1439.98
quat5,-0.67103,-0.40333,-0.50377,0.36506,1439.98
quat6,-0.65668,-0.34151,-0.4499,0.49972,1439.98
quat7,-0.46742,-0.45893,-0.28903,0.69811,1439.98
quat8,-0.60462,-0.29278,-0.67228,0.31105,1439.98
quat0,-0.62546,0.23166,-0.1604,-0.7276,1440.0
quat1,0.12902,-0.72815,-0.2186,0.63668,1440.0
quat2,-0.32524,-0.67513,-0.26824,0.60536,1440.0
quat3,-0.64249,-0.21483,-0.71792,-0.16013,1440.0
quat4,-0.36994,-0.32635,-0.6568,0.5703,1440.0
quat5,-0.66074,-0.4276,-0.4928,0.37113,1440.0
quat6,-0.64239,-0.34659,-0.43902,0.5239,1440.0
quat7,-0.45755,-0.45517,-0.27185,0.71384,1440.0
quat8,-0.59825,-0.32076,-0.66845,0.30395,1440.0
quat0,-0.62594,0.2337,-0.17776,-0.72248,1440.02
quat1,0.12824,-0.72171,-0.20839,0.64751,1440.02
quat2,-0.30433,-0.6741,-0.24718,0.626,1440.02
quat3,-0.63496,-0.21252,-0.72841,-0.1452,1440.02
quat4,-0.36155,-0.31784,-0.65547,0.58191,1440.02
quat5,-0.6516,-0.45066,-0.4845,0.37093,1440.02
quat6,-0.63159,-0.3479,-0.42589,0.54652,1440.02
quat7,-0.45041,-0.44579,-0.26371,0.72723,1440.02
quat8,-0.59278,-0.34558,-0.66527,0.29429,1440.02
quat0,-0.62591,0.23766,-0.19558,-0.71659,1440.04
quat1,0.12651,-0.71639,-0.19487,0.65788,1440.04
quat2,-0.29136,-0.66987,-0.22693,0.64412,1440.04
quat3,-0.62934,-0.21023,-0.73703,-0.12852,1440.04
quat4,-0.35317,-0.30909,-0.65398,0.59333,1440.04
quat5,-0.64715,-0.46644,-0.48287,0.3612,1440.04
quat6,-0.62441,-0.34373,-0.42014,0.56164,1440.04
quat7,-0.4445,-0.43503,-0.25716,0.73962,1440.04
quat8,-0.58681,-0.36743,-0.66375,0.28299,1440.04
quat0,-0.62506,0.24358,-0.21338,-0.71024,1440.06
quat1,0.12277,-0.71218,-0.17898,0.6676,1440.06
quat2,-0.28934,-0.66285,-0.21011,0.65785,1440.06
quat3,-0.62503,-0.20724,-0.74418,-0.11219,1440.06
quat4,-0.34681,-0.30163,-0.64922,0.60602,1440.06
quat5,-0.646,-0.47686,-0.48629,0.3447,1440.06
quat6,-0.61997,-0.3329,-0.41878,0.57396,1440.06
quat7,-0.44198,-0.42549,-0.25025,0.74899,1440.06
quat8,-0.57735,-0.39061,-0.66194,0.27553,1440.06
quat0,-0.62343,0.25183,-0.22989,-0.70361,1440.08
quat1,0.11524,-0.70948,-0.16234,0.67602,1440.08
quat2,-0.29571,-0.6531,-0.19892,0.66816,1440.08
quat3,-0.62229,-0.20227,-0.74984,-0.09788,1440.08
quat4,-0.34378,-0.29506,-0.64101,0.61957,1440.08
quat5,-0.6445,-0.48655,-0.49085,0.32703,1440.08
quat6,-0.61826,-0.31865,-0.4148,0.58665,1440.08
quat7,-0.44343,-0.41455,-0.24269,0.75672,1440.08
quat8,-0.56653,-0.41093,-0.66188,0.26851,1440.08
quat0,-0.62084,0.26247,-0.24447,-0.69706,1440.1
quat1,0.10479,-0.70842,-0.14513,0.68271,1440.1
quat2,-0.3058,-0.64251,-0.19073,0.67623,1440.1
quat3,-0.62114,-0.19483,-0.75428,-0.08544,1440.1
quat4,-0.34559,-0.28809,-0.63237,0.63062,1440.1
quat5,-0.64066,-0.49778,-0.49551,0.31023,1440.1
quat6,-0.62024,-0.30209,-0.41105,0.59588,1440.1
quat7,-0.44788,-0.40614,-0.23216,0.76194,1440.1
quat8,-0.55569,-0.42589,-0.66536,0.25906,1440.1
quat0,-0.61741,0.27532,-0.2565,-0.6908,1440.12
quat1,0.09192,-0.70878,-0.12894,0.68743,1440.12
quat2,-0.3151,-0.63286,-0.1804,0.68385,1440.12
quat3,-0.62125,-0.18418,-0.7581,-0.07358,1440.12
quat4,-0.35117,-0.2822,-0.62191,0.64053,1440.12
quat5,-0.63546,-0.50901,-0.50079,0.29377,1440.12
quat6,-0.62243,-0.28926,-0.4038,0.60486,1440.12
quat7,-0.45524,-0.39857,-0.21977,0.76524,1440.12
quat8,-0.54421,-0.43795,-0.67058,0.24972,1440.12
quat0,-0.6133,0.28987,-0.26588,-0.68494,1440.14
quat1,0.07685,-0.71008,-0.11498,0.6904,1440.14
quat2,-0.32387,-0.62497,-0.16912,0.68987,1440.14
quat3,-0.62329,-0.17102,-0.76056,-0.0617,1440.14
quat4,-0.36041,-0.27644,-0.61299,0.64648,1440.14
quat5,-0.63107,-0.5173,-0.50822,0.27545,1440.14
quat6,-0.62327,-0.28027,-0.39289,0.61532,1440.14
quat7,-0.4648,-0.39047,-0.21114,0.76611,1440.14
quat8,-0.5309,-0.44831,-0.67685,0.24295,1440.14
quat0,-0.6086,0.30525,-0.27253,-0.67982,1440.16
quat1,0.06024,-0.71178,-0.10336,0.69214,1440.16
quat2,-0.33319,-0.61929,-0.15637,0.69355,1440.16
quat3,-0.62724,-0.15692,-0.76119,-0.05031,1440.16
quat4,-0.37223,-0.27097,-0.60399,0.65055,1440.16
quat5,-0.62788,-0.52176,-0.51803,0.25529,1440.16
quat6,-0.62535,-0.27263,-0.38153,0.62374,1440.16
quat7,-0.47761,-0.38163,-0.20668,0.76389,1440.16
quat8,-0.51707,-0.45627,-0.68396,0.23803,1440.16
quat0,-0.60342,0.32092,-0.27638,-0.67566,1440.18
quat1,0.04268,-0.71381,-0.09418,0.69266,1440.18
quat2,-0.34556,-0.61452,-0.14526,0.69416,1440.18
quat3,-0.63337,-0.14169,-0.75971,-0.04016,1440.18
quat4,-0.38644,-0.26448,-0.59822,0.65026,1440.18
quat5,-0.62523,-0.5226,-0.53005,0.23456,1440.18
quat6,-0.63002,-0.26601,-0.36988,0.6289,1440.18
quat7,-0.49182,-0.37283,-0.20676,0.75918,1440.18
quat8,-0.50204,-0.4613,-0.69251,0.23579,1440.18
quat0,-0.59764,0.33692,-0.27655,-0.67293,1440.2
quat1,0.02534,-0.71693,-0.0862,0.69133,1440.2
quat2,-0.36081,-0.61051,-0.13602,0.69181,1440.2
quat3,-0.64157,-0.12569,-0.756,-0.03265,1440.2
quat4,-0.40311,-0.25747,-0.59383,0.64697,1440.2
quat5,-0.62256,-0.52075,-0.54341,0.21433,1440.2
quat6,-0.63813,-0.25821,-0.35856,0.63052,1440.2
quat7,-0.50785,-0.36272,-0.20977,0.75267,1440.2
quat8,-0.48632,-0.46403,-0.7016,0.23649,1440.2
quat0,-0.59167,0.35287,-0.27372,-0.67118,1440.22
quat1,0.00892,-0.72163,-0.07985,0.6876,1440.22
quat2,-0.37655,-0.60844,-0.12746,0.68685,1440.22
quat3,-0.651,-0.10881,-0.75069,-0.0288,1440.22
quat4,-0.421,-0.25111,-0.58915,0.64235,1440.22
quat5,-0.61998,-0.51536,-0.55886,0.19416,1440.22
quat6,-0.64944,-0.24996,-0.34868,0.62783,1440.22
quat7,-0.52534,-0.35335,-0.21359,0.744,1440.22
quat8,-0.47021,-0.46352,-0.71142,0.2407,1440.22
quat0,-0.58534,0.36834,-0.26786,-0.67079,1440.24
quat1,-0.00685,-0.72823,-0.07577,0.68109,1440.24
quat2,-0.39359,-0.60855,-0.11894,0.67868,1440.24
quat3,-0.66079,-0.09169,-0.74437,-0.02954,1440.24
quat4,-0.44118,-0.24433,-0.58489,0.63527,1440.24
quat5,-0.61559,-0.50921,-0.57521,0.17573,1440.24
quat6,-0.66305,-0.24092,-0.3407,0.62149,1440.24
quat7,-0.54274,-0.34653,-0.21557,0.73408,1440.24
quat8,-0.45534,-0.45911,-0.72172,0.24699,1440.24
quat0,-0.57882,0.38351,-0.2581,-0.67176,1440.26
quat1,-0.0233,-0.73634,-0.0758,0.67194,1440.26
quat2,-0.41239,-0.60976,-0.11349,0.66727,1440.26
quat3,-0.67081,-0.07512,-0.73703,-0.03404,1440.26
quat4,-0.46304,-0.23719,-0.58079,0.62611,1440.26
quat5,-0.60967,-0.50113,-0.59324,0.15887,1440.26
quat6,-0.67839,-0.23107,-0.33512,0.61163,1440.26
quat7,-0.56121,-0.34148,-0.21776,0.72181,1440.26
quat8,-0.44279,-0.44881,-0.73313,0.255,1440.26
quat0,-0.57213,0.39771,-0.24546,-0.67398,1440.28
quat1,-0.03976,-0.74522,-0.07925,0.6609,1440.28
quat2,-0.43427,-0.61196,-0.1114,0.65154,1440.28
quat3,-0.68095,-0.05987,-0.72869,-0.04169,1440.28
quat4,-0.48634,-0.23096,-0.57545,0.61562,1440.28
quat5,-0.60185,-0.49162,-0.61263,0.14413,1440.28
quat6,-0.69576,-0.22257,-0.33,0.5979,1440.28
quat7,-0.5802,-0.33823,-0.21918,0.70776,1440.28
quat8,-0.43318,-0.43378,-0.74476,0.26368,1440.28
quat0,-0.56514,0.41153,-0.22891,-0.6774,1440.3
quat1,-0.05472,-0.75446,-0.08532,0.64847,1440.3
quat2,-0.45802,-0.61415,-0.11311,0.63265,1440.3
quat3,-0.6912,-0.04556,-0.7194,-0.05135,1440.3
quat4,-0.5087,-0.22634,-0.57032,0.60393,1440.3
quat5,-0.59286,-0.48004,-0.63285,0.13258,1440.3
quat6,-0.71454,-0.21424,-0.32697,0.58019,1440.3
quat7,-0.59862,-0.33638,-0.22056,0.69272,1440.3
quat8,-0.42601,-0.41532,-0.75591,0.27319,1440.3
quat0,-0.55812,0.42391,-0.20984,-0.68175,1440.32
quat1,-0.06822,-0.76458,-0.09379,0.63401,1440.32
quat2,-0.48147,-0.61717,-0.11761,0.61111,1440.32
quat3,-0.70191,-0.03281,-0.70871,-0.06308,1440.32
quat4,-0.53111,-0.22397,-0.56525,0.59014,1440.32
quat5,-0.584,-0.46623,-0.65274,0.12448,1440.32
quat6,-0.73365,-0.20745,-0.3253,0.55937,1440.32
quat7,-0.61755,-0.33468,-0.2234,0.6758,1440.32
quat8,-0.4215,-0.39294,-0.76694,0.28238,1440.32
quat0,-0.55195,0.434,-0.18903,-0.68649,1440.34
quat1,-0.08033,-0.77513,-0.10492,0.61783,1440.34
quat2,-0.50256,-0.62073,-0.12435,0.58878,1440.34
quat3,-0.71282,-0.02112,-0.69683,-0.07666,1440.34
quat4,-0.55191,-0.22409,-0.56018,0.57566,1440.34
quat5,-0.57553,-0.45149,-0.67116,0.12028,1440.34
quat6,-0.75171,-0.20041,-0.32606,0.53707,1440.34
quat7,-0.63553,-0.33365,-0.22708,0.65819,1440.34
quat8,-0.4211,-0.36639,-0.77718,0.29057,1440.34
quat0,-0.54698,0.44129,-0.16801,-0.69127,1440.36
quat1,-0.09119,-0.78592,-0.11754,0.60017,1440.36
quat2,-0.52188,-0.62478,-0.1326,0.56543,1440.36
quat3,-0.72332,-0.01167,-0.68414,-0.09291,1440.36
quat4,-0.57204,-0.22489,-0.55731,0.55821,1440.36
quat5,-0.56847,-0.43675,-0.68681,0.11998,1440.36
quat6,-0.76812,-0.19247,-0.32937,0.51426,1440.36
quat7,-0.65185,-0.3345,-0.23175,0.63991,1440.36
quat8,-0.42499,-0.33861,-0.78567,0.29573,1440.36
quat0,-0.54399,0.44533,-0.14696,-0.69582,1440.38
quat1,-0.09934,-0.79637,-0.13075,0.58209,1440.38
quat2,-0.5402,-0.62675,-0.14354,0.54292,1440.38
quat3,-0.73331,-0.00638,-0.67083,-0.11043,1440.38
quat4,-0.59096,-0.2243,-0.55866,0.53699,1440.38
quat5,-0.56269,-0.42243,-0.69982,0.12318,1440.38
quat6,-0.78248,-0.18265,-0.33482,0.4922,1440.38
quat7,-0.66621,-0.33592,-0.23835,0.62171,1440.38
quat8,-0.43195,-0.31105,-0.79291,0.29658,1440.38
quat0,-0.54264,0.44619,-0.12681,-0.70026,1440.4
quat1,-0.1035,-0.80615,-0.14398,0.56452,1440.4
quat2,-0.55681,-0.6278,-0.15632,0.52096,1440.4
quat3,-0.74212,-0.00508,-0.6578,-0.12853,1440.4
quat4,-0.60715,-0.22434,-0.56227,0.51467,1440.4
quat5,-0.55909,-0.40793,-0.71027,0.12854,1440.4
quat6,-0.79508,-0.17475,-0.34154,0.46975,1440.4
quat7,-0.67738,-0.33933,-0.24545,0.60479,1440.4
quat8,-0.44126,-0.28456,-0.798,0.29582,1440.4
quat0,-0.543,0.44363,-0.10825,-0.70472,1440.42
quat1,-0.10432,-0.81481,-0.1575,0.54808,1440.42
quat2,-0.57087,-0.62831,-0.17035,0.50032,1440.42
quat3,-0.74982,-0.00777,-0.64528,-0.14604,1440.42
quat4,-0.61897,-0.22807,-0.56519,0.49539,1440.42
quat5,-0.55747,-0.39343,-0.7182,0.13645,1440.42
quat6,-0.8057,-0.16919,-0.34933,0.44742,1440.42
quat7,-0.68652,-0.34443,-0.25102,0.58911,1440.42
quat8,-0.45253,-0.25927,-0.80199,0.29121,1440.42
quat0,-0.54484,0.43806,-0.09136,-0.70916,1440.44
quat1,-0.10214,-0.82223,-0.17085,0.53322,1440.44
quat2,-0.58231,-0.62943,-0.18383,0.48056,1440.44
quat3,-0.75572,-0.01388,-0.6341,-0.16313,1440.44
quat4,-0.6268,-0.23755,-0.56775,0.47785,1440.44
quat5,-0.55697,-0.38058,-0.72346,0.14679,1440.44
quat6,-0.81404,-0.16672,-0.35794,0.42593,1440.44
quat7,-0.69243,-0.35232,-0.25951,0.57364,1440.44
quat8,-0.4659,-0.23291,-0.80437,0.2858,1440.44
quat0,-0.54798,0.43024,-0.07618,-0.71331,1440.46
quat1,-0.09591,-0.82824,-0.18355,0.5207,1440.46
quat2,-0.59104,-0.6308,-0.19639,0.46281,1440.46
quat3,-0.75947,-0.02254,-0.62495,-0.17928,1440.46
quat4,-0.6317,-0.24883,-0.57097,0.46156,1440.46
quat5,-0.55833,-0.36814,-0.72618,0.15938,1440.46
quat6,-0.82022,-0.16562,-0.36707,0.4063,1440.46
quat7,-0.69458,-0.35889,-0.27106,0.56151,1440.46
quat8,-0.48086,-0.20758,-0.80515,0.27824,1440.46
quat0,-0.55213,0.42026,-0.06313,-0.71732,1440.48
quat1,-0.0858,-0.83281,-0.19591,0.51058,1440.48
quat2,-0.59559,-0.63444,-0.20708,0.44706,1440.48
quat3,-0.76122,-0.03342,-0.61804,-0.19355,1440.48
quat4,-0.63297,-0.26349,-0.57497,0.44646,1440.48
quat5,-0.5629,-0.35532,-0.72657,0.17024,1440.48
quat6,-0.82417,-0.16702,-0.37685,0.38837,1440.48
quat7,-0.69498,-0.36598,-0.28355,0.55015,1440.48
quat8,-0.49589,-0.18459,-0.80254,0.27557,1440.48
quat0,-0.55733,0.4084,-0.05273,-0.72098,1440.5
quat1,-0.07302,-0.83597,-0.20742,0.50279,1440.5
quat2,-0.59781,-0.63837,-0.21721,0.4335,1440.5
quat3,-0.76148,-0.04653,-0.61286,-0.20588,1440.5
quat4,-0.63077,-0.28066,-0.57911,0.43357,1440.5
quat5,-0.5711,-0.34123,-0.725,0.17826,1440.5
quat6,-0.82613,-0.17009,-0.38714,0.37243,1440.5
quat7,-0.69376,-0.3723,-0.29667,0.54044,1440.5
quat8,-0.51189,-0.16297,-0.79842,0.27192,1440.5
quat0,-0.56339,0.39492,-0.04351,-0.72439,1440.52
quat1,-0.05794,-0.83768,-0.21783,0.49748,1440.52
quat2,-0.59692,-0.64293,-0.22752,0.42257,1440.52
quat3,-0.76046,-0.06176,-0.60931,-0.21594,1440.52
quat4,-0.62499,-0.29844,-0.58508,0.4219,1440.52
quat5,-0.58068,-0.32829,-0.72112,0.18714,1440.52
quat6,-0.82574,-0.17607,-0.39848,0.35827,1440.52
quat7,-0.69046,-0.37904,-0.30974,0.53259,1440.52
quat8,-0.52926,-0.14597,-0.79102,0.26992,1440.52
quat0,-0.57,0.38012,-0.03634,-0.72752,1440.54
quat1,-0.04186,-0.83783,-0.22735,0.49457,1440.54
quat2,-0.59362,-0.64721,-0.23768,0.41503,1440.54
quat3,-0.75827,-0.07897,-0.60738,-0.22335,1440.54
quat4,-0.61583,-0.31516,-0.5927,0.41247,1440.54
quat5,-0.59187,-0.31648,-0.71478,0.19652,1440.54
quat6,-0.8228,-0.18398,-0.4102,0.34768,1440.54
quat7,-0.68437,-0.38662,-0.32072,0.52849,1440.54
quat8,-0.54702,-0.13185,-0.78136,0.26994,1440.54
quat0,-0.57658,0.36448,-0.03144,-0.73057,1440.56
quat1,-0.02493,-0.83633,-0.23625,0.49408,1440.56
quat2,-0.58727,-0.65148,-0.24801,0.41132,1440.56
quat3,-0.75485,-0.09745,-0.60721,-0.22806,1440.56
quat4,-0.60285,-0.33113,-0.60134,0.40659,1440.56
quat5,-0.60562,-0.30423,-0.70655,0.20363,1440.56
quat6,-0.81778,-0.19258,-0.42262,0.33992,1440.56
quat7,-0.67524,-0.39438,-0.33043,0.52852,1440.56
quat8,-0.56425,-0.12166,-0.77016,0.27144,1440.56
quat0,-0.58305,0.34798,-0.02959,-0.73354,1440.58
quat1,-0.00755,-0.83307,-0.24406,0.49636,1440.58
quat2,-0.57874,-0.65506,-0.25838,0.41133,1440.58
quat3,-0.75001,-0.1162,-0.60882,-0.23092,1440.58
quat4,-0.58724,-0.3451,-0.61007,0.40481,1440.58
quat5,-0.62,-0.29424,-0.69587,0.21166,1440.58
quat6,-0.81102,-0.19914,-0.43658,0.33464,1440.58
quat7,-0.6641,-0.4019,-0.33955,0.53118,1440.58
quat8,-0.57969,-0.11668,-0.75792,0.27548,1440.58
quat0,-0.58873,0.33171,-0.0299,-0.73653,1440.6
quat1,0.00976,-0.8282,-0.25016,0.5014,1440.6
quat2,-0.5688,-0.65672,-0.27022,0.41493,1440.6
quat3,-0.74353,-0.13438,-0.61232,-0.23273,1440.6
quat4,-0.56953,-0.35568,-0.61911,0.40723,1440.6
quat5,-0.63356,-0.29022,-0.68142,0.22368,1440.6
quat6,-0.8027,-0.20445,-0.45084,0.3326,1440.6
quat7,-0.65091,-0.40914,-0.35055,0.53482,1440.6
quat8,-0.59309,-0.11598,-0.74527,0.28173,1440.6
quat0,-0.59345,0.31645,-0.03341,-0.73929,1440.62
quat1,0.02626,-0.82203,-0.25447,0.50875,1440.62
quat2,-0.55798,-0.65661,-0.28188,0.42197,1440.62
quat3,-0.73562,-0.1505,-0.61764,-0.23395,1440.62
quat4,-0.551,-0.36293,-0.62736,0.41365,1440.62
quat5,-0.64868,-0.28733,-0.66377,0.23676,1440.62
quat6,-0.79358,-0.21036,-0.46395,0.33276,1440.62
quat7,-0.63711,-0.41487,-0.3625,0.53905,1440.62
quat8,-0.60449,-0.11717,-0.73343,0.288,1440.62
quat0,-0.59706,0.30219,-0.0396,-0.74205,1440.64
quat1,0.04233,-0.81456,-0.25707,0.51828,1440.64
quat2,-0.54252,-0.65754,-0.29166,0.43388,1440.64
quat3,-0.72668,-0.16314,-0.62483,-0.23434,1440.64
quat4,-0.53139,-0.36658,-0.63558,0.42342,1440.64
quat5,-0.66215,-0.28846,-0.64468,0.25048,1440.64
quat6,-0.78355,-0.21808,-0.47469,0.33641,1440.64
quat7,-0.62229,-0.41868,-0.37192,0.54693,1440.64
quat8,-0.61257,-0.12274,-0.7234,0.29391,1440.64
quat0,-0.59956,0.28957,-0.04844,-0.74453,1440.66
quat1,0.05707,-0.80596,-0.25785,0.52979,1440.66
quat2,-0.52222,-0.66086,-0.29747,0.44951,1440.66
quat3,-0.71687,-0.17288,-0.63387,-0.23328,1440.66
quat4,-0.51181,-0.36727,-0.64312,0.43538,1440.66
quat5,-0.67367,-0.29254,-0.62498,0.26456,1440.66
quat6,-0.7734,-0.22884,-0.48035,0.3446,1440.66
quat7,-0.60674,-0.42177,-0.37673,0.55861,1440.66
quat8,-0.61806,-0.13551,-0.71341,0.30114,1440.66
quat0,-0.60074,0.27918,-0.05879,-0.7468,1440.68
quat1,0.07072,-0.79619,-0.25666,0.54333,1440.68
quat2,-0.49732,-0.66574,-0.29949,0.4688,1440.68
quat3,-0.7066,-0.18002,-0.64455,-0.22992,1440.68
quat4,-0.4922,-0.36507,-0.64969,0.44986,1440.68
quat5,-0.68209,-0.29883,-0.60704,0.27741,1440.68
quat6,-0.76192,-0.24261,-0.4827,0.35724,1440.68
quat7,-0.59068,-0.424,-0.37765,0.57333,1440.68
quat8,-0.62129,-0.15399,-0.70286,0.31029,1440.68
quat0,-0.60065,0.27116,-0.07087,-0.74878,1440.7
quat1,0.08155,-0.78563,-0.25409,0.55819,1440.7
quat2,-0.47135,-0.66991,-0.29791,0.4902,1440.7
quat3,-0.69601,-0.18432,-0.65682,-0.22401,1440.7
quat4,-0.47346,-0.36017,-0.65462,0.46646,1440.7
quat5,-0.68797,-0.3082,-0.58985,0.28947,1440.7
quat6,-0.74941,-0.25775,-0.48167,0.3741,1440.7
quat7,-0.57441,-0.42645,-0.3735,0.5905,1440.7
quat8,-0.62303,-0.17551,-0.69315,0.31714,1440.7
quat0,-0.59954,0.26535,-0.08405,-0.75038,1440.72
quat1,0.08928,-0.77498,-0.25047,0.57332,1440.72
quat2,-0.44527,-0.67183,-0.2949,0.51324,1440.72
quat3,-0.68502,-0.18633,-0.67055,-0.2154,1440.72
quat4,-0.45582,-0.35214,-0.65734,0.48593,1440.72
quat5,-0.69096,-0.32142,-0.57281,0.30192,1440.72
quat6,-0.73622,-0.27082,-0.47959,0.39324,1440.72
quat7,-0.55893,-0.42805,-0.36605,0.60858,1440.72
quat8,-0.62405,-0.19521,-0.68648,0.31812,1440.72
quat0,-0.59755,0.26188,-0.09831,-0.75145,1440.74
quat1,0.09347,-0.7646,-0.24613,0.58827,1440.74
quat2,-0.41999,-0.67195,-0.29051,0.53638,1440.74
quat3,-0.67381,-0.18587,-0.68531,-0.20438,1440.74
quat4,-0.44062,-0.34364,-0.65639,0.50687,1440.74
quat5,-0.69274,-0.33715,-0.55529,0.3132,1440.74
quat6,-0.72272,-0.28213,-0.47685,0.41315,1440.74
quat7,-0.54482,-0.42988,-0.35345,0.62725,1440.74
quat8,-0.62336,-0.21528,-0.6824,0.31528,1440.74
quat0,-0.59461,0.26085,-0.11317,-0.75206,1440.76
quat1,0.09431,-0.75438,-0.24083,0.60334,1440.76
quat2,-0.39675,-0.66898,-0.28693,0.55921,1440.76
quat3,-0.66218,-0.18191,-0.70102,-0.19234,1440.76
quat4,-0.42676,-0.33418,-0.65399,0.52773,1440.76
quat5,-0.69482,-0.35152,-0.54033,0.31892,1440.76
quat6,-0.70786,-0.29207,-0.47507,0.43352,1440.76
quat7,-0.53292,-0.43001,-0.33518,0.6471,1440.76
quat8,-0.62121,-0.23786,-0.67931,0.30994,1440.76
quat0,-0.59112,0.26152,-0.13049,-0.75177,1440.78
quat1,0.09172,-0.74459,-0.234,0.6184,1440.78
quat2,-0.37724,-0.6638,-0.28246,0.58075,1440.78
quat3,-0.65091,-0.17417,-0.71654,-0.18043,1440.78
quat4,-0.41506,-0.32363,-0.65085,0.54716,1440.78
quat5,-0.69361,-0.36904,-0.52784,0.32265,1440.78
quat6,-0.69435,-0.29498,-0.47186,0.4563,1440.78
quat7,-0.5226,-0.42774,-0.31459,0.66705,1440.78
quat8,-0.61821,-0.26144,-0.67704,0.30179,1440.78
quat0,-0.58724,0.26401,-0.14882,-0.75053,1440.8
quat1,0.08592,-0.73584,-0.2254,0.63273,1440.8
quat2,-0.35901,-0.65708,-0.2758,0.60273,1440.8
quat3,-0.63974,-0.16434,-0.73163,-0.16865,1440.8
quat4,-0.40605,-0.31165,-0.64819,0.56378,1440.8
quat5,-0.68991,-0.38802,-0.51801,0.32424,1440.8
quat6,-0.68284,-0.29675,-0.46625,0.47779,1440.8
quat7,-0.51411,-0.42427,-0.29598,0.68417,1440.8
quat8,-0.61453,-0.28525,-0.67495,0.29228,1440.8
quat0,-0.58323,0.26881,-0.16815,-0.74787,1440.82
quat1,0.07836,-0.72806,-0.21485,0.64624,1440.82
quat2,-0.34322,-0.65023,-0.26684,0.62306,1440.82
quat3,-0.62988,-0.15419,-0.74516,-0.15563,1440.82
quat4,-0.39925,-0.30027,-0.6466,0.57649,1440.82
quat5,-0.68545,-0.40719,-0.51024,0.32249,1440.82
quat6,-0.6755,-0.29553,-0.4584,0.49622,1440.82
quat7,-0.50826,-0.41786,-0.28699,0.6962,1440.82
quat8,-0.61011,-0.3089,-0.67292,0.28201,1440.82
quat0,-0.579,0.27594,-0.18623,-0.74426,1440.84
quat1,0.06915,-0.72101,-0.20192,0.65923,1440.84
quat2,-0.33278,-0.64201,-0.25674,0.64122,1440.84
quat3,-0.62157,-0.14462,-0.75706,-0.13997,1440.84
quat4,-0.39289,-0.2911,-0.64317,0.58926,1440.84
quat5,-0.6807,-0.42435,-0.50685,0.31572,1440.84
quat6,-0.66932,-0.29324,-0.4509,0.51256,1440.84
quat7,-0.50363,-0.40817,-0.27771,0.70896,1440.84
quat8,-0.60367,-0.33012,-0.67252,0.27263,1440.84
quat0,-0.57411,0.28597,-0.20345,-0.73975,1440.86
quat1,0.05815,-0.71501,-0.18711,0.67109,1440.86
quat2,-0.32941,-0.63263,-0.24786,0.65562,1440.86
quat3,-0.61481,-0.13527,-0.76731,-0.12226,1440.86
quat4,-0.38763,-0.28475,-0.63651,0.60292,1440.86
quat5,-0.67879,-0.43503,-0.50905,0.30143,1440.86
quat6,-0.66266,-0.29111,-0.44235,0.5296,1440.86
quat7,-0.50308,-0.40027,-0.26653,0.71809,1440.86
quat8,-0.59485,-0.35111,-0.67259,0.26552,1440.86
quat0,-0.56867,0.29762,-0.21857,-0.73503,1440.88
quat1,0.04539,-0.71057,-0.17165,0.68086,1440.88
quat2,-0.33199,-0.62418,-0.23782,0.66605,1440.88
quat3,-0.61053,-0.12435,-0.77504,-0.10533,1440.88
quat4,-0.38391,-0.28074,-0.6253,0.61871,1440.88
quat5,-0.67661,-0.44382,-0.51378,0.28506,1440.88
quat6,-0.65845,-0.28386,-0.43377,0.54563,1440.88
quat7,-0.50655,-0.39139,-0.25527,0.72461,1440.88
quat8,-0.58392,-0.36962,-0.6744,0.26,1440.88
quat0,-0.56272,0.31097,-0.2304,-0.73046,1440.9
quat1,0.03086,-0.70815,-0.15691,0.68771,1440.9
quat2,-0.34103,-0.61554,-0.23048,0.67207,1440.9
quat3,-0.6088,-0.11156,-0.78005,-0.0919,1440.9
quat4,-0.38364,-0.27952,-0.60929,0.63518,1440.9
quat5,-0.6735,-0.45109,-0.52108,0.26718,1440.9
quat6,-0.65846,-0.27308,-0.42642,0.5568,1440.9
quat7,-0.51345,-0.38216,-0.246,0.72788,1440.9
quat8,-0.57217,-0.38383,-0.67941,0.25238,1440.9
quat0,-0.55658,0.32597,-0.23851,-0.726,1440.92
quat1,0.01376,-0.70801,-0.14481,0.69106,1440.92
quat2,-0.35323,-0.60824,-0.22256,0.67508,1440.92
quat3,-0.60912,-0.09679,-0.78285,-0.08214,1440.92
quat4,-0.38873,-0.27706,-0.59404,0.64749,1440.92
quat5,-0.66935,-0.45694,-0.5303,0.24892,1440.92
quat6,-0.66376,-0.25976,-0.41906,0.56244,1440.92
quat7,-0.52477,-0.37173,-0.24159,0.72668,1440.92
quat8,-0.55992,-0.39261,-0.68701,0.24569,1440.92
quat0,-0.5502,0.34246,-0.24186,-0.72215,1440.94
quat1,-0.00499,-0.71018,-0.1349,0.69096,1440.94
quat2,-0.36714,-0.60236,-0.21386,0.67575,1440.94
quat3,-0.61174,-0.08037,-0.7834,-0.07484,1440.94
quat4,-0.39883,-0.27322,-0.58136,0.65445,1440.94
quat5,-0.66402,-0.46073,-0.54231,0.22959,1440.94
quat6,-0.6696,-0.25044,-0.41067,0.56592,1440.94
quat7,-0.53759,-0.36383,-0.2366,0.72294,1440.94
quat8,-0.54443,-0.40097,-0.69542,0.24334,1440.94
quat0,-0.54376,0.35976,-0.24175,-0.71865,1440.96
quat1,-0.02418,-0.71461,-0.12638,0.68759,1440.96
quat2,-0.38228,-0.59876,-0.20368,0.67369,1440.96
quat3,-0.61712,-0.06252,-0.78136,-0.06875,1440.96
quat4,-0.41278,-0.27008,-0.56877,0.65816,1440.96
quat5,-0.65945,-0.46013,-0.55665,0.20869,1440.96
quat6,-0.67754,-0.24322,-0.39968,0.56748,1440.96
quat7,-0.55368,-0.35593,-0.23342,0.71572,1440.96
quat8,-0.52805,-0.40582,-0.7052,0.24324,1440.96
quat0,-0.53704,0.37838,-0.23826,-0.7153,1440.98
quat1,-0.0435,-0.72035,-0.11933,0.68188,1440.98
quat2,-0.39828,-0.59805,-0.19288,0.66821,1440.98
quat3,-0.6252,-0.04344,-0.77665,-0.0637,1440.98
quat4,-0.42995,-0.26844,-0.55625,0.65854,1440.98
quat5,-0.65358,-0.45587,-0.57411,0.18821,1440.98
quat6,-0.68862,-0.23884,-0.38703,0.56477,1440.98
quat7,-0.57265,-0.34643,-0.23289,0.70557,1440.98
quat8,-0.51135,-0.40705,-0.71578,0.24595,1440.98
quat0,-0.52992,0.39735,-0.23219,-0.71231,1441.0
quat1,-0.06321,-0.72727,-0.11373,0.67391,1441.0
quat2,-0.41723,-0.59923,-0.1829,0.65833,1441.0
quat3,-0.63525,-0.02449,-0.76958,-0.06005,1441.0
quat4,-0.44986,-0.26658,-0.54531,0.65513,1441.0
quat5,-0.64576,-0.44906,-0.59423,0.16801,1441.0
quat6,-0.70268,-0.23381,-0.37372,0.55848,1441.0
quat7,-0.59272,-0.33721,-0.23553,0.69245,1441.0
quat8,-0.4948,-0.40498,-0.72639,0.25202,1441.0
quat0,-0.52243,0.41705,-0.22247,-0.70968,1441.02
quat1,-0.08306,-0.73558,-0.11004,0.66326,1441.02
quat2,-0.44013,-0.59989,-0.1777,0.64408,1441.02
quat3,-0.64709,-0.00565,-0.76014,-0.05851,1441.02
quat4,-0.47108,-0.26451,-0.53581,0.64886,1441.02
quat5,-0.63607,-0.44024,-0.61596,0.14902,1441.02
quat6,-0.71935,-0.22538,-0.36418,0.54692,1441.02
quat7,-0.61255,-0.32695,-0.24085,0.67815,1441.02
quat8,-0.47994,-0.39808,-0.73736,0.25979,1441.02
quat0,-0.51439,0.43636,-0.21007,-0.70772,1441.04
quat1,-0.10335,-0.74559,-0.10926,0.64922,1441.04
quat2,-0.46509,-0.60041,-0.17562,0.62638,1441.04
quat3,-0.66011,0.01272,-0.74863,-0.06032,1441.04
quat4,-0.49368,-0.26233,-0.52798,0.63929,1441.04
quat5,-0.62454,-0.43028,-0.63796,0.1335,1441.04
quat6,-0.73824,-0.21416,-0.35916,0.52929,1441.04
quat7,-0.63132,-0.31668,-0.24653,0.66361,1441.04
quat8,-0.46912,-0.3849,-0.74859,0.26719,1441.04
quat0,-0.50662,0.45413,-0.19588,-0.70621,1441.06
quat1,-0.12268,-0.75651,-0.11167,0.63259,1441.06
quat2,-0.49054,-0.59961,-0.17849,0.60662,1441.06
quat3,-0.67324,0.03097,-0.73582,-0.06597,1441.06
quat4,-0.51689,-0.25863,-0.5235,0.62601,1441.06
quat5,-0.61199,-0.41992,-0.65899,0.12191,1441.06
quat6,-0.75694,-0.20026,-0.35797,0.50871,1441.06
quat7,-0.64966,-0.30983,-0.24933,0.6479,1441.06
quat8,-0.46102,-0.3683,-0.75936,0.27421,1441.06
quat0,-0.49873,0.47025,-0.17937,-0.70566,1441.08
quat1,-0.14119,-0.76755,-0.11679,0.61424,1441.08
quat2,-0.51619,-0.59714,-0.18683,0.58486,1441.08
quat3,-0.68531,0.04837,-0.72266,-0.076,1441.08
quat4,-0.54066,-0.25504,-0.52069,0.60952,1441.08
quat5,-0.59961,-0.41014,-0.67748,0.1152,1441.08
quat6,-0.77413,-0.1872,-0.35789,0.48744,1441.08
quat7,-0.66669,-0.30652,-0.25048,0.63153,1441.08
quat8,-0.4564,-0.34929,-0.76884,0.28031,1441.08
quat0,-0.49175,0.4836,-0.16123,-0.70591,1441.1
quat1,-0.15821,-0.77749,-0.12398,0.59591,1441.1
quat2,-0.54108,-0.59201,-0.20061,0.5626,1441.1
quat3,-0.69612,0.06413,-0.70945,-0.08933,1441.1
quat4,-0.56364,-0.25061,-0.52005,0.59081,1441.1
quat5,-0.58858,-0.40068,-0.69311,0.11235,1441.1
quat6,-0.78828,-0.17798,-0.35854,0.46731,1441.1
quat7,-0.68094,-0.30663,-0.25144,0.61569,1441.1
quat8,-0.45566,-0.32811,-0.77781,0.28237,1441.1
quat0,-0.48588,0.49468,-0.14373,-0.70608,1441.12
quat1,-0.17195,-0.78641,-0.13151,0.57853,1441.12
quat2,-0.56335,-0.58699,-0.21562,0.53999,1441.12
quat3,-0.70591,0.07709,-0.69631,-0.10434,1441.12
quat4,-0.58396,-0.24632,-0.5221,0.57072,1441.12
quat5,-0.58016,-0.3911,-0.70568,0.1117,1441.12
quat6,-0.79928,-0.17302,-0.35845,0.45025,1441.12
quat7,-0.69245,-0.30788,-0.2522,0.60176,1441.12
quat8,-0.45753,-0.30685,-0.78517,0.28286,1441.12
