QUAT,w,x,y,z,timestamp
quat0,0.12949,-0.01165,-0.99114,-0.02708,1058.28
quat1,0.12612,0.28611,-0.50667,-0.80344,1058.28
quat2,0.00813,0.46592,-0.61618,-0.63497,1058.28
quat3,-0.50909,0.78674,0.11207,-0.33062,1058.28
quat4,-0.56668,0.58826,0.17210,-0.55064,1058.28
quat5,0.00000,0.73241,0.00000,-0.68086,1058.28
quat6,0.00000,0.73241,0.00000,-0.68086,1058.28
quat7,0.00000,0.73241,0.00000,-0.68086,1058.28
quat8,0.00000,0.73241,0.00000,-0.68086,1058.28
quat0,0.20966,-0.01666,0.97666,-0.04349,1058.3
quat1,0.13166,0.29550,-0.50238,-0.80185,1058.3
quat2,0.01022,0.47265,-0.61004,-0.63589,1058.3
quat3,-0.50251,0.78477,0.11704,-0.34339,1058.3
quat4,-0.55535,0.59214,0.17387,-0.55743,1058.3
quat5,0.00000,0.73241,0.00000,-0.68086,1058.3
quat6,0.00000,0.73241,0.00000,-0.68086,1058.3
quat7,0.00000,0.73241,0.00000,-0.68086,1058.3
quat8,0.00000,0.73241,0.00000,-0.68086,1058.3
quat0,-0.69965,0.06172,0.69646,0.14708,1058.32
quat1,0.13769,0.30697,-0.49772,-0.79943,1058.32
quat2,0.01567,0.48134,-0.60040,-0.63842,1058.32
quat3,-0.49450,0.78382,0.12119,-0.35553,1058.32
quat4,-0.54145,0.59553,0.17790,-0.56616,1058.32
quat5,0.00000,0.73241,0.00000,-0.68086,1058.32
quat6,0.00000,0.73241,0.00000,-0.68086,1058.32
quat7,0.00000,0.73241,0.00000,-0.68086,1058.32
quat8,0.00000,0.73241,0.00000,-0.68086,1058.32
quat0,-0.66506,0.05772,0.73191,0.13661,1058.34
quat1,0.14204,0.31582,-0.49337,-0.79791,1058.34
quat2,0.02499,0.49134,-0.58751,-0.64249,1058.34
quat3,-0.48644,0.78447,0.12352,-0.36431,1058.34
quat4,-0.52555,0.59790,0.18418,-0.57653,1058.34
quat5,0.00000,0.73241,0.00000,-0.68086,1058.34
quat6,0.00000,0.73241,0.00000,-0.68086,1058.34
quat7,0.00000,0.73241,0.00000,-0.68086,1058.34
quat8,0.00000,0.73241,0.00000,-0.68086,1058.34
quat0,-0.66058,0.06013,0.73593,0.13570,1058.36
quat1,0.14237,0.32444,-0.48830,-0.79751,1058.36
quat2,0.03595,0.50035,-0.57242,-0.64861,1058.36
quat3,-0.47900,0.78752,0.12429,-0.36733,1058.36
quat4,-0.50931,0.60137,0.19059,-0.58535,1058.36
quat5,0.00000,0.73241,0.00000,-0.68086,1058.36
quat6,0.00000,0.73241,0.00000,-0.68086,1058.36
quat7,0.00000,0.73241,0.00000,-0.68086,1058.36
quat8,0.00000,0.73241,0.00000,-0.68086,1058.36
quat0,-0.66608,0.05943,0.73163,0.13239,1058.38
quat1,0.14151,0.33013,-0.48207,-0.79912,1058.38
quat2,0.04471,0.50405,-0.55682,-0.65870,1058.38
quat3,-0.47289,0.79273,0.12454,-0.36392,1058.38
quat4,-0.49446,0.60623,0.19711,-0.59087,1058.38
quat5,0.00000,0.73241,0.00000,-0.68086,1058.38
quat6,0.00000,0.73241,0.00000,-0.68086,1058.38
quat7,0.00000,0.73241,0.00000,-0.68086,1058.38
quat8,0.00000,0.73241,0.00000,-0.68086,1058.38
quat0,-0.66110,0.05879,0.73630,0.13169,1058.4
quat1,0.13951,0.32382,-0.47532,-0.80607,1058.4
quat2,0.05159,0.50117,-0.54219,-0.67246,1058.4
quat3,-0.46912,0.79855,0.12442,-0.35604,1058.4
quat4,-0.48208,0.61111,0.20574,-0.59314,1058.4
quat5,0.00000,0.73241,0.00000,-0.68086,1058.4
quat6,0.00000,0.73241,0.00000,-0.68086,1058.4
quat7,0.00000,0.73241,0.00000,-0.68086,1058.4
quat8,0.00000,0.73241,0.00000,-0.68086,1058.4
quat0,-0.66120,0.05884,0.73599,0.13293,1058.42
quat1,0.13739,0.30669,-0.47000,-0.81619,1058.42
quat2,0.06023,0.49362,-0.53077,-0.68629,1058.42
quat3,-0.46836,0.80411,0.12422,-0.34441,1058.42
quat4,-0.47480,0.61764,0.21387,-0.58937,1058.42
quat5,0.00000,0.73241,0.00000,-0.68086,1058.42
quat6,0.00000,0.73241,0.00000,-0.68086,1058.42
quat7,0.00000,0.73241,0.00000,-0.68086,1058.42
quat8,0.00000,0.73241,0.00000,-0.68086,1058.42
quat0,-0.65801,0.05763,0.73880,0.13370,1058.44
quat1,0.13483,0.28618,-0.46630,-0.82613,1058.44
quat2,0.06850,0.48003,-0.52377,-0.70039,1058.44
quat3,-0.47021,0.80852,0.12565,-0.33078,1058.44
quat4,-0.47378,0.62661,0.22050,-0.57816,1058.44
quat5,0.00000,0.73241,0.00000,-0.68086,1058.44
quat6,0.00000,0.73241,0.00000,-0.68086,1058.44
quat7,0.00000,0.73241,0.00000,-0.68086,1058.44
quat8,0.00000,0.73241,0.00000,-0.68086,1058.44
quat0,-0.65821,0.05755,0.73848,0.13454,1058.46
quat1,0.13199,0.26542,-0.46585,-0.83374,1058.46
quat2,0.07608,0.46270,-0.52242,-0.71218,1058.46
quat3,-0.47497,0.81100,0.12855,-0.31648,1058.46
quat4,-0.47911,0.63503,0.22738,-0.56169,1058.46
quat5,0.00000,0.73241,0.00000,-0.68086,1058.46
quat6,0.00000,0.73241,0.00000,-0.68086,1058.46
quat7,0.00000,0.73241,0.00000,-0.68086,1058.46
quat8,0.00000,0.73241,0.00000,-0.68086,1058.46
quat0,-0.65725,0.05788,0.73863,0.13818,1058.48
quat1,0.13206,0.24743,-0.46966,-0.83712,1058.48
quat2,0.08865,0.45065,-0.52497,-0.71656,1058.48
quat3,-0.48344,0.81087,0.13188,-0.30229,1058.48
quat4,-0.48868,0.63991,0.23629,-0.54394,1058.48
quat5,0.00000,0.73241,0.00000,-0.68086,1058.48
quat6,0.00000,0.73241,0.00000,-0.68086,1058.48
quat7,0.00000,0.73241,0.00000,-0.68086,1058.48
quat8,0.00000,0.73241,0.00000,-0.68086,1058.48
quat0,-0.65501,0.05848,0.74043,0.13891,1058.5
quat1,0.13631,0.23636,-0.47761,-0.83513,1058.5
quat2,0.10392,0.44290,-0.53147,-0.71455,1058.5
quat3,-0.49536,0.80838,0.13511,-0.28789,1058.5
quat4,-0.50167,0.64128,0.24639,-0.52572,1058.5
quat5,0.00000,0.73241,0.00000,-0.68086,1058.5
quat6,0.00000,0.73241,0.00000,-0.68086,1058.5
quat7,0.00000,0.73241,0.00000,-0.68086,1058.5
quat8,0.00000,0.73241,0.00000,-0.68086,1058.5
quat0,-0.65939,0.05552,0.73728,0.13613,1058.52
quat1,0.14456,0.23181,-0.48896,-0.82842,1058.52
quat2,0.11898,0.43610,-0.54181,-0.70859,1058.52
quat3,-0.51098,0.80290,0.13814,-0.27417,1058.52
quat4,-0.51710,0.63853,0.25733,-0.50859,1058.52
quat5,0.00000,0.73241,0.00000,-0.68086,1058.52
quat6,0.00000,0.73241,0.00000,-0.68086,1058.52
quat7,0.00000,0.73241,0.00000,-0.68086,1058.52
quat8,0.00000,0.73241,0.00000,-0.68086,1058.52
quat0,-0.65877,0.05475,0.73763,0.13754,1058.54
quat1,0.15659,0.23302,-0.50273,-0.81759,1058.54
quat2,0.13015,0.42723,-0.55608,-0.70093,1058.54
quat3,-0.52885,0.79473,0.14093,-0.26239,1058.54
quat4,-0.53522,0.63307,0.26689,-0.49147,1058.54
quat5,0.00000,0.73241,0.00000,-0.68086,1058.54
quat6,0.00000,0.73241,0.00000,-0.68086,1058.54
quat7,0.00000,0.73241,0.00000,-0.68086,1058.54
quat8,0.00000,0.73241,0.00000,-0.68086,1058.54
quat0,-0.65666,0.05642,0.73870,0.14124,1058.56
quat1,0.17040,0.23801,-0.51755,-0.80403,1058.56
quat2,0.13673,0.41665,-0.57450,-0.69113,1058.56
quat3,-0.54827,0.78367,0.14415,-0.25392,1058.56
quat4,-0.55623,0.62509,0.27367,-0.47431,1058.56
quat5,0.00000,0.73241,0.00000,-0.68086,1058.56
quat6,0.00000,0.73241,0.00000,-0.68086,1058.56
quat7,0.00000,0.73241,0.00000,-0.68086,1058.56
quat8,0.00000,0.73241,0.00000,-0.68086,1058.56
quat0,-0.65881,0.05539,0.73712,0.13980,1058.58
quat1,0.18431,0.24317,-0.53287,-0.78927,1058.58
quat2,0.14068,0.40769,-0.59471,-0.67847,1058.58
quat3,-0.56806,0.77048,0.14807,-0.24848,1058.58
quat4,-0.57861,0.61468,0.27770,-0.45854,1058.58
quat5,0.00000,0.73241,0.00000,-0.68086,1058.58
quat6,0.00000,0.73241,0.00000,-0.68086,1058.58
quat7,0.00000,0.73241,0.00000,-0.68086,1058.58
quat8,0.00000,0.73241,0.00000,-0.68086,1058.58
quat0,-0.66000,0.05553,0.73569,0.14172,1058.6
quat1,0.19712,0.24746,-0.54922,-0.77347,1058.6
quat2,0.14344,0.40144,-0.61523,-0.66315,1058.6
quat3,-0.58721,0.75578,0.15294,-0.24617,1058.6
quat4,-0.60102,0.60119,0.27990,-0.44609,1058.6
quat5,0.00000,0.73241,0.00000,-0.68086,1058.6
quat6,0.00000,0.73241,0.00000,-0.68086,1058.6
quat7,0.00000,0.73241,0.00000,-0.68086,1058.6
quat8,0.00000,0.73241,0.00000,-0.68086,1058.6
quat0,-0.65811,0.05528,0.73717,0.14290,1058.62
quat1,0.20733,0.25050,-0.56642,-0.75725,1058.62
quat2,0.14310,0.39631,-0.63564,-0.64685,1058.62
quat3,-0.60567,0.73913,0.15933,-0.24793,1058.62
quat4,-0.62216,0.58497,0.28059,-0.43818,1058.62
quat5,0.00000,0.73241,0.00000,-0.68086,1058.62
quat6,0.00000,0.73241,0.00000,-0.68086,1058.62
quat7,0.00000,0.73241,0.00000,-0.68086,1058.62
quat8,0.00000,0.73241,0.00000,-0.68086,1058.62
quat0,-0.65762,0.05612,0.73785,0.14130,1058.64
quat1,0.21269,0.25256,-0.58387,-0.74167,1058.64
quat2,0.13912,0.39203,-0.65537,-0.63044,1058.64
quat3,-0.62217,0.72214,0.16503,-0.25334,1058.64
quat4,-0.64169,0.56773,0.27892,-0.43373,1058.64
quat5,0.00000,0.73241,0.00000,-0.68086,1058.64
quat6,0.00000,0.73241,0.00000,-0.68086,1058.64
quat7,0.00000,0.73241,0.00000,-0.68086,1058.64
quat8,0.00000,0.73241,0.00000,-0.68086,1058.64
quat0,-0.66020,0.05484,0.73523,0.14341,1058.66
quat1,0.21423,0.25390,-0.60007,-0.72771,1058.66
quat2,0.13359,0.38992,-0.67282,-0.61435,1058.66
quat3,-0.63680,0.70554,0.16879,-0.26117,1058.66
quat4,-0.65847,0.55037,0.27610,-0.43275,1058.66
quat5,0.00000,0.73241,0.00000,-0.68086,1058.66
quat6,0.00000,0.73241,0.00000,-0.68086,1058.66
quat7,0.00000,0.73241,0.00000,-0.68086,1058.66
quat8,0.00000,0.73241,0.00000,-0.68086,1058.66
quat0,-0.65809,0.05358,0.73775,0.14061,1058.68
quat1,0.21338,0.25530,-0.61490,-0.71498,1058.68
quat2,0.12648,0.38978,-0.68773,-0.59925,1058.68
quat3,-0.64900,0.69081,0.16830,-0.27064,1058.68
quat4,-0.67159,0.53394,0.27306,-0.43510,1058.68
quat5,0.00000,0.73241,0.00000,-0.68086,1058.68
quat6,0.00000,0.73241,0.00000,-0.68086,1058.68
quat7,0.00000,0.73241,0.00000,-0.68086,1058.68
quat8,0.00000,0.73241,0.00000,-0.68086,1058.68
quat0,-0.65845,0.05469,0.73698,0.14253,1058.7
quat1,0.20831,0.25766,-0.62784,-0.70430,1058.7
quat2,0.11791,0.39229,-0.69937,-0.58573,1058.7
quat3,-0.65817,0.67858,0.16422,-0.28173,1058.7
quat4,-0.68073,0.51859,0.27029,-0.44116,1058.7
quat5,0.00000,0.73241,0.00000,-0.68086,1058.7
quat6,0.00000,0.73241,0.00000,-0.68086,1058.7
quat7,0.00000,0.73241,0.00000,-0.68086,1058.7
quat8,0.00000,0.73241,0.00000,-0.68086,1058.7
quat0,-0.65952,0.05507,0.73619,0.14155,1058.72
quat1,0.20060,0.26138,-0.63770,-0.69627,1058.72
quat2,0.10843,0.39745,-0.70757,-0.57412,1058.72
quat3,-0.66424,0.66892,0.15818,-0.29377,1058.72
quat4,-0.68665,0.50530,0.26660,-0.44957,1058.72
quat5,0.00000,0.73241,0.00000,-0.68086,1058.72
quat6,0.00000,0.73241,0.00000,-0.68086,1058.72
quat7,0.00000,0.73241,0.00000,-0.68086,1058.72
quat8,0.00000,0.73241,0.00000,-0.68086,1058.72
quat0,-0.65971,0.05294,0.73615,0.14162,1058.74
quat1,0.19196,0.26650,-0.64432,-0.69064,1058.74
quat2,0.09995,0.40652,-0.71165,-0.56419,1058.74
quat3,-0.66774,0.66118,0.15125,-0.30673,1058.74
quat4,-0.68910,0.49436,0.26211,-0.46049,1058.74
quat5,0.00000,0.73241,0.00000,-0.68086,1058.74
quat6,0.00000,0.73241,0.00000,-0.68086,1058.74
quat7,0.00000,0.73241,0.00000,-0.68086,1058.74
quat8,0.00000,0.73241,0.00000,-0.68086,1058.74
quat0,-0.65808,0.05369,0.73739,0.14250,1058.76
quat1,0.18356,0.27632,-0.64787,-0.68572,1058.76
quat2,0.09282,0.41895,-0.71184,-0.55602,1058.76
quat3,-0.66853,0.65513,0.14352,-0.32137,1058.76
quat4,-0.68905,0.48681,0.25499,-0.47245,1058.76
quat5,0.00000,0.73241,0.00000,-0.68086,1058.76
quat6,0.00000,0.73241,0.00000,-0.68086,1058.76
quat7,0.00000,0.73241,0.00000,-0.68086,1058.76
quat8,0.00000,0.73241,0.00000,-0.68086,1058.76
quat0,-0.65852,0.05444,0.73699,0.14225,1058.78
quat1,0.17503,0.29112,-0.64886,-0.68087,1058.78
quat2,0.08681,0.43517,-0.70784,-0.54959,1058.78
quat3,-0.66606,0.65139,0.13453,-0.33758,1058.78
quat4,-0.68648,0.48226,0.24549,-0.48570,1058.78
quat5,0.00000,0.73241,0.00000,-0.68086,1058.78
quat6,0.00000,0.73241,0.00000,-0.68086,1058.78
quat7,0.00000,0.73241,0.00000,-0.68086,1058.78
quat8,0.00000,0.73241,0.00000,-0.68086,1058.78
quat0,-0.65941,0.05437,0.73660,0.14014,1058.8
quat1,0.16586,0.30778,-0.64675,-0.67785,1058.8
quat2,0.08112,0.45331,-0.70042,-0.54529,1058.8
quat3,-0.66097,0.65010,0.12474,-0.35344,1058.8
quat4,-0.68141,0.48022,0.23449,-0.50008,1058.8
quat5,0.00000,0.73241,0.00000,-0.68086,1058.8
quat6,0.00000,0.73241,0.00000,-0.68086,1058.8
quat7,0.00000,0.73241,0.00000,-0.68086,1058.8
quat8,0.00000,0.73241,0.00000,-0.68086,1058.8
quat0,-0.65654,0.05409,0.73926,0.13973,1058.82
quat1,0.15565,0.32261,-0.64122,-0.67862,1058.82
quat2,0.07587,0.47326,-0.68995,-0.54244,1058.82
quat3,-0.65329,0.65184,0.11401,-0.36786,1058.82
quat4,-0.67267,0.47920,0.22479,-0.51707,1058.82
quat5,0.00000,0.73241,0.00000,-0.68086,1058.82
quat6,0.00000,0.73241,0.00000,-0.68086,1058.82
quat7,0.00000,0.73241,0.00000,-0.68086,1058.82
quat8,0.00000,0.73241,0.00000,-0.68086,1058.82
quat0,-0.65462,0.05315,0.74123,0.13865,1058.84
quat1,0.14488,0.33494,-0.63306,-0.68268,1058.84
quat2,0.07005,0.49275,-0.67788,-0.54108,1058.84
quat3,-0.64313,0.65618,0.10325,-0.38098,1058.84
quat4,-0.66061,0.47853,0.21685,-0.53627,1058.84
quat5,0.00000,0.73241,0.00000,-0.68086,1058.84
quat6,0.00000,0.73241,0.00000,-0.68086,1058.84
quat7,0.00000,0.73241,0.00000,-0.68086,1058.84
quat8,0.00000,0.73241,0.00000,-0.68086,1058.84
quat0,-0.66039,0.05129,0.73705,0.13420,1058.86
quat1,0.13404,0.34380,-0.62267,-0.69001,1058.86
quat2,0.06303,0.51094,-0.66440,-0.54179,1058.86
quat3,-0.63065,0.66238,0.09404,-0.39331,1058.86
quat4,-0.64555,0.47786,0.20992,-0.55754,1058.86
quat5,0.00000,0.73241,0.00000,-0.68086,1058.86
quat6,0.00000,0.73241,0.00000,-0.68086,1058.86
quat7,0.00000,0.73241,0.00000,-0.68086,1058.86
quat8,0.00000,0.73241,0.00000,-0.68086,1058.86
quat0,-0.66103,0.05285,0.73635,0.13428,1058.88
quat1,0.12516,0.34832,-0.61024,-0.70043,1058.88
quat2,0.05671,0.52811,-0.64910,-0.54456,1058.88
quat3,-0.61664,0.66974,0.08772,-0.40436,1058.88
quat4,-0.62818,0.47763,0.20411,-0.57930,1058.88
quat5,0.00000,0.73241,0.00000,-0.68086,1058.88
quat6,0.00000,0.73241,0.00000,-0.68086,1058.88
quat7,0.00000,0.73241,0.00000,-0.68086,1058.88
quat8,0.00000,0.73241,0.00000,-0.68086,1058.88
quat0,-0.66186,0.04735,0.73642,0.13184,1058.9
quat1,0.11908,0.35064,-0.59656,-0.71203,1058.9
quat2,0.05423,0.54423,-0.63303,-0.54785,1058.9
quat3,-0.60131,0.67740,0.08475,-0.41518,1058.9
quat4,-0.60852,0.47616,0.20232,-0.60170,1058.9
quat5,0.00000,0.73241,0.00000,-0.68086,1058.9
quat6,0.00000,0.73241,0.00000,-0.68086,1058.9
quat7,0.00000,0.73241,0.00000,-0.68086,1058.9
quat8,0.00000,0.73241,0.00000,-0.68086,1058.9
quat0,-0.66168,0.04832,0.73654,0.13171,1058.92
quat1,0.11594,0.35257,-0.58206,-0.72351,1058.92
quat2,0.05383,0.55710,-0.61647,-0.55381,1058.92
quat3,-0.58477,0.68532,0.08472,-0.42568,1058.92
quat4,-0.58662,0.47465,0.20423,-0.62360,1058.92
quat5,0.00000,0.73241,0.00000,-0.68086,1058.92
quat6,0.00000,0.73241,0.00000,-0.68086,1058.92
quat7,0.00000,0.73241,0.00000,-0.68086,1058.92
quat8,0.00000,0.73241,0.00000,-0.68086,1058.92
quat0,-0.66207,0.05103,0.73632,0.12998,1058.94
quat1,0.11572,0.35271,-0.56702,-0.73532,1058.94
quat2,0.05609,0.56629,-0.59962,-0.56269,1058.94
quat3,-0.56775,0.69377,0.08716,-0.43445,1058.94
quat4,-0.56437,0.47578,0.20767,-0.64186,1058.94
quat5,0.00000,0.73241,0.00000,-0.68086,1058.94
quat6,0.00000,0.73241,0.00000,-0.68086,1058.94
quat7,0.00000,0.73241,0.00000,-0.68086,1058.94
quat8,0.00000,0.73241,0.00000,-0.68086,1058.94
quat0,-0.66459,0.04588,0.73524,0.12504,1058.96
quat1,0.11773,0.35048,-0.55333,-0.74641,1058.96
quat2,0.06344,0.57217,-0.58348,-0.57284,1058.96
quat3,-0.55161,0.70257,0.09104,-0.44026,1058.96
quat4,-0.54270,0.48096,0.21230,-0.65504,1058.96
quat5,0.00000,0.73241,0.00000,-0.68086,1058.96
quat6,0.00000,0.73241,0.00000,-0.68086,1058.96
quat7,0.00000,0.73241,0.00000,-0.68086,1058.96
quat8,0.00000,0.73241,0.00000,-0.68086,1058.96
quat0,-0.66301,0.04914,0.73596,0.12794,1058.98
quat1,0.12165,0.34586,-0.54108,-0.75684,1058.98
quat2,0.07198,0.57170,-0.56932,-0.58639,1058.98
quat3,-0.53798,0.71275,0.09562,-0.43980,1058.98
quat4,-0.52384,0.49146,0.21643,-0.66122,1058.98
quat5,0.00000,0.73241,0.00000,-0.68086,1058.98
quat6,0.00000,0.73241,0.00000,-0.68086,1058.98
quat7,0.00000,0.73241,0.00000,-0.68086,1058.98
quat8,0.00000,0.73241,0.00000,-0.68086,1058.98
quat0,-0.66019,0.05046,0.73835,0.12825,1059
quat1,0.12683,0.33456,-0.53094,-0.76817,1059
quat2,0.08226,0.56557,-0.55756,-0.60208,1059
quat3,-0.52754,0.72444,0.10145,-0.43196,1059
quat4,-0.50750,0.50583,0.22177,-0.66136,1059
quat5,0.00000,0.73241,0.00000,-0.68086,1059
quat6,0.00000,0.73241,0.00000,-0.68086,1059
quat7,0.00000,0.73241,0.00000,-0.68086,1059
quat8,0.00000,0.73241,0.00000,-0.68086,1059
quat0,-0.66180,0.04786,0.73782,0.12394,1059.02
quat1,0.13171,0.31812,-0.52388,-0.77910,1059.02
quat2,0.09553,0.55435,-0.54888,-0.61830,1059.02
quat3,-0.52066,0.73642,0.10689,-0.41854,1059.02
quat4,-0.49471,0.52024,0.23108,-0.65667,1059.02
quat5,0.00000,0.73241,0.00000,-0.68086,1059.02
quat6,0.00000,0.73241,0.00000,-0.68086,1059.02
quat7,0.00000,0.73241,0.00000,-0.68086,1059.02
quat8,0.00000,0.73241,0.00000,-0.68086,1059.02
quat0,-0.66252,0.05111,0.73621,0.12822,1059.04
quat1,0.13559,0.30038,-0.51963,-0.78827,1059.04
quat2,0.10949,0.53800,-0.54355,-0.63491,1059.04
quat3,-0.51672,0.74754,0.11219,-0.40199,1059.04
quat4,-0.48485,0.53511,0.24338,-0.64756,1059.04
quat5,0.00000,0.73241,0.00000,-0.68086,1059.04
quat6,0.00000,0.73241,0.00000,-0.68086,1059.04
quat7,0.00000,0.73241,0.00000,-0.68086,1059.04
quat8,0.00000,0.73241,0.00000,-0.68086,1059.04
quat0,-0.66152,0.05017,0.73730,0.12750,1059.06
quat1,0.13944,0.28111,-0.51862,-0.79534,1059.06
quat2,0.12336,0.51817,-0.54173,-0.65024,1059.06
quat3,-0.51626,0.75725,0.11738,-0.38245,1059.06
quat4,-0.48099,0.55309,0.25481,-0.63072,1059.06
quat5,0.00000,0.73241,0.00000,-0.68086,1059.06
quat6,0.00000,0.73241,0.00000,-0.68086,1059.06
quat7,0.00000,0.73241,0.00000,-0.68086,1059.06
quat8,0.00000,0.73241,0.00000,-0.68086,1059.06
quat0,-0.66070,0.05145,0.73741,0.13057,1059.08
quat1,0.14523,0.26338,-0.52167,-0.79837,1059.08
quat2,0.13908,0.49861,-0.54335,-0.66092,1059.08
quat3,-0.51965,0.76439,0.12204,-0.36164,1059.08
quat4,-0.48284,0.57120,0.26589,-0.60820,1059.08
quat5,0.00000,0.73241,0.00000,-0.68086,1059.08
quat6,0.00000,0.73241,0.00000,-0.68086,1059.08
quat7,0.00000,0.73241,0.00000,-0.68086,1059.08
quat8,0.00000,0.73241,0.00000,-0.68086,1059.08
quat0,-0.66027,0.05268,0.73732,0.13276,1059.1
quat1,0.15263,0.25023,-0.52806,-0.79702,1059.1
quat2,0.15109,0.47721,-0.54993,-0.66859,1059.1
quat3,-0.52657,0.76895,0.12593,-0.33996,1059.1
quat4,-0.49131,0.58875,0.27420,-0.58035,1059.1
quat5,0.00000,0.73241,0.00000,-0.68086,1059.1
quat6,0.00000,0.73241,0.00000,-0.68086,1059.1
quat7,0.00000,0.73241,0.00000,-0.68086,1059.1
quat8,0.00000,0.73241,0.00000,-0.68086,1059.1
quat0,-0.66004,0.05089,0.73817,0.12986,1059.12
quat1,0.16167,0.24080,-0.53685,-0.79226,1059.12
quat2,0.16095,0.45729,-0.56036,-0.67155,1059.12
quat3,-0.53621,0.77059,0.12898,-0.31943,1059.12
quat4,-0.50441,0.60194,0.28193,-0.55114,1059.12
quat5,0.00000,0.73241,0.00000,-0.68086,1059.12
quat6,0.00000,0.73241,0.00000,-0.68086,1059.12
quat7,0.00000,0.73241,0.00000,-0.68086,1059.12
quat8,0.00000,0.73241,0.00000,-0.68086,1059.12
quat0,-0.65914,0.05395,0.73850,0.13131,1059.14
quat1,0.17205,0.23566,-0.54725,-0.78446,1059.14
quat2,0.16977,0.44047,-0.57317,-0.66981,1059.14
quat3,-0.54866,0.76892,0.13084,-0.30104,1059.14
quat4,-0.51927,0.60811,0.29037,-0.52559,1059.14
quat5,0.00000,0.73241,0.00000,-0.68086,1059.14
quat6,0.00000,0.73241,0.00000,-0.68086,1059.14
quat7,0.00000,0.73241,0.00000,-0.68086,1059.14
quat8,0.00000,0.73241,0.00000,-0.68086,1059.14
quat0,-0.65927,0.05441,0.73795,0.13352,1059.16
quat1,0.18347,0.23503,-0.55870,-0.77392,1059.16
quat2,0.17532,0.42540,-0.58859,-0.66473,1059.16
quat3,-0.56302,0.76424,0.13263,-0.28524,1059.16
quat4,-0.53550,0.60805,0.29828,-0.50452,1059.16
quat5,0.00000,0.73241,0.00000,-0.68086,1059.16
quat6,0.00000,0.73241,0.00000,-0.68086,1059.16
quat7,0.00000,0.73241,0.00000,-0.68086,1059.16
quat8,0.00000,0.73241,0.00000,-0.68086,1059.16
quat0,-0.65810,0.05677,0.73864,0.13452,1059.18
quat1,0.19374,0.23602,-0.57119,-0.76190,1059.18
quat2,0.17805,0.41268,-0.60555,-0.65673,1059.18
quat3,-0.57904,0.75617,0.13622,-0.27270,1059.18
quat4,-0.55388,0.60408,0.30358,-0.48594,1059.18
quat5,0.00000,0.73241,0.00000,-0.68086,1059.18
quat6,0.00000,0.73241,0.00000,-0.68086,1059.18
quat7,0.00000,0.73241,0.00000,-0.68086,1059.18
quat8,0.00000,0.73241,0.00000,-0.68086,1059.18
quat0,-0.65947,0.05720,0.73748,0.13397,1059.2
quat1,0.20225,0.23787,-0.58480,-0.74868,1059.2
quat2,0.18017,0.40403,-0.62240,-0.64569,1059.2
quat3,-0.59578,0.74473,0.14121,-0.26550,1059.2
quat4,-0.57342,0.59700,0.30674,-0.46978,1059.2
quat5,0.00000,0.73241,0.00000,-0.68086,1059.2
quat6,0.00000,0.73241,0.00000,-0.68086,1059.2
quat7,0.00000,0.73241,0.00000,-0.68086,1059.2
quat8,0.00000,0.73241,0.00000,-0.68086,1059.2
quat0,-0.65729,0.05852,0.73877,0.13696,1059.22
quat1,0.20807,0.24052,-0.59914,-0.73477,1059.22
quat2,0.18032,0.39869,-0.63924,-0.63239,1059.22
quat3,-0.61220,0.73102,0.14644,-0.26340,1059.22
quat4,-0.59345,0.58763,0.30737,-0.45610,1059.22
quat5,0.00000,0.73241,0.00000,-0.68086,1059.22
quat6,0.00000,0.73241,0.00000,-0.68086,1059.22
quat7,0.00000,0.73241,0.00000,-0.68086,1059.22
quat8,0.00000,0.73241,0.00000,-0.68086,1059.22
quat0,-0.65762,0.06055,0.73813,0.13795,1059.24
quat1,0.21036,0.24297,-0.61271,-0.72201,1059.24
quat2,0.17749,0.39620,-0.65598,-0.61743,1059.24
quat3,-0.62821,0.71597,0.15076,-0.26459,1059.24
quat4,-0.61354,0.57649,0.30523,-0.44505,1059.24
quat5,0.00000,0.73241,0.00000,-0.68086,1059.24
quat6,0.00000,0.73241,0.00000,-0.68086,1059.24
quat7,0.00000,0.73241,0.00000,-0.68086,1059.24
quat8,0.00000,0.73241,0.00000,-0.68086,1059.24
quat0,-0.65512,0.05965,0.73996,0.14040,1059.26
quat1,0.21043,0.24559,-0.62510,-0.71039,1059.26
quat2,0.17239,0.39699,-0.67172,-0.60123,1059.26
quat3,-0.64254,0.70188,0.15220,-0.26710,1059.26
quat4,-0.63256,0.56334,0.30138,-0.43783,1059.26
quat5,0.00000,0.73241,0.00000,-0.68086,1059.26
quat6,0.00000,0.73241,0.00000,-0.68086,1059.26
quat7,0.00000,0.73241,0.00000,-0.68086,1059.26
quat8,0.00000,0.73241,0.00000,-0.68086,1059.26
quat0,-0.65454,0.06287,0.74017,0.14059,1059.28
quat1,0.20867,0.24911,-0.63634,-0.69962,1059.28
quat2,0.16443,0.40003,-0.68607,-0.58502,1059.28
quat3,-0.65473,0.68960,0.15116,-0.27006,1059.28
quat4,-0.65010,0.54957,0.29503,-0.43395,1059.28
quat5,0.00000,0.73241,0.00000,-0.68086,1059.28
quat6,0.00000,0.73241,0.00000,-0.68086,1059.28
quat7,0.00000,0.73241,0.00000,-0.68086,1059.28
quat8,0.00000,0.73241,0.00000,-0.68086,1059.28
quat0,-0.65408,0.06511,0.73996,0.14284,1059.3
quat1,0.20447,0.25380,-0.64632,-0.68996,1059.3
quat2,0.15358,0.40567,-0.69813,-0.56961,1059.3
quat3,-0.66539,0.67892,0.14805,-0.27279,1059.3
quat4,-0.66603,0.53601,0.28569,-0.43300,1059.3
quat5,0.00000,0.73241,0.00000,-0.68086,1059.3
quat6,0.00000,0.73241,0.00000,-0.68086,1059.3
quat7,0.00000,0.73241,0.00000,-0.68086,1059.3
quat8,0.00000,0.73241,0.00000,-0.68086,1059.3
quat0,-0.65266,0.06381,0.74099,0.14456,1059.32
quat1,0.19780,0.26045,-0.65449,-0.68168,1059.32
quat2,0.14003,0.41291,-0.70759,-0.55606,1059.32
quat3,-0.67378,0.67033,0.14225,-0.27649,1059.32
quat4,-0.67974,0.52316,0.27377,-0.43510,1059.32
quat5,0.00000,0.73241,0.00000,-0.68086,1059.32
quat6,0.00000,0.73241,0.00000,-0.68086,1059.32
quat7,0.00000,0.73241,0.00000,-0.68086,1059.32
quat8,0.00000,0.73241,0.00000,-0.68086,1059.32
quat0,-0.65043,0.06531,0.74292,0.14402,1059.34
quat1,0.18993,0.26902,-0.66020,-0.67505,1059.34
quat2,0.12642,0.42324,-0.71327,-0.54417,1059.34
quat3,-0.67960,0.66405,0.13373,-0.28162,1059.34
quat4,-0.68959,0.51062,0.26174,-0.44185,1059.34
quat5,0.00000,0.73241,0.00000,-0.68086,1059.34
quat6,0.00000,0.73241,0.00000,-0.68086,1059.34
quat7,0.00000,0.73241,0.00000,-0.68086,1059.34
quat8,0.00000,0.73241,0.00000,-0.68086,1059.34
quat0,-0.64844,0.06533,0.74393,0.14773,1059.36
quat1,0.18113,0.28031,-0.66290,-0.67021,1059.36
quat2,0.11381,0.43676,-0.71507,-0.53382,1059.36
quat3,-0.68230,0.65967,0.12384,-0.28976,1059.36
quat4,-0.69503,0.49952,0.25021,-0.45255,1059.36
quat5,0.00000,0.73241,0.00000,-0.68086,1059.36
quat6,0.00000,0.73241,0.00000,-0.68086,1059.36
quat7,0.00000,0.73241,0.00000,-0.68086,1059.36
quat8,0.00000,0.73241,0.00000,-0.68086,1059.36
quat0,-0.64470,0.06231,0.74794,0.14513,1059.38
quat1,0.17062,0.29480,-0.66265,-0.66699,1059.38
quat2,0.10331,0.45420,-0.71224,-0.52511,1059.38
quat3,-0.68061,0.65747,0.11396,-0.30251,1059.38
quat4,-0.69636,0.48993,0.23892,-0.46686,1059.38
quat5,0.00000,0.73241,0.00000,-0.68086,1059.38
quat6,0.00000,0.73241,0.00000,-0.68086,1059.38
quat7,0.00000,0.73241,0.00000,-0.68086,1059.38
quat8,0.00000,0.73241,0.00000,-0.68086,1059.38
quat0,-0.64107,0.06361,0.75029,0.14848,1059.4
quat1,0.15795,0.31217,-0.65924,-0.66559,1059.4
quat2,0.09309,0.47335,-0.70595,-0.51856,1059.4
quat3,-0.67462,0.65716,0.10443,-0.31957,1059.4
quat4,-0.69433,0.48253,0.22607,-0.48369,1059.4
quat5,0.00000,0.73241,0.00000,-0.68086,1059.4
quat6,0.00000,0.73241,0.00000,-0.68086,1059.4
quat7,0.00000,0.73241,0.00000,-0.68086,1059.4
quat8,0.00000,0.73241,0.00000,-0.68086,1059.4
quat0,-0.63506,0.06159,0.75509,0.15083,1059.42
quat1,0.14532,0.32968,-0.65307,-0.66610,1059.42
quat2,0.08293,0.49444,-0.69625,-0.51371,1059.42
quat3,-0.66460,0.65863,0.09705,-0.33925,1059.42
quat4,-0.68820,0.47700,0.21266,-0.50361,1059.42
quat5,0.00000,0.73241,0.00000,-0.68086,1059.42
quat6,0.00000,0.73241,0.00000,-0.68086,1059.42
quat7,0.00000,0.73241,0.00000,-0.68086,1059.42
quat8,0.00000,0.73241,0.00000,-0.68086,1059.42
quat0,-0.63223,0.05674,0.75890,0.14538,1059.44
quat1,0.13287,0.34548,-0.64459,-0.66895,1059.44
quat2,0.07477,0.51738,-0.68330,-0.50974,1059.44
quat3,-0.65170,0.66044,0.09142,-0.36159,1059.44
quat4,-0.67807,0.47233,0.20010,-0.52639,1059.44
quat5,0.00000,0.73241,0.00000,-0.68086,1059.44
quat6,0.00000,0.73241,0.00000,-0.68086,1059.44
quat7,0.00000,0.73241,0.00000,-0.68086,1059.44
quat8,0.00000,0.73241,0.00000,-0.68086,1059.44
quat0,-0.63770,0.05929,0.75443,0.14372,1059.46
quat1,0.12081,0.35907,-0.63343,-0.67471,1059.46
quat2,0.06790,0.54166,-0.66813,-0.50557,1059.46
quat3,-0.63677,0.66104,0.08799,-0.38706,1059.46
quat4,-0.66352,0.46635,0.19113,-0.55293,1059.46
quat5,0.00000,0.73241,0.00000,-0.68086,1059.46
quat6,0.00000,0.73241,0.00000,-0.68086,1059.46
quat7,0.00000,0.73241,0.00000,-0.68086,1059.46
quat8,0.00000,0.73241,0.00000,-0.68086,1059.46
quat0,-0.63311,0.06229,0.75754,0.14635,1059.48
quat1,0.11067,0.36938,-0.62026,-0.68308,1059.48
quat2,0.06079,0.56490,-0.65132,-0.50296,1059.48
quat3,-0.62147,0.66194,0.08466,-0.41042,1059.48
quat4,-0.64543,0.45893,0.18530,-0.58178,1059.48
quat5,0.00000,0.73241,0.00000,-0.68086,1059.48
quat6,0.00000,0.73241,0.00000,-0.68086,1059.48
quat7,0.00000,0.73241,0.00000,-0.68086,1059.48
quat8,0.00000,0.73241,0.00000,-0.68086,1059.48
quat0,-0.63763,0.05698,0.75510,0.14144,1059.5
quat1,0.10332,0.37776,-0.60542,-0.69289,1059.5
quat2,0.05577,0.58684,-0.63340,-0.50131,1059.5
quat3,-0.60508,0.66641,0.08213,-0.42783,1059.5
quat4,-0.62389,0.45070,0.18183,-0.61202,1059.5
quat5,0.00000,0.73241,0.00000,-0.68086,1059.5
quat6,0.00000,0.73241,0.00000,-0.68086,1059.5
quat7,0.00000,0.73241,0.00000,-0.68086,1059.5
quat8,0.00000,0.73241,0.00000,-0.68086,1059.5
quat0,-0.64223,0.05041,0.75300,0.13412,1059.52
quat1,0.09904,0.38489,-0.58907,-0.70360,1059.52
quat2,0.05229,0.60601,-0.61479,-0.50205,1059.52
quat3,-0.58722,0.67382,0.08071,-0.44117,1059.52
quat4,-0.60016,0.44212,0.18255,-0.64110,1059.52
quat5,0.00000,0.73241,0.00000,-0.68086,1059.52
quat6,0.00000,0.73241,0.00000,-0.68086,1059.52
quat7,0.00000,0.73241,0.00000,-0.68086,1059.52
quat8,0.00000,0.73241,0.00000,-0.68086,1059.52
quat0,-0.63867,0.05401,0.75509,0.13791,1059.54
quat1,0.09738,0.38830,-0.57280,-0.71529,1059.54
quat2,0.05073,0.62117,-0.59584,-0.50651,1059.54
quat3,-0.56846,0.68267,0.08140,-0.45187,1059.54
quat4,-0.57527,0.43519,0.18709,-0.66684,1059.54
quat5,0.00000,0.73241,0.00000,-0.68086,1059.54
quat6,0.00000,0.73241,0.00000,-0.68086,1059.54
quat7,0.00000,0.73241,0.00000,-0.68086,1059.54
quat8,0.00000,0.73241,0.00000,-0.68086,1059.54
quat0,-0.63962,0.05260,0.75408,0.13956,1059.56
quat1,0.09915,0.38838,-0.55738,-0.72708,1059.56
quat2,0.05526,0.63326,-0.57714,-0.51268,1059.56
quat3,-0.55015,0.69294,0.08356,-0.45847,1059.56
quat4,-0.55026,0.43518,0.19182,-0.68632,1059.56
quat5,0.00000,0.73241,0.00000,-0.68086,1059.56
quat6,0.00000,0.73241,0.00000,-0.68086,1059.56
quat7,0.00000,0.73241,0.00000,-0.68086,1059.56
quat8,0.00000,0.73241,0.00000,-0.68086,1059.56
quat0,-0.63997,0.04395,0.75549,0.13319,1059.58
quat1,0.10295,0.38681,-0.54316,-0.73807,1059.58
quat2,0.06424,0.63973,-0.56040,-0.52209,1059.58
quat3,-0.53375,0.70368,0.08741,-0.46077,1059.58
quat4,-0.52753,0.44286,0.19701,-0.69769,1059.58
quat5,0.00000,0.73241,0.00000,-0.68086,1059.58
quat6,0.00000,0.73241,0.00000,-0.68086,1059.58
quat7,0.00000,0.73241,0.00000,-0.68086,1059.58
quat8,0.00000,0.73241,0.00000,-0.68086,1059.58
quat0,-0.63819,0.05078,0.75577,0.13766,1059.6
quat1,0.10792,0.37991,-0.53029,-0.75021,1059.6
quat2,0.07320,0.63795,-0.54612,-0.53797,1059.6
quat3,-0.52020,0.71573,0.09300,-0.45659,1059.6
quat4,-0.50824,0.45737,0.20249,-0.70107,1059.6
quat5,0.00000,0.73241,0.00000,-0.68086,1059.6
quat6,0.00000,0.73241,0.00000,-0.68086,1059.6
quat7,0.00000,0.73241,0.00000,-0.68086,1059.6
quat8,0.00000,0.73241,0.00000,-0.68086,1059.6
quat0,-0.64056,0.04811,0.75472,0.13325,1059.62
quat1,0.11322,0.36571,-0.52017,-0.76345,1059.62
quat2,0.08467,0.62924,-0.53486,-0.55752,1059.62
quat3,-0.51028,0.72940,0.10032,-0.44445,1059.62
quat4,-0.49273,0.47709,0.20902,-0.69708,1059.62
quat5,0.00000,0.73241,0.00000,-0.68086,1059.62
quat6,0.00000,0.73241,0.00000,-0.68086,1059.62
quat7,0.00000,0.73241,0.00000,-0.68086,1059.62
quat8,0.00000,0.73241,0.00000,-0.68086,1059.62
quat0,-0.64362,0.04452,0.75325,0.12804,1059.64
quat1,0.11968,0.34813,-0.51353,-0.77510,1059.64
quat2,0.10096,0.61647,-0.52723,-0.57603,1059.64
quat3,-0.50448,0.74250,0.10819,-0.42719,1059.64
quat4,-0.48049,0.49545,0.22162,-0.68887,1059.64
quat5,0.00000,0.73241,0.00000,-0.68086,1059.64
quat6,0.00000,0.73241,0.00000,-0.68086,1059.64
quat7,0.00000,0.73241,0.00000,-0.68086,1059.64
quat8,0.00000,0.73241,0.00000,-0.68086,1059.64
quat0,-0.63970,0.05011,0.75524,0.13370,1059.66
quat1,0.12619,0.32795,-0.50968,-0.78534,1059.66
quat2,0.11514,0.59625,-0.52415,-0.59707,1059.66
quat3,-0.50277,0.75378,0.11563,-0.40702,1059.66
quat4,-0.47279,0.51270,0.23791,-0.67602,1059.66
quat5,0.00000,0.73241,0.00000,-0.68086,1059.66
quat6,0.00000,0.73241,0.00000,-0.68086,1059.66
quat7,0.00000,0.73241,0.00000,-0.68086,1059.66
quat8,0.00000,0.73241,0.00000,-0.68086,1059.66
quat0,-0.64168,0.04616,0.75440,0.13036,1059.68
quat1,0.13179,0.30470,-0.50898,-0.79418,1059.68
quat2,0.12919,0.57145,-0.52507,-0.61730,1059.68
quat3,-0.50461,0.76345,0.12232,-0.38412,1059.68
quat4,-0.47145,0.53452,0.25209,-0.65458,1059.68
quat5,0.00000,0.73241,0.00000,-0.68086,1059.68
quat6,0.00000,0.73241,0.00000,-0.68086,1059.68
quat7,0.00000,0.73241,0.00000,-0.68086,1059.68
quat8,0.00000,0.73241,0.00000,-0.68086,1059.68
quat0,-0.63867,0.04591,0.75650,0.13304,1059.7
quat1,0.13814,0.28483,-0.51374,-0.79741,1059.7
quat2,0.14481,0.54529,-0.53016,-0.63294,1059.7
quat3,-0.51088,0.77045,0.12685,-0.35960,1059.7
quat4,-0.47857,0.55888,0.26325,-0.62396,1059.7
quat5,0.00000,0.73241,0.00000,-0.68086,1059.7
quat6,0.00000,0.73241,0.00000,-0.68086,1059.7
quat7,0.00000,0.73241,0.00000,-0.68086,1059.7
quat8,0.00000,0.73241,0.00000,-0.68086,1059.7
quat0,-0.63733,0.04858,0.75703,0.13548,1059.72
quat1,0.14531,0.26935,-0.52274,-0.79566,1059.72
quat2,0.15761,0.51806,-0.53931,-0.64493,1059.72
quat3,-0.52174,0.77377,0.12936,-0.33515,1059.72
quat4,-0.49144,0.57889,0.27398,-0.59018,1059.72
quat5,0.00000,0.73241,0.00000,-0.68086,1059.72
quat6,0.00000,0.73241,0.00000,-0.68086,1059.72
quat7,0.00000,0.73241,0.00000,-0.68086,1059.72
quat8,0.00000,0.73241,0.00000,-0.68086,1059.72
quat0,-0.64036,0.04448,0.75563,0.13030,1059.74
quat1,0.15255,0.25666,-0.53458,-0.79062,1059.74
quat2,0.16799,0.49241,-0.55176,-0.65182,1059.74
quat3,-0.53581,0.77429,0.12984,-0.31068,1059.74
quat4,-0.50725,0.59250,0.28369,-0.55782,1059.74
quat5,0.00000,0.73241,0.00000,-0.68086,1059.74
quat6,0.00000,0.73241,0.00000,-0.68086,1059.74
quat7,0.00000,0.73241,0.00000,-0.68086,1059.74
quat8,0.00000,0.73241,0.00000,-0.68086,1059.74
quat0,-0.64233,0.04995,0.75287,0.13455,1059.76
quat1,0.16198,0.24938,-0.54929,-0.78093,1059.76
quat2,0.17768,0.47056,-0.56683,-0.65246,1059.76
quat3,-0.55213,0.77138,0.12953,-0.28870,1059.76
quat4,-0.52518,0.59691,0.29409,-0.53047,1059.76
quat5,0.00000,0.73241,0.00000,-0.68086,1059.76
quat6,0.00000,0.73241,0.00000,-0.68086,1059.76
quat7,0.00000,0.73241,0.00000,-0.68086,1059.76
quat8,0.00000,0.73241,0.00000,-0.68086,1059.76
quat0,-0.64278,0.05300,0.75185,0.13694,1059.78
quat1,0.17197,0.24754,-0.56571,-0.76755,1059.78
quat2,0.18181,0.44966,-0.58551,-0.64957,1059.78
quat3,-0.57031,0.76405,0.13026,-0.27203,1059.78
quat4,-0.54482,0.59460,0.30303,-0.50773,1059.78
quat5,0.00000,0.73241,0.00000,-0.68086,1059.78
quat6,0.00000,0.73241,0.00000,-0.68086,1059.78
quat7,0.00000,0.73241,0.00000,-0.68086,1059.78
quat8,0.00000,0.73241,0.00000,-0.68086,1059.78
quat0,-0.64615,0.05283,0.74904,0.13655,1059.8
quat1,0.18136,0.24844,-0.58249,-0.75239,1059.8
quat2,0.18087,0.43081,-0.60673,-0.64309,1059.8
quat3,-0.58940,0.75255,0.13303,-0.26188,1059.8
quat4,-0.56711,0.58837,0.30771,-0.48736,1059.8
quat5,0.00000,0.73241,0.00000,-0.68086,1059.8
quat6,0.00000,0.73241,0.00000,-0.68086,1059.8
quat7,0.00000,0.73241,0.00000,-0.68086,1059.8
quat8,0.00000,0.73241,0.00000,-0.68086,1059.8
quat0,-0.64557,0.05567,0.74887,0.13909,1059.82
quat1,0.18887,0.25046,-0.59906,-0.73670,1059.82
quat2,0.17563,0.41603,-0.62884,-0.63295,1059.82
quat3,-0.60864,0.73789,0.13710,-0.25743,1059.82
quat4,-0.59188,0.57937,0.30740,-0.46852,1059.82
quat5,0.00000,0.73241,0.00000,-0.68086,1059.82
quat6,0.00000,0.73241,0.00000,-0.68086,1059.82
quat7,0.00000,0.73241,0.00000,-0.68086,1059.82
quat8,0.00000,0.73241,0.00000,-0.68086,1059.82
quat0,-0.64597,0.06060,0.74735,0.14324,1059.84
quat1,0.19276,0.25271,-0.61494,-0.72169,1059.84
quat2,0.16699,0.40656,-0.65089,-0.61900,1059.84
quat3,-0.62710,0.72163,0.14122,-0.25701,1059.84
quat4,-0.61724,0.56825,0.30220,-0.45252,1059.84
quat5,0.00000,0.73241,0.00000,-0.68086,1059.84
quat6,0.00000,0.73241,0.00000,-0.68086,1059.84
quat7,0.00000,0.73241,0.00000,-0.68086,1059.84
quat8,0.00000,0.73241,0.00000,-0.68086,1059.84
quat0,-0.64762,0.06319,0.74559,0.14386,1059.86
quat1,0.19326,0.25454,-0.62965,-0.70809,1059.86
quat2,0.15857,0.40524,-0.67053,-0.60086,1059.86
quat3,-0.64369,0.70556,0.14354,-0.25933,1059.86
quat4,-0.64190,0.55428,0.29344,-0.44117,1059.86
quat5,0.00000,0.73241,0.00000,-0.68086,1059.86
quat6,0.00000,0.73241,0.00000,-0.68086,1059.86
quat7,0.00000,0.73241,0.00000,-0.68086,1059.86
quat8,0.00000,0.73241,0.00000,-0.68086,1059.86
quat0,-0.64767,0.06199,0.74560,0.14407,1059.88
quat1,0.19219,0.25754,-0.64275,-0.69542,1059.88
quat2,0.15053,0.40974,-0.68728,-0.58060,1059.88
quat3,-0.65806,0.69069,0.14352,-0.26324,1059.88
quat4,-0.66447,0.53803,0.28265,-0.43488,1059.88
quat5,0.00000,0.73241,0.00000,-0.68086,1059.88
quat6,0.00000,0.73241,0.00000,-0.68086,1059.88
quat7,0.00000,0.73241,0.00000,-0.68086,1059.88
quat8,0.00000,0.73241,0.00000,-0.68086,1059.88
quat0,-0.64413,0.06592,0.74737,0.14895,1059.9
quat1,0.19007,0.26428,-0.65352,-0.68333,1059.9
quat2,0.13999,0.41742,-0.70119,-0.56080,1059.9
quat3,-0.67035,0.67754,0.14186,-0.26728,1059.9
quat4,-0.68361,0.51999,0.27122,-0.43443,1059.9
quat5,0.00000,0.73241,0.00000,-0.68086,1059.9
quat6,0.00000,0.73241,0.00000,-0.68086,1059.9
quat7,0.00000,0.73241,0.00000,-0.68086,1059.9
quat8,0.00000,0.73241,0.00000,-0.68086,1059.9
quat0,-0.64326,0.06624,0.74834,0.14770,1059.92
quat1,0.18517,0.27410,-0.66212,-0.67244,1059.92
quat2,0.12498,0.42600,-0.71231,-0.54362,1059.92
quat3,-0.68039,0.66594,0.13840,-0.27285,1059.92
quat4,-0.69899,0.50175,0.25940,-0.43860,1059.92
quat5,0.00000,0.73241,0.00000,-0.68086,1059.92
quat6,0.00000,0.73241,0.00000,-0.68086,1059.92
quat7,0.00000,0.73241,0.00000,-0.68086,1059.92
quat8,0.00000,0.73241,0.00000,-0.68086,1059.92
quat0,-0.64144,0.06943,0.74880,0.15177,1059.94
quat1,0.17803,0.28456,-0.66693,-0.66523,1059.94
quat2,0.10800,0.43707,-0.71926,-0.52912,1059.94
quat3,-0.68675,0.65666,0.13287,-0.28198,1059.94
quat4,-0.70962,0.48446,0.24782,-0.44756,1059.94
quat5,0.00000,0.73241,0.00000,-0.68086,1059.94
quat6,0.00000,0.73241,0.00000,-0.68086,1059.94
quat7,0.00000,0.73241,0.00000,-0.68086,1059.94
quat8,0.00000,0.73241,0.00000,-0.68086,1059.94
quat0,-0.64071,0.06751,0.75000,0.14979,1059.96
quat1,0.16846,0.29722,-0.66845,-0.66064,1059.96
quat2,0.09167,0.45115,-0.72150,-0.51720,1059.96
quat3,-0.68846,0.65016,0.12515,-0.29605,1059.96
quat4,-0.71547,0.47042,0.23608,-0.45943,1059.96
quat5,0.00000,0.73241,0.00000,-0.68086,1059.96
quat6,0.00000,0.73241,0.00000,-0.68086,1059.96
quat7,0.00000,0.73241,0.00000,-0.68086,1059.96
quat8,0.00000,0.73241,0.00000,-0.68086,1059.96
quat0,-0.63844,0.06727,0.75146,0.15225,1059.98
quat1,0.15701,0.31222,-0.66715,-0.65786,1059.98
quat2,0.07774,0.46857,-0.71938,-0.50685,1059.98
quat3,-0.68403,0.64755,0.11606,-0.31514,1059.98
quat4,-0.71667,0.46001,0.22362,-0.47409,1059.98
quat5,0.00000,0.73241,0.00000,-0.68086,1059.98
quat6,0.00000,0.73241,0.00000,-0.68086,1059.98
quat7,0.00000,0.73241,0.00000,-0.68086,1059.98
quat8,0.00000,0.73241,0.00000,-0.68086,1059.98
quat0,-0.63468,0.06981,0.75327,0.15778,1060
quat1,0.14498,0.32810,-0.66371,-0.65636,1060
quat2,0.06538,0.48764,-0.71325,-0.49921,1060
quat3,-0.67500,0.64778,0.10777,-0.33635,1060
quat4,-0.71406,0.45366,0.20869,-0.49068,1060
quat5,0.00000,0.73241,0.00000,-0.68086,1060
quat6,0.00000,0.73241,0.00000,-0.68086,1060
quat7,0.00000,0.73241,0.00000,-0.68086,1060
quat8,0.00000,0.73241,0.00000,-0.68086,1060
quat0,-0.63092,0.07199,0.75618,0.15795,1060.02
quat1,0.13230,0.34279,-0.65813,-0.65716,1060.02
quat2,0.05705,0.51009,-0.70237,-0.49319,1060.02
quat3,-0.66465,0.64809,0.10292,-0.35725,1060.02
quat4,-0.70678,0.44962,0.19403,-0.51054,1060.02
quat5,0.00000,0.73241,0.00000,-0.68086,1060.02
quat6,0.00000,0.73241,0.00000,-0.68086,1060.02
quat7,0.00000,0.73241,0.00000,-0.68086,1060.02
quat8,0.00000,0.73241,0.00000,-0.68086,1060.02
quat0,-0.63349,0.06581,0.75664,0.14786,1060.04
quat1,0.11899,0.35594,-0.64958,-0.66121,1060.04
quat2,0.05221,0.53390,-0.68876,-0.48767,1060.04
quat3,-0.65293,0.64798,0.10084,-0.37900,1060.04
quat4,-0.69391,0.44558,0.18467,-0.53465,1060.04
quat5,0.00000,0.73241,0.00000,-0.68086,1060.04
quat6,0.00000,0.73241,0.00000,-0.68086,1060.04
quat7,0.00000,0.73241,0.00000,-0.68086,1060.04
quat8,0.00000,0.73241,0.00000,-0.68086,1060.04
quat0,-0.63624,0.06577,0.75444,0.14727,1060.06
quat1,0.10766,0.36802,-0.63775,-0.66802,1060.06
quat2,0.04732,0.55758,-0.67349,-0.48298,1060.06
quat3,-0.63849,0.65027,0.09718,-0.40004,1060.06
quat4,-0.67530,0.43985,0.18235,-0.56325,1060.06
quat5,0.00000,0.73241,0.00000,-0.68086,1060.06
quat6,0.00000,0.73241,0.00000,-0.68086,1060.06
quat7,0.00000,0.73241,0.00000,-0.68086,1060.06
quat8,0.00000,0.73241,0.00000,-0.68086,1060.06
quat0,-0.64072,0.06457,0.75104,0.14577,1060.08
quat1,0.10107,0.37648,-0.62348,-0.67774,1060.08
quat2,0.04299,0.58074,-0.65574,-0.48053,1060.08
quat3,-0.62244,0.65598,0.09219,-0.41683,1060.08
quat4,-0.65297,0.43397,0.18269,-0.59323,1060.08
quat5,0.00000,0.73241,0.00000,-0.68086,1060.08
quat6,0.00000,0.73241,0.00000,-0.68086,1060.08
quat7,0.00000,0.73241,0.00000,-0.68086,1060.08
quat8,0.00000,0.73241,0.00000,-0.68086,1060.08
quat0,-0.64100,0.06052,0.75141,0.14439,1060.1
quat1,0.09852,0.38472,-0.60813,-0.68736,1060.1
quat2,0.04406,0.60287,-0.63638,-0.47919,1060.1
quat3,-0.60468,0.66528,0.08874,-0.42882,1060.1
quat4,-0.62883,0.43010,0.18284,-0.62141,1060.1
quat5,0.00000,0.73241,0.00000,-0.68086,1060.1
quat6,0.00000,0.73241,0.00000,-0.68086,1060.1
quat7,0.00000,0.73241,0.00000,-0.68086,1060.1
quat8,0.00000,0.73241,0.00000,-0.68086,1060.1
quat0,-0.63974,0.05480,0.75303,0.14380,1060.12
quat1,0.09847,0.39453,-0.59069,-0.69695,1060.12
quat2,0.04659,0.62068,-0.61690,-0.48168,1060.12
quat3,-0.58507,0.67653,0.08845,-0.43838,1060.12
quat4,-0.60244,0.42895,0.18462,-0.64729,1060.12
quat5,0.00000,0.73241,0.00000,-0.68086,1060.12
quat6,0.00000,0.73241,0.00000,-0.68086,1060.12
quat7,0.00000,0.73241,0.00000,-0.68086,1060.12
quat8,0.00000,0.73241,0.00000,-0.68086,1060.12
quat0,-0.64601,0.05506,0.74867,0.13834,1060.14
quat1,0.10161,0.39846,-0.57277,-0.70912,1060.14
quat2,0.04897,0.63204,-0.59703,-0.49161,1060.14
quat3,-0.56459,0.68859,0.09129,-0.44581,1060.14
quat4,-0.57515,0.43018,0.19014,-0.66932,1060.14
quat5,0.00000,0.73241,0.00000,-0.68086,1060.14
quat6,0.00000,0.73241,0.00000,-0.68086,1060.14
quat7,0.00000,0.73241,0.00000,-0.68086,1060.14
quat8,0.00000,0.73241,0.00000,-0.68086,1060.14
quat0,-0.64495,0.05898,0.74899,0.13992,1060.16
quat1,0.10458,0.39438,-0.55675,-0.72357,1060.16
quat2,0.05572,0.63769,-0.57806,-0.50606,1060.16
quat3,-0.54478,0.70134,0.09653,-0.44946,1060.16
quat4,-0.54806,0.43648,0.19680,-0.68584,1060.16
quat5,0.00000,0.73241,0.00000,-0.68086,1060.16
quat6,0.00000,0.73241,0.00000,-0.68086,1060.16
quat7,0.00000,0.73241,0.00000,-0.68086,1060.16
quat8,0.00000,0.73241,0.00000,-0.68086,1060.16
quat0,-0.64230,0.05245,0.75188,0.13917,1060.18
quat1,0.10724,0.38561,-0.54285,-0.73832,1060.18
quat2,0.06526,0.63631,-0.56137,-0.52508,1060.18
quat3,-0.52704,0.71420,0.10297,-0.44894,1060.18
quat4,-0.52321,0.45060,0.20340,-0.69415,1060.18
quat5,0.00000,0.73241,0.00000,-0.68086,1060.18
quat6,0.00000,0.73241,0.00000,-0.68086,1060.18
quat7,0.00000,0.73241,0.00000,-0.68086,1060.18
quat8,0.00000,0.73241,0.00000,-0.68086,1060.18
quat0,-0.64321,0.05415,0.75166,0.13545,1060.2
quat1,0.11067,0.36924,-0.53145,-0.75430,1060.2
quat2,0.07805,0.62964,-0.54603,-0.54709,1060.2
quat3,-0.51303,0.72800,0.10876,-0.44158,1060.2
quat4,-0.50262,0.47076,0.20988,-0.69405,1060.2
quat5,0.00000,0.73241,0.00000,-0.68086,1060.2
quat6,0.00000,0.73241,0.00000,-0.68086,1060.2
quat7,0.00000,0.73241,0.00000,-0.68086,1060.2
quat8,0.00000,0.73241,0.00000,-0.68086,1060.2
quat0,-0.64376,0.05037,0.75137,0.13598,1060.22
quat1,0.11390,0.34757,-0.52379,-0.76933,1060.22
quat2,0.09700,0.61911,-0.53400,-0.56757,1060.22
quat3,-0.50364,0.74341,0.11334,-0.42526,1060.22
quat4,-0.48722,0.49562,0.21648,-0.68565,1060.22
quat5,0.00000,0.73241,0.00000,-0.68086,1060.22
quat6,0.00000,0.73241,0.00000,-0.68086,1060.22
quat7,0.00000,0.73241,0.00000,-0.68086,1060.22
quat8,0.00000,0.73241,0.00000,-0.68086,1060.22
quat0,-0.63930,0.05125,0.75456,0.13896,1060.24
quat1,0.11735,0.32586,-0.51934,-0.78124,1060.24
quat2,0.11576,0.60194,-0.52685,-0.58881,1060.24
quat3,-0.49884,0.75847,0.11659,-0.40285,1060.24
quat4,-0.47713,0.51871,0.22738,-0.67200,1060.24
quat5,0.00000,0.73241,0.00000,-0.68086,1060.24
quat6,0.00000,0.73241,0.00000,-0.68086,1060.24
quat7,0.00000,0.73241,0.00000,-0.68086,1060.24
quat8,0.00000,0.73241,0.00000,-0.68086,1060.24
quat0,-0.64137,0.05262,0.75308,0.13693,1060.26
quat1,0.11970,0.30452,-0.51744,-0.79070,1060.26
quat2,0.12863,0.57568,-0.52523,-0.61334,1060.26
quat3,-0.49864,0.77110,0.11902,-0.37762,1060.26
quat4,-0.47260,0.53871,0.24119,-0.65442,1060.26
quat5,0.00000,0.73241,0.00000,-0.68086,1060.26
quat6,0.00000,0.73241,0.00000,-0.68086,1060.26
quat7,0.00000,0.73241,0.00000,-0.68086,1060.26
quat8,0.00000,0.73241,0.00000,-0.68086,1060.26
quat0,-0.64105,0.05304,0.75334,0.13683,1060.28
quat1,0.12256,0.28451,-0.52061,-0.79561,1060.28
quat2,0.14217,0.54759,-0.52828,-0.63313,1060.28
quat3,-0.50207,0.78046,0.12132,-0.35226,1060.28
quat4,-0.47454,0.55980,0.25313,-0.63037,1060.28
quat5,0.00000,0.73241,0.00000,-0.68086,1060.28
quat6,0.00000,0.73241,0.00000,-0.68086,1060.28
quat7,0.00000,0.73241,0.00000,-0.68086,1060.28
quat8,0.00000,0.73241,0.00000,-0.68086,1060.28
quat0,-0.63839,0.05898,0.75424,0.14179,1060.3
quat1,0.12852,0.26756,-0.52904,-0.79499,1060.3
quat2,0.15577,0.52087,-0.53516,-0.64655,1060.3
quat3,-0.50952,0.78544,0.12291,-0.32919,1060.3
quat4,-0.48429,0.57970,0.26269,-0.60034,1060.3
quat5,0.00000,0.73241,0.00000,-0.68086,1060.3
quat6,0.00000,0.73241,0.00000,-0.68086,1060.3
quat7,0.00000,0.73241,0.00000,-0.68086,1060.3
quat8,0.00000,0.73241,0.00000,-0.68086,1060.3
quat0,-0.64045,0.05773,0.75320,0.13845,1060.32
quat1,0.13600,0.25459,-0.54024,-0.79047,1060.32
quat2,0.16732,0.49691,-0.54568,-0.65369,1060.32
quat3,-0.52050,0.78610,0.12389,-0.30948,1060.32
quat4,-0.49794,0.59330,0.27247,-0.57079,1060.32
quat5,0.00000,0.73241,0.00000,-0.68086,1060.32
quat6,0.00000,0.73241,0.00000,-0.68086,1060.32
quat7,0.00000,0.73241,0.00000,-0.68086,1060.32
quat8,0.00000,0.73241,0.00000,-0.68086,1060.32
quat0,-0.64284,0.05858,0.75105,0.13872,1060.34
quat1,0.14569,0.24677,-0.55344,-0.78204,1060.34
quat2,0.17663,0.47646,-0.55926,-0.65499,1060.34
quat3,-0.53446,0.78356,0.12378,-0.29165,1060.34
quat4,-0.51348,0.59984,0.28231,-0.54482,1060.34
quat5,0.00000,0.73241,0.00000,-0.68086,1060.34
quat6,0.00000,0.73241,0.00000,-0.68086,1060.34
quat7,0.00000,0.73241,0.00000,-0.68086,1060.34
quat8,0.00000,0.73241,0.00000,-0.68086,1060.34
quat0,-0.63964,0.06182,0.75289,0.14213,1060.36
quat1,0.15775,0.24491,-0.56758,-0.77005,1060.36
quat2,0.18216,0.45805,-0.57615,-0.65197,1060.36
quat3,-0.55161,0.77686,0.12516,-0.27666,1060.36
quat4,-0.53064,0.59995,0.29223,-0.52258,1060.36
quat5,0.00000,0.73241,0.00000,-0.68086,1060.36
quat6,0.00000,0.73241,0.00000,-0.68086,1060.36
quat7,0.00000,0.73241,0.00000,-0.68086,1060.36
quat8,0.00000,0.73241,0.00000,-0.68086,1060.36
quat0,-0.64079,0.06481,0.75153,0.14283,1060.38
quat1,0.16993,0.24610,-0.58168,-0.75644,1060.38
quat2,0.18284,0.44111,-0.59556,-0.64599,1060.38
quat3,-0.57077,0.76629,0.12745,-0.26603,1060.38
quat4,-0.55004,0.59686,0.29892,-0.50186,1060.38
quat5,0.00000,0.73241,0.00000,-0.68086,1060.38
quat6,0.00000,0.73241,0.00000,-0.68086,1060.38
quat7,0.00000,0.73241,0.00000,-0.68086,1060.38
quat8,0.00000,0.73241,0.00000,-0.68086,1060.38
quat0,-0.64161,0.06619,0.75095,0.14152,1060.4
quat1,0.18013,0.24851,-0.59639,-0.74169,1060.4
quat2,0.18205,0.42867,-0.61511,-0.63620,1060.4
quat3,-0.59061,0.75316,0.12927,-0.25927,1060.4
quat4,-0.57331,0.59211,0.29970,-0.48053,1060.4
quat5,0.00000,0.73241,0.00000,-0.68086,1060.4
quat6,0.00000,0.73241,0.00000,-0.68086,1060.4
quat7,0.00000,0.73241,0.00000,-0.68086,1060.4
quat8,0.00000,0.73241,0.00000,-0.68086,1060.4
quat0,-0.64295,0.06812,0.74925,0.14349,1060.42
quat1,0.18655,0.25171,-0.61229,-0.72591,1060.42
quat2,0.18064,0.42126,-0.63385,-0.62301,1060.42
quat3,-0.60986,0.73887,0.13019,-0.25533,1060.42
quat4,-0.59817,0.58506,0.29609,-0.46068,1060.42
quat5,0.00000,0.73241,0.00000,-0.68086,1060.42
quat6,0.00000,0.73241,0.00000,-0.68086,1060.42
quat7,0.00000,0.73241,0.00000,-0.68086,1060.42
quat8,0.00000,0.73241,0.00000,-0.68086,1060.42
quat0,-0.64181,0.07427,0.74882,0.14775,1060.44
quat1,0.18823,0.25471,-0.62778,-0.71104,1060.44
quat2,0.17526,0.41585,-0.65315,-0.60807,1060.44
quat3,-0.62872,0.72330,0.13015,-0.25418,1060.44
quat4,-0.62202,0.57387,0.29160,-0.44581,1060.44
quat5,0.00000,0.73241,0.00000,-0.68086,1060.44
quat6,0.00000,0.73241,0.00000,-0.68086,1060.44
quat7,0.00000,0.73241,0.00000,-0.68086,1060.44
quat8,0.00000,0.73241,0.00000,-0.68086,1060.44
quat0,-0.64231,0.07515,0.74830,0.14779,1060.46
quat1,0.18642,0.25629,-0.64229,-0.69787,1060.46
quat2,0.16656,0.41261,-0.67171,-0.59230,1060.46
quat3,-0.64645,0.70718,0.12928,-0.25551,1060.46
quat4,-0.64405,0.55945,0.28624,-0.43621,1060.46
quat5,0.00000,0.73241,0.00000,-0.68086,1060.46
quat6,0.00000,0.73241,0.00000,-0.68086,1060.46
quat7,0.00000,0.73241,0.00000,-0.68086,1060.46
quat8,0.00000,0.73241,0.00000,-0.68086,1060.46
quat0,-0.64347,0.07510,0.74708,0.14894,1060.48
quat1,0.18209,0.25743,-0.65599,-0.68575,1060.48
quat2,0.15433,0.41098,-0.68898,-0.57670,1060.48
quat3,-0.66157,0.69203,0.12751,-0.25915,1060.48
quat4,-0.66499,0.54373,0.27787,-0.43004,1060.48
quat5,0.00000,0.73241,0.00000,-0.68086,1060.48
quat6,0.00000,0.73241,0.00000,-0.68086,1060.48
quat7,0.00000,0.73241,0.00000,-0.68086,1060.48
quat8,0.00000,0.73241,0.00000,-0.68086,1060.48
quat0,-0.64390,0.07883,0.74599,0.15058,1060.5
quat1,0.17536,0.26019,-0.66825,-0.67453,1060.5
quat2,0.13981,0.41218,-0.70446,-0.56062,1060.5
quat3,-0.67419,0.67800,0.12531,-0.26473,1060.5
quat4,-0.68457,0.52739,0.26609,-0.42710,1060.5
quat5,0.00000,0.73241,0.00000,-0.68086,1060.5
quat6,0.00000,0.73241,0.00000,-0.68086,1060.5
quat7,0.00000,0.73241,0.00000,-0.68086,1060.5
quat8,0.00000,0.73241,0.00000,-0.68086,1060.5
quat0,-0.64141,0.07964,0.74707,0.15535,1060.52
quat1,0.16723,0.26494,-0.67775,-0.66521,1060.52
quat2,0.12431,0.41639,-0.71702,-0.54502,1060.52
quat3,-0.68446,0.66547,0.12175,-0.27174,1060.52
quat4,-0.70182,0.51137,0.25170,-0.42731,1060.52
quat5,0.00000,0.73241,0.00000,-0.68086,1060.52
quat6,0.00000,0.73241,0.00000,-0.68086,1060.52
quat7,0.00000,0.73241,0.00000,-0.68086,1060.52
quat8,0.00000,0.73241,0.00000,-0.68086,1060.52
quat0,-0.63908,0.07803,0.74926,0.15521,1060.54
quat1,0.15877,0.27242,-0.68433,-0.65747,1060.54
quat2,0.10905,0.42455,-0.72597,-0.52994,1060.54
quat3,-0.69191,0.65534,0.11566,-0.28002,1060.54
quat4,-0.71501,0.49532,0.23747,-0.43247,1060.54
quat5,0.00000,0.73241,0.00000,-0.68086,1060.54
quat6,0.00000,0.73241,0.00000,-0.68086,1060.54
quat7,0.00000,0.73241,0.00000,-0.68086,1060.54
quat8,0.00000,0.73241,0.00000,-0.68086,1060.54
quat0,-0.63661,0.07823,0.75128,0.15555,1060.56
quat1,0.15020,0.28235,-0.68810,-0.65133,1060.56
quat2,0.09436,0.43600,-0.73106,-0.51629,1060.56
quat3,-0.69545,0.64849,0.10777,-0.29016,1060.56
quat4,-0.72396,0.48027,0.22386,-0.44171,1060.56
quat5,0.00000,0.73241,0.00000,-0.68086,1060.56
quat6,0.00000,0.73241,0.00000,-0.68086,1060.56
quat7,0.00000,0.73241,0.00000,-0.68086,1060.56
quat8,0.00000,0.73241,0.00000,-0.68086,1060.56
quat0,-0.63861,0.07652,0.74980,0.15532,1060.58
quat1,0.14121,0.29494,-0.68869,-0.64713,1060.58
quat2,0.08137,0.45194,-0.73186,-0.50349,1060.58
quat3,-0.69461,0.64470,0.10000,-0.30313,1060.58
quat4,-0.72857,0.46666,0.21083,-0.45493,1060.58
quat5,0.00000,0.73241,0.00000,-0.68086,1060.58
quat6,0.00000,0.73241,0.00000,-0.68086,1060.58
quat7,0.00000,0.73241,0.00000,-0.68086,1060.58
quat8,0.00000,0.73241,0.00000,-0.68086,1060.58
quat0,-0.63282,0.07707,0.75374,0.15959,1060.6
quat1,0.13217,0.30916,-0.68657,-0.64465,1060.6
quat2,0.06973,0.47027,-0.72875,-0.49285,1060.6
quat3,-0.69033,0.64270,0.09238,-0.31914,1060.6
quat4,-0.72938,0.45609,0.19693,-0.47032,1060.6
quat5,0.00000,0.73241,0.00000,-0.68086,1060.6
quat6,0.00000,0.73241,0.00000,-0.68086,1060.6
quat7,0.00000,0.73241,0.00000,-0.68086,1060.6
quat8,0.00000,0.73241,0.00000,-0.68086,1060.6
quat0,-0.62869,0.07589,0.75730,0.15962,1060.62
quat1,0.12288,0.32540,-0.68174,-0.64362,1060.62
quat2,0.05952,0.49108,-0.72165,-0.48428,1060.62
quat3,-0.68316,0.64224,0.08592,-0.33681,1060.62
quat4,-0.72555,0.44820,0.18314,-0.48904,1060.62
quat5,0.00000,0.73241,0.00000,-0.68086,1060.62
quat6,0.00000,0.73241,0.00000,-0.68086,1060.62
quat7,0.00000,0.73241,0.00000,-0.68086,1060.62
quat8,0.00000,0.73241,0.00000,-0.68086,1060.62
quat0,-0.62940,0.07312,0.75780,0.15571,1060.64
quat1,0.11320,0.34196,-0.67426,-0.64469,1060.64
quat2,0.05123,0.51364,-0.71085,-0.47774,1060.64
quat3,-0.67319,0.64304,0.08156,-0.35589,1060.64
quat4,-0.71674,0.44220,0.17189,-0.51107,1060.64
quat5,0.00000,0.73241,0.00000,-0.68086,1060.64
quat6,0.00000,0.73241,0.00000,-0.68086,1060.64
quat7,0.00000,0.73241,0.00000,-0.68086,1060.64
quat8,0.00000,0.73241,0.00000,-0.68086,1060.64
quat0,-0.63167,0.07350,0.75695,0.15039,1060.66
quat1,0.10452,0.35897,-0.66366,-0.64790,1060.66
quat2,0.04567,0.53703,-0.69726,-0.47260,1060.66
quat3,-0.66026,0.64451,0.07879,-0.37745,1060.66
quat4,-0.70306,0.43546,0.16589,-0.53717,1060.66
quat5,0.00000,0.73241,0.00000,-0.68086,1060.66
quat6,0.00000,0.73241,0.00000,-0.68086,1060.66
quat7,0.00000,0.73241,0.00000,-0.68086,1060.66
quat8,0.00000,0.73241,0.00000,-0.68086,1060.66
quat0,-0.63844,0.07263,0.75126,0.15075,1060.68
quat1,0.09761,0.37575,-0.65029,-0.65300,1060.68
quat2,0.03971,0.55840,-0.68085,-0.47229,1060.68
quat3,-0.64493,0.64714,0.07799,-0.39900,1060.68
quat4,-0.68546,0.42862,0.16360,-0.56539,1060.68
quat5,0.00000,0.73241,0.00000,-0.68086,1060.68
quat6,0.00000,0.73241,0.00000,-0.68086,1060.68
quat7,0.00000,0.73241,0.00000,-0.68086,1060.68
quat8,0.00000,0.73241,0.00000,-0.68086,1060.68
quat0,-0.64093,0.07276,0.74918,0.15048,1060.7
quat1,0.09153,0.39055,-0.63465,-0.66054,1060.7
quat2,0.03531,0.57870,-0.66073,-0.47675,1060.7
quat3,-0.62813,0.65230,0.07903,-0.41678,1060.7
quat4,-0.66420,0.42394,0.16286,-0.59380,1060.7
quat5,0.00000,0.73241,0.00000,-0.68086,1060.7
quat6,0.00000,0.73241,0.00000,-0.68086,1060.7
quat7,0.00000,0.73241,0.00000,-0.68086,1060.7
quat8,0.00000,0.73241,0.00000,-0.68086,1060.7
quat0,-0.63535,0.06225,0.75597,0.14478,1060.72
quat1,0.08484,0.39999,-0.61732,-0.67211,1060.72
quat2,0.03534,0.59703,-0.63931,-0.48332,1060.72
quat3,-0.60929,0.65973,0.08171,-0.43227,1060.72
quat4,-0.64039,0.42396,0.16297,-0.61936,1060.72
quat5,0.00000,0.73241,0.00000,-0.68086,1060.72
quat6,0.00000,0.73241,0.00000,-0.68086,1060.72
quat7,0.00000,0.73241,0.00000,-0.68086,1060.72
quat8,0.00000,0.73241,0.00000,-0.68086,1060.72
quat0,-0.63494,0.05641,0.75686,0.14436,1060.74
quat1,0.08180,0.40370,-0.59850,-0.68712,1060.74
quat2,0.03617,0.61090,-0.61875,-0.49259,1060.74
quat3,-0.58878,0.66895,0.08435,-0.44580,1060.74
quat4,-0.61533,0.42803,0.16487,-0.64108,1060.74
quat5,0.00000,0.73241,0.00000,-0.68086,1060.74
quat6,0.00000,0.73241,0.00000,-0.68086,1060.74
quat7,0.00000,0.73241,0.00000,-0.68086,1060.74
quat8,0.00000,0.73241,0.00000,-0.68086,1060.74
quat0,-0.64332,0.05937,0.74964,0.14372,1060.76
quat1,0.08402,0.40089,-0.57991,-0.70423,1060.76
quat2,0.04204,0.62195,-0.59702,-0.50495,1060.76
quat3,-0.56819,0.68134,0.08747,-0.45308,1060.76
quat4,-0.58962,0.43813,0.16753,-0.65752,1060.76
quat5,0.00000,0.73241,0.00000,-0.68086,1060.76
quat6,0.00000,0.73241,0.00000,-0.68086,1060.76
quat7,0.00000,0.73241,0.00000,-0.68086,1060.76
quat8,0.00000,0.73241,0.00000,-0.68086,1060.76
quat0,-0.64067,0.05403,0.75296,0.14026,1060.78
quat1,0.08576,0.39332,-0.56468,-0.72047,1060.78
quat2,0.05534,0.62984,-0.57639,-0.51770,1060.78
quat3,-0.54985,0.69574,0.09244,-0.45284,1060.78
quat4,-0.56452,0.45154,0.17387,-0.66873,1060.78
quat5,0.00000,0.73241,0.00000,-0.68086,1060.78
quat6,0.00000,0.73241,0.00000,-0.68086,1060.78
quat7,0.00000,0.73241,0.00000,-0.68086,1060.78
quat8,0.00000,0.73241,0.00000,-0.68086,1060.78
quat0,-0.63833,0.05571,0.75500,0.13933,1060.8
quat1,0.08840,0.38429,-0.55172,-0.73493,1060.8
quat2,0.06941,0.63092,-0.55852,-0.53402,1060.8
quat3,-0.53443,0.71043,0.09829,-0.44723,1060.8
quat4,-0.54068,0.46584,0.18483,-0.67565,1060.8
quat5,0.00000,0.73241,0.00000,-0.68086,1060.8
quat6,0.00000,0.73241,0.00000,-0.68086,1060.8
quat7,0.00000,0.73241,0.00000,-0.68086,1060.8
quat8,0.00000,0.73241,0.00000,-0.68086,1060.8
quat0,-0.64228,0.05212,0.75255,0.13575,1060.82
quat1,0.09417,0.37246,-0.54026,-0.74868,1060.82
quat2,0.08304,0.62335,-0.54443,-0.55510,1060.82
quat3,-0.52250,0.72606,0.10331,-0.43493,1060.82
quat4,-0.52056,0.48555,0.19496,-0.67472,1060.82
quat5,0.00000,0.73241,0.00000,-0.68086,1060.82
quat6,0.00000,0.73241,0.00000,-0.68086,1060.82
quat7,0.00000,0.73241,0.00000,-0.68086,1060.82
quat8,0.00000,0.73241,0.00000,-0.68086,1060.82
quat0,-0.63850,0.04948,0.75583,0.13634,1060.84
quat1,0.10002,0.35665,-0.53227,-0.76124,1060.84
quat2,0.09860,0.60897,-0.53482,-0.57740,1060.84
quat3,-0.51446,0.74235,0.10693,-0.41571,1060.84
quat4,-0.50576,0.50920,0.20492,-0.66553,1060.84
quat5,0.00000,0.73241,0.00000,-0.68086,1060.84
quat6,0.00000,0.73241,0.00000,-0.68086,1060.84
quat7,0.00000,0.73241,0.00000,-0.68086,1060.84
quat8,0.00000,0.73241,0.00000,-0.68086,1060.84
quat0,-0.63807,0.05069,0.75593,0.13737,1060.86
quat1,0.10308,0.33690,-0.52918,-0.77191,1060.86
quat2,0.11159,0.58610,-0.52996,-0.60264,1060.86
quat3,-0.51064,0.75696,0.10987,-0.39266,1060.86
quat4,-0.49865,0.53203,0.21626,-0.64925,1060.86
quat5,0.00000,0.73241,0.00000,-0.68086,1060.86
quat6,0.00000,0.73241,0.00000,-0.68086,1060.86
quat7,0.00000,0.73241,0.00000,-0.68086,1060.86
quat8,0.00000,0.73241,0.00000,-0.68086,1060.86
quat0,-0.63808,0.05246,0.75602,0.13618,1060.88
quat1,0.10392,0.31277,-0.53053,-0.78097,1060.88
quat2,0.12370,0.55881,-0.52953,-0.62612,1060.88
quat3,-0.51024,0.76903,0.11259,-0.36820,1060.88
quat4,-0.49666,0.55336,0.22838,-0.62846,1060.88
quat5,0.00000,0.73241,0.00000,-0.68086,1060.88
quat6,0.00000,0.73241,0.00000,-0.68086,1060.88
quat7,0.00000,0.73241,0.00000,-0.68086,1060.88
quat8,0.00000,0.73241,0.00000,-0.68086,1060.88
quat0,-0.63584,0.05411,0.75712,0.13986,1060.9
quat1,0.10493,0.28771,-0.53655,-0.78634,1060.9
quat2,0.13807,0.53378,-0.53264,-0.64212,1060.9
quat3,-0.51460,0.77685,0.11419,-0.34446,1060.9
quat4,-0.49996,0.57256,0.24061,-0.60359,1060.9
quat5,0.00000,0.73241,0.00000,-0.68086,1060.9
quat6,0.00000,0.73241,0.00000,-0.68086,1060.9
quat7,0.00000,0.73241,0.00000,-0.68086,1060.9
quat8,0.00000,0.73241,0.00000,-0.68086,1060.9
quat0,-0.63506,0.05462,0.75776,0.13971,1060.92
quat1,0.10840,0.26554,-0.54584,-0.78727,1060.92
quat2,0.15118,0.51143,-0.54008,-0.65107,1060.92
quat3,-0.52340,0.77960,0.11542,-0.32398,1060.92
quat4,-0.50773,0.58720,0.25324,-0.57731,1060.92
quat5,0.00000,0.73241,0.00000,-0.68086,1060.92
quat6,0.00000,0.73241,0.00000,-0.68086,1060.92
quat7,0.00000,0.73241,0.00000,-0.68086,1060.92
quat8,0.00000,0.73241,0.00000,-0.68086,1060.92
quat0,-0.63896,0.05325,0.75530,0.13571,1060.94
quat1,0.11491,0.24914,-0.55721,-0.78374,1060.94
quat2,0.16162,0.49202,-0.55197,-0.65355,1060.94
quat3,-0.53511,0.77880,0.11624,-0.30598,1060.94
quat4,-0.51957,0.59724,0.26371,-0.55119,1060.94
quat5,0.00000,0.73241,0.00000,-0.68086,1060.94
quat6,0.00000,0.73241,0.00000,-0.68086,1060.94
quat7,0.00000,0.73241,0.00000,-0.68086,1060.94
quat8,0.00000,0.73241,0.00000,-0.68086,1060.94
quat0,-0.63958,0.05522,0.75446,0.13664,1060.96
quat1,0.12618,0.24235,-0.57041,-0.77458,1060.96
quat2,0.16867,0.47510,-0.56789,-0.65064,1060.96
quat3,-0.54965,0.77479,0.11609,-0.29002,1060.96
quat4,-0.53468,0.60109,0.27324,-0.52739,1060.96
quat5,0.00000,0.73241,0.00000,-0.68086,1060.96
quat6,0.00000,0.73241,0.00000,-0.68086,1060.96
quat7,0.00000,0.73241,0.00000,-0.68086,1060.96
quat8,0.00000,0.73241,0.00000,-0.68086,1060.96
quat0,-0.63729,0.05842,0.75550,0.14025,1060.98
quat1,0.14049,0.24472,-0.58374,-0.76133,1060.98
quat2,0.17079,0.45841,-0.58738,-0.64474,1060.98
quat3,-0.56705,0.76715,0.11603,-0.27654,1060.98
quat4,-0.55164,0.59916,0.28214,-0.50705,1060.98
quat5,0.00000,0.73241,0.00000,-0.68086,1060.98
quat6,0.00000,0.73241,0.00000,-0.68086,1060.98
quat7,0.00000,0.73241,0.00000,-0.68086,1060.98
quat8,0.00000,0.73241,0.00000,-0.68086,1060.98
quat0,-0.63829,0.06052,0.75462,0.13954,1061
quat1,0.15432,0.25109,-0.59745,-0.74579,1061
quat2,0.17066,0.44418,-0.60834,-0.63522,1061
quat3,-0.58601,0.75627,0.11732,-0.26623,1061
quat4,-0.57112,0.59387,0.28778,-0.48818,1061
quat5,0.00000,0.73241,0.00000,-0.68086,1061
quat6,0.00000,0.73241,0.00000,-0.68086,1061
quat7,0.00000,0.73241,0.00000,-0.68086,1061
quat8,0.00000,0.73241,0.00000,-0.68086,1061
quat0,-0.63998,0.06253,0.75224,0.14371,1061.02
quat1,0.16549,0.25833,-0.61203,-0.72890,1061.02
quat2,0.16927,0.43342,-0.62935,-0.62243,1061.02
quat3,-0.60567,0.74264,0.11901,-0.25980,1061.02
quat4,-0.59374,0.58655,0.28801,-0.46956,1061.02
quat5,0.00000,0.73241,0.00000,-0.68086,1061.02
quat6,0.00000,0.73241,0.00000,-0.68086,1061.02
quat7,0.00000,0.73241,0.00000,-0.68086,1061.02
quat8,0.00000,0.73241,0.00000,-0.68086,1061.02
quat0,-0.64168,0.06617,0.74961,0.14815,1061.04
quat1,0.17205,0.26371,-0.62728,-0.71230,1061.04
quat2,0.16284,0.42306,-0.65113,-0.60872,1061.04
quat3,-0.62500,0.72677,0.12047,-0.25821,1061.04
quat4,-0.61748,0.57594,0.28482,-0.45376,1061.04
quat5,0.00000,0.73241,0.00000,-0.68086,1061.04
quat6,0.00000,0.73241,0.00000,-0.68086,1061.04
quat7,0.00000,0.73241,0.00000,-0.68086,1061.04
quat8,0.00000,0.73241,0.00000,-0.68086,1061.04
quat0,-0.64262,0.06966,0.74864,0.14739,1061.06
quat1,0.17304,0.26505,-0.64249,-0.69786,1061.06
quat2,0.15077,0.41349,-0.67305,-0.59439,1061.06
quat3,-0.64308,0.70957,0.12207,-0.26089,1061.06
quat4,-0.64064,0.56222,0.27947,-0.44203,1061.06
quat5,0.00000,0.73241,0.00000,-0.68086,1061.06
quat6,0.00000,0.73241,0.00000,-0.68086,1061.06
quat7,0.00000,0.73241,0.00000,-0.68086,1061.06
quat8,0.00000,0.73241,0.00000,-0.68086,1061.06
quat0,-0.64394,0.06946,0.74799,0.14505,1061.08
quat1,0.16927,0.26360,-0.65708,-0.68565,1061.08
quat2,0.13623,0.40712,-0.69318,-0.57897,1061.08
quat3,-0.65933,0.69240,0.12306,-0.26593,1061.08
quat4,-0.66304,0.54648,0.27128,-0.43376,1061.08
quat5,0.00000,0.73241,0.00000,-0.68086,1061.08
quat6,0.00000,0.73241,0.00000,-0.68086,1061.08
quat7,0.00000,0.73241,0.00000,-0.68086,1061.08
quat8,0.00000,0.73241,0.00000,-0.68086,1061.08
quat0,-0.64249,0.07294,0.74791,0.15005,1061.1
quat1,0.16260,0.26239,-0.67057,-0.67457,1061.1
quat2,0.12174,0.40577,-0.71052,-0.56187,1061.1
quat3,-0.67358,0.67623,0.12266,-0.27196,1061.1
quat4,-0.68407,0.52957,0.26011,-0.42889,1061.1
quat5,0.00000,0.73241,0.00000,-0.68086,1061.1
quat6,0.00000,0.73241,0.00000,-0.68086,1061.1
quat7,0.00000,0.73241,0.00000,-0.68086,1061.1
quat8,0.00000,0.73241,0.00000,-0.68086,1061.1
quat0,-0.64240,0.07399,0.74783,0.15032,1061.12
quat1,0.15473,0.26271,-0.68208,-0.66468,1061.12
quat2,0.10584,0.40788,-0.72527,-0.54445,1061.12
quat3,-0.68512,0.66231,0.12040,-0.27832,1061.12
quat4,-0.70299,0.51202,0.24675,-0.42750,1061.12
quat5,0.00000,0.73241,0.00000,-0.68086,1061.12
quat6,0.00000,0.73241,0.00000,-0.68086,1061.12
quat7,0.00000,0.73241,0.00000,-0.68086,1061.12
quat8,0.00000,0.73241,0.00000,-0.68086,1061.12
quat0,-0.63868,0.07235,0.75104,0.15094,1061.14
quat1,0.14570,0.26475,-0.69129,-0.65635,1061.14
quat2,0.08897,0.41389,-0.73642,-0.52769,1061.14
quat3,-0.69415,0.65086,0.11571,-0.28486,1061.14
quat4,-0.71820,0.49374,0.23356,-0.43111,1061.14
quat5,0.00000,0.73241,0.00000,-0.68086,1061.14
quat6,0.00000,0.73241,0.00000,-0.68086,1061.14
quat7,0.00000,0.73241,0.00000,-0.68086,1061.14
quat8,0.00000,0.73241,0.00000,-0.68086,1061.14
quat0,-0.63975,0.07335,0.74957,0.15327,1061.16
quat1,0.13818,0.27127,-0.69643,-0.64985,1061.16
quat2,0.07205,0.42310,-0.74326,-0.51319,1061.16
quat3,-0.70087,0.64148,0.10916,-0.29218,1061.16
quat4,-0.72898,0.47595,0.22183,-0.43915,1061.16
quat5,0.00000,0.73241,0.00000,-0.68086,1061.16
quat6,0.00000,0.73241,0.00000,-0.68086,1061.16
quat7,0.00000,0.73241,0.00000,-0.68086,1061.16
quat8,0.00000,0.73241,0.00000,-0.68086,1061.16
quat0,-0.64109,0.07310,0.74831,0.15393,1061.18
quat1,0.13304,0.28537,-0.69692,-0.64433,1061.18
quat2,0.05557,0.43628,-0.74582,-0.50032,1061.18
quat3,-0.70411,0.63513,0.10060,-0.30119,1061.18
quat4,-0.73487,0.45889,0.21212,-0.45210,1061.18
quat5,0.00000,0.73241,0.00000,-0.68086,1061.18
quat6,0.00000,0.73241,0.00000,-0.68086,1061.18
quat7,0.00000,0.73241,0.00000,-0.68086,1061.18
quat8,0.00000,0.73241,0.00000,-0.68086,1061.18
quat0,-0.63691,0.07271,0.75197,0.15363,1061.2
quat1,0.12543,0.30292,-0.69410,-0.64088,1061.2
quat2,0.04058,0.45372,-0.74373,-0.48924,1061.2
quat3,-0.70308,0.63167,0.09104,-0.31367,1061.2
quat4,-0.73686,0.44492,0.20249,-0.46700,1061.2
quat5,0.00000,0.73241,0.00000,-0.68086,1061.2
quat6,0.00000,0.73241,0.00000,-0.68086,1061.2
quat7,0.00000,0.73241,0.00000,-0.68086,1061.2
quat8,0.00000,0.73241,0.00000,-0.68086,1061.2
quat0,-0.63462,0.07384,0.75345,0.15532,1061.22
quat1,0.11658,0.32118,-0.68880,-0.63938,1061.22
quat2,0.03047,0.47597,-0.73672,-0.47935,1061.22
quat3,-0.69752,0.63055,0.08191,-0.33040,1061.22
quat4,-0.73510,0.43503,0.19065,-0.48376,1061.22
quat5,0.00000,0.73241,0.00000,-0.68086,1061.22
quat6,0.00000,0.73241,0.00000,-0.68086,1061.22
quat7,0.00000,0.73241,0.00000,-0.68086,1061.22
quat8,0.00000,0.73241,0.00000,-0.68086,1061.22
quat0,-0.63286,0.07318,0.75467,0.15686,1061.24
quat1,0.10757,0.33936,-0.68249,-0.63833,1061.24
quat2,0.02490,0.50093,-0.72563,-0.47107,1061.24
quat3,-0.68856,0.63131,0.07321,-0.34925,1061.24
quat4,-0.72945,0.42973,0.17661,-0.50204,1061.24
quat5,0.00000,0.73241,0.00000,-0.68086,1061.24
quat6,0.00000,0.73241,0.00000,-0.68086,1061.24
quat7,0.00000,0.73241,0.00000,-0.68086,1061.24
quat8,0.00000,0.73241,0.00000,-0.68086,1061.24
quat0,-0.63139,0.07085,0.75691,0.15299,1061.26
quat1,0.09736,0.35743,-0.67398,-0.63916,1061.26
quat2,0.02051,0.52680,-0.71161,-0.46440,1061.26
quat3,-0.67758,0.63158,0.06761,-0.37071,1061.26
quat4,-0.71918,0.42520,0.16573,-0.52395,1061.26
quat5,0.00000,0.73241,0.00000,-0.68086,1061.26
quat6,0.00000,0.73241,0.00000,-0.68086,1061.26
quat7,0.00000,0.73241,0.00000,-0.68086,1061.26
quat8,0.00000,0.73241,0.00000,-0.68086,1061.26
quat0,-0.62984,0.07846,0.75677,0.15631,1061.28
quat1,0.08615,0.37221,-0.66212,-0.64469,1061.28
quat2,0.01519,0.55101,-0.69588,-0.46034,1061.28
quat3,-0.66461,0.63150,0.06494,-0.39407,1061.28
quat4,-0.70403,0.41865,0.16159,-0.55042,1061.28
quat5,0.00000,0.73241,0.00000,-0.68086,1061.28
quat6,0.00000,0.73241,0.00000,-0.68086,1061.28
quat7,0.00000,0.73241,0.00000,-0.68086,1061.28
quat8,0.00000,0.73241,0.00000,-0.68086,1061.28
quat0,-0.63857,0.06625,0.75289,0.14491,1061.3
quat1,0.07584,0.38185,-0.64795,-0.65467,1061.3
quat2,0.01124,0.57528,-0.67787,-0.45762,1061.3
quat3,-0.65016,0.63347,0.06315,-0.41475,1061.3
quat4,-0.68449,0.41025,0.16300,-0.58017,1061.3
quat5,0.00000,0.73241,0.00000,-0.68086,1061.3
quat6,0.00000,0.73241,0.00000,-0.68086,1061.3
quat7,0.00000,0.73241,0.00000,-0.68086,1061.3
quat8,0.00000,0.73241,0.00000,-0.68086,1061.3
quat0,-0.63774,0.06480,0.75329,0.14713,1061.32
quat1,0.06998,0.38771,-0.63281,-0.66658,1061.32
quat2,0.01049,0.59822,-0.65944,-0.45515,1061.32
quat3,-0.63452,0.63956,0.06154,-0.42961,1061.32
quat4,-0.66162,0.40255,0.16651,-0.61032,1061.32
quat5,0.00000,0.73241,0.00000,-0.68086,1061.32
quat6,0.00000,0.73241,0.00000,-0.68086,1061.32
quat7,0.00000,0.73241,0.00000,-0.68086,1061.32
quat8,0.00000,0.73241,0.00000,-0.68086,1061.32
quat0,-0.64076,0.06535,0.75036,0.14869,1061.34
quat1,0.06820,0.39144,-0.61649,-0.67975,1061.34
quat2,0.00963,0.61748,-0.64051,-0.45648,1061.34
quat3,-0.61706,0.64997,0.06015,-0.43950,1061.34
quat4,-0.63674,0.39619,0.17091,-0.63905,1061.34
quat5,0.00000,0.73241,0.00000,-0.68086,1061.34
quat6,0.00000,0.73241,0.00000,-0.68086,1061.34
quat7,0.00000,0.73241,0.00000,-0.68086,1061.34
quat8,0.00000,0.73241,0.00000,-0.68086,1061.34
quat0,-0.64407,0.06332,0.74857,0.14425,1061.36
quat1,0.06695,0.38965,-0.60107,-0.69455,1061.36
quat2,0.01219,0.63297,-0.62011,-0.46332,1061.36
quat3,-0.59934,0.66265,0.06186,-0.44481,1061.36
quat4,-0.61153,0.39498,0.17446,-0.66301,1061.36
quat5,0.00000,0.73241,0.00000,-0.68086,1061.36
quat6,0.00000,0.73241,0.00000,-0.68086,1061.36
quat7,0.00000,0.73241,0.00000,-0.68086,1061.36
quat8,0.00000,0.73241,0.00000,-0.68086,1061.36
quat0,-0.63520,0.05631,0.75674,0.14387,1061.38
quat1,0.06646,0.38620,-0.58693,-0.70848,1061.38
quat2,0.01866,0.64213,-0.60137,-0.47506,1061.38
quat3,-0.58189,0.67525,0.06629,-0.44838,1061.38
quat4,-0.58755,0.40119,0.17838,-0.67972,1061.38
quat5,0.00000,0.73241,0.00000,-0.68086,1061.38
quat6,0.00000,0.73241,0.00000,-0.68086,1061.38
quat7,0.00000,0.73241,0.00000,-0.68086,1061.38
quat8,0.00000,0.73241,0.00000,-0.68086,1061.38
quat0,-0.63818,0.05592,0.75500,0.13991,1061.4
quat1,0.06850,0.37766,-0.57298,-0.72414,1061.4
quat2,0.02513,0.64176,-0.58474,-0.49556,1061.4
quat3,-0.56598,0.68733,0.07105,-0.44966,1061.4
quat4,-0.56649,0.41358,0.18431,-0.68853,1061.4
quat5,0.00000,0.73241,0.00000,-0.68086,1061.4
quat6,0.00000,0.73241,0.00000,-0.68086,1061.4
quat7,0.00000,0.73241,0.00000,-0.68086,1061.4
quat8,0.00000,0.73241,0.00000,-0.68086,1061.4
quat0,-0.64287,0.06185,0.75047,0.14033,1061.42
quat1,0.06967,0.36237,-0.56183,-0.74040,1061.42
quat2,0.03622,0.63351,-0.57096,-0.52092,1061.42
quat3,-0.55327,0.70045,0.07567,-0.44446,1061.42
quat4,-0.54870,0.43412,0.18982,-0.68879,1061.42
quat5,0.00000,0.73241,0.00000,-0.68086,1061.42
quat6,0.00000,0.73241,0.00000,-0.68086,1061.42
quat7,0.00000,0.73241,0.00000,-0.68086,1061.42
quat8,0.00000,0.73241,0.00000,-0.68086,1061.42
quat0,-0.63870,0.05946,0.75398,0.14159,1061.44
quat1,0.07170,0.34464,-0.55446,-0.75409,1061.44
quat2,0.05223,0.61984,-0.56063,-0.54659,1061.44
quat3,-0.54491,0.71455,0.08038,-0.43131,1061.44
quat4,-0.53480,0.45836,0.19778,-0.68175,1061.44
quat5,0.00000,0.73241,0.00000,-0.68086,1061.44
quat6,0.00000,0.73241,0.00000,-0.68086,1061.44
quat7,0.00000,0.73241,0.00000,-0.68086,1061.44
quat8,0.00000,0.73241,0.00000,-0.68086,1061.44
quat0,-0.64266,0.05752,0.75200,0.13480,1061.46
quat1,0.07554,0.32407,-0.55027,-0.76582,1061.46
quat2,0.06858,0.60066,-0.55321,-0.57312,1061.46
quat3,-0.54055,0.72835,0.08423,-0.41258,1061.46
quat4,-0.52535,0.48137,0.20990,-0.66951,1061.46
quat5,0.00000,0.73241,0.00000,-0.68086,1061.46
quat6,0.00000,0.73241,0.00000,-0.68086,1061.46
quat7,0.00000,0.73241,0.00000,-0.68086,1061.46
quat8,0.00000,0.73241,0.00000,-0.68086,1061.46
quat0,-0.64585,0.05904,0.74913,0.13489,1061.48
quat1,0.08085,0.30222,-0.54961,-0.77463,1061.48
quat2,0.08822,0.57942,-0.54942,-0.59550,1061.48
quat3,-0.53973,0.74074,0.08751,-0.39031,1061.48
quat4,-0.51953,0.50352,0.22383,-0.65304,1061.48
quat5,0.00000,0.73241,0.00000,-0.68086,1061.48
quat6,0.00000,0.73241,0.00000,-0.68086,1061.48
quat7,0.00000,0.73241,0.00000,-0.68086,1061.48
quat8,0.00000,0.73241,0.00000,-0.68086,1061.48
quat0,-0.64081,0.05629,0.75281,0.13953,1061.5
quat1,0.08905,0.28417,-0.55279,-0.77829,1061.5
quat2,0.10624,0.55456,-0.55028,-0.61512,1061.5
quat3,-0.54273,0.74973,0.09090,-0.36753,1061.5
quat4,-0.51851,0.52549,0.23771,-0.63127,1061.5
quat5,0.00000,0.73241,0.00000,-0.68086,1061.5
quat6,0.00000,0.73241,0.00000,-0.68086,1061.5
quat7,0.00000,0.73241,0.00000,-0.68086,1061.5
quat8,0.00000,0.73241,0.00000,-0.68086,1061.5
quat0,-0.64189,0.05930,0.75217,0.13673,1061.52
quat1,0.09926,0.27000,-0.55790,-0.77846,1061.52
quat2,0.11917,0.52665,-0.55556,-0.63229,1061.52
quat3,-0.54875,0.75458,0.09474,-0.34713,1061.52
quat4,-0.52252,0.54519,0.25104,-0.60558,1061.52
quat5,0.00000,0.73241,0.00000,-0.68086,1061.52
quat6,0.00000,0.73241,0.00000,-0.68086,1061.52
quat7,0.00000,0.73241,0.00000,-0.68086,1061.52
quat8,0.00000,0.73241,0.00000,-0.68086,1061.52
quat0,-0.64886,0.05897,0.74667,0.13413,1061.54
quat1,0.11064,0.25761,-0.56521,-0.77584,1061.54
quat2,0.13110,0.50099,-0.56384,-0.64335,1061.54
quat3,-0.55711,0.75651,0.09804,-0.32820,1061.54
quat4,-0.53161,0.56336,0.26073,-0.57623,1061.54
quat5,0.00000,0.73241,0.00000,-0.68086,1061.54
quat6,0.00000,0.73241,0.00000,-0.68086,1061.54
quat7,0.00000,0.73241,0.00000,-0.68086,1061.54
quat8,0.00000,0.73241,0.00000,-0.68086,1061.54
quat0,-0.64882,0.06147,0.74626,0.13546,1061.56
quat1,0.12437,0.25087,-0.57581,-0.76814,1061.56
quat2,0.14396,0.48016,-0.57436,-0.64717,1061.56
quat3,-0.56763,0.75564,0.10075,-0.31088,1061.56
quat4,-0.54417,0.57601,0.26952,-0.54723,1061.56
quat5,0.00000,0.73241,0.00000,-0.68086,1061.56
quat6,0.00000,0.73241,0.00000,-0.68086,1061.56
quat7,0.00000,0.73241,0.00000,-0.68086,1061.56
quat8,0.00000,0.73241,0.00000,-0.68086,1061.56
quat0,-0.64861,0.06127,0.74644,0.13559,1061.58
quat1,0.13857,0.24909,-0.58812,-0.75688,1061.58
quat2,0.15187,0.45967,-0.58832,-0.64770,1061.58
quat3,-0.58075,0.75102,0.10289,-0.29684,1061.58
quat4,-0.55739,0.58084,0.27992,-0.52305,1061.58
quat5,0.00000,0.73241,0.00000,-0.68086,1061.58
quat6,0.00000,0.73241,0.00000,-0.68086,1061.58
quat7,0.00000,0.73241,0.00000,-0.68086,1061.58
quat8,0.00000,0.73241,0.00000,-0.68086,1061.58
quat0,-0.65306,0.06440,0.74238,0.13502,1061.6
quat1,0.15009,0.24864,-0.60108,-0.74455,1061.6
quat2,0.15668,0.44130,-0.60476,-0.64418,1061.6
quat3,-0.59599,0.74327,0.10483,-0.28523,1061.6
quat4,-0.57224,0.58042,0.28803,-0.50268,1061.6
quat5,0.00000,0.73241,0.00000,-0.68086,1061.6
quat6,0.00000,0.73241,0.00000,-0.68086,1061.6
quat7,0.00000,0.73241,0.00000,-0.68086,1061.6
quat8,0.00000,0.73241,0.00000,-0.68086,1061.6
quat0,-0.65248,0.06644,0.74176,0.14017,1061.62
quat1,0.15824,0.24894,-0.61518,-0.73113,1061.62
quat2,0.15824,0.42559,-0.62237,-0.63756,1061.62
quat3,-0.61210,0.73323,0.10695,-0.27618,1061.62
quat4,-0.59011,0.57776,0.29080,-0.48312,1061.62
quat5,0.00000,0.73241,0.00000,-0.68086,1061.62
quat6,0.00000,0.73241,0.00000,-0.68086,1061.62
quat7,0.00000,0.73241,0.00000,-0.68086,1061.62
quat8,0.00000,0.73241,0.00000,-0.68086,1061.62
quat0,-0.65284,0.06820,0.74096,0.14186,1061.64
quat1,0.16389,0.24852,-0.62998,-0.71729,1061.64
quat2,0.15528,0.41193,-0.64144,-0.62830,1061.64
quat3,-0.62847,0.72054,0.10938,-0.27182,1061.64
quat4,-0.60926,0.57187,0.29031,-0.46634,1061.64
quat5,0.00000,0.73241,0.00000,-0.68086,1061.64
quat6,0.00000,0.73241,0.00000,-0.68086,1061.64
quat7,0.00000,0.73241,0.00000,-0.68086,1061.64
quat8,0.00000,0.73241,0.00000,-0.68086,1061.64
quat0,-0.65395,0.07156,0.73916,0.14443,1061.66
quat1,0.16684,0.24735,-0.64484,-0.70368,1061.66
quat2,0.15005,0.40267,-0.65999,-0.61624,1061.66
quat3,-0.64411,0.70631,0.11078,-0.27197,1061.66
quat4,-0.62871,0.56314,0.28651,-0.45333,1061.66
quat5,0.00000,0.73241,0.00000,-0.68086,1061.66
quat6,0.00000,0.73241,0.00000,-0.68086,1061.66
quat7,0.00000,0.73241,0.00000,-0.68086,1061.66
quat8,0.00000,0.73241,0.00000,-0.68086,1061.66
quat0,-0.65571,0.07446,0.73745,0.14380,1061.68
quat1,0.16670,0.24863,-0.65916,-0.68986,1061.68
quat2,0.14317,0.39841,-0.67758,-0.60138,1061.68
quat3,-0.65859,0.69208,0.11001,-0.27419,1061.68
quat4,-0.64844,0.55241,0.27854,-0.44361,1061.68
quat5,0.00000,0.73241,0.00000,-0.68086,1061.68
quat6,0.00000,0.73241,0.00000,-0.68086,1061.68
quat7,0.00000,0.73241,0.00000,-0.68086,1061.68
quat8,0.00000,0.73241,0.00000,-0.68086,1061.68
quat0,-0.65366,0.07867,0.73866,0.14465,1061.7
quat1,0.16412,0.25248,-0.67209,-0.67647,1061.7
quat2,0.13416,0.39902,-0.69380,-0.58431,1061.7
quat3,-0.67122,0.67910,0.10662,-0.27734,1061.7
quat4,-0.66713,0.53967,0.26815,-0.43795,1061.7
quat5,0.00000,0.73241,0.00000,-0.68086,1061.7
quat6,0.00000,0.73241,0.00000,-0.68086,1061.7
quat7,0.00000,0.73241,0.00000,-0.68086,1061.7
quat8,0.00000,0.73241,0.00000,-0.68086,1061.7
quat0,-0.65566,0.08076,0.73656,0.14515,1061.72
quat1,0.16002,0.25729,-0.68266,-0.66496,1061.72
quat2,0.12333,0.40348,-0.70796,-0.56639,1061.72
quat3,-0.68208,0.66738,0.10146,-0.28119,1061.72
quat4,-0.68435,0.52581,0.25522,-0.43595,1061.72
quat5,0.00000,0.73241,0.00000,-0.68086,1061.72
quat6,0.00000,0.73241,0.00000,-0.68086,1061.72
quat7,0.00000,0.73241,0.00000,-0.68086,1061.72
quat8,0.00000,0.73241,0.00000,-0.68086,1061.72
quat0,-0.65568,0.08151,0.73615,0.14671,1061.74
quat1,0.15490,0.26396,-0.69059,-0.65530,1061.74
quat2,0.11244,0.41252,-0.71931,-0.54752,1061.74
quat3,-0.68996,0.65793,0.09458,-0.28659,1061.74
quat4,-0.69980,0.51165,0.23937,-0.43727,1061.74
quat5,0.00000,0.73241,0.00000,-0.68086,1061.74
quat6,0.00000,0.73241,0.00000,-0.68086,1061.74
quat7,0.00000,0.73241,0.00000,-0.68086,1061.74
quat8,0.00000,0.73241,0.00000,-0.68086,1061.74
quat0,-0.65303,0.08146,0.73758,0.15130,1061.76
quat1,0.14842,0.27351,-0.69577,-0.64735,1061.76
quat2,0.10063,0.42441,-0.72784,-0.52914,1061.76
quat3,-0.69435,0.65102,0.08634,-0.29427,1061.76
quat4,-0.71271,0.49826,0.22160,-0.44121,1061.76
quat5,0.00000,0.73241,0.00000,-0.68086,1061.76
quat6,0.00000,0.73241,0.00000,-0.68086,1061.76
quat7,0.00000,0.73241,0.00000,-0.68086,1061.76
quat8,0.00000,0.73241,0.00000,-0.68086,1061.76
quat0,-0.65403,0.07981,0.73684,0.15144,1061.78
quat1,0.14125,0.28464,-0.69849,-0.64120,1061.78
quat2,0.08796,0.43924,-0.73277,-0.51223,1061.78
quat3,-0.69577,0.64552,0.07817,-0.30511,1061.78
quat4,-0.72107,0.48538,0.20477,-0.45005,1061.78
quat5,0.00000,0.73241,0.00000,-0.68086,1061.78
quat6,0.00000,0.73241,0.00000,-0.68086,1061.78
quat7,0.00000,0.73241,0.00000,-0.68086,1061.78
quat8,0.00000,0.73241,0.00000,-0.68086,1061.78
quat0,-0.65203,0.07980,0.73910,0.14907,1061.8
quat1,0.13388,0.29806,-0.69882,-0.63630,1061.8
quat2,0.07532,0.45568,-0.73357,-0.49856,1061.8
quat3,-0.69437,0.64125,0.06878,-0.31927,1061.8
quat4,-0.72507,0.47312,0.18975,-0.46305,1061.8
quat5,0.00000,0.73241,0.00000,-0.68086,1061.8
quat6,0.00000,0.73241,0.00000,-0.68086,1061.8
quat7,0.00000,0.73241,0.00000,-0.68086,1061.8
quat8,0.00000,0.73241,0.00000,-0.68086,1061.8
quat0,-0.64940,0.08198,0.74003,0.15464,1061.82
quat1,0.12591,0.31567,-0.69703,-0.63138,1061.82
quat2,0.06280,0.47430,-0.73066,-0.48706,1061.82
quat3,-0.68991,0.63853,0.06012,-0.33569,1061.82
quat4,-0.72475,0.46239,0.17586,-0.47959,1061.82
quat5,0.00000,0.73241,0.00000,-0.68086,1061.82
quat6,0.00000,0.73241,0.00000,-0.68086,1061.82
quat7,0.00000,0.73241,0.00000,-0.68086,1061.82
quat8,0.00000,0.73241,0.00000,-0.68086,1061.82
quat0,-0.64640,0.08400,0.74174,0.15791,1061.84
quat1,0.11495,0.33181,-0.69331,-0.62929,1061.84
quat2,0.05228,0.49491,-0.72368,-0.47815,1061.84
quat3,-0.68301,0.63664,0.05246,-0.35416,1061.84
quat4,-0.72059,0.45382,0.16241,-0.49842,1061.84
quat5,0.00000,0.73241,0.00000,-0.68086,1061.84
quat6,0.00000,0.73241,0.00000,-0.68086,1061.84
quat7,0.00000,0.73241,0.00000,-0.68086,1061.84
quat8,0.00000,0.73241,0.00000,-0.68086,1061.84
quat0,-0.64453,0.08231,0.74414,0.15510,1061.86
quat1,0.10355,0.34611,-0.68669,-0.63082,1061.86
quat2,0.04748,0.51883,-0.71286,-0.46946,1061.86
quat3,-0.67339,0.63570,0.04689,-0.37449,1061.86
quat4,-0.71242,0.44540,0.15120,-0.52078,1061.86
quat5,0.00000,0.73241,0.00000,-0.68086,1061.86
quat6,0.00000,0.73241,0.00000,-0.68086,1061.86
quat7,0.00000,0.73241,0.00000,-0.68086,1061.86
quat8,0.00000,0.73241,0.00000,-0.68086,1061.86
quat0,-0.64445,0.08237,0.74473,0.15256,1061.88
quat1,0.09390,0.36190,-0.67680,-0.63416,1061.88
quat2,0.04412,0.54291,-0.69960,-0.46245,1061.88
quat3,-0.66125,0.63569,0.04416,-0.39585,1061.88
quat4,-0.70061,0.43680,0.14313,-0.54578,1061.88
quat5,0.00000,0.73241,0.00000,-0.68086,1061.88
quat6,0.00000,0.73241,0.00000,-0.68086,1061.88
quat7,0.00000,0.73241,0.00000,-0.68086,1061.88
quat8,0.00000,0.73241,0.00000,-0.68086,1061.88
quat0,-0.64431,0.08272,0.74496,0.15188,1061.9
quat1,0.08539,0.37572,-0.66460,-0.64020,1061.9
quat2,0.03972,0.56559,-0.68421,-0.45869,1061.9
quat3,-0.64697,0.63764,0.04299,-0.41593,1061.9
quat4,-0.68538,0.42831,0.13785,-0.57254,1061.9
quat5,0.00000,0.73241,0.00000,-0.68086,1061.9
quat6,0.00000,0.73241,0.00000,-0.68086,1061.9
quat7,0.00000,0.73241,0.00000,-0.68086,1061.9
quat8,0.00000,0.73241,0.00000,-0.68086,1061.9
quat0,-0.64288,0.07740,0.74772,0.14707,1061.92
quat1,0.07835,0.38756,-0.65094,-0.64802,1061.92
quat2,0.03754,0.58613,-0.66650,-0.45916,1061.92
quat3,-0.63108,0.64206,0.04269,-0.43322,1061.92
quat4,-0.66721,0.42149,0.13356,-0.59944,1061.92
quat5,0.00000,0.73241,0.00000,-0.68086,1061.92
quat6,0.00000,0.73241,0.00000,-0.68086,1061.92
quat7,0.00000,0.73241,0.00000,-0.68086,1061.92
quat8,0.00000,0.73241,0.00000,-0.68086,1061.92
quat0,-0.64798,0.07026,0.74468,0.14369,1061.94
quat1,0.07263,0.39993,-0.63451,-0.65740,1061.94
quat2,0.03588,0.60269,-0.64746,-0.46505,1061.94
quat3,-0.61369,0.64874,0.04333,-0.44794,1061.94
quat4,-0.64656,0.41673,0.13123,-0.62537,1061.94
quat5,0.00000,0.73241,0.00000,-0.68086,1061.94
quat6,0.00000,0.73241,0.00000,-0.68086,1061.94
quat7,0.00000,0.73241,0.00000,-0.68086,1061.94
quat8,0.00000,0.73241,0.00000,-0.68086,1061.94
quat0,-0.64878,0.07357,0.74321,0.14601,1061.96
quat1,0.06707,0.40525,-0.61645,-0.67176,1061.96
quat2,0.03240,0.61522,-0.62705,-0.47673,1061.96
quat3,-0.59468,0.65693,0.04600,-0.46118,1061.96
quat4,-0.62504,0.41462,0.13069,-0.64833,1061.96
quat5,0.00000,0.73241,0.00000,-0.68086,1061.96
quat6,0.00000,0.73241,0.00000,-0.68086,1061.96
quat7,0.00000,0.73241,0.00000,-0.68086,1061.96
quat8,0.00000,0.73241,0.00000,-0.68086,1061.96
quat0,-0.64939,0.07070,0.74296,0.14596,1061.98
quat1,0.06367,0.40171,-0.59945,-0.68937,1061.98
quat2,0.03377,0.62578,-0.60587,-0.49008,1061.98
quat3,-0.57511,0.66668,0.05068,-0.47140,1061.98
quat4,-0.60178,0.41789,0.13106,-0.66787,1061.98
quat5,0.00000,0.73241,0.00000,-0.68086,1061.98
quat6,0.00000,0.73241,0.00000,-0.68086,1061.98
quat7,0.00000,0.73241,0.00000,-0.68086,1061.98
quat8,0.00000,0.73241,0.00000,-0.68086,1061.98
quat0,-0.64537,0.06557,0.74748,0.14307,1062
quat1,0.06513,0.39555,-0.58310,-0.70660,1062
quat2,0.04284,0.63585,-0.58497,-0.50166,1062
quat3,-0.55603,0.67873,0.05544,-0.47653,1062
quat4,-0.57580,0.42562,0.13536,-0.68482,1062
quat5,0.00000,0.73241,0.00000,-0.68086,1062
quat6,0.00000,0.73241,0.00000,-0.68086,1062
quat7,0.00000,0.73241,0.00000,-0.68086,1062
quat8,0.00000,0.73241,0.00000,-0.68086,1062
quat0,-0.64764,0.06507,0.74554,0.14319,1062.02
quat1,0.07041,0.38776,-0.56741,-0.72301,1062.02
quat2,0.05424,0.64041,-0.56563,-0.51671,1062.02
quat3,-0.53765,0.69259,0.06126,-0.47697,1062.02
quat4,-0.55109,0.43642,0.14353,-0.69660,1062.02
quat5,0.00000,0.73241,0.00000,-0.68086,1062.02
quat6,0.00000,0.73241,0.00000,-0.68086,1062.02
quat7,0.00000,0.73241,0.00000,-0.68086,1062.02
quat8,0.00000,0.73241,0.00000,-0.68086,1062.02
quat0,-0.65266,0.06576,0.74193,0.13876,1062.04
quat1,0.07655,0.37927,-0.55369,-0.73737,1062.04
quat2,0.06813,0.63863,-0.54875,-0.53515,1062.04
quat3,-0.52180,0.70835,0.06922,-0.47029,1062.04
quat4,-0.52766,0.45164,0.15257,-0.70308,1062.04
quat5,0.00000,0.73241,0.00000,-0.68086,1062.04
quat6,0.00000,0.73241,0.00000,-0.68086,1062.04
quat7,0.00000,0.73241,0.00000,-0.68086,1062.04
quat8,0.00000,0.73241,0.00000,-0.68086,1062.04
quat0,-0.64805,0.06452,0.74623,0.13784,1062.06
quat1,0.08273,0.36934,-0.54349,-0.74924,1062.06
quat2,0.08255,0.62978,-0.53623,-0.55589,1062.06
quat3,-0.51052,0.72420,0.07630,-0.45726,1062.06
quat4,-0.50657,0.46944,0.16510,-0.70410,1062.06
quat5,0.00000,0.73241,0.00000,-0.68086,1062.06
quat6,0.00000,0.73241,0.00000,-0.68086,1062.06
quat7,0.00000,0.73241,0.00000,-0.68086,1062.06
quat8,0.00000,0.73241,0.00000,-0.68086,1062.06
quat0,-0.65003,0.06869,0.74333,0.14213,1062.08
quat1,0.08949,0.35412,-0.53672,-0.76061,1062.08
quat2,0.09740,0.61605,-0.52740,-0.57693,1062.08
quat3,-0.50262,0.73736,0.08327,-0.44356,1062.08
quat4,-0.48980,0.48659,0.18205,-0.70014,1062.08
quat5,0.00000,0.73241,0.00000,-0.68086,1062.08
quat6,0.00000,0.73241,0.00000,-0.68086,1062.08
quat7,0.00000,0.73241,0.00000,-0.68086,1062.08
quat8,0.00000,0.73241,0.00000,-0.68086,1062.08
quat0,-0.65255,0.05776,0.74344,0.13469,1062.1
quat1,0.09525,0.33425,-0.53417,-0.77063,1062.1
quat2,0.11409,0.59956,-0.52266,-0.59526,1062.1
quat3,-0.49818,0.74872,0.09058,-0.42782,1062.1
quat4,-0.47965,0.50803,0.19677,-0.68784,1062.1
quat5,0.00000,0.73241,0.00000,-0.68086,1062.1
quat6,0.00000,0.73241,0.00000,-0.68086,1062.1
quat7,0.00000,0.73241,0.00000,-0.68086,1062.1
quat8,0.00000,0.73241,0.00000,-0.68086,1062.1
quat0,-0.64866,0.06150,0.74586,0.13842,1062.12
quat1,0.10021,0.31301,-0.53608,-0.77756,1062.12
quat2,0.12935,0.57990,-0.52281,-0.61127,1062.12
quat3,-0.49809,0.75866,0.09693,-0.40860,1062.12
quat4,-0.47658,0.52974,0.21085,-0.66917,1062.12
quat5,0.00000,0.73241,0.00000,-0.68086,1062.12
quat6,0.00000,0.73241,0.00000,-0.68086,1062.12
quat7,0.00000,0.73241,0.00000,-0.68086,1062.12
quat8,0.00000,0.73241,0.00000,-0.68086,1062.12
quat0,-0.65049,0.06754,0.74359,0.13922,1062.14
quat1,0.10600,0.29265,-0.54112,-0.78122,1062.14
quat2,0.14032,0.55699,-0.52864,-0.62499,1062.14
quat3,-0.50256,0.76598,0.10250,-0.38757,1062.14
quat4,-0.48002,0.54820,0.22503,-0.64686,1062.14
quat5,0.00000,0.73241,0.00000,-0.68086,1062.14
quat6,0.00000,0.73241,0.00000,-0.68086,1062.14
quat7,0.00000,0.73241,0.00000,-0.68086,1062.14
quat8,0.00000,0.73241,0.00000,-0.68086,1062.14
quat0,-0.65382,0.06245,0.74212,0.13369,1062.16
quat1,0.11480,0.27624,-0.54993,-0.77980,1062.16
quat2,0.15199,0.53695,-0.53818,-0.63162,1062.16
quat3,-0.51121,0.76959,0.10801,-0.36705,1062.16
quat4,-0.48771,0.56234,0.23929,-0.62342,1062.16
quat5,0.00000,0.73241,0.00000,-0.68086,1062.16
quat6,0.00000,0.73241,0.00000,-0.68086,1062.16
quat7,0.00000,0.73241,0.00000,-0.68086,1062.16
quat8,0.00000,0.73241,0.00000,-0.68086,1062.16
quat0,-0.65056,0.06507,0.74426,0.13639,1062.18
quat1,0.12618,0.26717,-0.56105,-0.77325,1062.18
quat2,0.16221,0.51981,-0.55088,-0.63247,1062.18
quat3,-0.52408,0.76842,0.11318,-0.34938,1062.18
quat4,-0.49859,0.57048,0.25406,-0.60117,1062.18
quat5,0.00000,0.73241,0.00000,-0.68086,1062.18
quat6,0.00000,0.73241,0.00000,-0.68086,1062.18
quat7,0.00000,0.73241,0.00000,-0.68086,1062.18
quat8,0.00000,0.73241,0.00000,-0.68086,1062.18
quat0,-0.65336,0.06813,0.74153,0.13640,1062.2
quat1,0.13771,0.26385,-0.57335,-0.76334,1062.2
quat2,0.16782,0.50280,-0.56721,-0.63032,1062.2
quat3,-0.53903,0.76386,0.11764,-0.33485,1062.2
quat4,-0.51281,0.57398,0.26728,-0.57978,1062.2
quat5,0.00000,0.73241,0.00000,-0.68086,1062.2
quat6,0.00000,0.73241,0.00000,-0.68086,1062.2
quat7,0.00000,0.73241,0.00000,-0.68086,1062.2
quat8,0.00000,0.73241,0.00000,-0.68086,1062.2
quat0,-0.65411,0.06631,0.74156,0.13354,1062.22
quat1,0.14809,0.26372,-0.58675,-0.75117,1062.22
quat2,0.16995,0.48616,-0.58594,-0.62565,1062.22
quat3,-0.55592,0.75714,0.12036,-0.32124,1062.22
quat4,-0.53088,0.57570,0.27616,-0.55720,1062.22
quat5,0.00000,0.73241,0.00000,-0.68086,1062.22
quat6,0.00000,0.73241,0.00000,-0.68086,1062.22
quat7,0.00000,0.73241,0.00000,-0.68086,1062.22
quat8,0.00000,0.73241,0.00000,-0.68086,1062.22
quat0,-0.65209,0.07084,0.74215,0.13773,1062.24
quat1,0.15665,0.26481,-0.60142,-0.73731,1062.24
quat2,0.16991,0.47108,-0.60602,-0.61802,1062.24
quat3,-0.57438,0.74830,0.12126,-0.30892,1062.24
quat4,-0.55197,0.57449,0.28213,-0.53451,1062.24
quat5,0.00000,0.73241,0.00000,-0.68086,1062.24
quat6,0.00000,0.73241,0.00000,-0.68086,1062.24
quat7,0.00000,0.73241,0.00000,-0.68086,1062.24
quat8,0.00000,0.73241,0.00000,-0.68086,1062.24
quat0,-0.65300,0.07200,0.74120,0.13797,1062.26
quat1,0.16211,0.26528,-0.61666,-0.72324,1062.26
quat2,0.16832,0.45874,-0.62610,-0.60764,1062.26
quat3,-0.59389,0.73704,0.12075,-0.29914,1062.26
quat4,-0.57464,0.57082,0.28473,-0.51271,1062.26
quat5,0.00000,0.73241,0.00000,-0.68086,1062.26
quat6,0.00000,0.73241,0.00000,-0.68086,1062.26
quat7,0.00000,0.73241,0.00000,-0.68086,1062.26
quat8,0.00000,0.73241,0.00000,-0.68086,1062.26
quat0,-0.65507,0.07249,0.73921,0.13857,1062.28
quat1,0.16434,0.26493,-0.63224,-0.70928,1062.28
quat2,0.16494,0.44863,-0.64572,-0.59547,1062.28
quat3,-0.61364,0.72433,0.11809,-0.29128,1062.28
quat4,-0.59890,0.56564,0.28222,-0.49165,1062.28
quat5,0.00000,0.73241,0.00000,-0.68086,1062.28
quat6,0.00000,0.73241,0.00000,-0.68086,1062.28
quat7,0.00000,0.73241,0.00000,-0.68086,1062.28
quat8,0.00000,0.73241,0.00000,-0.68086,1062.28
quat0,-0.65164,0.07601,0.74109,0.14275,1062.3
quat1,0.16408,0.26465,-0.64789,-0.69518,1062.3
quat2,0.15773,0.44007,-0.66531,-0.58208,1062.3
quat3,-0.63273,0.71066,0.11360,-0.28585,1062.3
quat4,-0.62355,0.55844,0.27562,-0.47262,1062.3
quat5,0.00000,0.73241,0.00000,-0.68086,1062.3
quat6,0.00000,0.73241,0.00000,-0.68086,1062.3
quat7,0.00000,0.73241,0.00000,-0.68086,1062.3
quat8,0.00000,0.73241,0.00000,-0.68086,1062.3
quat0,-0.64983,0.07660,0.74260,0.14284,1062.32
quat1,0.16109,0.26602,-0.66206,-0.68188,1062.32
quat2,0.14594,0.43289,-0.68440,-0.56825,1062.32
quat3,-0.65073,0.69617,0.10759,-0.28340,1062.32
quat4,-0.64671,0.54908,0.26678,-0.45729,1062.32
quat5,0.00000,0.73241,0.00000,-0.68086,1062.32
quat6,0.00000,0.73241,0.00000,-0.68086,1062.32
quat7,0.00000,0.73241,0.00000,-0.68086,1062.32
quat8,0.00000,0.73241,0.00000,-0.68086,1062.32
quat0,-0.64901,0.07904,0.74347,0.14068,1062.34
quat1,0.15666,0.26893,-0.67452,-0.66944,1062.34
quat2,0.13205,0.42926,-0.70152,-0.55333,1062.34
quat3,-0.66673,0.68159,0.10035,-0.28432,1062.34
quat4,-0.66768,0.53734,0.25648,-0.44686,1062.34
quat5,0.00000,0.73241,0.00000,-0.68086,1062.34
quat6,0.00000,0.73241,0.00000,-0.68086,1062.34
quat7,0.00000,0.73241,0.00000,-0.68086,1062.34
quat8,0.00000,0.73241,0.00000,-0.68086,1062.34
quat0,-0.64718,0.08157,0.74394,0.14511,1062.36
quat1,0.15106,0.27319,-0.68554,-0.65771,1062.36
quat2,0.11672,0.42887,-0.71620,-0.53805,1062.36
quat3,-0.68043,0.66758,0.09236,-0.28777,1062.36
quat4,-0.68606,0.52418,0.24497,-0.44108,1062.36
quat5,0.00000,0.73241,0.00000,-0.68086,1062.36
quat6,0.00000,0.73241,0.00000,-0.68086,1062.36
quat7,0.00000,0.73241,0.00000,-0.68086,1062.36
quat8,0.00000,0.73241,0.00000,-0.68086,1062.36
quat0,-0.63975,0.08131,0.74977,0.14815,1062.38
quat1,0.14375,0.27936,-0.69450,-0.64727,1062.38
quat2,0.10063,0.43261,-0.72785,-0.52245,1062.38
quat3,-0.69130,0.65513,0.08372,-0.29309,1062.38
quat4,-0.70099,0.50945,0.23356,-0.44104,1062.38
quat5,0.00000,0.73241,0.00000,-0.68086,1062.38
quat6,0.00000,0.73241,0.00000,-0.68086,1062.38
quat7,0.00000,0.73241,0.00000,-0.68086,1062.38
quat8,0.00000,0.73241,0.00000,-0.68086,1062.38
quat0,-0.63819,0.08131,0.75034,0.15195,1062.4
quat1,0.13440,0.28639,-0.70095,-0.63920,1062.4
quat2,0.08379,0.43951,-0.73647,-0.50737,1062.4
quat3,-0.69869,0.64482,0.07367,-0.30102,1062.4
quat4,-0.71239,0.49476,0.22126,-0.44583,1062.4
quat5,0.00000,0.73241,0.00000,-0.68086,1062.4
quat6,0.00000,0.73241,0.00000,-0.68086,1062.4
quat7,0.00000,0.73241,0.00000,-0.68086,1062.4
quat8,0.00000,0.73241,0.00000,-0.68086,1062.4
quat0,-0.63910,0.08277,0.74853,0.15623,1062.42
quat1,0.12504,0.29519,-0.70410,-0.63362,1062.42
quat2,0.06760,0.45011,-0.74105,-0.49363,1062.42
quat3,-0.70222,0.63732,0.06242,-0.31114,1062.42
quat4,-0.72123,0.48050,0.20596,-0.45445,1062.42
quat5,0.00000,0.73241,0.00000,-0.68086,1062.42
quat6,0.00000,0.73241,0.00000,-0.68086,1062.42
quat7,0.00000,0.73241,0.00000,-0.68086,1062.42
quat8,0.00000,0.73241,0.00000,-0.68086,1062.42
quat0,-0.63733,0.08296,0.74946,0.15884,1062.44
quat1,0.11584,0.30804,-0.70492,-0.62832,1062.44
quat2,0.05277,0.46396,-0.74060,-0.48319,1062.44
quat3,-0.70061,0.63332,0.05102,-0.32474,1062.44
quat4,-0.72708,0.46813,0.18789,-0.46573,1062.44
quat5,0.00000,0.73241,0.00000,-0.68086,1062.44
quat6,0.00000,0.73241,0.00000,-0.68086,1062.44
quat7,0.00000,0.73241,0.00000,-0.68086,1062.44
quat8,0.00000,0.73241,0.00000,-0.68086,1062.44
quat0,-0.63731,0.08549,0.74932,0.15825,1062.46
quat1,0.10512,0.32521,-0.70266,-0.62407,1062.46
quat2,0.04023,0.48173,-0.73584,-0.47420,1062.46
quat3,-0.69496,0.63106,0.04135,-0.34216,1062.46
quat4,-0.72902,0.45706,0.16863,-0.48083,1062.46
quat5,0.00000,0.73241,0.00000,-0.68086,1062.46
quat6,0.00000,0.73241,0.00000,-0.68086,1062.46
quat7,0.00000,0.73241,0.00000,-0.68086,1062.46
quat8,0.00000,0.73241,0.00000,-0.68086,1062.46
quat0,-0.63679,0.08536,0.74963,0.15896,1062.48
quat1,0.09147,0.34411,-0.69690,-0.62254,1062.48
quat2,0.02660,0.49876,-0.72860,-0.46870,1062.48
quat3,-0.68614,0.63017,0.03330,-0.36194,1062.48
quat4,-0.72679,0.44791,0.14769,-0.49934,1062.48
quat5,0.00000,0.73241,0.00000,-0.68086,1062.48
quat6,0.00000,0.73241,0.00000,-0.68086,1062.48
quat7,0.00000,0.73241,0.00000,-0.68086,1062.48
quat8,0.00000,0.73241,0.00000,-0.68086,1062.48
quat0,-0.63488,0.08752,0.75022,0.16261,1062.5
quat1,0.07479,0.35954,-0.68812,-0.62580,1062.5
quat2,0.01280,0.51850,-0.71695,-0.46580,1062.5
quat3,-0.67581,0.62944,0.02906,-0.38242,1062.5
quat4,-0.71991,0.43913,0.12850,-0.52190,1062.5
quat5,0.00000,0.73241,0.00000,-0.68086,1062.5
quat6,0.00000,0.73241,0.00000,-0.68086,1062.5
quat7,0.00000,0.73241,0.00000,-0.68086,1062.5
quat8,0.00000,0.73241,0.00000,-0.68086,1062.5
quat0,-0.63392,0.08411,0.75254,0.15737,1062.52
quat1,0.05886,0.37160,-0.67690,-0.63265,1062.52
quat2,0.00941,0.54456,-0.70146,-0.45969,1062.52
quat3,-0.66360,0.62884,0.02726,-0.40430,1062.52
quat4,-0.70822,0.42982,0.11537,-0.54805,1062.52
quat5,0.00000,0.73241,0.00000,-0.68086,1062.52
quat6,0.00000,0.73241,0.00000,-0.68086,1062.52
quat7,0.00000,0.73241,0.00000,-0.68086,1062.52
quat8,0.00000,0.73241,0.00000,-0.68086,1062.52
quat0,-0.63249,0.07383,0.75500,0.15643,1062.54
quat1,0.04991,0.38329,-0.66450,-0.63956,1062.54
quat2,0.01326,0.57412,-0.68458,-0.44897,1062.54
quat3,-0.64847,0.63119,0.02522,-0.42479,1062.54
quat4,-0.69078,0.41817,0.11132,-0.57928,1062.54
quat5,0.00000,0.73241,0.00000,-0.68086,1062.54
quat6,0.00000,0.73241,0.00000,-0.68086,1062.54
quat7,0.00000,0.73241,0.00000,-0.68086,1062.54
quat8,0.00000,0.73241,0.00000,-0.68086,1062.54
quat0,-0.63221,0.07400,0.75460,0.15941,1062.56
quat1,0.04659,0.39439,-0.65050,-0.64740,1062.56
quat2,0.01544,0.60202,-0.66640,-0.43961,1062.56
quat3,-0.63121,0.63603,0.02325,-0.44329,1062.56
quat4,-0.66900,0.40570,0.11367,-0.61231,1062.56
quat5,0.00000,0.73241,0.00000,-0.68086,1062.56
quat6,0.00000,0.73241,0.00000,-0.68086,1062.56
quat7,0.00000,0.73241,0.00000,-0.68086,1062.56
quat8,0.00000,0.73241,0.00000,-0.68086,1062.56
quat0,-0.63575,0.07052,0.75389,0.14998,1062.58
quat1,0.04589,0.40583,-0.63494,-0.65578,1062.58
quat2,0.01625,0.62530,-0.64715,-0.43581,1062.58
quat3,-0.61308,0.64288,0.02403,-0.45854,1062.58
quat4,-0.64497,0.39648,0.11815,-0.64254,1062.58
quat5,0.00000,0.73241,0.00000,-0.68086,1062.58
quat6,0.00000,0.73241,0.00000,-0.68086,1062.58
quat7,0.00000,0.73241,0.00000,-0.68086,1062.58
quat8,0.00000,0.73241,0.00000,-0.68086,1062.58
quat0,-0.63621,0.07391,0.75298,0.15099,1062.6
quat1,0.04659,0.41888,-0.61707,-0.66452,1062.6
quat2,0.01493,0.64213,-0.62780,-0.43966,1062.6
quat3,-0.59294,0.65239,0.02732,-0.47124,1062.6
quat4,-0.61930,0.39424,0.12185,-0.66798,1062.6
quat5,0.00000,0.73241,0.00000,-0.68086,1062.6
quat6,0.00000,0.73241,0.00000,-0.68086,1062.6
quat7,0.00000,0.73241,0.00000,-0.68086,1062.6
quat8,0.00000,0.73241,0.00000,-0.68086,1062.6
quat0,-0.63413,0.07206,0.75419,0.15452,1062.62
quat1,0.04980,0.42769,-0.59800,-0.67602,1062.62
quat2,0.01391,0.65300,-0.60885,-0.45022,1062.62
quat3,-0.57224,0.66309,0.03237,-0.48146,1062.62
quat4,-0.59522,0.40020,0.12432,-0.68564,1062.62
quat5,0.00000,0.73241,0.00000,-0.68086,1062.62
quat6,0.00000,0.73241,0.00000,-0.68086,1062.62
quat7,0.00000,0.73241,0.00000,-0.68086,1062.62
quat8,0.00000,0.73241,0.00000,-0.68086,1062.62
quat0,-0.64296,0.06381,0.74975,0.14286,1062.64
quat1,0.05063,0.42567,-0.58060,-0.69220,1062.64
quat2,0.01809,0.65972,-0.58993,-0.46521,1062.64
quat3,-0.55304,0.67642,0.03792,-0.48494,1062.64
quat4,-0.57184,0.41247,0.12740,-0.69760,1062.64
quat5,0.00000,0.73241,0.00000,-0.68086,1062.64
quat6,0.00000,0.73241,0.00000,-0.68086,1062.64
quat7,0.00000,0.73241,0.00000,-0.68086,1062.64
quat8,0.00000,0.73241,0.00000,-0.68086,1062.64
quat0,-0.63616,0.06787,0.75409,0.14846,1062.66
quat1,0.05028,0.41281,-0.56698,-0.71105,1062.66
quat2,0.02842,0.66330,-0.57207,-0.48163,1062.66
quat3,-0.53698,0.69271,0.04317,-0.47952,1062.66
quat4,-0.54936,0.42863,0.13373,-0.70469,1062.66
quat5,0.00000,0.73241,0.00000,-0.68086,1062.66
quat6,0.00000,0.73241,0.00000,-0.68086,1062.66
quat7,0.00000,0.73241,0.00000,-0.68086,1062.66
quat8,0.00000,0.73241,0.00000,-0.68086,1062.66
quat0,-0.63586,0.06570,0.75460,0.14815,1062.68
quat1,0.05125,0.39240,-0.55690,-0.73024,1062.68
quat2,0.03984,0.66042,-0.55685,-0.50217,1062.68
quat3,-0.52490,0.70925,0.04923,-0.46801,1062.68
quat4,-0.52895,0.44467,0.14560,-0.70801,1062.68
quat5,0.00000,0.73241,0.00000,-0.68086,1062.68
quat6,0.00000,0.73241,0.00000,-0.68086,1062.68
quat7,0.00000,0.73241,0.00000,-0.68086,1062.68
quat8,0.00000,0.73241,0.00000,-0.68086,1062.68
quat0,-0.63745,0.05796,0.75605,0.13669,1062.7
quat1,0.05431,0.37035,-0.54881,-0.74746,1062.7
quat2,0.05221,0.64994,-0.54553,-0.52654,1062.7
quat3,-0.51656,0.72517,0.05510,-0.45196,1062.7
quat4,-0.51326,0.46274,0.15993,-0.70488,1062.7
quat5,0.00000,0.73241,0.00000,-0.68086,1062.7
quat6,0.00000,0.73241,0.00000,-0.68086,1062.7
quat7,0.00000,0.73241,0.00000,-0.68086,1062.7
quat8,0.00000,0.73241,0.00000,-0.68086,1062.7
quat0,-0.63601,0.06353,0.75582,0.14213,1062.72
quat1,0.05899,0.35312,-0.54369,-0.75910,1062.72
quat2,0.06924,0.63509,-0.53785,-0.55007,1062.72
quat3,-0.51229,0.73944,0.06027,-0.43262,1062.72
quat4,-0.50206,0.48257,0.17605,-0.69575,1062.72
quat5,0.00000,0.73241,0.00000,-0.68086,1062.72
quat6,0.00000,0.73241,0.00000,-0.68086,1062.72
quat7,0.00000,0.73241,0.00000,-0.68086,1062.72
quat8,0.00000,0.73241,0.00000,-0.68086,1062.72
quat0,-0.63420,0.06822,0.75655,0.14415,1062.74
quat1,0.06490,0.34030,-0.54222,-0.76549,1062.74
quat2,0.08658,0.61460,-0.53424,-0.57390,1062.74
quat3,-0.51215,0.75084,0.06540,-0.41190,1062.74
quat4,-0.49763,0.50348,0.19241,-0.67960,1062.74
quat5,0.00000,0.73241,0.00000,-0.68086,1062.74
quat6,0.00000,0.73241,0.00000,-0.68086,1062.74
quat7,0.00000,0.73241,0.00000,-0.68086,1062.74
quat8,0.00000,0.73241,0.00000,-0.68086,1062.74
quat0,-0.63956,0.06818,0.75272,0.14044,1062.76
quat1,0.07025,0.32485,-0.54473,-0.76994,1062.76
quat2,0.10179,0.58936,-0.53430,-0.59734,1062.76
quat3,-0.51602,0.75887,0.07157,-0.39079,1062.76
quat4,-0.49933,0.52437,0.20773,-0.65769,1062.76
quat5,0.00000,0.73241,0.00000,-0.68086,1062.76
quat6,0.00000,0.73241,0.00000,-0.68086,1062.76
quat7,0.00000,0.73241,0.00000,-0.68086,1062.76
quat8,0.00000,0.73241,0.00000,-0.68086,1062.76
quat0,-0.64079,0.07007,0.75179,0.13885,1062.78
quat1,0.07452,0.30671,-0.55193,-0.77184,1062.78
quat2,0.11883,0.56464,-0.53743,-0.61501,1062.78
quat3,-0.52479,0.76284,0.07723,-0.36973,1062.78
quat4,-0.50603,0.54340,0.22267,-0.63172,1062.78
quat5,0.00000,0.73241,0.00000,-0.68086,1062.78
quat6,0.00000,0.73241,0.00000,-0.68086,1062.78
quat7,0.00000,0.73241,0.00000,-0.68086,1062.78
quat8,0.00000,0.73241,0.00000,-0.68086,1062.78
quat0,-0.63797,0.07488,0.75273,0.14421,1062.8
quat1,0.08022,0.29180,-0.56271,-0.76927,1062.8
quat2,0.13483,0.54169,-0.54469,-0.62587,1062.8
quat3,-0.53764,0.76216,0.08253,-0.35106,1062.8
quat4,-0.51565,0.55690,0.23923,-0.60559,1062.8
quat5,0.00000,0.73241,0.00000,-0.68086,1062.8
quat6,0.00000,0.73241,0.00000,-0.68086,1062.8
quat7,0.00000,0.73241,0.00000,-0.68086,1062.8
quat8,0.00000,0.73241,0.00000,-0.68086,1062.8
quat0,-0.64025,0.07060,0.75199,0.14002,1062.82
quat1,0.08770,0.27966,-0.57551,-0.76347,1062.82
quat2,0.14374,0.51792,-0.55779,-0.63243,1062.82
quat3,-0.55238,0.75871,0.08726,-0.33409,1062.82
quat4,-0.52922,0.56766,0.25236,-0.57793,1062.82
quat5,0.00000,0.73241,0.00000,-0.68086,1062.82
quat6,0.00000,0.73241,0.00000,-0.68086,1062.82
quat7,0.00000,0.73241,0.00000,-0.68086,1062.82
quat8,0.00000,0.73241,0.00000,-0.68086,1062.82
quat0,-0.64236,0.07253,0.75012,0.13942,1062.84
quat1,0.09660,0.26987,-0.58887,-0.75569,1062.84
quat2,0.14901,0.49708,-0.57472,-0.63278,1062.84
quat3,-0.56815,0.75376,0.09042,-0.31761,1062.84
quat4,-0.54674,0.57511,0.26107,-0.54970,1062.84
quat5,0.00000,0.73241,0.00000,-0.68086,1062.84
quat6,0.00000,0.73241,0.00000,-0.68086,1062.84
quat7,0.00000,0.73241,0.00000,-0.68086,1062.84
quat8,0.00000,0.73241,0.00000,-0.68086,1062.84
quat0,-0.64216,0.07452,0.74925,0.14388,1062.86
quat1,0.10785,0.26714,-0.60277,-0.74409,1062.86
quat2,0.15325,0.48141,-0.59302,-0.62697,1062.86
quat3,-0.58467,0.74702,0.09164,-0.30286,1062.86
quat4,-0.56603,0.57774,0.26751,-0.52370,1062.86
quat5,0.00000,0.73241,0.00000,-0.68086,1062.86
quat6,0.00000,0.73241,0.00000,-0.68086,1062.86
quat7,0.00000,0.73241,0.00000,-0.68086,1062.86
quat8,0.00000,0.73241,0.00000,-0.68086,1062.86
quat0,-0.64311,0.07705,0.74805,0.14456,1062.88
quat1,0.11955,0.26938,-0.61727,-0.72947,1062.88
quat2,0.15394,0.46782,-0.61276,-0.61804,1062.88
quat3,-0.60212,0.73801,0.09153,-0.29056,1062.88
quat4,-0.58570,0.57569,0.27191,-0.50160,1062.88
quat5,0.00000,0.73241,0.00000,-0.68086,1062.88
quat6,0.00000,0.73241,0.00000,-0.68086,1062.88
quat7,0.00000,0.73241,0.00000,-0.68086,1062.88
quat8,0.00000,0.73241,0.00000,-0.68086,1062.88
quat0,-0.64480,0.07724,0.74606,0.14716,1062.9
quat1,0.12956,0.27374,-0.63168,-0.71363,1062.9
quat2,0.15117,0.45600,-0.63340,-0.60664,1062.9
quat3,-0.61931,0.72763,0.08993,-0.28091,1062.9
quat4,-0.60603,0.57048,0.27254,-0.48271,1062.9
quat5,0.00000,0.73241,0.00000,-0.68086,1062.9
quat6,0.00000,0.73241,0.00000,-0.68086,1062.9
quat7,0.00000,0.73241,0.00000,-0.68086,1062.9
quat8,0.00000,0.73241,0.00000,-0.68086,1062.9
quat0,-0.64355,0.07831,0.74673,0.14870,1062.92
quat1,0.13566,0.27877,-0.64579,-0.69774,1062.92
quat2,0.14537,0.44651,-0.65392,-0.59320,1062.92
quat3,-0.63583,0.71574,0.08819,-0.27506,1062.92
quat4,-0.62593,0.56214,0.27058,-0.46798,1062.92
quat5,0.00000,0.73241,0.00000,-0.68086,1062.92
quat6,0.00000,0.73241,0.00000,-0.68086,1062.92
quat7,0.00000,0.73241,0.00000,-0.68086,1062.92
quat8,0.00000,0.73241,0.00000,-0.68086,1062.92
quat0,-0.64106,0.08079,0.74856,0.14892,1062.94
quat1,0.13710,0.28207,-0.65905,-0.68359,1062.94
quat2,0.13591,0.43940,-0.67399,-0.57809,1062.94
quat3,-0.65066,0.70331,0.08672,-0.27291,1062.94
quat4,-0.64428,0.55122,0.26672,-0.45817,1062.94
quat5,0.00000,0.73241,0.00000,-0.68086,1062.94
quat6,0.00000,0.73241,0.00000,-0.68086,1062.94
quat7,0.00000,0.73241,0.00000,-0.68086,1062.94
quat8,0.00000,0.73241,0.00000,-0.68086,1062.94
quat0,-0.64013,0.07946,0.75010,0.14584,1062.96
quat1,0.13506,0.28219,-0.67091,-0.67232,1062.96
quat2,0.12322,0.43490,-0.69280,-0.56188,1062.96
quat3,-0.66329,0.69089,0.08597,-0.27445,1062.96
quat4,-0.66132,0.53856,0.26025,-0.45264,1062.96
quat5,0.00000,0.73241,0.00000,-0.68086,1062.96
quat6,0.00000,0.73241,0.00000,-0.68086,1062.96
quat7,0.00000,0.73241,0.00000,-0.68086,1062.96
quat8,0.00000,0.73241,0.00000,-0.68086,1062.96
quat0,-0.63924,0.08113,0.74977,0.15045,1062.98
quat1,0.13171,0.28126,-0.68131,-0.66285,1062.98
quat2,0.10831,0.43392,-0.70983,-0.54417,1062.98
quat3,-0.67331,0.67947,0.08561,-0.27865,1062.98
quat4,-0.67629,0.52449,0.25145,-0.45201,1062.98
quat5,0.00000,0.73241,0.00000,-0.68086,1062.98
quat6,0.00000,0.73241,0.00000,-0.68086,1062.98
quat7,0.00000,0.73241,0.00000,-0.68086,1062.98
quat8,0.00000,0.73241,0.00000,-0.68086,1062.98
quat0,-0.63778,0.08354,0.75050,0.15166,1063
quat1,0.12728,0.28120,-0.68959,-0.65513,1063
quat2,0.09103,0.43598,-0.72412,-0.52658,1063
quat3,-0.68077,0.66952,0.08460,-0.28486,1063
quat4,-0.68856,0.50983,0.24080,-0.45605,1063
quat5,0.00000,0.73241,0.00000,-0.68086,1063
quat6,0.00000,0.73241,0.00000,-0.68086,1063
quat7,0.00000,0.73241,0.00000,-0.68086,1063
quat8,0.00000,0.73241,0.00000,-0.68086,1063
quat0,-0.63903,0.08267,0.74912,0.15373,1063.02
quat1,0.12210,0.28501,-0.69433,-0.64943,1063.02
quat2,0.07357,0.44244,-0.73444,-0.50935,1063.02
quat3,-0.68502,0.66183,0.08241,-0.29315,1063.02
quat4,-0.69751,0.49483,0.22942,-0.46474,1063.02
quat5,0.00000,0.73241,0.00000,-0.68086,1063.02
quat6,0.00000,0.73241,0.00000,-0.68086,1063.02
quat7,0.00000,0.73241,0.00000,-0.68086,1063.02
quat8,0.00000,0.73241,0.00000,-0.68086,1063.02
quat0,-0.64081,0.08436,0.74647,0.15821,1063.04
quat1,0.11654,0.29353,-0.69552,-0.64538,1063.04
quat2,0.05595,0.45254,-0.74081,-0.49322,1063.04
quat3,-0.68531,0.65661,0.07855,-0.30503,1063.04
quat4,-0.70278,0.48153,0.21710,-0.47654,1063.04
quat5,0.00000,0.73241,0.00000,-0.68086,1063.04
quat6,0.00000,0.73241,0.00000,-0.68086,1063.04
quat7,0.00000,0.73241,0.00000,-0.68086,1063.04
quat8,0.00000,0.73241,0.00000,-0.68086,1063.04
quat0,-0.64185,0.08256,0.74570,0.15853,1063.06
quat1,0.11017,0.30382,-0.69384,-0.64354,1063.06
quat2,0.04075,0.46720,-0.74196,-0.47913,1063.06
quat3,-0.68099,0.65420,0.07336,-0.32078,1063.06
quat4,-0.70439,0.46977,0.20373,-0.49156,1063.06
quat5,0.00000,0.73241,0.00000,-0.68086,1063.06
quat6,0.00000,0.73241,0.00000,-0.68086,1063.06
quat7,0.00000,0.73241,0.00000,-0.68086,1063.06
quat8,0.00000,0.73241,0.00000,-0.68086,1063.06
quat0,-0.64248,0.08372,0.74502,0.15858,1063.08
quat1,0.10295,0.31710,-0.69019,-0.64225,1063.08
quat2,0.02943,0.48625,-0.73784,-0.46722,1063.08
quat3,-0.67307,0.65386,0.06878,-0.33868,1063.08
quat4,-0.70212,0.46039,0.18970,-0.50900,1063.08
quat5,0.00000,0.73241,0.00000,-0.68086,1063.08
quat6,0.00000,0.73241,0.00000,-0.68086,1063.08
quat7,0.00000,0.73241,0.00000,-0.68086,1063.08
quat8,0.00000,0.73241,0.00000,-0.68086,1063.08
quat0,-0.64329,0.08937,0.74208,0.16587,1063.1
quat1,0.09374,0.33423,-0.68431,-0.64127,1063.1
quat2,0.02142,0.50885,-0.72943,-0.45667,1063.1
quat3,-0.66334,0.65325,0.06730,-0.35877,1063.1
quat4,-0.69511,0.45238,0.17779,-0.52969,1063.1
quat5,0.00000,0.73241,0.00000,-0.68086,1063.1
quat6,0.00000,0.73241,0.00000,-0.68086,1063.1
quat7,0.00000,0.73241,0.00000,-0.68086,1063.1
quat8,0.00000,0.73241,0.00000,-0.68086,1063.1
quat0,-0.64237,0.09259,0.74262,0.16523,1063.12
quat1,0.08381,0.35225,-0.67560,-0.64224,1063.12
quat2,0.01376,0.53138,-0.71801,-0.44935,1063.12
quat3,-0.65149,0.65206,0.06611,-0.38209,1063.12
quat4,-0.68385,0.44481,0.16900,-0.55311,1063.12
quat5,0.00000,0.73241,0.00000,-0.68086,1063.12
quat6,0.00000,0.73241,0.00000,-0.68086,1063.12
quat7,0.00000,0.73241,0.00000,-0.68086,1063.12
quat8,0.00000,0.73241,0.00000,-0.68086,1063.12
quat0,-0.64079,0.08504,0.74632,0.15863,1063.14
quat1,0.07317,0.36705,-0.66484,-0.64646,1063.14
quat2,0.00853,0.55587,-0.70335,-0.44299,1063.14
quat3,-0.63809,0.65126,0.06388,-0.40574,1063.14
quat4,-0.66939,0.43744,0.16215,-0.57816,1063.14
quat5,0.00000,0.73241,0.00000,-0.68086,1063.14
quat6,0.00000,0.73241,0.00000,-0.68086,1063.14
quat7,0.00000,0.73241,0.00000,-0.68086,1063.14
quat8,0.00000,0.73241,0.00000,-0.68086,1063.14
quat0,-0.64186,0.08379,0.74500,0.16118,1063.16
quat1,0.06524,0.37849,-0.65257,-0.65318,1063.16
quat2,0.00858,0.58263,-0.68626,-0.43534,1063.16
quat3,-0.62406,0.65411,0.05987,-0.42321,1063.16
quat4,-0.65245,0.43262,0.15490,-0.60263,1063.16
quat5,0.00000,0.73241,0.00000,-0.68086,1063.16
quat6,0.00000,0.73241,0.00000,-0.68086,1063.16
quat7,0.00000,0.73241,0.00000,-0.68086,1063.16
quat8,0.00000,0.73241,0.00000,-0.68086,1063.16
quat0,-0.63531,0.08297,0.75028,0.16305,1063.18
quat1,0.06095,0.39001,-0.63765,-0.66150,1063.18
quat2,0.00992,0.60769,-0.66910,-0.42768,1063.18
quat3,-0.60850,0.66103,0.05606,-0.43545,1063.18
quat4,-0.63365,0.42943,0.14953,-0.62587,1063.18
quat5,0.00000,0.73241,0.00000,-0.68086,1063.18
quat6,0.00000,0.73241,0.00000,-0.68086,1063.18
quat7,0.00000,0.73241,0.00000,-0.68086,1063.18
quat8,0.00000,0.73241,0.00000,-0.68086,1063.18
quat0,-0.64055,0.07919,0.74786,0.15532,1063.2
quat1,0.05786,0.39798,-0.62098,-0.67279,1063.2
quat2,0.00742,0.62858,-0.65032,-0.42652,1063.2
quat3,-0.59119,0.67032,0.05338,-0.44533,1063.2
quat4,-0.61261,0.42660,0.14779,-0.64875,1063.2
quat5,0.00000,0.73241,0.00000,-0.68086,1063.2
quat6,0.00000,0.73241,0.00000,-0.68086,1063.2
quat7,0.00000,0.73241,0.00000,-0.68086,1063.2
quat8,0.00000,0.73241,0.00000,-0.68086,1063.2
quat0,-0.63943,0.07732,0.74904,0.15520,1063.22
quat1,0.05616,0.40019,-0.60422,-0.68674,1063.22
quat2,0.00677,0.64772,-0.62918,-0.42959,1063.22
quat3,-0.57352,0.68028,0.05266,-0.45334,1063.22
quat4,-0.58993,0.42522,0.14965,-0.66991,1063.22
quat5,0.00000,0.73241,0.00000,-0.68086,1063.22
quat6,0.00000,0.73241,0.00000,-0.68086,1063.22
quat7,0.00000,0.73241,0.00000,-0.68086,1063.22
quat8,0.00000,0.73241,0.00000,-0.68086,1063.22
quat0,-0.63375,0.07506,0.75302,0.16025,1063.24
quat1,0.05877,0.40322,-0.58739,-0.69924,1063.24
quat2,0.01100,0.66222,-0.61016,-0.43480,1063.24
quat3,-0.55673,0.68937,0.05488,-0.46024,1063.24
quat4,-0.56651,0.42486,0.15490,-0.68889,1063.24
quat5,0.00000,0.73241,0.00000,-0.68086,1063.24
quat6,0.00000,0.73241,0.00000,-0.68086,1063.24
quat7,0.00000,0.73241,0.00000,-0.68086,1063.24
quat8,0.00000,0.73241,0.00000,-0.68086,1063.24
quat0,-0.63920,0.07301,0.75045,0.15140,1063.26
quat1,0.06337,0.40216,-0.57088,-0.71298,1063.26
quat2,0.01408,0.66891,-0.59239,-0.44882,1063.26
quat3,-0.54156,0.69775,0.05974,-0.46506,1063.26
quat4,-0.54443,0.42647,0.16270,-0.70374,1063.26
quat5,0.00000,0.73241,0.00000,-0.68086,1063.26
quat6,0.00000,0.73241,0.00000,-0.68086,1063.26
quat7,0.00000,0.73241,0.00000,-0.68086,1063.26
quat8,0.00000,0.73241,0.00000,-0.68086,1063.26
quat0,-0.63903,0.07593,0.75002,0.15281,1063.28
quat1,0.06723,0.39325,-0.55746,-0.72806,1063.28
quat2,0.02223,0.67073,-0.57445,-0.46865,1063.28
quat3,-0.52821,0.70702,0.06679,-0.46547,1063.28
quat4,-0.52416,0.43240,0.17088,-0.71351,1063.28
quat5,0.00000,0.73241,0.00000,-0.68086,1063.28
quat6,0.00000,0.73241,0.00000,-0.68086,1063.28
quat7,0.00000,0.73241,0.00000,-0.68086,1063.28
quat8,0.00000,0.73241,0.00000,-0.68086,1063.28
quat0,-0.63471,0.07106,0.75417,0.15272,1063.3
quat1,0.07060,0.38311,-0.54753,-0.74058,1063.3
quat2,0.03829,0.66917,-0.55957,-0.48747,1063.3
quat3,-0.51812,0.71652,0.07417,-0.46114,1063.3
quat4,-0.50605,0.44305,0.18077,-0.71760,1063.3
quat5,0.00000,0.73241,0.00000,-0.68086,1063.3
quat6,0.00000,0.73241,0.00000,-0.68086,1063.3
quat7,0.00000,0.73241,0.00000,-0.68086,1063.3
quat8,0.00000,0.73241,0.00000,-0.68086,1063.3
quat0,-0.63912,0.06737,0.75205,0.14633,1063.32
quat1,0.07583,0.37015,-0.53907,-0.75276,1063.32
quat2,0.05609,0.66163,-0.54823,-0.50847,1063.32
quat3,-0.51139,0.72545,0.08135,-0.45342,1063.32
quat4,-0.49125,0.45330,0.19555,-0.71760,1063.32
quat5,0.00000,0.73241,0.00000,-0.68086,1063.32
quat6,0.00000,0.73241,0.00000,-0.68086,1063.32
quat7,0.00000,0.73241,0.00000,-0.68086,1063.32
quat8,0.00000,0.73241,0.00000,-0.68086,1063.32
quat0,-0.63951,0.07382,0.75068,0.14853,1063.34
quat1,0.08050,0.35191,-0.53291,-0.76530,1063.34
quat2,0.07265,0.64701,-0.54026,-0.53313,1063.34
quat3,-0.50745,0.73527,0.08900,-0.44039,1063.34
quat4,-0.48184,0.46861,0.20886,-0.71036,1063.34
quat5,0.00000,0.73241,0.00000,-0.68086,1063.34
quat6,0.00000,0.73241,0.00000,-0.68086,1063.34
quat7,0.00000,0.73241,0.00000,-0.68086,1063.34
quat8,0.00000,0.73241,0.00000,-0.68086,1063.34
quat0,-0.64030,0.07235,0.75008,0.14887,1063.36
quat1,0.08437,0.33198,-0.53175,-0.77454,1063.36
quat2,0.09171,0.62943,-0.53593,-0.55515,1063.36
quat3,-0.50737,0.74509,0.09586,-0.42216,1063.36
quat4,-0.47798,0.48808,0.22102,-0.69604,1063.36
quat5,0.00000,0.73241,0.00000,-0.68086,1063.36
quat6,0.00000,0.73241,0.00000,-0.68086,1063.36
quat7,0.00000,0.73241,0.00000,-0.68086,1063.36
quat8,0.00000,0.73241,0.00000,-0.68086,1063.36
quat0,-0.64108,0.07426,0.74886,0.15074,1063.38
quat1,0.08967,0.31589,-0.53464,-0.77867,1063.38
quat2,0.10937,0.60860,-0.53615,-0.57462,1063.38
quat3,-0.51142,0.75294,0.10090,-0.40169,1063.38
quat4,-0.47924,0.50626,0.23453,-0.67752,1063.38
quat5,0.00000,0.73241,0.00000,-0.68086,1063.38
quat6,0.00000,0.73241,0.00000,-0.68086,1063.38
quat7,0.00000,0.73241,0.00000,-0.68086,1063.38
quat8,0.00000,0.73241,0.00000,-0.68086,1063.38
quat0,-0.64187,0.07595,0.74835,0.14900,1063.4
quat1,0.09595,0.30106,-0.54010,-0.78004,1063.4
quat2,0.12452,0.58655,-0.54045,-0.59023,1063.4
quat3,-0.51823,0.75891,0.10438,-0.38027,1063.4
quat4,-0.48467,0.52257,0.24785,-0.65619,1063.4
quat5,0.00000,0.73241,0.00000,-0.68086,1063.4
quat6,0.00000,0.73241,0.00000,-0.68086,1063.4
quat7,0.00000,0.73241,0.00000,-0.68086,1063.4
quat8,0.00000,0.73241,0.00000,-0.68086,1063.4
quat0,-0.64448,0.07318,0.74701,0.14582,1063.42
quat1,0.10231,0.28663,-0.54878,-0.77860,1063.42
quat2,0.13729,0.56432,-0.54873,-0.60133,1063.42
quat3,-0.52730,0.76311,0.10621,-0.35825,1063.42
quat4,-0.49523,0.53846,0.25781,-0.63114,1063.42
quat5,0.00000,0.73241,0.00000,-0.68086,1063.42
quat6,0.00000,0.73241,0.00000,-0.68086,1063.42
quat7,0.00000,0.73241,0.00000,-0.68086,1063.42
quat8,0.00000,0.73241,0.00000,-0.68086,1063.42
quat0,-0.64262,0.07890,0.74697,0.15115,1063.44
quat1,0.11018,0.27655,-0.56010,-0.77309,1063.44
quat2,0.14677,0.54240,-0.56069,-0.60818,1063.44
quat3,-0.53812,0.76484,0.10681,-0.33770,1063.44
quat4,-0.50967,0.55065,0.26630,-0.60506,1063.44
quat5,0.00000,0.73241,0.00000,-0.68086,1063.44
quat6,0.00000,0.73241,0.00000,-0.68086,1063.44
quat7,0.00000,0.73241,0.00000,-0.68086,1063.44
quat8,0.00000,0.73241,0.00000,-0.68086,1063.44
quat0,-0.64527,0.07991,0.74448,0.15162,1063.46
quat1,0.11856,0.26963,-0.57254,-0.76514,1063.46
quat2,0.15330,0.52201,-0.57511,-0.61095,1063.46
quat3,-0.55134,0.76357,0.10586,-0.31904,1063.46
quat4,-0.52645,0.55906,0.27306,-0.57944,1063.46
quat5,0.00000,0.73241,0.00000,-0.68086,1063.46
quat6,0.00000,0.73241,0.00000,-0.68086,1063.46
quat7,0.00000,0.73241,0.00000,-0.68086,1063.46
quat8,0.00000,0.73241,0.00000,-0.68086,1063.46
quat0,-0.64742,0.07984,0.74307,0.14939,1063.48
quat1,0.12736,0.26580,-0.58643,-0.75447,1063.48
quat2,0.16099,0.50604,-0.59016,-0.60804,1063.48
quat3,-0.56704,0.75919,0.10365,-0.30224,1063.48
quat4,-0.54510,0.56345,0.27806,-0.55505,1063.48
quat5,0.00000,0.73241,0.00000,-0.68086,1063.48
quat6,0.00000,0.73241,0.00000,-0.68086,1063.48
quat7,0.00000,0.73241,0.00000,-0.68086,1063.48
quat8,0.00000,0.73241,0.00000,-0.68086,1063.48
quat0,-0.64718,0.07966,0.74253,0.15316,1063.5
quat1,0.13628,0.26524,-0.60196,-0.74076,1063.5
quat2,0.16623,0.49180,-0.60663,-0.60209,1063.5
quat3,-0.58450,0.75148,0.10192,-0.28854,1063.5
quat4,-0.56453,0.56444,0.28154,-0.53240,1063.5
quat5,0.00000,0.73241,0.00000,-0.68086,1063.5
quat6,0.00000,0.73241,0.00000,-0.68086,1063.5
quat7,0.00000,0.73241,0.00000,-0.68086,1063.5
quat8,0.00000,0.73241,0.00000,-0.68086,1063.5
quat0,-0.64617,0.07896,0.74434,0.14894,1063.52
quat1,0.14231,0.26630,-0.61741,-0.72639,1063.52
quat2,0.16527,0.47704,-0.62534,-0.59504,1063.52
quat3,-0.60272,0.74026,0.10156,-0.28006,1063.52
quat4,-0.58395,0.56179,0.28398,-0.51259,1063.52
quat5,0.00000,0.73241,0.00000,-0.68086,1063.52
quat6,0.00000,0.73241,0.00000,-0.68086,1063.52
quat7,0.00000,0.73241,0.00000,-0.68086,1063.52
quat8,0.00000,0.73241,0.00000,-0.68086,1063.52
quat0,-0.64863,0.08260,0.74162,0.14985,1063.54
quat1,0.14508,0.26737,-0.63249,-0.71234,1063.54
quat2,0.16050,0.46391,-0.64443,-0.58629,1063.54
quat3,-0.62024,0.72723,0.10063,-0.27626,1063.54
quat4,-0.60404,0.55704,0.28253,-0.49499,1063.54
quat5,0.00000,0.73241,0.00000,-0.68086,1063.54
quat6,0.00000,0.73241,0.00000,-0.68086,1063.54
quat7,0.00000,0.73241,0.00000,-0.68086,1063.54
quat8,0.00000,0.73241,0.00000,-0.68086,1063.54
quat0,-0.64644,0.08366,0.74331,0.15033,1063.56
quat1,0.14528,0.26841,-0.64739,-0.69838,1063.56
quat2,0.15322,0.45330,-0.66328,-0.57542,1063.56
quat3,-0.63662,0.71379,0.09837,-0.27485,1063.56
quat4,-0.62560,0.55166,0.27504,-0.47817,1063.56
quat5,0.00000,0.73241,0.00000,-0.68086,1063.56
quat6,0.00000,0.73241,0.00000,-0.68086,1063.56
quat7,0.00000,0.73241,0.00000,-0.68086,1063.56
quat8,0.00000,0.73241,0.00000,-0.68086,1063.56
quat0,-0.64660,0.08425,0.74301,0.15082,1063.58
quat1,0.14277,0.26966,-0.66146,-0.68511,1063.58
quat2,0.14292,0.44593,-0.68144,-0.56246,1063.58
quat3,-0.65164,0.70085,0.09447,-0.27431,1063.58
quat4,-0.64712,0.54434,0.26408,-0.46388,1063.58
quat5,0.00000,0.73241,0.00000,-0.68086,1063.58
quat6,0.00000,0.73241,0.00000,-0.68086,1063.58
quat7,0.00000,0.73241,0.00000,-0.68086,1063.58
quat8,0.00000,0.73241,0.00000,-0.68086,1063.58
quat0,-0.64557,0.08797,0.74347,0.15088,1063.6
quat1,0.13854,0.27050,-0.67403,-0.67329,1063.6
quat2,0.12995,0.44129,-0.69800,-0.54880,1063.6
quat3,-0.66484,0.68852,0.08999,-0.27538,1063.6
quat4,-0.66664,0.53398,0.25262,-0.45458,1063.6
quat5,0.00000,0.73241,0.00000,-0.68086,1063.6
quat6,0.00000,0.73241,0.00000,-0.68086,1063.6
quat7,0.00000,0.73241,0.00000,-0.68086,1063.6
quat8,0.00000,0.73241,0.00000,-0.68086,1063.6
quat0,-0.64468,0.08894,0.74360,0.15341,1063.62
quat1,0.13414,0.27235,-0.68519,-0.66208,1063.62
quat2,0.11621,0.44065,-0.71205,-0.53414,1063.62
quat3,-0.67588,0.67660,0.08570,-0.27940,1063.62
quat4,-0.68329,0.52077,0.24150,-0.45122,1063.62
quat5,0.00000,0.73241,0.00000,-0.68086,1063.62
quat6,0.00000,0.73241,0.00000,-0.68086,1063.62
quat7,0.00000,0.73241,0.00000,-0.68086,1063.62
quat8,0.00000,0.73241,0.00000,-0.68086,1063.62
quat0,-0.64455,0.08715,0.74416,0.15225,1063.64
quat1,0.12868,0.27651,-0.69423,-0.65195,1063.64
quat2,0.10211,0.44361,-0.72347,-0.51900,1063.64
quat3,-0.68436,0.66568,0.08148,-0.28615,1063.64
quat4,-0.69751,0.50632,0.22937,-0.45222,1063.64
quat5,0.00000,0.73241,0.00000,-0.68086,1063.64
quat6,0.00000,0.73241,0.00000,-0.68086,1063.64
quat7,0.00000,0.73241,0.00000,-0.68086,1063.64
quat8,0.00000,0.73241,0.00000,-0.68086,1063.64
quat0,-0.64428,0.08580,0.74396,0.15510,1063.66
quat1,0.12209,0.28389,-0.69999,-0.64383,1063.66
quat2,0.08874,0.45114,-0.73176,-0.50311,1063.66
quat3,-0.68985,0.65620,0.07796,-0.29569,1063.66
quat4,-0.70918,0.49148,0.21607,-0.45699,1063.66
quat5,0.00000,0.73241,0.00000,-0.68086,1063.66
quat6,0.00000,0.73241,0.00000,-0.68086,1063.66
quat7,0.00000,0.73241,0.00000,-0.68086,1063.66
quat8,0.00000,0.73241,0.00000,-0.68086,1063.66
quat0,-0.64197,0.08708,0.74493,0.15927,1063.68
quat1,0.11699,0.29384,-0.70274,-0.63728,1063.68
quat2,0.07697,0.46232,-0.73582,-0.48877,1063.68
quat3,-0.69294,0.64781,0.07408,-0.30773,1063.68
quat4,-0.71734,0.47809,0.20178,-0.46491,1063.68
quat5,0.00000,0.73241,0.00000,-0.68086,1063.68
quat6,0.00000,0.73241,0.00000,-0.68086,1063.68
quat7,0.00000,0.73241,0.00000,-0.68086,1063.68
quat8,0.00000,0.73241,0.00000,-0.68086,1063.68
quat0,-0.64000,0.08892,0.74634,0.15961,1063.7
quat1,0.11339,0.30736,-0.70314,-0.63108,1063.7
quat2,0.06827,0.47804,-0.73509,-0.47587,1063.7
quat3,-0.69318,0.64118,0.06930,-0.32186,1063.7
quat4,-0.72137,0.46583,0.18877,-0.47644,1063.7
quat5,0.00000,0.73241,0.00000,-0.68086,1063.7
quat6,0.00000,0.73241,0.00000,-0.68086,1063.7
quat7,0.00000,0.73241,0.00000,-0.68086,1063.7
quat8,0.00000,0.73241,0.00000,-0.68086,1063.7
quat0,-0.63867,0.08786,0.74769,0.15917,1063.72
quat1,0.10677,0.32366,-0.70118,-0.62625,1063.72
quat2,0.06095,0.49654,-0.73049,-0.46489,1063.72
quat3,-0.68980,0.63682,0.06374,-0.33848,1063.72
quat4,-0.72117,0.45463,0.17766,-0.49158,1063.72
quat5,0.00000,0.73241,0.00000,-0.68086,1063.72
quat6,0.00000,0.73241,0.00000,-0.68086,1063.72
quat7,0.00000,0.73241,0.00000,-0.68086,1063.72
quat8,0.00000,0.73241,0.00000,-0.68086,1063.72
quat0,-0.63902,0.09039,0.74576,0.16529,1063.74
quat1,0.09739,0.34053,-0.69595,-0.62466,1063.74
quat2,0.05450,0.51696,-0.72296,-0.45510,1063.74
quat3,-0.68327,0.63431,0.05913,-0.35679,1063.74
quat4,-0.71632,0.44366,0.16975,-0.51112,1063.74
quat5,0.00000,0.73241,0.00000,-0.68086,1063.74
quat6,0.00000,0.73241,0.00000,-0.68086,1063.74
quat7,0.00000,0.73241,0.00000,-0.68086,1063.74
quat8,0.00000,0.73241,0.00000,-0.68086,1063.74
quat0,-0.63794,0.08804,0.74801,0.16051,1063.76
quat1,0.08700,0.35574,-0.68846,-0.62602,1063.76
quat2,0.04739,0.53806,-0.71237,-0.44807,1063.76
quat3,-0.67430,0.63271,0.05719,-0.37646,1063.76
quat4,-0.70725,0.43309,0.16445,-0.53404,1063.76
quat5,0.00000,0.73241,0.00000,-0.68086,1063.76
quat6,0.00000,0.73241,0.00000,-0.68086,1063.76
quat7,0.00000,0.73241,0.00000,-0.68086,1063.76
quat8,0.00000,0.73241,0.00000,-0.68086,1063.76
quat0,-0.63016,0.08577,0.75475,0.16092,1063.78
quat1,0.07746,0.37056,-0.67857,-0.62946,1063.78
quat2,0.04008,0.55949,-0.69923,-0.44322,1063.78
quat3,-0.66283,0.63165,0.05641,-0.39811,1063.78
quat4,-0.69404,0.42234,0.16167,-0.56018,1063.78
quat5,0.00000,0.73241,0.00000,-0.68086,1063.78
quat6,0.00000,0.73241,0.00000,-0.68086,1063.78
quat7,0.00000,0.73241,0.00000,-0.68086,1063.78
quat8,0.00000,0.73241,0.00000,-0.68086,1063.78
quat0,-0.63231,0.08031,0.75468,0.15552,1063.8
quat1,0.06781,0.38353,-0.66553,-0.63669,1063.8
quat2,0.03091,0.57966,-0.68429,-0.44134,1063.8
quat3,-0.65027,0.63201,0.05487,-0.41798,1063.8
quat4,-0.67783,0.41303,0.15885,-0.58713,1063.8
quat5,0.00000,0.73241,0.00000,-0.68086,1063.8
quat6,0.00000,0.73241,0.00000,-0.68086,1063.8
quat7,0.00000,0.73241,0.00000,-0.68086,1063.8
quat8,0.00000,0.73241,0.00000,-0.68086,1063.8
quat0,-0.63766,0.07879,0.75141,0.15019,1063.82
quat1,0.05929,0.39291,-0.64971,-0.64806,1063.82
quat2,0.02108,0.59952,-0.66692,-0.44199,1063.82
quat3,-0.63590,0.63522,0.05397,-0.43499,1063.82
quat4,-0.65951,0.40537,0.15497,-0.61376,1063.82
quat5,0.00000,0.73241,0.00000,-0.68086,1063.82
quat6,0.00000,0.73241,0.00000,-0.68086,1063.82
quat7,0.00000,0.73241,0.00000,-0.68086,1063.82
quat8,0.00000,0.73241,0.00000,-0.68086,1063.82
quat0,-0.63519,0.08047,0.75237,0.15490,1063.84
quat1,0.05439,0.39866,-0.63221,-0.66213,1063.84
quat2,0.01472,0.61898,-0.64792,-0.44368,1063.84
quat3,-0.61993,0.64098,0.05498,-0.44923,1063.84
quat4,-0.64071,0.39900,0.15193,-0.63813,1063.84
quat5,0.00000,0.73241,0.00000,-0.68086,1063.84
quat6,0.00000,0.73241,0.00000,-0.68086,1063.84
quat7,0.00000,0.73241,0.00000,-0.68086,1063.84
quat8,0.00000,0.73241,0.00000,-0.68086,1063.84
quat0,-0.63186,0.07398,0.75666,0.15085,1063.86
quat1,0.05347,0.40183,-0.61402,-0.67724,1063.86
quat2,0.01334,0.63690,-0.62822,-0.44668,1063.86
quat3,-0.60254,0.64825,0.05790,-0.46192,1063.86
quat4,-0.62061,0.39475,0.15111,-0.66044,1063.86
quat5,0.00000,0.73241,0.00000,-0.68086,1063.86
quat6,0.00000,0.73241,0.00000,-0.68086,1063.86
quat7,0.00000,0.73241,0.00000,-0.68086,1063.86
quat8,0.00000,0.73241,0.00000,-0.68086,1063.86
quat0,-0.63555,0.06879,0.75506,0.14571,1063.88
quat1,0.05395,0.40238,-0.59600,-0.69279,1063.88
quat2,0.01678,0.65132,-0.60775,-0.45403,1063.88
quat3,-0.58500,0.65684,0.06268,-0.47160,1063.88
quat4,-0.59823,0.39297,0.15454,-0.68104,1063.88
quat5,0.00000,0.73241,0.00000,-0.68086,1063.88
quat6,0.00000,0.73241,0.00000,-0.68086,1063.88
quat7,0.00000,0.73241,0.00000,-0.68086,1063.88
quat8,0.00000,0.73241,0.00000,-0.68086,1063.88
quat0,-0.63753,0.06843,0.75363,0.14464,1063.9
quat1,0.05532,0.39954,-0.57917,-0.70843,1063.9
quat2,0.02370,0.65941,-0.58821,-0.46758,1063.9
quat3,-0.56823,0.66731,0.06799,-0.47664,1063.9
quat4,-0.57532,0.39440,0.16289,-0.69780,1063.9
quat5,0.00000,0.73241,0.00000,-0.68086,1063.9
quat6,0.00000,0.73241,0.00000,-0.68086,1063.9
quat7,0.00000,0.73241,0.00000,-0.68086,1063.9
quat8,0.00000,0.73241,0.00000,-0.68086,1063.9
quat0,-0.63463,0.07149,0.75584,0.14433,1063.92
quat1,0.05666,0.39394,-0.56430,-0.72331,1063.92
quat2,0.03220,0.66008,-0.57147,-0.48649,1063.92
quat3,-0.55285,0.67936,0.07363,-0.47686,1063.92
quat4,-0.55433,0.40112,0.17249,-0.70857,1063.92
quat5,0.00000,0.73241,0.00000,-0.68086,1063.92
quat6,0.00000,0.73241,0.00000,-0.68086,1063.92
quat7,0.00000,0.73241,0.00000,-0.68086,1063.92
quat8,0.00000,0.73241,0.00000,-0.68086,1063.92
quat0,-0.63690,0.06503,0.75534,0.14000,1063.94
quat1,0.05934,0.38296,-0.55181,-0.73846,1063.94
quat2,0.04050,0.65289,-0.55855,-0.51003,1063.94
quat3,-0.54045,0.69307,0.07954,-0.47037,1063.94
quat4,-0.53615,0.41577,0.18028,-0.71217,1063.94
quat5,0.00000,0.73241,0.00000,-0.68086,1063.94
quat6,0.00000,0.73241,0.00000,-0.68086,1063.94
quat7,0.00000,0.73241,0.00000,-0.68086,1063.94
quat8,0.00000,0.73241,0.00000,-0.68086,1063.94
quat0,-0.64058,0.06359,0.75351,0.13354,1063.96
quat1,0.06318,0.36552,-0.54251,-0.75372,1063.96
quat2,0.05405,0.64319,-0.54838,-0.53167,1063.96
quat3,-0.53217,0.70745,0.08411,-0.45743,1063.96
quat4,-0.52139,0.43296,0.19027,-0.71027,1063.96
quat5,0.00000,0.73241,0.00000,-0.68086,1063.96
quat6,0.00000,0.73241,0.00000,-0.68086,1063.96
quat7,0.00000,0.73241,0.00000,-0.68086,1063.96
quat8,0.00000,0.73241,0.00000,-0.68086,1063.96
quat0,-0.63535,0.06867,0.75641,0.13949,1063.98
quat1,0.06733,0.34626,-0.53792,-0.76564,1063.98
quat2,0.07110,0.63017,-0.54195,-0.55147,1063.98
quat3,-0.52765,0.72164,0.08790,-0.43943,1063.98
quat4,-0.51065,0.44969,0.20311,-0.70410,1063.98
quat5,0.00000,0.73241,0.00000,-0.68086,1063.98
quat6,0.00000,0.73241,0.00000,-0.68086,1063.98
quat7,0.00000,0.73241,0.00000,-0.68086,1063.98
quat8,0.00000,0.73241,0.00000,-0.68086,1063.98
quat0,-0.63912,0.06365,0.75456,0.13458,1064
quat1,0.07214,0.32872,-0.53642,-0.77395,1064
quat2,0.08542,0.61124,-0.54002,-0.57225,1064
quat3,-0.52575,0.73439,0.09177,-0.41932,1064
quat4,-0.50240,0.46497,0.21905,-0.69528,1064
quat5,0.00000,0.73241,0.00000,-0.68086,1064
quat6,0.00000,0.73241,0.00000,-0.68086,1064
quat7,0.00000,0.73241,0.00000,-0.68086,1064
quat8,0.00000,0.73241,0.00000,-0.68086,1064
quat0,-0.64232,0.06429,0.75218,0.13236,1064.02
quat1,0.07582,0.31079,-0.53782,-0.78000,1064.02
quat2,0.09624,0.58802,-0.54322,-0.59151,1064.02
quat3,-0.52727,0.74439,0.09451,-0.39868,1064.02
quat4,-0.49819,0.47989,0.23626,-0.68242,1064.02
quat5,0.00000,0.73241,0.00000,-0.68086,1064.02
quat6,0.00000,0.73241,0.00000,-0.68086,1064.02
quat7,0.00000,0.73241,0.00000,-0.68086,1064.02
quat8,0.00000,0.73241,0.00000,-0.68086,1064.02
quat0,-0.64219,0.06930,0.75089,0.13766,1064.04
quat1,0.08082,0.29385,-0.54349,-0.78214,1064.04
quat2,0.10671,0.56631,-0.55126,-0.60335,1064.04
quat3,-0.53141,0.75158,0.09633,-0.37875,1064.04
quat4,-0.50007,0.49676,0.25003,-0.66381,1064.04
quat5,0.00000,0.73241,0.00000,-0.68086,1064.04
quat6,0.00000,0.73241,0.00000,-0.68086,1064.04
quat7,0.00000,0.73241,0.00000,-0.68086,1064.04
quat8,0.00000,0.73241,0.00000,-0.68086,1064.04
quat0,-0.64270,0.06688,0.75116,0.13499,1064.06
quat1,0.08694,0.27937,-0.55246,-0.78050,1064.06
quat2,0.11435,0.54647,-0.56329,-0.60909,1064.06
quat3,-0.53778,0.75638,0.09673,-0.35961,1064.06
quat4,-0.50879,0.51648,0.25802,-0.63860,1064.06
quat5,0.00000,0.73241,0.00000,-0.68086,1064.06
quat6,0.00000,0.73241,0.00000,-0.68086,1064.06
quat7,0.00000,0.73241,0.00000,-0.68086,1064.06
quat8,0.00000,0.73241,0.00000,-0.68086,1064.06
quat0,-0.64302,0.06807,0.75169,0.12980,1064.08
quat1,0.09293,0.26822,-0.56308,-0.77612,1064.08
quat2,0.11888,0.52851,-0.57852,-0.60981,1064.08
quat3,-0.54753,0.75796,0.09470,-0.34168,1064.08
quat4,-0.52220,0.53231,0.26470,-0.61146,1064.08
quat5,0.00000,0.73241,0.00000,-0.68086,1064.08
quat6,0.00000,0.73241,0.00000,-0.68086,1064.08
quat7,0.00000,0.73241,0.00000,-0.68086,1064.08
quat8,0.00000,0.73241,0.00000,-0.68086,1064.08
quat0,-0.64535,0.07014,0.74867,0.13452,1064.1
quat1,0.10085,0.26174,-0.57554,-0.76817,1064.1
quat2,0.12113,0.51164,-0.59551,-0.60739,1064.1
quat3,-0.56024,0.75639,0.09084,-0.32520,1064.1
quat4,-0.53698,0.54251,0.27095,-0.58645,1064.1
quat5,0.00000,0.73241,0.00000,-0.68086,1064.1
quat6,0.00000,0.73241,0.00000,-0.68086,1064.1
quat7,0.00000,0.73241,0.00000,-0.68086,1064.1
quat8,0.00000,0.73241,0.00000,-0.68086,1064.1
quat0,-0.64614,0.07462,0.74675,0.13893,1064.12
quat1,0.11183,0.26097,-0.59023,-0.75566,1064.12
quat2,0.12113,0.49573,-0.61355,-0.60261,1064.12
quat3,-0.57498,0.75211,0.08670,-0.31018,1064.12
quat4,-0.55374,0.54865,0.27437,-0.56310,1064.12
quat5,0.00000,0.73241,0.00000,-0.68086,1064.12
quat6,0.00000,0.73241,0.00000,-0.68086,1064.12
quat7,0.00000,0.73241,0.00000,-0.68086,1064.12
quat8,0.00000,0.73241,0.00000,-0.68086,1064.12
quat0,-0.64542,0.07497,0.74683,0.14164,1064.14
quat1,0.12050,0.26359,-0.60653,-0.74035,1064.14
quat2,0.11868,0.48186,-0.63189,-0.59535,1064.14
quat3,-0.59107,0.74459,0.08319,-0.29884,1064.14
quat4,-0.57282,0.55129,0.27433,-0.54101,1064.14
quat5,0.00000,0.73241,0.00000,-0.68086,1064.14
quat6,0.00000,0.73241,0.00000,-0.68086,1064.14
quat7,0.00000,0.73241,0.00000,-0.68086,1064.14
quat8,0.00000,0.73241,0.00000,-0.68086,1064.14
quat0,-0.64965,0.07672,0.74266,0.14328,1064.16
quat1,0.12450,0.26628,-0.62265,-0.72519,1064.16
quat2,0.11479,0.47116,-0.64974,-0.58538,1064.16
quat3,-0.60757,0.73444,0.07999,-0.29166,1064.16
quat4,-0.59352,0.54987,0.27082,-0.52157,1064.16
quat5,0.00000,0.73241,0.00000,-0.68086,1064.16
quat6,0.00000,0.73241,0.00000,-0.68086,1064.16
quat7,0.00000,0.73241,0.00000,-0.68086,1064.16
quat8,0.00000,0.73241,0.00000,-0.68086,1064.16
quat0,-0.64787,0.07848,0.74392,0.14381,1064.18
quat1,0.12511,0.26796,-0.63797,-0.71102,1064.18
quat2,0.10949,0.46390,-0.66666,-0.57304,1064.18
quat3,-0.62325,0.72305,0.07724,-0.28775,1064.18
quat4,-0.61527,0.54525,0.26283,-0.50504,1064.18
quat5,0.00000,0.73241,0.00000,-0.68086,1064.18
quat6,0.00000,0.73241,0.00000,-0.68086,1064.18
quat7,0.00000,0.73241,0.00000,-0.68086,1064.18
quat8,0.00000,0.73241,0.00000,-0.68086,1064.18
quat0,-0.64758,0.08310,0.74298,0.14735,1064.2
quat1,0.12390,0.26942,-0.65228,-0.69756,1064.2
quat2,0.10098,0.45827,-0.68337,-0.55929,1064.2
quat3,-0.63753,0.71100,0.07485,-0.28710,1064.2
quat4,-0.63702,0.53819,0.25078,-0.49160,1064.2
quat5,0.00000,0.73241,0.00000,-0.68086,1064.2
quat6,0.00000,0.73241,0.00000,-0.68086,1064.2
quat7,0.00000,0.73241,0.00000,-0.68086,1064.2
quat8,0.00000,0.73241,0.00000,-0.68086,1064.2
quat0,-0.64479,0.08454,0.74487,0.14924,1064.22
quat1,0.12122,0.27140,-0.66484,-0.68530,1064.22
quat2,0.08939,0.45526,-0.69862,-0.54469,1064.22
quat3,-0.64989,0.69913,0.07217,-0.28923,1064.22
quat4,-0.65675,0.52817,0.23736,-0.48309,1064.22
quat5,0.00000,0.73241,0.00000,-0.68086,1064.22
quat6,0.00000,0.73241,0.00000,-0.68086,1064.22
quat7,0.00000,0.73241,0.00000,-0.68086,1064.22
quat8,0.00000,0.73241,0.00000,-0.68086,1064.22
quat0,-0.64481,0.08706,0.74435,0.15027,1064.24
quat1,0.11711,0.27533,-0.67538,-0.67405,1064.24
quat2,0.07629,0.45514,-0.71145,-0.52996,1064.24
quat3,-0.66043,0.68763,0.06985,-0.29346,1064.24
quat4,-0.67339,0.51569,0.22410,-0.47999,1064.24
quat5,0.00000,0.73241,0.00000,-0.68086,1064.24
quat6,0.00000,0.73241,0.00000,-0.68086,1064.24
quat7,0.00000,0.73241,0.00000,-0.68086,1064.24
quat8,0.00000,0.73241,0.00000,-0.68086,1064.24
quat0,-0.64209,0.08872,0.74613,0.15213,1064.26
quat1,0.11048,0.28148,-0.68369,-0.66417,1064.26
quat2,0.06206,0.45853,-0.72191,-0.51453,1064.26
quat3,-0.66853,0.67719,0.06779,-0.29981,1064.26
quat4,-0.68664,0.50158,0.21127,-0.48198,1064.26
quat5,0.00000,0.73241,0.00000,-0.68086,1064.26
quat6,0.00000,0.73241,0.00000,-0.68086,1064.26
quat7,0.00000,0.73241,0.00000,-0.68086,1064.26
quat8,0.00000,0.73241,0.00000,-0.68086,1064.26
quat0,-0.64104,0.08900,0.74621,0.15590,1064.28
quat1,0.10267,0.28954,-0.68940,-0.65602,1064.28
quat2,0.04722,0.46443,-0.72915,-0.50041,1064.28
quat3,-0.67409,0.66792,0.06503,-0.30863,1064.28
quat4,-0.69654,0.48749,0.19776,-0.48792,1064.28
quat5,0.00000,0.73241,0.00000,-0.68086,1064.28
quat6,0.00000,0.73241,0.00000,-0.68086,1064.28
quat7,0.00000,0.73241,0.00000,-0.68086,1064.28
quat8,0.00000,0.73241,0.00000,-0.68086,1064.28
quat0,-0.64036,0.09156,0.74575,0.15939,1064.3
quat1,0.09638,0.30146,-0.69221,-0.64859,1064.3
quat2,0.03290,0.47343,-0.73243,-0.48820,1064.3
quat3,-0.67583,0.66114,0.06007,-0.32022,1064.3
quat4,-0.70305,0.47400,0.18380,-0.49725,1064.3
quat5,0.00000,0.73241,0.00000,-0.68086,1064.3
quat6,0.00000,0.73241,0.00000,-0.68086,1064.3
quat7,0.00000,0.73241,0.00000,-0.68086,1064.3
quat8,0.00000,0.73241,0.00000,-0.68086,1064.3
quat0,-0.64264,0.09484,0.74261,0.16296,1064.32
quat1,0.08860,0.31528,-0.69268,-0.64261,1064.32
quat2,0.01883,0.48522,-0.73184,-0.47813,1064.32
quat3,-0.67288,0.65784,0.05381,-0.33403,1064.32
quat4,-0.70622,0.46264,0.16876,-0.50867,1064.32
quat5,0.00000,0.73241,0.00000,-0.68086,1064.32
quat6,0.00000,0.73241,0.00000,-0.68086,1064.32
quat7,0.00000,0.73241,0.00000,-0.68086,1064.32
quat8,0.00000,0.73241,0.00000,-0.68086,1064.32
quat0,-0.63976,0.09372,0.74456,0.16599,1064.34
quat1,0.07831,0.33004,-0.68947,-0.63997,1064.34
quat2,0.00711,0.50097,-0.72749,-0.46876,1064.34
quat3,-0.66623,0.65641,0.04833,-0.35061,1064.34
quat4,-0.70506,0.45326,0.15438,-0.52308,1064.34
quat5,0.00000,0.73241,0.00000,-0.68086,1064.34
quat6,0.00000,0.73241,0.00000,-0.68086,1064.34
quat7,0.00000,0.73241,0.00000,-0.68086,1064.34
quat8,0.00000,0.73241,0.00000,-0.68086,1064.34
quat0,-0.63452,0.09290,0.74954,0.16418,1064.36
quat1,0.06631,0.34531,-0.68245,-0.64080,1064.36
quat2,-0.00220,0.51953,-0.71931,-0.46118,1064.36
quat3,-0.65667,0.65592,0.04516,-0.36948,1064.36
quat4,-0.69942,0.44499,0.14243,-0.54084,1064.36
quat5,0.00000,0.73241,0.00000,-0.68086,1064.36
quat6,0.00000,0.73241,0.00000,-0.68086,1064.36
quat7,0.00000,0.73241,0.00000,-0.68086,1064.36
quat8,0.00000,0.73241,0.00000,-0.68086,1064.36
quat0,-0.63473,0.09685,0.74753,0.17010,1064.38
quat1,0.05444,0.36024,-0.67350,-0.64316,1064.38
quat2,-0.00865,0.54137,-0.70775,-0.45381,1064.38
quat3,-0.64502,0.65478,0.04644,-0.39123,1064.38
quat4,-0.68933,0.43587,0.13471,-0.56276,1064.38
quat5,0.00000,0.73241,0.00000,-0.68086,1064.38
quat6,0.00000,0.73241,0.00000,-0.68086,1064.38
quat7,0.00000,0.73241,0.00000,-0.68086,1064.38
quat8,0.00000,0.73241,0.00000,-0.68086,1064.38
quat0,-0.63455,0.09365,0.74902,0.16597,1064.4
quat1,0.04513,0.37535,-0.66336,-0.64578,1064.4
quat2,-0.01316,0.56310,-0.69473,-0.44731,1064.4
quat3,-0.63144,0.65273,0.05002,-0.41560,1064.4
quat4,-0.67477,0.42544,0.13216,-0.58840,1064.4
quat5,0.00000,0.73241,0.00000,-0.68086,1064.4
quat6,0.00000,0.73241,0.00000,-0.68086,1064.4
quat7,0.00000,0.73241,0.00000,-0.68086,1064.4
quat8,0.00000,0.73241,0.00000,-0.68086,1064.4
quat0,-0.63524,0.08870,0.74947,0.16402,1064.42
quat1,0.03783,0.38973,-0.65067,-0.65062,1064.42
quat2,-0.01958,0.58301,-0.68023,-0.44384,1064.42
quat3,-0.61752,0.65262,0.05168,-0.43599,1064.42
quat4,-0.65540,0.41416,0.13560,-0.61687,1064.42
quat5,0.00000,0.73241,0.00000,-0.68086,1064.42
quat6,0.00000,0.73241,0.00000,-0.68086,1064.42
quat7,0.00000,0.73241,0.00000,-0.68086,1064.42
quat8,0.00000,0.73241,0.00000,-0.68086,1064.42
quat0,-0.63720,0.08714,0.74832,0.16244,1064.44
quat1,0.03428,0.40059,-0.63490,-0.65974,1064.44
quat2,-0.02827,0.60004,-0.66379,-0.44557,1064.44
quat3,-0.60324,0.65686,0.05185,-0.44938,1064.44
quat4,-0.63253,0.40159,0.14363,-0.64653,1064.44
quat5,0.00000,0.73241,0.00000,-0.68086,1064.44
quat6,0.00000,0.73241,0.00000,-0.68086,1064.44
quat7,0.00000,0.73241,0.00000,-0.68086,1064.44
quat8,0.00000,0.73241,0.00000,-0.68086,1064.44
quat0,-0.63843,0.08454,0.74837,0.15879,1064.46
quat1,0.03422,0.40658,-0.61746,-0.67251,1064.46
quat2,-0.03782,0.61244,-0.64739,-0.45208,1064.46
quat3,-0.58770,0.66623,0.05292,-0.45602,1064.46
quat4,-0.60851,0.38681,0.15732,-0.67480,1064.46
quat5,0.00000,0.73241,0.00000,-0.68086,1064.46
quat6,0.00000,0.73241,0.00000,-0.68086,1064.46
quat7,0.00000,0.73241,0.00000,-0.68086,1064.46
quat8,0.00000,0.73241,0.00000,-0.68086,1064.46
quat0,-0.63186,0.08468,0.75378,0.15934,1064.48
quat1,0.03653,0.40783,-0.59847,-0.68860,1064.48
quat2,-0.04572,0.61830,-0.63195,-0.46502,1064.48
quat3,-0.57188,0.67940,0.05534,-0.45641,1064.48
quat4,-0.58481,0.37679,0.17148,-0.69758,1064.48
quat5,0.00000,0.73241,0.00000,-0.68086,1064.48
quat6,0.00000,0.73241,0.00000,-0.68086,1064.48
quat7,0.00000,0.73241,0.00000,-0.68086,1064.48
quat8,0.00000,0.73241,0.00000,-0.68086,1064.48
quat0,-0.63381,0.08075,0.75450,0.14997,1064.5
quat1,0.03808,0.40153,-0.57996,-0.70779,1064.5
quat2,-0.04792,0.61814,-0.61620,-0.48570,1064.5
quat3,-0.55771,0.69264,0.05993,-0.45345,1064.5
quat4,-0.56357,0.37848,0.18111,-0.71158,1064.5
quat5,0.00000,0.73241,0.00000,-0.68086,1064.5
quat6,0.00000,0.73241,0.00000,-0.68086,1064.5
quat7,0.00000,0.73241,0.00000,-0.68086,1064.5
quat8,0.00000,0.73241,0.00000,-0.68086,1064.5
quat0,-0.63644,0.07582,0.75419,0.14280,1064.52
quat1,0.03880,0.38730,-0.56446,-0.72793,1064.52
quat2,-0.03917,0.61573,-0.60090,-0.50819,1064.52
quat3,-0.54530,0.70567,0.06510,-0.44770,1064.52
quat4,-0.54612,0.39402,0.18695,-0.71523,1064.52
quat5,0.00000,0.73241,0.00000,-0.68086,1064.52
quat6,0.00000,0.73241,0.00000,-0.68086,1064.52
quat7,0.00000,0.73241,0.00000,-0.68086,1064.52
quat8,0.00000,0.73241,0.00000,-0.68086,1064.52
quat0,-0.63138,0.07940,0.75669,0.14993,1064.54
quat1,0.03997,0.36718,-0.55262,-0.74712,1064.54
quat2,-0.02287,0.60986,-0.58759,-0.53130,1064.54
quat3,-0.53541,0.71975,0.07140,-0.43611,1064.54
quat4,-0.53212,0.42147,0.19024,-0.70924,1064.54
quat5,0.00000,0.73241,0.00000,-0.68086,1064.54
quat6,0.00000,0.73241,0.00000,-0.68086,1064.54
quat7,0.00000,0.73241,0.00000,-0.68086,1064.54
quat8,0.00000,0.73241,0.00000,-0.68086,1064.54
quat0,-0.63779,0.07137,0.75378,0.14123,1064.56
quat1,0.04310,0.34084,-0.54287,-0.76633,1064.56
quat2,-0.00492,0.59929,-0.57621,-0.55571,1064.56
quat3,-0.52933,0.73441,0.07803,-0.41757,1064.56
quat4,-0.52082,0.45111,0.19739,-0.69734,1064.56
quat5,0.00000,0.73241,0.00000,-0.68086,1064.56
quat6,0.00000,0.73241,0.00000,-0.68086,1064.56
quat7,0.00000,0.73241,0.00000,-0.68086,1064.56
quat8,0.00000,0.73241,0.00000,-0.68086,1064.56
quat0,-0.63929,0.07445,0.75180,0.14341,1064.58
quat1,0.04854,0.31606,-0.53677,-0.78079,1064.58
quat2,0.01753,0.58530,-0.56907,-0.57730,1064.58
quat3,-0.52678,0.74833,0.08375,-0.39432,1064.58
quat4,-0.51296,0.47631,0.21087,-0.68230,1064.58
quat5,0.00000,0.73241,0.00000,-0.68086,1064.58
quat6,0.00000,0.73241,0.00000,-0.68086,1064.58
quat7,0.00000,0.73241,0.00000,-0.68086,1064.58
quat8,0.00000,0.73241,0.00000,-0.68086,1064.58
quat0,-0.63547,0.07765,0.75361,0.14908,1064.6
quat1,0.05521,0.29890,-0.53528,-0.78809,1064.6
quat2,0.04059,0.56825,-0.56639,-0.59552,1064.6
quat3,-0.52639,0.76013,0.08846,-0.37053,1064.6
quat4,-0.50844,0.50081,0.22614,-0.66298,1064.6
quat5,0.00000,0.73241,0.00000,-0.68086,1064.6
quat6,0.00000,0.73241,0.00000,-0.68086,1064.6
quat7,0.00000,0.73241,0.00000,-0.68086,1064.6
quat8,0.00000,0.73241,0.00000,-0.68086,1064.6
quat0,-0.63945,0.07120,0.75227,0.14186,1064.62
quat1,0.06264,0.28501,-0.53826,-0.79065,1064.62
quat2,0.06046,0.54733,-0.56687,-0.61273,1064.62
quat3,-0.52919,0.76875,0.09167,-0.34724,1064.62
quat4,-0.51014,0.52698,0.23859,-0.63649,1064.62
quat5,0.00000,0.73241,0.00000,-0.68086,1064.62
quat6,0.00000,0.73241,0.00000,-0.68086,1064.62
quat7,0.00000,0.73241,0.00000,-0.68086,1064.62
quat8,0.00000,0.73241,0.00000,-0.68086,1064.62
quat0,-0.63874,0.07824,0.75157,0.14504,1064.64
quat1,0.07218,0.27265,-0.54566,-0.78912,1064.64
quat2,0.07926,0.52609,-0.57127,-0.62498,1064.64
quat3,-0.53583,0.77351,0.09384,-0.32522,1064.64
quat4,-0.51625,0.54875,0.25080,-0.60783,1064.64
quat5,0.00000,0.73241,0.00000,-0.68086,1064.64
quat6,0.00000,0.73241,0.00000,-0.68086,1064.64
quat7,0.00000,0.73241,0.00000,-0.68086,1064.64
quat8,0.00000,0.73241,0.00000,-0.68086,1064.64
quat0,-0.63751,0.07821,0.75256,0.14535,1064.66
quat1,0.08280,0.26383,-0.55710,-0.78306,1064.66
quat2,0.09408,0.50425,-0.57935,-0.63343,1064.66
quat3,-0.54499,0.77500,0.09485,-0.30554,1064.66
quat4,-0.52450,0.56419,0.26335,-0.58072,1064.66
quat5,0.00000,0.73241,0.00000,-0.68086,1064.66
quat6,0.00000,0.73241,0.00000,-0.68086,1064.66
quat7,0.00000,0.73241,0.00000,-0.68086,1064.66
quat8,0.00000,0.73241,0.00000,-0.68086,1064.66
quat0,-0.63901,0.07509,0.75223,0.14207,1064.68
quat1,0.09273,0.25666,-0.57095,-0.77431,1064.68
quat2,0.10582,0.48470,-0.59080,-0.63626,1064.68
quat3,-0.55687,0.77296,0.09522,-0.28874,1064.68
quat4,-0.53473,0.57368,0.27485,-0.55626,1064.68
quat5,0.00000,0.73241,0.00000,-0.68086,1064.68
quat6,0.00000,0.73241,0.00000,-0.68086,1064.68
quat7,0.00000,0.73241,0.00000,-0.68086,1064.68
quat8,0.00000,0.73241,0.00000,-0.68086,1064.68
quat0,-0.63874,0.07598,0.75187,0.14466,1064.7
quat1,0.10186,0.25163,-0.58644,-0.76315,1064.7
quat2,0.11523,0.46848,-0.60493,-0.63350,1064.7
quat3,-0.57129,0.76676,0.09712,-0.27618,1064.7
quat4,-0.54789,0.57908,0.28296,-0.53331,1064.7
quat5,0.00000,0.73241,0.00000,-0.68086,1064.7
quat6,0.00000,0.73241,0.00000,-0.68086,1064.7
quat7,0.00000,0.73241,0.00000,-0.68086,1064.7
quat8,0.00000,0.73241,0.00000,-0.68086,1064.7
quat0,-0.63943,0.07809,0.75029,0.14867,1064.72
quat1,0.11021,0.24911,-0.60234,-0.75033,1064.72
quat2,0.11944,0.45401,-0.62182,-0.62686,1064.72
quat3,-0.58641,0.75783,0.10004,-0.26796,1064.72
quat4,-0.56428,0.58126,0.28617,-0.51169,1064.72
quat5,0.00000,0.73241,0.00000,-0.68086,1064.72
quat6,0.00000,0.73241,0.00000,-0.68086,1064.72
quat7,0.00000,0.73241,0.00000,-0.68086,1064.72
quat8,0.00000,0.73241,0.00000,-0.68086,1064.72
quat0,-0.64059,0.07816,0.74972,0.14647,1064.74
quat1,0.11726,0.24782,-0.61776,-0.73702,1064.74
quat2,0.11921,0.44186,-0.64042,-0.61677,1064.74
quat3,-0.60131,0.74749,0.10249,-0.26301,1064.74
quat4,-0.58326,0.58085,0.28356,-0.49195,1064.74
quat5,0.00000,0.73241,0.00000,-0.68086,1064.74
quat6,0.00000,0.73241,0.00000,-0.68086,1064.74
quat7,0.00000,0.73241,0.00000,-0.68086,1064.74
quat8,0.00000,0.73241,0.00000,-0.68086,1064.74
quat0,-0.64170,0.07880,0.74852,0.14741,1064.76
quat1,0.12310,0.24803,-0.63292,-0.72301,1064.76
quat2,0.11572,0.43269,-0.65959,-0.60360,1064.76
quat3,-0.61592,0.73641,0.10375,-0.25996,1064.76
quat4,-0.60234,0.57622,0.27925,-0.47663,1064.76
quat5,0.00000,0.73241,0.00000,-0.68086,1064.76
quat6,0.00000,0.73241,0.00000,-0.68086,1064.76
quat7,0.00000,0.73241,0.00000,-0.68086,1064.76
quat8,0.00000,0.73241,0.00000,-0.68086,1064.76
quat0,-0.63826,0.08205,0.75068,0.14956,1064.78
quat1,0.12715,0.25043,-0.64785,-0.70810,1064.78
quat2,0.10947,0.42706,-0.67836,-0.58776,1064.78
quat3,-0.62991,0.72500,0.10324,-0.25870,1064.78
quat4,-0.61901,0.56636,0.27616,-0.46883,1064.78
quat5,0.00000,0.73241,0.00000,-0.68086,1064.78
quat6,0.00000,0.73241,0.00000,-0.68086,1064.78
quat7,0.00000,0.73241,0.00000,-0.68086,1064.78
quat8,0.00000,0.73241,0.00000,-0.68086,1064.78
quat0,-0.63918,0.08397,0.74961,0.14998,1064.8
quat1,0.12917,0.25458,-0.66155,-0.69344,1064.8
quat2,0.10101,0.42460,-0.69576,-0.57046,1064.8
quat3,-0.64284,0.71353,0.10156,-0.25947,1064.8
quat4,-0.63366,0.55334,0.27306,-0.46662,1064.8
quat5,0.00000,0.73241,0.00000,-0.68086,1064.8
quat6,0.00000,0.73241,0.00000,-0.68086,1064.8
quat7,0.00000,0.73241,0.00000,-0.68086,1064.8
quat8,0.00000,0.73241,0.00000,-0.68086,1064.8
quat0,-0.63618,0.08427,0.75207,0.15023,1064.82
quat1,0.12845,0.25976,-0.67383,-0.67969,1064.82
quat2,0.09139,0.42588,-0.71094,-0.55212,1064.82
quat3,-0.65335,0.70285,0.09915,-0.26325,1064.82
quat4,-0.64745,0.53949,0.26706,-0.46737,1064.82
quat5,0.00000,0.73241,0.00000,-0.68086,1064.82
quat6,0.00000,0.73241,0.00000,-0.68086,1064.82
quat7,0.00000,0.73241,0.00000,-0.68086,1064.82
quat8,0.00000,0.73241,0.00000,-0.68086,1064.82
quat0,-0.63586,0.08670,0.75108,0.15508,1064.84
quat1,0.12433,0.26547,-0.68433,-0.66766,1064.84
quat2,0.08006,0.42952,-0.72392,-0.53390,1064.84
quat3,-0.66123,0.69359,0.09568,-0.26936,1064.84
quat4,-0.66035,0.52619,0.25711,-0.47007,1064.84
quat5,0.00000,0.73241,0.00000,-0.68086,1064.84
quat6,0.00000,0.73241,0.00000,-0.68086,1064.84
quat7,0.00000,0.73241,0.00000,-0.68086,1064.84
quat8,0.00000,0.73241,0.00000,-0.68086,1064.84
quat0,-0.63660,0.08499,0.75065,0.15506,1064.86
quat1,0.11761,0.27215,-0.69202,-0.65819,1064.86
quat2,0.06754,0.43631,-0.73373,-0.51645,1064.86
quat3,-0.66613,0.68603,0.09118,-0.27807,1064.86
quat4,-0.67138,0.51347,0.24445,-0.47523,1064.86
quat5,0.00000,0.73241,0.00000,-0.68086,1064.86
quat6,0.00000,0.73241,0.00000,-0.68086,1064.86
quat7,0.00000,0.73241,0.00000,-0.68086,1064.86
quat8,0.00000,0.73241,0.00000,-0.68086,1064.86
quat0,-0.63463,0.08455,0.75266,0.15363,1064.88
quat1,0.11099,0.28180,-0.69635,-0.65067,1064.88
quat2,0.05487,0.44527,-0.73969,-0.50157,1064.88
quat3,-0.66823,0.68001,0.08516,-0.28949,1064.88
quat4,-0.68001,0.50201,0.22967,-0.48251,1064.88
quat5,0.00000,0.73241,0.00000,-0.68086,1064.88
quat6,0.00000,0.73241,0.00000,-0.68086,1064.88
quat7,0.00000,0.73241,0.00000,-0.68086,1064.88
quat8,0.00000,0.73241,0.00000,-0.68086,1064.88
quat0,-0.63458,0.08671,0.75177,0.15696,1064.9
quat1,0.10387,0.29326,-0.69778,-0.64522,1064.9
quat2,0.04257,0.45737,-0.74135,-0.48928,1064.9
quat3,-0.66695,0.67589,0.07883,-0.30353,1064.9
quat4,-0.68524,0.49130,0.21430,-0.49309,1064.9
quat5,0.00000,0.73241,0.00000,-0.68086,1064.9
quat6,0.00000,0.73241,0.00000,-0.68086,1064.9
quat7,0.00000,0.73241,0.00000,-0.68086,1064.9
quat8,0.00000,0.73241,0.00000,-0.68086,1064.9
quat0,-0.62924,0.08504,0.75735,0.15243,1064.92
quat1,0.09524,0.30719,-0.69638,-0.64157,1064.92
quat2,0.03044,0.47140,-0.73848,-0.48114,1064.92
quat3,-0.66280,0.67304,0.07242,-0.32011,1064.92
quat4,-0.68660,0.48215,0.19927,-0.50636,1064.92
quat5,0.00000,0.73241,0.00000,-0.68086,1064.92
quat6,0.00000,0.73241,0.00000,-0.68086,1064.92
quat7,0.00000,0.73241,0.00000,-0.68086,1064.92
quat8,0.00000,0.73241,0.00000,-0.68086,1064.92
quat0,-0.62851,0.08461,0.75740,0.15543,1064.94
quat1,0.08366,0.32448,-0.69138,-0.64009,1064.94
quat2,0.01993,0.48917,-0.73148,-0.47462,1064.94
quat3,-0.65589,0.67122,0.06658,-0.33889,1064.94
quat4,-0.68353,0.47373,0.18590,-0.52327,1064.94
quat5,0.00000,0.73241,0.00000,-0.68086,1064.94
quat6,0.00000,0.73241,0.00000,-0.68086,1064.94
quat7,0.00000,0.73241,0.00000,-0.68086,1064.94
quat8,0.00000,0.73241,0.00000,-0.68086,1064.94
quat0,-0.62401,0.08629,0.76059,0.15708,1064.96
quat1,0.07080,0.34176,-0.68305,-0.64159,1064.96
quat2,0.01200,0.50982,-0.72090,-0.46931,1064.96
quat3,-0.64619,0.67056,0.06212,-0.35905,1064.96
quat4,-0.67593,0.46577,0.17482,-0.54371,1064.96
quat5,0.00000,0.73241,0.00000,-0.68086,1064.96
quat6,0.00000,0.73241,0.00000,-0.68086,1064.96
quat7,0.00000,0.73241,0.00000,-0.68086,1064.96
quat8,0.00000,0.73241,0.00000,-0.68086,1064.96
quat0,-0.62234,0.08322,0.76296,0.15381,1064.98
quat1,0.05994,0.35914,-0.67362,-0.64316,1064.98
quat2,0.00603,0.53193,-0.70790,-0.46464,1064.98
quat3,-0.63412,0.66985,0.05999,-0.38158,1064.98
quat4,-0.66373,0.45677,0.16759,-0.56810,1064.98
quat5,0.00000,0.73241,0.00000,-0.68086,1064.98
quat6,0.00000,0.73241,0.00000,-0.68086,1064.98
quat7,0.00000,0.73241,0.00000,-0.68086,1064.98
quat8,0.00000,0.73241,0.00000,-0.68086,1064.98
quat0,-0.62220,0.08117,0.76433,0.14862,1065
quat1,0.05099,0.37553,-0.66208,-0.64656,1065
quat2,-0.00231,0.55230,-0.69390,-0.46202,1065
quat3,-0.62089,0.66869,0.05878,-0.40484,1065
quat4,-0.64828,0.44724,0.16250,-0.59439,1065
quat5,0.00000,0.73241,0.00000,-0.68086,1065
quat6,0.00000,0.73241,0.00000,-0.68086,1065
quat7,0.00000,0.73241,0.00000,-0.68086,1065
quat8,0.00000,0.73241,0.00000,-0.68086,1065
quat0,-0.62836,0.08199,0.75926,0.14822,1065.02
quat1,0.04208,0.38670,-0.64693,-0.65588,1065.02
quat2,-0.01309,0.57131,-0.67804,-0.46227,1065.02
quat3,-0.60666,0.66970,0.05756,-0.42445,1065.02
quat4,-0.63099,0.43790,0.15845,-0.62047,1065.02
quat5,0.00000,0.73241,0.00000,-0.68086,1065.02
quat6,0.00000,0.73241,0.00000,-0.68086,1065.02
quat7,0.00000,0.73241,0.00000,-0.68086,1065.02
quat8,0.00000,0.73241,0.00000,-0.68086,1065.02
quat0,-0.62704,0.07891,0.76082,0.14744,1065.04
quat1,0.03441,0.39073,-0.63089,-0.66942,1065.04
quat2,-0.02048,0.58905,-0.66053,-0.46507,1065.04
quat3,-0.59113,0.67351,0.05757,-0.44004,1065.04
quat4,-0.61302,0.43015,0.15396,-0.64457,1065.04
quat5,0.00000,0.73241,0.00000,-0.68086,1065.04
quat6,0.00000,0.73241,0.00000,-0.68086,1065.04
quat7,0.00000,0.73241,0.00000,-0.68086,1065.04
quat8,0.00000,0.73241,0.00000,-0.68086,1065.04
quat0,-0.62816,0.07512,0.76115,0.14288,1065.06
quat1,0.02792,0.39214,-0.61430,-0.68417,1065.06
quat2,-0.02239,0.60590,-0.64279,-0.46819,1065.06
quat3,-0.57468,0.67982,0.05929,-0.45175,1065.06
quat4,-0.59523,0.42631,0.14904,-0.66464,1065.06
quat5,0.00000,0.73241,0.00000,-0.68086,1065.06
quat6,0.00000,0.73241,0.00000,-0.68086,1065.06
quat7,0.00000,0.73241,0.00000,-0.68086,1065.06
quat8,0.00000,0.73241,0.00000,-0.68086,1065.06
quat0,-0.63071,0.07235,0.75995,0.13947,1065.08
quat1,0.02649,0.39246,-0.59583,-0.70019,1065.08
quat2,-0.01981,0.62186,-0.62373,-0.47313,1065.08
quat3,-0.55798,0.68801,0.06147,-0.45991,1065.08
quat4,-0.57738,0.42965,0.14369,-0.67926,1065.08
quat5,0.00000,0.73241,0.00000,-0.68086,1065.08
quat6,0.00000,0.73241,0.00000,-0.68086,1065.08
quat7,0.00000,0.73241,0.00000,-0.68086,1065.08
quat8,0.00000,0.73241,0.00000,-0.68086,1065.08
quat0,-0.63122,0.07087,0.75965,0.13958,1065.1
quat1,0.02971,0.38951,-0.57793,-0.71652,1065.1
quat2,-0.01014,0.63616,-0.60423,-0.47970,1065.1
quat3,-0.54255,0.69715,0.06404,-0.46424,1065.1
quat4,-0.55871,0.43794,0.14082,-0.69009,1065.1
quat5,0.00000,0.73241,0.00000,-0.68086,1065.1
quat6,0.00000,0.73241,0.00000,-0.68086,1065.1
quat7,0.00000,0.73241,0.00000,-0.68086,1065.1
quat8,0.00000,0.73241,0.00000,-0.68086,1065.1
quat0,-0.63110,0.06768,0.76127,0.13266,1065.12
quat1,0.03463,0.38542,-0.56270,-0.73050,1065.12
quat2,0.00394,0.64646,-0.58584,-0.48874,1065.12
quat3,-0.52850,0.70822,0.06738,-0.46321,1065.12
quat4,-0.53949,0.44548,0.14525,-0.69957,1065.12
quat5,0.00000,0.73241,0.00000,-0.68086,1065.12
quat6,0.00000,0.73241,0.00000,-0.68086,1065.12
quat7,0.00000,0.73241,0.00000,-0.68086,1065.12
quat8,0.00000,0.73241,0.00000,-0.68086,1065.12
quat0,-0.62622,0.06788,0.76474,0.13569,1065.14
quat1,0.04101,0.38087,-0.54945,-0.74253,1065.14
quat2,0.01562,0.64797,-0.56970,-0.50531,1065.14
quat3,-0.51654,0.71991,0.07382,-0.45767,1065.14
quat4,-0.52087,0.45221,0.15603,-0.70700,1065.14
quat5,0.00000,0.73241,0.00000,-0.68086,1065.14
quat6,0.00000,0.73241,0.00000,-0.68086,1065.14
quat7,0.00000,0.73241,0.00000,-0.68086,1065.14
quat8,0.00000,0.73241,0.00000,-0.68086,1065.14
quat0,-0.63165,0.06339,0.76201,0.12781,1065.16
quat1,0.04736,0.37172,-0.53803,-0.75505,1065.16
quat2,0.02766,0.64187,-0.55634,-0.52699,1065.16
quat3,-0.50787,0.73061,0.08193,-0.44896,1065.16
quat4,-0.50371,0.45951,0.17118,-0.71121,1065.16
quat5,0.00000,0.73241,0.00000,-0.68086,1065.16
quat6,0.00000,0.73241,0.00000,-0.68086,1065.16
quat7,0.00000,0.73241,0.00000,-0.68086,1065.16
quat8,0.00000,0.73241,0.00000,-0.68086,1065.16
quat0,-0.62993,0.06751,0.76266,0.13032,1065.18
quat1,0.05256,0.35745,-0.52974,-0.76736,1065.18
quat2,0.04289,0.63048,-0.54723,-0.54881,1065.18
quat3,-0.50246,0.73968,0.08992,-0.43856,1065.18
quat4,-0.49018,0.46891,0.18839,-0.71018,1065.18
quat5,0.00000,0.73241,0.00000,-0.68086,1065.18
quat6,0.00000,0.73241,0.00000,-0.68086,1065.18
quat7,0.00000,0.73241,0.00000,-0.68086,1065.18
quat8,0.00000,0.73241,0.00000,-0.68086,1065.18
quat0,-0.63088,0.06897,0.76170,0.13056,1065.2
quat1,0.05639,0.33981,-0.52515,-0.77818,1065.2
quat2,0.05908,0.61530,-0.54114,-0.57016,1065.2
quat3,-0.49956,0.74758,0.09877,-0.42639,1065.2
quat4,-0.48216,0.48386,0.20334,-0.70146,1065.2
quat5,0.00000,0.73241,0.00000,-0.68086,1065.2
quat6,0.00000,0.73241,0.00000,-0.68086,1065.2
quat7,0.00000,0.73241,0.00000,-0.68086,1065.2
quat8,0.00000,0.73241,0.00000,-0.68086,1065.2
quat0,-0.63474,0.06461,0.75986,0.12471,1065.22
quat1,0.05947,0.31892,-0.52518,-0.78673,1065.22
quat2,0.07627,0.59676,-0.53821,-0.59025,1065.22
quat3,-0.50030,0.75495,0.10633,-0.41043,1065.22
quat4,-0.48029,0.50307,0.21588,-0.68531,1065.22
quat5,0.00000,0.73241,0.00000,-0.68086,1065.22
quat6,0.00000,0.73241,0.00000,-0.68086,1065.22
quat7,0.00000,0.73241,0.00000,-0.68086,1065.22
quat8,0.00000,0.73241,0.00000,-0.68086,1065.22
quat0,-0.63426,0.07101,0.75813,0.13381,1065.24
quat1,0.06380,0.29974,-0.53018,-0.79057,1065.24
quat2,0.09332,0.57574,-0.53962,-0.60714,1065.24
quat3,-0.50517,0.76140,0.11094,-0.39085,1065.24
quat4,-0.48325,0.52023,0.22965,-0.66565,1065.24
quat5,0.00000,0.73241,0.00000,-0.68086,1065.24
quat6,0.00000,0.73241,0.00000,-0.68086,1065.24
quat7,0.00000,0.73241,0.00000,-0.68086,1065.24
quat8,0.00000,0.73241,0.00000,-0.68086,1065.24
quat0,-0.63245,0.06962,0.76011,0.13191,1065.26
quat1,0.06891,0.28365,-0.53907,-0.79006,1065.26
quat2,0.10626,0.55270,-0.54531,-0.62118,1065.26
quat3,-0.51322,0.76630,0.11287,-0.36966,1065.26
quat4,-0.49018,0.53559,0.24280,-0.64336,1065.26
quat5,0.00000,0.73241,0.00000,-0.68086,1065.26
quat6,0.00000,0.73241,0.00000,-0.68086,1065.26
quat7,0.00000,0.73241,0.00000,-0.68086,1065.26
quat8,0.00000,0.73241,0.00000,-0.68086,1065.26
quat0,-0.63467,0.06660,0.75916,0.12818,1065.28
quat1,0.07450,0.26930,-0.55021,-0.78689,1065.28
quat2,0.11944,0.53318,-0.55395,-0.62816,1065.28
quat3,-0.52436,0.76888,0.11247,-0.34817,1065.28
quat4,-0.50048,0.54828,0.25529,-0.61947,1065.28
quat5,0.00000,0.73241,0.00000,-0.68086,1065.28
quat6,0.00000,0.73241,0.00000,-0.68086,1065.28
quat7,0.00000,0.73241,0.00000,-0.68086,1065.28
quat8,0.00000,0.73241,0.00000,-0.68086,1065.28
quat0,-0.63751,0.07211,0.75536,0.13347,1065.3
quat1,0.08206,0.25926,-0.56322,-0.78028,1065.3
quat2,0.13049,0.51534,-0.56548,-0.63058,1065.3
quat3,-0.53812,0.76854,0.10981,-0.32818,1065.3
quat4,-0.51480,0.55925,0.26504,-0.59328,1065.3
quat5,0.00000,0.73241,0.00000,-0.68086,1065.3
quat6,0.00000,0.73241,0.00000,-0.68086,1065.3
quat7,0.00000,0.73241,0.00000,-0.68086,1065.3
quat8,0.00000,0.73241,0.00000,-0.68086,1065.3
quat0,-0.63860,0.07290,0.75455,0.13236,1065.32
quat1,0.09209,0.25554,-0.57784,-0.76963,1065.32
quat2,0.13584,0.49614,-0.58091,-0.63082,1065.32
quat3,-0.55326,0.76556,0.10618,-0.31074,1065.32
quat4,-0.53364,0.56942,0.26933,-0.56432,1065.32
quat5,0.00000,0.73241,0.00000,-0.68086,1065.32
quat6,0.00000,0.73241,0.00000,-0.68086,1065.32
quat7,0.00000,0.73241,0.00000,-0.68086,1065.32
quat8,0.00000,0.73241,0.00000,-0.68086,1065.32
quat0,-0.64171,0.07237,0.75223,0.13084,1065.34
quat1,0.10248,0.25506,-0.59420,-0.75589,1065.34
quat2,0.13846,0.47875,-0.59905,-0.62670,1065.34
quat3,-0.57027,0.75924,0.10244,-0.29640,1065.34
quat4,-0.55605,0.57669,0.26828,-0.53503,1065.34
quat5,0.00000,0.73241,0.00000,-0.68086,1065.34
quat6,0.00000,0.73241,0.00000,-0.68086,1065.34
quat7,0.00000,0.73241,0.00000,-0.68086,1065.34
quat8,0.00000,0.73241,0.00000,-0.68086,1065.34
quat0,-0.64378,0.07199,0.75004,0.13342,1065.36
quat1,0.11108,0.25698,-0.61184,-0.73978,1065.36
quat2,0.14034,0.46674,-0.61861,-0.61626,1065.36
quat3,-0.58834,0.75014,0.09852,-0.28538,1065.36
quat4,-0.57907,0.57877,0.26496,-0.50941,1065.36
quat5,0.00000,0.73241,0.00000,-0.68086,1065.36
quat6,0.00000,0.73241,0.00000,-0.68086,1065.36
quat7,0.00000,0.73241,0.00000,-0.68086,1065.36
quat8,0.00000,0.73241,0.00000,-0.68086,1065.36
quat0,-0.64344,0.07569,0.74915,0.13794,1065.38
quat1,0.11685,0.25941,-0.62839,-0.72401,1065.38
quat2,0.13928,0.45831,-0.63948,-0.60135,1065.38
quat3,-0.60591,0.73930,0.09533,-0.27789,1065.38
quat4,-0.60089,0.57528,0.26053,-0.49000,1065.38
quat5,0.00000,0.73241,0.00000,-0.68086,1065.38
quat6,0.00000,0.73241,0.00000,-0.68086,1065.38
quat7,0.00000,0.73241,0.00000,-0.68086,1065.38
quat8,0.00000,0.73241,0.00000,-0.68086,1065.38
quat0,-0.64617,0.07420,0.74746,0.13515,1065.4
quat1,0.12196,0.26175,-0.64303,-0.70931,1065.4
quat2,0.13460,0.45203,-0.66077,-0.58389,1065.4
quat3,-0.62219,0.72707,0.09360,-0.27476,1065.4
quat4,-0.62120,0.56731,0.25499,-0.47672,1065.4
quat5,0.00000,0.73241,0.00000,-0.68086,1065.4
quat6,0.00000,0.73241,0.00000,-0.68086,1065.4
quat7,0.00000,0.73241,0.00000,-0.68086,1065.4
quat8,0.00000,0.73241,0.00000,-0.68086,1065.4
quat0,-0.64587,0.07730,0.74684,0.13825,1065.42
quat1,0.12747,0.26520,-0.65630,-0.69475,1065.42
quat2,0.12697,0.44878,-0.68096,-0.56460,1065.42
quat3,-0.63651,0.71383,0.09392,-0.27655,1065.42
quat4,-0.63950,0.55567,0.24845,-0.46963,1065.42
quat5,0.00000,0.73241,0.00000,-0.68086,1065.42
quat6,0.00000,0.73241,0.00000,-0.68086,1065.42
quat7,0.00000,0.73241,0.00000,-0.68086,1065.42
quat8,0.00000,0.73241,0.00000,-0.68086,1065.42
quat0,-0.64434,0.08057,0.74746,0.14015,1065.44
quat1,0.13209,0.27049,-0.66880,-0.67977,1065.44
quat2,0.11708,0.44837,-0.69941,-0.54414,1065.44
quat3,-0.64859,0.70022,0.09473,-0.28292,1065.44
quat4,-0.65537,0.54176,0.24082,-0.46797,1065.44
quat5,0.00000,0.73241,0.00000,-0.68086,1065.44
quat6,0.00000,0.73241,0.00000,-0.68086,1065.44
quat7,0.00000,0.73241,0.00000,-0.68086,1065.44
quat8,0.00000,0.73241,0.00000,-0.68086,1065.44
quat0,-0.64516,0.07911,0.74719,0.13863,1065.46
quat1,0.13394,0.27885,-0.67939,-0.66538,1065.46
quat2,0.10610,0.45125,-0.71506,-0.52326,1065.46
quat3,-0.65824,0.68705,0.09506,-0.29266,1065.46
quat4,-0.66831,0.52653,0.23250,-0.47125,1065.46
quat5,0.00000,0.73241,0.00000,-0.68086,1065.46
quat6,0.00000,0.73241,0.00000,-0.68086,1065.46
quat7,0.00000,0.73241,0.00000,-0.68086,1065.46
quat8,0.00000,0.73241,0.00000,-0.68086,1065.46
quat0,-0.64592,0.08178,0.74607,0.13954,1065.48
quat1,0.13619,0.29212,-0.68670,-0.65158,1065.48
quat2,0.09433,0.45638,-0.72611,-0.50554,1065.48
quat3,-0.66442,0.67589,0.09377,-0.30483,1065.48
quat4,-0.67859,0.51200,0.22233,-0.47743,1065.48
quat5,0.00000,0.73241,0.00000,-0.68086,1065.48
quat6,0.00000,0.73241,0.00000,-0.68086,1065.48
quat7,0.00000,0.73241,0.00000,-0.68086,1065.48
quat8,0.00000,0.73241,0.00000,-0.68086,1065.48
quat0,-0.64368,0.08651,0.74700,0.14205,1065.5
quat1,0.13572,0.30888,-0.69019,-0.64017,1065.5
quat2,0.08223,0.46515,-0.73175,-0.49134,1065.5
quat3,-0.66635,0.66789,0.09088,-0.31880,1065.5
quat4,-0.68548,0.49893,0.21090,-0.48653,1065.5
quat5,0.00000,0.73241,0.00000,-0.68086,1065.5
quat6,0.00000,0.73241,0.00000,-0.68086,1065.5
quat7,0.00000,0.73241,0.00000,-0.68086,1065.5
quat8,0.00000,0.73241,0.00000,-0.68086,1065.5
quat0,-0.64570,0.08347,0.74589,0.14057,1065.52
quat1,0.12676,0.32033,-0.69049,-0.63604,1065.52
quat2,0.07111,0.47711,-0.73275,-0.47999,1065.52
quat3,-0.66430,0.66236,0.08684,-0.33533,1065.52
quat4,-0.68830,0.48799,0.19936,-0.49836,1065.52
quat5,0.00000,0.73241,0.00000,-0.68086,1065.52
quat6,0.00000,0.73241,0.00000,-0.68086,1065.52
quat7,0.00000,0.73241,0.00000,-0.68086,1065.52
quat8,0.00000,0.73241,0.00000,-0.68086,1065.52
quat0,-0.64224,0.08412,0.74874,0.14086,1065.54
quat1,0.11639,0.33054,-0.68831,-0.63516,1065.54
quat2,0.06116,0.49283,-0.72938,-0.47051,1065.54
quat3,-0.65874,0.65866,0.08362,-0.35389,1065.54
quat4,-0.68657,0.47804,0.18937,-0.51404,1065.54
quat5,0.00000,0.73241,0.00000,-0.68086,1065.54
quat6,0.00000,0.73241,0.00000,-0.68086,1065.54
quat7,0.00000,0.73241,0.00000,-0.68086,1065.54
quat8,0.00000,0.73241,0.00000,-0.68086,1065.54
quat0,-0.63940,0.08662,0.75045,0.14317,1065.56
quat1,0.10701,0.34339,-0.68372,-0.63496,1065.56
quat2,0.05292,0.51149,-0.72153,-0.46365,1065.56
quat3,-0.65060,0.65656,0.08169,-0.37280,1065.56
quat4,-0.68028,0.46921,0.18160,-0.53299,1065.56
quat5,0.00000,0.73241,0.00000,-0.68086,1065.56
quat6,0.00000,0.73241,0.00000,-0.68086,1065.56
quat7,0.00000,0.73241,0.00000,-0.68086,1065.56
quat8,0.00000,0.73241,0.00000,-0.68086,1065.56
quat0,-0.63659,0.08402,0.75329,0.14227,1065.58
quat1,0.09717,0.35728,-0.67712,-0.63594,1065.58
quat2,0.04767,0.53306,-0.71040,-0.45706,1065.58
quat3,-0.64055,0.65477,0.08099,-0.39295,1065.58
quat4,-0.66958,0.46041,0.17673,-0.55538,1065.58
quat5,0.00000,0.73241,0.00000,-0.68086,1065.58
quat6,0.00000,0.73241,0.00000,-0.68086,1065.58
quat7,0.00000,0.73241,0.00000,-0.68086,1065.58
quat8,0.00000,0.73241,0.00000,-0.68086,1065.58
quat0,-0.63317,0.07605,0.75801,0.13689,1065.6
quat1,0.08869,0.36936,-0.66757,-0.64036,1065.6
quat2,0.04324,0.55460,-0.69776,-0.45131,1065.6
quat3,-0.62945,0.65370,0.07889,-0.41260,1065.6
quat4,-0.65463,0.45128,0.17527,-0.58060,1065.6
quat5,0.00000,0.73241,0.00000,-0.68086,1065.6
quat6,0.00000,0.73241,0.00000,-0.68086,1065.6
quat7,0.00000,0.73241,0.00000,-0.68086,1065.6
quat8,0.00000,0.73241,0.00000,-0.68086,1065.6
quat0,-0.63652,0.07674,0.75523,0.13631,1065.62
quat1,0.08176,0.37831,-0.65435,-0.64963,1065.62
quat2,0.03826,0.57579,-0.68311,-0.44762,1065.62
quat3,-0.61652,0.65642,0.07611,-0.42804,1065.62
quat4,-0.63652,0.44260,0.17499,-0.60690,1065.62
quat5,0.00000,0.73241,0.00000,-0.68086,1065.62
quat6,0.00000,0.73241,0.00000,-0.68086,1065.62
quat7,0.00000,0.73241,0.00000,-0.68086,1065.62
quat8,0.00000,0.73241,0.00000,-0.68086,1065.62
quat0,-0.62795,0.07496,0.76253,0.13641,1065.64
quat1,0.07767,0.38270,-0.63941,-0.66232,1065.64
quat2,0.03378,0.59412,-0.66604,-0.44974,1065.64
quat3,-0.60213,0.66220,0.07551,-0.43958,1065.64
quat4,-0.61608,0.43518,0.17465,-0.63290,1065.64
quat5,0.00000,0.73241,0.00000,-0.68086,1065.64
quat6,0.00000,0.73241,0.00000,-0.68086,1065.64
quat7,0.00000,0.73241,0.00000,-0.68086,1065.64
quat8,0.00000,0.73241,0.00000,-0.68086,1065.64
quat0,-0.63374,0.07065,0.75945,0.12895,1065.66
quat1,0.07376,0.38383,-0.62282,-0.67774,1065.66
quat2,0.03153,0.60833,-0.64747,-0.45796,1065.66
quat3,-0.58687,0.66943,0.07739,-0.44885,1065.66
quat4,-0.59300,0.42767,0.17888,-0.65837,1065.66
quat5,0.00000,0.73241,0.00000,-0.68086,1065.66
quat6,0.00000,0.73241,0.00000,-0.68086,1065.66
quat7,0.00000,0.73241,0.00000,-0.68086,1065.66
quat8,0.00000,0.73241,0.00000,-0.68086,1065.66
quat0,-0.63129,0.07271,0.76140,0.12829,1065.68
quat1,0.07124,0.38191,-0.60594,-0.69420,1065.68
quat2,0.03688,0.62063,-0.62784,-0.46827,1065.68
quat3,-0.57094,0.67781,0.08214,-0.45591,1065.68
quat4,-0.56797,0.41966,0.18878,-0.68240,1065.68
quat5,0.00000,0.73241,0.00000,-0.68086,1065.68
quat6,0.00000,0.73241,0.00000,-0.68086,1065.68
quat7,0.00000,0.73241,0.00000,-0.68086,1065.68
quat8,0.00000,0.73241,0.00000,-0.68086,1065.68
quat0,-0.62822,0.06830,0.76420,0.12917,1065.7
quat1,0.06968,0.37412,-0.58942,-0.71258,1065.7
quat2,0.04708,0.63044,-0.60816,-0.48008,1065.7
quat3,-0.55569,0.68614,0.08980,-0.46083,1065.7
quat4,-0.54217,0.41581,0.20120,-0.70191,1065.7
quat5,0.00000,0.73241,0.00000,-0.68086,1065.7
quat6,0.00000,0.73241,0.00000,-0.68086,1065.7
quat7,0.00000,0.73241,0.00000,-0.68086,1065.7
quat8,0.00000,0.73241,0.00000,-0.68086,1065.7
quat0,-0.63511,0.06785,0.75979,0.12149,1065.72
quat1,0.07176,0.35926,-0.57515,-0.73143,1065.72
quat2,0.05984,0.63514,-0.58891,-0.49619,1065.72
quat3,-0.54216,0.69261,0.09830,-0.46551,1065.72
quat4,-0.51712,0.41415,0.21797,-0.71663,1065.72
quat5,0.00000,0.73241,0.00000,-0.68086,1065.72
quat6,0.00000,0.73241,0.00000,-0.68086,1065.72
quat7,0.00000,0.73241,0.00000,-0.68086,1065.72
quat8,0.00000,0.73241,0.00000,-0.68086,1065.72
quat0,-0.63890,0.06604,0.75698,0.12008,1065.74
quat1,0.07530,0.34473,-0.56469,-0.74607,1065.74
quat2,0.07483,0.63293,-0.57271,-0.51556,1065.74
quat3,-0.53182,0.69957,0.10633,-0.46527,1065.74
quat4,-0.49585,0.41859,0.23393,-0.72401,1065.74
quat5,0.00000,0.73241,0.00000,-0.68086,1065.74
quat6,0.00000,0.73241,0.00000,-0.68086,1065.74
quat7,0.00000,0.73241,0.00000,-0.68086,1065.74
quat8,0.00000,0.73241,0.00000,-0.68086,1065.74
quat0,-0.63615,0.06190,0.75978,0.11924,1065.76
quat1,0.07922,0.33271,-0.55580,-0.75770,1065.76
quat2,0.08873,0.62279,-0.56015,-0.53897,1065.76
quat3,-0.52572,0.70822,0.11286,-0.45750,1065.76
quat4,-0.48078,0.42918,0.24763,-0.72342,1065.76
quat5,0.00000,0.73241,0.00000,-0.68086,1065.76
quat6,0.00000,0.73241,0.00000,-0.68086,1065.76
quat7,0.00000,0.73241,0.00000,-0.68086,1065.76
quat8,0.00000,0.73241,0.00000,-0.68086,1065.76
quat0,-0.64037,0.06284,0.75610,0.11956,1065.78
quat1,0.08168,0.31787,-0.55009,-0.76791,1065.78
quat2,0.10563,0.60925,-0.55145,-0.55997,1065.78
quat3,-0.52453,0.71793,0.11713,-0.44240,1065.78
quat4,-0.47206,0.44041,0.26133,-0.71757,1065.78
quat5,0.00000,0.73241,0.00000,-0.68086,1065.78
quat6,0.00000,0.73241,0.00000,-0.68086,1065.78
quat7,0.00000,0.73241,0.00000,-0.68086,1065.78
quat8,0.00000,0.73241,0.00000,-0.68086,1065.78
quat0,-0.64038,0.06475,0.75518,0.12421,1065.8
quat1,0.08393,0.30078,-0.54994,-0.77463,1065.8
quat2,0.12470,0.59471,-0.54741,-0.57542,1065.8
quat3,-0.52699,0.72710,0.11919,-0.42356,1065.8
quat4,-0.46876,0.45232,0.27402,-0.70751,1065.8
quat5,0.00000,0.73241,0.00000,-0.68086,1065.8
quat6,0.00000,0.73241,0.00000,-0.68086,1065.8
quat7,0.00000,0.73241,0.00000,-0.68086,1065.8
quat8,0.00000,0.73241,0.00000,-0.68086,1065.8
quat0,-0.64116,0.06085,0.75492,0.12370,1065.82
quat1,0.08667,0.28378,-0.55408,-0.77779,1065.82
quat2,0.13847,0.57551,-0.54891,-0.59018,1065.82
quat3,-0.53225,0.73391,0.11990,-0.40461,1065.82
quat4,-0.47327,0.46899,0.28242,-0.69015,1065.82
quat5,0.00000,0.73241,0.00000,-0.68086,1065.82
quat6,0.00000,0.73241,0.00000,-0.68086,1065.82
quat7,0.00000,0.73241,0.00000,-0.68086,1065.82
quat8,0.00000,0.73241,0.00000,-0.68086,1065.82
quat0,-0.64559,0.06592,0.75034,0.12590,1065.84
quat1,0.09200,0.26852,-0.56152,-0.77726,1065.84
quat2,0.15148,0.55659,-0.55444,-0.59988,1065.84
quat3,-0.54032,0.73736,0.11967,-0.38735,1065.84
quat4,-0.48467,0.48639,0.28743,-0.66776,1065.84
quat5,0.00000,0.73241,0.00000,-0.68086,1065.84
quat6,0.00000,0.73241,0.00000,-0.68086,1065.84
quat7,0.00000,0.73241,0.00000,-0.68086,1065.84
quat8,0.00000,0.73241,0.00000,-0.68086,1065.84
quat0,-0.64681,0.07028,0.74835,0.12909,1065.86
quat1,0.10037,0.26020,-0.57297,-0.77067,1065.86
quat2,0.16423,0.53968,-0.56333,-0.60368,1065.86
quat3,-0.55020,0.73813,0.11902,-0.37186,1065.86
quat4,-0.50159,0.50291,0.28872,-0.64198,1065.86
quat5,0.00000,0.73241,0.00000,-0.68086,1065.86
quat6,0.00000,0.73241,0.00000,-0.68086,1065.86
quat7,0.00000,0.73241,0.00000,-0.68086,1065.86
quat8,0.00000,0.73241,0.00000,-0.68086,1065.86
quat0,-0.64715,0.06877,0.74779,0.13146,1065.88
quat1,0.10972,0.25806,-0.58618,-0.76010,1065.88
quat2,0.17132,0.52201,-0.57736,-0.60400,1065.88
quat3,-0.56192,0.73619,0.11800,-0.35825,1065.88
quat4,-0.52167,0.51590,0.28704,-0.61588,1065.88
quat5,0.00000,0.73241,0.00000,-0.68086,1065.88
quat6,0.00000,0.73241,0.00000,-0.68086,1065.88
quat7,0.00000,0.73241,0.00000,-0.68086,1065.88
quat8,0.00000,0.73241,0.00000,-0.68086,1065.88
quat0,-0.65054,0.07114,0.74472,0.13089,1065.9
quat1,0.11725,0.25806,-0.60018,-0.74796,1065.9
quat2,0.17317,0.50492,-0.59523,-0.60064,1065.9
quat3,-0.57553,0.73154,0.11630,-0.34654,1065.9
quat4,-0.54225,0.52269,0.28504,-0.59288,1065.9
quat5,0.00000,0.73241,0.00000,-0.68086,1065.9
quat6,0.00000,0.73241,0.00000,-0.68086,1065.9
quat7,0.00000,0.73241,0.00000,-0.68086,1065.9
quat8,0.00000,0.73241,0.00000,-0.68086,1065.9
quat0,-0.65467,0.07368,0.74043,0.13321,1065.92
quat1,0.12224,0.25815,-0.61519,-0.73482,1065.92
quat2,0.17302,0.49100,-0.61431,-0.59296,1065.92
quat3,-0.58980,0.72488,0.11339,-0.33737,1065.92
quat4,-0.56150,0.52370,0.28337,-0.57459,1065.92
quat5,0.00000,0.73241,0.00000,-0.68086,1065.92
quat6,0.00000,0.73241,0.00000,-0.68086,1065.92
quat7,0.00000,0.73241,0.00000,-0.68086,1065.92
quat8,0.00000,0.73241,0.00000,-0.68086,1065.92
quat0,-0.65558,0.07704,0.73830,0.13853,1065.94
quat1,0.12598,0.25778,-0.63063,-0.72110,1065.94
quat2,0.16943,0.47918,-0.63441,-0.58241,1065.94
quat3,-0.60373,0.71742,0.10922,-0.33000,1065.94
quat4,-0.58065,0.52182,0.27931,-0.55905,1065.94
quat5,0.00000,0.73241,0.00000,-0.68086,1065.94
quat6,0.00000,0.73241,0.00000,-0.68086,1065.94
quat7,0.00000,0.73241,0.00000,-0.68086,1065.94
quat8,0.00000,0.73241,0.00000,-0.68086,1065.94
quat0,-0.65679,0.07624,0.73708,0.13976,1065.96
quat1,0.12806,0.25761,-0.64513,-0.70785,1065.96
quat2,0.16196,0.46985,-0.65460,-0.56966,1065.96
quat3,-0.61694,0.70940,0.10445,-0.32437,1065.96
quat4,-0.59995,0.51861,0.27155,-0.54531,1065.96
quat5,0.00000,0.73241,0.00000,-0.68086,1065.96
quat6,0.00000,0.73241,0.00000,-0.68086,1065.96
quat7,0.00000,0.73241,0.00000,-0.68086,1065.96
quat8,0.00000,0.73241,0.00000,-0.68086,1065.96
quat0,-0.66004,0.07960,0.73388,0.13937,1065.98
quat1,0.12929,0.25868,-0.65780,-0.69546,1065.98
quat2,0.15357,0.46519,-0.67297,-0.55419,1065.98
quat3,-0.62863,0.70120,0.09924,-0.32138,1065.98
quat4,-0.61814,0.51390,0.26134,-0.53433,1065.98
quat5,0.00000,0.73241,0.00000,-0.68086,1065.98
quat6,0.00000,0.73241,0.00000,-0.68086,1065.98
quat7,0.00000,0.73241,0.00000,-0.68086,1065.98
quat8,0.00000,0.73241,0.00000,-0.68086,1065.98
quat0,-0.66064,0.08357,0.73255,0.14124,1066
quat1,0.13052,0.26295,-0.66909,-0.68274,1066
quat2,0.14621,0.46544,-0.68846,-0.53666,1066
quat3,-0.63842,0.69322,0.09352,-0.32111,1066
quat4,-0.63407,0.50765,0.24972,-0.52716,1066
quat5,0.00000,0.73241,0.00000,-0.68086,1066
quat6,0.00000,0.73241,0.00000,-0.68086,1066
quat7,0.00000,0.73241,0.00000,-0.68086,1066
quat8,0.00000,0.73241,0.00000,-0.68086,1066
quat0,-0.65875,0.08324,0.73421,0.14162,1066.02
quat1,0.13125,0.27176,-0.67847,-0.66977,1066.02
quat2,0.13942,0.47019,-0.70091,-0.51789,1066.02
quat3,-0.64600,0.68578,0.08764,-0.32358,1066.02
quat4,-0.64679,0.49974,0.23797,-0.52468,1066.02
quat5,0.00000,0.73241,0.00000,-0.68086,1066.02
quat6,0.00000,0.73241,0.00000,-0.68086,1066.02
quat7,0.00000,0.73241,0.00000,-0.68086,1066.02
quat8,0.00000,0.73241,0.00000,-0.68086,1066.02
quat0,-0.65715,0.08659,0.73474,0.14425,1066.04
quat1,0.13045,0.28258,-0.68535,-0.65835,1066.04
quat2,0.13050,0.47720,-0.70993,-0.50125,1066.04
quat3,-0.65059,0.67941,0.08132,-0.32942,1066.04
quat4,-0.65607,0.49160,0.22599,-0.52616,1066.04
quat5,0.00000,0.73241,0.00000,-0.68086,1066.04
quat6,0.00000,0.73241,0.00000,-0.68086,1066.04
quat7,0.00000,0.73241,0.00000,-0.68086,1066.04
quat8,0.00000,0.73241,0.00000,-0.68086,1066.04
quat0,-0.65613,0.09096,0.73450,0.14741,1066.06
quat1,0.12838,0.29573,-0.68866,-0.64947,1066.06
quat2,0.11878,0.48627,-0.71480,-0.48836,1066.06
quat3,-0.65157,0.67417,0.07617,-0.33935,1066.06
quat4,-0.66163,0.48353,0.21403,-0.53164,1066.06
quat5,0.00000,0.73241,0.00000,-0.68086,1066.06
quat6,0.00000,0.73241,0.00000,-0.68086,1066.06
quat7,0.00000,0.73241,0.00000,-0.68086,1066.06
quat8,0.00000,0.73241,0.00000,-0.68086,1066.06
quat0,-0.65665,0.08572,0.73497,0.14588,1066.08
quat1,0.12317,0.30839,-0.68830,-0.64496,1066.08
quat2,0.10670,0.49800,-0.71540,-0.47834,1066.08
quat3,-0.64909,0.66954,0.07223,-0.35381,1066.08
quat4,-0.66307,0.47565,0.20314,-0.54114,1066.08
quat5,0.00000,0.73241,0.00000,-0.68086,1066.08
quat6,0.00000,0.73241,0.00000,-0.68086,1066.08
quat7,0.00000,0.73241,0.00000,-0.68086,1066.08
quat8,0.00000,0.73241,0.00000,-0.68086,1066.08
quat0,-0.65101,0.08301,0.74089,0.14274,1066.1
quat1,0.11418,0.32116,-0.68494,-0.64396,1066.1
quat2,0.09807,0.51475,-0.71118,-0.46867,1066.1
quat3,-0.64328,0.66518,0.07055,-0.37249,1066.1
quat4,-0.65961,0.46699,0.19544,-0.55555,1066.1
quat5,0.00000,0.73241,0.00000,-0.68086,1066.1
quat6,0.00000,0.73241,0.00000,-0.68086,1066.1
quat7,0.00000,0.73241,0.00000,-0.68086,1066.1
quat8,0.00000,0.73241,0.00000,-0.68086,1066.1
quat0,-0.64777,0.09065,0.74155,0.14929,1066.12
quat1,0.10503,0.33653,-0.68009,-0.64280,1066.12
quat2,0.09189,0.53399,-0.70305,-0.46058,1066.12
quat3,-0.63525,0.66003,0.07164,-0.39457,1066.12
quat4,-0.65182,0.45759,0.19077,-0.57389,1066.12
quat5,0.00000,0.73241,0.00000,-0.68086,1066.12
quat6,0.00000,0.73241,0.00000,-0.68086,1066.12
quat7,0.00000,0.73241,0.00000,-0.68086,1066.12
quat8,0.00000,0.73241,0.00000,-0.68086,1066.12
quat0,-0.64726,0.08316,0.74363,0.14541,1066.14
quat1,0.09634,0.35196,-0.67414,-0.64217,1066.14
quat2,0.08428,0.55284,-0.69300,-0.45500,1066.14
quat3,-0.62531,0.65559,0.07313,-0.41694,1066.14
quat4,-0.64031,0.44769,0.18880,-0.59492,1066.14
quat5,0.00000,0.73241,0.00000,-0.68086,1066.14
quat6,0.00000,0.73241,0.00000,-0.68086,1066.14
quat7,0.00000,0.73241,0.00000,-0.68086,1066.14
quat8,0.00000,0.73241,0.00000,-0.68086,1066.14
quat0,-0.64785,0.07991,0.74455,0.13980,1066.16
quat1,0.08641,0.36407,-0.66418,-0.64719,1066.16
quat2,0.07281,0.56950,-0.68165,-0.45357,1066.16
quat3,-0.61364,0.65463,0.07247,-0.43550,1066.16
quat4,-0.62605,0.43885,0.18706,-0.61684,1066.16
quat5,0.00000,0.73241,0.00000,-0.68086,1066.16
quat6,0.00000,0.73241,0.00000,-0.68086,1066.16
quat7,0.00000,0.73241,0.00000,-0.68086,1066.16
quat8,0.00000,0.73241,0.00000,-0.68086,1066.16
quat0,-0.64314,0.08158,0.74730,0.14581,1066.18
quat1,0.07703,0.37010,-0.65079,-0.65846,1066.18
quat2,0.06238,0.58633,-0.66758,-0.45461,1066.18
quat3,-0.60068,0.65818,0.07052,-0.44834,1066.18
quat4,-0.60922,0.43275,0.18452,-0.63838,1066.18
quat5,0.00000,0.73241,0.00000,-0.68086,1066.18
quat6,0.00000,0.73241,0.00000,-0.68086,1066.18
quat7,0.00000,0.73241,0.00000,-0.68086,1066.18
quat8,0.00000,0.73241,0.00000,-0.68086,1066.18
quat0,-0.64454,0.07361,0.74786,0.14089,1066.2
quat1,0.07087,0.36920,-0.63683,-0.67314,1066.2
quat2,0.05884,0.60349,-0.65204,-0.45517,1066.2
quat3,-0.58686,0.66483,0.06854,-0.45706,1066.2
quat4,-0.59041,0.42897,0.18227,-0.65892,1066.2
quat5,0.00000,0.73241,0.00000,-0.68086,1066.2
quat6,0.00000,0.73241,0.00000,-0.68086,1066.2
quat7,0.00000,0.73241,0.00000,-0.68086,1066.2
quat8,0.00000,0.73241,0.00000,-0.68086,1066.2
quat0,-0.64252,0.07099,0.75049,0.13749,1066.22
quat1,0.06700,0.36718,-0.62189,-0.68843,1066.22
quat2,0.05936,0.61843,-0.63585,-0.45795,1066.22
quat3,-0.57224,0.67302,0.06854,-0.46356,1066.22
quat4,-0.57050,0.42502,0.18369,-0.67834,1066.22
quat5,0.00000,0.73241,0.00000,-0.68086,1066.22
quat6,0.00000,0.73241,0.00000,-0.68086,1066.22
quat7,0.00000,0.73241,0.00000,-0.68086,1066.22
quat8,0.00000,0.73241,0.00000,-0.68086,1066.22
quat0,-0.64254,0.06974,0.75086,0.13597,1066.24
quat1,0.06781,0.36320,-0.60606,-0.70440,1066.24
quat2,0.06172,0.62965,-0.61757,-0.46727,1066.24
quat3,-0.55764,0.68187,0.07205,-0.46786,1066.24
quat4,-0.54973,0.42234,0.18780,-0.69582,1066.24
quat5,0.00000,0.73241,0.00000,-0.68086,1066.24
quat6,0.00000,0.73241,0.00000,-0.68086,1066.24
quat7,0.00000,0.73241,0.00000,-0.68086,1066.24
quat8,0.00000,0.73241,0.00000,-0.68086,1066.24
quat0,-0.63972,0.06296,0.75517,0.12851,1066.26
quat1,0.07068,0.35872,-0.59144,-0.71869,1066.26
quat2,0.06976,0.63691,-0.59909,-0.48018,1066.26
quat3,-0.54396,0.69058,0.07709,-0.47039,1066.26
quat4,-0.52858,0.42165,0.19501,-0.71048,1066.26
quat5,0.00000,0.73241,0.00000,-0.68086,1066.26
quat6,0.00000,0.73241,0.00000,-0.68086,1066.26
quat7,0.00000,0.73241,0.00000,-0.68086,1066.26
quat8,0.00000,0.73241,0.00000,-0.68086,1066.26
quat0,-0.64061,0.06518,0.75472,0.12562,1066.28
quat1,0.07569,0.35451,-0.57763,-0.73139,1066.28
quat2,0.07777,0.63669,-0.58312,-0.49855,1066.28
quat3,-0.53196,0.69836,0.08364,-0.47151,1066.28
quat4,-0.50950,0.42340,0.20448,-0.72065,1066.28
quat5,0.00000,0.73241,0.00000,-0.68086,1066.28
quat6,0.00000,0.73241,0.00000,-0.68086,1066.28
quat7,0.00000,0.73241,0.00000,-0.68086,1066.28
quat8,0.00000,0.73241,0.00000,-0.68086,1066.28
quat0,-0.64346,0.06279,0.75321,0.12119,1066.3
quat1,0.07993,0.34466,-0.56524,-0.74520,1066.3
quat2,0.08632,0.62943,-0.56915,-0.52195,1066.3
quat3,-0.52323,0.70667,0.09206,-0.46730,1066.3
quat4,-0.49481,0.43167,0.21229,-0.72371,1066.3
quat5,0.00000,0.73241,0.00000,-0.68086,1066.3
quat6,0.00000,0.73241,0.00000,-0.68086,1066.3
quat7,0.00000,0.73241,0.00000,-0.68086,1066.3
quat8,0.00000,0.73241,0.00000,-0.68086,1066.3
quat0,-0.64903,0.06569,0.74810,0.12161,1066.32
quat1,0.08167,0.32919,-0.55760,-0.75766,1066.32
quat2,0.10354,0.62090,-0.55780,-0.54095,1066.32
quat3,-0.51811,0.71586,0.09980,-0.45733,1066.32
quat4,-0.48495,0.44347,0.22096,-0.72065,1066.32
quat5,0.00000,0.73241,0.00000,-0.68086,1066.32
quat6,0.00000,0.73241,0.00000,-0.68086,1066.32
quat7,0.00000,0.73241,0.00000,-0.68086,1066.32
quat8,0.00000,0.73241,0.00000,-0.68086,1066.32
quat0,-0.64545,0.06329,0.75116,0.12308,1066.34
quat1,0.08142,0.31042,-0.55533,-0.76721,1066.34
quat2,0.12126,0.60682,-0.55088,-0.56000,1066.34
quat3,-0.51669,0.72461,0.10547,-0.44368,1066.34
quat4,-0.48016,0.45615,0.23170,-0.71252,1066.34
quat5,0.00000,0.73241,0.00000,-0.68086,1066.34
quat6,0.00000,0.73241,0.00000,-0.68086,1066.34
quat7,0.00000,0.73241,0.00000,-0.68086,1066.34
quat8,0.00000,0.73241,0.00000,-0.68086,1066.34
quat0,-0.65102,0.05989,0.74716,0.11977,1066.36
quat1,0.08025,0.28954,-0.55679,-0.77441,1066.36
quat2,0.13502,0.58559,-0.54852,-0.58136,1066.36
quat3,-0.51837,0.73257,0.10911,-0.42747,1066.36
quat4,-0.48073,0.47038,0.24235,-0.69922,1066.36
quat5,0.00000,0.73241,0.00000,-0.68086,1066.36
quat6,0.00000,0.73241,0.00000,-0.68086,1066.36
quat7,0.00000,0.73241,0.00000,-0.68086,1066.36
quat8,0.00000,0.73241,0.00000,-0.68086,1066.36
quat0,-0.65254,0.06162,0.74543,0.12139,1066.38
quat1,0.08115,0.26953,-0.56329,-0.77684,1066.38
quat2,0.14747,0.56066,-0.55170,-0.59962,1066.38
quat3,-0.52379,0.73893,0.11082,-0.40908,1066.38
quat4,-0.48689,0.48598,0.25146,-0.68083,1066.38
quat5,0.00000,0.73241,0.00000,-0.68086,1066.38
quat6,0.00000,0.73241,0.00000,-0.68086,1066.38
quat7,0.00000,0.73241,0.00000,-0.68086,1066.38
quat8,0.00000,0.73241,0.00000,-0.68086,1066.38
quat0,-0.65181,0.06256,0.74574,0.12292,1066.4
quat1,0.08650,0.25503,-0.57440,-0.77301,1066.4
quat2,0.15816,0.53618,-0.55912,-0.61228,1066.4
quat3,-0.53262,0.74241,0.11129,-0.39084,1066.4
quat4,-0.49773,0.50027,0.25926,-0.65938,1066.4
quat5,0.00000,0.73241,0.00000,-0.68086,1066.4
quat6,0.00000,0.73241,0.00000,-0.68086,1066.4
quat7,0.00000,0.73241,0.00000,-0.68086,1066.4
quat8,0.00000,0.73241,0.00000,-0.68086,1066.4
quat0,-0.65597,0.05829,0.74341,0.11682,1066.42
quat1,0.09317,0.24542,-0.58691,-0.76591,1066.42
quat2,0.16572,0.51410,-0.57053,-0.61866,1066.42
quat3,-0.54351,0.74310,0.11069,-0.37436,1066.42
quat4,-0.51296,0.51316,0.26425,-0.63538,1066.42
quat5,0.00000,0.73241,0.00000,-0.68086,1066.42
quat6,0.00000,0.73241,0.00000,-0.68086,1066.42
quat7,0.00000,0.73241,0.00000,-0.68086,1066.42
quat8,0.00000,0.73241,0.00000,-0.68086,1066.42
quat0,-0.66029,0.06388,0.73856,0.12030,1066.44
quat1,0.10261,0.24074,-0.60015,-0.75587,1066.44
quat2,0.17357,0.49811,-0.58492,-0.61614,1066.44
quat3,-0.55606,0.74122,0.10980,-0.35963,1066.44
quat4,-0.53085,0.52372,0.26637,-0.61070,1066.44
quat5,0.00000,0.73241,0.00000,-0.68086,1066.44
quat6,0.00000,0.73241,0.00000,-0.68086,1066.44
quat7,0.00000,0.73241,0.00000,-0.68086,1066.44
quat8,0.00000,0.73241,0.00000,-0.68086,1066.44
quat0,-0.66111,0.06598,0.73717,0.12317,1066.46
quat1,0.11525,0.24202,-0.61432,-0.74213,1066.46
quat2,0.17990,0.48672,-0.60177,-0.60714,1066.46
quat3,-0.56999,0.73640,0.10824,-0.34802,1066.46
quat4,-0.54967,0.53007,0.26722,-0.58778,1066.46
quat5,0.00000,0.73241,0.00000,-0.68086,1066.46
quat6,0.00000,0.73241,0.00000,-0.68086,1066.46
quat7,0.00000,0.73241,0.00000,-0.68086,1066.46
quat8,0.00000,0.73241,0.00000,-0.68086,1066.46
quat0,-0.66259,0.06434,0.73605,0.12277,1066.48
quat1,0.12844,0.24827,-0.62818,-0.72612,1066.48
quat2,0.18204,0.47721,-0.62115,-0.59440,1066.48
quat3,-0.58475,0.72901,0.10627,-0.33960,1066.48
quat4,-0.56851,0.53202,0.26675,-0.56797,1066.48
quat5,0.00000,0.73241,0.00000,-0.68086,1066.48
quat6,0.00000,0.73241,0.00000,-0.68086,1066.48
quat7,0.00000,0.73241,0.00000,-0.68086,1066.48
quat8,0.00000,0.73241,0.00000,-0.68086,1066.48
quat0,-0.66283,0.06629,0.73535,0.12457,1066.5
quat1,0.14024,0.25592,-0.64118,-0.70973,1066.5
quat2,0.18027,0.46974,-0.64136,-0.57923,1066.5
quat3,-0.59939,0.72020,0.10468,-0.33331,1066.5
quat4,-0.58720,0.53081,0.26398,-0.55114,1066.5
quat5,0.00000,0.73241,0.00000,-0.68086,1066.5
quat6,0.00000,0.73241,0.00000,-0.68086,1066.5
quat7,0.00000,0.73241,0.00000,-0.68086,1066.5
quat8,0.00000,0.73241,0.00000,-0.68086,1066.5
quat0,-0.66369,0.07012,0.73396,0.12608,1066.52
quat1,0.14911,0.26303,-0.65287,-0.69451,1066.52
quat2,0.17543,0.46459,-0.66084,-0.56274,1066.52
quat3,-0.61311,0.71052,0.10301,-0.32962,1066.52
quat4,-0.60519,0.52741,0.25814,-0.53754,1066.52
quat5,0.00000,0.73241,0.00000,-0.68086,1066.52
quat6,0.00000,0.73241,0.00000,-0.68086,1066.52
quat7,0.00000,0.73241,0.00000,-0.68086,1066.52
quat8,0.00000,0.73241,0.00000,-0.68086,1066.52
quat0,-0.66315,0.06962,0.73398,0.12905,1066.54
quat1,0.15441,0.26871,-0.66352,-0.68095,1066.54
quat2,0.16880,0.46328,-0.67851,-0.54452,1066.54
quat3,-0.62472,0.70122,0.10012,-0.32861,1066.54
quat4,-0.62175,0.52222,0.24958,-0.52765,1066.54
quat5,0.00000,0.73241,0.00000,-0.68086,1066.54
quat6,0.00000,0.73241,0.00000,-0.68086,1066.54
quat7,0.00000,0.73241,0.00000,-0.68086,1066.54
quat8,0.00000,0.73241,0.00000,-0.68086,1066.54
quat0,-0.66090,0.07219,0.73554,0.13030,1066.56
quat1,0.15585,0.27316,-0.67301,-0.66944,1066.56
quat2,0.16118,0.46522,-0.69330,-0.52624,1066.56
quat3,-0.63383,0.69264,0.09634,-0.33049,1066.56
quat4,-0.63633,0.51593,0.23869,-0.52147,1066.56
quat5,0.00000,0.73241,0.00000,-0.68086,1066.56
quat6,0.00000,0.73241,0.00000,-0.68086,1066.56
quat7,0.00000,0.73241,0.00000,-0.68086,1066.56
quat8,0.00000,0.73241,0.00000,-0.68086,1066.56
quat0,-0.66293,0.07233,0.73338,0.13206,1066.58
quat1,0.15377,0.27779,-0.68113,-0.65973,1066.58
quat2,0.15189,0.46994,-0.70497,-0.50903,1066.58
quat3,-0.64061,0.68439,0.09261,-0.33564,1066.58
quat4,-0.64782,0.50885,0.22668,-0.51963,1066.58
quat5,0.00000,0.73241,0.00000,-0.68086,1066.58
quat6,0.00000,0.73241,0.00000,-0.68086,1066.58
quat7,0.00000,0.73241,0.00000,-0.68086,1066.58
quat8,0.00000,0.73241,0.00000,-0.68086,1066.58
quat0,-0.66092,0.07528,0.73420,0.13591,1066.6
quat1,0.14822,0.28462,-0.68668,-0.65230,1066.6
quat2,0.13981,0.47624,-0.71365,-0.49433,1066.6
quat3,-0.64451,0.67738,0.08776,-0.34359,1066.6
quat4,-0.65555,0.50168,0.21448,-0.52209,1066.6
quat5,0.00000,0.73241,0.00000,-0.68086,1066.6
quat6,0.00000,0.73241,0.00000,-0.68086,1066.6
quat7,0.00000,0.73241,0.00000,-0.68086,1066.6
quat8,0.00000,0.73241,0.00000,-0.68086,1066.6
quat0,-0.66100,0.07677,0.73366,0.13755,1066.62
quat1,0.14148,0.29512,-0.68808,-0.64764,1066.62
quat2,0.12556,0.48476,-0.71831,-0.48298,1066.62
quat3,-0.64494,0.67272,0.08166,-0.35332,1066.62
quat4,-0.65837,0.49436,0.20394,-0.52969,1066.62
quat5,0.00000,0.73241,0.00000,-0.68086,1066.62
quat6,0.00000,0.73241,0.00000,-0.68086,1066.62
quat7,0.00000,0.73241,0.00000,-0.68086,1066.62
quat8,0.00000,0.73241,0.00000,-0.68086,1066.62
quat0,-0.65837,0.07846,0.73571,0.13832,1066.64
quat1,0.13463,0.30875,-0.68621,-0.64472,1066.64
quat2,0.11097,0.49610,-0.71796,-0.47549,1066.64
quat3,-0.64186,0.67050,0.07456,-0.36454,1066.64
quat4,-0.65725,0.48765,0.19418,-0.54085,1066.64
quat5,0.00000,0.73241,0.00000,-0.68086,1066.64
quat6,0.00000,0.73241,0.00000,-0.68086,1066.64
quat7,0.00000,0.73241,0.00000,-0.68086,1066.64
quat8,0.00000,0.73241,0.00000,-0.68086,1066.64
quat0,-0.65364,0.07978,0.73906,0.14206,1066.66
quat1,0.12513,0.32246,-0.68232,-0.64405,1066.66
quat2,0.09823,0.51151,-0.71286,-0.46961,1066.66
quat3,-0.63485,0.67121,0.06809,-0.37656,1066.66
quat4,-0.65281,0.48205,0.18375,-0.55470,1066.66
quat5,0.00000,0.73241,0.00000,-0.68086,1066.66
quat6,0.00000,0.73241,0.00000,-0.68086,1066.66
quat7,0.00000,0.73241,0.00000,-0.68086,1066.66
quat8,0.00000,0.73241,0.00000,-0.68086,1066.66
quat0,-0.65010,0.07706,0.74271,0.14076,1066.68
quat1,0.11235,0.33553,-0.67582,-0.64658,1066.68
quat2,0.08840,0.53017,-0.70392,-0.46433,1066.68
quat3,-0.62425,0.67429,0.06250,-0.38954,1066.68
quat4,-0.64528,0.47876,0.17225,-0.56985,1066.68
quat5,0.00000,0.73241,0.00000,-0.68086,1066.68
quat6,0.00000,0.73241,0.00000,-0.68086,1066.68
quat7,0.00000,0.73241,0.00000,-0.68086,1066.68
quat8,0.00000,0.73241,0.00000,-0.68086,1066.68
quat0,-0.65041,0.07165,0.74334,0.13882,1066.7
quat1,0.10165,0.34960,-0.66734,-0.64970,1066.7
quat2,0.08208,0.55181,-0.69179,-0.45848,1066.7
quat3,-0.61104,0.67664,0.05859,-0.40664,1066.7
quat4,-0.63371,0.47509,0.16231,-0.58852,1066.7
quat5,0.00000,0.73241,0.00000,-0.68086,1066.7
quat6,0.00000,0.73241,0.00000,-0.68086,1066.7
quat7,0.00000,0.73241,0.00000,-0.68086,1066.7
quat8,0.00000,0.73241,0.00000,-0.68086,1066.7
quat0,-0.65287,0.07633,0.74097,0.13746,1066.72
quat1,0.09362,0.36254,-0.65725,-0.65408,1066.72
quat2,0.07337,0.57102,-0.67877,-0.45589,1066.72
quat3,-0.59811,0.67664,0.05597,-0.42579,1066.72
quat4,-0.61910,0.46967,0.15510,-0.60998,1066.72
quat5,0.00000,0.73241,0.00000,-0.68086,1066.72
quat6,0.00000,0.73241,0.00000,-0.68086,1066.72
quat7,0.00000,0.73241,0.00000,-0.68086,1066.72
quat8,0.00000,0.73241,0.00000,-0.68086,1066.72
quat0,-0.64712,0.08004,0.74495,0.14097,1066.74
quat1,0.08661,0.36660,-0.64581,-0.66411,1066.74
quat2,0.06190,0.58858,-0.66362,-0.45755,1066.74
quat3,-0.58521,0.67735,0.05697,-0.44214,1066.74
quat4,-0.60163,0.46220,0.15096,-0.63374,1066.74
quat5,0.00000,0.73241,0.00000,-0.68086,1066.74
quat6,0.00000,0.73241,0.00000,-0.68086,1066.74
quat7,0.00000,0.73241,0.00000,-0.68086,1066.74
quat8,0.00000,0.73241,0.00000,-0.68086,1066.74
quat0,-0.64686,0.06357,0.74820,0.13318,1066.76
quat1,0.08276,0.36326,-0.63287,-0.67873,1066.76
quat2,0.06036,0.60738,-0.64756,-0.45619,1066.76
quat3,-0.57196,0.67991,0.06053,-0.45488,1066.76
quat4,-0.58069,0.45089,0.15426,-0.66007,1066.76
quat5,0.00000,0.73241,0.00000,-0.68086,1066.76
quat6,0.00000,0.73241,0.00000,-0.68086,1066.76
quat7,0.00000,0.73241,0.00000,-0.68086,1066.76
quat8,0.00000,0.73241,0.00000,-0.68086,1066.76
quat0,-0.64512,0.06704,0.74963,0.13184,1066.78
quat1,0.08206,0.35974,-0.61868,-0.69360,1066.78
quat2,0.06645,0.62338,-0.63255,-0.45482,1066.78
quat3,-0.55920,0.68336,0.06438,-0.46494,1066.78
quat4,-0.55957,0.43667,0.16559,-0.68467,1066.78
quat5,0.00000,0.73241,0.00000,-0.68086,1066.78
quat6,0.00000,0.73241,0.00000,-0.68086,1066.78
quat7,0.00000,0.73241,0.00000,-0.68086,1066.78
quat8,0.00000,0.73241,0.00000,-0.68086,1066.78
quat0,-0.63942,0.07110,0.75364,0.13459,1066.8
quat1,0.08428,0.35406,-0.60517,-0.70804,1066.8
quat2,0.07371,0.63268,-0.61666,-0.46261,1066.8
quat3,-0.54766,0.68892,0.06922,-0.46975,1066.8
quat4,-0.54101,0.42961,0.17601,-0.70126,1066.8
quat5,0.00000,0.73241,0.00000,-0.68086,1066.8
quat6,0.00000,0.73241,0.00000,-0.68086,1066.8
quat7,0.00000,0.73241,0.00000,-0.68086,1066.8
quat8,0.00000,0.73241,0.00000,-0.68086,1066.8
quat0,-0.64186,0.06637,0.75316,0.12789,1066.82
quat1,0.08817,0.34705,-0.59463,-0.71986,1066.82
quat2,0.08392,0.63476,-0.60201,-0.47710,1066.82
quat3,-0.53893,0.69607,0.07372,-0.46862,1066.82
quat4,-0.52818,0.43599,0.18252,-0.70543,1066.82
quat5,0.00000,0.73241,0.00000,-0.68086,1066.82
quat6,0.00000,0.73241,0.00000,-0.68086,1066.82
quat7,0.00000,0.73241,0.00000,-0.68086,1066.82
quat8,0.00000,0.73241,0.00000,-0.68086,1066.82
quat0,-0.63992,0.06852,0.75435,0.12946,1066.84
quat1,0.09319,0.33892,-0.58564,-0.73039,1066.84
quat2,0.09585,0.62973,-0.59040,-0.49567,1066.84
quat3,-0.53351,0.70492,0.07754,-0.46092,1066.84
quat4,-0.52086,0.45162,0.18759,-0.69968,1066.84
quat5,0.00000,0.73241,0.00000,-0.68086,1066.84
quat6,0.00000,0.73241,0.00000,-0.68086,1066.84
quat7,0.00000,0.73241,0.00000,-0.68086,1066.84
quat8,0.00000,0.73241,0.00000,-0.68086,1066.84
quat0,-0.64346,0.06561,0.75232,0.12517,1066.86
quat1,0.09728,0.32619,-0.57777,-0.74183,1066.86
quat2,0.10812,0.61806,-0.58140,-0.51796,1066.86
quat3,-0.53270,0.71545,0.08126,-0.44469,1066.86
quat4,-0.51824,0.47110,0.19299,-0.68720,1066.86
quat5,0.00000,0.73241,0.00000,-0.68086,1066.86
quat6,0.00000,0.73241,0.00000,-0.68086,1066.86
quat7,0.00000,0.73241,0.00000,-0.68086,1066.86
quat8,0.00000,0.73241,0.00000,-0.68086,1066.86
quat0,-0.64673,0.06928,0.74942,0.12374,1066.88
quat1,0.09894,0.30815,-0.57352,-0.75255,1066.88
quat2,0.12453,0.60330,-0.57479,-0.53865,1066.88
quat3,-0.53554,0.72547,0.08476,-0.42393,1066.88
quat4,-0.51835,0.48564,0.20490,-0.67341,1066.88
quat5,0.00000,0.73241,0.00000,-0.68086,1066.88
quat6,0.00000,0.73241,0.00000,-0.68086,1066.88
quat7,0.00000,0.73241,0.00000,-0.68086,1066.88
quat8,0.00000,0.73241,0.00000,-0.68086,1066.88
quat0,-0.64720,0.07020,0.74789,0.12985,1066.9
quat1,0.09892,0.28808,-0.57403,-0.76008,1066.9
quat2,0.14088,0.58419,-0.57223,-0.55805,1066.9
quat3,-0.54114,0.73237,0.08847,-0.40370,1066.9
quat4,-0.52002,0.49546,0.22093,-0.65976,1066.9
quat5,0.00000,0.73241,0.00000,-0.68086,1066.9
quat6,0.00000,0.73241,0.00000,-0.68086,1066.9
quat7,0.00000,0.73241,0.00000,-0.68086,1066.9
quat8,0.00000,0.73241,0.00000,-0.68086,1066.9
quat0,-0.64777,0.06554,0.74814,0.12800,1066.92
quat1,0.09886,0.26687,-0.57742,-0.76524,1066.92
quat2,0.15495,0.56241,-0.57344,-0.57519,1066.92
quat3,-0.54829,0.73576,0.09288,-0.38654,1066.92
quat4,-0.52585,0.50596,0.23440,-0.64229,1066.92
quat5,0.00000,0.73241,0.00000,-0.68086,1066.92
quat6,0.00000,0.73241,0.00000,-0.68086,1066.92
quat7,0.00000,0.73241,0.00000,-0.68086,1066.92
quat8,0.00000,0.73241,0.00000,-0.68086,1066.92
quat0,-0.65129,0.06777,0.74515,0.12641,1066.94
quat1,0.10098,0.24929,-0.58381,-0.76604,1066.94
quat2,0.16920,0.54174,-0.57701,-0.58732,1066.94
quat3,-0.55669,0.73689,0.09707,-0.37104,1066.94
quat4,-0.53664,0.51763,0.24304,-0.62049,1066.94
quat5,0.00000,0.73241,0.00000,-0.68086,1066.94
quat6,0.00000,0.73241,0.00000,-0.68086,1066.94
quat7,0.00000,0.73241,0.00000,-0.68086,1066.94
quat8,0.00000,0.73241,0.00000,-0.68086,1066.94
quat0,-0.65334,0.06927,0.74209,0.13284,1066.96
quat1,0.10787,0.24111,-0.59377,-0.76005,1066.96
quat2,0.18221,0.52252,-0.58357,-0.59432,1066.96
quat3,-0.56641,0.73603,0.10010,-0.35696,1066.96
quat4,-0.55018,0.52628,0.25016,-0.59812,1066.96
quat5,0.00000,0.73241,0.00000,-0.68086,1066.96
quat6,0.00000,0.73241,0.00000,-0.68086,1066.96
quat7,0.00000,0.73241,0.00000,-0.68086,1066.96
quat8,0.00000,0.73241,0.00000,-0.68086,1066.96
quat0,-0.65577,0.06810,0.74051,0.13027,1066.98
quat1,0.11864,0.24015,-0.60481,-0.74997,1066.98
quat2,0.18883,0.50227,-0.59469,-0.59868,1066.98
quat3,-0.57767,0.73313,0.10210,-0.34408,1066.98
quat4,-0.56501,0.53078,0.25635,-0.57734,1066.98
quat5,0.00000,0.73241,0.00000,-0.68086,1066.98
quat6,0.00000,0.73241,0.00000,-0.68086,1066.98
quat7,0.00000,0.73241,0.00000,-0.68086,1066.98
quat8,0.00000,0.73241,0.00000,-0.68086,1066.98
quat0,-0.65804,0.07119,0.73760,0.13362,1067
quat1,0.12985,0.24229,-0.61566,-0.73851,1067
quat2,0.19126,0.48436,-0.60889,-0.59839,1067
quat3,-0.59029,0.72831,0.10305,-0.33242,1067
quat4,-0.58056,0.53205,0.26034,-0.55865,1067
quat5,0.00000,0.73241,0.00000,-0.68086,1067
quat6,0.00000,0.73241,0.00000,-0.68086,1067
quat7,0.00000,0.73241,0.00000,-0.68086,1067
quat8,0.00000,0.73241,0.00000,-0.68086,1067
quat0,-0.66214,0.07374,0.73365,0.13372,1067.02
quat1,0.13986,0.24504,-0.62651,-0.72655,1067.02
quat2,0.19182,0.47094,-0.62420,-0.59312,1067.02
quat3,-0.60346,0.72182,0.10317,-0.32275,1067.02
quat4,-0.59615,0.53160,0.26178,-0.54173,1067.02
quat5,0.00000,0.73241,0.00000,-0.68086,1067.02
quat6,0.00000,0.73241,0.00000,-0.68086,1067.02
quat7,0.00000,0.73241,0.00000,-0.68086,1067.02
quat8,0.00000,0.73241,0.00000,-0.68086,1067.02
quat0,-0.66229,0.07536,0.73254,0.13814,1067.04
quat1,0.14820,0.24722,-0.63764,-0.71438,1067.04
quat2,0.18929,0.46045,-0.64048,-0.58476,1067.04
quat3,-0.61633,0.71377,0.10278,-0.31639,1067.04
quat4,-0.61170,0.52973,0.26022,-0.52678,1067.04
quat5,0.00000,0.73241,0.00000,-0.68086,1067.04
quat6,0.00000,0.73241,0.00000,-0.68086,1067.04
quat7,0.00000,0.73241,0.00000,-0.68086,1067.04
quat8,0.00000,0.73241,0.00000,-0.68086,1067.04
quat0,-0.66289,0.07746,0.73148,0.13971,1067.06
quat1,0.15343,0.24883,-0.64836,-0.70298,1067.06
quat2,0.18354,0.45305,-0.65704,-0.57390,1067.06
quat3,-0.62810,0.70512,0.10137,-0.31307,1067.06
quat4,-0.62693,0.52717,0.25485,-0.51391,1067.06
quat5,0.00000,0.73241,0.00000,-0.68086,1067.06
quat6,0.00000,0.73241,0.00000,-0.68086,1067.06
quat7,0.00000,0.73241,0.00000,-0.68086,1067.06
quat8,0.00000,0.73241,0.00000,-0.68086,1067.06
quat0,-0.66314,0.07757,0.73084,0.14177,1067.08
quat1,0.15526,0.24990,-0.65841,-0.69278,1067.08
quat2,0.17634,0.44914,-0.67222,-0.56152,1067.08
quat3,-0.63829,0.69689,0.09788,-0.31201,1067.08
quat4,-0.64111,0.52334,0.24659,-0.50427,1067.08
quat5,0.00000,0.73241,0.00000,-0.68086,1067.08
quat6,0.00000,0.73241,0.00000,-0.68086,1067.08
quat7,0.00000,0.73241,0.00000,-0.68086,1067.08
quat8,0.00000,0.73241,0.00000,-0.68086,1067.08
quat0,-0.66244,0.07884,0.73119,0.14251,1067.1
quat1,0.15393,0.25174,-0.66766,-0.68349,1067.1
quat2,0.16742,0.44902,-0.68589,-0.54764,1067.1
quat3,-0.64656,0.68980,0.09315,-0.31219,1067.1
quat4,-0.65290,0.51785,0.23754,-0.49912,1067.1
quat5,0.00000,0.73241,0.00000,-0.68086,1067.1
quat6,0.00000,0.73241,0.00000,-0.68086,1067.1
quat7,0.00000,0.73241,0.00000,-0.68086,1067.1
quat8,0.00000,0.73241,0.00000,-0.68086,1067.1
quat0,-0.66207,0.08230,0.73041,0.14623,1067.12
quat1,0.14979,0.25546,-0.67520,-0.67558,1067.12
quat2,0.15671,0.45215,-0.69775,-0.53306,1067.12
quat3,-0.65276,0.68390,0.08794,-0.31376,1067.12
quat4,-0.66213,0.51122,0.22773,-0.49838,1067.12
quat5,0.00000,0.73241,0.00000,-0.68086,1067.12
quat6,0.00000,0.73241,0.00000,-0.68086,1067.12
quat7,0.00000,0.73241,0.00000,-0.68086,1067.12
quat8,0.00000,0.73241,0.00000,-0.68086,1067.12
quat0,-0.66005,0.08321,0.73173,0.14826,1067.14
quat1,0.14605,0.26250,-0.67987,-0.66899,1067.14
quat2,0.14591,0.45927,-0.70634,-0.51853,1067.14
quat3,-0.65635,0.67924,0.08189,-0.31801,1067.14
quat4,-0.66834,0.50367,0.21722,-0.50244,1067.14
quat5,0.00000,0.73241,0.00000,-0.68086,1067.14
quat6,0.00000,0.73241,0.00000,-0.68086,1067.14
quat7,0.00000,0.73241,0.00000,-0.68086,1067.14
quat8,0.00000,0.73241,0.00000,-0.68086,1067.14
quat0,-0.65930,0.08383,0.73230,0.14844,1067.16
quat1,0.14481,0.27231,-0.68240,-0.66272,1067.16
quat2,0.13595,0.46944,-0.71093,-0.50569,1067.16
quat3,-0.65618,0.67651,0.07511,-0.32578,1067.16
quat4,-0.67165,0.49585,0.20589,-0.51051,1067.16
quat5,0.00000,0.73241,0.00000,-0.68086,1067.16
quat6,0.00000,0.73241,0.00000,-0.68086,1067.16
quat7,0.00000,0.73241,0.00000,-0.68086,1067.16
quat8,0.00000,0.73241,0.00000,-0.68086,1067.16
quat0,-0.65537,0.08217,0.73557,0.15058,1067.18
quat1,0.14230,0.28509,-0.68262,-0.65765,1067.18
quat2,0.12577,0.48288,-0.71175,-0.49439,1067.18
quat3,-0.65301,0.67425,0.07062,-0.33762,1067.18
quat4,-0.67085,0.48819,0.19575,-0.52279,1067.18
quat5,0.00000,0.73241,0.00000,-0.68086,1067.18
quat6,0.00000,0.73241,0.00000,-0.68086,1067.18
quat7,0.00000,0.73241,0.00000,-0.68086,1067.18
quat8,0.00000,0.73241,0.00000,-0.68086,1067.18
quat0,-0.65379,0.08117,0.73757,0.14819,1067.2
quat1,0.13641,0.30010,-0.68042,-0.65449,1067.2
quat2,0.11623,0.49827,-0.70816,-0.48655,1067.2
quat3,-0.64752,0.67111,0.06760,-0.35462,1067.2
quat4,-0.66553,0.48052,0.18747,-0.53947,1067.2
quat5,0.00000,0.73241,0.00000,-0.68086,1067.2
quat6,0.00000,0.73241,0.00000,-0.68086,1067.2
quat7,0.00000,0.73241,0.00000,-0.68086,1067.2
quat8,0.00000,0.73241,0.00000,-0.68086,1067.2
quat0,-0.64957,0.08696,0.73883,0.15693,1067.22
quat1,0.12798,0.31657,-0.67616,-0.65285,1067.22
quat2,0.10844,0.51583,-0.70042,-0.48122,1067.22
quat3,-0.63828,0.66817,0.06603,-0.37655,1067.22
quat4,-0.65617,0.47247,0.18123,-0.55979,1067.22
quat5,0.00000,0.73241,0.00000,-0.68086,1067.22
quat6,0.00000,0.73241,0.00000,-0.68086,1067.22
quat7,0.00000,0.73241,0.00000,-0.68086,1067.22
quat8,0.00000,0.73241,0.00000,-0.68086,1067.22
quat0,-0.64041,0.08419,0.74755,0.15476,1067.24
quat1,0.11794,0.33266,-0.66953,-0.65358,1067.24
quat2,0.09962,0.53339,-0.69035,-0.47852,1067.24
quat3,-0.62611,0.66534,0.06668,-0.40107,1067.24
quat4,-0.64302,0.46514,0.17624,-0.58233,1067.24
quat5,0.00000,0.73241,0.00000,-0.68086,1067.24
quat6,0.00000,0.73241,0.00000,-0.68086,1067.24
quat7,0.00000,0.73241,0.00000,-0.68086,1067.24
quat8,0.00000,0.73241,0.00000,-0.68086,1067.24
quat0,-0.63517,0.07702,0.75354,0.15102,1067.26
quat1,0.10984,0.34545,-0.66032,-0.65770,1067.26
quat2,0.09239,0.55260,-0.67791,-0.47596,1067.26
quat3,-0.61112,0.66363,0.06762,-0.42609,1067.26
quat4,-0.62617,0.45814,0.17346,-0.60657,1067.26
quat5,0.00000,0.73241,0.00000,-0.68086,1067.26
quat6,0.00000,0.73241,0.00000,-0.68086,1067.26
quat7,0.00000,0.73241,0.00000,-0.68086,1067.26
quat8,0.00000,0.73241,0.00000,-0.68086,1067.26
quat0,-0.62750,0.07228,0.76001,0.15295,1067.28
quat1,0.10614,0.35384,-0.64831,-0.66575,1067.28
quat2,0.08818,0.57255,-0.66343,-0.47356,1067.28
quat3,-0.59470,0.66387,0.06676,-0.44850,1067.28
quat4,-0.60584,0.45189,0.17190,-0.63183,1067.28
quat5,0.00000,0.73241,0.00000,-0.68086,1067.28
quat6,0.00000,0.73241,0.00000,-0.68086,1067.28
quat7,0.00000,0.73241,0.00000,-0.68086,1067.28
quat8,0.00000,0.73241,0.00000,-0.68086,1067.28
quat0,-0.62144,0.07094,0.76490,0.15395,1067.3
quat1,0.10298,0.35861,-0.63372,-0.67764,1067.3
quat2,0.08386,0.59002,-0.64790,-0.47443,1067.3
quat3,-0.57733,0.66739,0.06421,-0.46600,1067.3
quat4,-0.58258,0.44725,0.17010,-0.65699,1067.3
quat5,0.00000,0.73241,0.00000,-0.68086,1067.3
quat6,0.00000,0.73241,0.00000,-0.68086,1067.3
quat7,0.00000,0.73241,0.00000,-0.68086,1067.3
quat8,0.00000,0.73241,0.00000,-0.68086,1067.3
quat0,-0.62091,0.06926,0.76469,0.15788,1067.32
quat1,0.09939,0.36029,-0.61760,-0.69202,1067.32
quat2,0.08064,0.60370,-0.63145,-0.47991,1067.32
quat3,-0.55901,0.67263,0.06349,-0.48068,1067.32
quat4,-0.55761,0.44293,0.16891,-0.68143,1067.32
quat5,0.00000,0.73241,0.00000,-0.68086,1067.32
quat6,0.00000,0.73241,0.00000,-0.68086,1067.32
quat7,0.00000,0.73241,0.00000,-0.68086,1067.32
quat8,0.00000,0.73241,0.00000,-0.68086,1067.32
quat0,-0.62705,0.06379,0.76242,0.14647,1067.34
quat1,0.09797,0.35838,-0.60110,-0.70756,1067.34
quat2,0.08153,0.61422,-0.61429,-0.48861,1067.34
quat3,-0.53893,0.67810,0.06642,-0.49530,1067.34
quat4,-0.53098,0.43565,0.17189,-0.70621,1067.34
quat5,0.00000,0.73241,0.00000,-0.68086,1067.34
quat6,0.00000,0.73241,0.00000,-0.68086,1067.34
quat7,0.00000,0.73241,0.00000,-0.68086,1067.34
quat8,0.00000,0.73241,0.00000,-0.68086,1067.34
quat0,-0.63317,0.06588,0.75756,0.14442,1067.36
quat1,0.09821,0.35224,-0.58446,-0.72436,1067.36
quat2,0.08522,0.62071,-0.59733,-0.50065,1067.36
quat3,-0.51928,0.68365,0.07253,-0.50765,1067.36
quat4,-0.50533,0.42799,0.17659,-0.72820,1067.36
quat5,0.00000,0.73241,0.00000,-0.68086,1067.36
quat6,0.00000,0.73241,0.00000,-0.68086,1067.36
quat7,0.00000,0.73241,0.00000,-0.68086,1067.36
quat8,0.00000,0.73241,0.00000,-0.68086,1067.36
quat0,-0.62548,0.06959,0.76336,0.14567,1067.38
quat1,0.09973,0.34051,-0.56985,-0.74120,1067.38
quat2,0.09153,0.62182,-0.58140,-0.51666,1067.38
quat3,-0.50222,0.69032,0.08006,-0.51462,1067.38
quat4,-0.48206,0.42568,0.18134,-0.74400,1067.38
quat5,0.00000,0.73241,0.00000,-0.68086,1067.38
quat6,0.00000,0.73241,0.00000,-0.68086,1067.38
quat7,0.00000,0.73241,0.00000,-0.68086,1067.38
quat8,0.00000,0.73241,0.00000,-0.68086,1067.38
quat0,-0.62872,0.06145,0.76334,0.13506,1067.4
quat1,0.10242,0.32567,-0.55890,-0.75570,1067.4
quat2,0.10332,0.61881,-0.56752,-0.53322,1067.4
quat3,-0.48814,0.69884,0.08651,-0.51562,1067.4
quat4,-0.46260,0.42891,0.18762,-0.75289,1067.4
quat5,0.00000,0.73241,0.00000,-0.68086,1067.4
quat6,0.00000,0.73241,0.00000,-0.68086,1067.4
quat7,0.00000,0.73241,0.00000,-0.68086,1067.4
quat8,0.00000,0.73241,0.00000,-0.68086,1067.4
quat0,-0.62436,0.05811,0.76710,0.13545,1067.42
quat1,0.10564,0.31146,-0.55073,-0.76716,1067.42
quat2,0.11611,0.60897,-0.55767,-0.55198,1067.42
quat3,-0.47758,0.70974,0.09188,-0.50965,1067.42
quat4,-0.44928,0.44074,0.19170,-0.75309,1067.42
quat5,0.00000,0.73241,0.00000,-0.68086,1067.42
quat6,0.00000,0.73241,0.00000,-0.68086,1067.42
quat7,0.00000,0.73241,0.00000,-0.68086,1067.42
quat8,0.00000,0.73241,0.00000,-0.68086,1067.42
quat0,-0.63200,0.05598,0.76139,0.13319,1067.44
quat1,0.10806,0.29680,-0.54535,-0.77642,1067.44
quat2,0.13003,0.59452,-0.55070,-0.57129,1067.44
quat3,-0.47242,0.72259,0.09678,-0.49529,1067.44
quat4,-0.44191,0.45777,0.19598,-0.74616,1067.44
quat5,0.00000,0.73241,0.00000,-0.68086,1067.44
quat6,0.00000,0.73241,0.00000,-0.68086,1067.44
quat7,0.00000,0.73241,0.00000,-0.68086,1067.44
quat8,0.00000,0.73241,0.00000,-0.68086,1067.44
quat0,-0.63590,0.06020,0.75784,0.13299,1067.46
quat1,0.11169,0.28163,-0.54577,-0.78124,1067.46
quat2,0.14697,0.57714,-0.54713,-0.58818,1067.46
quat3,-0.47254,0.73482,0.09997,-0.47618,1067.46
quat4,-0.43890,0.47199,0.20517,-0.73654,1067.46
quat5,0.00000,0.73241,0.00000,-0.68086,1067.46
quat6,0.00000,0.73241,0.00000,-0.68086,1067.46
quat7,0.00000,0.73241,0.00000,-0.68086,1067.46
quat8,0.00000,0.73241,0.00000,-0.68086,1067.46
quat0,-0.63695,0.06543,0.75609,0.13541,1067.48
quat1,0.11612,0.26813,-0.55117,-0.78156,1067.48
quat2,0.16105,0.55472,-0.54800,-0.60501,1067.48
quat3,-0.47654,0.74354,0.10316,-0.45762,1067.48
quat4,-0.43954,0.48252,0.21803,-0.72556,1067.48
quat5,0.00000,0.73241,0.00000,-0.68086,1067.48
quat6,0.00000,0.73241,0.00000,-0.68086,1067.48
quat7,0.00000,0.73241,0.00000,-0.68086,1067.48
quat8,0.00000,0.73241,0.00000,-0.68086,1067.48
quat0,-0.64427,0.06294,0.75087,0.13097,1067.5
quat1,0.12012,0.25518,-0.55979,-0.77916,1067.5
quat2,0.17052,0.52828,-0.55375,-0.62066,1067.5
quat3,-0.48320,0.74855,0.10708,-0.44128,1067.5
quat4,-0.44624,0.49556,0.22869,-0.70922,1067.5
quat5,0.00000,0.73241,0.00000,-0.68086,1067.5
quat6,0.00000,0.73241,0.00000,-0.68086,1067.5
quat7,0.00000,0.73241,0.00000,-0.68086,1067.5
quat8,0.00000,0.73241,0.00000,-0.68086,1067.5
quat0,-0.64931,0.06510,0.74639,0.13062,1067.52
quat1,0.12488,0.24420,-0.57131,-0.77355,1067.52
quat2,0.18068,0.50556,-0.56272,-0.62858,1067.52
quat3,-0.49280,0.75036,0.11055,-0.42648,1067.52
quat4,-0.45877,0.50915,0.23687,-0.68861,1067.52
quat5,0.00000,0.73241,0.00000,-0.68086,1067.52
quat6,0.00000,0.73241,0.00000,-0.68086,1067.52
quat7,0.00000,0.73241,0.00000,-0.68086,1067.52
quat8,0.00000,0.73241,0.00000,-0.68086,1067.52
quat0,-0.65074,0.06752,0.74452,0.13293,1067.54
quat1,0.12989,0.23604,-0.58479,-0.76513,1067.54
quat2,0.18947,0.48726,-0.57473,-0.62958,1067.54
quat3,-0.50506,0.75018,0.11319,-0.41150,1067.54
quat4,-0.47614,0.52189,0.24170,-0.66520,1067.54
quat5,0.00000,0.73241,0.00000,-0.68086,1067.54
quat6,0.00000,0.73241,0.00000,-0.68086,1067.54
quat7,0.00000,0.73241,0.00000,-0.68086,1067.54
quat8,0.00000,0.73241,0.00000,-0.68086,1067.54
quat0,-0.65716,0.06442,0.74029,0.12632,1067.56
quat1,0.13587,0.23138,-0.59841,-0.75492,1067.56
quat2,0.19563,0.47338,-0.58964,-0.62447,1067.56
quat3,-0.51958,0.74815,0.11483,-0.39640,1067.56
quat4,-0.49628,0.53118,0.24512,-0.64146,1067.56
quat5,0.00000,0.73241,0.00000,-0.68086,1067.56
quat6,0.00000,0.73241,0.00000,-0.68086,1067.56
quat7,0.00000,0.73241,0.00000,-0.68086,1067.56
quat8,0.00000,0.73241,0.00000,-0.68086,1067.56
quat0,-0.66128,0.06939,0.73604,0.12701,1067.58
quat1,0.14579,0.23127,-0.61165,-0.74239,1067.58
quat2,0.20022,0.46396,-0.60620,-0.61415,1067.58
quat3,-0.53664,0.74324,0.11474,-0.38269,1067.58
quat4,-0.51628,0.53619,0.24854,-0.61982,1067.58
quat5,0.00000,0.73241,0.00000,-0.68086,1067.58
quat6,0.00000,0.73241,0.00000,-0.68086,1067.58
quat7,0.00000,0.73241,0.00000,-0.68086,1067.58
quat8,0.00000,0.73241,0.00000,-0.68086,1067.58
quat0,-0.66221,0.07265,0.73409,0.13159,1067.6
quat1,0.15816,0.23731,-0.62477,-0.72686,1067.6
quat2,0.20088,0.45665,-0.62450,-0.60093,1067.6
quat3,-0.55436,0.73632,0.11255,-0.37130,1067.6
quat4,-0.53674,0.53789,0.25079,-0.59974,1067.6
quat5,0.00000,0.73241,0.00000,-0.68086,1067.6
quat6,0.00000,0.73241,0.00000,-0.68086,1067.6
quat7,0.00000,0.73241,0.00000,-0.68086,1067.6
quat8,0.00000,0.73241,0.00000,-0.68086,1067.6
quat0,-0.66807,0.07404,0.72930,0.12781,1067.62
quat1,0.16836,0.24693,-0.63672,-0.71082,1067.62
quat2,0.19705,0.45131,-0.64415,-0.58529,1067.62
quat3,-0.57152,0.72868,0.10920,-0.36121,1067.62
quat4,-0.55851,0.53840,0.24895,-0.57985,1067.62
quat5,0.00000,0.73241,0.00000,-0.68086,1067.62
quat6,0.00000,0.73241,0.00000,-0.68086,1067.62
quat7,0.00000,0.73241,0.00000,-0.68086,1067.62
quat8,0.00000,0.73241,0.00000,-0.68086,1067.62
quat0,-0.66637,0.07507,0.73056,0.12880,1067.64
quat1,0.17491,0.25594,-0.64752,-0.69615,1067.64
quat2,0.19131,0.44906,-0.66299,-0.56762,1067.64
quat3,-0.58765,0.72049,0.10514,-0.35285,1067.64
quat4,-0.58121,0.53746,0.24281,-0.56070,1067.64
quat5,0.00000,0.73241,0.00000,-0.68086,1067.64
quat6,0.00000,0.73241,0.00000,-0.68086,1067.64
quat7,0.00000,0.73241,0.00000,-0.68086,1067.64
quat8,0.00000,0.73241,0.00000,-0.68086,1067.64
quat0,-0.66893,0.07931,0.72753,0.13015,1067.66
quat1,0.17778,0.26250,-0.65753,-0.68348,1067.66
quat2,0.18453,0.44987,-0.68003,-0.54875,1067.66
quat3,-0.60214,0.71185,0.10061,-0.34724,1067.66
quat4,-0.60271,0.53386,0.23438,-0.54479,1067.66
quat5,0.00000,0.73241,0.00000,-0.68086,1067.66
quat6,0.00000,0.73241,0.00000,-0.68086,1067.66
quat7,0.00000,0.73241,0.00000,-0.68086,1067.66
quat8,0.00000,0.73241,0.00000,-0.68086,1067.66
quat0,-0.67034,0.07403,0.72754,0.12590,1067.68
quat1,0.17661,0.26596,-0.66696,-0.67323,1067.68
quat2,0.17517,0.45223,-0.69523,-0.53052,1067.68
quat3,-0.61464,0.70312,0.09595,-0.34444,1067.68
quat4,-0.62161,0.52740,0.22509,-0.53366,1067.68
quat5,0.00000,0.73241,0.00000,-0.68086,1067.68
quat6,0.00000,0.73241,0.00000,-0.68086,1067.68
quat7,0.00000,0.73241,0.00000,-0.68086,1067.68
quat8,0.00000,0.73241,0.00000,-0.68086,1067.68
quat0,-0.66949,0.07989,0.72651,0.13257,1067.7
quat1,0.17118,0.26746,-0.67533,-0.66565,1067.7
quat2,0.16293,0.45644,-0.70848,-0.51300,1067.7
quat3,-0.62518,0.69428,0.09188,-0.34451,1067.7
quat4,-0.63709,0.51837,0.21641,-0.52779,1067.7
quat5,0.00000,0.73241,0.00000,-0.68086,1067.7
quat6,0.00000,0.73241,0.00000,-0.68086,1067.7
quat7,0.00000,0.73241,0.00000,-0.68086,1067.7
quat8,0.00000,0.73241,0.00000,-0.68086,1067.7
quat0,-0.66619,0.08175,0.72892,0.13487,1067.72
quat1,0.16276,0.26874,-0.68160,-0.66084,1067.72
quat2,0.14842,0.46255,-0.71866,-0.49755,1067.72
quat3,-0.63341,0.68543,0.08855,-0.34806,1067.72
quat4,-0.64892,0.50758,0.20853,-0.52705,1067.72
quat5,0.00000,0.73241,0.00000,-0.68086,1067.72
quat6,0.00000,0.73241,0.00000,-0.68086,1067.72
quat7,0.00000,0.73241,0.00000,-0.68086,1067.72
quat8,0.00000,0.73241,0.00000,-0.68086,1067.72
quat0,-0.66814,0.08216,0.72696,0.13554,1067.74
quat1,0.15500,0.27292,-0.68448,-0.65801,1067.74
quat2,0.13457,0.47232,-0.72438,-0.48381,1067.74
quat3,-0.63882,0.67691,0.08571,-0.35548,1067.74
quat4,-0.65693,0.49649,0.20105,-0.53058,1067.74
quat5,0.00000,0.73241,0.00000,-0.68086,1067.74
quat6,0.00000,0.73241,0.00000,-0.68086,1067.74
quat7,0.00000,0.73241,0.00000,-0.68086,1067.74
quat8,0.00000,0.73241,0.00000,-0.68086,1067.74
quat0,-0.66487,0.08076,0.72972,0.13761,1067.76
quat1,0.14888,0.28162,-0.68474,-0.65548,1067.76
quat2,0.12292,0.48610,-0.72598,-0.47068,1067.76
quat3,-0.64082,0.66999,0.08215,-0.36567,1067.76
quat4,-0.66209,0.48706,0.19167,-0.53635,1067.76
quat5,0.00000,0.73241,0.00000,-0.68086,1067.76
quat6,0.00000,0.73241,0.00000,-0.68086,1067.76
quat7,0.00000,0.73241,0.00000,-0.68086,1067.76
quat8,0.00000,0.73241,0.00000,-0.68086,1067.76
quat0,-0.66177,0.07913,0.73275,0.13741,1067.78
quat1,0.14406,0.29449,-0.68203,-0.65373,1067.78
quat2,0.11335,0.50376,-0.72322,-0.45861,1067.78
quat3,-0.63910,0.66603,0.07775,-0.37670,1067.78
quat4,-0.66430,0.47963,0.18023,-0.54423,1067.78
quat5,0.00000,0.73241,0.00000,-0.68086,1067.78
quat6,0.00000,0.73241,0.00000,-0.68086,1067.78
quat7,0.00000,0.73241,0.00000,-0.68086,1067.78
quat8,0.00000,0.73241,0.00000,-0.68086,1067.78
quat0,-0.65533,0.07889,0.73843,0.13797,1067.8
quat1,0.14076,0.31021,-0.67761,-0.65177,1067.8
quat2,0.10646,0.52390,-0.71556,-0.44964,1067.8
quat3,-0.63390,0.66443,0.07361,-0.38896,1067.8
quat4,-0.66266,0.47316,0.16922,-0.55531,1067.8
quat5,0.00000,0.73241,0.00000,-0.68086,1067.8
quat6,0.00000,0.73241,0.00000,-0.68086,1067.8
quat7,0.00000,0.73241,0.00000,-0.68086,1067.8
quat8,0.00000,0.73241,0.00000,-0.68086,1067.8
quat0,-0.65101,0.07771,0.74281,0.13561,1067.82
quat1,0.13701,0.32860,-0.67133,-0.65005,1067.82
quat2,0.10316,0.54640,-0.70363,-0.44239,1067.82
quat3,-0.62572,0.66429,0.07079,-0.40271,1067.82
quat4,-0.65608,0.46640,0.16155,-0.57091,1067.82
quat5,0.00000,0.73241,0.00000,-0.68086,1067.82
quat6,0.00000,0.73241,0.00000,-0.68086,1067.82
quat7,0.00000,0.73241,0.00000,-0.68086,1067.82
quat8,0.00000,0.73241,0.00000,-0.68086,1067.82
quat0,-0.64234,0.07677,0.75025,0.13652,1067.84
quat1,0.13267,0.34857,-0.66136,-0.65078,1067.84
quat2,0.10070,0.56811,-0.69017,-0.43678,1067.84
quat3,-0.61494,0.66454,0.06822,-0.41903,1067.84
quat4,-0.64516,0.45933,0.15594,-0.59031,1067.84
quat5,0.00000,0.73241,0.00000,-0.68086,1067.84
quat6,0.00000,0.73241,0.00000,-0.68086,1067.84
quat7,0.00000,0.73241,0.00000,-0.68086,1067.84
quat8,0.00000,0.73241,0.00000,-0.68086,1067.84
quat0,-0.63588,0.07739,0.75517,0.13923,1067.86
quat1,0.12911,0.36420,-0.64868,-0.65567,1067.86
quat2,0.09992,0.58932,-0.67342,-0.43500,1067.86
quat3,-0.60192,0.66504,0.06724,-0.43692,1067.86
quat4,-0.63001,0.45243,0.15097,-0.61286,1067.86
quat5,0.00000,0.73241,0.00000,-0.68086,1067.86
quat6,0.00000,0.73241,0.00000,-0.68086,1067.86
quat7,0.00000,0.73241,0.00000,-0.68086,1067.86
quat8,0.00000,0.73241,0.00000,-0.68086,1067.86
quat0,-0.62929,0.07242,0.76079,0.14121,1067.88
quat1,0.12583,0.37648,-0.63476,-0.66296,1067.88
quat2,0.10291,0.60839,-0.65342,-0.43853,1067.88
quat3,-0.58637,0.66709,0.06848,-0.45439,1067.88
quat4,-0.61098,0.44660,0.14670,-0.63697,1067.88
quat5,0.00000,0.73241,0.00000,-0.68086,1067.88
quat6,0.00000,0.73241,0.00000,-0.68086,1067.88
quat7,0.00000,0.73241,0.00000,-0.68086,1067.88
quat8,0.00000,0.73241,0.00000,-0.68086,1067.88
quat0,-0.62605,0.06593,0.76444,0.13907,1067.9
quat1,0.11998,0.38650,-0.61973,-0.67243,1067.9
quat2,0.10020,0.62061,-0.63243,-0.45259,1067.9
quat3,-0.56880,0.66946,0.07285,-0.47221,1067.9
quat4,-0.58961,0.43995,0.14596,-0.66144,1067.9
quat5,0.00000,0.73241,0.00000,-0.68086,1067.9
quat6,0.00000,0.73241,0.00000,-0.68086,1067.9
quat7,0.00000,0.73241,0.00000,-0.68086,1067.9
quat8,0.00000,0.73241,0.00000,-0.68086,1067.9
quat0,-0.62916,0.06573,0.76284,0.13385,1067.92
quat1,0.11233,0.38459,-0.60541,-0.68772,1067.92
quat2,0.09659,0.62625,-0.61103,-0.47448,1067.92
quat3,-0.55087,0.67174,0.07941,-0.48888,1067.92
quat4,-0.56547,0.43148,0.15101,-0.68649,1067.92
quat5,0.00000,0.73241,0.00000,-0.68086,1067.92
quat6,0.00000,0.73241,0.00000,-0.68086,1067.92
quat7,0.00000,0.73241,0.00000,-0.68086,1067.92
quat8,0.00000,0.73241,0.00000,-0.68086,1067.92
quat0,-0.62515,0.06837,0.76608,0.13281,1067.94
quat1,0.10836,0.37777,-0.59110,-0.70438,1067.94
quat2,0.10161,0.62918,-0.59027,-0.49537,1067.94
quat3,-0.53456,0.67531,0.08618,-0.50078,1067.94
quat4,-0.53998,0.42225,0.16038,-0.71021,1067.94
quat5,0.00000,0.73241,0.00000,-0.68086,1067.94
quat6,0.00000,0.73241,0.00000,-0.68086,1067.94
quat7,0.00000,0.73241,0.00000,-0.68086,1067.94
quat8,0.00000,0.73241,0.00000,-0.68086,1067.94
quat0,-0.62570,0.06504,0.76608,0.13186,1067.96
quat1,0.10709,0.36464,-0.57715,-0.72282,1067.96
quat2,0.11107,0.62928,-0.57052,-0.51592,1067.96
quat3,-0.52017,0.68086,0.09322,-0.50711,1067.96
quat4,-0.51620,0.41624,0.17161,-0.72859,1067.96
quat5,0.00000,0.73241,0.00000,-0.68086,1067.96
quat6,0.00000,0.73241,0.00000,-0.68086,1067.96
quat7,0.00000,0.73241,0.00000,-0.68086,1067.96
quat8,0.00000,0.73241,0.00000,-0.68086,1067.96
quat0,-0.63108,0.06823,0.76197,0.12839,1067.98
quat1,0.10644,0.34692,-0.56643,-0.73992,1067.98
quat2,0.12454,0.62466,-0.55305,-0.53706,1067.98
quat3,-0.50766,0.68961,0.09911,-0.50686,1067.98
quat4,-0.49769,0.41964,0.18073,-0.73725,1067.98
quat5,0.00000,0.73241,0.00000,-0.68086,1067.98
quat6,0.00000,0.73241,0.00000,-0.68086,1067.98
quat7,0.00000,0.73241,0.00000,-0.68086,1067.98
quat8,0.00000,0.73241,0.00000,-0.68086,1067.98
quat0,-0.62872,0.06618,0.76353,0.13171,1068
quat1,0.10750,0.32824,-0.55924,-0.75363,1068
quat2,0.13642,0.61222,-0.54056,-0.56068,1068
quat3,-0.49953,0.70125,0.10367,-0.49797,1068
quat4,-0.48438,0.43361,0.18707,-0.73645,1068
quat5,0.00000,0.73241,0.00000,-0.68086,1068
quat6,0.00000,0.73241,0.00000,-0.68086,1068
quat7,0.00000,0.73241,0.00000,-0.68086,1068
quat8,0.00000,0.73241,0.00000,-0.68086,1068
quat0,-0.62895,0.06157,0.76456,0.12680,1068.02
quat1,0.10984,0.30880,-0.55324,-0.76583,1068.02
quat2,0.14472,0.59138,-0.53388,-0.58676,1068.02
quat3,-0.49649,0.71436,0.10612,-0.48159,1068.02
quat4,-0.47733,0.45182,0.19533,-0.72791,1068.02
quat5,0.00000,0.73241,0.00000,-0.68086,1068.02
quat6,0.00000,0.73241,0.00000,-0.68086,1068.02
quat7,0.00000,0.73241,0.00000,-0.68086,1068.02
quat8,0.00000,0.73241,0.00000,-0.68086,1068.02
quat0,-0.63515,0.07167,0.75718,0.13463,1068.04
quat1,0.11089,0.29013,-0.55137,-0.77429,1068.04
quat2,0.15731,0.57017,-0.53082,-0.60695,1068.04
quat3,-0.49758,0.72760,0.10787,-0.45976,1068.04
quat4,-0.47519,0.46895,0.20585,-0.71548,1068.04
quat5,0.00000,0.73241,0.00000,-0.68086,1068.04
quat6,0.00000,0.73241,0.00000,-0.68086,1068.04
quat7,0.00000,0.73241,0.00000,-0.68086,1068.04
quat8,0.00000,0.73241,0.00000,-0.68086,1068.04
quat0,-0.63432,0.06693,0.75843,0.13398,1068.06
quat1,0.11322,0.27232,-0.55525,-0.77764,1068.06
quat2,0.16976,0.54809,-0.53176,-0.62290,1068.06
quat3,-0.50234,0.73913,0.10929,-0.43521,1068.06
quat4,-0.47822,0.48751,0.21605,-0.69782,1068.06
quat5,0.00000,0.73241,0.00000,-0.68086,1068.06
quat6,0.00000,0.73241,0.00000,-0.68086,1068.06
quat7,0.00000,0.73241,0.00000,-0.68086,1068.06
quat8,0.00000,0.73241,0.00000,-0.68086,1068.06
quat0,-0.63736,0.07069,0.75512,0.13624,1068.08
quat1,0.11912,0.25481,-0.56229,-0.77763,1068.08
quat2,0.17744,0.52331,-0.53886,-0.63583,1068.08
quat3,-0.51031,0.74639,0.11015,-0.41273,1068.08
quat4,-0.48602,0.50376,0.22761,-0.67691,1068.08
quat5,0.00000,0.73241,0.00000,-0.68086,1068.08
quat6,0.00000,0.73241,0.00000,-0.68086,1068.08
quat7,0.00000,0.73241,0.00000,-0.68086,1068.08
quat8,0.00000,0.73241,0.00000,-0.68086,1068.08
quat0,-0.64497,0.07698,0.74722,0.14052,1068.1
quat1,0.12761,0.24058,-0.57248,-0.77337,1068.1
quat2,0.18518,0.50123,-0.55001,-0.64185,1068.1
quat3,-0.52078,0.74929,0.11081,-0.39380,1068.1
quat4,-0.49870,0.51963,0.23642,-0.65221,1068.1
quat5,0.00000,0.73241,0.00000,-0.68086,1068.1
quat6,0.00000,0.73241,0.00000,-0.68086,1068.1
quat7,0.00000,0.73241,0.00000,-0.68086,1068.1
quat8,0.00000,0.73241,0.00000,-0.68086,1068.1
quat0,-0.65243,0.07345,0.74077,0.14212,1068.12
quat1,0.13827,0.23476,-0.58527,-0.76370,1068.12
quat2,0.19317,0.48428,-0.56408,-0.64029,1068.12
quat3,-0.53287,0.74907,0.11136,-0.37755,1068.12
quat4,-0.51647,0.53542,0.24062,-0.62345,1068.12
quat5,0.00000,0.73241,0.00000,-0.68086,1068.12
quat6,0.00000,0.73241,0.00000,-0.68086,1068.12
quat7,0.00000,0.73241,0.00000,-0.68086,1068.12
quat8,0.00000,0.73241,0.00000,-0.68086,1068.12
quat0,-0.65198,0.07411,0.74130,0.14109,1068.14
quat1,0.14778,0.23439,-0.59825,-0.75188,1068.14
quat2,0.19633,0.46787,-0.58216,-0.63533,1068.14
quat3,-0.54759,0.74588,0.11071,-0.36270,1068.14
quat4,-0.53710,0.54680,0.24273,-0.59465,1068.14
quat5,0.00000,0.73241,0.00000,-0.68086,1068.14
quat6,0.00000,0.73241,0.00000,-0.68086,1068.14
quat7,0.00000,0.73241,0.00000,-0.68086,1068.14
quat8,0.00000,0.73241,0.00000,-0.68086,1068.14
quat0,-0.65325,0.07497,0.74027,0.14016,1068.16
quat1,0.15510,0.23499,-0.61170,-0.73929,1068.16
quat2,0.19675,0.45325,-0.60197,-0.62728,1068.16
quat3,-0.56390,0.74095,0.10821,-0.34829,1068.16
quat4,-0.55749,0.55164,0.24535,-0.56983,1068.16
quat5,0.00000,0.73241,0.00000,-0.68086,1068.16
quat6,0.00000,0.73241,0.00000,-0.68086,1068.16
quat7,0.00000,0.73241,0.00000,-0.68086,1068.16
quat8,0.00000,0.73241,0.00000,-0.68086,1068.16
quat0,-0.65710,0.07798,0.73607,0.14260,1068.18
quat1,0.16065,0.23550,-0.62640,-0.72550,1068.18
quat2,0.19489,0.44121,-0.62216,-0.61666,1068.18
quat3,-0.58126,0.73447,0.10401,-0.33448,1068.18
quat4,-0.57796,0.55161,0.24661,-0.54852,1068.18
quat5,0.00000,0.73241,0.00000,-0.68086,1068.18
quat6,0.00000,0.73241,0.00000,-0.68086,1068.18
quat7,0.00000,0.73241,0.00000,-0.68086,1068.18
quat8,0.00000,0.73241,0.00000,-0.68086,1068.18
quat0,-0.65776,0.08107,0.73458,0.14548,1068.2
quat1,0.16326,0.23607,-0.64165,-0.71126,1068.2
quat2,0.19031,0.43164,-0.64246,-0.60392,1068.2
quat3,-0.59905,0.72601,0.09868,-0.32298,1068.2
quat4,-0.59862,0.54785,0.24558,-0.53028,1068.2
quat5,0.00000,0.73241,0.00000,-0.68086,1068.2
quat6,0.00000,0.73241,0.00000,-0.68086,1068.2
quat7,0.00000,0.73241,0.00000,-0.68086,1068.2
quat8,0.00000,0.73241,0.00000,-0.68086,1068.2
quat0,-0.66260,0.08179,0.73052,0.14354,1068.22
quat1,0.16276,0.23673,-0.65590,-0.69804,1068.22
quat2,0.18438,0.42614,-0.66170,-0.58869,1068.22
quat3,-0.61591,0.71596,0.09344,-0.31516,1068.22
quat4,-0.61934,0.54139,0.24120,-0.51492,1068.22
quat5,0.00000,0.73241,0.00000,-0.68086,1068.22
quat6,0.00000,0.73241,0.00000,-0.68086,1068.22
quat7,0.00000,0.73241,0.00000,-0.68086,1068.22
quat8,0.00000,0.73241,0.00000,-0.68086,1068.22
quat0,-0.66108,0.08391,0.73183,0.14268,1068.24
quat1,0.16081,0.23811,-0.66901,-0.68547,1068.24
quat2,0.17793,0.42468,-0.67924,-0.57152,1068.24
quat3,-0.63115,0.70479,0.08901,-0.31143,1068.24
quat4,-0.63963,0.53284,0.23323,-0.50255,1068.24
quat5,0.00000,0.73241,0.00000,-0.68086,1068.24
quat6,0.00000,0.73241,0.00000,-0.68086,1068.24
quat7,0.00000,0.73241,0.00000,-0.68086,1068.24
quat8,0.00000,0.73241,0.00000,-0.68086,1068.24
quat0,-0.65789,0.08651,0.73353,0.14710,1068.26
quat1,0.15946,0.24230,-0.68025,-0.67315,1068.26
quat2,0.17016,0.42690,-0.69500,-0.55297,1068.26
quat3,-0.64423,0.69343,0.08530,-0.31120,1068.26
quat4,-0.65804,0.52167,0.22347,-0.49488,1068.26
quat5,0.00000,0.73241,0.00000,-0.68086,1068.26
quat6,0.00000,0.73241,0.00000,-0.68086,1068.26
quat7,0.00000,0.73241,0.00000,-0.68086,1068.26
quat8,0.00000,0.73241,0.00000,-0.68086,1068.26
quat0,-0.65655,0.08817,0.73459,0.14678,1068.28
quat1,0.15818,0.25000,-0.68874,-0.66191,1068.28
quat2,0.16021,0.43139,-0.70884,-0.53458,1068.28
quat3,-0.65487,0.68249,0.08205,-0.31404,1068.28
quat4,-0.67380,0.50869,0.21293,-0.49182,1068.28
quat5,0.00000,0.73241,0.00000,-0.68086,1068.28
quat6,0.00000,0.73241,0.00000,-0.68086,1068.28
quat7,0.00000,0.73241,0.00000,-0.68086,1068.28
quat8,0.00000,0.73241,0.00000,-0.68086,1068.28
quat0,-0.65681,0.08888,0.73372,0.14954,1068.3
quat1,0.15612,0.25916,-0.69425,-0.65306,1068.3
quat2,0.14974,0.43932,-0.71940,-0.51676,1068.3
quat3,-0.66340,0.67191,0.07931,-0.31961,1068.3
quat4,-0.68641,0.49461,0.20166,-0.49350,1068.3
quat5,0.00000,0.73241,0.00000,-0.68086,1068.3
quat6,0.00000,0.73241,0.00000,-0.68086,1068.3
quat7,0.00000,0.73241,0.00000,-0.68086,1068.3
quat8,0.00000,0.73241,0.00000,-0.68086,1068.3
quat0,-0.65441,0.08705,0.73567,0.15152,1068.32
quat1,0.15295,0.26914,-0.69761,-0.64615,1068.32
quat2,0.13944,0.45035,-0.72596,-0.50073,1068.32
quat3,-0.66931,0.66256,0.07514,-0.32772,1068.32
quat4,-0.69611,0.48070,0.18855,-0.49881,1068.32
quat5,0.00000,0.73241,0.00000,-0.68086,1068.32
quat6,0.00000,0.73241,0.00000,-0.68086,1068.32
quat7,0.00000,0.73241,0.00000,-0.68086,1068.32
quat8,0.00000,0.73241,0.00000,-0.68086,1068.32
quat0,-0.64873,0.08797,0.74044,0.15215,1068.34
quat1,0.14916,0.28069,-0.69897,-0.64063,1068.34
quat2,0.12960,0.46405,-0.72860,-0.48684,1068.34
quat3,-0.67158,0.65602,0.06968,-0.33729,1068.34
quat4,-0.70264,0.46726,0.17458,-0.50743,1068.34
quat5,0.00000,0.73241,0.00000,-0.68086,1068.34
quat6,0.00000,0.73241,0.00000,-0.68086,1068.34
quat7,0.00000,0.73241,0.00000,-0.68086,1068.34
quat8,0.00000,0.73241,0.00000,-0.68086,1068.34
quat0,-0.64066,0.08890,0.74760,0.15083,1068.36
quat1,0.14322,0.29240,-0.69855,-0.63719,1068.36
quat2,0.11940,0.47896,-0.72774,-0.47617,1068.36
quat3,-0.67005,0.65222,0.06360,-0.34869,1068.36
quat4,-0.70534,0.45553,0.16062,-0.51884,1068.36
quat5,0.00000,0.73241,0.00000,-0.68086,1068.36
quat6,0.00000,0.73241,0.00000,-0.68086,1068.36
quat7,0.00000,0.73241,0.00000,-0.68086,1068.36
quat8,0.00000,0.73241,0.00000,-0.68086,1068.36
quat0,-0.63380,0.08341,0.75486,0.14671,1068.38
quat1,0.13277,0.30424,-0.69606,-0.63663,1068.38
quat2,0.11135,0.49657,-0.72259,-0.46785,1068.38
quat3,-0.66500,0.64983,0.05805,-0.36349,1068.38
quat4,-0.70300,0.44423,0.14920,-0.53498,1068.38
quat5,0.00000,0.73241,0.00000,-0.68086,1068.38
quat6,0.00000,0.73241,0.00000,-0.68086,1068.38
quat7,0.00000,0.73241,0.00000,-0.68086,1068.38
quat8,0.00000,0.73241,0.00000,-0.68086,1068.38
quat0,-0.62745,0.08381,0.75977,0.14843,1068.4
quat1,0.12287,0.31614,-0.69069,-0.63868,1068.4
quat2,0.10744,0.51686,-0.71379,-0.46023,1068.4
quat3,-0.65745,0.64720,0.05442,-0.38201,1068.4
quat4,-0.69583,0.43332,0.14096,-0.55514,1068.4
quat5,0.00000,0.73241,0.00000,-0.68086,1068.4
quat6,0.00000,0.73241,0.00000,-0.68086,1068.4
quat7,0.00000,0.73241,0.00000,-0.68086,1068.4
quat8,0.00000,0.73241,0.00000,-0.68086,1068.4
quat0,-0.61905,0.07865,0.76734,0.14756,1068.42
quat1,0.11626,0.32925,-0.68216,-0.64244,1068.42
quat2,0.10438,0.53820,-0.70288,-0.45321,1068.42
quat3,-0.64712,0.64401,0.05399,-0.40444,1068.42
quat4,-0.68396,0.42196,0.13644,-0.57925,1068.42
quat5,0.00000,0.73241,0.00000,-0.68086,1068.42
quat6,0.00000,0.73241,0.00000,-0.68086,1068.42
quat7,0.00000,0.73241,0.00000,-0.68086,1068.42
quat8,0.00000,0.73241,0.00000,-0.68086,1068.42
quat0,-0.61899,0.08131,0.76757,0.14516,1068.44
quat1,0.11157,0.33781,-0.67207,-0.64943,1068.44
quat2,0.10190,0.56019,-0.68851,-0.44918,1068.44
quat3,-0.63449,0.64098,0.05869,-0.42793,1068.44
quat4,-0.66602,0.40822,0.13802,-0.60888,1068.44
quat5,0.00000,0.73241,0.00000,-0.68086,1068.44
quat6,0.00000,0.73241,0.00000,-0.68086,1068.44
quat7,0.00000,0.73241,0.00000,-0.68086,1068.44
quat8,0.00000,0.73241,0.00000,-0.68086,1068.44
quat0,-0.62429,0.08413,0.76245,0.14785,1068.46
quat1,0.10872,0.34468,-0.66004,-0.65857,1068.46
quat2,0.10354,0.58277,-0.67097,-0.44661,1068.46
quat3,-0.61952,0.63966,0.06726,-0.45001,1068.46
quat4,-0.64183,0.39034,0.14853,-0.64314,1068.46
quat5,0.00000,0.73241,0.00000,-0.68086,1068.46
quat6,0.00000,0.73241,0.00000,-0.68086,1068.46
quat7,0.00000,0.73241,0.00000,-0.68086,1068.46
quat8,0.00000,0.73241,0.00000,-0.68086,1068.46
quat0,-0.62281,0.07501,0.76550,0.14317,1068.48
quat1,0.10777,0.35469,-0.64475,-0.66849,1068.48
quat2,0.10392,0.60183,-0.65258,-0.44849,1068.48
quat3,-0.60203,0.63925,0.07692,-0.47223,1068.48
quat4,-0.61377,0.37077,0.16492,-0.67721,1068.48
quat5,0.00000,0.73241,0.00000,-0.68086,1068.48
quat6,0.00000,0.73241,0.00000,-0.68086,1068.48
quat7,0.00000,0.73241,0.00000,-0.68086,1068.48
quat8,0.00000,0.73241,0.00000,-0.68086,1068.48
quat0,-0.63480,0.07310,0.75784,0.13173,1068.5
quat1,0.11033,0.36189,-0.62897,-0.67916,1068.5
quat2,0.10642,0.61698,-0.63294,-0.45541,1068.5
quat3,-0.58384,0.63876,0.08707,-0.49350,1068.5
quat4,-0.58344,0.35520,0.18112,-0.70755,1068.5
quat5,0.00000,0.73241,0.00000,-0.68086,1068.5
quat6,0.00000,0.73241,0.00000,-0.68086,1068.5
quat7,0.00000,0.73241,0.00000,-0.68086,1068.5
quat8,0.00000,0.73241,0.00000,-0.68086,1068.5
quat0,-0.63078,0.07508,0.76062,0.13394,1068.52
quat1,0.11415,0.36654,-0.61386,-0.68978,1068.52
quat2,0.11462,0.62755,-0.61375,-0.46514,1068.52
quat3,-0.56689,0.64088,0.09601,-0.50862,1068.52
quat4,-0.55503,0.34885,0.19293,-0.73009,1068.52
quat5,0.00000,0.73241,0.00000,-0.68086,1068.52
quat6,0.00000,0.73241,0.00000,-0.68086,1068.52
quat7,0.00000,0.73241,0.00000,-0.68086,1068.52
quat8,0.00000,0.73241,0.00000,-0.68086,1068.52
quat0,-0.62806,0.06739,0.76413,0.13082,1068.54
quat1,0.11779,0.36490,-0.59947,-0.70257,1068.54
quat2,0.12109,0.63068,-0.59594,-0.48211,1068.54
quat3,-0.54981,0.64860,0.10312,-0.51613,1068.54
quat4,-0.53356,0.35593,0.19845,-0.74111,1068.54
quat5,0.00000,0.73241,0.00000,-0.68086,1068.54
quat6,0.00000,0.73241,0.00000,-0.68086,1068.54
quat7,0.00000,0.73241,0.00000,-0.68086,1068.54
quat8,0.00000,0.73241,0.00000,-0.68086,1068.54
quat0,-0.63277,0.06277,0.76140,0.12621,1068.56
quat1,0.12018,0.35052,-0.58737,-0.71950,1068.56
quat2,0.12895,0.62692,-0.57940,-0.50461,1068.56
quat3,-0.53513,0.66172,0.10891,-0.51372,1068.56
quat4,-0.51675,0.37446,0.19949,-0.74361,1068.56
quat5,0.00000,0.73241,0.00000,-0.68086,1068.56
quat6,0.00000,0.73241,0.00000,-0.68086,1068.56
quat7,0.00000,0.73241,0.00000,-0.68086,1068.56
quat8,0.00000,0.73241,0.00000,-0.68086,1068.56
quat0,-0.63293,0.06525,0.76097,0.12679,1068.58
quat1,0.12153,0.33070,-0.57764,-0.73634,1068.58
quat2,0.13955,0.61675,-0.56650,-0.52842,1068.58
quat3,-0.52519,0.67792,0.11214,-0.50201,1068.58
quat4,-0.50338,0.39542,0.20391,-0.74072,1068.58
quat5,0.00000,0.73241,0.00000,-0.68086,1068.58
quat6,0.00000,0.73241,0.00000,-0.68086,1068.58
quat7,0.00000,0.73241,0.00000,-0.68086,1068.58
quat8,0.00000,0.73241,0.00000,-0.68086,1068.58
quat0,-0.63380,0.06692,0.76018,0.12631,1068.6
quat1,0.12295,0.30930,-0.57001,-0.75120,1068.6
quat2,0.15011,0.60075,-0.55651,-0.55395,1068.6
quat3,-0.51977,0.69450,0.11455,-0.48414,1068.6
quat4,-0.49209,0.41340,0.21405,-0.73562,1068.6
quat5,0.00000,0.73241,0.00000,-0.68086,1068.6
quat6,0.00000,0.73241,0.00000,-0.68086,1068.6
quat7,0.00000,0.73241,0.00000,-0.68086,1068.6
quat8,0.00000,0.73241,0.00000,-0.68086,1068.6
quat0,-0.63939,0.06434,0.75659,0.12085,1068.62
quat1,0.12294,0.28536,-0.56509,-0.76429,1068.62
quat2,0.16179,0.57950,-0.54971,-0.57950,1068.62
quat3,-0.51752,0.71005,0.11724,-0.46287,1068.62
quat4,-0.48486,0.43280,0.22500,-0.72593,1068.62
quat5,0.00000,0.73241,0.00000,-0.68086,1068.62
quat6,0.00000,0.73241,0.00000,-0.68086,1068.62
quat7,0.00000,0.73241,0.00000,-0.68086,1068.62
quat8,0.00000,0.73241,0.00000,-0.68086,1068.62
quat0,-0.64102,0.06887,0.75408,0.12535,1068.64
quat1,0.12207,0.26555,-0.56469,-0.77182,1068.64
quat2,0.17597,0.55666,-0.54614,-0.60075,1068.64
quat3,-0.51863,0.72195,0.11968,-0.44213,1068.64
quat4,-0.48297,0.45308,0.23601,-0.71117,1068.64
quat5,0.00000,0.73241,0.00000,-0.68086,1068.64
quat6,0.00000,0.73241,0.00000,-0.68086,1068.64
quat7,0.00000,0.73241,0.00000,-0.68086,1068.64
quat8,0.00000,0.73241,0.00000,-0.68086,1068.64
quat0,-0.63859,0.07301,0.75448,0.13280,1068.66
quat1,0.12280,0.24994,-0.56825,-0.77430,1068.66
quat2,0.18771,0.53118,-0.54742,-0.61882,1068.66
quat3,-0.52257,0.72951,0.12174,-0.42417,1068.66
quat4,-0.48739,0.47252,0.24562,-0.69199,1068.66
quat5,0.00000,0.73241,0.00000,-0.68086,1068.66
quat6,0.00000,0.73241,0.00000,-0.68086,1068.66
quat7,0.00000,0.73241,0.00000,-0.68086,1068.66
quat8,0.00000,0.73241,0.00000,-0.68086,1068.66
quat0,-0.64289,0.06551,0.75317,0.12303,1068.68
quat1,0.12615,0.23582,-0.57564,-0.77273,1068.68
quat2,0.19809,0.50747,-0.55353,-0.62995,1068.68
quat3,-0.52886,0.73402,0.12260,-0.40802,1068.68
quat4,-0.49741,0.49089,0.25316,-0.66897,1068.68
quat5,0.00000,0.73241,0.00000,-0.68086,1068.68
quat6,0.00000,0.73241,0.00000,-0.68086,1068.68
quat7,0.00000,0.73241,0.00000,-0.68086,1068.68
quat8,0.00000,0.73241,0.00000,-0.68086,1068.68
quat0,-0.64420,0.06923,0.75093,0.12779,1068.7
quat1,0.13578,0.22614,-0.58630,-0.76595,1068.7
quat2,0.20867,0.48986,-0.56329,-0.63182,1068.7
quat3,-0.53858,0.73609,0.12152,-0.39159,1068.7
quat4,-0.51152,0.50539,0.25904,-0.64484,1068.7
quat5,0.00000,0.73241,0.00000,-0.68086,1068.7
quat6,0.00000,0.73241,0.00000,-0.68086,1068.7
quat7,0.00000,0.73241,0.00000,-0.68086,1068.7
quat8,0.00000,0.73241,0.00000,-0.68086,1068.7
quat0,-0.64563,0.07383,0.74864,0.13136,1068.72
quat1,0.14921,0.22528,-0.59754,-0.75494,1068.72
quat2,0.21459,0.47517,-0.57753,-0.62820,1068.72
quat3,-0.55111,0.73590,0.11779,-0.37530,1068.72
quat4,-0.52825,0.51452,0.26329,-0.62201,1068.72
quat5,0.00000,0.73241,0.00000,-0.68086,1068.72
quat6,0.00000,0.73241,0.00000,-0.68086,1068.72
quat7,0.00000,0.73241,0.00000,-0.68086,1068.72
quat8,0.00000,0.73241,0.00000,-0.68086,1068.72
quat0,-0.64981,0.07169,0.74591,0.12738,1068.74
quat1,0.16237,0.23076,-0.60827,-0.74188,1068.74
quat2,0.21502,0.46146,-0.59562,-0.62134,1068.74
quat3,-0.56582,0.73384,0.11240,-0.35874,1068.74
quat4,-0.54771,0.51978,0.26417,-0.60004,1068.74
quat5,0.00000,0.73241,0.00000,-0.68086,1068.74
quat6,0.00000,0.73241,0.00000,-0.68086,1068.74
quat7,0.00000,0.73241,0.00000,-0.68086,1068.74
quat8,0.00000,0.73241,0.00000,-0.68086,1068.74
quat0,-0.65115,0.07460,0.74406,0.12963,1068.76
quat1,0.17362,0.23847,-0.61994,-0.72709,1068.76
quat2,0.21293,0.44958,-0.61486,-0.61195,1068.76
quat3,-0.58340,0.72809,0.10850,-0.34316,1068.76
quat4,-0.56866,0.52185,0.26281,-0.57899,1068.76
quat5,0.00000,0.73241,0.00000,-0.68086,1068.76
quat6,0.00000,0.73241,0.00000,-0.68086,1068.76
quat7,0.00000,0.73241,0.00000,-0.68086,1068.76
quat8,0.00000,0.73241,0.00000,-0.68086,1068.76
quat0,-0.65268,0.08089,0.74107,0.13521,1068.78
quat1,0.18055,0.24521,-0.63284,-0.71189,1068.78
quat2,0.20839,0.44012,-0.63422,-0.60053,1068.78
quat3,-0.60262,0.71774,0.10426,-0.33291,1068.78
quat4,-0.58942,0.51995,0.26052,-0.56069,1068.78
quat5,0.00000,0.73241,0.00000,-0.68086,1068.78
quat6,0.00000,0.73241,0.00000,-0.68086,1068.78
quat7,0.00000,0.73241,0.00000,-0.68086,1068.78
quat8,0.00000,0.73241,0.00000,-0.68086,1068.78
quat0,-0.65379,0.08182,0.74008,0.13471,1068.8
quat1,0.18133,0.24882,-0.64639,-0.69813,1068.8
quat2,0.20062,0.43298,-0.65362,-0.58741,1068.8
quat3,-0.61972,0.70585,0.09840,-0.32869,1068.8
quat4,-0.61004,0.51523,0.25672,-0.54450,1068.8
quat5,0.00000,0.73241,0.00000,-0.68086,1068.8
quat6,0.00000,0.73241,0.00000,-0.68086,1068.8
quat7,0.00000,0.73241,0.00000,-0.68086,1068.8
quat8,0.00000,0.73241,0.00000,-0.68086,1068.8
quat0,-0.65576,0.08358,0.73794,0.13583,1068.82
quat1,0.17702,0.24955,-0.65967,-0.68646,1068.82
quat2,0.19058,0.42909,-0.67216,-0.57251,1068.82
quat3,-0.63543,0.69298,0.09258,-0.32777,1068.82
quat4,-0.63084,0.50877,0.24923,-0.53018,1068.82
quat5,0.00000,0.73241,0.00000,-0.68086,1068.82
quat6,0.00000,0.73241,0.00000,-0.68086,1068.82
quat7,0.00000,0.73241,0.00000,-0.68086,1068.82
quat8,0.00000,0.73241,0.00000,-0.68086,1068.82
quat0,-0.65435,0.08578,0.73850,0.13813,1068.84
quat1,0.17048,0.24925,-0.67211,-0.67607,1068.84
quat2,0.17894,0.42814,-0.68911,-0.55660,1068.84
quat3,-0.64979,0.67992,0.08708,-0.32848,1068.84
quat4,-0.65075,0.50090,0.23863,-0.51835,1068.84
quat5,0.00000,0.73241,0.00000,-0.68086,1068.84
quat6,0.00000,0.73241,0.00000,-0.68086,1068.84
quat7,0.00000,0.73241,0.00000,-0.68086,1068.84
quat8,0.00000,0.73241,0.00000,-0.68086,1068.84
quat0,-0.65304,0.08569,0.73926,0.14035,1068.86
quat1,0.16347,0.25080,-0.68273,-0.66653,1068.86
quat2,0.16592,0.43099,-0.70415,-0.53935,1068.86
quat3,-0.66194,0.66693,0.08184,-0.33218,1068.86
quat4,-0.66843,0.49122,0.22630,-0.51058,1068.86
quat5,0.00000,0.73241,0.00000,-0.68086,1068.86
quat6,0.00000,0.73241,0.00000,-0.68086,1068.86
quat7,0.00000,0.73241,0.00000,-0.68086,1068.86
quat8,0.00000,0.73241,0.00000,-0.68086,1068.86
quat0,-0.65346,0.08535,0.73881,0.14098,1068.88
quat1,0.15730,0.25527,-0.69093,-0.65780,1068.88
quat2,0.15232,0.43662,-0.71662,-0.52213,1068.88
quat3,-0.67134,0.65491,0.07631,-0.33847,1068.88
quat4,-0.68370,0.47996,0.21260,-0.50695,1068.88
quat5,0.00000,0.73241,0.00000,-0.68086,1068.88
quat6,0.00000,0.73241,0.00000,-0.68086,1068.88
quat7,0.00000,0.73241,0.00000,-0.68086,1068.88
quat8,0.00000,0.73241,0.00000,-0.68086,1068.88
quat0,-0.65342,0.08513,0.73854,0.14270,1068.9
quat1,0.15153,0.26310,-0.69660,-0.65005,1068.9
quat2,0.13980,0.44669,-0.72528,-0.50487,1068.9
quat3,-0.67785,0.64468,0.07065,-0.34629,1068.9
quat4,-0.69607,0.46790,0.19773,-0.50741,1068.9
quat5,0.00000,0.73241,0.00000,-0.68086,1068.9
quat6,0.00000,0.73241,0.00000,-0.68086,1068.9
quat7,0.00000,0.73241,0.00000,-0.68086,1068.9
quat8,0.00000,0.73241,0.00000,-0.68086,1068.9
quat0,-0.65115,0.08668,0.74006,0.14423,1068.92
quat1,0.14596,0.27446,-0.69988,-0.64307,1068.92
quat2,0.12939,0.46013,-0.72959,-0.48912,1068.92
quat3,-0.68176,0.63629,0.06416,-0.35527,1068.92
quat4,-0.70492,0.45664,0.18225,-0.51122,1068.92
quat5,0.00000,0.73241,0.00000,-0.68086,1068.92
quat6,0.00000,0.73241,0.00000,-0.68086,1068.92
quat7,0.00000,0.73241,0.00000,-0.68086,1068.92
quat8,0.00000,0.73241,0.00000,-0.68086,1068.92
quat0,-0.64738,0.08845,0.74289,0.14560,1068.94
quat1,0.14009,0.28827,-0.70091,-0.63718,1068.94
quat2,0.12044,0.47668,-0.73004,-0.47468,1068.94
quat3,-0.68241,0.63032,0.05679,-0.36576,1068.94
quat4,-0.71014,0.44636,0.16650,-0.51840,1068.94
quat5,0.00000,0.73241,0.00000,-0.68086,1068.94
quat6,0.00000,0.73241,0.00000,-0.68086,1068.94
quat7,0.00000,0.73241,0.00000,-0.68086,1068.94
quat8,0.00000,0.73241,0.00000,-0.68086,1068.94
quat0,-0.64538,0.08899,0.74468,0.14500,1068.96
quat1,0.13188,0.30345,-0.69950,-0.63342,1068.96
quat2,0.11038,0.49432,-0.72719,-0.46331,1068.96
quat3,-0.67950,0.62710,0.04868,-0.37771,1068.96
quat4,-0.71190,0.43858,0.15011,-0.52755,1068.96
quat5,0.00000,0.73241,0.00000,-0.68086,1068.96
quat6,0.00000,0.73241,0.00000,-0.68086,1068.96
quat7,0.00000,0.73241,0.00000,-0.68086,1068.96
quat8,0.00000,0.73241,0.00000,-0.68086,1068.96
quat0,-0.63849,0.08729,0.75052,0.14638,1068.98
quat1,0.12141,0.31795,-0.69617,-0.63207,1068.98
quat2,0.10139,0.51391,-0.72065,-0.45418,1068.98
quat3,-0.67360,0.62651,0.03993,-0.39007,1068.98
quat4,-0.70958,0.43255,0.13404,-0.53985,1068.98
quat5,0.00000,0.73241,0.00000,-0.68086,1068.98
quat6,0.00000,0.73241,0.00000,-0.68086,1068.98
quat7,0.00000,0.73241,0.00000,-0.68086,1068.98
quat8,0.00000,0.73241,0.00000,-0.68086,1068.98
quat0,-0.63511,0.08647,0.75372,0.14516,1069
quat1,0.11050,0.33190,-0.69070,-0.63290,1069
quat2,0.09314,0.53333,-0.71181,-0.44746,1069
quat3,-0.66484,0.62829,0.03133,-0.40281,1069
quat4,-0.70353,0.42779,0.11940,-0.55478,1069
quat5,0.00000,0.73241,0.00000,-0.68086,1069
quat6,0.00000,0.73241,0.00000,-0.68086,1069
quat7,0.00000,0.73241,0.00000,-0.68086,1069
quat8,0.00000,0.73241,0.00000,-0.68086,1069
quat0,-0.62897,0.08496,0.75910,0.14472,1069.02
quat1,0.09991,0.34425,-0.68226,-0.63721,1069.02
quat2,0.08377,0.55219,-0.70092,-0.44360,1069.02
quat3,-0.65310,0.63164,0.02462,-0.41699,1069.02
quat4,-0.69354,0.42337,0.10701,-0.57299,1069.02
quat5,0.00000,0.73241,0.00000,-0.68086,1069.02
quat6,0.00000,0.73241,0.00000,-0.68086,1069.02
quat7,0.00000,0.73241,0.00000,-0.68086,1069.02
quat8,0.00000,0.73241,0.00000,-0.68086,1069.02
quat0,-0.63263,0.08136,0.75681,0.14281,1069.04
quat1,0.08948,0.35350,-0.67121,-0.64537,1069.04
quat2,0.07581,0.57091,-0.68729,-0.44266,1069.04
quat3,-0.63949,0.63575,0.02070,-0.43179,1069.04
quat4,-0.67956,0.41962,0.09704,-0.59389,1069.04
quat5,0.00000,0.73241,0.00000,-0.68086,1069.04
quat6,0.00000,0.73241,0.00000,-0.68086,1069.04
quat7,0.00000,0.73241,0.00000,-0.68086,1069.04
quat8,0.00000,0.73241,0.00000,-0.68086,1069.04
quat0,-0.63748,0.08323,0.75294,0.14062,1069.06
quat1,0.08081,0.36144,-0.65843,-0.65521,1069.06
quat2,0.07278,0.58992,-0.67171,-0.44216,1069.06
quat3,-0.62441,0.63999,0.02086,-0.44732,1069.06
quat4,-0.66187,0.41581,0.09050,-0.61712,1069.06
quat5,0.00000,0.73241,0.00000,-0.68086,1069.06
quat6,0.00000,0.73241,0.00000,-0.68086,1069.06
quat7,0.00000,0.73241,0.00000,-0.68086,1069.06
quat8,0.00000,0.73241,0.00000,-0.68086,1069.06
quat0,-0.63979,0.08312,0.75088,0.14121,1069.08
quat1,0.07478,0.36765,-0.64438,-0.66634,1069.08
quat2,0.07219,0.60756,-0.65499,-0.44345,1069.08
quat3,-0.60681,0.64462,0.02596,-0.46430,1069.08
quat4,-0.64227,0.41297,0.08762,-0.63974,1069.08
quat5,0.00000,0.73241,0.00000,-0.68086,1069.08
quat6,0.00000,0.73241,0.00000,-0.68086,1069.08
quat7,0.00000,0.73241,0.00000,-0.68086,1069.08
quat8,0.00000,0.73241,0.00000,-0.68086,1069.08
quat0,-0.64033,0.07357,0.75179,0.13916,1069.1
quat1,0.07218,0.36845,-0.62971,-0.68008,1069.1
quat2,0.07235,0.62211,-0.63732,-0.44896,1069.1
quat3,-0.58719,0.64982,0.03343,-0.48148,1069.1
quat4,-0.62006,0.41223,0.08872,-0.66160,1069.1
quat5,0.00000,0.73241,0.00000,-0.68086,1069.1
quat6,0.00000,0.73241,0.00000,-0.68086,1069.1
quat7,0.00000,0.73241,0.00000,-0.68086,1069.1
quat8,0.00000,0.73241,0.00000,-0.68086,1069.1
quat0,-0.64774,0.07430,0.74588,0.13627,1069.12
quat1,0.07153,0.36540,-0.61469,-0.69536,1069.12
quat2,0.07479,0.63245,-0.61942,-0.45906,1069.12
quat3,-0.56824,0.65620,0.04225,-0.49470,1069.12
quat4,-0.59566,0.41230,0.09566,-0.68268,1069.12
quat5,0.00000,0.73241,0.00000,-0.68086,1069.12
quat6,0.00000,0.73241,0.00000,-0.68086,1069.12
quat7,0.00000,0.73241,0.00000,-0.68086,1069.12
quat8,0.00000,0.73241,0.00000,-0.68086,1069.12
quat0,-0.65087,0.07728,0.74252,0.13803,1069.14
quat1,0.07183,0.36285,-0.59981,-0.70952,1069.14
quat2,0.07881,0.63705,-0.60271,-0.47402,1069.14
quat3,-0.55034,0.66544,0.05120,-0.50169,1069.14
quat4,-0.57259,0.41689,0.10547,-0.69801,1069.14
quat5,0.00000,0.73241,0.00000,-0.68086,1069.14
quat6,0.00000,0.73241,0.00000,-0.68086,1069.14
quat7,0.00000,0.73241,0.00000,-0.68086,1069.14
quat8,0.00000,0.73241,0.00000,-0.68086,1069.14
quat0,-0.65172,0.07124,0.74318,0.13369,1069.16
quat1,0.07104,0.35568,-0.58594,-0.72465,1069.16
quat2,0.08607,0.63754,-0.58561,-0.49315,1069.16
quat3,-0.53493,0.67732,0.05903,-0.50159,1069.16
quat4,-0.55140,0.42852,0.11534,-0.70642,1069.16
quat5,0.00000,0.73241,0.00000,-0.68086,1069.16
quat6,0.00000,0.73241,0.00000,-0.68086,1069.16
quat7,0.00000,0.73241,0.00000,-0.68086,1069.16
quat8,0.00000,0.73241,0.00000,-0.68086,1069.16
quat0,-0.65497,0.07010,0.74104,0.13022,1069.18
quat1,0.06907,0.34115,-0.57507,-0.74037,1069.18
quat2,0.10164,0.63579,-0.56904,-0.51150,1069.18
quat3,-0.52317,0.69094,0.06492,-0.49465,1069.18
quat4,-0.53367,0.44493,0.12640,-0.70800,1069.18
quat5,0.00000,0.73241,0.00000,-0.68086,1069.18
quat6,0.00000,0.73241,0.00000,-0.68086,1069.18
quat7,0.00000,0.73241,0.00000,-0.68086,1069.18
quat8,0.00000,0.73241,0.00000,-0.68086,1069.18
quat0,-0.65543,0.06855,0.73993,0.13500,1069.2
quat1,0.06655,0.32447,-0.56801,-0.75342,1069.2
quat2,0.12120,0.62954,-0.55508,-0.52998,1069.2
quat3,-0.51459,0.70652,0.06999,-0.48076,1069.2
quat4,-0.52028,0.46440,0.13787,-0.70330,1069.2
quat5,0.00000,0.73241,0.00000,-0.68086,1069.2
quat6,0.00000,0.73241,0.00000,-0.68086,1069.2
quat7,0.00000,0.73241,0.00000,-0.68086,1069.2
quat8,0.00000,0.73241,0.00000,-0.68086,1069.2
quat0,-0.65579,0.06514,0.74086,0.12969,1069.22
quat1,0.06306,0.30735,-0.56406,-0.76381,1069.22
quat2,0.13848,0.61496,-0.54454,-0.55329,1069.22
quat3,-0.50948,0.72260,0.07451,-0.46122,1069.22
quat4,-0.51230,0.48583,0.14999,-0.69211,1069.22
quat5,0.00000,0.73241,0.00000,-0.68086,1069.22
quat6,0.00000,0.73241,0.00000,-0.68086,1069.22
quat7,0.00000,0.73241,0.00000,-0.68086,1069.22
quat8,0.00000,0.73241,0.00000,-0.68086,1069.22
quat0,-0.65671,0.07175,0.73857,0.13449,1069.24
quat1,0.06496,0.29176,-0.56503,-0.76902,1069.24
quat2,0.15444,0.59369,-0.53861,-0.57757,1069.24
quat3,-0.50831,0.73648,0.07763,-0.43953,1069.24
quat4,-0.50820,0.50411,0.16546,-0.67840,1069.24
quat5,0.00000,0.73241,0.00000,-0.68086,1069.24
quat6,0.00000,0.73241,0.00000,-0.68086,1069.24
quat7,0.00000,0.73241,0.00000,-0.68086,1069.24
quat8,0.00000,0.73241,0.00000,-0.68086,1069.24
quat0,-0.65595,0.07009,0.73959,0.13347,1069.26
quat1,0.07225,0.28030,-0.57050,-0.76860,1069.26
quat2,0.16642,0.56726,-0.53902,-0.59998,1069.26
quat3,-0.51155,0.74623,0.07957,-0.41849,1069.26
quat4,-0.50893,0.52072,0.18061,-0.66123,1069.26
quat5,0.00000,0.73241,0.00000,-0.68086,1069.26
quat6,0.00000,0.73241,0.00000,-0.68086,1069.26
quat7,0.00000,0.73241,0.00000,-0.68086,1069.26
quat8,0.00000,0.73241,0.00000,-0.68086,1069.26
quat0,-0.65675,0.06714,0.73952,0.13149,1069.28
quat1,0.08228,0.26926,-0.57792,-0.76598,1069.28
quat2,0.17523,0.54267,-0.54503,-0.61462,1069.28
quat3,-0.51815,0.75218,0.08144,-0.39889,1069.28
quat4,-0.51471,0.53598,0.19360,-0.64055,1069.28
quat5,0.00000,0.73241,0.00000,-0.68086,1069.28
quat6,0.00000,0.73241,0.00000,-0.68086,1069.28
quat7,0.00000,0.73241,0.00000,-0.68086,1069.28
quat8,0.00000,0.73241,0.00000,-0.68086,1069.28
quat0,-0.65882,0.07066,0.73773,0.12926,1069.3
quat1,0.09306,0.25709,-0.58616,-0.76266,1069.3
quat2,0.18361,0.52492,-0.55499,-0.61865,1069.3
quat3,-0.52780,0.75478,0.08224,-0.38075,1069.3
quat4,-0.52541,0.54888,0.20367,-0.61741,1069.3
quat5,0.00000,0.73241,0.00000,-0.68086,1069.3
quat6,0.00000,0.73241,0.00000,-0.68086,1069.3
quat7,0.00000,0.73241,0.00000,-0.68086,1069.3
quat8,0.00000,0.73241,0.00000,-0.68086,1069.3
quat0,-0.65900,0.07281,0.73717,0.13041,1069.32
quat1,0.10479,0.25007,-0.59578,-0.75599,1069.32
quat2,0.18954,0.51035,-0.56870,-0.61661,1069.32
quat3,-0.54026,0.75437,0.08148,-0.36388,1069.32
quat4,-0.54034,0.55864,0.21014,-0.59312,1069.32
quat5,0.00000,0.73241,0.00000,-0.68086,1069.32
quat6,0.00000,0.73241,0.00000,-0.68086,1069.32
quat7,0.00000,0.73241,0.00000,-0.68086,1069.32
quat8,0.00000,0.73241,0.00000,-0.68086,1069.32
quat0,-0.66117,0.07602,0.73493,0.13020,1069.34
quat1,0.11557,0.24863,-0.60704,-0.74588,1069.34
quat2,0.19050,0.49357,-0.58604,-0.61372,1069.34
quat3,-0.55441,0.75207,0.07837,-0.34767,1069.34
quat4,-0.55845,0.56562,0.21253,-0.56836,1069.34
quat5,0.00000,0.73241,0.00000,-0.68086,1069.34
quat6,0.00000,0.73241,0.00000,-0.68086,1069.34
quat7,0.00000,0.73241,0.00000,-0.68086,1069.34
quat8,0.00000,0.73241,0.00000,-0.68086,1069.34
quat0,-0.66064,0.07964,0.73411,0.13525,1069.36
quat1,0.12338,0.25068,-0.62039,-0.73284,1069.36
quat2,0.18995,0.47702,-0.60459,-0.60896,1069.36
quat3,-0.57108,0.74645,0.07356,-0.33357,1069.36
quat4,-0.57788,0.56697,0.21430,-0.54651,1069.36
quat5,0.00000,0.73241,0.00000,-0.68086,1069.36
quat6,0.00000,0.73241,0.00000,-0.68086,1069.36
quat7,0.00000,0.73241,0.00000,-0.68086,1069.36
quat8,0.00000,0.73241,0.00000,-0.68086,1069.36
quat0,-0.66255,0.08212,0.73130,0.13959,1069.38
quat1,0.12721,0.25305,-0.63567,-0.71813,1069.38
quat2,0.18842,0.46366,-0.62284,-0.60132,1069.38
quat3,-0.58950,0.73757,0.06691,-0.32249,1069.38
quat4,-0.59727,0.56226,0.21553,-0.52980,1069.38
quat5,0.00000,0.73241,0.00000,-0.68086,1069.38
quat6,0.00000,0.73241,0.00000,-0.68086,1069.38
quat7,0.00000,0.73241,0.00000,-0.68086,1069.38
quat8,0.00000,0.73241,0.00000,-0.68086,1069.38
quat0,-0.65980,0.08248,0.73347,0.14101,1069.4
quat1,0.12632,0.25271,-0.65107,-0.70448,1069.4
quat2,0.18432,0.45342,-0.64119,-0.59103,1069.4
quat3,-0.60775,0.72711,0.05901,-0.31378,1069.4
quat4,-0.61771,0.55439,0.21236,-0.51574,1069.4
quat5,0.00000,0.73241,0.00000,-0.68086,1069.4
quat6,0.00000,0.73241,0.00000,-0.68086,1069.4
quat7,0.00000,0.73241,0.00000,-0.68086,1069.4
quat8,0.00000,0.73241,0.00000,-0.68086,1069.4
quat0,-0.66013,0.08471,0.73336,0.13871,1069.42
quat1,0.12277,0.25103,-0.66547,-0.69215,1069.42
quat2,0.17768,0.44662,-0.65948,-0.57796,1069.42
quat3,-0.62449,0.71595,0.05164,-0.30782,1069.42
quat4,-0.63902,0.54443,0.20324,-0.50393,1069.42
quat5,0.00000,0.73241,0.00000,-0.68086,1069.42
quat6,0.00000,0.73241,0.00000,-0.68086,1069.42
quat7,0.00000,0.73241,0.00000,-0.68086,1069.42
quat8,0.00000,0.73241,0.00000,-0.68086,1069.42
quat0,-0.66082,0.08533,0.73290,0.13743,1069.44
quat1,0.12055,0.25105,-0.67810,-0.68016,1069.44
quat2,0.16841,0.44305,-0.67731,-0.56267,1069.44
quat3,-0.63916,0.70399,0.04542,-0.30628,1069.44
quat4,-0.66031,0.53217,0.18935,-0.49490,1069.44
quat5,0.00000,0.73241,0.00000,-0.68086,1069.44
quat6,0.00000,0.73241,0.00000,-0.68086,1069.44
quat7,0.00000,0.73241,0.00000,-0.68086,1069.44
quat8,0.00000,0.73241,0.00000,-0.68086,1069.44
quat0,-0.65786,0.09081,0.73468,0.13865,1069.46
quat1,0.12067,0.25557,-0.68847,-0.66793,1069.46
quat2,0.15686,0.44321,-0.69403,-0.54524,1069.46
quat3,-0.65152,0.69132,0.04081,-0.30972,1069.46
quat4,-0.68017,0.51736,0.17216,-0.48996,1069.46
quat5,0.00000,0.73241,0.00000,-0.68086,1069.46
quat6,0.00000,0.73241,0.00000,-0.68086,1069.46
quat7,0.00000,0.73241,0.00000,-0.68086,1069.46
quat8,0.00000,0.73241,0.00000,-0.68086,1069.46
quat0,-0.65735,0.08849,0.73486,0.14159,1069.48
quat1,0.12207,0.26369,-0.69605,-0.65656,1069.48
quat2,0.14374,0.44680,-0.70886,-0.52652,1069.48
quat3,-0.66111,0.67893,0.03700,-0.31721,1069.48
quat4,-0.69816,0.50105,0.15165,-0.48840,1069.48
quat5,0.00000,0.73241,0.00000,-0.68086,1069.48
quat6,0.00000,0.73241,0.00000,-0.68086,1069.48
quat7,0.00000,0.73241,0.00000,-0.68086,1069.48
quat8,0.00000,0.73241,0.00000,-0.68086,1069.48
quat0,-0.65530,0.08751,0.73620,0.14467,1069.5
quat1,0.12360,0.27447,-0.70110,-0.64641,1069.5
quat2,0.12980,0.45444,-0.72080,-0.50703,1069.5
quat3,-0.66739,0.66795,0.03395,-0.32753,1069.5
quat4,-0.71308,0.48314,0.12988,-0.49114,1069.5
quat5,0.00000,0.73241,0.00000,-0.68086,1069.5
quat6,0.00000,0.73241,0.00000,-0.68086,1069.5
quat7,0.00000,0.73241,0.00000,-0.68086,1069.5
quat8,0.00000,0.73241,0.00000,-0.68086,1069.5
quat0,-0.65334,0.08689,0.73779,0.14583,1069.52
quat1,0.12296,0.28544,-0.70443,-0.63810,1069.52
quat2,0.11466,0.46454,-0.72962,-0.48858,1069.52
quat3,-0.67100,0.65818,0.03189,-0.33991,1069.52
quat4,-0.72417,0.46419,0.10863,-0.49830,1069.52
quat5,0.00000,0.73241,0.00000,-0.68086,1069.52
quat6,0.00000,0.73241,0.00000,-0.68086,1069.52
quat7,0.00000,0.73241,0.00000,-0.68086,1069.52
quat8,0.00000,0.73241,0.00000,-0.68086,1069.52
quat0,-0.65053,0.08699,0.74003,0.14695,1069.54
quat1,0.11802,0.29580,-0.70603,-0.63253,1069.54
quat2,0.09924,0.47733,-0.73476,-0.47163,1069.54
quat3,-0.67190,0.65008,0.02943,-0.35366,1069.54
quat4,-0.73106,0.44444,0.08909,-0.50999,1069.54
quat5,0.00000,0.73241,0.00000,-0.68086,1069.54
quat6,0.00000,0.73241,0.00000,-0.68086,1069.54
quat7,0.00000,0.73241,0.00000,-0.68086,1069.54
quat8,0.00000,0.73241,0.00000,-0.68086,1069.54
quat0,-0.65135,0.08939,0.73899,0.14714,1069.56
quat1,0.11151,0.30714,-0.70569,-0.62867,1069.56
quat2,0.08465,0.49103,-0.73600,-0.45830,1069.56
quat3,-0.67084,0.64252,0.02707,-0.36933,1069.56
quat4,-0.73296,0.42640,0.07258,-0.52505,1069.56
quat5,0.00000,0.73241,0.00000,-0.68086,1069.56
quat6,0.00000,0.73241,0.00000,-0.68086,1069.56
quat7,0.00000,0.73241,0.00000,-0.68086,1069.56
quat8,0.00000,0.73241,0.00000,-0.68086,1069.56
quat0,-0.64837,0.09026,0.74128,0.14826,1069.58
quat1,0.10354,0.32009,-0.70358,-0.62594,1069.58
quat2,0.07084,0.50635,-0.73280,-0.44899,1069.58
quat3,-0.66718,0.63547,0.02329,-0.38796,1069.58
quat4,-0.72930,0.40997,0.06151,-0.54431,1069.58
quat5,0.00000,0.73241,0.00000,-0.68086,1069.58
quat6,0.00000,0.73241,0.00000,-0.68086,1069.58
quat7,0.00000,0.73241,0.00000,-0.68086,1069.58
quat8,0.00000,0.73241,0.00000,-0.68086,1069.58
quat0,-0.64371,0.08816,0.74485,0.15187,1069.6
quat1,0.09088,0.33368,-0.69880,-0.62616,1069.6
quat2,0.05840,0.52272,-0.72562,-0.44365,1069.6
quat3,-0.65943,0.62984,0.01875,-0.41001,1069.6
quat4,-0.72163,0.39629,0.05443,-0.56502,1069.6
quat5,0.00000,0.73241,0.00000,-0.68086,1069.6
quat6,0.00000,0.73241,0.00000,-0.68086,1069.6
quat7,0.00000,0.73241,0.00000,-0.68086,1069.6
quat8,0.00000,0.73241,0.00000,-0.68086,1069.6
quat0,-0.64000,0.08541,0.74858,0.15074,1069.62
quat1,0.07913,0.34920,-0.69087,-0.62809,1069.62
quat2,0.04789,0.54087,-0.71527,-0.43995,1069.62
quat3,-0.64880,0.62554,0.01570,-0.43302,1069.62
quat4,-0.71079,0.38515,0.04836,-0.58660,1069.62
quat5,0.00000,0.73241,0.00000,-0.68086,1069.62
quat6,0.00000,0.73241,0.00000,-0.68086,1069.62
quat7,0.00000,0.73241,0.00000,-0.68086,1069.62
quat8,0.00000,0.73241,0.00000,-0.68086,1069.62
quat0,-0.64091,0.08037,0.74898,0.14764,1069.64
quat1,0.07011,0.36294,-0.68056,-0.63262,1069.64
quat2,0.04176,0.56147,-0.70140,-0.43710,1069.64
quat3,-0.63639,0.62342,0.01267,-0.45409,1069.64
quat4,-0.69653,0.37802,0.04366,-0.60831,1069.64
quat5,0.00000,0.73241,0.00000,-0.68086,1069.64
quat6,0.00000,0.73241,0.00000,-0.68086,1069.64
quat7,0.00000,0.73241,0.00000,-0.68086,1069.64
quat8,0.00000,0.73241,0.00000,-0.68086,1069.64
quat0,-0.64488,0.07919,0.74650,0.14351,1069.66
quat1,0.06431,0.37433,-0.66774,-0.64021,1069.66
quat2,0.04018,0.58319,-0.68542,-0.43413,1069.66
quat3,-0.62270,0.62442,0.00984,-0.47143,1069.66
quat4,-0.67922,0.37253,0.04296,-0.63090,1069.66
quat5,0.00000,0.73241,0.00000,-0.68086,1069.66
quat6,0.00000,0.73241,0.00000,-0.68086,1069.66
quat7,0.00000,0.73241,0.00000,-0.68086,1069.66
quat8,0.00000,0.73241,0.00000,-0.68086,1069.66
quat0,-0.65161,0.08090,0.74009,0.14534,1069.68
quat1,0.06014,0.38526,-0.65175,-0.65053,1069.68
quat2,0.03828,0.60360,-0.66789,-0.43373,1069.68
quat3,-0.60788,0.62836,0.00865,-0.48536,1069.68
quat4,-0.66012,0.36727,0.04557,-0.65367,1069.68
quat5,0.00000,0.73241,0.00000,-0.68086,1069.68
quat6,0.00000,0.73241,0.00000,-0.68086,1069.68
quat7,0.00000,0.73241,0.00000,-0.68086,1069.68
quat8,0.00000,0.73241,0.00000,-0.68086,1069.68
quat0,-0.65451,0.08146,0.73749,0.14522,1069.7
quat1,0.05694,0.39256,-0.63495,-0.66294,1069.7
quat2,0.03774,0.62225,-0.64756,-0.43824,1069.7
quat3,-0.59205,0.63528,0.01026,-0.49578,1069.7
quat4,-0.63855,0.36335,0.05100,-0.67648,1069.7
quat5,0.00000,0.73241,0.00000,-0.68086,1069.7
quat6,0.00000,0.73241,0.00000,-0.68086,1069.7
quat7,0.00000,0.73241,0.00000,-0.68086,1069.7
quat8,0.00000,0.73241,0.00000,-0.68086,1069.7
quat0,-0.66417,0.07457,0.73045,0.14058,1069.72
quat1,0.05507,0.39682,-0.61799,-0.67645,1069.72
quat2,0.04133,0.63954,-0.62574,-0.44466,1069.72
quat3,-0.57510,0.64295,0.01614,-0.50559,1069.72
quat4,-0.61560,0.36156,0.05980,-0.69766,1069.72
quat5,0.00000,0.73241,0.00000,-0.68086,1069.72
quat6,0.00000,0.73241,0.00000,-0.68086,1069.72
quat7,0.00000,0.73241,0.00000,-0.68086,1069.72
quat8,0.00000,0.73241,0.00000,-0.68086,1069.72
quat0,-0.66225,0.06639,0.73351,0.13774,1069.74
quat1,0.05706,0.39733,-0.60072,-0.69138,1069.74
quat2,0.04799,0.65449,-0.60344,-0.45298,1069.74
quat3,-0.55732,0.64990,0.02499,-0.51614,1069.74
quat4,-0.59296,0.36393,0.07060,-0.71482,1069.74
quat5,0.00000,0.73241,0.00000,-0.68086,1069.74
quat6,0.00000,0.73241,0.00000,-0.68086,1069.74
quat7,0.00000,0.73241,0.00000,-0.68086,1069.74
quat8,0.00000,0.73241,0.00000,-0.68086,1069.74
quat0,-0.66483,0.06607,0.73017,0.14311,1069.76
quat1,0.06214,0.39216,-0.58457,-0.70754,1069.76
quat2,0.06014,0.66668,-0.58145,-0.46242,1069.76
quat3,-0.54067,0.65854,0.03520,-0.52226,1069.76
quat4,-0.56895,0.37014,0.08219,-0.72976,1069.76
quat5,0.00000,0.73241,0.00000,-0.68086,1069.76
quat6,0.00000,0.73241,0.00000,-0.68086,1069.76
quat7,0.00000,0.73241,0.00000,-0.68086,1069.76
quat8,0.00000,0.73241,0.00000,-0.68086,1069.76
quat0,-0.66519,0.06315,0.73108,0.13805,1069.78
quat1,0.06725,0.38604,-0.56976,-0.72238,1069.78
quat2,0.07323,0.67161,-0.56200,-0.47720,1069.78
quat3,-0.52653,0.66972,0.04600,-0.52165,1069.78
quat4,-0.54581,0.37904,0.09870,-0.74072,1069.78
quat5,0.00000,0.73241,0.00000,-0.68086,1069.78
quat6,0.00000,0.73241,0.00000,-0.68086,1069.78
quat7,0.00000,0.73241,0.00000,-0.68086,1069.78
quat8,0.00000,0.73241,0.00000,-0.68086,1069.78
quat0,-0.66398,0.06039,0.73259,0.13711,1069.8
quat1,0.07157,0.37551,-0.55710,-0.73723,1069.8
quat2,0.08395,0.66689,-0.54465,-0.50156,1069.8
quat3,-0.51504,0.68182,0.05769,-0.51626,1069.8
quat4,-0.52455,0.38797,0.12096,-0.74813,1069.8
quat5,0.00000,0.73241,0.00000,-0.68086,1069.8
quat6,0.00000,0.73241,0.00000,-0.68086,1069.8
quat7,0.00000,0.73241,0.00000,-0.68086,1069.8
quat8,0.00000,0.73241,0.00000,-0.68086,1069.8
quat0,-0.66684,0.06084,0.73012,0.13622,1069.82
quat1,0.07627,0.35967,-0.54724,-0.75190,1069.82
quat2,0.09632,0.65429,-0.53105,-0.52973,1069.82
quat3,-0.50599,0.69491,0.06870,-0.50631,1069.82
quat4,-0.50735,0.40408,0.14107,-0.74794,1069.82
quat5,0.00000,0.73241,0.00000,-0.68086,1069.82
quat6,0.00000,0.73241,0.00000,-0.68086,1069.82
quat7,0.00000,0.73241,0.00000,-0.68086,1069.82
quat8,0.00000,0.73241,0.00000,-0.68086,1069.82
quat0,-0.66582,0.05652,0.73184,0.13380,1069.84
quat1,0.08165,0.34090,-0.53959,-0.76548,1069.84
quat2,0.11256,0.63755,-0.52082,-0.55643,1069.84
quat3,-0.50045,0.70892,0.07805,-0.49080,1069.84
quat4,-0.49511,0.42926,0.15789,-0.73869,1069.84
quat5,0.00000,0.73241,0.00000,-0.68086,1069.84
quat6,0.00000,0.73241,0.00000,-0.68086,1069.84
quat7,0.00000,0.73241,0.00000,-0.68086,1069.84
quat8,0.00000,0.73241,0.00000,-0.68086,1069.84
quat0,-0.66921,0.05915,0.72871,0.13277,1069.86
quat1,0.08537,0.31866,-0.53450,-0.77812,1069.86
quat2,0.12764,0.61540,-0.51362,-0.58412,1069.86
quat3,-0.49875,0.72281,0.08622,-0.47049,1069.86
quat4,-0.48942,0.45673,0.17395,-0.72222,1069.86
quat5,0.00000,0.73241,0.00000,-0.68086,1069.86
quat6,0.00000,0.73241,0.00000,-0.68086,1069.86
quat7,0.00000,0.73241,0.00000,-0.68086,1069.86
quat8,0.00000,0.73241,0.00000,-0.68086,1069.86
quat0,-0.67104,0.06271,0.72645,0.13434,1069.88
quat1,0.08871,0.29553,-0.53332,-0.78763,1069.88
quat2,0.14347,0.58982,-0.51009,-0.60937,1069.88
quat3,-0.50009,0.73505,0.09466,-0.44794,1069.88
quat4,-0.48845,0.48131,0.19113,-0.70230,1069.88
quat5,0.00000,0.73241,0.00000,-0.68086,1069.88
quat6,0.00000,0.73241,0.00000,-0.68086,1069.88
quat7,0.00000,0.73241,0.00000,-0.68086,1069.88
quat8,0.00000,0.73241,0.00000,-0.68086,1069.88
quat0,-0.66743,0.05817,0.73039,0.13298,1069.9
quat1,0.09358,0.27443,-0.53645,-0.79256,1069.9
quat2,0.15800,0.56159,-0.51101,-0.63129,1069.9
quat3,-0.50493,0.74432,0.10233,-0.42494,1069.9
quat4,-0.49199,0.50380,0.20785,-0.67891,1069.9
quat5,0.00000,0.73241,0.00000,-0.68086,1069.9
quat6,0.00000,0.73241,0.00000,-0.68086,1069.9
quat7,0.00000,0.73241,0.00000,-0.68086,1069.9
quat8,0.00000,0.73241,0.00000,-0.68086,1069.9
quat0,-0.66999,0.05953,0.72805,0.13234,1069.92
quat1,0.09780,0.25527,-0.54225,-0.79450,1069.92
quat2,0.16933,0.53306,-0.51625,-0.64859,1069.92
quat3,-0.51393,0.74930,0.10793,-0.40345,1069.92
quat4,-0.49921,0.52127,0.22555,-0.65436,1069.92
quat5,0.00000,0.73241,0.00000,-0.68086,1069.92
quat6,0.00000,0.73241,0.00000,-0.68086,1069.92
quat7,0.00000,0.73241,0.00000,-0.68086,1069.92
quat8,0.00000,0.73241,0.00000,-0.68086,1069.92
quat0,-0.67333,0.06309,0.72464,0.13247,1069.94
quat1,0.10176,0.23846,-0.55147,-0.79288,1069.94
quat2,0.17950,0.50745,-0.52573,-0.65870,1069.94
quat3,-0.52530,0.75149,0.11201,-0.38311,1069.94
quat4,-0.51077,0.53725,0.23937,-0.62704,1069.94
quat5,0.00000,0.73241,0.00000,-0.68086,1069.94
quat6,0.00000,0.73241,0.00000,-0.68086,1069.94
quat7,0.00000,0.73241,0.00000,-0.68086,1069.94
quat8,0.00000,0.73241,0.00000,-0.68086,1069.94
quat0,-0.67112,0.05931,0.72687,0.13317,1069.96
quat1,0.10958,0.22777,-0.56416,-0.78603,1069.96
quat2,0.18735,0.48618,-0.53899,-0.66183,1069.96
quat3,-0.53740,0.75246,0.11339,-0.36352,1069.96
quat4,-0.52785,0.55198,0.24679,-0.59648,1069.96
quat5,0.00000,0.73241,0.00000,-0.68086,1069.96
quat6,0.00000,0.73241,0.00000,-0.68086,1069.96
quat7,0.00000,0.73241,0.00000,-0.68086,1069.96
quat8,0.00000,0.73241,0.00000,-0.68086,1069.96
quat0,-0.67107,0.06056,0.72708,0.13173,1069.98
quat1,0.12033,0.22287,-0.57798,-0.77575,1069.98
quat2,0.19057,0.46675,-0.55647,-0.66043,1069.98
quat3,-0.55205,0.75084,0.11075,-0.34529,1069.98
quat4,-0.54792,0.56105,0.25208,-0.56698,1069.98
quat5,0.00000,0.73241,0.00000,-0.68086,1069.98
quat6,0.00000,0.73241,0.00000,-0.68086,1069.98
quat7,0.00000,0.73241,0.00000,-0.68086,1069.98
quat8,0.00000,0.73241,0.00000,-0.68086,1069.98
quat0,-0.67323,0.06259,0.72497,0.13138,1070
quat1,0.13126,0.22400,-0.59238,-0.76268,1070
quat2,0.19487,0.45290,-0.57558,-0.65239,1070
quat3,-0.56977,0.74563,0.10568,-0.32897,1070
quat4,-0.56854,0.56394,0.25581,-0.54157,1070
quat5,0.00000,0.73241,0.00000,-0.68086,1070
quat6,0.00000,0.73241,0.00000,-0.68086,1070
quat7,0.00000,0.73241,0.00000,-0.68086,1070
quat8,0.00000,0.73241,0.00000,-0.68086,1070
quat0,-0.67106,0.06741,0.72529,0.13816,1070.02
quat1,0.14062,0.23046,-0.60814,-0.74651,1070.02
quat2,0.19841,0.44402,-0.59535,-0.63957,1070.02
quat3,-0.58934,0.73721,0.10080,-0.31470,1070.02
quat4,-0.59117,0.56314,0.25428,-0.51839,1070.02
quat5,0.00000,0.73241,0.00000,-0.68086,1070.02
quat6,0.00000,0.73241,0.00000,-0.68086,1070.02
quat7,0.00000,0.73241,0.00000,-0.68086,1070.02
quat8,0.00000,0.73241,0.00000,-0.68086,1070.02
quat0,-0.66875,0.06878,0.72735,0.13785,1070.04
quat1,0.14721,0.23786,-0.62437,-0.72932,1070.04
quat2,0.19563,0.43511,-0.61766,-0.62522,1070.04
quat3,-0.60909,0.72622,0.09626,-0.30390,1070.04
quat4,-0.61509,0.55871,0.24781,-0.49809,1070.04
quat5,0.00000,0.73241,0.00000,-0.68086,1070.04
quat6,0.00000,0.73241,0.00000,-0.68086,1070.04
quat7,0.00000,0.73241,0.00000,-0.68086,1070.04
quat8,0.00000,0.73241,0.00000,-0.68086,1070.04
quat0,-0.66709,0.07101,0.72862,0.13803,1070.06
quat1,0.15171,0.24396,-0.63981,-0.71282,1070.06
quat2,0.18747,0.42724,-0.64144,-0.60899,1070.06
quat3,-0.62786,0.71324,0.09204,-0.29766,1070.06
quat4,-0.63815,0.54983,0.23857,-0.48326,1070.06
quat5,0.00000,0.73241,0.00000,-0.68086,1070.06
quat6,0.00000,0.73241,0.00000,-0.68086,1070.06
quat7,0.00000,0.73241,0.00000,-0.68086,1070.06
quat8,0.00000,0.73241,0.00000,-0.68086,1070.06
quat0,-0.66733,0.07467,0.72774,0.13960,1070.08
quat1,0.15486,0.24920,-0.65432,-0.69698,1070.08
quat2,0.17583,0.42139,-0.66498,-0.59103,1070.08
quat3,-0.64438,0.69918,0.08883,-0.29671,1070.08
quat4,-0.65983,0.53688,0.22752,-0.47393,1070.08
quat5,0.00000,0.73241,0.00000,-0.68086,1070.08
quat6,0.00000,0.73241,0.00000,-0.68086,1070.08
quat7,0.00000,0.73241,0.00000,-0.68086,1070.08
quat8,0.00000,0.73241,0.00000,-0.68086,1070.08
quat0,-0.66675,0.07644,0.72800,0.14005,1070.1
quat1,0.15681,0.25439,-0.66732,-0.68219,1070.1
quat2,0.16237,0.42001,-0.68679,-0.57057,1070.1
quat3,-0.65754,0.68520,0.08694,-0.30097,1070.1
quat4,-0.67924,0.52005,0.21586,-0.47072,1070.1
quat5,0.00000,0.73241,0.00000,-0.68086,1070.1
quat6,0.00000,0.73241,0.00000,-0.68086,1070.1
quat7,0.00000,0.73241,0.00000,-0.68086,1070.1
quat8,0.00000,0.73241,0.00000,-0.68086,1070.1
quat0,-0.66461,0.07534,0.73047,0.13798,1070.12
quat1,0.15719,0.26039,-0.67854,-0.66863,1070.12
quat2,0.14901,0.42353,-0.70572,-0.54806,1070.12
quat3,-0.66789,0.67138,0.08673,-0.30926,1070.12
quat4,-0.69563,0.50095,0.20426,-0.47268,1070.12
quat5,0.00000,0.73241,0.00000,-0.68086,1070.12
quat6,0.00000,0.73241,0.00000,-0.68086,1070.12
quat7,0.00000,0.73241,0.00000,-0.68086,1070.12
quat8,0.00000,0.73241,0.00000,-0.68086,1070.12
quat0,-0.66417,0.07418,0.73066,0.13971,1070.14
quat1,0.15502,0.26726,-0.68760,-0.65708,1070.14
quat2,0.13686,0.43218,-0.72140,-0.52351,1070.14
quat3,-0.67591,0.65772,0.08769,-0.32073,1070.14
quat4,-0.70831,0.48061,0.19298,-0.47966,1070.14
quat5,0.00000,0.73241,0.00000,-0.68086,1070.14
quat6,0.00000,0.73241,0.00000,-0.68086,1070.14
quat7,0.00000,0.73241,0.00000,-0.68086,1070.14
quat8,0.00000,0.73241,0.00000,-0.68086,1070.14
quat0,-0.66378,0.07667,0.72994,0.14392,1070.16
quat1,0.15235,0.27546,-0.69293,-0.64866,1070.16
quat2,0.12405,0.44322,-0.73354,-0.50008,1070.16
quat3,-0.68147,0.64486,0.08737,-0.33486,1070.16
quat4,-0.71808,0.46090,0.18013,-0.48937,1070.16
quat5,0.00000,0.73241,0.00000,-0.68086,1070.16
quat6,0.00000,0.73241,0.00000,-0.68086,1070.16
quat7,0.00000,0.73241,0.00000,-0.68086,1070.16
quat8,0.00000,0.73241,0.00000,-0.68086,1070.16
quat0,-0.66125,0.07505,0.73250,0.14340,1070.18
quat1,0.15166,0.28831,-0.69518,-0.64078,1070.18
quat2,0.10835,0.45633,-0.74185,-0.47925,1070.18
quat3,-0.68327,0.63532,0.08405,-0.34993,1070.18
quat4,-0.72491,0.44278,0.16453,-0.50138,1070.18
quat5,0.00000,0.73241,0.00000,-0.68086,1070.18
quat6,0.00000,0.73241,0.00000,-0.68086,1070.18
quat7,0.00000,0.73241,0.00000,-0.68086,1070.18
quat8,0.00000,0.73241,0.00000,-0.68086,1070.18
quat0,-0.66350,0.07590,0.72997,0.14545,1070.2
quat1,0.14726,0.30264,-0.69573,-0.63457,1070.2
quat2,0.08908,0.47044,-0.74695,-0.46133,1070.2
quat3,-0.68033,0.63070,0.07825,-0.36504,1070.2
quat4,-0.72852,0.42820,0.14690,-0.51412,1070.2
quat5,0.00000,0.73241,0.00000,-0.68086,1070.2
quat6,0.00000,0.73241,0.00000,-0.68086,1070.2
quat7,0.00000,0.73241,0.00000,-0.68086,1070.2
quat8,0.00000,0.73241,0.00000,-0.68086,1070.2
quat0,-0.66138,0.07765,0.73124,0.14774,1070.22
quat1,0.13679,0.31473,-0.69366,-0.63330,1070.22
quat2,0.06744,0.48620,-0.74908,-0.44490,1070.22
quat3,-0.67387,0.62990,0.07080,-0.37963,1070.22
quat4,-0.72810,0.41634,0.12919,-0.52899,1070.22
quat5,0.00000,0.73241,0.00000,-0.68086,1070.22
quat6,0.00000,0.73241,0.00000,-0.68086,1070.22
quat7,0.00000,0.73241,0.00000,-0.68086,1070.22
quat8,0.00000,0.73241,0.00000,-0.68086,1070.22
quat0,-0.65948,0.07806,0.73260,0.14930,1070.24
quat1,0.12378,0.32444,-0.68876,-0.63642,1070.24
quat2,0.04467,0.50244,-0.74801,-0.43132,1070.24
quat3,-0.66466,0.63166,0.06333,-0.39400,1070.24
quat4,-0.72491,0.40740,0.11019,-0.54442,1070.24
quat5,0.00000,0.73241,0.00000,-0.68086,1070.24
quat6,0.00000,0.73241,0.00000,-0.68086,1070.24
quat7,0.00000,0.73241,0.00000,-0.68086,1070.24
quat8,0.00000,0.73241,0.00000,-0.68086,1070.24
quat0,-0.66344,0.07595,0.72928,0.14909,1070.26
quat1,0.11076,0.33359,-0.68179,-0.64157,1070.26
quat2,0.02420,0.51890,-0.74400,-0.42027,1070.26
quat3,-0.65228,0.63497,0.05596,-0.41013,1070.26
quat4,-0.71835,0.40259,0.09014,-0.56015,1070.26
quat5,0.00000,0.73241,0.00000,-0.68086,1070.26
quat6,0.00000,0.73241,0.00000,-0.68086,1070.26
quat7,0.00000,0.73241,0.00000,-0.68086,1070.26
quat8,0.00000,0.73241,0.00000,-0.68086,1070.26
quat0,-0.66390,0.07836,0.72897,0.14730,1070.28
quat1,0.09580,0.34257,-0.67181,-0.64972,1070.28
quat2,0.00538,0.53606,-0.73616,-0.41314,1070.28
quat3,-0.63762,0.63826,0.04778,-0.42870,1070.28
quat4,-0.70735,0.40375,0.07275,-0.57563,1070.28
quat5,0.00000,0.73241,0.00000,-0.68086,1070.28
quat6,0.00000,0.73241,0.00000,-0.68086,1070.28
quat7,0.00000,0.73241,0.00000,-0.68086,1070.28
quat8,0.00000,0.73241,0.00000,-0.68086,1070.28
quat0,-0.66777,0.07482,0.72766,0.13780,1070.3
quat1,0.08033,0.35019,-0.65731,-0.66247,1070.3
quat2,-0.00627,0.55817,-0.72280,-0.40741,1070.3
quat3,-0.62140,0.64350,0.03867,-0.44528,1070.3
quat4,-0.69142,0.40491,0.06241,-0.59505,1070.3
quat5,0.00000,0.73241,0.00000,-0.68086,1070.3
quat6,0.00000,0.73241,0.00000,-0.68086,1070.3
quat7,0.00000,0.73241,0.00000,-0.68086,1070.3
quat8,0.00000,0.73241,0.00000,-0.68086,1070.3
quat0,-0.66801,0.07568,0.72682,0.14061,1070.32
quat1,0.07187,0.35199,-0.64286,-0.67652,1070.32
quat2,-0.00468,0.58477,-0.70483,-0.40155,1070.32
quat3,-0.60483,0.65207,0.03089,-0.45610,1070.32
quat4,-0.67191,0.40513,0.05821,-0.61726,1070.32
quat5,0.00000,0.73241,0.00000,-0.68086,1070.32
quat6,0.00000,0.73241,0.00000,-0.68086,1070.32
quat7,0.00000,0.73241,0.00000,-0.68086,1070.32
quat8,0.00000,0.73241,0.00000,-0.68086,1070.32
quat0,-0.66896,0.06972,0.72770,0.13448,1070.34
quat1,0.06686,0.35955,-0.62750,-0.68739,1070.34
quat2,0.00365,0.61090,-0.68507,-0.39682,1070.34
quat3,-0.58761,0.66263,0.02780,-0.46354,1070.34
quat4,-0.64916,0.40432,0.05935,-0.64156,1070.34
quat5,0.00000,0.73241,0.00000,-0.68086,1070.34
quat6,0.00000,0.73241,0.00000,-0.68086,1070.34
quat7,0.00000,0.73241,0.00000,-0.68086,1070.34
quat8,0.00000,0.73241,0.00000,-0.68086,1070.34
quat0,-0.67247,0.06358,0.72559,0.13135,1070.36
quat1,0.06923,0.37230,-0.60933,-0.69665,1070.36
quat2,0.01105,0.63359,-0.66243,-0.39954,1070.36
quat3,-0.57012,0.67359,0.03011,-0.46939,1070.36
quat4,-0.62397,0.40169,0.06591,-0.66705,1070.36
quat5,0.00000,0.73241,0.00000,-0.68086,1070.36
quat6,0.00000,0.73241,0.00000,-0.68086,1070.36
quat7,0.00000,0.73241,0.00000,-0.68086,1070.36
quat8,0.00000,0.73241,0.00000,-0.68086,1070.36
quat0,-0.67187,0.06225,0.72689,0.12786,1070.38
quat1,0.07237,0.38230,-0.58946,-0.70792,1070.38
quat2,0.01698,0.64952,-0.63816,-0.41301,1070.38
quat3,-0.55216,0.68384,0.03655,-0.47555,1070.38
quat4,-0.59890,0.39825,0.07628,-0.69058,1070.38
quat5,0.00000,0.73241,0.00000,-0.68086,1070.38
quat6,0.00000,0.73241,0.00000,-0.68086,1070.38
quat7,0.00000,0.73241,0.00000,-0.68086,1070.38
quat8,0.00000,0.73241,0.00000,-0.68086,1070.38
quat0,-0.67441,0.06064,0.72537,0.12382,1070.4
quat1,0.07497,0.38441,-0.57010,-0.72221,1070.4
quat2,0.01912,0.65562,-0.61498,-0.43772,1070.4
quat3,-0.53537,0.69334,0.04622,-0.48013,1070.4
quat4,-0.57445,0.39930,0.08686,-0.70924,1070.4
quat5,0.00000,0.73241,0.00000,-0.68086,1070.4
quat6,0.00000,0.73241,0.00000,-0.68086,1070.4
quat7,0.00000,0.73241,0.00000,-0.68086,1070.4
quat8,0.00000,0.73241,0.00000,-0.68086,1070.4
quat0,-0.67103,0.05808,0.72941,0.11961,1070.42
quat1,0.07662,0.37561,-0.55060,-0.74154,1070.42
quat2,0.02124,0.65202,-0.59407,-0.47064,1070.42
quat3,-0.52120,0.70092,0.05603,-0.48366,1070.42
quat4,-0.55137,0.40548,0.10125,-0.72203,1070.42
quat5,0.00000,0.73241,0.00000,-0.68086,1070.42
quat6,0.00000,0.73241,0.00000,-0.68086,1070.42
quat7,0.00000,0.73241,0.00000,-0.68086,1070.42
quat8,0.00000,0.73241,0.00000,-0.68086,1070.42
quat0,-0.67087,0.06183,0.72905,0.12081,1070.44
quat1,0.07467,0.35863,-0.53364,-0.76226,1070.44
quat2,0.03256,0.64557,-0.57486,-0.50171,1070.44
quat3,-0.50959,0.70718,0.06544,-0.48573,1070.44
quat4,-0.53202,0.41331,0.11979,-0.72924,1070.44
quat5,0.00000,0.73241,0.00000,-0.68086,1070.44
quat6,0.00000,0.73241,0.00000,-0.68086,1070.44
quat7,0.00000,0.73241,0.00000,-0.68086,1070.44
quat8,0.00000,0.73241,0.00000,-0.68086,1070.44
quat0,-0.67174,0.05806,0.72983,0.11284,1070.46
quat1,0.06928,0.33605,-0.52349,-0.77989,1070.46
quat2,0.05386,0.63812,-0.55838,-0.52737,1070.46
quat3,-0.50093,0.71597,0.07308,-0.48075,1070.46
quat4,-0.51851,0.43164,0.13257,-0.72613,1070.46
quat5,0.00000,0.73241,0.00000,-0.68086,1070.46
quat6,0.00000,0.73241,0.00000,-0.68086,1070.46
quat7,0.00000,0.73241,0.00000,-0.68086,1070.46
quat8,0.00000,0.73241,0.00000,-0.68086,1070.46
quat0,-0.66596,0.05369,0.73541,0.11312,1070.48
quat1,0.06419,0.30782,-0.51711,-0.79607,1070.48
quat2,0.06970,0.62284,-0.54596,-0.55600,1070.48
quat3,-0.49627,0.72799,0.07793,-0.46655,1070.48
quat4,-0.51072,0.45711,0.14143,-0.71429,1070.48
quat5,0.00000,0.73241,0.00000,-0.68086,1070.48
quat6,0.00000,0.73241,0.00000,-0.68086,1070.48
quat7,0.00000,0.73241,0.00000,-0.68086,1070.48
quat8,0.00000,0.73241,0.00000,-0.68086,1070.48
quat0,-0.66950,0.06015,0.73198,0.11119,1070.5
quat1,0.06284,0.28362,-0.51311,-0.80767,1070.5
quat2,0.07766,0.59594,-0.54052,-0.58878,1070.5
quat3,-0.49668,0.74051,0.07913,-0.44575,1070.5
quat4,-0.50974,0.47910,0.15169,-0.69830,1070.5
quat5,0.00000,0.73241,0.00000,-0.68086,1070.5
quat6,0.00000,0.73241,0.00000,-0.68086,1070.5
quat7,0.00000,0.73241,0.00000,-0.68086,1070.5
quat8,0.00000,0.73241,0.00000,-0.68086,1070.5
quat0,-0.66648,0.06147,0.73452,0.11184,1070.52
quat1,0.06583,0.26918,-0.51489,-0.81123,1070.52
quat2,0.08734,0.56908,-0.54108,-0.61298,1070.52
quat3,-0.50023,0.75176,0.07853,-0.42244,1070.52
quat4,-0.51336,0.49554,0.16333,-0.68134,1070.52
quat5,0.00000,0.73241,0.00000,-0.68086,1070.52
quat6,0.00000,0.73241,0.00000,-0.68086,1070.52
quat7,0.00000,0.73241,0.00000,-0.68086,1070.52
quat8,0.00000,0.73241,0.00000,-0.68086,1070.52
quat0,-0.66258,0.06500,0.73786,0.11101,1070.54
quat1,0.07307,0.26293,-0.52182,-0.80823,1070.54
quat2,0.09961,0.54706,-0.54513,-0.62740,1070.54
quat3,-0.50523,0.76124,0.07619,-0.39932,1070.54
quat4,-0.52136,0.50953,0.17189,-0.66258,1070.54
quat5,0.00000,0.73241,0.00000,-0.68086,1070.54
quat6,0.00000,0.73241,0.00000,-0.68086,1070.54
quat7,0.00000,0.73241,0.00000,-0.68086,1070.54
quat8,0.00000,0.73241,0.00000,-0.68086,1070.54
quat0,-0.66228,0.06849,0.73795,0.11012,1070.56
quat1,0.08303,0.25972,-0.53173,-0.80182,1070.56
quat2,0.10951,0.52900,-0.55355,-0.63384,1070.56
quat3,-0.51185,0.76780,0.07251,-0.37848,1070.56
quat4,-0.53385,0.52169,0.17603,-0.64176,1070.56
quat5,0.00000,0.73241,0.00000,-0.68086,1070.56
quat6,0.00000,0.73241,0.00000,-0.68086,1070.56
quat7,0.00000,0.73241,0.00000,-0.68086,1070.56
quat8,0.00000,0.73241,0.00000,-0.68086,1070.56
quat0,-0.66205,0.07104,0.73821,0.10809,1070.58
quat1,0.09478,0.25848,-0.54276,-0.79349,1070.58
quat2,0.11212,0.51075,-0.56777,-0.63578,1070.58
quat3,-0.52034,0.77120,0.06853,-0.36029,1070.58
quat4,-0.55027,0.53342,0.17388,-0.61842,1070.58
quat5,0.00000,0.73241,0.00000,-0.68086,1070.58
quat6,0.00000,0.73241,0.00000,-0.68086,1070.58
quat7,0.00000,0.73241,0.00000,-0.68086,1070.58
quat8,0.00000,0.73241,0.00000,-0.68086,1070.58
quat0,-0.65718,0.07281,0.74161,0.11327,1070.6
quat1,0.10657,0.25854,-0.55407,-0.78410,1070.6
quat2,0.10564,0.49195,-0.58730,-0.63396,1070.6
quat3,-0.53022,0.77150,0.06526,-0.34554,1070.6
quat4,-0.56882,0.54398,0.16587,-0.59415,1070.6
quat5,0.00000,0.73241,0.00000,-0.68086,1070.6
quat6,0.00000,0.73241,0.00000,-0.68086,1070.6
quat7,0.00000,0.73241,0.00000,-0.68086,1070.6
quat8,0.00000,0.73241,0.00000,-0.68086,1070.6
quat0,-0.65445,0.07252,0.74442,0.11078,1070.62
quat1,0.11719,0.25860,-0.56453,-0.77505,1070.62
quat2,0.09615,0.47798,-0.60834,-0.62627,1070.62
quat3,-0.54058,0.76947,0.06285,-0.33427,1070.62
quat4,-0.58726,0.55109,0.15544,-0.57207,1070.62
quat5,0.00000,0.73241,0.00000,-0.68086,1070.62
quat6,0.00000,0.73241,0.00000,-0.68086,1070.62
quat7,0.00000,0.73241,0.00000,-0.68086,1070.62
quat8,0.00000,0.73241,0.00000,-0.68086,1070.62
quat0,-0.64573,0.07567,0.75173,0.11050,1070.64
quat1,0.12583,0.25870,-0.57444,-0.76633,1070.64
quat2,0.09089,0.47367,-0.62775,-0.61099,1070.64
quat3,-0.55051,0.76600,0.06108,-0.32627,1070.64
quat4,-0.60367,0.55287,0.14612,-0.55549,1070.64
quat5,0.00000,0.73241,0.00000,-0.68086,1070.64
quat6,0.00000,0.73241,0.00000,-0.68086,1070.64
quat7,0.00000,0.73241,0.00000,-0.68086,1070.64
quat8,0.00000,0.73241,0.00000,-0.68086,1070.64
quat0,-0.64278,0.07834,0.75355,0.11341,1070.66
quat1,0.13169,0.25909,-0.58454,-0.75753,1070.66
quat2,0.08758,0.47630,-0.64540,-0.59070,1070.66
quat3,-0.55931,0.76212,0.05940,-0.32067,1070.66
quat4,-0.61757,0.55009,0.13770,-0.54502,1070.66
quat5,0.00000,0.73241,0.00000,-0.68086,1070.66
quat6,0.00000,0.73241,0.00000,-0.68086,1070.66
quat7,0.00000,0.73241,0.00000,-0.68086,1070.66
quat8,0.00000,0.73241,0.00000,-0.68086,1070.66
quat0,-0.63763,0.07990,0.75772,0.11360,1070.68
quat1,0.13546,0.26048,-0.59438,-0.74867,1070.68
quat2,0.08010,0.48026,-0.66220,-0.56959,1070.68
quat3,-0.56629,0.75827,0.05786,-0.31780,1070.68
quat4,-0.62924,0.54431,0.12885,-0.53961,1070.68
quat5,0.00000,0.73241,0.00000,-0.68086,1070.68
quat6,0.00000,0.73241,0.00000,-0.68086,1070.68
quat7,0.00000,0.73241,0.00000,-0.68086,1070.68
quat8,0.00000,0.73241,0.00000,-0.68086,1070.68
quat0,-0.63458,0.08368,0.75998,0.11280,1070.7
quat1,0.13793,0.26348,-0.60274,-0.74045,1070.7
quat2,0.06730,0.48488,-0.67836,-0.54789,1070.7
quat3,-0.57104,0.75486,0.05653,-0.31765,1070.7
quat4,-0.63886,0.53697,0.11852,-0.53803,1070.7
quat5,0.00000,0.73241,0.00000,-0.68086,1070.7
quat6,0.00000,0.73241,0.00000,-0.68086,1070.7
quat7,0.00000,0.73241,0.00000,-0.68086,1070.7
quat8,0.00000,0.73241,0.00000,-0.68086,1070.7
quat0,-0.62883,0.08548,0.76409,0.11590,1070.72
quat1,0.13951,0.26917,-0.60911,-0.73285,1070.72
quat2,0.05074,0.49097,-0.69328,-0.52510,1070.72
quat3,-0.57341,0.75216,0.05510,-0.32002,1070.72
quat4,-0.64664,0.52857,0.10587,-0.53969,1070.72
quat5,0.00000,0.73241,0.00000,-0.68086,1070.72
quat6,0.00000,0.73241,0.00000,-0.68086,1070.72
quat7,0.00000,0.73241,0.00000,-0.68086,1070.72
quat8,0.00000,0.73241,0.00000,-0.68086,1070.72
quat0,-0.62299,0.08916,0.76816,0.11776,1070.74
quat1,0.14045,0.27769,-0.61384,-0.72551,1070.74
quat2,0.03275,0.50007,-0.70549,-0.50114,1070.74
quat3,-0.57285,0.75097,0.05316,-0.32412,1070.74
quat4,-0.65268,0.51888,0.09144,-0.54444,1070.74
quat5,0.00000,0.73241,0.00000,-0.68086,1070.74
quat6,0.00000,0.73241,0.00000,-0.68086,1070.74
quat7,0.00000,0.73241,0.00000,-0.68086,1070.74
quat8,0.00000,0.73241,0.00000,-0.68086,1070.74
quat0,-0.61669,0.09236,0.77254,0.11981,1070.76
quat1,0.13997,0.28820,-0.61727,-0.71856,1070.76
quat2,0.01381,0.51167,-0.71500,-0.47621,1070.76
quat3,-0.56919,0.75141,0.05103,-0.32985,1070.76
quat4,-0.65680,0.50869,0.07448,-0.55163,1070.76
quat5,0.00000,0.73241,0.00000,-0.68086,1070.76
quat6,0.00000,0.73241,0.00000,-0.68086,1070.76
quat7,0.00000,0.73241,0.00000,-0.68086,1070.76
quat8,0.00000,0.73241,0.00000,-0.68086,1070.76
quat0,-0.60681,0.09412,0.77992,0.12101,1070.78
quat1,0.13720,0.30005,-0.61918,-0.71257,1070.78
quat2,-0.00624,0.52573,-0.72127,-0.45094,1070.78
quat3,-0.56241,0.75349,0.04917,-0.33695,1070.78
quat4,-0.65847,0.49792,0.05552,-0.56162,1070.78
quat5,0.00000,0.73241,0.00000,-0.68086,1070.78
quat6,0.00000,0.73241,0.00000,-0.68086,1070.78
quat7,0.00000,0.73241,0.00000,-0.68086,1070.78
quat8,0.00000,0.73241,0.00000,-0.68086,1070.78
quat0,-0.59631,0.09296,0.78792,0.12229,1070.8
quat1,0.13234,0.31316,-0.61937,-0.70768,1070.8
quat2,-0.02862,0.54041,-0.72435,-0.42714,1070.8
quat3,-0.55255,0.75681,0.04815,-0.34583,1070.8
quat4,-0.65786,0.48653,0.03470,-0.57385,1070.8
quat5,0.00000,0.73241,0.00000,-0.68086,1070.8
quat6,0.00000,0.73241,0.00000,-0.68086,1070.8
quat7,0.00000,0.73241,0.00000,-0.68086,1070.8
quat8,0.00000,0.73241,0.00000,-0.68086,1070.8
quat0,-0.58842,0.09352,0.79320,0.12591,1070.82
quat1,0.12601,0.32884,-0.61720,-0.70360,1070.82
quat2,-0.05302,0.55554,-0.72429,-0.40492,1070.82
quat3,-0.53977,0.76104,0.04773,-0.35664,1070.82
quat4,-0.65470,0.47433,0.01307,-0.58840,1070.82
quat5,0.00000,0.73241,0.00000,-0.68086,1070.82
quat6,0.00000,0.73241,0.00000,-0.68086,1070.82
quat7,0.00000,0.73241,0.00000,-0.68086,1070.82
quat8,0.00000,0.73241,0.00000,-0.68086,1070.82
quat0,-0.57972,0.09530,0.79949,0.12512,1070.84
quat1,0.11818,0.34649,-0.61284,-0.70029,1070.84
quat2,-0.07944,0.57020,-0.72121,-0.38524,1070.84
quat3,-0.52379,0.76593,0.04824,-0.36969,1070.84
quat4,-0.64908,0.46137,-0.00860,-0.60478,1070.84
quat5,0.00000,0.73241,0.00000,-0.68086,1070.84
quat6,0.00000,0.73241,0.00000,-0.68086,1070.84
quat7,0.00000,0.73241,0.00000,-0.68086,1070.84
quat8,0.00000,0.73241,0.00000,-0.68086,1070.84
quat0,-0.56996,0.09750,0.80605,0.12620,1070.86
quat1,0.10800,0.36578,-0.60639,-0.69774,1070.86
quat2,-0.10536,0.58665,-0.71427,-0.36683,1070.86
quat3,-0.50515,0.77117,0.04867,-0.38439,1070.86
quat4,-0.64152,0.44676,-0.02876,-0.62293,1070.86
quat5,0.00000,0.73241,0.00000,-0.68086,1070.86
quat6,0.00000,0.73241,0.00000,-0.68086,1070.86
quat7,0.00000,0.73241,0.00000,-0.68086,1070.86
quat8,0.00000,0.73241,0.00000,-0.68086,1070.86
quat0,-0.55821,0.10175,0.81338,0.12828,1070.88
quat1,0.09535,0.38640,-0.59776,-0.69591,1070.88
quat2,-0.12917,0.60487,-0.70314,-0.35077,1070.88
quat3,-0.48418,0.77688,0.04769,-0.39969,1070.88
quat4,-0.63243,0.43058,-0.04665,-0.64223,1070.88
quat5,0.00000,0.73241,0.00000,-0.68086,1070.88
quat6,0.00000,0.73241,0.00000,-0.68086,1070.88
quat7,0.00000,0.73241,0.00000,-0.68086,1070.88
quat8,0.00000,0.73241,0.00000,-0.68086,1070.88
quat0,-0.54568,0.10304,0.82201,0.12613,1070.9
quat1,0.08139,0.40888,-0.58700,-0.69400,1070.9
quat2,-0.14852,0.62558,-0.68826,-0.33599,1070.9
quat3,-0.46063,0.78335,0.04396,-0.41503,1070.9
quat4,-0.62248,0.41381,-0.06256,-0.66133,1070.9
quat5,0.00000,0.73241,0.00000,-0.68086,1070.9
quat6,0.00000,0.73241,0.00000,-0.68086,1070.9
quat7,0.00000,0.73241,0.00000,-0.68086,1070.9
quat8,0.00000,0.73241,0.00000,-0.68086,1070.9
quat0,-0.53733,0.10834,0.82663,0.12742,1070.92
quat1,0.06645,0.43241,-0.57510,-0.69128,1070.92
quat2,-0.16556,0.64623,-0.67072,-0.32421,1070.92
quat3,-0.43496,0.79052,0.03877,-0.42941,1070.92
quat4,-0.61045,0.39921,-0.07821,-0.67961,1070.92
quat5,0.00000,0.73241,0.00000,-0.68086,1070.92
quat6,0.00000,0.73241,0.00000,-0.68086,1070.92
quat7,0.00000,0.73241,0.00000,-0.68086,1070.92
quat8,0.00000,0.73241,0.00000,-0.68086,1070.92
quat0,-0.52162,0.11231,0.83556,0.13094,1070.94
quat1,0.05111,0.45664,-0.56210,-0.68768,1070.94
quat2,-0.18239,0.66658,-0.65017,-0.31572,1070.94
quat3,-0.40852,0.79881,0.03202,-0.44044,1070.94
quat4,-0.59532,0.38964,-0.09536,-0.69619,1070.94
quat5,0.00000,0.73241,0.00000,-0.68086,1070.94
quat6,0.00000,0.73241,0.00000,-0.68086,1070.94
quat7,0.00000,0.73241,0.00000,-0.68086,1070.94
quat8,0.00000,0.73241,0.00000,-0.68086,1070.94
quat0,-0.50962,0.10779,0.84385,0.12881,1070.96
quat1,0.03417,0.48005,-0.54671,-0.68520,1070.96
quat2,-0.19855,0.68685,-0.62593,-0.31148,1070.96
quat3,-0.38269,0.80815,0.02296,-0.44713,1070.96
quat4,-0.57677,0.38785,-0.11342,-0.70996,1070.96
quat5,0.00000,0.73241,0.00000,-0.68086,1070.96
quat6,0.00000,0.73241,0.00000,-0.68086,1070.96
quat7,0.00000,0.73241,0.00000,-0.68086,1070.96
quat8,0.00000,0.73241,0.00000,-0.68086,1070.96
