QUAT,w,x,y,z,timestamp
quat0,0.40609,-0.38958,0.82633,-0.02234,1378.36
quat1,-0.13093,0.66351,0.13733,0.72370,1378.36
quat2,0.08473,-0.13535,-0.02958,-0.98673,1378.36
quat3,0.03274,-0.39531,-0.09883,-0.91263,1378.36
quat4,-0.12609,0.82531,0.15620,0.52779,1378.36
quat5,0.00000,0.63253,0.00000,0.77454,1378.36
quat6,0.00000,0.63253,0.00000,0.77454,1378.36
quat7,0.00000,0.63253,0.00000,0.77454,1378.36
quat8,0.00000,0.63253,0.00000,0.77454,1378.36
quat0,0.99043,-0.02634,0.13537,0.00558,1378.38
quat1,-0.14504,0.64927,0.15606,0.73011,1378.38
quat2,0.10339,-0.11705,-0.02086,-0.98751,1378.38
quat3,0.05002,-0.41494,-0.11590,-0.90105,1378.38
quat4,-0.11341,0.84449,0.16903,0.49538,1378.38
quat5,0.00000,0.63253,0.00000,0.77454,1378.38
quat6,0.00000,0.63253,0.00000,0.77454,1378.38
quat7,0.00000,0.63253,0.00000,0.77454,1378.38
quat8,0.00000,0.63253,0.00000,0.77454,1378.38
quat0,-0.81021,0.13212,-0.57092,0.01216,1378.4
quat1,-0.16551,0.63190,0.17942,0.73560,1378.4
quat2,0.13020,-0.10224,-0.01572,-0.98608,1378.4
quat3,0.06988,-0.43777,-0.14104,-0.88520,1378.4
quat4,-0.09868,0.86263,0.19297,0.45705,1378.4
quat5,0.00000,0.63253,0.00000,0.77454,1378.4
quat6,0.00000,0.63253,0.00000,0.77454,1378.4
quat7,0.00000,0.63253,0.00000,0.77454,1378.4
quat8,0.00000,0.63253,0.00000,0.77454,1378.4
quat0,-0.75352,0.13389,-0.64354,0.01177,1378.42
quat1,-0.19000,0.62053,0.20325,0.73317,1378.42
quat2,0.16155,-0.09579,-0.01767,-0.98205,1378.42
quat3,0.08951,-0.45418,-0.17083,-0.86979,1378.42
quat4,-0.08352,0.87621,0.22453,0.41818,1378.42
quat5,0.00000,0.63253,0.00000,0.77454,1378.42
quat6,0.00000,0.63253,0.00000,0.77454,1378.42
quat7,0.00000,0.63253,0.00000,0.77454,1378.42
quat8,0.00000,0.63253,0.00000,0.77454,1378.42
quat0,-0.76994,0.15401,-0.61925,-0.00007,1378.44
quat1,-0.21656,0.61273,0.23060,0.72422,1378.44
quat2,0.20116,-0.08886,-0.02444,-0.97521,1378.44
quat3,0.11202,-0.46086,-0.20381,-0.85646,1378.44
quat4,-0.06821,0.88272,0.26360,0.38297,1378.44
quat5,0.00000,0.63253,0.00000,0.77454,1378.44
quat6,0.00000,0.63253,0.00000,0.77454,1378.44
quat7,0.00000,0.63253,0.00000,0.77454,1378.44
quat8,0.00000,0.63253,0.00000,0.77454,1378.44
quat0,-0.75179,0.12808,-0.64668,0.01481,1378.46
quat1,-0.24214,0.60829,0.25922,0.71004,1378.46
quat2,0.24633,-0.08439,-0.03885,-0.96472,1378.46
quat3,0.13800,-0.46196,-0.23698,-0.84344,1378.46
quat4,-0.05793,0.87833,0.30741,0.36149,1378.46
quat5,0.00000,0.63253,0.00000,0.77454,1378.46
quat6,0.00000,0.63253,0.00000,0.77454,1378.46
quat7,0.00000,0.63253,0.00000,0.77454,1378.46
quat8,0.00000,0.63253,0.00000,0.77454,1378.46
quat0,-0.75363,0.14521,-0.64105,0.00184,1378.48
quat1,-0.26839,0.60513,0.28768,0.69212,1378.48
quat2,0.29639,-0.07760,-0.05862,-0.95010,1378.48
quat3,0.16437,-0.46062,-0.27000,-0.82940,1378.48
quat4,-0.05422,0.86531,0.35722,0.34740,1378.48
quat5,0.00000,0.63253,0.00000,0.77454,1378.48
quat6,0.00000,0.63253,0.00000,0.77454,1378.48
quat7,0.00000,0.63253,0.00000,0.77454,1378.48
quat8,0.00000,0.63253,0.00000,0.77454,1378.48
quat0,-0.76191,0.14832,-0.63047,0.00072,1378.5
quat1,-0.29541,0.59770,0.31567,0.67516,1378.5
quat2,0.34815,-0.06775,-0.07968,-0.93159,1378.5
quat3,0.19057,-0.45925,-0.30491,-0.81229,1378.5
quat4,-0.05532,0.84787,0.40905,0.33277,1378.5
quat5,0.00000,0.63253,0.00000,0.77454,1378.5
quat6,0.00000,0.63253,0.00000,0.77454,1378.5
quat7,0.00000,0.63253,0.00000,0.77454,1378.5
quat8,0.00000,0.63253,0.00000,0.77454,1378.5
quat0,-0.74232,0.14252,-0.65471,0.00095,1378.52
quat1,-0.32624,0.58232,0.33976,0.66260,1378.52
quat2,0.40104,-0.05641,-0.10157,-0.90866,1378.52
quat3,0.21468,-0.45902,-0.34340,-0.79075,1378.52
quat4,-0.05894,0.82718,0.46181,0.31469,1378.52
quat5,0.00000,0.63253,0.00000,0.77454,1378.52
quat6,0.00000,0.63253,0.00000,0.77454,1378.52
quat7,0.00000,0.63253,0.00000,0.77454,1378.52
quat8,0.00000,0.63253,0.00000,0.77454,1378.52
quat0,-0.74551,0.13372,-0.65287,0.00979,1378.54
quat1,-0.36008,0.56308,0.35802,0.65201,1378.54
quat2,0.45212,-0.04369,-0.12222,-0.88246,1378.54
quat3,0.23193,-0.46301,-0.38550,-0.76369,1378.54
quat4,-0.06140,0.80539,0.51190,0.29245,1378.54
quat5,0.00000,0.63253,0.00000,0.77454,1378.54
quat6,0.00000,0.63253,0.00000,0.77454,1378.54
quat7,0.00000,0.63253,0.00000,0.77454,1378.54
quat8,0.00000,0.63253,0.00000,0.77454,1378.54
quat0,-0.75815,0.13593,-0.63773,0.00584,1378.56
quat1,-0.39432,0.54244,0.37172,0.64194,1378.56
quat2,0.50086,-0.02957,-0.14005,-0.85361,1378.56
quat3,0.24188,-0.46830,-0.43163,-0.73204,1378.56
quat4,-0.06113,0.78255,0.55951,0.26612,1378.56
quat5,0.00000,0.63253,0.00000,0.77454,1378.56
quat6,0.00000,0.63253,0.00000,0.77454,1378.56
quat7,0.00000,0.63253,0.00000,0.77454,1378.56
quat8,0.00000,0.63253,0.00000,0.77454,1378.56
quat0,-0.76087,0.10982,-0.63913,0.02298,1378.58
quat1,-0.42828,0.52169,0.38318,0.63054,1378.58
quat2,0.54641,-0.01478,-0.15470,-0.82297,1378.58
quat3,0.24778,-0.47220,-0.47702,-0.69863,1378.58
quat4,-0.05802,0.75888,0.60367,0.23729,1378.58
quat5,0.00000,0.63253,0.00000,0.77454,1378.58
quat6,0.00000,0.63253,0.00000,0.77454,1378.58
quat7,0.00000,0.63253,0.00000,0.77454,1378.58
quat8,0.00000,0.63253,0.00000,0.77454,1378.58
quat0,-0.74521,0.09697,-0.65938,0.02180,1378.6
quat1,-0.45983,0.50154,0.39338,0.61827,1378.6
quat2,0.58948,-0.00020,-0.16433,-0.79089,1378.6
quat3,0.25329,-0.47171,-0.51508,-0.66935,1378.6
quat4,-0.05301,0.73356,0.64445,0.20922,1378.6
quat5,0.00000,0.63253,0.00000,0.77454,1378.6
quat6,0.00000,0.63253,0.00000,0.77454,1378.6
quat7,0.00000,0.63253,0.00000,0.77454,1378.6
quat8,0.00000,0.63253,0.00000,0.77454,1378.6
quat0,-0.75556,0.07834,-0.64954,0.03305,1378.62
quat1,-0.48556,0.48497,0.40413,0.60474,1378.62
quat2,0.62879,0.01228,-0.16968,-0.75874,1378.62
quat3,0.26012,-0.46393,-0.54404,-0.64894,1378.62
quat4,-0.04736,0.70700,0.68094,0.18502,1378.62
quat5,0.00000,0.63253,0.00000,0.77454,1378.62
quat6,0.00000,0.63253,0.00000,0.77454,1378.62
quat7,0.00000,0.63253,0.00000,0.77454,1378.62
quat8,0.00000,0.63253,0.00000,0.77454,1378.62
quat0,-0.74069,0.09437,-0.66438,0.03281,1378.64
quat1,-0.50421,0.47331,0.41629,0.59030,1378.64
quat2,0.66260,0.02072,-0.17369,-0.72826,1378.64
quat3,0.26788,-0.45684,-0.56450,-0.63314,1378.64
quat4,-0.04279,0.67954,0.71324,0.16638,1378.64
quat5,0.00000,0.63253,0.00000,0.77454,1378.64
quat6,0.00000,0.63253,0.00000,0.77454,1378.64
quat7,0.00000,0.63253,0.00000,0.77454,1378.64
quat8,0.00000,0.63253,0.00000,0.77454,1378.64
quat0,-0.74848,0.10366,-0.65412,0.03400,1378.66
quat1,-0.51630,0.46268,0.42923,0.57890,1378.66
quat2,0.69063,0.02393,-0.17900,-0.70030,1378.66
quat3,0.27793,-0.45142,-0.57911,-0.61936,1378.66
quat4,-0.04380,0.64994,0.74251,0.15598,1378.66
quat5,0.00000,0.63253,0.00000,0.77454,1378.66
quat6,0.00000,0.63253,0.00000,0.77454,1378.66
quat7,0.00000,0.63253,0.00000,0.77454,1378.66
quat8,0.00000,0.63253,0.00000,0.77454,1378.66
quat0,-0.73331,0.08666,-0.67253,0.04954,1378.68
quat1,-0.52253,0.45610,0.44417,0.56714,1378.68
quat2,0.71388,0.02389,-0.18519,-0.67491,1378.68
quat3,0.28783,-0.45059,-0.59046,-0.60455,1378.68
quat4,-0.05223,0.62053,0.76746,0.15238,1378.68
quat5,0.00000,0.63253,0.00000,0.77454,1378.68
quat6,0.00000,0.63253,0.00000,0.77454,1378.68
quat7,0.00000,0.63253,0.00000,0.77454,1378.68
quat8,0.00000,0.63253,0.00000,0.77454,1378.68
quat0,-0.74012,0.08349,-0.66512,0.05356,1378.7
quat1,-0.52677,0.45096,0.45729,0.55680,1378.7
quat2,0.73314,0.02196,-0.19218,-0.65199,1378.7
quat3,0.29593,-0.45127,-0.60075,-0.58981,1378.7
quat4,-0.06414,0.59391,0.78763,0.15097,1378.7
quat5,0.00000,0.63253,0.00000,0.77454,1378.7
quat6,0.00000,0.63253,0.00000,0.77454,1378.7
quat7,0.00000,0.63253,0.00000,0.77454,1378.7
quat8,0.00000,0.63253,0.00000,0.77454,1378.7
quat0,-0.73548,0.10533,-0.66786,0.04410,1378.72
quat1,-0.52980,0.44677,0.46836,0.54804,1378.72
quat2,0.74870,0.01963,-0.19979,-0.63179,1378.72
quat3,0.30536,-0.44932,-0.60829,-0.57866,1378.72
quat4,-0.07289,0.57352,0.80256,0.14717,1378.72
quat5,0.00000,0.63253,0.00000,0.77454,1378.72
quat6,0.00000,0.63253,0.00000,0.77454,1378.72
quat7,0.00000,0.63253,0.00000,0.77454,1378.72
quat8,0.00000,0.63253,0.00000,0.77454,1378.72
quat0,-0.74544,0.07762,-0.65911,0.06212,1378.74
quat1,-0.53175,0.44199,0.47646,0.54302,1378.74
quat2,0.76044,0.01740,-0.20752,-0.61511,1378.74
quat3,0.30981,-0.44985,-0.61541,-0.56826,1378.74
quat4,-0.07688,0.55980,0.81307,0.14012,1378.74
quat5,0.00000,0.63253,0.00000,0.77454,1378.74
quat6,0.00000,0.63253,0.00000,0.77454,1378.74
quat7,0.00000,0.63253,0.00000,0.77454,1378.74
quat8,0.00000,0.63253,0.00000,0.77454,1378.74
quat0,-0.74119,0.09129,-0.66252,0.05809,1378.76
quat1,-0.53499,0.43613,0.47965,0.54176,1378.76
quat2,0.76866,0.01643,-0.21409,-0.60255,1378.76
quat3,0.30674,-0.45059,-0.62303,-0.56100,1378.76
quat4,-0.07809,0.55164,0.81981,0.13235,1378.76
quat5,0.00000,0.63253,0.00000,0.77454,1378.76
quat6,0.00000,0.63253,0.00000,0.77454,1378.76
quat7,0.00000,0.63253,0.00000,0.77454,1378.76
quat8,0.00000,0.63253,0.00000,0.77454,1378.76
quat0,-0.74355,0.11098,-0.65801,0.04292,1378.78
quat1,-0.53815,0.43042,0.48081,0.54218,1378.78
quat2,0.77467,0.01777,-0.21763,-0.59348,1378.78
quat3,0.29582,-0.45040,-0.63390,-0.55480,1378.78
quat4,-0.07766,0.54818,0.82352,0.12365,1378.78
quat5,0.00000,0.63253,0.00000,0.77454,1378.78
quat6,0.00000,0.63253,0.00000,0.77454,1378.78
quat7,0.00000,0.63253,0.00000,0.77454,1378.78
quat8,0.00000,0.63253,0.00000,0.77454,1378.78
quat0,-0.74478,0.07948,-0.65941,0.06443,1378.8
quat1,-0.54091,0.42669,0.48134,0.54190,1378.8
quat2,0.77926,0.02222,-0.21656,-0.58767,1378.8
quat3,0.28588,-0.45193,-0.64084,-0.55077,1378.8
quat4,-0.07503,0.54831,0.82483,0.11567,1378.8
quat5,0.00000,0.63253,0.00000,0.77454,1378.8
quat6,0.00000,0.63253,0.00000,0.77454,1378.8
quat7,0.00000,0.63253,0.00000,0.77454,1378.8
quat8,0.00000,0.63253,0.00000,0.77454,1378.8
quat0,-0.74297,0.10542,-0.65966,0.04151,1378.82
quat1,-0.54271,0.42532,0.48093,0.54154,1378.82
quat2,0.78182,0.02752,-0.21238,-0.58558,1378.82
quat3,0.27943,-0.45141,-0.64391,-0.55093,1378.82
quat4,-0.07228,0.55035,0.82450,0.10992,1378.82
quat5,0.00000,0.63253,0.00000,0.77454,1378.82
quat6,0.00000,0.63253,0.00000,0.77454,1378.82
quat7,0.00000,0.63253,0.00000,0.77454,1378.82
quat8,0.00000,0.63253,0.00000,0.77454,1378.82
quat0,-0.74305,0.09008,-0.66164,0.04461,1378.84
quat1,-0.54404,0.42412,0.47911,0.54277,1378.84
quat2,0.78193,0.03202,-0.20790,-0.58680,1378.84
quat3,0.27545,-0.45091,-0.64263,-0.55483,1378.84
quat4,-0.06883,0.55455,0.82248,0.10613,1378.84
quat5,0.00000,0.63253,0.00000,0.77454,1378.84
quat6,0.00000,0.63253,0.00000,0.77454,1378.84
quat7,0.00000,0.63253,0.00000,0.77454,1378.84
quat8,0.00000,0.63253,0.00000,0.77454,1378.84
quat0,-0.74433,0.08369,-0.66089,0.04680,1378.86
quat1,-0.54501,0.42343,0.47566,0.54536,1378.86
quat2,0.77948,0.03528,-0.20419,-0.59117,1378.86
quat3,0.27302,-0.45163,-0.63827,-0.56045,1378.86
quat4,-0.06829,0.56038,0.81840,0.10736,1378.86
quat5,0.00000,0.63253,0.00000,0.77454,1378.86
quat6,0.00000,0.63253,0.00000,0.77454,1378.86
quat7,0.00000,0.63253,0.00000,0.77454,1378.86
quat8,0.00000,0.63253,0.00000,0.77454,1378.86
quat0,-0.74347,0.09893,-0.66053,0.03425,1378.88
quat1,-0.54359,0.42384,0.47250,0.54919,1378.88
quat2,0.77468,0.03716,-0.20093,-0.59843,1378.88
quat3,0.27174,-0.45407,-0.63023,-0.56815,1378.88
quat4,-0.07205,0.56762,0.81217,0.11400,1378.88
quat5,0.00000,0.63253,0.00000,0.77454,1378.88
quat6,0.00000,0.63253,0.00000,0.77454,1378.88
quat7,0.00000,0.63253,0.00000,0.77454,1378.88
quat8,0.00000,0.63253,0.00000,0.77454,1378.88
quat0,-0.74386,0.09077,-0.66096,0.03960,1378.9
quat1,-0.54057,0.42544,0.46883,0.55407,1378.9
quat2,0.76759,0.03781,-0.19772,-0.60851,1378.9
quat3,0.27044,-0.45729,-0.61984,-0.57754,1378.9
quat4,-0.07770,0.57693,0.80354,0.12425,1378.9
quat5,0.00000,0.63253,0.00000,0.77454,1378.9
quat6,0.00000,0.63253,0.00000,0.77454,1378.9
quat7,0.00000,0.63253,0.00000,0.77454,1378.9
quat8,0.00000,0.63253,0.00000,0.77454,1378.9
quat0,-0.74119,0.09227,-0.66401,0.03489,1378.92
quat1,-0.53627,0.42805,0.46480,0.55960,1378.92
quat2,0.75865,0.03777,-0.19477,-0.62056,1378.92
quat3,0.26881,-0.46089,-0.60767,-0.58826,1378.92
quat4,-0.08369,0.58821,0.79279,0.13600,1378.92
quat5,0.00000,0.63253,0.00000,0.77454,1378.92
quat6,0.00000,0.63253,0.00000,0.77454,1378.92
quat7,0.00000,0.63253,0.00000,0.77454,1378.92
quat8,0.00000,0.63253,0.00000,0.77454,1378.92
quat0,-0.74355,0.09517,-0.66111,0.03185,1378.94
quat1,-0.53089,0.43214,0.45979,0.56568,1378.94
quat2,0.74761,0.03646,-0.19322,-0.63437,1378.94
quat3,0.26682,-0.46435,-0.59383,-0.60045,1378.94
quat4,-0.08912,0.60150,0.77988,0.14846,1378.94
quat5,0.00000,0.63253,0.00000,0.77454,1378.94
quat6,0.00000,0.63253,0.00000,0.77454,1378.94
quat7,0.00000,0.63253,0.00000,0.77454,1378.94
quat8,0.00000,0.63253,0.00000,0.77454,1378.94
quat0,-0.74417,0.09655,-0.66023,0.03145,1378.96
quat1,-0.52402,0.43763,0.45336,0.57301,1378.96
quat2,0.73407,0.03296,-0.19356,-0.65007,1378.96
quat3,0.26481,-0.46813,-0.57741,-0.61427,1378.96
quat4,-0.09336,0.61643,0.76502,0.16136,1378.96
quat5,0.00000,0.63253,0.00000,0.77454,1378.96
quat6,0.00000,0.63253,0.00000,0.77454,1378.96
quat7,0.00000,0.63253,0.00000,0.77454,1378.96
quat8,0.00000,0.63253,0.00000,0.77454,1378.96
quat0,-0.74750,0.10148,-0.65586,0.02797,1378.98
quat1,-0.51480,0.44426,0.44575,0.58217,1378.98
quat2,0.71773,0.02745,-0.19563,-0.66771,1378.98
quat3,0.26128,-0.47292,-0.55909,-0.62888,1378.98
quat4,-0.09788,0.63316,0.74756,0.17516,1378.98
quat5,0.00000,0.63253,0.00000,0.77454,1378.98
quat6,0.00000,0.63253,0.00000,0.77454,1378.98
quat7,0.00000,0.63253,0.00000,0.77454,1378.98
quat8,0.00000,0.63253,0.00000,0.77454,1378.98
quat0,-0.74633,0.09997,-0.65708,0.03523,1379
quat1,-0.50120,0.45303,0.43953,0.59193,1379
quat2,0.69773,0.02136,-0.19887,-0.68787,1379
quat3,0.25730,-0.47733,-0.53838,-0.64506,1379
quat4,-0.10230,0.65203,0.72700,0.18938,1379
quat5,0.00000,0.63253,0.00000,0.77454,1379
quat6,0.00000,0.63253,0.00000,0.77454,1379
quat7,0.00000,0.63253,0.00000,0.77454,1379
quat8,0.00000,0.63253,0.00000,0.77454,1379
quat0,-0.74523,0.09562,-0.65911,0.03270,1379.02
quat1,-0.48654,0.46375,0.43059,0.60234,1379.02
quat2,0.67508,0.01494,-0.20102,-0.70968,1379.02
quat3,0.25357,-0.48030,-0.51676,-0.66179,1379.02
quat4,-0.10387,0.67317,0.70377,0.20191,1379.02
quat5,0.00000,0.63253,0.00000,0.77454,1379.02
quat6,0.00000,0.63253,0.00000,0.77454,1379.02
quat7,0.00000,0.63253,0.00000,0.77454,1379.02
quat8,0.00000,0.63253,0.00000,0.77454,1379.02
quat0,-0.74751,0.11130,-0.65451,0.02128,1379.04
quat1,-0.47061,0.47681,0.42028,0.61200,1379.04
quat2,0.65121,0.00894,-0.20161,-0.73158,1379.04
quat3,0.24616,-0.48239,-0.49490,-0.67955,1379.04
quat4,-0.10292,0.69635,0.67784,0.21222,1379.04
quat5,0.00000,0.63253,0.00000,0.77454,1379.04
quat6,0.00000,0.63253,0.00000,0.77454,1379.04
quat7,0.00000,0.63253,0.00000,0.77454,1379.04
quat8,0.00000,0.63253,0.00000,0.77454,1379.04
quat0,-0.75476,0.09774,-0.64751,0.03903,1379.06
quat1,-0.45297,0.49082,0.40970,0.62133,1379.06
quat2,0.62503,0.00406,-0.20110,-0.75424,1379.06
quat3,0.23700,-0.48450,-0.47351,-0.69634,1379.06
quat4,-0.10182,0.72040,0.64909,0.22214,1379.06
quat5,0.00000,0.63253,0.00000,0.77454,1379.06
quat6,0.00000,0.63253,0.00000,0.77454,1379.06
quat7,0.00000,0.63253,0.00000,0.77454,1379.06
quat8,0.00000,0.63253,0.00000,0.77454,1379.06
quat0,-0.75594,0.12575,-0.64206,0.02262,1379.08
quat1,-0.43629,0.50607,0.39639,0.62962,1379.08
quat2,0.59592,0.00013,-0.19745,-0.77839,1379.08
quat3,0.22683,-0.48764,-0.45449,-0.71007,1379.08
quat4,-0.09976,0.74552,0.61664,0.23238,1379.08
quat5,0.00000,0.63253,0.00000,0.77454,1379.08
quat6,0.00000,0.63253,0.00000,0.77454,1379.08
quat7,0.00000,0.63253,0.00000,0.77454,1379.08
quat8,0.00000,0.63253,0.00000,0.77454,1379.08
quat0,-0.75617,0.08768,-0.64708,0.04247,1379.1
quat1,-0.41717,0.52249,0.38185,0.63810,1379.1
quat2,0.56504,-0.00103,-0.18878,-0.80317,1379.1
quat3,0.21344,-0.48981,-0.43637,-0.72395,1379.1
quat4,-0.09513,0.77152,0.58176,0.23931,1379.1
quat5,0.00000,0.63253,0.00000,0.77454,1379.1
quat6,0.00000,0.63253,0.00000,0.77454,1379.1
quat7,0.00000,0.63253,0.00000,0.77454,1379.1
quat8,0.00000,0.63253,0.00000,0.77454,1379.1
quat0,-0.76441,0.11391,-0.63406,0.02579,1379.12
quat1,-0.39850,0.53564,0.36588,0.64839,1379.12
quat2,0.53173,-0.00225,-0.17681,-0.82825,1379.12
quat3,0.19870,-0.49518,-0.41699,-0.73582,1379.12
quat4,-0.08819,0.79719,0.54504,0.24423,1379.12
quat5,0.00000,0.63253,0.00000,0.77454,1379.12
quat6,0.00000,0.63253,0.00000,0.77454,1379.12
quat7,0.00000,0.63253,0.00000,0.77454,1379.12
quat8,0.00000,0.63253,0.00000,0.77454,1379.12
quat0,-0.76260,0.13664,-0.63207,0.01609,1379.14
quat1,-0.38123,0.54470,0.34859,0.66065,1379.14
quat2,0.49587,-0.00339,-0.16183,-0.85318,1379.14
quat3,0.18283,-0.50538,-0.39697,-0.74403,1379.14
quat4,-0.08247,0.82086,0.50626,0.25116,1379.14
quat5,0.00000,0.63253,0.00000,0.77454,1379.14
quat6,0.00000,0.63253,0.00000,0.77454,1379.14
quat7,0.00000,0.63253,0.00000,0.77454,1379.14
quat8,0.00000,0.63253,0.00000,0.77454,1379.14
quat0,-0.75792,0.07487,-0.64580,0.05385,1379.16
quat1,-0.36264,0.55295,0.33257,0.67241,1379.16
quat2,0.45795,-0.00156,-0.14417,-0.87721,1379.16
quat3,0.16776,-0.51359,-0.37386,-0.75387,1379.16
quat4,-0.07990,0.84219,0.46585,0.25945,1379.16
quat5,0.00000,0.63253,0.00000,0.77454,1379.16
quat6,0.00000,0.63253,0.00000,0.77454,1379.16
quat7,0.00000,0.63253,0.00000,0.77454,1379.16
quat8,0.00000,0.63253,0.00000,0.77454,1379.16
quat0,-0.76312,0.11101,-0.63549,0.03842,1379.18
quat1,-0.34184,0.56119,0.31880,0.68307,1379.18
quat2,0.42045,0.00262,-0.12594,-0.89853,1379.18
quat3,0.15351,-0.51554,-0.35012,-0.76685,1379.18
quat4,-0.07895,0.86184,0.42602,0.26362,1379.18
quat5,0.00000,0.63253,0.00000,0.77454,1379.18
quat6,0.00000,0.63253,0.00000,0.77454,1379.18
quat7,0.00000,0.63253,0.00000,0.77454,1379.18
quat8,0.00000,0.63253,0.00000,0.77454,1379.18
quat0,-0.75994,0.12088,-0.63798,0.02919,1379.2
quat1,-0.31978,0.56833,0.30356,0.69469,1379.2
quat2,0.38239,0.00743,-0.10838,-0.91759,1379.2
quat3,0.13882,-0.51634,-0.32689,-0.77927,1379.2
quat4,-0.08015,0.87955,0.38674,0.26534,1379.2
quat5,0.00000,0.63253,0.00000,0.77454,1379.2
quat6,0.00000,0.63253,0.00000,0.77454,1379.2
quat7,0.00000,0.63253,0.00000,0.77454,1379.2
quat8,0.00000,0.63253,0.00000,0.77454,1379.2
quat0,-0.75643,0.07304,-0.64757,0.05597,1379.22
quat1,-0.29610,0.57581,0.28722,0.70589,1379.22
quat2,0.34433,0.01120,-0.09357,-0.93411,1379.22
quat3,0.12270,-0.51700,-0.30456,-0.79051,1379.22
quat4,-0.08433,0.89388,0.34863,0.26894,1379.22
quat5,0.00000,0.63253,0.00000,0.77454,1379.22
quat6,0.00000,0.63253,0.00000,0.77454,1379.22
quat7,0.00000,0.63253,0.00000,0.77454,1379.22
quat8,0.00000,0.63253,0.00000,0.77454,1379.22
quat0,-0.76109,0.10321,-0.63900,0.04200,1379.24
quat1,-0.27126,0.58436,0.27018,0.71550,1379.24
quat2,0.30644,0.01440,-0.08330,-0.94813,1379.24
quat3,0.10750,-0.51453,-0.28275,-0.80234,1379.24
quat4,-0.09079,0.90593,0.31074,0.27294,1379.24
quat5,0.00000,0.63253,0.00000,0.77454,1379.24
quat6,0.00000,0.63253,0.00000,0.77454,1379.24
quat7,0.00000,0.63253,0.00000,0.77454,1379.24
quat8,0.00000,0.63253,0.00000,0.77454,1379.24
quat0,-0.76096,0.11656,-0.63699,0.04009,1379.26
quat1,-0.24545,0.59446,0.25254,0.72290,1379.26
quat2,0.26978,0.01448,-0.07898,-0.95957,1379.26
quat3,0.09268,-0.50971,-0.26234,-0.81412,1379.26
quat4,-0.09995,0.91517,0.27559,0.27662,1379.26
quat5,0.00000,0.63253,0.00000,0.77454,1379.26
quat6,0.00000,0.63253,0.00000,0.77454,1379.26
quat7,0.00000,0.63253,0.00000,0.77454,1379.26
quat8,0.00000,0.63253,0.00000,0.77454,1379.26
quat0,-0.76765,0.09089,-0.63187,0.05654,1379.28
quat1,-0.22092,0.60456,0.23262,0.72910,1379.28
quat2,0.23163,0.01175,-0.07678,-0.96970,1379.28
quat3,0.07551,-0.50634,-0.24352,-0.82378,1379.28
quat4,-0.11111,0.92228,0.24191,0.28023,1379.28
quat5,0.00000,0.63253,0.00000,0.77454,1379.28
quat6,0.00000,0.63253,0.00000,0.77454,1379.28
quat7,0.00000,0.63253,0.00000,0.77454,1379.28
quat8,0.00000,0.63253,0.00000,0.77454,1379.28
quat0,-0.76436,0.08736,-0.63628,0.05718,1379.3
quat1,-0.19696,0.61449,0.21216,0.73389,1379.3
quat2,0.19571,0.01093,-0.07449,-0.97777,1379.3
quat3,0.05782,-0.50522,-0.22658,-0.83070,1379.3
quat4,-0.12207,0.92808,0.21137,0.28122,1379.3
quat5,0.00000,0.63253,0.00000,0.77454,1379.3
quat6,0.00000,0.63253,0.00000,0.77454,1379.3
quat7,0.00000,0.63253,0.00000,0.77454,1379.3
quat8,0.00000,0.63253,0.00000,0.77454,1379.3
quat0,-0.75677,0.10032,-0.64423,0.04691,1379.32
quat1,-0.17431,0.62586,0.19165,0.73565,1379.32
quat2,0.16147,0.01205,-0.07216,-0.98416,1379.32
quat3,0.04199,-0.50288,-0.21063,-0.83725,1379.32
quat4,-0.13339,0.93216,0.18320,0.28236,1379.32
quat5,0.00000,0.63253,0.00000,0.77454,1379.32
quat6,0.00000,0.63253,0.00000,0.77454,1379.32
quat7,0.00000,0.63253,0.00000,0.77454,1379.32
quat8,0.00000,0.63253,0.00000,0.77454,1379.32
quat0,-0.75614,0.09656,-0.64470,0.05740,1379.34
quat1,-0.15339,0.63298,0.17161,0.73916,1379.34
quat2,0.12995,0.01141,-0.07008,-0.98897,1379.34
quat3,0.02721,-0.49774,-0.19592,-0.84447,1379.34
quat4,-0.14504,0.93302,0.15871,0.28852,1379.34
quat5,0.00000,0.63253,0.00000,0.77454,1379.34
quat6,0.00000,0.63253,0.00000,0.77454,1379.34
quat7,0.00000,0.63253,0.00000,0.77454,1379.34
quat8,0.00000,0.63253,0.00000,0.77454,1379.34
quat0,-0.75792,0.08592,-0.64360,0.06282,1379.36
quat1,-0.13503,0.63785,0.15417,0.74239,1379.36
quat2,0.10014,0.00988,-0.06403,-0.99286,1379.36
quat3,0.01299,-0.49206,-0.18226,-0.85117,1379.36
quat4,-0.15551,0.93239,0.13469,0.29720,1379.36
quat5,0.00000,0.63253,0.00000,0.77454,1379.36
quat6,0.00000,0.63253,0.00000,0.77454,1379.36
quat7,0.00000,0.63253,0.00000,0.77454,1379.36
quat8,0.00000,0.63253,0.00000,0.77454,1379.36
quat0,-0.76052,0.08668,-0.64022,0.06482,1379.38
quat1,-0.11873,0.63944,0.14033,0.74654,1379.38
quat2,0.07480,0.00906,-0.05541,-0.99562,1379.38
quat3,0.00159,-0.48766,-0.16991,-0.85634,1379.38
quat4,-0.16291,0.93242,0.11458,0.30155,1379.38
quat5,0.00000,0.63253,0.00000,0.77454,1379.38
quat6,0.00000,0.63253,0.00000,0.77454,1379.38
quat7,0.00000,0.63253,0.00000,0.77454,1379.38
quat8,0.00000,0.63253,0.00000,0.77454,1379.38
quat0,-0.76138,0.08225,-0.63878,0.07413,1379.4
quat1,-0.10642,0.63807,0.13165,0.75114,1379.4
quat2,0.05226,0.00676,-0.04421,-0.99763,1379.4
quat3,-0.00693,-0.48526,-0.16064,-0.85946,1379.4
quat4,-0.16834,0.93250,0.09823,0.30406,1379.4
quat5,0.00000,0.63253,0.00000,0.77454,1379.4
quat6,0.00000,0.63253,0.00000,0.77454,1379.4
quat7,0.00000,0.63253,0.00000,0.77454,1379.4
quat8,0.00000,0.63253,0.00000,0.77454,1379.4
quat0,-0.76085,0.06037,-0.64200,0.07272,1379.42
quat1,-0.09973,0.63214,0.12816,0.75765,1379.42
quat2,0.03165,-0.04800,-0.03751,-0.99764,1379.42
quat3,-0.01214,-0.48773,-0.15554,-0.85894,1379.42
quat4,-0.17073,0.93072,0.08943,0.31084,1379.42
quat5,0.00000,0.63253,0.00000,0.77454,1379.42
quat6,0.00000,0.63253,0.00000,0.77454,1379.42
quat7,0.00000,0.63253,0.00000,0.77454,1379.42
quat8,0.00000,0.63253,0.00000,0.77454,1379.42
quat0,-0.76188,0.07435,-0.63954,0.07070,1379.44
quat1,-0.09733,0.62110,0.13194,0.76639,1379.44
quat2,0.03339,-0.05553,-0.03264,-0.99736,1379.44
quat3,-0.01074,-0.49725,-0.15606,-0.85339,1379.44
quat4,-0.16716,0.92983,0.08709,0.31604,1379.44
quat5,0.00000,0.63253,0.00000,0.77454,1379.44
quat6,0.00000,0.63253,0.00000,0.77454,1379.44
quat7,0.00000,0.63253,0.00000,0.77454,1379.44
quat8,0.00000,0.63253,0.00000,0.77454,1379.44
quat0,-0.76776,0.10612,-0.62966,0.05296,1379.46
quat1,-0.10609,0.61019,0.14161,0.77224,1379.46
quat2,0.04877,-0.03440,-0.02659,-0.99786,1379.46
quat3,-0.00467,-0.50760,-0.16368,-0.84589,1379.46
quat4,-0.16132,0.93266,0.09311,0.30894,1379.46
quat5,0.00000,0.63253,0.00000,0.77454,1379.46
quat6,0.00000,0.63253,0.00000,0.77454,1379.46
quat7,0.00000,0.63253,0.00000,0.77454,1379.46
quat8,0.00000,0.63253,0.00000,0.77454,1379.46
quat0,-0.75621,0.08593,-0.64619,0.05655,1379.48
quat1,-0.12385,0.59773,0.15603,0.77656,1379.48
quat2,0.07445,-0.01331,-0.02417,-0.99684,1379.48
quat3,0.00492,-0.51724,-0.17971,-0.83674,1379.48
quat4,-0.15212,0.94271,0.11253,0.27475,1379.48
quat5,0.00000,0.63253,0.00000,0.77454,1379.48
quat6,0.00000,0.63253,0.00000,0.77454,1379.48
quat7,0.00000,0.63253,0.00000,0.77454,1379.48
quat8,0.00000,0.63253,0.00000,0.77454,1379.48
quat0,-0.75660,0.09649,-0.64495,0.04789,1379.5
quat1,-0.14681,0.58432,0.17544,0.77861,1379.5
quat2,0.10624,0.00534,-0.02034,-0.99412,1379.5
quat3,0.01905,-0.52605,-0.20160,-0.82600,1379.5
quat4,-0.14062,0.94956,0.13897,0.24340,1379.5
quat5,0.00000,0.63253,0.00000,0.77454,1379.5
quat6,0.00000,0.63253,0.00000,0.77454,1379.5
quat7,0.00000,0.63253,0.00000,0.77454,1379.5
quat8,0.00000,0.63253,0.00000,0.77454,1379.5
quat0,-0.75677,0.10481,-0.64336,0.04896,1379.52
quat1,-0.17157,0.57773,0.19904,0.77277,1379.52
quat2,0.14197,0.00299,-0.02468,-0.98956,1379.52
quat3,0.03752,-0.52975,-0.22575,-0.81669,1379.52
quat4,-0.12768,0.95035,0.17170,0.22593,1379.52
quat5,0.00000,0.63253,0.00000,0.77454,1379.52
quat6,0.00000,0.63253,0.00000,0.77454,1379.52
quat7,0.00000,0.63253,0.00000,0.77454,1379.52
quat8,0.00000,0.63253,0.00000,0.77454,1379.52
quat0,-0.75790,0.12078,-0.64013,0.03515,1379.54
quat1,-0.19534,0.57558,0.22402,0.76182,1379.54
quat2,0.18024,-0.01444,-0.03637,-0.98284,1379.54
quat3,0.05789,-0.52563,-0.25057,-0.81091,1379.54
quat4,-0.11712,0.94464,0.20947,0.22374,1379.54
quat5,0.00000,0.63253,0.00000,0.77454,1379.54
quat6,0.00000,0.63253,0.00000,0.77454,1379.54
quat7,0.00000,0.63253,0.00000,0.77454,1379.54
quat8,0.00000,0.63253,0.00000,0.77454,1379.54
quat0,-0.75972,0.12127,-0.63823,0.02781,1379.56
quat1,-0.21717,0.57812,0.25047,0.74557,1379.56
quat2,0.22315,-0.02982,-0.05325,-0.97287,1379.56
quat3,0.08022,-0.51820,-0.27545,-0.80571,1379.56
quat4,-0.10941,0.93336,0.25375,0.22909,1379.56
quat5,0.00000,0.63253,0.00000,0.77454,1379.56
quat6,0.00000,0.63253,0.00000,0.77454,1379.56
quat7,0.00000,0.63253,0.00000,0.77454,1379.56
quat8,0.00000,0.63253,0.00000,0.77454,1379.56
quat0,-0.75477,0.12055,-0.64447,0.02130,1379.58
quat1,-0.23974,0.58084,0.27747,0.72675,1379.58
quat2,0.26795,-0.03765,-0.07187,-0.96001,1379.58
quat3,0.10522,-0.50874,-0.30103,-0.79969,1379.58
quat4,-0.10105,0.92029,0.30042,0.22936,1379.58
quat5,0.00000,0.63253,0.00000,0.77454,1379.58
quat6,0.00000,0.63253,0.00000,0.77454,1379.58
quat7,0.00000,0.63253,0.00000,0.77454,1379.58
quat8,0.00000,0.63253,0.00000,0.77454,1379.58
quat0,-0.75468,0.12487,-0.64384,0.01814,1379.6
quat1,-0.26487,0.57787,0.30432,0.70943,1379.6
quat2,0.31552,-0.03754,-0.08946,-0.94395,1379.6
quat3,0.13091,-0.49849,-0.32698,-0.79212,1379.6
quat4,-0.09239,0.90453,0.34935,0.22636,1379.6
quat5,0.00000,0.63253,0.00000,0.77454,1379.6
quat6,0.00000,0.63253,0.00000,0.77454,1379.6
quat7,0.00000,0.63253,0.00000,0.77454,1379.6
quat8,0.00000,0.63253,0.00000,0.77454,1379.6
quat0,-0.75928,0.12731,-0.63807,0.01235,1379.62
quat1,-0.29453,0.56759,0.32860,0.69507,1379.62
quat2,0.36301,-0.03383,-0.10581,-0.92514,1379.62
quat3,0.15491,-0.48965,-0.35351,-0.78184,1379.62
quat4,-0.08541,0.88574,0.39837,0.22241,1379.62
quat5,0.00000,0.63253,0.00000,0.77454,1379.62
quat6,0.00000,0.63253,0.00000,0.77454,1379.62
quat7,0.00000,0.63253,0.00000,0.77454,1379.62
quat8,0.00000,0.63253,0.00000,0.77454,1379.62
quat0,-0.75539,0.12699,-0.64277,0.00987,1379.64
quat1,-0.32714,0.55185,0.34987,0.68266,1379.64
quat2,0.40958,-0.03047,-0.12186,-0.90358,1379.64
quat3,0.17666,-0.48243,-0.38089,-0.76875,1379.64
quat4,-0.07969,0.86443,0.44682,0.21624,1379.64
quat5,0.00000,0.63253,0.00000,0.77454,1379.64
quat6,0.00000,0.63253,0.00000,0.77454,1379.64
quat7,0.00000,0.63253,0.00000,0.77454,1379.64
quat8,0.00000,0.63253,0.00000,0.77454,1379.64
quat0,-0.74881,0.11712,-0.65229,0.00898,1379.66
quat1,-0.35945,0.53489,0.36805,0.67024,1379.66
quat2,0.45316,-0.02773,-0.13714,-0.88038,1379.66
quat3,0.19526,-0.47645,-0.40755,-0.75417,1379.66
quat4,-0.07521,0.84132,0.49294,0.20864,1379.66
quat5,0.00000,0.63253,0.00000,0.77454,1379.66
quat6,0.00000,0.63253,0.00000,0.77454,1379.66
quat7,0.00000,0.63253,0.00000,0.77454,1379.66
quat8,0.00000,0.63253,0.00000,0.77454,1379.66
quat0,-0.74774,0.11197,-0.65447,0.00485,1379.68
quat1,-0.38909,0.51919,0.38483,0.65647,1379.68
quat2,0.49433,-0.02524,-0.15148,-0.85560,1379.68
quat3,0.21196,-0.46945,-0.43354,-0.73941,1379.68
quat4,-0.07012,0.81664,0.53723,0.19889,1379.68
quat5,0.00000,0.63253,0.00000,0.77454,1379.68
quat6,0.00000,0.63253,0.00000,0.77454,1379.68
quat7,0.00000,0.63253,0.00000,0.77454,1379.68
quat8,0.00000,0.63253,0.00000,0.77454,1379.68
quat0,-0.75057,0.11724,-0.65031,0.00191,1379.7
quat1,-0.41566,0.50619,0.40126,0.64030,1379.7
quat2,0.53293,-0.02103,-0.16308,-0.83003,1379.7
quat3,0.22723,-0.46078,-0.45792,-0.72551,1379.7
quat4,-0.06430,0.79050,0.57910,0.18871,1379.7
quat5,0.00000,0.63253,0.00000,0.77454,1379.7
quat6,0.00000,0.63253,0.00000,0.77454,1379.7
quat7,0.00000,0.63253,0.00000,0.77454,1379.7
quat8,0.00000,0.63253,0.00000,0.77454,1379.7
quat0,-0.74837,0.09939,-0.65570,0.01101,1379.72
quat1,-0.43889,0.49423,0.41765,0.62345,1379.72
quat2,0.56982,-0.01483,-0.17099,-0.80365,1379.72
quat3,0.24200,-0.45263,-0.47967,-0.71167,1379.72
quat4,-0.05830,0.76203,0.61914,0.18050,1379.72
quat5,0.00000,0.63253,0.00000,0.77454,1379.72
quat6,0.00000,0.63253,0.00000,0.77454,1379.72
quat7,0.00000,0.63253,0.00000,0.77454,1379.72
quat8,0.00000,0.63253,0.00000,0.77454,1379.72
quat0,-0.75150,0.11613,-0.64944,0.00049,1379.74
quat1,-0.46131,0.48170,0.43245,0.60675,1379.74
quat2,0.60475,-0.00753,-0.17473,-0.77697,1379.74
quat3,0.25763,-0.44490,-0.49735,-0.69881,1379.74
quat4,-0.05439,0.73150,0.65624,0.17694,1379.74
quat5,0.00000,0.63253,0.00000,0.77454,1379.74
quat6,0.00000,0.63253,0.00000,0.77454,1379.74
quat7,0.00000,0.63253,0.00000,0.77454,1379.74
quat8,0.00000,0.63253,0.00000,0.77454,1379.74
quat0,-0.74829,0.10069,-0.65562,0.00995,1379.76
quat1,-0.48023,0.46899,0.44570,0.59226,1379.76
quat2,0.63780,-0.00073,-0.17552,-0.74994,1379.76
quat3,0.27484,-0.43784,-0.51161,-0.68631,1379.76
quat4,-0.05185,0.69991,0.69012,0.17658,1379.76
quat5,0.00000,0.63253,0.00000,0.77454,1379.76
quat6,0.00000,0.63253,0.00000,0.77454,1379.76
quat7,0.00000,0.63253,0.00000,0.77454,1379.76
quat8,0.00000,0.63253,0.00000,0.77454,1379.76
quat0,-0.75278,0.09178,-0.65171,0.01330,1379.78
quat1,-0.49583,0.45851,0.45787,0.57816,1379.78
quat2,0.66806,0.00489,-0.17609,-0.72296,1379.78
quat3,0.29204,-0.43302,-0.52569,-0.67146,1379.78
quat4,-0.05209,0.66791,0.72074,0.17807,1379.78
quat5,0.00000,0.63253,0.00000,0.77454,1379.78
quat6,0.00000,0.63253,0.00000,0.77454,1379.78
quat7,0.00000,0.63253,0.00000,0.77454,1379.78
quat8,0.00000,0.63253,0.00000,0.77454,1379.78
quat0,-0.75223,0.09929,-0.65116,0.01671,1379.8
quat1,-0.50709,0.45033,0.46902,0.56577,1379.8
quat2,0.69479,0.00922,-0.17710,-0.69701,1379.8
quat3,0.30525,-0.43161,-0.54048,-0.65454,1379.8
quat4,-0.05555,0.63648,0.74798,0.17982,1379.8
quat5,0.00000,0.63253,0.00000,0.77454,1379.8
quat6,0.00000,0.63253,0.00000,0.77454,1379.8
quat7,0.00000,0.63253,0.00000,0.77454,1379.8
quat8,0.00000,0.63253,0.00000,0.77454,1379.8
quat0,-0.74939,0.09548,-0.65495,0.01847,1379.82
quat1,-0.51763,0.44163,0.47775,0.55567,1379.82
quat2,0.71899,0.01355,-0.17831,-0.67162,1379.82
quat3,0.31282,-0.43055,-0.55680,-0.63777,1379.82
quat4,-0.06153,0.60693,0.77158,0.18032,1379.82
quat5,0.00000,0.63253,0.00000,0.77454,1379.82
quat6,0.00000,0.63253,0.00000,0.77454,1379.82
quat7,0.00000,0.63253,0.00000,0.77454,1379.82
quat8,0.00000,0.63253,0.00000,0.77454,1379.82
quat0,-0.75663,0.08776,-0.64717,0.03136,1379.84
quat1,-0.52945,0.43217,0.48275,0.54759,1379.84
quat2,0.74181,0.01905,-0.17928,-0.64592,1379.84
quat3,0.31441,-0.43035,-0.57547,-0.62031,1379.84
quat4,-0.06616,0.58128,0.79158,0.17646,1379.84
quat5,0.00000,0.63253,0.00000,0.77454,1379.84
quat6,0.00000,0.63253,0.00000,0.77454,1379.84
quat7,0.00000,0.63253,0.00000,0.77454,1379.84
quat8,0.00000,0.63253,0.00000,0.77454,1379.84
quat0,-0.75303,0.09083,-0.65085,0.03296,1379.86
quat1,-0.54586,0.42472,0.48104,0.53875,1379.86
quat2,0.76308,0.02712,-0.18088,-0.61989,1379.86
quat3,0.30910,-0.43052,-0.59612,-0.60312,1379.86
quat4,-0.06510,0.56032,0.80883,0.16611,1379.86
quat5,0.00000,0.63253,0.00000,0.77454,1379.86
quat6,0.00000,0.63253,0.00000,0.77454,1379.86
quat7,0.00000,0.63253,0.00000,0.77454,1379.86
quat8,0.00000,0.63253,0.00000,0.77454,1379.86
quat0,-0.75125,0.08961,-0.65300,0.03455,1379.88
quat1,-0.56656,0.41637,0.47387,0.53018,1379.88
quat2,0.78213,0.03844,-0.17829,-0.59583,1379.88
quat3,0.30265,-0.43023,-0.61483,-0.58761,1379.88
quat4,-0.05874,0.54424,0.82303,0.15157,1379.88
quat5,0.00000,0.63253,0.00000,0.77454,1379.88
quat6,0.00000,0.63253,0.00000,0.77454,1379.88
quat7,0.00000,0.63253,0.00000,0.77454,1379.88
quat8,0.00000,0.63253,0.00000,0.77454,1379.88
quat0,-0.75729,0.09019,-0.64541,0.04276,1379.9
quat1,-0.58719,0.40726,0.46480,0.52278,1379.9
quat2,0.79933,0.05301,-0.16674,-0.57486,1379.9
quat3,0.29582,-0.42964,-0.63029,-0.57501,1379.9
quat4,-0.04907,0.53189,0.83446,0.13551,1379.9
quat5,0.00000,0.63253,0.00000,0.77454,1379.9
quat6,0.00000,0.63253,0.00000,0.77454,1379.9
quat7,0.00000,0.63253,0.00000,0.77454,1379.9
quat8,0.00000,0.63253,0.00000,0.77454,1379.9
quat0,-0.75167,0.09129,-0.65190,0.04100,1379.92
quat1,-0.60212,0.40030,0.45854,0.51668,1379.92
quat2,0.81256,0.06624,-0.15134,-0.55897,1379.92
quat3,0.28880,-0.42986,-0.64269,-0.56460,1379.92
quat4,-0.03710,0.52356,0.84263,0.12037,1379.92
quat5,0.00000,0.63253,0.00000,0.77454,1379.92
quat6,0.00000,0.63253,0.00000,0.77454,1379.92
quat7,0.00000,0.63253,0.00000,0.77454,1379.92
quat8,0.00000,0.63253,0.00000,0.77454,1379.92
quat0,-0.75368,0.09018,-0.64960,0.04300,1379.94
quat1,-0.61150,0.39446,0.45551,0.51281,1379.94
quat2,0.82146,0.07603,-0.13735,-0.54823,1379.94
quat3,0.28363,-0.43062,-0.65112,-0.55692,1379.94
quat4,-0.02813,0.51817,0.84777,0.10952,1379.94
quat5,0.00000,0.63253,0.00000,0.77454,1379.94
quat6,0.00000,0.63253,0.00000,0.77454,1379.94
quat7,0.00000,0.63253,0.00000,0.77454,1379.94
quat8,0.00000,0.63253,0.00000,0.77454,1379.94
quat0,-0.75040,0.09431,-0.65335,0.03369,1379.96
quat1,-0.61632,0.39105,0.45442,0.51062,1379.96
quat2,0.82623,0.08174,-0.12854,-0.54234,1379.96
quat3,0.28143,-0.43216,-0.65485,-0.55246,1379.96
quat4,-0.02542,0.51490,0.85055,0.10388,1379.96
quat5,0.00000,0.63253,0.00000,0.77454,1379.96
quat6,0.00000,0.63253,0.00000,0.77454,1379.96
quat7,0.00000,0.63253,0.00000,0.77454,1379.96
quat8,0.00000,0.63253,0.00000,0.77454,1379.96
quat0,-0.75259,0.09350,-0.65093,0.03395,1379.98
quat1,-0.61678,0.39012,0.45531,0.50998,1379.98
quat2,0.82729,0.08364,-0.12427,-0.54143,1379.98
quat3,0.28193,-0.43388,-0.65440,-0.55139,1379.98
quat4,-0.02849,0.51444,0.85100,0.10169,1379.98
quat5,0.00000,0.63253,0.00000,0.77454,1379.98
quat6,0.00000,0.63253,0.00000,0.77454,1379.98
quat7,0.00000,0.63253,0.00000,0.77454,1379.98
quat8,0.00000,0.63253,0.00000,0.77454,1379.98
quat0,-0.74852,0.10450,-0.65436,0.02480,1380
quat1,-0.61349,0.39112,0.45698,0.51169,1380
quat2,0.82489,0.08342,-0.12345,-0.54531,1380
quat3,0.28374,-0.43596,-0.65062,-0.55328,1380
quat4,-0.03577,0.51747,0.84883,0.10217,1380
quat5,0.00000,0.63253,0.00000,0.77454,1380
quat6,0.00000,0.63253,0.00000,0.77454,1380
quat7,0.00000,0.63253,0.00000,0.77454,1380
quat8,0.00000,0.63253,0.00000,0.77454,1380
quat0,-0.74315,0.10141,-0.66093,0.02481,1380.02
quat1,-0.60831,0.39270,0.45720,0.51644,1380.02
quat2,0.81932,0.08265,-0.12414,-0.55361,1380.02
quat3,0.28528,-0.43872,-0.64490,-0.55700,1380.02
quat4,-0.04353,0.52484,0.84369,0.10406,1380.02
quat5,0.00000,0.63253,0.00000,0.77454,1380.02
quat6,0.00000,0.63253,0.00000,0.77454,1380.02
quat7,0.00000,0.63253,0.00000,0.77454,1380.02
quat8,0.00000,0.63253,0.00000,0.77454,1380.02
quat0,-0.73746,0.10622,-0.66671,0.01929,1380.04
quat1,-0.59994,0.39574,0.45762,0.52349,1380.04
quat2,0.81104,0.08214,-0.12519,-0.56551,1380.04
quat3,0.28652,-0.44225,-0.63684,-0.56280,1380.04
quat4,-0.04927,0.53605,0.83601,0.10637,1380.04
quat5,0.00000,0.63253,0.00000,0.77454,1380.04
quat6,0.00000,0.63253,0.00000,0.77454,1380.04
quat7,0.00000,0.63253,0.00000,0.77454,1380.04
quat8,0.00000,0.63253,0.00000,0.77454,1380.04
quat0,-0.73696,0.11890,-0.66533,0.00940,1380.06
quat1,-0.59101,0.40045,0.45634,0.53112,1380.06
quat2,0.80014,0.08159,-0.12675,-0.58056,1380.06
quat3,0.28658,-0.44602,-0.62685,-0.57095,1380.06
quat4,-0.05362,0.55063,0.82580,0.10946,1380.06
quat5,0.00000,0.63253,0.00000,0.77454,1380.06
quat6,0.00000,0.63253,0.00000,0.77454,1380.06
quat7,0.00000,0.63253,0.00000,0.77454,1380.06
quat8,0.00000,0.63253,0.00000,0.77454,1380.06
quat0,-0.73326,0.12088,-0.66908,0.00743,1380.08
quat1,-0.58067,0.40677,0.45396,0.53970,1380.08
quat2,0.78685,0.08062,-0.12939,-0.59802,1380.08
quat3,0.28660,-0.45042,-0.61375,-0.58163,1380.08
quat4,-0.05796,0.56756,0.81334,0.11400,1380.08
quat5,0.00000,0.63253,0.00000,0.77454,1380.08
quat6,0.00000,0.63253,0.00000,0.77454,1380.08
quat7,0.00000,0.63253,0.00000,0.77454,1380.08
quat8,0.00000,0.63253,0.00000,0.77454,1380.08
quat0,-0.73110,0.12999,-0.66977,0.00402,1380.1
quat1,-0.56900,0.41486,0.45090,0.54847,1380.1
quat2,0.77023,0.07755,-0.13403,-0.61868,1380.1
quat3,0.28622,-0.45490,-0.59813,-0.59446,1380.1
quat4,-0.06264,0.58634,0.79869,0.11990,1380.1
quat5,0.00000,0.63253,0.00000,0.77454,1380.1
quat6,0.00000,0.63253,0.00000,0.77454,1380.1
quat7,0.00000,0.63253,0.00000,0.77454,1380.1
quat8,0.00000,0.63253,0.00000,0.77454,1380.1
quat0,-0.72577,0.13300,-0.67495,0.00207,1380.12
quat1,-0.55698,0.42460,0.44561,0.55760,1380.12
quat2,0.75067,0.07244,-0.14051,-0.64149,1380.12
quat3,0.28492,-0.45854,-0.58008,-0.60997,1380.12
quat4,-0.06801,0.60616,0.78215,0.12720,1380.12
quat5,0.00000,0.63253,0.00000,0.77454,1380.12
quat6,0.00000,0.63253,0.00000,0.77454,1380.12
quat7,0.00000,0.63253,0.00000,0.77454,1380.12
quat8,0.00000,0.63253,0.00000,0.77454,1380.12
quat0,-0.72523,0.14670,-0.67269,-0.00206,1380.14
quat1,-0.54441,0.43625,0.43825,0.56678,1380.14
quat2,0.72880,0.06585,-0.14737,-0.66543,1380.14
quat3,0.28366,-0.45964,-0.56097,-0.62736,1380.14
quat4,-0.07452,0.62693,0.76327,0.13719,1380.14
quat5,0.00000,0.63253,0.00000,0.77454,1380.14
quat6,0.00000,0.63253,0.00000,0.77454,1380.14
quat7,0.00000,0.63253,0.00000,0.77454,1380.14
quat8,0.00000,0.63253,0.00000,0.77454,1380.14
quat0,-0.72713,0.15593,-0.66850,-0.00846,1380.16
quat1,-0.52915,0.44961,0.43038,0.57673,1380.16
quat2,0.70525,0.05846,-0.15292,-0.68980,1380.16
quat3,0.28003,-0.46204,-0.54100,-0.64453,1380.16
quat4,-0.08280,0.64733,0.74219,0.15252,1380.16
quat5,0.00000,0.63253,0.00000,0.77454,1380.16
quat6,0.00000,0.63253,0.00000,0.77454,1380.16
quat7,0.00000,0.63253,0.00000,0.77454,1380.16
quat8,0.00000,0.63253,0.00000,0.77454,1380.16
quat0,-0.72821,0.16314,-0.66555,-0.01202,1380.18
quat1,-0.51075,0.46494,0.42169,0.58749,1380.18
quat2,0.68052,0.05056,-0.15616,-0.71411,1380.18
quat3,0.27526,-0.46653,-0.51829,-0.66179,1380.18
quat4,-0.09144,0.66790,0.71850,0.17122,1380.18
quat5,0.00000,0.63253,0.00000,0.77454,1380.18
quat6,0.00000,0.63253,0.00000,0.77454,1380.18
quat7,0.00000,0.63253,0.00000,0.77454,1380.18
quat8,0.00000,0.63253,0.00000,0.77454,1380.18
quat0,-0.73679,0.15250,-0.65869,-0.00158,1380.2
quat1,-0.48926,0.48293,0.41274,0.59754,1380.2
quat2,0.65449,0.04336,-0.15626,-0.73848,1380.2
quat3,0.26781,-0.47014,-0.49357,-0.68091,1380.2
quat4,-0.09867,0.68879,0.69261,0.19005,1380.2
quat5,0.00000,0.63253,0.00000,0.77454,1380.2
quat6,0.00000,0.63253,0.00000,0.77454,1380.2
quat7,0.00000,0.63253,0.00000,0.77454,1380.2
quat8,0.00000,0.63253,0.00000,0.77454,1380.2
quat0,-0.73205,0.13856,-0.66692,0.01123,1380.22
quat1,-0.46599,0.50218,0.40347,0.60653,1380.22
quat2,0.62589,0.03639,-0.15472,-0.76355,1380.22
quat3,0.25866,-0.47241,-0.46687,-0.70139,1380.22
quat4,-0.10355,0.70993,0.66514,0.20705,1380.22
quat5,0.00000,0.63253,0.00000,0.77454,1380.22
quat6,0.00000,0.63253,0.00000,0.77454,1380.22
quat7,0.00000,0.63253,0.00000,0.77454,1380.22
quat8,0.00000,0.63253,0.00000,0.77454,1380.22
quat0,-0.74043,0.14919,-0.65530,0.00946,1380.24
quat1,-0.44230,0.52082,0.39433,0.61451,1380.24
quat2,0.59513,0.03207,-0.14876,-0.78909,1380.24
quat3,0.24862,-0.47304,-0.43888,-0.72236,1380.24
quat4,-0.10660,0.73210,0.63497,0.22244,1380.24
quat5,0.00000,0.63253,0.00000,0.77454,1380.24
quat6,0.00000,0.63253,0.00000,0.77454,1380.24
quat7,0.00000,0.63253,0.00000,0.77454,1380.24
quat8,0.00000,0.63253,0.00000,0.77454,1380.24
quat0,-0.73190,0.15467,-0.66360,0.00585,1380.26
quat1,-0.42083,0.53644,0.38387,0.62271,1380.26
quat2,0.56694,0.03387,-0.13642,-0.81168,1380.26
quat3,0.23676,-0.47068,-0.41278,-0.74298,1380.26
quat4,-0.10774,0.75523,0.60267,0.23411,1380.26
quat5,0.00000,0.63253,0.00000,0.77454,1380.26
quat6,0.00000,0.63253,0.00000,0.77454,1380.26
quat7,0.00000,0.63253,0.00000,0.77454,1380.26
quat8,0.00000,0.63253,0.00000,0.77454,1380.26
quat0,-0.73368,0.16029,-0.66032,0.00138,1380.28
quat1,-0.40251,0.54631,0.36997,0.63456,1380.28
quat2,0.53921,0.03606,-0.12498,-0.83207,1380.28
quat3,0.22164,-0.46869,-0.38844,-0.76179,1380.28
quat4,-0.10855,0.77795,0.56927,0.24278,1380.28
quat5,0.00000,0.63253,0.00000,0.77454,1380.28
quat6,0.00000,0.63253,0.00000,0.77454,1380.28
quat7,0.00000,0.63253,0.00000,0.77454,1380.28
quat8,0.00000,0.63253,0.00000,0.77454,1380.28
quat0,-0.75365,0.15817,-0.63791,0.00812,1380.3
quat1,-0.38422,0.55513,0.35391,0.64727,1380.3
quat2,0.50859,0.03472,-0.11673,-0.85235,1380.3
quat3,0.20260,-0.46989,-0.36826,-0.77623,1380.3
quat4,-0.11023,0.79917,0.53497,0.25095,1380.3
quat5,0.00000,0.63253,0.00000,0.77454,1380.3
quat6,0.00000,0.63253,0.00000,0.77454,1380.3
quat7,0.00000,0.63253,0.00000,0.77454,1380.3
quat8,0.00000,0.63253,0.00000,0.77454,1380.3
quat0,-0.73137,0.13898,-0.66761,0.00940,1380.32
quat1,-0.36244,0.56510,0.33965,0.65874,1380.32
quat2,0.47547,0.03301,-0.10835,-0.87241,1380.32
quat3,0.18138,-0.47323,-0.34942,-0.78807,1380.32
quat4,-0.11154,0.82036,0.49807,0.25787,1380.32
quat5,0.00000,0.63253,0.00000,0.77454,1380.32
quat6,0.00000,0.63253,0.00000,0.77454,1380.32
quat7,0.00000,0.63253,0.00000,0.77454,1380.32
quat8,0.00000,0.63253,0.00000,0.77454,1380.32
quat0,-0.73946,0.15368,-0.65542,0.00026,1380.34
quat1,-0.34146,0.57483,0.32348,0.66958,1380.34
quat2,0.44333,0.03330,-0.10109,-0.89002,1380.34
quat3,0.16141,-0.47613,-0.32935,-0.79923,1380.34
quat4,-0.11245,0.84087,0.46067,0.26090,1380.34
quat5,0.00000,0.63253,0.00000,0.77454,1380.34
quat6,0.00000,0.63253,0.00000,0.77454,1380.34
quat7,0.00000,0.63253,0.00000,0.77454,1380.34
quat8,0.00000,0.63253,0.00000,0.77454,1380.34
quat0,-0.74159,0.16681,-0.64979,-0.00105,1380.36
quat1,-0.32183,0.58441,0.30588,0.67921,1380.36
quat2,0.41080,0.03411,-0.09705,-0.90590,1380.36
quat3,0.14180,-0.47921,-0.30986,-0.80885,1380.36
quat4,-0.11367,0.86059,0.42202,0.26146,1380.36
quat5,0.00000,0.63253,0.00000,0.77454,1380.36
quat6,0.00000,0.63253,0.00000,0.77454,1380.36
quat7,0.00000,0.63253,0.00000,0.77454,1380.36
quat8,0.00000,0.63253,0.00000,0.77454,1380.36
quat0,-0.73817,0.14613,-0.65846,0.01374,1380.38
quat1,-0.30226,0.59547,0.28947,0.68576,1380.38
quat2,0.37714,0.03400,-0.09416,-0.92073,1380.38
quat3,0.12144,-0.48445,-0.29212,-0.81561,1380.38
quat4,-0.11632,0.87787,0.38354,0.26214,1380.38
quat5,0.00000,0.63253,0.00000,0.77454,1380.38
quat6,0.00000,0.63253,0.00000,0.77454,1380.38
quat7,0.00000,0.63253,0.00000,0.77454,1380.38
quat8,0.00000,0.63253,0.00000,0.77454,1380.38
quat0,-0.73937,0.14080,-0.65817,0.01780,1380.4
quat1,-0.28267,0.60568,0.27274,0.69200,1380.4
quat2,0.34145,0.03152,-0.08924,-0.93512,1380.4
quat3,0.10068,-0.49167,-0.27436,-0.82028,1380.4
quat4,-0.12151,0.89189,0.34448,0.26664,1380.4
quat5,0.00000,0.63253,0.00000,0.77454,1380.4
quat6,0.00000,0.63253,0.00000,0.77454,1380.4
quat7,0.00000,0.63253,0.00000,0.77454,1380.4
quat8,0.00000,0.63253,0.00000,0.77454,1380.4
quat0,-0.74669,0.15094,-0.64779,0.00630,1380.42
quat1,-0.26393,0.61508,0.25326,0.69848,1380.42
quat2,0.30746,0.02971,-0.08313,-0.94746,1380.42
quat3,0.08315,-0.49713,-0.25517,-0.82513,1380.42
quat4,-0.12742,0.90298,0.30606,0.27334,1380.42
quat5,0.00000,0.63253,0.00000,0.77454,1380.42
quat6,0.00000,0.63253,0.00000,0.77454,1380.42
quat7,0.00000,0.63253,0.00000,0.77454,1380.42
quat8,0.00000,0.63253,0.00000,0.77454,1380.42
quat0,-0.74915,0.15083,-0.64495,0.00745,1380.44
quat1,-0.24311,0.62457,0.23473,0.70407,1380.44
quat2,0.27196,0.02737,-0.07914,-0.95866,1380.44
quat3,0.06800,-0.50229,-0.23537,-0.82927,1380.44
quat4,-0.13269,0.91255,0.26900,0.27799,1380.44
quat5,0.00000,0.63253,0.00000,0.77454,1380.44
quat6,0.00000,0.63253,0.00000,0.77454,1380.44
quat7,0.00000,0.63253,0.00000,0.77454,1380.44
quat8,0.00000,0.63253,0.00000,0.77454,1380.44
quat0,-0.75090,0.14173,-0.64468,0.02113,1380.46
quat1,-0.22290,0.63190,0.21779,0.70964,1380.46
quat2,0.23664,0.02689,-0.07429,-0.96838,1380.46
quat3,0.05306,-0.50855,-0.21666,-0.83164,1380.46
quat4,-0.13809,0.91947,0.23656,0.28202,1380.46
quat5,0.00000,0.63253,0.00000,0.77454,1380.46
quat6,0.00000,0.63253,0.00000,0.77454,1380.46
quat7,0.00000,0.63253,0.00000,0.77454,1380.46
quat8,0.00000,0.63253,0.00000,0.77454,1380.46
quat0,-0.75562,0.14298,-0.63894,0.01882,1380.48
quat1,-0.20604,0.63876,0.20007,0.71380,1380.48
quat2,0.20191,0.03239,-0.06718,-0.97656,1380.48
quat3,0.04009,-0.51174,-0.19942,-0.83471,1380.48
quat4,-0.14417,0.92388,0.20647,0.28816,1380.48
quat5,0.00000,0.63253,0.00000,0.77454,1380.48
quat6,0.00000,0.63253,0.00000,0.77454,1380.48
quat7,0.00000,0.63253,0.00000,0.77454,1380.48
quat8,0.00000,0.63253,0.00000,0.77454,1380.48
quat0,-0.75713,0.13732,-0.63839,0.01883,1380.5
quat1,-0.19282,0.64277,0.18053,0.71908,1380.5
quat2,0.17116,0.03991,-0.06140,-0.98252,1380.5
quat3,0.02937,-0.50991,-0.18426,-0.83975,1380.5
quat4,-0.14959,0.92788,0.18125,0.28951,1380.5
quat5,0.00000,0.63253,0.00000,0.77454,1380.5
quat6,0.00000,0.63253,0.00000,0.77454,1380.5
quat7,0.00000,0.63253,0.00000,0.77454,1380.5
quat8,0.00000,0.63253,0.00000,0.77454,1380.5
quat0,-0.75054,0.13390,-0.64668,0.02392,1380.52
quat1,-0.17889,0.64353,0.16273,0.72621,1380.52
quat2,0.13954,0.04248,-0.05907,-0.98754,1380.52
quat3,0.02036,-0.50587,-0.17198,-0.84505,1380.52
quat4,-0.15493,0.93180,0.15972,0.28678,1380.52
quat5,0.00000,0.63253,0.00000,0.77454,1380.52
quat6,0.00000,0.63253,0.00000,0.77454,1380.52
quat7,0.00000,0.63253,0.00000,0.77454,1380.52
quat8,0.00000,0.63253,0.00000,0.77454,1380.52
quat0,-0.76284,0.12896,-0.63322,0.02177,1380.54
quat1,-0.16674,0.64057,0.14941,0.73454,1380.54
quat2,0.11043,0.04295,-0.05797,-0.99126,1380.54
quat3,0.01262,-0.50552,-0.16509,-0.84678,1380.54
quat4,-0.15964,0.93489,0.14350,0.28266,1380.54
quat5,0.00000,0.63253,0.00000,0.77454,1380.54
quat6,0.00000,0.63253,0.00000,0.77454,1380.54
quat7,0.00000,0.63253,0.00000,0.77454,1380.54
quat8,0.00000,0.63253,0.00000,0.77454,1380.54
quat0,-0.75583,0.11297,-0.64449,0.02439,1380.56
quat1,-0.16111,0.63063,0.13955,0.74624,1380.56
quat2,0.09061,0.04965,-0.05610,-0.99306,1380.56
quat3,0.00745,-0.51162,-0.16175,-0.84382,1380.56
quat4,-0.16515,0.93423,0.13383,0.28642,1380.56
quat5,0.00000,0.63253,0.00000,0.77454,1380.56
quat6,0.00000,0.63253,0.00000,0.77454,1380.56
quat7,0.00000,0.63253,0.00000,0.77454,1380.56
quat8,0.00000,0.63253,0.00000,0.77454,1380.56
quat0,-0.75856,0.09899,-0.64338,0.02935,1380.58
quat1,-0.16246,0.61434,0.13411,0.76040,1380.58
quat2,0.08420,0.05407,-0.05473,-0.99347,1380.58
quat3,0.00773,-0.52118,-0.16295,-0.83771,1380.58
quat4,-0.16376,0.93343,0.13169,0.29079,1380.58
quat5,0.00000,0.63253,0.00000,0.77454,1380.58
quat6,0.00000,0.63253,0.00000,0.77454,1380.58
quat7,0.00000,0.63253,0.00000,0.77454,1380.58
quat8,0.00000,0.63253,0.00000,0.77454,1380.58
quat0,-0.75798,0.13660,-0.63772,0.01103,1380.6
quat1,-0.16741,0.59663,0.13784,0.77266,1380.6
quat2,0.08958,0.05622,-0.05495,-0.99287,1380.6
quat3,0.01188,-0.52829,-0.17009,-0.83177,1380.6
quat4,-0.16267,0.93191,0.13816,0.29325,1380.6
quat5,0.00000,0.63253,0.00000,0.77454,1380.6
quat6,0.00000,0.63253,0.00000,0.77454,1380.6
quat7,0.00000,0.63253,0.00000,0.77454,1380.6
quat8,0.00000,0.63253,0.00000,0.77454,1380.6
quat0,-0.76175,0.13876,-0.63263,0.01638,1380.62
quat1,-0.17791,0.58708,0.14824,0.77570,1380.62
quat2,0.10418,0.05054,-0.05986,-0.99147,1380.62
quat3,0.02001,-0.53080,-0.18273,-0.82732,1380.62
quat4,-0.15537,0.93560,0.15457,0.27678,1380.62
quat5,0.00000,0.63253,0.00000,0.77454,1380.62
quat6,0.00000,0.63253,0.00000,0.77454,1380.62
quat7,0.00000,0.63253,0.00000,0.77454,1380.62
quat8,0.00000,0.63253,0.00000,0.77454,1380.62
quat0,-0.75824,0.13452,-0.63759,0.02140,1380.64
quat1,-0.19548,0.58385,0.16379,0.77077,1380.64
quat2,0.13302,0.05817,-0.06345,-0.98737,1380.64
quat3,0.03310,-0.53179,-0.19936,-0.82241,1380.64
quat4,-0.14388,0.93960,0.18033,0.25284,1380.64
quat5,0.00000,0.63253,0.00000,0.77454,1380.64
quat6,0.00000,0.63253,0.00000,0.77454,1380.64
quat7,0.00000,0.63253,0.00000,0.77454,1380.64
quat8,0.00000,0.63253,0.00000,0.77454,1380.64
quat0,-0.76080,0.15244,-0.63067,0.01443,1380.66
quat1,-0.21655,0.57867,0.18506,0.76420,1380.66
quat2,0.16931,0.06290,-0.06651,-0.98130,1380.66
quat3,0.05152,-0.53264,-0.22127,-0.81528,1380.66
quat4,-0.12894,0.94053,0.21170,0.23230,1380.66
quat5,0.00000,0.63253,0.00000,0.77454,1380.66
quat6,0.00000,0.63253,0.00000,0.77454,1380.66
quat7,0.00000,0.63253,0.00000,0.77454,1380.66
quat8,0.00000,0.63253,0.00000,0.77454,1380.66
quat0,-0.75988,0.15974,-0.62998,0.01347,1380.68
quat1,-0.24025,0.57121,0.21079,0.75602,1380.68
quat2,0.21227,0.06145,-0.07189,-0.97262,1380.68
quat3,0.07333,-0.52989,-0.24705,-0.80797,1380.68
quat4,-0.11459,0.93584,0.25064,0.21966,1380.68
quat5,0.00000,0.63253,0.00000,0.77454,1380.68
quat6,0.00000,0.63253,0.00000,0.77454,1380.68
quat7,0.00000,0.63253,0.00000,0.77454,1380.68
quat8,0.00000,0.63253,0.00000,0.77454,1380.68
quat0,-0.75889,0.16904,-0.62887,0.00534,1380.7
quat1,-0.26669,0.56214,0.23830,0.74571,1380.7
quat2,0.25903,0.05642,-0.07810,-0.96105,1380.7
quat3,0.09773,-0.52376,-0.27397,-0.80067,1380.7
quat4,-0.10203,0.92601,0.29430,0.21326,1380.7
quat5,0.00000,0.63253,0.00000,0.77454,1380.7
quat6,0.00000,0.63253,0.00000,0.77454,1380.7
quat7,0.00000,0.63253,0.00000,0.77454,1380.7
quat8,0.00000,0.63253,0.00000,0.77454,1380.7
quat0,-0.75453,0.17513,-0.63244,-0.00608,1380.72
quat1,-0.29439,0.55469,0.26687,0.73105,1380.72
quat2,0.31006,0.05141,-0.08513,-0.94550,1380.72
quat3,0.12347,-0.51616,-0.30269,-0.79165,1380.72
quat4,-0.09178,0.91075,0.34232,0.21197,1380.72
quat5,0.00000,0.63253,0.00000,0.77454,1380.72
quat6,0.00000,0.63253,0.00000,0.77454,1380.72
quat7,0.00000,0.63253,0.00000,0.77454,1380.72
quat8,0.00000,0.63253,0.00000,0.77454,1380.72
quat0,-0.75602,0.16630,-0.63304,-0.00626,1380.74
quat1,-0.32089,0.54846,0.29497,0.71359,1380.74
quat2,0.36050,0.04590,-0.09211,-0.92706,1380.74
quat3,0.14906,-0.50787,-0.33241,-0.78061,1380.74
quat4,-0.08521,0.89136,0.39125,0.21246,1380.74
quat5,0.00000,0.63253,0.00000,0.77454,1380.74
quat6,0.00000,0.63253,0.00000,0.77454,1380.74
quat7,0.00000,0.63253,0.00000,0.77454,1380.74
quat8,0.00000,0.63253,0.00000,0.77454,1380.74
quat0,-0.75426,0.16914,-0.63430,-0.01198,1380.76
quat1,-0.34688,0.54018,0.32122,0.69620,1380.76
quat2,0.40928,0.03828,-0.10059,-0.90604,1380.76
quat3,0.17315,-0.49850,-0.36068,-0.76904,1380.76
quat4,-0.08173,0.86867,0.44090,0.21060,1380.76
quat5,0.00000,0.63253,0.00000,0.77454,1380.76
quat6,0.00000,0.63253,0.00000,0.77454,1380.76
quat7,0.00000,0.63253,0.00000,0.77454,1380.76
quat8,0.00000,0.63253,0.00000,0.77454,1380.76
quat0,-0.76003,0.16251,-0.62917,-0.00950,1380.78
quat1,-0.37269,0.52889,0.34478,0.68007,1380.78
quat2,0.45428,0.03043,-0.11123,-0.88337,1380.78
quat3,0.19495,-0.48852,-0.38694,-0.75737,1380.78
quat4,-0.08228,0.84327,0.48850,0.20855,1380.78
quat5,0.00000,0.63253,0.00000,0.77454,1380.78
quat6,0.00000,0.63253,0.00000,0.77454,1380.78
quat7,0.00000,0.63253,0.00000,0.77454,1380.78
quat8,0.00000,0.63253,0.00000,0.77454,1380.78
quat0,-0.74728,0.15978,-0.64491,-0.01145,1380.8
quat1,-0.39758,0.51532,0.36584,0.66524,1380.8
quat2,0.49684,0.02457,-0.12277,-0.85876,1380.8
quat3,0.21314,-0.47967,-0.41301,-0.74425,1380.8
quat4,-0.08671,0.81507,0.53473,0.20544,1380.8
quat5,0.00000,0.63253,0.00000,0.77454,1380.8
quat6,0.00000,0.63253,0.00000,0.77454,1380.8
quat7,0.00000,0.63253,0.00000,0.77454,1380.8
quat8,0.00000,0.63253,0.00000,0.77454,1380.8
quat0,-0.75205,0.14527,-0.64290,0.00139,1380.82
quat1,-0.42141,0.50226,0.38452,0.64985,1380.82
quat2,0.53675,0.02224,-0.13286,-0.83292,1380.82
quat3,0.22797,-0.47168,-0.43725,-0.73100,1380.82
quat4,-0.09424,0.78511,0.57809,0.20133,1380.82
quat5,0.00000,0.63253,0.00000,0.77454,1380.82
quat6,0.00000,0.63253,0.00000,0.77454,1380.82
quat7,0.00000,0.63253,0.00000,0.77454,1380.82
quat8,0.00000,0.63253,0.00000,0.77454,1380.82
quat0,-0.75078,0.14202,-0.64503,0.00988,1380.84
quat1,-0.44333,0.49111,0.40234,0.63276,1380.84
quat2,0.57436,0.02255,-0.14125,-0.80601,1380.84
quat3,0.24155,-0.46229,-0.45934,-0.71899,1380.84
quat4,-0.10222,0.75441,0.61859,0.19431,1380.84
quat5,0.00000,0.63253,0.00000,0.77454,1380.84
quat6,0.00000,0.63253,0.00000,0.77454,1380.84
quat7,0.00000,0.63253,0.00000,0.77454,1380.84
quat8,0.00000,0.63253,0.00000,0.77454,1380.84
quat0,-0.75110,0.13951,-0.64527,0.00358,1380.86
quat1,-0.46305,0.48120,0.41801,0.61588,1380.86
quat2,0.60932,0.02525,-0.14808,-0.77856,1380.86
quat3,0.25400,-0.45129,-0.48117,-0.70732,1380.86
quat4,-0.10815,0.72466,0.65544,0.18324,1380.86
quat5,0.00000,0.63253,0.00000,0.77454,1380.86
quat6,0.00000,0.63253,0.00000,0.77454,1380.86
quat7,0.00000,0.63253,0.00000,0.77454,1380.86
quat8,0.00000,0.63253,0.00000,0.77454,1380.86
quat0,-0.74932,0.13815,-0.64764,0.00107,1380.88
quat1,-0.47965,0.47378,0.43185,0.59914,1380.88
quat2,0.64126,0.02917,-0.15452,-0.75104,1380.88
quat3,0.26406,-0.44218,-0.50354,-0.69368,1380.88
quat4,-0.10980,0.69641,0.68875,0.16906,1380.88
quat5,0.00000,0.63253,0.00000,0.77454,1380.88
quat6,0.00000,0.63253,0.00000,0.77454,1380.88
quat7,0.00000,0.63253,0.00000,0.77454,1380.88
quat8,0.00000,0.63253,0.00000,0.77454,1380.88
quat0,-0.74484,0.12390,-0.65559,0.00839,1380.9
quat1,-0.49221,0.46889,0.44501,0.58295,1380.9
quat2,0.66956,0.03313,-0.16134,-0.72426,1380.9
quat3,0.27210,-0.43460,-0.52479,-0.67947,1380.9
quat4,-0.10751,0.66899,0.71912,0.15413,1380.9
quat5,0.00000,0.63253,0.00000,0.77454,1380.9
quat6,0.00000,0.63253,0.00000,0.77454,1380.9
quat7,0.00000,0.63253,0.00000,0.77454,1380.9
quat8,0.00000,0.63253,0.00000,0.77454,1380.9
quat0,-0.75243,0.12225,-0.64706,0.01465,1380.92
quat1,-0.50475,0.46408,0.45465,0.56846,1380.92
quat2,0.69394,0.03662,-0.16785,-0.69924,1380.92
quat3,0.27849,-0.42863,-0.54320,-0.66607,1380.92
quat4,-0.10367,0.64281,0.74583,0.14063,1380.92
quat5,0.00000,0.63253,0.00000,0.77454,1380.92
quat6,0.00000,0.63253,0.00000,0.77454,1380.92
quat7,0.00000,0.63253,0.00000,0.77454,1380.92
quat8,0.00000,0.63253,0.00000,0.77454,1380.92
quat0,-0.74947,0.11631,-0.65146,0.01906,1380.94
quat1,-0.51868,0.45748,0.45955,0.55722,1380.94
quat2,0.71553,0.03915,-0.17392,-0.67545,1380.94
quat3,0.28454,-0.42338,-0.55871,-0.65394,1380.94
quat4,-0.10066,0.61773,0.76914,0.12923,1380.94
quat5,0.00000,0.63253,0.00000,0.77454,1380.94
quat6,0.00000,0.63253,0.00000,0.77454,1380.94
quat7,0.00000,0.63253,0.00000,0.77454,1380.94
quat8,0.00000,0.63253,0.00000,0.77454,1380.94
quat0,-0.74303,0.10751,-0.66000,0.02733,1380.96
quat1,-0.53096,0.45061,0.46244,0.54879,1380.96
quat2,0.73364,0.04059,-0.17986,-0.65405,1380.96
quat3,0.28953,-0.41803,-0.57329,-0.64247,1380.96
quat4,-0.09813,0.59501,0.78864,0.11994,1380.96
quat5,0.00000,0.63253,0.00000,0.77454,1380.96
quat6,0.00000,0.63253,0.00000,0.77454,1380.96
quat7,0.00000,0.63253,0.00000,0.77454,1380.96
quat8,0.00000,0.63253,0.00000,0.77454,1380.96
quat0,-0.75405,0.10489,-0.64764,0.03115,1380.98
quat1,-0.54195,0.44462,0.46433,0.54129,1380.98
quat2,0.74905,0.04085,-0.18520,-0.63479,1380.98
quat3,0.29060,-0.41445,-0.58805,-0.63085,1380.98
quat4,-0.09625,0.57443,0.80504,0.11254,1380.98
quat5,0.00000,0.63253,0.00000,0.77454,1380.98
quat6,0.00000,0.63253,0.00000,0.77454,1380.98
quat7,0.00000,0.63253,0.00000,0.77454,1380.98
quat8,0.00000,0.63253,0.00000,0.77454,1380.98
quat0,-0.74891,0.10326,-0.65367,0.03434,1381
quat1,-0.55269,0.43917,0.46487,0.53438,1381
quat2,0.76213,0.04096,-0.18910,-0.61783,1381
quat3,0.28761,-0.41244,-0.60257,-0.61975,1381
quat4,-0.09378,0.55677,0.81852,0.10601,1381
quat5,0.00000,0.63253,0.00000,0.77454,1381
quat6,0.00000,0.63253,0.00000,0.77454,1381
quat7,0.00000,0.63253,0.00000,0.77454,1381
quat8,0.00000,0.63253,0.00000,0.77454,1381
quat0,-0.74584,0.10625,-0.65658,0.03649,1381.02
quat1,-0.56351,0.43261,0.46311,0.52993,1381.02
quat2,0.77299,0.04135,-0.19041,-0.60376,1381.02
quat3,0.28238,-0.41065,-0.61592,-0.61015,1381.02
quat4,-0.08993,0.54239,0.82931,0.09984,1381.02
quat5,0.00000,0.63253,0.00000,0.77454,1381.02
quat6,0.00000,0.63253,0.00000,0.77454,1381.02
quat7,0.00000,0.63253,0.00000,0.77454,1381.02
quat8,0.00000,0.63253,0.00000,0.77454,1381.02
quat0,-0.74400,0.10690,-0.65865,0.03490,1381.04
quat1,-0.57274,0.42694,0.46112,0.52636,1381.04
quat2,0.78249,0.04258,-0.18746,-0.59225,1381.04
quat3,0.27674,-0.40858,-0.62721,-0.60257,1381.04
quat4,-0.08385,0.53184,0.83744,0.09384,1381.04
quat5,0.00000,0.63253,0.00000,0.77454,1381.04
quat6,0.00000,0.63253,0.00000,0.77454,1381.04
quat7,0.00000,0.63253,0.00000,0.77454,1381.04
quat8,0.00000,0.63253,0.00000,0.77454,1381.04
quat0,-0.74430,0.09571,-0.65956,0.04277,1381.06
quat1,-0.57937,0.42260,0.46031,0.52331,1381.06
quat2,0.79039,0.04391,-0.18248,-0.58315,1381.06
quat3,0.27116,-0.40638,-0.63647,-0.59685,1381.06
quat4,-0.07606,0.52465,0.84324,0.08890,1381.06
quat5,0.00000,0.63253,0.00000,0.77454,1381.06
quat6,0.00000,0.63253,0.00000,0.77454,1381.06
quat7,0.00000,0.63253,0.00000,0.77454,1381.06
quat8,0.00000,0.63253,0.00000,0.77454,1381.06
quat0,-0.74162,0.10499,-0.66167,0.03437,1381.08
quat1,-0.58426,0.41971,0.45927,0.52112,1381.08
quat2,0.79584,0.04386,-0.17797,-0.57709,1381.08
quat3,0.26530,-0.40420,-0.64362,-0.59329,1381.08
quat4,-0.06845,0.52010,0.84702,0.08579,1381.08
quat5,0.00000,0.63253,0.00000,0.77454,1381.08
quat6,0.00000,0.63253,0.00000,0.77454,1381.08
quat7,0.00000,0.63253,0.00000,0.77454,1381.08
quat8,0.00000,0.63253,0.00000,0.77454,1381.08
quat0,-0.74568,0.10011,-0.65776,0.03604,1381.1
quat1,-0.58698,0.41867,0.45809,0.51993,1381.1
quat2,0.79907,0.04306,-0.17421,-0.57384,1381.1
quat3,0.26136,-0.40197,-0.64701,-0.59287,1381.1
quat4,-0.06281,0.51768,0.84900,0.08518,1381.1
quat5,0.00000,0.63253,0.00000,0.77454,1381.1
quat6,0.00000,0.63253,0.00000,0.77454,1381.1
quat7,0.00000,0.63253,0.00000,0.77454,1381.1
quat8,0.00000,0.63253,0.00000,0.77454,1381.1
quat0,-0.74035,0.10245,-0.66356,0.03273,1381.12
quat1,-0.58736,0.42051,0.45730,0.51871,1381.12
quat2,0.79993,0.04229,-0.17073,-0.57374,1381.12
quat3,0.25944,-0.40036,-0.64662,-0.59522,1381.12
quat4,-0.05985,0.51771,0.84895,0.08760,1381.12
quat5,0.00000,0.63253,0.00000,0.77454,1381.12
quat6,0.00000,0.63253,0.00000,0.77454,1381.12
quat7,0.00000,0.63253,0.00000,0.77454,1381.12
quat8,0.00000,0.63253,0.00000,0.77454,1381.12
quat0,-0.74502,0.10516,-0.65788,0.03287,1381.14
quat1,-0.58516,0.42311,0.45731,0.51908,1381.14
quat2,0.79835,0.04203,-0.16602,-0.57733,1381.14
quat3,0.25820,-0.40013,-0.64305,-0.59976,1381.14
quat4,-0.05914,0.52085,0.84651,0.09298,1381.14
quat5,0.00000,0.63253,0.00000,0.77454,1381.14
quat6,0.00000,0.63253,0.00000,0.77454,1381.14
quat7,0.00000,0.63253,0.00000,0.77454,1381.14
quat8,0.00000,0.63253,0.00000,0.77454,1381.14
quat0,-0.74399,0.10726,-0.65867,0.03356,1381.16
quat1,-0.58253,0.42637,0.45541,0.52102,1381.16
quat2,0.79497,0.04244,-0.15976,-0.58370,1381.16
quat3,0.25734,-0.40110,-0.63647,-0.60646,1381.16
quat4,-0.05937,0.52693,0.84190,0.10006,1381.16
quat5,0.00000,0.63253,0.00000,0.77454,1381.16
quat6,0.00000,0.63253,0.00000,0.77454,1381.16
quat7,0.00000,0.63253,0.00000,0.77454,1381.16
quat8,0.00000,0.63253,0.00000,0.77454,1381.16
quat0,-0.74068,0.11069,-0.66208,0.02804,1381.18
quat1,-0.57816,0.43083,0.45239,0.52485,1381.18
quat2,0.78904,0.04289,-0.15381,-0.59323,1381.18
quat3,0.25511,-0.40310,-0.62829,-0.61456,1381.18
quat4,-0.06010,0.53621,0.83485,0.10909,1381.18
quat5,0.00000,0.63253,0.00000,0.77454,1381.18
quat6,0.00000,0.63253,0.00000,0.77454,1381.18
quat7,0.00000,0.63253,0.00000,0.77454,1381.18
quat8,0.00000,0.63253,0.00000,0.77454,1381.18
quat0,-0.73786,0.10970,-0.66537,0.02856,1381.2
quat1,-0.57218,0.43590,0.44859,0.53045,1381.2
quat2,0.78054,0.04309,-0.14820,-0.60576,1381.2
quat3,0.25171,-0.40657,-0.61808,-0.62395,1381.2
quat4,-0.06057,0.54820,0.82549,0.11990,1381.2
quat5,0.00000,0.63253,0.00000,0.77454,1381.2
quat6,0.00000,0.63253,0.00000,0.77454,1381.2
quat7,0.00000,0.63253,0.00000,0.77454,1381.2
quat8,0.00000,0.63253,0.00000,0.77454,1381.2
quat0,-0.73800,0.11971,-0.66372,0.02210,1381.22
quat1,-0.56509,0.44175,0.44345,0.53747,1381.22
quat2,0.76932,0.04339,-0.14276,-0.62119,1381.22
quat3,0.24888,-0.41141,-0.60536,-0.63431,1381.22
quat4,-0.06127,0.56267,0.81366,0.13269,1381.22
quat5,0.00000,0.63253,0.00000,0.77454,1381.22
quat6,0.00000,0.63253,0.00000,0.77454,1381.22
quat7,0.00000,0.63253,0.00000,0.77454,1381.22
quat8,0.00000,0.63253,0.00000,0.77454,1381.22
quat0,-0.73523,0.12958,-0.66520,0.01238,1381.24
quat1,-0.55672,0.44812,0.43719,0.54600,1381.24
quat2,0.75580,0.04312,-0.13798,-0.63865,1381.24
quat3,0.24536,-0.41580,-0.59151,-0.64578,1381.24
quat4,-0.06285,0.57909,0.79945,0.14691,1381.24
quat5,0.00000,0.63253,0.00000,0.77454,1381.24
quat6,0.00000,0.63253,0.00000,0.77454,1381.24
quat7,0.00000,0.63253,0.00000,0.77454,1381.24
quat8,0.00000,0.63253,0.00000,0.77454,1381.24
quat0,-0.73160,0.11872,-0.67096,0.02195,1381.26
quat1,-0.54627,0.45544,0.43098,0.55536,1381.26
quat2,0.74013,0.04110,-0.13580,-0.65732,1381.26
quat3,0.24142,-0.42044,-0.57605,-0.65811,1381.26
quat4,-0.06515,0.59706,0.78292,0.16222,1381.26
quat5,0.00000,0.63253,0.00000,0.77454,1381.26
quat6,0.00000,0.63253,0.00000,0.77454,1381.26
quat7,0.00000,0.63253,0.00000,0.77454,1381.26
quat8,0.00000,0.63253,0.00000,0.77454,1381.26
quat0,-0.72905,0.12587,-0.67256,0.01749,1381.28
quat1,-0.53389,0.46498,0.42468,0.56427,1381.28
quat2,0.72152,0.03649,-0.13803,-0.67752,1381.28
quat3,0.23498,-0.42488,-0.56155,-0.67002,1381.28
quat4,-0.06742,0.61605,0.76443,0.17773,1381.28
quat5,0.00000,0.63253,0.00000,0.77454,1381.28
quat6,0.00000,0.63253,0.00000,0.77454,1381.28
quat7,0.00000,0.63253,0.00000,0.77454,1381.28
quat8,0.00000,0.63253,0.00000,0.77454,1381.28
quat0,-0.73200,0.14564,-0.66555,0.00177,1381.3
quat1,-0.52006,0.47650,0.41796,0.57253,1381.3
quat2,0.69982,0.03012,-0.14196,-0.69942,1381.3
quat3,0.22618,-0.42896,-0.54657,-0.68271,1381.3
quat4,-0.06841,0.63628,0.74407,0.19188,1381.3
quat5,0.00000,0.63253,0.00000,0.77454,1381.3
quat6,0.00000,0.63253,0.00000,0.77454,1381.3
quat7,0.00000,0.63253,0.00000,0.77454,1381.3
quat8,0.00000,0.63253,0.00000,0.77454,1381.3
quat0,-0.73100,0.15467,-0.66460,-0.00420,1381.32
quat1,-0.50548,0.48867,0.40990,0.58110,1381.32
quat2,0.67638,0.02311,-0.14545,-0.72168,1381.32
quat3,0.21953,-0.43325,-0.52733,-0.69716,1381.32
quat4,-0.07093,0.65627,0.72235,0.20614,1381.32
quat5,0.00000,0.63253,0.00000,0.77454,1381.32
quat6,0.00000,0.63253,0.00000,0.77454,1381.32
quat7,0.00000,0.63253,0.00000,0.77454,1381.32
quat8,0.00000,0.63253,0.00000,0.77454,1381.32
quat0,-0.73402,0.15289,-0.66169,0.00322,1381.34
quat1,-0.49031,0.50073,0.39886,0.59142,1381.34
quat2,0.65144,0.01573,-0.14843,-0.74388,1381.34
quat3,0.21791,-0.43318,-0.50078,-0.71700,1381.34
quat4,-0.08145,0.67335,0.69872,0.22749,1381.34
quat5,0.00000,0.63253,0.00000,0.77454,1381.34
quat6,0.00000,0.63253,0.00000,0.77454,1381.34
quat7,0.00000,0.63253,0.00000,0.77454,1381.34
quat8,0.00000,0.63253,0.00000,0.77454,1381.34
quat0,-0.74871,0.13681,-0.64857,0.00837,1381.36
quat1,-0.47235,0.51499,0.38661,0.60183,1381.36
quat2,0.62301,0.00842,-0.15161,-0.76733,1381.36
quat3,0.21933,-0.42958,-0.46834,-0.74028,1381.36
quat4,-0.09957,0.68769,0.67187,0.25643,1381.36
quat5,0.00000,0.63253,0.00000,0.77454,1381.36
quat6,0.00000,0.63253,0.00000,0.77454,1381.36
quat7,0.00000,0.63253,0.00000,0.77454,1381.36
quat8,0.00000,0.63253,0.00000,0.77454,1381.36
quat0,-0.75058,0.14110,-0.64548,0.00847,1381.38
quat1,-0.45228,0.53058,0.37291,0.61226,1381.38
quat2,0.59171,0.00243,-0.15366,-0.79137,1381.38
quat3,0.21732,-0.42395,-0.43569,-0.76368,1381.38
quat4,-0.11885,0.70070,0.64294,0.28551,1381.38
quat5,0.00000,0.63253,0.00000,0.77454,1381.38
quat6,0.00000,0.63253,0.00000,0.77454,1381.38
quat7,0.00000,0.63253,0.00000,0.77454,1381.38
quat8,0.00000,0.63253,0.00000,0.77454,1381.38
quat0,-0.74997,0.12765,-0.64870,0.02073,1381.4
quat1,-0.43142,0.54646,0.35466,0.62408,1381.4
quat2,0.55829,-0.00216,-0.15350,-0.81532,1381.4
quat3,0.20875,-0.41792,-0.40532,-0.78580,1381.4
quat4,-0.13499,0.71458,0.61183,0.31117,1381.4
quat5,0.00000,0.63253,0.00000,0.77454,1381.4
quat6,0.00000,0.63253,0.00000,0.77454,1381.4
quat7,0.00000,0.63253,0.00000,0.77454,1381.4
quat8,0.00000,0.63253,0.00000,0.77454,1381.4
quat0,-0.74216,0.15846,-0.65121,-0.00391,1381.42
quat1,-0.40885,0.56134,0.33547,0.63655,1381.42
quat2,0.52291,-0.00611,-0.15143,-0.83881,1381.42
quat3,0.19379,-0.41346,-0.37845,-0.80515,1381.42
quat4,-0.14739,0.72915,0.57914,0.33349,1381.42
quat5,0.00000,0.63253,0.00000,0.77454,1381.42
quat6,0.00000,0.63253,0.00000,0.77454,1381.42
quat7,0.00000,0.63253,0.00000,0.77454,1381.42
quat8,0.00000,0.63253,0.00000,0.77454,1381.42
quat0,-0.75182,0.14832,-0.64244,0.00657,1381.44
quat1,-0.38313,0.57605,0.31855,0.64800,1381.44
quat2,0.48509,-0.00871,-0.14627,-0.86210,1381.44
quat3,0.17603,-0.41304,-0.35272,-0.82097,1381.44
quat4,-0.15568,0.74451,0.54536,0.35222,1381.44
quat5,0.00000,0.63253,0.00000,0.77454,1381.44
quat6,0.00000,0.63253,0.00000,0.77454,1381.44
quat7,0.00000,0.63253,0.00000,0.77454,1381.44
quat8,0.00000,0.63253,0.00000,0.77454,1381.44
quat0,-0.75774,0.12741,-0.63958,0.02334,1381.46
quat1,-0.35679,0.58856,0.30065,0.66024,1381.46
quat2,0.44681,-0.00883,-0.13813,-0.88386,1381.46
quat3,0.15626,-0.41676,-0.32912,-0.83281,1381.46
quat4,-0.15871,0.76175,0.51022,0.36636,1381.46
quat5,0.00000,0.63253,0.00000,0.77454,1381.46
quat6,0.00000,0.63253,0.00000,0.77454,1381.46
quat7,0.00000,0.63253,0.00000,0.77454,1381.46
quat8,0.00000,0.63253,0.00000,0.77454,1381.46
quat0,-0.74935,0.13959,-0.64720,0.01134,1381.48
quat1,-0.33107,0.59935,0.28119,0.67238,1381.48
quat2,0.40683,-0.00944,-0.12904,-0.90430,1381.48
quat3,0.13555,-0.42224,-0.30769,-0.84182,1381.48
quat4,-0.15815,0.78117,0.47205,0.37674,1381.48
quat5,0.00000,0.63253,0.00000,0.77454,1381.48
quat6,0.00000,0.63253,0.00000,0.77454,1381.48
quat7,0.00000,0.63253,0.00000,0.77454,1381.48
quat8,0.00000,0.63253,0.00000,0.77454,1381.48
quat0,-0.75279,0.13405,-0.64422,0.01791,1381.5
quat1,-0.30466,0.60956,0.26225,0.68326,1381.5
quat2,0.36626,-0.01282,-0.11973,-0.92269,1381.5
quat3,0.11413,-0.42737,-0.28767,-0.84946,1381.5
quat4,-0.15724,0.79979,0.43305,0.38481,1381.5
quat5,0.00000,0.63253,0.00000,0.77454,1381.5
quat6,0.00000,0.63253,0.00000,0.77454,1381.5
quat7,0.00000,0.63253,0.00000,0.77454,1381.5
quat8,0.00000,0.63253,0.00000,0.77454,1381.5
quat0,-0.75316,0.13158,-0.64417,0.02205,1381.52
quat1,-0.27678,0.61992,0.24484,0.69221,1381.52
quat2,0.32466,-0.01598,-0.11047,-0.93922,1381.52
quat3,0.09435,-0.43181,-0.26548,-0.85683,1381.52
quat4,-0.15680,0.81683,0.39214,0.39299,1381.52
quat5,0.00000,0.63253,0.00000,0.77454,1381.52
quat6,0.00000,0.63253,0.00000,0.77454,1381.52
quat7,0.00000,0.63253,0.00000,0.77454,1381.52
quat8,0.00000,0.63253,0.00000,0.77454,1381.52
quat0,-0.75079,0.12212,-0.64858,0.02720,1381.54
quat1,-0.25093,0.62840,0.22618,0.70071,1381.54
quat2,0.28458,-0.01665,-0.10133,-0.95314,1381.54
quat3,0.07703,-0.43787,-0.24352,-0.86200,1381.54
quat4,-0.15477,0.83314,0.35039,0.39893,1381.54
quat5,0.00000,0.63253,0.00000,0.77454,1381.54
quat6,0.00000,0.63253,0.00000,0.77454,1381.54
quat7,0.00000,0.63253,0.00000,0.77454,1381.54
quat8,0.00000,0.63253,0.00000,0.77454,1381.54
quat0,-0.74478,0.12857,-0.65432,0.02536,1381.56
quat1,-0.22671,0.63559,0.20723,0.70830,1381.56
quat2,0.24485,-0.01320,-0.09185,-0.96511,1381.56
quat3,0.05965,-0.44724,-0.22392,-0.86388,1381.56
quat4,-0.15197,0.84929,0.30780,0.40109,1381.56
quat5,0.00000,0.63253,0.00000,0.77454,1381.56
quat6,0.00000,0.63253,0.00000,0.77454,1381.56
quat7,0.00000,0.63253,0.00000,0.77454,1381.56
quat8,0.00000,0.63253,0.00000,0.77454,1381.56
quat0,-0.74846,0.13140,-0.64941,0.02856,1381.58
quat1,-0.20405,0.64165,0.18964,0.71462,1381.58
quat2,0.20731,-0.00669,-0.08157,-0.97485,1381.58
quat3,0.04374,-0.45678,-0.20551,-0.86441,1381.58
quat4,-0.14966,0.86284,0.26745,0.40198,1381.58
quat5,0.00000,0.63253,0.00000,0.77454,1381.58
quat6,0.00000,0.63253,0.00000,0.77454,1381.58
quat7,0.00000,0.63253,0.00000,0.77454,1381.58
quat8,0.00000,0.63253,0.00000,0.77454,1381.58
quat0,-0.74353,0.11686,-0.65755,0.03363,1381.6
quat1,-0.18359,0.64707,0.17212,0.71971,1381.6
quat2,0.17259,0.00272,-0.07257,-0.98231,1381.6
quat3,0.02975,-0.46155,-0.18489,-0.86712,1381.6
quat4,-0.14996,0.87268,0.22857,0.40460,1381.6
quat5,0.00000,0.63253,0.00000,0.77454,1381.6
quat6,0.00000,0.63253,0.00000,0.77454,1381.6
quat7,0.00000,0.63253,0.00000,0.77454,1381.6
quat8,0.00000,0.63253,0.00000,0.77454,1381.6
quat0,-0.75012,0.12806,-0.64805,0.03108,1381.62
quat1,-0.16495,0.65157,0.15543,0.72394,1381.62
quat2,0.14152,0.01266,-0.06686,-0.98759,1381.62
quat3,0.01572,-0.46637,-0.16395,-0.86912,1381.62
quat4,-0.15261,0.87788,0.19184,0.41139,1381.62
quat5,0.00000,0.63253,0.00000,0.77454,1381.62
quat6,0.00000,0.63253,0.00000,0.77454,1381.62
quat7,0.00000,0.63253,0.00000,0.77454,1381.62
quat8,0.00000,0.63253,0.00000,0.77454,1381.62
quat0,-0.73771,0.10860,-0.66528,0.03737,1381.64
quat1,-0.14895,0.65433,0.14053,0.72795,1381.64
quat2,0.11344,0.02328,-0.06247,-0.99131,1381.64
quat3,0.00130,-0.47072,-0.14291,-0.87063,1381.64
quat4,-0.15877,0.87669,0.15795,0.42573,1381.64
quat5,0.00000,0.63253,0.00000,0.77454,1381.64
quat6,0.00000,0.63253,0.00000,0.77454,1381.64
quat7,0.00000,0.63253,0.00000,0.77454,1381.64
quat8,0.00000,0.63253,0.00000,0.77454,1381.64
quat0,-0.74429,0.10071,-0.65899,0.04017,1381.66
quat1,-0.13637,0.65569,0.12898,0.73133,1381.66
quat2,0.09333,0.03633,-0.05770,-0.99330,1381.66
quat3,-0.01104,-0.47262,-0.12232,-0.87267,1381.66
quat4,-0.16656,0.87079,0.13046,0.44381,1381.66
quat5,0.00000,0.63253,0.00000,0.77454,1381.66
quat6,0.00000,0.63253,0.00000,0.77454,1381.66
quat7,0.00000,0.63253,0.00000,0.77454,1381.66
quat8,0.00000,0.63253,0.00000,0.77454,1381.66
quat0,-0.74138,0.09013,-0.66351,0.04463,1381.68
quat1,-0.12734,0.65489,0.12003,0.73519,1381.68
quat2,0.08053,0.02442,-0.05303,-0.99504,1381.68
quat3,-0.02199,-0.47516,-0.10524,-0.87331,1381.68
quat4,-0.17421,0.86264,0.11224,0.46141,1381.68
quat5,0.00000,0.63253,0.00000,0.77454,1381.68
quat6,0.00000,0.63253,0.00000,0.77454,1381.68
quat7,0.00000,0.63253,0.00000,0.77454,1381.68
quat8,0.00000,0.63253,0.00000,0.77454,1381.68
quat0,-0.74161,0.09695,-0.66212,0.04700,1381.7
quat1,-0.12232,0.65373,0.11553,0.73778,1381.7
quat2,0.07772,0.00050,-0.05614,-0.99539,1381.7
quat3,-0.02992,-0.47943,-0.09511,-0.87190,1381.7
quat4,-0.17771,0.85259,0.10651,0.47976,1381.7
quat5,0.00000,0.63253,0.00000,0.77454,1381.7
quat6,0.00000,0.63253,0.00000,0.77454,1381.7
quat7,0.00000,0.63253,0.00000,0.77454,1381.7
quat8,0.00000,0.63253,0.00000,0.77454,1381.7
quat0,-0.75600,0.12331,-0.64209,0.03121,1381.72
quat1,-0.12471,0.65383,0.11852,0.73682,1381.72
quat2,0.08898,0.01908,-0.05449,-0.99436,1381.72
quat3,-0.03011,-0.47973,-0.09585,-0.87165,1381.72
quat4,-0.17443,0.85694,0.10774,0.47288,1381.72
quat5,0.00000,0.63253,0.00000,0.77454,1381.72
quat6,0.00000,0.63253,0.00000,0.77454,1381.72
quat7,0.00000,0.63253,0.00000,0.77454,1381.72
quat8,0.00000,0.63253,0.00000,0.77454,1381.72
quat0,-0.74357,0.11237,-0.65841,0.03116,1381.74
quat1,-0.13519,0.65390,0.12620,0.73363,1381.74
quat2,0.10823,0.02911,-0.05213,-0.99233,1381.74
quat3,-0.02621,-0.47388,-0.10594,-0.87380,1381.74
quat4,-0.17097,0.86011,0.11709,0.46612,1381.74
quat5,0.00000,0.63253,0.00000,0.77454,1381.74
quat6,0.00000,0.63253,0.00000,0.77454,1381.74
quat7,0.00000,0.63253,0.00000,0.77454,1381.74
quat8,0.00000,0.63253,0.00000,0.77454,1381.74
quat0,-0.74756,0.10643,-0.65426,0.04217,1381.76
quat1,-0.15070,0.64521,0.13961,0.73587,1381.76
quat2,0.13668,0.04620,-0.04436,-0.98854,1381.76
quat3,-0.01856,-0.47385,-0.12153,-0.87198,1381.76
quat4,-0.16448,0.86845,0.13932,0.44646,1381.76
quat5,0.00000,0.63253,0.00000,0.77454,1381.76
quat6,0.00000,0.63253,0.00000,0.77454,1381.76
quat7,0.00000,0.63253,0.00000,0.77454,1381.76
quat8,0.00000,0.63253,0.00000,0.77454,1381.76
quat0,-0.75035,0.12878,-0.64769,0.02981,1381.78
quat1,-0.16879,0.63284,0.15689,0.73919,1381.78
quat2,0.16606,0.04627,-0.03884,-0.98426,1381.78
quat3,-0.00514,-0.47762,-0.14085,-0.86719,1381.78
quat4,-0.15457,0.87429,0.16437,0.42978,1381.78
quat5,0.00000,0.63253,0.00000,0.77454,1381.78
quat6,0.00000,0.63253,0.00000,0.77454,1381.78
quat7,0.00000,0.63253,0.00000,0.77454,1381.78
quat8,0.00000,0.63253,0.00000,0.77454,1381.78
quat0,-0.74692,0.13699,-0.65026,0.02260,1381.8
quat1,-0.18911,0.62283,0.17622,0.73843,1381.8
quat2,0.19718,0.02824,-0.04113,-0.97910,1381.8
quat3,0.01310,-0.47600,-0.16430,-0.86387,1381.8
quat4,-0.14503,0.87285,0.19564,0.42287,1381.8
quat5,0.00000,0.63253,0.00000,0.77454,1381.8
quat6,0.00000,0.63253,0.00000,0.77454,1381.8
quat7,0.00000,0.63253,0.00000,0.77454,1381.8
quat8,0.00000,0.63253,0.00000,0.77454,1381.8
quat0,-0.75407,0.13757,-0.64190,0.02035,1381.82
quat1,-0.21156,0.61514,0.19646,0.73365,1381.82
quat2,0.23201,0.01293,-0.04470,-0.97160,1381.82
quat3,0.03503,-0.46720,-0.18908,-0.86299,1381.82
quat4,-0.13586,0.86863,0.23139,0.41651,1381.82
quat5,0.00000,0.63253,0.00000,0.77454,1381.82
quat6,0.00000,0.63253,0.00000,0.77454,1381.82
quat7,0.00000,0.63253,0.00000,0.77454,1381.82
quat8,0.00000,0.63253,0.00000,0.77454,1381.82
quat0,-0.75791,0.13561,-0.63785,0.01845,1381.84
quat1,-0.23506,0.60990,0.21927,0.72435,1381.84
quat2,0.27186,0.00702,-0.04587,-0.96122,1381.84
quat3,0.06067,-0.45351,-0.21337,-0.86320,1381.84
quat4,-0.12546,0.86434,0.27261,0.40356,1381.84
quat5,0.00000,0.63253,0.00000,0.77454,1381.84
quat6,0.00000,0.63253,0.00000,0.77454,1381.84
quat7,0.00000,0.63253,0.00000,0.77454,1381.84
quat8,0.00000,0.63253,0.00000,0.77454,1381.84
quat0,-0.75665,0.15343,-0.63553,0.00663,1381.86
quat1,-0.25777,0.60482,0.24475,0.71263,1381.86
quat2,0.31233,0.00354,-0.04775,-0.94877,1381.86
quat3,0.08823,-0.44027,-0.23771,-0.86132,1381.86
quat4,-0.11385,0.85983,0.31533,0.38510,1381.86
quat5,0.00000,0.63253,0.00000,0.77454,1381.86
quat6,0.00000,0.63253,0.00000,0.77454,1381.86
quat7,0.00000,0.63253,0.00000,0.77454,1381.86
quat8,0.00000,0.63253,0.00000,0.77454,1381.86
quat0,-0.76071,0.15442,-0.63043,0.00545,1381.88
quat1,-0.28109,0.59789,0.26950,0.70064,1381.88
quat2,0.35336,-0.00061,-0.05255,-0.93401,1381.88
quat3,0.11539,-0.43008,-0.26332,-0.85579,1381.88
quat4,-0.10343,0.85179,0.35996,0.36630,1381.88
quat5,0.00000,0.63253,0.00000,0.77454,1381.88
quat6,0.00000,0.63253,0.00000,0.77454,1381.88
quat7,0.00000,0.63253,0.00000,0.77454,1381.88
quat8,0.00000,0.63253,0.00000,0.77454,1381.88
quat0,-0.76609,0.14655,-0.62579,0.00415,1381.9
quat1,-0.30647,0.58696,0.29080,0.69065,1381.9
quat2,0.39320,-0.00352,-0.05958,-0.91751,1381.9
quat3,0.14032,-0.42447,-0.29174,-0.84559,1381.9
quat4,-0.09557,0.84081,0.40343,0.34807,1381.9
quat5,0.00000,0.63253,0.00000,0.77454,1381.9
quat6,0.00000,0.63253,0.00000,0.77454,1381.9
quat7,0.00000,0.63253,0.00000,0.77454,1381.9
quat8,0.00000,0.63253,0.00000,0.77454,1381.9
quat0,-0.76811,0.15497,-0.62121,-0.00953,1381.92
quat1,-0.33373,0.57274,0.30841,0.68226,1381.92
quat2,0.43256,-0.00242,-0.06761,-0.89907,1381.92
quat3,0.16098,-0.42479,-0.32473,-0.82958,1381.92
quat4,-0.08825,0.82782,0.44636,0.32816,1381.92
quat5,0.00000,0.63253,0.00000,0.77454,1381.92
quat6,0.00000,0.63253,0.00000,0.77454,1381.92
quat7,0.00000,0.63253,0.00000,0.77454,1381.92
quat8,0.00000,0.63253,0.00000,0.77454,1381.92
quat0,-0.76205,0.13097,-0.63413,0.00173,1381.94
quat1,-0.36034,0.55908,0.32352,0.67300,1381.94
quat2,0.47064,0.00612,-0.07348,-0.87924,1381.94
quat3,0.17594,-0.42886,-0.35881,-0.81018,1381.94
quat4,-0.08016,0.81383,0.48840,0.30449,1381.94
quat5,0.00000,0.63253,0.00000,0.77454,1381.94
quat6,0.00000,0.63253,0.00000,0.77454,1381.94
quat7,0.00000,0.63253,0.00000,0.77454,1381.94
quat8,0.00000,0.63253,0.00000,0.77454,1381.94
quat0,-0.76010,0.13089,-0.63648,-0.00408,1381.96
quat1,-0.38879,0.54266,0.33477,0.66505,1381.96
quat2,0.50786,0.02011,-0.07896,-0.85758,1381.96
quat3,0.18694,-0.43244,-0.39441,-0.78898,1381.96
quat4,-0.07138,0.79764,0.53095,0.27706,1381.96
quat5,0.00000,0.63253,0.00000,0.77454,1381.96
quat6,0.00000,0.63253,0.00000,0.77454,1381.96
quat7,0.00000,0.63253,0.00000,0.77454,1381.96
quat8,0.00000,0.63253,0.00000,0.77454,1381.96
quat0,-0.75715,0.14764,-0.63607,-0.01851,1381.98
quat1,-0.42137,0.52333,0.34220,0.65687,1381.98
quat2,0.54387,0.03723,-0.08257,-0.83427,1381.98
quat3,0.19344,-0.43332,-0.43082,-0.76760,1381.98
quat4,-0.06151,0.77913,0.57224,0.24841,1381.98
quat5,0.00000,0.63253,0.00000,0.77454,1381.98
quat6,0.00000,0.63253,0.00000,0.77454,1381.98
quat7,0.00000,0.63253,0.00000,0.77454,1381.98
quat8,0.00000,0.63253,0.00000,0.77454,1381.98
quat0,-0.75620,0.13670,-0.63983,-0.00959,1382
quat1,-0.45616,0.50454,0.34742,0.64549,1382
quat2,0.57916,0.05471,-0.08295,-0.80914,1382
quat3,0.19790,-0.42995,-0.46739,-0.74668,1382
quat4,-0.05156,0.75777,0.61146,0.22190,1382
quat5,0.00000,0.63253,0.00000,0.77454,1382
quat6,0.00000,0.63253,0.00000,0.77454,1382
quat7,0.00000,0.63253,0.00000,0.77454,1382
quat8,0.00000,0.63253,0.00000,0.77454,1382
quat0,-0.76759,0.13289,-0.62702,0.00151,1382.02
quat1,-0.49025,0.49003,0.35255,0.62868,1382.02
quat2,0.61295,0.06942,-0.08099,-0.78289,1382.02
quat3,0.19963,-0.42117,-0.50304,-0.72782,1382.02
quat4,-0.04290,0.73372,0.64779,0.20044,1382.02
quat5,0.00000,0.63253,0.00000,0.77454,1382.02
quat6,0.00000,0.63253,0.00000,0.77454,1382.02
quat7,0.00000,0.63253,0.00000,0.77454,1382.02
quat8,0.00000,0.63253,0.00000,0.77454,1382.02
quat0,-0.75538,0.13975,-0.64012,-0.01086,1382.04
quat1,-0.51913,0.48195,0.35969,0.60733,1382.04
quat2,0.64437,0.07960,-0.07924,-0.75642,1382.04
quat3,0.20283,-0.41174,-0.53330,-0.71058,1382.04
quat4,-0.03631,0.70743,0.68147,0.18393,1382.04
quat5,0.00000,0.63253,0.00000,0.77454,1382.04
quat6,0.00000,0.63253,0.00000,0.77454,1382.04
quat7,0.00000,0.63253,0.00000,0.77454,1382.04
quat8,0.00000,0.63253,0.00000,0.77454,1382.04
quat0,-0.76154,0.11489,-0.63774,0.01186,1382.06
quat1,-0.53894,0.47940,0.37135,0.58465,1382.06
quat2,0.67314,0.08393,-0.07952,-0.73042,1382.06
quat3,0.20915,-0.40225,-0.55763,-0.69534,1382.06
quat4,-0.03366,0.67920,0.71236,0.17348,1382.06
quat5,0.00000,0.63253,0.00000,0.77454,1382.06
quat6,0.00000,0.63253,0.00000,0.77454,1382.06
quat7,0.00000,0.63253,0.00000,0.77454,1382.06
quat8,0.00000,0.63253,0.00000,0.77454,1382.06
quat0,-0.76572,0.11140,-0.63324,0.01641,1382.08
quat1,-0.55175,0.47845,0.38504,0.56428,1382.08
quat2,0.69883,0.08183,-0.08324,-0.70570,1382.08
quat3,0.21568,-0.39400,-0.57685,-0.68227,1382.08
quat4,-0.03483,0.64960,0.74066,0.16800,1382.08
quat5,0.00000,0.63253,0.00000,0.77454,1382.08
quat6,0.00000,0.63253,0.00000,0.77454,1382.08
quat7,0.00000,0.63253,0.00000,0.77454,1382.08
quat8,0.00000,0.63253,0.00000,0.77454,1382.08
quat0,-0.76596,0.11917,-0.63158,0.01416,1382.1
quat1,-0.56173,0.47541,0.39688,0.54857,1382.1
quat2,0.72249,0.07239,-0.09170,-0.68144,1382.1
quat3,0.22202,-0.38744,-0.59325,-0.66981,1382.1
quat4,-0.03834,0.61908,0.76682,0.16512,1382.1
quat5,0.00000,0.63253,0.00000,0.77454,1382.1
quat6,0.00000,0.63253,0.00000,0.77454,1382.1
quat7,0.00000,0.63253,0.00000,0.77454,1382.1
quat8,0.00000,0.63253,0.00000,0.77454,1382.1
quat0,-0.76637,0.12091,-0.63082,0.01157,1382.12
quat1,-0.57090,0.46938,0.40482,0.53840,1382.12
quat2,0.74368,0.05771,-0.10536,-0.65766,1382.12
quat3,0.22724,-0.38385,-0.60748,-0.65726,1382.12
quat4,-0.04195,0.58967,0.79001,0.16251,1382.12
quat5,0.00000,0.63253,0.00000,0.77454,1382.12
quat6,0.00000,0.63253,0.00000,0.77454,1382.12
quat7,0.00000,0.63253,0.00000,0.77454,1382.12
quat8,0.00000,0.63253,0.00000,0.77454,1382.12
quat0,-0.76031,0.11583,-0.63898,0.01489,1382.14
quat1,-0.57871,0.46147,0.41053,0.53255,1382.14
quat2,0.76300,0.04130,-0.12127,-0.63358,1382.14
quat3,0.23140,-0.38210,-0.61954,-0.64546,1382.14
quat4,-0.04379,0.56231,0.81024,0.15936,1382.14
quat5,0.00000,0.63253,0.00000,0.77454,1382.14
quat6,0.00000,0.63253,0.00000,0.77454,1382.14
quat7,0.00000,0.63253,0.00000,0.77454,1382.14
quat8,0.00000,0.63253,0.00000,0.77454,1382.14
quat0,-0.76416,0.10620,-0.63574,0.02465,1382.16
quat1,-0.58571,0.45507,0.41524,0.52671,1382.16
quat2,0.78017,0.02610,-0.13610,-0.61002,1382.16
quat3,0.23596,-0.38084,-0.62902,-0.63530,1382.16
quat4,-0.04557,0.53760,0.82725,0.15673,1382.16
quat5,0.00000,0.63253,0.00000,0.77454,1382.16
quat6,0.00000,0.63253,0.00000,0.77454,1382.16
quat7,0.00000,0.63253,0.00000,0.77454,1382.16
quat8,0.00000,0.63253,0.00000,0.77454,1382.16
quat0,-0.76028,0.11367,-0.63931,0.01846,1382.18
quat1,-0.59127,0.44920,0.41943,0.52220,1382.18
quat2,0.79463,0.01384,-0.14782,-0.58866,1382.18
quat3,0.24059,-0.38072,-0.63562,-0.62702,1382.18
quat4,-0.04955,0.51513,0.84169,0.15412,1382.18
quat5,0.00000,0.63253,0.00000,0.77454,1382.18
quat6,0.00000,0.63253,0.00000,0.77454,1382.18
quat7,0.00000,0.63253,0.00000,0.77454,1382.18
quat8,0.00000,0.63253,0.00000,0.77454,1382.18
quat0,-0.75682,0.11278,-0.64356,0.01832,1382.2
quat1,-0.59406,0.44522,0.42471,0.51816,1382.2
quat2,0.80609,0.00485,-0.15533,-0.57103,1382.2
quat3,0.24549,-0.38051,-0.63996,-0.62080,1382.2
quat4,-0.05722,0.49595,0.85293,0.15258,1382.2
quat5,0.00000,0.63253,0.00000,0.77454,1382.2
quat6,0.00000,0.63253,0.00000,0.77454,1382.2
quat7,0.00000,0.63253,0.00000,0.77454,1382.2
quat8,0.00000,0.63253,0.00000,0.77454,1382.2
quat0,-0.75764,0.11054,-0.64295,0.01939,1382.22
quat1,-0.59460,0.44359,0.43114,0.51361,1382.22
quat2,0.81408,-0.00212,-0.16084,-0.55803,1382.22
quat3,0.25149,-0.37833,-0.64226,-0.61735,1382.22
quat4,-0.06621,0.48179,0.86051,0.15172,1382.22
quat5,0.00000,0.63253,0.00000,0.77454,1382.22
quat6,0.00000,0.63253,0.00000,0.77454,1382.22
quat7,0.00000,0.63253,0.00000,0.77454,1382.22
quat8,0.00000,0.63253,0.00000,0.77454,1382.22
quat0,-0.75638,0.11691,-0.64345,0.01417,1382.24
quat1,-0.59473,0.44194,0.43662,0.51024,1382.24
quat2,0.81885,-0.00701,-0.16360,-0.55015,1382.24
quat3,0.25484,-0.37485,-0.64428,-0.61600,1382.24
quat4,-0.07014,0.47420,0.86484,0.14924,1382.24
quat5,0.00000,0.63253,0.00000,0.77454,1382.24
quat6,0.00000,0.63253,0.00000,0.77454,1382.24
quat7,0.00000,0.63253,0.00000,0.77454,1382.24
quat8,0.00000,0.63253,0.00000,0.77454,1382.24
quat0,-0.75796,0.11735,-0.64157,0.01017,1382.26
quat1,-0.59524,0.44075,0.43924,0.50842,1382.26
quat2,0.82110,-0.00967,-0.16331,-0.54683,1382.26
quat3,0.25290,-0.37330,-0.64657,-0.61533,1382.26
quat4,-0.06959,0.47213,0.86660,0.14580,1382.26
quat5,0.00000,0.63253,0.00000,0.77454,1382.26
quat6,0.00000,0.63253,0.00000,0.77454,1382.26
quat7,0.00000,0.63253,0.00000,0.77454,1382.26
quat8,0.00000,0.63253,0.00000,0.77454,1382.26
quat0,-0.75469,0.12175,-0.64462,0.00900,1382.28
quat1,-0.59531,0.43985,0.43938,0.50900,1382.28
quat2,0.82085,-0.01059,-0.16084,-0.54793,1382.28
quat3,0.24890,-0.37184,-0.64735,-0.61703,1382.28
quat4,-0.06738,0.47469,0.86573,0.14368,1382.28
quat5,0.00000,0.63253,0.00000,0.77454,1382.28
quat6,0.00000,0.63253,0.00000,0.77454,1382.28
quat7,0.00000,0.63253,0.00000,0.77454,1382.28
quat8,0.00000,0.63253,0.00000,0.77454,1382.28
quat0,-0.75523,0.12320,-0.64377,0.00469,1382.3
quat1,-0.59520,0.44019,0.43710,0.51079,1382.3
quat2,0.81829,-0.01049,-0.15703,-0.55284,1382.3
quat3,0.24593,-0.37118,-0.64500,-0.62106,1382.3
quat4,-0.06483,0.48122,0.86211,0.14488,1382.3
quat5,0.00000,0.63253,0.00000,0.77454,1382.3
quat6,0.00000,0.63253,0.00000,0.77454,1382.3
quat7,0.00000,0.63253,0.00000,0.77454,1382.3
quat8,0.00000,0.63253,0.00000,0.77454,1382.3
quat0,-0.75416,0.12485,-0.64470,0.00322,1382.32
quat1,-0.59337,0.44191,0.43325,0.51470,1382.32
quat2,0.81323,-0.01018,-0.15325,-0.56131,1382.32
quat3,0.24382,-0.37136,-0.63980,-0.62714,1382.32
quat4,-0.06337,0.49033,0.85623,0.14974,1382.32
quat5,0.00000,0.63253,0.00000,0.77454,1382.32
quat6,0.00000,0.63253,0.00000,0.77454,1382.32
quat7,0.00000,0.63253,0.00000,0.77454,1382.32
quat8,0.00000,0.63253,0.00000,0.77454,1382.32
quat0,-0.75463,0.13040,-0.64306,-0.00309,1382.34
quat1,-0.58813,0.44508,0.43006,0.52062,1382.34
quat2,0.80550,-0.01025,-0.15022,-0.57314,1382.34
quat3,0.24157,-0.37288,-0.63218,-0.63478,1382.34
quat4,-0.06348,0.50124,0.84833,0.15832,1382.34
quat5,0.00000,0.63253,0.00000,0.77454,1382.34
quat6,0.00000,0.63253,0.00000,0.77454,1382.34
quat7,0.00000,0.63253,0.00000,0.77454,1382.34
quat8,0.00000,0.63253,0.00000,0.77454,1382.34
quat0,-0.75125,0.13381,-0.64628,-0.00648,1382.36
quat1,-0.57990,0.45082,0.42767,0.52686,1382.36
quat2,0.79523,-0.01128,-0.14793,-0.58787,1382.36
quat3,0.23998,-0.37584,-0.62178,-0.64385,1382.36
quat4,-0.06353,0.51430,0.83843,0.16878,1382.36
quat5,0.00000,0.63253,0.00000,0.77454,1382.36
quat6,0.00000,0.63253,0.00000,0.77454,1382.36
quat7,0.00000,0.63253,0.00000,0.77454,1382.36
quat8,0.00000,0.63253,0.00000,0.77454,1382.36
quat0,-0.74740,0.14631,-0.64792,-0.01343,1382.38
quat1,-0.56977,0.45822,0.42433,0.53418,1382.38
quat2,0.78203,-0.01361,-0.14656,-0.60562,1382.38
quat3,0.23998,-0.37865,-0.60810,-0.65517,1382.38
quat4,-0.06367,0.52952,0.82628,0.18114,1382.38
quat5,0.00000,0.63253,0.00000,0.77454,1382.38
quat6,0.00000,0.63253,0.00000,0.77454,1382.38
quat7,0.00000,0.63253,0.00000,0.77454,1382.38
quat8,0.00000,0.63253,0.00000,0.77454,1382.38
quat0,-0.75017,0.14882,-0.64403,-0.01812,1382.4
quat1,-0.55739,0.46683,0.41919,0.54376,1382.4
quat2,0.76572,-0.01728,-0.14656,-0.62601,1382.4
quat3,0.24044,-0.37977,-0.59217,-0.66880,1382.4
quat4,-0.06500,0.54658,0.81184,0.19479,1382.4
quat5,0.00000,0.63253,0.00000,0.77454,1382.4
quat6,0.00000,0.63253,0.00000,0.77454,1382.4
quat7,0.00000,0.63253,0.00000,0.77454,1382.4
quat8,0.00000,0.63253,0.00000,0.77454,1382.4
quat0,-0.75053,0.16159,-0.64037,-0.02281,1382.42
quat1,-0.54249,0.47745,0.41300,0.55423,1382.42
quat2,0.74573,-0.02216,-0.14773,-0.64929,1382.42
quat3,0.23977,-0.38100,-0.57331,-0.68459,1382.42
quat4,-0.06850,0.56542,0.79457,0.21039,1382.42
quat5,0.00000,0.63253,0.00000,0.77454,1382.42
quat6,0.00000,0.63253,0.00000,0.77454,1382.42
quat7,0.00000,0.63253,0.00000,0.77454,1382.42
quat8,0.00000,0.63253,0.00000,0.77454,1382.42
quat0,-0.74321,0.16759,-0.64719,-0.02621,1382.44
quat1,-0.52560,0.49030,0.40539,0.56481,1382.44
quat2,0.72246,-0.02919,-0.14999,-0.67431,1382.44
quat3,0.23783,-0.38206,-0.55238,-0.70167,1382.44
quat4,-0.07392,0.58537,0.77469,0.22744,1382.44
quat5,0.00000,0.63253,0.00000,0.77454,1382.44
quat6,0.00000,0.63253,0.00000,0.77454,1382.44
quat7,0.00000,0.63253,0.00000,0.77454,1382.44
quat8,0.00000,0.63253,0.00000,0.77454,1382.44
quat0,-0.75615,0.17412,-0.63015,-0.02886,1382.46
quat1,-0.50445,0.50690,0.39750,0.57496,1382.46
quat2,0.69525,-0.03910,-0.15394,-0.70100,1382.46
quat3,0.23339,-0.38202,-0.52932,-0.72070,1382.46
quat4,-0.08129,0.60610,0.75217,0.24550,1382.46
quat5,0.00000,0.63253,0.00000,0.77454,1382.46
quat6,0.00000,0.63253,0.00000,0.77454,1382.46
quat7,0.00000,0.63253,0.00000,0.77454,1382.46
quat8,0.00000,0.63253,0.00000,0.77454,1382.46
quat0,-0.75261,0.17345,-0.63486,-0.02105,1382.48
quat1,-0.47988,0.52481,0.38837,0.58606,1382.48
quat2,0.66398,-0.05088,-0.15766,-0.72916,1382.48
quat3,0.22830,-0.38222,-0.50434,-0.73989,1382.48
quat4,-0.08912,0.62762,0.72688,0.26421,1382.48
quat5,0.00000,0.63253,0.00000,0.77454,1382.48
quat6,0.00000,0.63253,0.00000,0.77454,1382.48
quat7,0.00000,0.63253,0.00000,0.77454,1382.48
quat8,0.00000,0.63253,0.00000,0.77454,1382.48
quat0,-0.75578,0.13949,-0.63979,0.00223,1382.5
quat1,-0.45240,0.54378,0.37879,0.59679,1382.5
quat2,0.63099,-0.06050,-0.15591,-0.75756,1382.5
quat3,0.21846,-0.38322,-0.47892,-0.75899,1382.5
quat4,-0.09429,0.65049,0.69914,0.28139,1382.5
quat5,0.00000,0.63253,0.00000,0.77454,1382.5
quat6,0.00000,0.63253,0.00000,0.77454,1382.5
quat7,0.00000,0.63253,0.00000,0.77454,1382.5
quat8,0.00000,0.63253,0.00000,0.77454,1382.5
quat0,-0.75206,0.13998,-0.64396,0.01158,1382.52
quat1,-0.42281,0.56427,0.36865,0.60575,1382.52
quat2,0.59722,-0.06441,-0.14690,-0.78588,1382.52
quat3,0.20501,-0.38328,-0.45296,-0.77839,1382.52
quat4,-0.09666,0.67457,0.66927,0.29612,1382.52
quat5,0.00000,0.63253,0.00000,0.77454,1382.52
quat6,0.00000,0.63253,0.00000,0.77454,1382.52
quat7,0.00000,0.63253,0.00000,0.77454,1382.52
quat8,0.00000,0.63253,0.00000,0.77454,1382.52
quat0,-0.75755,0.15758,-0.63347,-0.00175,1382.54
quat1,-0.39475,0.58303,0.35664,0.61405,1382.54
quat2,0.56177,-0.06423,-0.13338,-0.81394,1382.54
quat3,0.19069,-0.38415,-0.42677,-0.79620,1382.54
quat4,-0.09768,0.69904,0.63718,0.30953,1382.54
quat5,0.00000,0.63253,0.00000,0.77454,1382.54
quat6,0.00000,0.63253,0.00000,0.77454,1382.54
quat7,0.00000,0.63253,0.00000,0.77454,1382.54
quat8,0.00000,0.63253,0.00000,0.77454,1382.54
quat0,-0.75692,0.14873,-0.63635,0.00383,1382.56
quat1,-0.36995,0.59908,0.34261,0.62199,1382.56
quat2,0.52377,-0.06000,-0.11737,-0.84160,1382.56
quat3,0.17376,-0.38761,-0.40290,-0.81070,1382.56
quat4,-0.09834,0.72296,0.60244,0.32361,1382.56
quat5,0.00000,0.63253,0.00000,0.77454,1382.56
quat6,0.00000,0.63253,0.00000,0.77454,1382.56
quat7,0.00000,0.63253,0.00000,0.77454,1382.56
quat8,0.00000,0.63253,0.00000,0.77454,1382.56
quat0,-0.75283,0.13677,-0.64369,0.01409,1382.58
quat1,-0.34862,0.60962,0.32439,0.63372,1382.58
quat2,0.48663,-0.05126,-0.10035,-0.86631,1382.58
quat3,0.15532,-0.39101,-0.38030,-0.82363,1382.58
quat4,-0.09774,0.74599,0.56579,0.33737,1382.58
quat5,0.00000,0.63253,0.00000,0.77454,1382.58
quat6,0.00000,0.63253,0.00000,0.77454,1382.58
quat7,0.00000,0.63253,0.00000,0.77454,1382.58
quat8,0.00000,0.63253,0.00000,0.77454,1382.58
quat0,-0.75231,0.15206,-0.64101,0.00331,1382.6
quat1,-0.32925,0.61409,0.30259,0.65033,1382.6
quat2,0.44914,-0.04244,-0.08705,-0.88820,1382.6
quat3,0.13868,-0.39435,-0.35698,-0.83536,1382.6
quat4,-0.09714,0.76847,0.52753,0.34891,1382.6
quat5,0.00000,0.63253,0.00000,0.77454,1382.6
quat6,0.00000,0.63253,0.00000,0.77454,1382.6
quat7,0.00000,0.63253,0.00000,0.77454,1382.6
quat8,0.00000,0.63253,0.00000,0.77454,1382.6
quat0,-0.75679,0.14568,-0.63712,0.01112,1382.62
quat1,-0.30843,0.61585,0.28276,0.66757,1382.62
quat2,0.41115,-0.03486,-0.07752,-0.90760,1382.62
quat3,0.12150,-0.39859,-0.33530,-0.84495,1382.62
quat4,-0.09869,0.78947,0.48921,0.35730,1382.62
quat5,0.00000,0.63253,0.00000,0.77454,1382.62
quat6,0.00000,0.63253,0.00000,0.77454,1382.62
quat7,0.00000,0.63253,0.00000,0.77454,1382.62
quat8,0.00000,0.63253,0.00000,0.77454,1382.62
quat0,-0.75685,0.13599,-0.63905,0.01701,1382.64
quat1,-0.28729,0.61842,0.26415,0.68209,1382.64
quat2,0.37300,-0.02660,-0.06996,-0.92481,1382.64
quat3,0.10383,-0.40362,-0.31569,-0.85244,1382.64
quat4,-0.10088,0.81009,0.44968,0.36244,1382.64
quat5,0.00000,0.63253,0.00000,0.77454,1382.64
quat6,0.00000,0.63253,0.00000,0.77454,1382.64
quat7,0.00000,0.63253,0.00000,0.77454,1382.64
quat8,0.00000,0.63253,0.00000,0.77454,1382.64
quat0,-0.75785,0.13753,-0.63757,0.01609,1382.66
quat1,-0.26601,0.62359,0.24545,0.69291,1382.66
quat2,0.33719,-0.01667,-0.06514,-0.93903,1382.66
quat3,0.08548,-0.40929,-0.29725,-0.85838,1382.66
quat4,-0.10273,0.83016,0.41170,0.36164,1382.66
quat5,0.00000,0.63253,0.00000,0.77454,1382.66
quat6,0.00000,0.63253,0.00000,0.77454,1382.66
quat7,0.00000,0.63253,0.00000,0.77454,1382.66
quat8,0.00000,0.63253,0.00000,0.77454,1382.66
quat0,-0.75368,0.13595,-0.64273,0.01946,1382.68
quat1,-0.24315,0.63194,0.22731,0.69990,1382.68
quat2,0.30157,-0.00898,-0.06401,-0.95125,1382.68
quat3,0.06628,-0.41633,-0.27877,-0.86288,1382.68
quat4,-0.10801,0.84678,0.37698,0.35942,1382.68
quat5,0.00000,0.63253,0.00000,0.77454,1382.68
quat6,0.00000,0.63253,0.00000,0.77454,1382.68
quat7,0.00000,0.63253,0.00000,0.77454,1382.68
quat8,0.00000,0.63253,0.00000,0.77454,1382.68
quat0,-0.76109,0.13660,-0.63362,0.02465,1382.7
quat1,-0.22149,0.64000,0.20927,0.70537,1382.7
quat2,0.26685,-0.00521,-0.06437,-0.96157,1382.7
quat3,0.04812,-0.42400,-0.26039,-0.86609,1382.7
quat4,-0.11779,0.85748,0.34569,0.36242,1382.7
quat5,0.00000,0.63253,0.00000,0.77454,1382.7
quat6,0.00000,0.63253,0.00000,0.77454,1382.7
quat7,0.00000,0.63253,0.00000,0.77454,1382.7
quat8,0.00000,0.63253,0.00000,0.77454,1382.7
quat0,-0.74816,0.12863,-0.65025,0.02984,1382.72
quat1,-0.20012,0.64656,0.19197,0.71068,1382.72
quat2,0.23323,-0.00609,-0.06488,-0.97024,1382.72
quat3,0.03172,-0.42983,-0.24068,-0.86966,1382.72
quat4,-0.13066,0.86412,0.31360,0.37132,1382.72
quat5,0.00000,0.63253,0.00000,0.77454,1382.72
quat6,0.00000,0.63253,0.00000,0.77454,1382.72
quat7,0.00000,0.63253,0.00000,0.77454,1382.72
quat8,0.00000,0.63253,0.00000,0.77454,1382.72
quat0,-0.75514,0.13501,-0.64102,0.02498,1382.74
quat1,-0.17807,0.65338,0.17603,0.71442,1382.74
quat2,0.20159,-0.01457,-0.06557,-0.97716,1382.74
quat3,0.01695,-0.43352,-0.22039,-0.87361,1382.74
quat4,-0.14352,0.86836,0.28131,0.38239,1382.74
quat5,0.00000,0.63253,0.00000,0.77454,1382.74
quat6,0.00000,0.63253,0.00000,0.77454,1382.74
quat7,0.00000,0.63253,0.00000,0.77454,1382.74
quat8,0.00000,0.63253,0.00000,0.77454,1382.74
quat0,-0.75267,0.12192,-0.64583,0.03909,1382.76
quat1,-0.15561,0.66108,0.16131,0.71605,1382.76
quat2,0.16921,-0.02893,-0.06584,-0.98295,1382.76
quat3,0.00285,-0.43446,-0.20262,-0.87760,1382.76
quat4,-0.15478,0.87308,0.25085,0.38840,1382.76
quat5,0.00000,0.63253,0.00000,0.77454,1382.76
quat6,0.00000,0.63253,0.00000,0.77454,1382.76
quat7,0.00000,0.63253,0.00000,0.77454,1382.76
quat8,0.00000,0.63253,0.00000,0.77454,1382.76
quat0,-0.76433,0.13110,-0.63008,0.04017,1382.78
quat1,-0.13435,0.66747,0.14995,0.71691,1382.78
quat2,0.13836,-0.04467,-0.06391,-0.98731,1382.78
quat3,-0.00907,-0.43707,-0.18689,-0.87975,1382.78
quat4,-0.16172,0.87981,0.22487,0.38629,1382.78
quat5,0.00000,0.63253,0.00000,0.77454,1382.78
quat6,0.00000,0.63253,0.00000,0.77454,1382.78
quat7,0.00000,0.63253,0.00000,0.77454,1382.78
quat8,0.00000,0.63253,0.00000,0.77454,1382.78
quat0,-0.74862,0.12476,-0.64976,0.04260,1382.8
quat1,-0.11677,0.66950,0.14037,0.72003,1382.8
quat2,0.11289,-0.05666,-0.05810,-0.99029,1382.8
quat3,-0.01981,-0.44430,-0.17291,-0.87881,1382.8
quat4,-0.16616,0.88677,0.20167,0.38125,1382.8
quat5,0.00000,0.63253,0.00000,0.77454,1382.8
quat6,0.00000,0.63253,0.00000,0.77454,1382.8
quat7,0.00000,0.63253,0.00000,0.77454,1382.8
quat8,0.00000,0.63253,0.00000,0.77454,1382.8
quat0,-0.74956,0.10210,-0.65189,0.05266,1382.82
quat1,-0.10228,0.66642,0.13343,0.72637,1382.82
quat2,0.09302,-0.06760,-0.05111,-0.99205,1382.82
quat3,-0.02758,-0.45160,-0.16104,-0.87713,1382.82
quat4,-0.17017,0.89187,0.18070,0.37810,1382.82
quat5,0.00000,0.63253,0.00000,0.77454,1382.82
quat6,0.00000,0.63253,0.00000,0.77454,1382.82
quat7,0.00000,0.63253,0.00000,0.77454,1382.82
quat8,0.00000,0.63253,0.00000,0.77454,1382.82
quat0,-0.76006,0.09919,-0.63976,0.05638,1382.84
quat1,-0.09197,0.65768,0.12999,0.73627,1382.84
quat2,0.07544,-0.08582,-0.04362,-0.99249,1382.84
quat3,-0.03294,-0.45780,-0.15132,-0.87547,1382.84
quat4,-0.17355,0.89582,0.16376,0.37492,1382.84
quat5,0.00000,0.63253,0.00000,0.77454,1382.84
quat6,0.00000,0.63253,0.00000,0.77454,1382.84
quat7,0.00000,0.63253,0.00000,0.77454,1382.84
quat8,0.00000,0.63253,0.00000,0.77454,1382.84
quat0,-0.76923,0.10995,-0.62721,0.05287,1382.86
quat1,-0.08715,0.64831,0.13011,0.74510,1382.86
quat2,0.06766,-0.10553,-0.04077,-0.99127,1382.86
quat3,-0.03754,-0.46321,-0.14457,-0.87357,1382.86
quat4,-0.17562,0.89809,0.15594,0.37186,1382.86
quat5,0.00000,0.63253,0.00000,0.77454,1382.86
quat6,0.00000,0.63253,0.00000,0.77454,1382.86
quat7,0.00000,0.63253,0.00000,0.77454,1382.86
quat8,0.00000,0.63253,0.00000,0.77454,1382.86
quat0,-0.75730,0.10174,-0.64296,0.05251,1382.88
quat1,-0.08696,0.63687,0.13479,0.75410,1382.88
quat2,0.07373,-0.09716,-0.03583,-0.99189,1382.88
quat3,-0.03739,-0.46970,-0.14272,-0.87041,1382.88
quat4,-0.17605,0.89861,0.15831,0.36938,1382.88
quat5,0.00000,0.63253,0.00000,0.77454,1382.88
quat6,0.00000,0.63253,0.00000,0.77454,1382.88
quat7,0.00000,0.63253,0.00000,0.77454,1382.88
quat8,0.00000,0.63253,0.00000,0.77454,1382.88
quat0,-0.76297,0.11352,-0.63520,0.03903,1382.9
quat1,-0.09445,0.62382,0.14406,0.76234,1382.9
quat2,0.08540,-0.10406,-0.03596,-0.99024,1382.9
quat3,-0.03327,-0.47350,-0.14805,-0.86762,1382.9
quat4,-0.17345,0.89793,0.16998,0.36709,1382.9
quat5,0.00000,0.63253,0.00000,0.77454,1382.9
quat6,0.00000,0.63253,0.00000,0.77454,1382.9
quat7,0.00000,0.63253,0.00000,0.77454,1382.9
quat8,0.00000,0.63253,0.00000,0.77454,1382.9
quat0,-0.76614,0.11075,-0.63189,0.03852,1382.92
quat1,-0.10943,0.60698,0.15786,0.77115,1382.92
quat2,0.10702,-0.10857,-0.03729,-0.98761,1382.92
quat3,-0.02383,-0.47102,-0.15942,-0.86727,1382.92
quat4,-0.16773,0.89463,0.19148,0.36720,1382.92
quat5,0.00000,0.63253,0.00000,0.77454,1382.92
quat6,0.00000,0.63253,0.00000,0.77454,1382.92
quat7,0.00000,0.63253,0.00000,0.77454,1382.92
quat8,0.00000,0.63253,0.00000,0.77454,1382.92
quat0,-0.75209,0.11396,-0.64784,0.04096,1382.94
quat1,-0.13196,0.59905,0.17746,0.76957,1382.94
quat2,0.13742,-0.10540,-0.03773,-0.98417,1382.94
quat3,-0.00729,-0.46441,-0.17632,-0.86786,1382.94
quat4,-0.15934,0.88828,0.22145,0.36950,1382.94
quat5,0.00000,0.63253,0.00000,0.77454,1382.94
quat6,0.00000,0.63253,0.00000,0.77454,1382.94
quat7,0.00000,0.63253,0.00000,0.77454,1382.94
quat8,0.00000,0.63253,0.00000,0.77454,1382.94
quat0,-0.76553,0.13452,-0.62836,0.03201,1382.96
quat1,-0.15737,0.59348,0.20339,0.76266,1382.96
quat2,0.17490,-0.10621,-0.04404,-0.97785,1382.96
quat3,0.01567,-0.45537,-0.19699,-0.86809,1382.96
quat4,-0.14836,0.87956,0.26014,0.36973,1382.96
quat5,0.00000,0.63253,0.00000,0.77454,1382.96
quat6,0.00000,0.63253,0.00000,0.77454,1382.96
quat7,0.00000,0.63253,0.00000,0.77454,1382.96
quat8,0.00000,0.63253,0.00000,0.77454,1382.96
quat0,-0.76361,0.13326,-0.63107,0.02992,1382.98
quat1,-0.18257,0.59272,0.23158,0.74948,1382.98
quat2,0.21890,-0.10445,-0.05334,-0.96867,1382.98
quat3,0.04353,-0.44221,-0.21997,-0.86843,1382.98
quat4,-0.13618,0.86849,0.30334,0.36765,1382.98
quat5,0.00000,0.63253,0.00000,0.77454,1382.98
quat6,0.00000,0.63253,0.00000,0.77454,1382.98
quat7,0.00000,0.63253,0.00000,0.77454,1382.98
quat8,0.00000,0.63253,0.00000,0.77454,1382.98
quat0,-0.76602,0.13852,-0.62739,0.02007,1383
quat1,-0.20625,0.59417,0.26046,0.73252,1383
quat2,0.26870,-0.09961,-0.06664,-0.95574,1383
quat3,0.07549,-0.42780,-0.24357,-0.86716,1383
quat4,-0.12345,0.85343,0.35120,0.36479,1383
quat5,0.00000,0.63253,0.00000,0.77454,1383
quat6,0.00000,0.63253,0.00000,0.77454,1383
quat7,0.00000,0.63253,0.00000,0.77454,1383
quat8,0.00000,0.63253,0.00000,0.77454,1383
quat0,-0.76092,0.13909,-0.63354,0.01689,1383.02
quat1,-0.22965,0.59662,0.28981,0.71226,1383.02
quat2,0.32000,-0.09362,-0.08390,-0.93904,1383.02
quat3,0.10942,-0.41666,-0.26810,-0.86171,1383.02
quat4,-0.11242,0.83502,0.40040,0.36026,1383.02
quat5,0.00000,0.63253,0.00000,0.77454,1383.02
quat6,0.00000,0.63253,0.00000,0.77454,1383.02
quat7,0.00000,0.63253,0.00000,0.77454,1383.02
quat8,0.00000,0.63253,0.00000,0.77454,1383.02
quat0,-0.76359,0.14561,-0.62903,0.00707,1383.04
quat1,-0.25676,0.59272,0.31735,0.69430,1383.04
quat2,0.37317,-0.08490,-0.10334,-0.91807,1383.04
quat3,0.14166,-0.40952,-0.29491,-0.85162,1383.04
quat4,-0.10463,0.81271,0.45104,0.35372,1383.04
quat5,0.00000,0.63253,0.00000,0.77454,1383.04
quat6,0.00000,0.63253,0.00000,0.77454,1383.04
quat7,0.00000,0.63253,0.00000,0.77454,1383.04
quat8,0.00000,0.63253,0.00000,0.77454,1383.04
quat0,-0.76099,0.13025,-0.63545,0.01133,1383.06
quat1,-0.28918,0.58026,0.34082,0.68082,1383.06
quat2,0.42438,-0.07545,-0.12234,-0.89400,1383.06
quat3,0.16927,-0.40671,-0.32416,-0.83717,1383.06
quat4,-0.09959,0.78930,0.50040,0.34161,1383.06
quat5,0.00000,0.63253,0.00000,0.77454,1383.06
quat6,0.00000,0.63253,0.00000,0.77454,1383.06
quat7,0.00000,0.63253,0.00000,0.77454,1383.06
quat8,0.00000,0.63253,0.00000,0.77454,1383.06
quat0,-0.76058,0.13202,-0.63567,0.00277,1383.08
quat1,-0.32552,0.56089,0.35948,0.67097,1383.08
quat2,0.47454,-0.06427,-0.13995,-0.86666,1383.08
quat3,0.19129,-0.40760,-0.35601,-0.81886,1383.08
quat4,-0.09539,0.76480,0.54902,0.32337,1383.08
quat5,0.00000,0.63253,0.00000,0.77454,1383.08
quat6,0.00000,0.63253,0.00000,0.77454,1383.08
quat7,0.00000,0.63253,0.00000,0.77454,1383.08
quat8,0.00000,0.63253,0.00000,0.77454,1383.08
quat0,-0.76004,0.13115,-0.63650,-0.00354,1383.1
quat1,-0.36283,0.53818,0.37437,0.66224,1383.1
quat2,0.52198,-0.05022,-0.15407,-0.83742,1383.1
quat3,0.20663,-0.41037,-0.38982,-0.79809,1383.1
quat4,-0.09126,0.73955,0.59518,0.30082,1383.1
quat5,0.00000,0.63253,0.00000,0.77454,1383.1
quat6,0.00000,0.63253,0.00000,0.77454,1383.1
quat7,0.00000,0.63253,0.00000,0.77454,1383.1
quat8,0.00000,0.63253,0.00000,0.77454,1383.1
quat0,-0.75749,0.11320,-0.64293,0.00627,1383.12
quat1,-0.39964,0.51585,0.38648,0.65177,1383.12
quat2,0.56682,-0.03409,-0.16385,-0.80666,1383.12
quat3,0.21806,-0.41289,-0.42362,-0.77622,1383.12
quat4,-0.08568,0.71377,0.63838,0.27508,1383.12
quat5,0.00000,0.63253,0.00000,0.77454,1383.12
quat6,0.00000,0.63253,0.00000,0.77454,1383.12
quat7,0.00000,0.63253,0.00000,0.77454,1383.12
quat8,0.00000,0.63253,0.00000,0.77454,1383.12
quat0,-0.75945,0.11255,-0.64073,-0.00574,1383.14
quat1,-0.43245,0.49746,0.39787,0.63814,1383.14
quat2,0.60834,-0.01694,-0.16904,-0.77528,1383.14
quat3,0.22809,-0.41446,-0.45398,-0.75505,1383.14
quat4,-0.07937,0.68753,0.67758,0.24877,1383.14
quat5,0.00000,0.63253,0.00000,0.77454,1383.14
quat6,0.00000,0.63253,0.00000,0.77454,1383.14
quat7,0.00000,0.63253,0.00000,0.77454,1383.14
quat8,0.00000,0.63253,0.00000,0.77454,1383.14
quat0,-0.75187,0.11383,-0.64941,-0.00246,1383.16
quat1,-0.45972,0.48363,0.40934,0.62225,1383.16
quat2,0.64601,-0.00168,-0.17145,-0.74383,1383.16
quat3,0.23773,-0.41385,-0.47865,-0.73696,1383.16
quat4,-0.07368,0.66106,0.71266,0.22291,1383.16
quat5,0.00000,0.63253,0.00000,0.77454,1383.16
quat6,0.00000,0.63253,0.00000,0.77454,1383.16
quat7,0.00000,0.63253,0.00000,0.77454,1383.16
quat8,0.00000,0.63253,0.00000,0.77454,1383.16
quat0,-0.75272,0.09978,-0.65073,0.00097,1383.18
quat1,-0.48131,0.47574,0.42002,0.60465,1383.18
quat2,0.67957,0.01121,-0.17255,-0.71294,1383.18
quat3,0.24799,-0.40775,-0.50013,-0.72257,1383.18
quat4,-0.06884,0.63453,0.74353,0.19949,1383.18
quat5,0.00000,0.63253,0.00000,0.77454,1383.18
quat6,0.00000,0.63253,0.00000,0.77454,1383.18
quat7,0.00000,0.63253,0.00000,0.77454,1383.18
quat8,0.00000,0.63253,0.00000,0.77454,1383.18
quat0,-0.75967,0.09593,-0.64315,0.00759,1383.2
quat1,-0.49605,0.47231,0.43313,0.58589,1383.2
quat2,0.70863,0.02056,-0.17337,-0.68364,1383.2
quat3,0.25889,-0.40178,-0.51925,-0.70847,1383.2
quat4,-0.06655,0.60822,0.77036,0.17939,1383.2
quat5,0.00000,0.63253,0.00000,0.77454,1383.2
quat6,0.00000,0.63253,0.00000,0.77454,1383.2
quat7,0.00000,0.63253,0.00000,0.77454,1383.2
quat8,0.00000,0.63253,0.00000,0.77454,1383.2
quat0,-0.75093,0.09034,-0.65402,0.01447,1383.22
quat1,-0.50631,0.46851,0.44515,0.57096,1383.22
quat2,0.73319,0.02468,-0.17570,-0.65647,1383.22
quat3,0.26639,-0.39836,-0.53785,-0.69359,1383.22
quat4,-0.06618,0.58221,0.79407,0.16155,1383.22
quat5,0.00000,0.63253,0.00000,0.77454,1383.22
quat6,0.00000,0.63253,0.00000,0.77454,1383.22
quat7,0.00000,0.63253,0.00000,0.77454,1383.22
quat8,0.00000,0.63253,0.00000,0.77454,1383.22
quat0,-0.75223,0.08885,-0.65264,0.01755,1383.24
quat1,-0.51545,0.46246,0.45369,0.56090,1383.24
quat2,0.75348,0.02363,-0.18034,-0.63181,1383.24
quat3,0.27177,-0.39616,-0.55429,-0.67968,1383.24
quat4,-0.06715,0.55808,0.81404,0.14619,1383.24
quat5,0.00000,0.63253,0.00000,0.77454,1383.24
quat6,0.00000,0.63253,0.00000,0.77454,1383.24
quat7,0.00000,0.63253,0.00000,0.77454,1383.24
quat8,0.00000,0.63253,0.00000,0.77454,1383.24
quat0,-0.74890,0.09496,-0.65574,0.01142,1383.26
quat1,-0.52670,0.45446,0.45772,0.55366,1383.26
quat2,0.77012,0.01917,-0.18863,-0.60906,1383.26
quat3,0.27537,-0.39503,-0.56882,-0.66677,1383.26
quat4,-0.07039,0.53523,0.83108,0.13375,1383.26
quat5,0.00000,0.63253,0.00000,0.77454,1383.26
quat6,0.00000,0.63253,0.00000,0.77454,1383.26
quat7,0.00000,0.63253,0.00000,0.77454,1383.26
quat8,0.00000,0.63253,0.00000,0.77454,1383.26
quat0,-0.74921,0.09715,-0.65499,0.01540,1383.28
quat1,-0.53796,0.44719,0.45949,0.54726,1383.28
quat2,0.78289,0.01349,-0.19784,-0.58971,1383.28
quat3,0.27651,-0.39354,-0.58268,-0.65510,1383.28
quat4,-0.07412,0.51581,0.84450,0.12357,1383.28
quat5,0.00000,0.63253,0.00000,0.77454,1383.28
quat6,0.00000,0.63253,0.00000,0.77454,1383.28
quat7,0.00000,0.63253,0.00000,0.77454,1383.28
quat8,0.00000,0.63253,0.00000,0.77454,1383.28
quat0,-0.75322,0.08717,-0.65166,0.02008,1383.3
quat1,-0.54712,0.44051,0.46101,0.54230,1383.3
quat2,0.79328,0.00916,-0.20497,-0.57325,1383.3
quat3,0.27744,-0.39244,-0.59414,-0.64499,1383.3
quat4,-0.07450,0.49962,0.85561,0.11293,1383.3
quat5,0.00000,0.63253,0.00000,0.77454,1383.3
quat6,0.00000,0.63253,0.00000,0.77454,1383.3
quat7,0.00000,0.63253,0.00000,0.77454,1383.3
quat8,0.00000,0.63253,0.00000,0.77454,1383.3
quat0,-0.75894,0.09071,-0.64448,0.02070,1383.32
quat1,-0.55470,0.43578,0.46180,0.53772,1383.32
quat2,0.80062,0.00646,-0.20968,-0.56125,1383.32
quat3,0.27802,-0.39141,-0.60351,-0.63662,1383.32
quat4,-0.07447,0.48604,0.86460,0.10339,1383.32
quat5,0.00000,0.63253,0.00000,0.77454,1383.32
quat6,0.00000,0.63253,0.00000,0.77454,1383.32
quat7,0.00000,0.63253,0.00000,0.77454,1383.32
quat8,0.00000,0.63253,0.00000,0.77454,1383.32
quat0,-0.75058,0.09004,-0.65442,0.01587,1383.34
quat1,-0.56011,0.43360,0.46273,0.53306,1383.34
quat2,0.80479,0.00546,-0.21166,-0.55452,1383.34
quat3,0.27878,-0.39150,-0.60968,-0.63032,1383.34
quat4,-0.07640,0.47377,0.87198,0.09674,1383.34
quat5,0.00000,0.63253,0.00000,0.77454,1383.34
quat6,0.00000,0.63253,0.00000,0.77454,1383.34
quat7,0.00000,0.63253,0.00000,0.77454,1383.34
quat8,0.00000,0.63253,0.00000,0.77454,1383.34
quat0,-0.74327,0.08176,-0.66388,0.01092,1383.36
quat1,-0.56551,0.43174,0.46099,0.53037,1383.36
quat2,0.80602,0.00715,-0.20879,-0.55379,1383.36
quat3,0.27959,-0.39191,-0.61313,-0.62635,1383.36
quat4,-0.08175,0.46289,0.87760,0.09420,1383.36
quat5,0.00000,0.63253,0.00000,0.77454,1383.36
quat6,0.00000,0.63253,0.00000,0.77454,1383.36
quat7,0.00000,0.63253,0.00000,0.77454,1383.36
quat8,0.00000,0.63253,0.00000,0.77454,1383.36
quat0,-0.74618,0.07793,-0.66114,0.00589,1383.38
quat1,-0.57181,0.42887,0.45551,0.53068,1383.38
quat2,0.80517,0.01153,-0.19969,-0.55830,1383.38
quat3,0.28374,-0.39145,-0.61288,-0.62501,1383.38
quat4,-0.08725,0.45518,0.88116,0.09359,1383.38
quat5,0.00000,0.63253,0.00000,0.77454,1383.38
quat6,0.00000,0.63253,0.00000,0.77454,1383.38
quat7,0.00000,0.63253,0.00000,0.77454,1383.38
quat8,0.00000,0.63253,0.00000,0.77454,1383.38
quat0,-0.74336,0.08047,-0.66403,-0.00152,1383.4
quat1,-0.57699,0.42563,0.44870,0.53346,1383.4
quat2,0.80205,0.01673,-0.18732,-0.56687,1383.4
quat3,0.28989,-0.38995,-0.60974,-0.62619,1383.4
quat4,-0.08863,0.45280,0.88235,0.09258,1383.4
quat5,0.00000,0.63253,0.00000,0.77454,1383.4
quat6,0.00000,0.63253,0.00000,0.77454,1383.4
quat7,0.00000,0.63253,0.00000,0.77454,1383.4
quat8,0.00000,0.63253,0.00000,0.77454,1383.4
quat0,-0.74810,0.08319,-0.65834,-0.00317,1383.42
quat1,-0.57866,0.42328,0.44358,0.53780,1383.42
quat2,0.79614,0.02129,-0.17493,-0.57889,1383.42
quat3,0.29413,-0.38952,-0.60423,-0.62982,1383.42
quat4,-0.08816,0.45535,0.88105,0.09289,1383.42
quat5,0.00000,0.63253,0.00000,0.77454,1383.42
quat6,0.00000,0.63253,0.00000,0.77454,1383.42
quat7,0.00000,0.63253,0.00000,0.77454,1383.42
quat8,0.00000,0.63253,0.00000,0.77454,1383.42
quat0,-0.74776,0.09687,-0.65683,-0.00739,1383.44
quat1,-0.57558,0.42334,0.44082,0.54329,1383.44
quat2,0.78766,0.02425,-0.16489,-0.59313,1383.44
quat3,0.29254,-0.39125,-0.59868,-0.63476,1383.44
quat4,-0.08934,0.46261,0.87683,0.09576,1383.44
quat5,0.00000,0.63253,0.00000,0.77454,1383.44
quat6,0.00000,0.63253,0.00000,0.77454,1383.44
quat7,0.00000,0.63253,0.00000,0.77454,1383.44
quat8,0.00000,0.63253,0.00000,0.77454,1383.44
quat0,-0.74428,0.10249,-0.65987,-0.01084,1383.46
quat1,-0.56923,0.42613,0.43861,0.54955,1383.46
quat2,0.77623,0.02460,-0.15916,-0.60953,1383.46
quat3,0.28792,-0.39500,-0.59257,-0.64027,1383.46
quat4,-0.08893,0.47533,0.86957,0.09996,1383.46
quat5,0.00000,0.63253,0.00000,0.77454,1383.46
quat6,0.00000,0.63253,0.00000,0.77454,1383.46
quat7,0.00000,0.63253,0.00000,0.77454,1383.46
quat8,0.00000,0.63253,0.00000,0.77454,1383.46
quat0,-0.74262,0.10812,-0.66081,-0.01234,1383.48
quat1,-0.55918,0.43062,0.43679,0.55776,1383.48
quat2,0.76186,0.02168,-0.15790,-0.62782,1383.48
quat3,0.28252,-0.39847,-0.58467,-0.64773,1383.48
quat4,-0.08572,0.49274,0.85958,0.10475,1383.48
quat5,0.00000,0.63253,0.00000,0.77454,1383.48
quat6,0.00000,0.63253,0.00000,0.77454,1383.48
quat7,0.00000,0.63253,0.00000,0.77454,1383.48
quat8,0.00000,0.63253,0.00000,0.77454,1383.48
quat0,-0.74648,0.13075,-0.65195,-0.02509,1383.5
quat1,-0.54715,0.43639,0.43362,0.56759,1383.5
quat2,0.74441,0.01513,-0.16050,-0.64796,1383.5
quat3,0.27637,-0.40233,-0.57454,-0.65700,1383.5
quat4,-0.08132,0.51390,0.84679,0.11065,1383.5
quat5,0.00000,0.63253,0.00000,0.77454,1383.5
quat6,0.00000,0.63253,0.00000,0.77454,1383.5
quat7,0.00000,0.63253,0.00000,0.77454,1383.5
quat8,0.00000,0.63253,0.00000,0.77454,1383.5
quat0,-0.74714,0.13261,-0.65100,-0.01996,1383.52
quat1,-0.53334,0.44328,0.42930,0.57858,1383.52
quat2,0.72454,0.00583,-0.16550,-0.66904,1383.52
quat3,0.27140,-0.40739,-0.56144,-0.66721,1383.52
quat4,-0.07620,0.53768,0.83143,0.11752,1383.52
quat5,0.00000,0.63253,0.00000,0.77454,1383.52
quat6,0.00000,0.63253,0.00000,0.77454,1383.52
quat7,0.00000,0.63253,0.00000,0.77454,1383.52
quat8,0.00000,0.63253,0.00000,0.77454,1383.52
quat0,-0.74971,0.13542,-0.64771,-0.00856,1383.54
quat1,-0.51836,0.45268,0.42445,0.58841,1383.54
quat2,0.70153,-0.00480,-0.17126,-0.69174,1383.54
quat3,0.26652,-0.41298,-0.54647,-0.67807,1383.54
quat4,-0.07220,0.56305,0.81360,0.12581,1383.54
quat5,0.00000,0.63253,0.00000,0.77454,1383.54
quat6,0.00000,0.63253,0.00000,0.77454,1383.54
quat7,0.00000,0.63253,0.00000,0.77454,1383.54
quat8,0.00000,0.63253,0.00000,0.77454,1383.54
quat0,-0.74546,0.14790,-0.64960,-0.02086,1383.56
quat1,-0.50067,0.46549,0.41831,0.59805,1383.56
quat2,0.67616,-0.01577,-0.17658,-0.71511,1383.56
quat3,0.26056,-0.41802,-0.52991,-0.69034,1383.56
quat4,-0.07007,0.58875,0.79381,0.13542,1383.56
quat5,0.00000,0.63253,0.00000,0.77454,1383.56
quat6,0.00000,0.63253,0.00000,0.77454,1383.56
quat7,0.00000,0.63253,0.00000,0.77454,1383.56
quat8,0.00000,0.63253,0.00000,0.77454,1383.56
quat0,-0.74617,0.14294,-0.64991,-0.02036,1383.58
quat1,-0.48070,0.48072,0.41073,0.60756,1383.58
quat2,0.64896,-0.02438,-0.17876,-0.73912,1383.58
quat3,0.25402,-0.42180,-0.51123,-0.70442,1383.58
quat4,-0.07003,0.61452,0.77202,0.14647,1383.58
quat5,0.00000,0.63253,0.00000,0.77454,1383.58
quat6,0.00000,0.63253,0.00000,0.77454,1383.58
quat7,0.00000,0.63253,0.00000,0.77454,1383.58
quat8,0.00000,0.63253,0.00000,0.77454,1383.58
quat0,-0.75384,0.13513,-0.64283,-0.01527,1383.6
quat1,-0.45962,0.49665,0.40042,0.61786,1383.6
quat2,0.62224,-0.02907,-0.17530,-0.76239,1383.6
quat3,0.24821,-0.42302,-0.48920,-0.72120,1383.6
quat4,-0.07252,0.63974,0.74832,0.15963,1383.6
quat5,0.00000,0.63253,0.00000,0.77454,1383.6
quat6,0.00000,0.63253,0.00000,0.77454,1383.6
quat7,0.00000,0.63253,0.00000,0.77454,1383.6
quat8,0.00000,0.63253,0.00000,0.77454,1383.6
quat0,-0.75621,0.14869,-0.63715,-0.00872,1383.62
quat1,-0.43678,0.51252,0.38850,0.62898,1383.62
quat2,0.59572,-0.03077,-0.16850,-0.78472,1383.62
quat3,0.24105,-0.42426,-0.46487,-0.73878,1383.62
quat4,-0.07927,0.66353,0.72269,0.17652,1383.62
quat5,0.00000,0.63253,0.00000,0.77454,1383.62
quat6,0.00000,0.63253,0.00000,0.77454,1383.62
quat7,0.00000,0.63253,0.00000,0.77454,1383.62
quat8,0.00000,0.63253,0.00000,0.77454,1383.62
quat0,-0.75992,0.14167,-0.63438,-0.00264,1383.64
quat1,-0.41274,0.52931,0.37608,0.63879,1383.64
quat2,0.56711,-0.03205,-0.16153,-0.80701,1383.64
quat3,0.23122,-0.42334,-0.43965,-0.75765,1383.64
quat4,-0.08950,0.68573,0.69495,0.19699,1383.64
quat5,0.00000,0.63253,0.00000,0.77454,1383.64
quat6,0.00000,0.63253,0.00000,0.77454,1383.64
quat7,0.00000,0.63253,0.00000,0.77454,1383.64
quat8,0.00000,0.63253,0.00000,0.77454,1383.64
quat0,-0.75974,0.13693,-0.63565,0.00036,1383.66
quat1,-0.38867,0.54590,0.36230,0.64782,1383.66
quat2,0.53666,-0.03404,-0.15498,-0.82875,1383.66
quat3,0.21909,-0.41889,-0.41411,-0.77784,1383.66
quat4,-0.10083,0.70611,0.66553,0.21981,1383.66
quat5,0.00000,0.63253,0.00000,0.77454,1383.66
quat6,0.00000,0.63253,0.00000,0.77454,1383.66
quat7,0.00000,0.63253,0.00000,0.77454,1383.66
quat8,0.00000,0.63253,0.00000,0.77454,1383.66
quat0,-0.75799,0.15204,-0.63429,-0.00424,1383.68
quat1,-0.36606,0.56008,0.34714,0.65712,1383.68
quat2,0.50505,-0.03691,-0.14826,-0.84946,1383.68
quat3,0.20698,-0.41417,-0.38871,-0.79658,1383.68
quat4,-0.11206,0.72447,0.63421,0.24571,1383.68
quat5,0.00000,0.63253,0.00000,0.77454,1383.68
quat6,0.00000,0.63253,0.00000,0.77454,1383.68
quat7,0.00000,0.63253,0.00000,0.77454,1383.68
quat8,0.00000,0.63253,0.00000,0.77454,1383.68
quat0,-0.76101,0.15838,-0.62907,-0.00719,1383.7
quat1,-0.34461,0.57206,0.33131,0.66650,1383.7
quat2,0.47325,-0.04091,-0.14004,-0.86876,1383.7
quat3,0.18996,-0.41279,-0.36646,-0.81193,1383.7
quat4,-0.11921,0.74139,0.60212,0.27126,1383.7
quat5,0.00000,0.63253,0.00000,0.77454,1383.7
quat6,0.00000,0.63253,0.00000,0.77454,1383.7
quat7,0.00000,0.63253,0.00000,0.77454,1383.7
quat8,0.00000,0.63253,0.00000,0.77454,1383.7
quat0,-0.75398,0.14702,-0.64022,-0.00409,1383.72
quat1,-0.32251,0.58543,0.31544,0.67362,1383.72
quat2,0.44029,-0.04434,-0.13121,-0.88711,1383.72
quat3,0.17055,-0.41326,-0.34399,-0.82571,1383.72
quat4,-0.12460,0.75647,0.56856,0.29826,1383.72
quat5,0.00000,0.63253,0.00000,0.77454,1383.72
quat6,0.00000,0.63253,0.00000,0.77454,1383.72
quat7,0.00000,0.63253,0.00000,0.77454,1383.72
quat8,0.00000,0.63253,0.00000,0.77454,1383.72
quat0,-0.75242,0.15259,-0.64076,-0.00344,1383.74
quat1,-0.29986,0.60006,0.30006,0.67821,1383.74
quat2,0.40700,-0.04515,-0.12238,-0.90407,1383.74
quat3,0.15478,-0.40937,-0.31987,-0.84032,1383.74
quat4,-0.13014,0.76818,0.53394,0.32844,1383.74
quat5,0.00000,0.63253,0.00000,0.77454,1383.74
quat6,0.00000,0.63253,0.00000,0.77454,1383.74
quat7,0.00000,0.63253,0.00000,0.77454,1383.74
quat8,0.00000,0.63253,0.00000,0.77454,1383.74
quat0,-0.76035,0.14863,-0.63226,0.00460,1383.76
quat1,-0.27900,0.61224,0.28352,0.68333,1383.76
quat2,0.37391,-0.04231,-0.11244,-0.91965,1383.76
quat3,0.14079,-0.40525,-0.29474,-0.85386,1383.76
quat4,-0.13253,0.77953,0.49679,0.35774,1383.76
quat5,0.00000,0.63253,0.00000,0.77454,1383.76
quat6,0.00000,0.63253,0.00000,0.77454,1383.76
quat7,0.00000,0.63253,0.00000,0.77454,1383.76
quat8,0.00000,0.63253,0.00000,0.77454,1383.76
quat0,-0.74929,0.15017,-0.64499,-0.00145,1383.78
quat1,-0.25994,0.62227,0.26516,0.68914,1383.78
quat2,0.34158,-0.03923,-0.10242,-0.93343,1383.78
quat3,0.12564,-0.40308,-0.27060,-0.86517,1383.78
quat4,-0.13111,0.79143,0.45878,0.38205,1383.78
quat5,0.00000,0.63253,0.00000,0.77454,1383.78
quat6,0.00000,0.63253,0.00000,0.77454,1383.78
quat7,0.00000,0.63253,0.00000,0.77454,1383.78
quat8,0.00000,0.63253,0.00000,0.77454,1383.78
quat0,-0.75237,0.15458,-0.64034,0.00122,1383.8
quat1,-0.24207,0.63144,0.24523,0.69466,1383.8
quat2,0.30816,-0.03698,-0.09418,-0.94594,1383.8
quat3,0.10973,-0.40434,-0.24791,-0.87350,1383.8
quat4,-0.12857,0.80288,0.42111,0.40189,1383.8
quat5,0.00000,0.63253,0.00000,0.77454,1383.8
quat6,0.00000,0.63253,0.00000,0.77454,1383.8
quat7,0.00000,0.63253,0.00000,0.77454,1383.8
quat8,0.00000,0.63253,0.00000,0.77454,1383.8
quat0,-0.76583,0.14422,-0.62651,0.01360,1383.82
quat1,-0.22567,0.63968,0.22506,0.69945,1383.82
quat2,0.27462,-0.03242,-0.08764,-0.95700,1383.82
quat3,0.09452,-0.40973,-0.22815,-0.87814,1383.82
quat4,-0.12494,0.81258,0.38365,0.42062,1383.82
quat5,0.00000,0.63253,0.00000,0.77454,1383.82
quat6,0.00000,0.63253,0.00000,0.77454,1383.82
quat7,0.00000,0.63253,0.00000,0.77454,1383.82
quat8,0.00000,0.63253,0.00000,0.77454,1383.82
quat0,-0.74852,0.14897,-0.64614,0.00473,1383.84
quat1,-0.21039,0.64605,0.20655,0.70406,1383.84
quat2,0.24130,-0.02213,-0.08016,-0.96688,1383.84
quat3,0.07928,-0.41607,-0.21158,-0.88082,1383.84
quat4,-0.12053,0.82364,0.34369,0.43471,1383.84
quat5,0.00000,0.63253,0.00000,0.77454,1383.84
quat6,0.00000,0.63253,0.00000,0.77454,1383.84
quat7,0.00000,0.63253,0.00000,0.77454,1383.84
quat8,0.00000,0.63253,0.00000,0.77454,1383.84
quat0,-0.73985,0.15245,-0.65527,-0.00022,1383.86
quat1,-0.19680,0.64806,0.18938,0.71093,1383.86
quat2,0.21084,-0.01129,-0.07083,-0.97489,1383.86
quat3,0.06546,-0.42173,-0.19691,-0.88266,1383.86
quat4,-0.11811,0.83569,0.30426,0.44170,1383.86
quat5,0.00000,0.63253,0.00000,0.77454,1383.86
quat6,0.00000,0.63253,0.00000,0.77454,1383.86
quat7,0.00000,0.63253,0.00000,0.77454,1383.86
quat8,0.00000,0.63253,0.00000,0.77454,1383.86
quat0,-0.74924,0.14118,-0.64688,0.01586,1383.88
quat1,-0.18413,0.64627,0.17285,0.72010,1383.88
quat2,0.18140,-0.00287,-0.06136,-0.98149,1383.88
quat3,0.04962,-0.43016,-0.18437,-0.88233,1383.88
quat4,-0.11779,0.85032,0.26657,0.43821,1383.88
quat5,0.00000,0.63253,0.00000,0.77454,1383.88
quat6,0.00000,0.63253,0.00000,0.77454,1383.88
quat7,0.00000,0.63253,0.00000,0.77454,1383.88
quat8,0.00000,0.63253,0.00000,0.77454,1383.88
quat0,-0.75771,0.14117,-0.63683,0.01996,1383.9
quat1,-0.16977,0.64197,0.16141,0.73007,1383.9
quat2,0.15371,0.00170,-0.05368,-0.98666,1383.9
quat3,0.03231,-0.44254,-0.17412,-0.87909,1383.9
quat4,-0.11949,0.86439,0.23394,0.42875,1383.9
quat5,0.00000,0.63253,0.00000,0.77454,1383.9
quat6,0.00000,0.63253,0.00000,0.77454,1383.9
quat7,0.00000,0.63253,0.00000,0.77454,1383.9
quat8,0.00000,0.63253,0.00000,0.77454,1383.9
quat0,-0.75820,0.14603,-0.63526,0.01588,1383.92
quat1,-0.15468,0.63859,0.15296,0.73816,1383.92
quat2,0.12760,0.00427,-0.04775,-0.99067,1383.92
quat3,0.01737,-0.45310,-0.16733,-0.87544,1383.92
quat4,-0.12387,0.87536,0.20339,0.42076,1383.92
quat5,0.00000,0.63253,0.00000,0.77454,1383.92
quat6,0.00000,0.63253,0.00000,0.77454,1383.92
quat7,0.00000,0.63253,0.00000,0.77454,1383.92
quat8,0.00000,0.63253,0.00000,0.77454,1383.92
quat0,-0.74940,0.14518,-0.64580,0.01607,1383.94
quat1,-0.14124,0.63977,0.14437,0.74155,1383.94
quat2,0.10609,0.00305,-0.04478,-0.99334,1383.94
quat3,0.00598,-0.46330,-0.16205,-0.87124,1383.94
quat4,-0.12814,0.88677,0.17735,0.40715,1383.94
quat5,0.00000,0.63253,0.00000,0.77454,1383.94
quat6,0.00000,0.63253,0.00000,0.77454,1383.94
quat7,0.00000,0.63253,0.00000,0.77454,1383.94
quat8,0.00000,0.63253,0.00000,0.77454,1383.94
quat0,-0.74928,0.13161,-0.64852,0.02594,1383.96
quat1,-0.12918,0.64208,0.13514,0.74349,1383.96
quat2,0.08670,-0.00601,-0.04497,-0.99520,1383.96
quat3,-0.00329,-0.47312,-0.15673,-0.86694,1383.96
quat4,-0.13250,0.89794,0.15724,0.38912,1383.96
quat5,0.00000,0.63253,0.00000,0.77454,1383.96
quat6,0.00000,0.63253,0.00000,0.77454,1383.96
quat7,0.00000,0.63253,0.00000,0.77454,1383.96
quat8,0.00000,0.63253,0.00000,0.77454,1383.96
quat0,-0.76246,0.12546,-0.63408,0.02931,1383.98
quat1,-0.11924,0.64532,0.12906,0.74343,1383.98
quat2,0.07082,-0.01771,-0.04716,-0.99622,1383.98
quat3,-0.00948,-0.48212,-0.15065,-0.86300,1383.98
quat4,-0.13623,0.90486,0.14284,0.37719,1383.98
quat5,0.00000,0.63253,0.00000,0.77454,1383.98
quat6,0.00000,0.63253,0.00000,0.77454,1383.98
quat7,0.00000,0.63253,0.00000,0.77454,1383.98
quat8,0.00000,0.63253,0.00000,0.77454,1383.98
quat0,-0.75089,0.13124,-0.64677,0.02493,1384
quat1,-0.11319,0.64597,0.12475,0.74455,1384
quat2,0.06292,-0.02742,-0.04960,-0.99641,1384
quat3,-0.00927,-0.48888,-0.14774,-0.85970,1384
quat4,-0.13713,0.91007,0.13374,0.36754,1384
quat5,0.00000,0.63253,0.00000,0.77454,1384
quat6,0.00000,0.63253,0.00000,0.77454,1384
quat7,0.00000,0.63253,0.00000,0.77454,1384
quat8,0.00000,0.63253,0.00000,0.77454,1384
quat0,-0.75218,0.12130,-0.64720,0.02549,1384.02
quat1,-0.11267,0.64103,0.12325,0.74913,1384.02
quat2,0.06381,-0.02552,-0.05023,-0.99637,1384.02
quat3,-0.00547,-0.49711,-0.15041,-0.85454,1384.02
quat4,-0.13542,0.91765,0.13222,0.34944,1384.02
quat5,0.00000,0.63253,0.00000,0.77454,1384.02
quat6,0.00000,0.63253,0.00000,0.77454,1384.02
quat7,0.00000,0.63253,0.00000,0.77454,1384.02
quat8,0.00000,0.63253,0.00000,0.77454,1384.02
quat0,-0.75832,0.13109,-0.63838,0.01552,1384.04
quat1,-0.12007,0.63295,0.12659,0.75428,1384.04
quat2,0.07113,-0.02413,-0.05248,-0.99579,1384.04
quat3,0.00067,-0.50412,-0.15920,-0.84883,1384.04
quat4,-0.13335,0.92606,0.13825,0.32484,1384.04
quat5,0.00000,0.63253,0.00000,0.77454,1384.04
quat6,0.00000,0.63253,0.00000,0.77454,1384.04
quat7,0.00000,0.63253,0.00000,0.77454,1384.04
quat8,0.00000,0.63253,0.00000,0.77454,1384.04
quat0,-0.76054,0.12744,-0.63645,0.01631,1384.06
quat1,-0.13438,0.62380,0.13531,0.75796,1384.06
quat2,0.09000,-0.01282,-0.05355,-0.99442,1384.06
quat3,0.00931,-0.50969,-0.17422,-0.84248,1384.06
quat4,-0.13097,0.93354,0.15231,0.29692,1384.06
quat5,0.00000,0.63253,0.00000,0.77454,1384.06
quat6,0.00000,0.63253,0.00000,0.77454,1384.06
quat7,0.00000,0.63253,0.00000,0.77454,1384.06
quat8,0.00000,0.63253,0.00000,0.77454,1384.06
quat0,-0.75505,0.13458,-0.64161,0.01130,1384.08
quat1,-0.15454,0.61335,0.14805,0.76026,1384.08
quat2,0.12042,0.00352,-0.05153,-0.99138,1384.08
quat3,0.02042,-0.51419,-0.19331,-0.83536,1384.08
quat4,-0.12785,0.93825,0.17471,0.26985,1384.08
quat5,0.00000,0.63253,0.00000,0.77454,1384.08
quat6,0.00000,0.63253,0.00000,0.77454,1384.08
quat7,0.00000,0.63253,0.00000,0.77454,1384.08
quat8,0.00000,0.63253,0.00000,0.77454,1384.08
quat0,-0.75432,0.13636,-0.64196,0.01694,1384.1
quat1,-0.17794,0.60881,0.16608,0.75506,1384.1
quat2,0.15437,0.00351,-0.05420,-0.98652,1384.1
quat3,0.03367,-0.51613,-0.21527,-0.82833,1384.1
quat4,-0.12170,0.94022,0.20297,0.24491,1384.1
quat5,0.00000,0.63253,0.00000,0.77454,1384.1
quat6,0.00000,0.63253,0.00000,0.77454,1384.1
quat7,0.00000,0.63253,0.00000,0.77454,1384.1
quat8,0.00000,0.63253,0.00000,0.77454,1384.1
quat0,-0.76078,0.14274,-0.63295,0.01483,1384.12
quat1,-0.20248,0.60822,0.18853,0.74399,1384.12
quat2,0.19402,-0.00811,-0.06070,-0.97909,1384.12
quat3,0.04922,-0.51548,-0.24025,-0.82106,1384.12
quat4,-0.11142,0.93885,0.23808,0.22239,1384.12
quat5,0.00000,0.63253,0.00000,0.77454,1384.12
quat6,0.00000,0.63253,0.00000,0.77454,1384.12
quat7,0.00000,0.63253,0.00000,0.77454,1384.12
quat8,0.00000,0.63253,0.00000,0.77454,1384.12
quat0,-0.76122,0.14602,-0.63167,0.01449,1384.14
quat1,-0.22853,0.60771,0.21220,0.73036,1384.14
quat2,0.23804,-0.01847,-0.06863,-0.96865,1384.14
quat3,0.06746,-0.51528,-0.26752,-0.81140,1384.14
quat4,-0.09806,0.93290,0.27674,0.20855,1384.14
quat5,0.00000,0.63253,0.00000,0.77454,1384.14
quat6,0.00000,0.63253,0.00000,0.77454,1384.14
quat7,0.00000,0.63253,0.00000,0.77454,1384.14
quat8,0.00000,0.63253,0.00000,0.77454,1384.14
quat0,-0.76230,0.14788,-0.63003,0.00965,1384.16
quat1,-0.25651,0.60462,0.23727,0.71578,1384.16
quat2,0.28569,-0.02209,-0.07492,-0.95513,1384.16
quat3,0.08750,-0.51337,-0.29621,-0.80066,1384.16
quat4,-0.08376,0.92165,0.31982,0.20315,1384.16
quat5,0.00000,0.63253,0.00000,0.77454,1384.16
quat6,0.00000,0.63253,0.00000,0.77454,1384.16
quat7,0.00000,0.63253,0.00000,0.77454,1384.16
quat8,0.00000,0.63253,0.00000,0.77454,1384.16
quat0,-0.76393,0.14771,-0.62812,0.00735,1384.18
quat1,-0.28699,0.59511,0.26205,0.70343,1384.18
quat2,0.33325,-0.02226,-0.07839,-0.93931,1384.18
quat3,0.10963,-0.50779,-0.32465,-0.79040,1384.18
quat4,-0.07074,0.90605,0.36506,0.20200,1384.18
quat5,0.00000,0.63253,0.00000,0.77454,1384.18
quat6,0.00000,0.63253,0.00000,0.77454,1384.18
quat7,0.00000,0.63253,0.00000,0.77454,1384.18
quat8,0.00000,0.63253,0.00000,0.77454,1384.18
quat0,-0.76299,0.14534,-0.62985,0.00262,1384.2
quat1,-0.31900,0.57902,0.28514,0.69403,1384.2
quat2,0.38133,-0.02238,-0.08265,-0.92047,1384.2
quat3,0.13185,-0.49911,-0.35334,-0.78016,1384.2
quat4,-0.05872,0.88617,0.41332,0.20104,1384.2
quat5,0.00000,0.63253,0.00000,0.77454,1384.2
quat6,0.00000,0.63253,0.00000,0.77454,1384.2
quat7,0.00000,0.63253,0.00000,0.77454,1384.2
quat8,0.00000,0.63253,0.00000,0.77454,1384.2
quat0,-0.76088,0.13365,-0.63497,0.00376,1384.22
quat1,-0.35042,0.56094,0.30600,0.68478,1384.22
quat2,0.42782,-0.02269,-0.08883,-0.89920,1384.22
quat3,0.15399,-0.49006,-0.38197,-0.76826,1384.22
quat4,-0.04799,0.86335,0.46094,0.19965,1384.22
quat5,0.00000,0.63253,0.00000,0.77454,1384.22
quat6,0.00000,0.63253,0.00000,0.77454,1384.22
quat7,0.00000,0.63253,0.00000,0.77454,1384.22
quat8,0.00000,0.63253,0.00000,0.77454,1384.22
quat0,-0.76182,0.12488,-0.63558,0.00889,1384.24
quat1,-0.38171,0.54437,0.32459,0.67276,1384.24
quat2,0.47292,-0.02346,-0.09699,-0.87543,1384.24
quat3,0.17495,-0.48103,-0.40958,-0.75515,1384.24
quat4,-0.03860,0.83726,0.50827,0.19792,1384.24
quat5,0.00000,0.63253,0.00000,0.77454,1384.24
quat6,0.00000,0.63253,0.00000,0.77454,1384.24
quat7,0.00000,0.63253,0.00000,0.77454,1384.24
quat8,0.00000,0.63253,0.00000,0.77454,1384.24
quat0,-0.76434,0.12273,-0.63290,0.01275,1384.26
quat1,-0.41054,0.53063,0.34233,0.65780,1384.26
quat2,0.51420,-0.02487,-0.10644,-0.85068,1384.26
quat3,0.19323,-0.47352,-0.43639,-0.74028,1384.26
quat4,-0.03282,0.80854,0.55358,0.19679,1384.26
quat5,0.00000,0.63253,0.00000,0.77454,1384.26
quat6,0.00000,0.63253,0.00000,0.77454,1384.26
quat7,0.00000,0.63253,0.00000,0.77454,1384.26
quat8,0.00000,0.63253,0.00000,0.77454,1384.26
quat0,-0.76971,0.12320,-0.62622,0.01484,1384.28
quat1,-0.43651,0.51750,0.35932,0.64229,1384.28
quat2,0.55332,-0.02408,-0.11396,-0.82479,1384.28
quat3,0.20941,-0.46468,-0.46247,-0.72550,1384.28
quat4,-0.03001,0.77746,0.59713,0.19515,1384.28
quat5,0.00000,0.63253,0.00000,0.77454,1384.28
quat6,0.00000,0.63253,0.00000,0.77454,1384.28
quat7,0.00000,0.63253,0.00000,0.77454,1384.28
quat8,0.00000,0.63253,0.00000,0.77454,1384.28
quat0,-0.76495,0.11290,-0.63382,0.01950,1384.3
quat1,-0.45857,0.50547,0.37569,0.62695,1384.3
quat2,0.59009,-0.02041,-0.11846,-0.79834,1384.3
quat3,0.22442,-0.45469,-0.48634,-0.71159,1384.3
quat4,-0.02991,0.74509,0.63740,0.19409,1384.3
quat5,0.00000,0.63253,0.00000,0.77454,1384.3
quat6,0.00000,0.63253,0.00000,0.77454,1384.3
quat7,0.00000,0.63253,0.00000,0.77454,1384.3
quat8,0.00000,0.63253,0.00000,0.77454,1384.3
quat0,-0.77185,0.10848,-0.62615,0.02042,1384.32
quat1,-0.47598,0.49781,0.39143,0.61025,1384.32
quat2,0.62432,-0.01612,-0.12135,-0.77152,1384.32
quat3,0.23885,-0.44510,-0.50675,-0.69859,1384.32
quat4,-0.03292,0.71226,0.67402,0.19315,1384.32
quat5,0.00000,0.63253,0.00000,0.77454,1384.32
quat6,0.00000,0.63253,0.00000,0.77454,1384.32
quat7,0.00000,0.63253,0.00000,0.77454,1384.32
quat8,0.00000,0.63253,0.00000,0.77454,1384.32
quat0,-0.76850,0.11168,-0.62960,0.02316,1384.34
quat1,-0.48783,0.49283,0.40658,0.59483,1384.34
quat2,0.65498,-0.01360,-0.12504,-0.74510,1384.34
quat3,0.25063,-0.43731,-0.52491,-0.68586,1384.34
quat4,-0.03805,0.68007,0.70705,0.19010,1384.34
quat5,0.00000,0.63253,0.00000,0.77454,1384.34
quat6,0.00000,0.63253,0.00000,0.77454,1384.34
quat7,0.00000,0.63253,0.00000,0.77454,1384.34
quat8,0.00000,0.63253,0.00000,0.77454,1384.34
quat0,-0.76653,0.09839,-0.63357,0.03666,1384.36
quat1,-0.49629,0.48758,0.42012,0.58264,1384.36
quat2,0.68171,-0.01386,-0.13141,-0.71959,1384.36
quat3,0.25962,-0.43068,-0.54148,-0.67373,1384.36
quat4,-0.04486,0.64898,0.73659,0.18508,1384.36
quat5,0.00000,0.63253,0.00000,0.77454,1384.36
quat6,0.00000,0.63253,0.00000,0.77454,1384.36
quat7,0.00000,0.63253,0.00000,0.77454,1384.36
quat8,0.00000,0.63253,0.00000,0.77454,1384.36
quat0,-0.76535,0.10915,-0.63347,0.03228,1384.38
quat1,-0.50346,0.48186,0.43144,0.57288,1384.38
quat2,0.70502,-0.01663,-0.14004,-0.69502,1384.38
quat3,0.26530,-0.42534,-0.55700,-0.66215,1384.38
quat4,-0.05359,0.61907,0.76268,0.17945,1384.38
quat5,0.00000,0.63253,0.00000,0.77454,1384.38
quat6,0.00000,0.63253,0.00000,0.77454,1384.38
quat7,0.00000,0.63253,0.00000,0.77454,1384.38
quat8,0.00000,0.63253,0.00000,0.77454,1384.38
quat0,-0.76454,0.09483,-0.63602,0.04428,1384.4
quat1,-0.50980,0.47463,0.44089,0.56608,1384.4
quat2,0.72513,-0.01992,-0.14935,-0.67193,1384.4
quat3,0.26763,-0.42118,-0.57186,-0.65112,1384.4
quat4,-0.06384,0.59203,0.78442,0.17350,1384.4
quat5,0.00000,0.63253,0.00000,0.77454,1384.4
quat6,0.00000,0.63253,0.00000,0.77454,1384.4
quat7,0.00000,0.63253,0.00000,0.77454,1384.4
quat8,0.00000,0.63253,0.00000,0.77454,1384.4
quat0,-0.76457,0.09966,-0.63519,0.04505,1384.42
quat1,-0.51817,0.46644,0.44737,0.56017,1384.42
quat2,0.74262,-0.02231,-0.15804,-0.65042,1384.42
quat3,0.26759,-0.41700,-0.58626,-0.64094,1384.42
quat4,-0.07248,0.56869,0.80241,0.16577,1384.42
quat5,0.00000,0.63253,0.00000,0.77454,1384.42
quat6,0.00000,0.63253,0.00000,0.77454,1384.42
quat7,0.00000,0.63253,0.00000,0.77454,1384.42
quat8,0.00000,0.63253,0.00000,0.77454,1384.42
quat0,-0.76222,0.11259,-0.63625,0.03923,1384.44
quat1,-0.52735,0.45814,0.45083,0.55566,1384.44
quat2,0.75725,-0.02264,-0.16463,-0.63163,1384.44
quat3,0.26523,-0.41188,-0.60110,-0.63141,1384.44
quat4,-0.07470,0.55121,0.81651,0.15460,1384.44
quat5,0.00000,0.63253,0.00000,0.77454,1384.44
quat6,0.00000,0.63253,0.00000,0.77454,1384.44
quat7,0.00000,0.63253,0.00000,0.77454,1384.44
quat8,0.00000,0.63253,0.00000,0.77454,1384.44
quat0,-0.75914,0.10438,-0.64096,0.04458,1384.46
quat1,-0.53661,0.45059,0.45298,0.55120,1384.46
quat2,0.77051,-0.02045,-0.16666,-0.61492,1384.46
quat3,0.25872,-0.40750,-0.61633,-0.62220,1384.46
quat4,-0.06978,0.53829,0.82794,0.14104,1384.46
quat5,0.00000,0.63253,0.00000,0.77454,1384.46
quat6,0.00000,0.63253,0.00000,0.77454,1384.46
quat7,0.00000,0.63253,0.00000,0.77454,1384.46
quat8,0.00000,0.63253,0.00000,0.77454,1384.46
quat0,-0.75935,0.09678,-0.64138,0.05146,1384.48
quat1,-0.54605,0.44398,0.45371,0.54668,1384.48
quat2,0.78214,-0.01633,-0.16466,-0.60073,1384.48
quat3,0.25055,-0.40420,-0.63003,-0.61393,1384.48
quat4,-0.06243,0.52817,0.83711,0.12804,1384.48
quat5,0.00000,0.63253,0.00000,0.77454,1384.48
quat6,0.00000,0.63253,0.00000,0.77454,1384.48
quat7,0.00000,0.63253,0.00000,0.77454,1384.48
quat8,0.00000,0.63253,0.00000,0.77454,1384.48
quat0,-0.76054,0.11091,-0.63839,0.04175,1384.5
quat1,-0.55385,0.43922,0.45419,0.54226,1384.5
quat2,0.79169,-0.01148,-0.16166,-0.58904,1384.5
quat3,0.24473,-0.40074,-0.64018,-0.60802,1384.5
quat4,-0.05589,0.52006,0.84408,0.11809,1384.5
quat5,0.00000,0.63253,0.00000,0.77454,1384.5
quat6,0.00000,0.63253,0.00000,0.77454,1384.5
quat7,0.00000,0.63253,0.00000,0.77454,1384.5
quat8,0.00000,0.63253,0.00000,0.77454,1384.5
quat0,-0.75963,0.10408,-0.64041,0.04479,1384.52
quat1,-0.56043,0.43643,0.45435,0.53760,1384.52
quat2,0.79841,-0.00788,-0.15994,-0.58044,1384.52
quat3,0.24206,-0.39689,-0.64711,-0.60426,1384.52
quat4,-0.04990,0.51465,0.84860,0.11188,1384.52
quat5,0.00000,0.63253,0.00000,0.77454,1384.52
quat6,0.00000,0.63253,0.00000,0.77454,1384.52
quat7,0.00000,0.63253,0.00000,0.77454,1384.52
quat8,0.00000,0.63253,0.00000,0.77454,1384.52
quat0,-0.75910,0.10822,-0.64047,0.04301,1384.54
quat1,-0.56496,0.43487,0.45443,0.53403,1384.54
quat2,0.80243,-0.00650,-0.15974,-0.57494,1384.54
quat3,0.24089,-0.39302,-0.65143,-0.60262,1384.54
quat4,-0.04550,0.51104,0.85140,0.10902,1384.54
quat5,0.00000,0.63253,0.00000,0.77454,1384.54
quat6,0.00000,0.63253,0.00000,0.77454,1384.54
quat7,0.00000,0.63253,0.00000,0.77454,1384.54
quat8,0.00000,0.63253,0.00000,0.77454,1384.54
quat0,-0.75601,0.10767,-0.64445,0.03931,1384.56
quat1,-0.56773,0.43434,0.45385,0.53202,1384.56
quat2,0.80386,-0.00674,-0.16068,-0.57267,1384.56
quat3,0.24055,-0.39050,-0.65261,-0.60311,1384.56
quat4,-0.04384,0.50934,0.85237,0.11006,1384.56
quat5,0.00000,0.63253,0.00000,0.77454,1384.56
quat6,0.00000,0.63253,0.00000,0.77454,1384.56
quat7,0.00000,0.63253,0.00000,0.77454,1384.56
quat8,0.00000,0.63253,0.00000,0.77454,1384.56
quat0,-0.75868,0.11093,-0.64089,0.03696,1384.58
quat1,-0.56708,0.43499,0.45419,0.53191,1384.58
quat2,0.80287,-0.00789,-0.16188,-0.57370,1384.58
quat3,0.24030,-0.39039,-0.65159,-0.60438,1384.58
quat4,-0.04236,0.51100,0.85105,0.11313,1384.58
quat5,0.00000,0.63253,0.00000,0.77454,1384.58
quat6,0.00000,0.63253,0.00000,0.77454,1384.58
quat7,0.00000,0.63253,0.00000,0.77454,1384.58
quat8,0.00000,0.63253,0.00000,0.77454,1384.58
quat0,-0.75812,0.11761,-0.64064,0.03162,1384.6
quat1,-0.56390,0.43720,0.45425,0.53342,1384.6
quat2,0.79978,-0.00926,-0.16178,-0.57801,1384.6
quat3,0.24026,-0.39070,-0.64824,-0.60779,1384.6
quat4,-0.03910,0.51592,0.84775,0.11670,1384.6
quat5,0.00000,0.63253,0.00000,0.77454,1384.6
quat6,0.00000,0.63253,0.00000,0.77454,1384.6
quat7,0.00000,0.63253,0.00000,0.77454,1384.6
quat8,0.00000,0.63253,0.00000,0.77454,1384.6
quat0,-0.75538,0.11687,-0.64400,0.03174,1384.62
quat1,-0.55865,0.44095,0.45346,0.53652,1384.62
quat2,0.79441,-0.01104,-0.16133,-0.58546,1384.62
quat3,0.24056,-0.39195,-0.64204,-0.61343,1384.62
quat4,-0.03658,0.52376,0.84232,0.12178,1384.62
quat5,0.00000,0.63253,0.00000,0.77454,1384.62
quat6,0.00000,0.63253,0.00000,0.77454,1384.62
quat7,0.00000,0.63253,0.00000,0.77454,1384.62
quat8,0.00000,0.63253,0.00000,0.77454,1384.62
quat0,-0.75506,0.11931,-0.64403,0.02967,1384.64
quat1,-0.55206,0.44497,0.45138,0.54175,1384.64
quat2,0.78644,-0.01368,-0.16153,-0.59602,1384.64
quat3,0.23983,-0.39405,-0.63412,-0.62057,1384.64
quat4,-0.03496,0.53462,0.83444,0.12913,1384.64
quat5,0.00000,0.63253,0.00000,0.77454,1384.64
quat6,0.00000,0.63253,0.00000,0.77454,1384.64
quat7,0.00000,0.63253,0.00000,0.77454,1384.64
quat8,0.00000,0.63253,0.00000,0.77454,1384.64
quat0,-0.75732,0.12981,-0.63954,0.02476,1384.66
quat1,-0.54411,0.44936,0.44878,0.54828,1384.66
quat2,0.77588,-0.01656,-0.16174,-0.60957,1384.66
quat3,0.23755,-0.39710,-0.62477,-0.62892,1384.66
quat4,-0.03363,0.54891,0.82366,0.13837,1384.66
quat5,0.00000,0.63253,0.00000,0.77454,1384.66
quat6,0.00000,0.63253,0.00000,0.77454,1384.66
quat7,0.00000,0.63253,0.00000,0.77454,1384.66
quat8,0.00000,0.63253,0.00000,0.77454,1384.66
quat0,-0.75362,0.13355,-0.64313,0.02466,1384.68
quat1,-0.53545,0.45508,0.44482,0.55527,1384.68
quat2,0.76295,-0.01952,-0.16179,-0.62558,1384.68
quat3,0.23342,-0.40112,-0.61446,-0.63800,1384.68
quat4,-0.03203,0.56622,0.81018,0.14825,1384.68
quat5,0.00000,0.63253,0.00000,0.77454,1384.68
quat6,0.00000,0.63253,0.00000,0.77454,1384.68
quat7,0.00000,0.63253,0.00000,0.77454,1384.68
quat8,0.00000,0.63253,0.00000,0.77454,1384.68
quat0,-0.75524,0.14248,-0.63958,0.01584,1384.7
quat1,-0.52504,0.46255,0.44050,0.56244,1384.7
quat2,0.74738,-0.02227,-0.16167,-0.64404,1384.7
quat3,0.22954,-0.40628,-0.60166,-0.64827,1384.7
quat4,-0.03104,0.58566,0.79419,0.15906,1384.7
quat5,0.00000,0.63253,0.00000,0.77454,1384.7
quat6,0.00000,0.63253,0.00000,0.77454,1384.7
quat7,0.00000,0.63253,0.00000,0.77454,1384.7
quat8,0.00000,0.63253,0.00000,0.77454,1384.7
quat0,-0.75208,0.14486,-0.64283,0.01313,1384.72
quat1,-0.51396,0.47111,0.43481,0.56994,1384.72
quat2,0.72939,-0.02555,-0.16157,-0.66425,1384.72
quat3,0.22492,-0.41147,-0.58764,-0.65938,1384.72
quat4,-0.03002,0.60628,0.77618,0.17049,1384.72
quat5,0.00000,0.63253,0.00000,0.77454,1384.72
quat6,0.00000,0.63253,0.00000,0.77454,1384.72
quat7,0.00000,0.63253,0.00000,0.77454,1384.72
quat8,0.00000,0.63253,0.00000,0.77454,1384.72
quat0,-0.75229,0.14685,-0.64215,0.01169,1384.74
quat1,-0.50164,0.48044,0.42780,0.57838,1384.74
quat2,0.70887,-0.02947,-0.16091,-0.68611,1384.74
quat3,0.22018,-0.41600,-0.57127,-0.67240,1384.74
quat4,-0.02847,0.62804,0.75610,0.18185,1384.74
quat5,0.00000,0.63253,0.00000,0.77454,1384.74
quat6,0.00000,0.63253,0.00000,0.77454,1384.74
quat7,0.00000,0.63253,0.00000,0.77454,1384.74
quat8,0.00000,0.63253,0.00000,0.77454,1384.74
quat0,-0.75178,0.14969,-0.64214,0.00877,1384.76
quat1,-0.48807,0.49054,0.41856,0.58819,1384.76
quat2,0.68645,-0.03355,-0.15927,-0.70873,1384.76
quat3,0.21712,-0.41921,-0.55100,-0.68813,1384.76
quat4,-0.02945,0.65005,0.73409,0.19408,1384.76
quat5,0.00000,0.63253,0.00000,0.77454,1384.76
quat6,0.00000,0.63253,0.00000,0.77454,1384.76
quat7,0.00000,0.63253,0.00000,0.77454,1384.76
quat8,0.00000,0.63253,0.00000,0.77454,1384.76
quat0,-0.75585,0.15081,-0.63711,0.00695,1384.78
quat1,-0.47081,0.50260,0.40959,0.59831,1384.78
quat2,0.66185,-0.03738,-0.15707,-0.73205,1384.78
quat3,0.21523,-0.42245,-0.52737,-0.70505,1384.78
quat4,-0.03491,0.67123,0.71010,0.20973,1384.78
quat5,0.00000,0.63253,0.00000,0.77454,1384.78
quat6,0.00000,0.63253,0.00000,0.77454,1384.78
quat7,0.00000,0.63253,0.00000,0.77454,1384.78
quat8,0.00000,0.63253,0.00000,0.77454,1384.78
quat0,-0.75592,0.16241,-0.63419,0.00010,1384.8
quat1,-0.45074,0.51824,0.39928,0.60733,1384.8
quat2,0.63404,-0.03930,-0.15301,-0.75699,1384.8
quat3,0.21055,-0.42297,-0.50329,-0.72351,1384.8
quat4,-0.04335,0.69164,0.68400,0.22780,1384.8
quat5,0.00000,0.63253,0.00000,0.77454,1384.8
quat6,0.00000,0.63253,0.00000,0.77454,1384.8
quat7,0.00000,0.63253,0.00000,0.77454,1384.8
quat8,0.00000,0.63253,0.00000,0.77454,1384.8
quat0,-0.75758,0.16423,-0.63170,0.00727,1384.82
quat1,-0.42816,0.53450,0.38943,0.61590,1384.82
quat2,0.60404,-0.03825,-0.14504,-0.78271,1384.82
quat3,0.20435,-0.42227,-0.47666,-0.74345,1384.82
quat4,-0.05406,0.71144,0.65545,0.24763,1384.82
quat5,0.00000,0.63253,0.00000,0.77454,1384.82
quat6,0.00000,0.63253,0.00000,0.77454,1384.82
quat7,0.00000,0.63253,0.00000,0.77454,1384.82
quat8,0.00000,0.63253,0.00000,0.77454,1384.82
quat0,-0.75425,0.14333,-0.64069,0.00907,1384.84
quat1,-0.40626,0.54862,0.37674,0.62612,1384.84
quat2,0.57346,-0.03604,-0.13482,-0.80726,1384.84
quat3,0.19528,-0.42153,-0.44932,-0.76308,1384.84
quat4,-0.06591,0.73088,0.62404,0.26841,1384.84
quat5,0.00000,0.63253,0.00000,0.77454,1384.84
quat6,0.00000,0.63253,0.00000,0.77454,1384.84
quat7,0.00000,0.63253,0.00000,0.77454,1384.84
quat8,0.00000,0.63253,0.00000,0.77454,1384.84
quat0,-0.76277,0.15264,-0.62832,0.00946,1384.86
quat1,-0.38460,0.56229,0.35935,0.63779,1384.86
quat2,0.54037,-0.03426,-0.12662,-0.83114,1384.86
quat3,0.18345,-0.42045,-0.42305,-0.78141,1384.86
quat4,-0.07509,0.75120,0.59005,0.28618,1384.86
quat5,0.00000,0.63253,0.00000,0.77454,1384.86
quat6,0.00000,0.63253,0.00000,0.77454,1384.86
quat7,0.00000,0.63253,0.00000,0.77454,1384.86
quat8,0.00000,0.63253,0.00000,0.77454,1384.86
quat0,-0.76206,0.15800,-0.62792,0.00450,1384.88
quat1,-0.36089,0.57631,0.34223,0.64847,1384.88
quat2,0.50235,-0.03251,-0.11842,-0.85590,1384.88
quat3,0.16679,-0.42039,-0.39774,-0.79829,1384.88
quat4,-0.08133,0.77277,0.55360,0.29955,1384.88
quat5,0.00000,0.63253,0.00000,0.77454,1384.88
quat6,0.00000,0.63253,0.00000,0.77454,1384.88
quat7,0.00000,0.63253,0.00000,0.77454,1384.88
quat8,0.00000,0.63253,0.00000,0.77454,1384.88
quat0,-0.75581,0.15746,-0.63555,0.00509,1384.9
quat1,-0.33575,0.58950,0.32591,0.65844,1384.9
quat2,0.46407,-0.02965,-0.10882,-0.87859,1384.9
quat3,0.14642,-0.42131,-0.37400,-0.81313,1384.9
quat4,-0.08604,0.79394,0.51564,0.31044,1384.9
quat5,0.00000,0.63253,0.00000,0.77454,1384.9
quat6,0.00000,0.63253,0.00000,0.77454,1384.9
quat7,0.00000,0.63253,0.00000,0.77454,1384.9
quat8,0.00000,0.63253,0.00000,0.77454,1384.9
quat0,-0.75490,0.15027,-0.63838,0.00523,1384.92
quat1,-0.31138,0.60045,0.30416,0.67081,1384.92
quat2,0.42501,-0.02900,-0.10092,-0.89908,1384.92
quat3,0.12813,-0.42207,-0.34971,-0.82652,1384.92
quat4,-0.08837,0.81510,0.47483,0.31990,1384.92
quat5,0.00000,0.63253,0.00000,0.77454,1384.92
quat6,0.00000,0.63253,0.00000,0.77454,1384.92
quat7,0.00000,0.63253,0.00000,0.77454,1384.92
quat8,0.00000,0.63253,0.00000,0.77454,1384.92
quat0,-0.75266,0.14382,-0.64248,0.00669,1384.94
quat1,-0.28523,0.61233,0.28329,0.68077,1384.94
quat2,0.38342,-0.03092,-0.09529,-0.91812,1384.94
quat3,0.11010,-0.42779,-0.32655,-0.83561,1384.94
quat4,-0.08762,0.83557,0.43427,0.32490,1384.94
quat5,0.00000,0.63253,0.00000,0.77454,1384.94
quat6,0.00000,0.63253,0.00000,0.77454,1384.94
quat7,0.00000,0.63253,0.00000,0.77454,1384.94
quat8,0.00000,0.63253,0.00000,0.77454,1384.94
quat0,-0.76133,0.14509,-0.63182,0.01124,1384.96
quat1,-0.25697,0.62484,0.26470,0.68810,1384.96
quat2,0.33969,-0.03055,-0.08783,-0.93593,1384.96
quat3,0.08955,-0.43710,-0.30371,-0.84184,1384.96
quat4,-0.08663,0.85361,0.39493,0.32843,1384.96
quat5,0.00000,0.63253,0.00000,0.77454,1384.96
quat6,0.00000,0.63253,0.00000,0.77454,1384.96
quat7,0.00000,0.63253,0.00000,0.77454,1384.96
quat8,0.00000,0.63253,0.00000,0.77454,1384.96
quat0,-0.75993,0.13784,-0.63504,0.01538,1384.98
quat1,-0.23126,0.63489,0.24450,0.69546,1384.98
quat2,0.29977,-0.02618,-0.07778,-0.95048,1384.98
quat3,0.07122,-0.44518,-0.27900,-0.84788,1384.98
quat4,-0.08876,0.86677,0.35760,0.33607,1384.98
quat5,0.00000,0.63253,0.00000,0.77454,1384.98
quat6,0.00000,0.63253,0.00000,0.77454,1384.98
quat7,0.00000,0.63253,0.00000,0.77454,1384.98
quat8,0.00000,0.63253,0.00000,0.77454,1384.98
quat0,-0.74897,0.14231,-0.64705,0.01073,1385
quat1,-0.20674,0.64346,0.22258,0.70262,1385
quat2,0.25992,-0.02571,-0.07014,-0.96274,1385
quat3,0.05570,-0.44841,-0.25406,-0.85515,1385
quat4,-0.09399,0.87531,0.32150,0.34876,1385
quat5,0.00000,0.63253,0.00000,0.77454,1385
quat6,0.00000,0.63253,0.00000,0.77454,1385
quat7,0.00000,0.63253,0.00000,0.77454,1385
quat8,0.00000,0.63253,0.00000,0.77454,1385
quat0,-0.75494,0.14494,-0.63927,0.02015,1385.02
quat1,-0.18293,0.65100,0.20237,0.70837,1385.02
quat2,0.21971,-0.02907,-0.06589,-0.97290,1385.02
quat3,0.04154,-0.44526,-0.22899,-0.86463,1385.02
quat4,-0.10131,0.87922,0.28844,0.36538,1385.02
quat5,0.00000,0.63253,0.00000,0.77454,1385.02
quat6,0.00000,0.63253,0.00000,0.77454,1385.02
quat7,0.00000,0.63253,0.00000,0.77454,1385.02
quat8,0.00000,0.63253,0.00000,0.77454,1385.02
quat0,-0.75822,0.14661,-0.63502,0.01876,1385.04
quat1,-0.16147,0.65905,0.18306,0.71139,1385.04
quat2,0.18112,-0.03192,-0.06146,-0.98102,1385.04
quat3,0.02978,-0.43518,-0.20321,-0.87661,1385.04
quat4,-0.10820,0.88163,0.25740,0.38049,1385.04
quat5,0.00000,0.63253,0.00000,0.77454,1385.04
quat6,0.00000,0.63253,0.00000,0.77454,1385.04
quat7,0.00000,0.63253,0.00000,0.77454,1385.04
quat8,0.00000,0.63253,0.00000,0.77454,1385.04
quat0,-0.74762,0.14582,-0.64753,0.02236,1385.06
quat1,-0.14461,0.66542,0.16362,0.71381,1385.06
quat2,0.14951,-0.03194,-0.05510,-0.98671,1385.06
quat3,0.01745,-0.42477,-0.17974,-0.88711,1385.06
quat4,-0.11265,0.88419,0.22917,0.39116,1385.06
quat5,0.00000,0.63253,0.00000,0.77454,1385.06
quat6,0.00000,0.63253,0.00000,0.77454,1385.06
quat7,0.00000,0.63253,0.00000,0.77454,1385.06
quat8,0.00000,0.63253,0.00000,0.77454,1385.06
quat0,-0.73070,0.13198,-0.66940,0.02383,1385.08
quat1,-0.12866,0.67148,0.14522,0.71517,1385.08
quat2,0.11989,-0.03202,-0.04911,-0.99106,1385.08
quat3,0.00548,-0.41697,-0.16106,-0.89452,1385.08
quat4,-0.11562,0.88645,0.20260,0.39973,1385.08
quat5,0.00000,0.63253,0.00000,0.77454,1385.08
quat6,0.00000,0.63253,0.00000,0.77454,1385.08
quat7,0.00000,0.63253,0.00000,0.77454,1385.08
quat8,0.00000,0.63253,0.00000,0.77454,1385.08
quat0,-0.75296,0.10166,-0.64935,0.03255,1385.1
quat1,-0.11457,0.67291,0.13014,0.71911,1385.1
quat2,0.09532,-0.02965,-0.04331,-0.99406,1385.1
quat3,-0.00453,-0.41207,-0.14629,-0.89932,1385.1
quat4,-0.11698,0.88910,0.17968,0.40439,1385.1
quat5,0.00000,0.63253,0.00000,0.77454,1385.1
quat6,0.00000,0.63253,0.00000,0.77454,1385.1
quat7,0.00000,0.63253,0.00000,0.77454,1385.1
quat8,0.00000,0.63253,0.00000,0.77454,1385.1
quat0,-0.73570,0.11839,-0.66675,0.01319,1385.12
quat1,-0.10218,0.67281,0.12008,0.72282,1385.12
quat2,0.07868,-0.02399,-0.03750,-0.99591,1385.12
quat3,-0.01311,-0.41417,-0.13644,-0.89982,1385.12
quat4,-0.11728,0.89309,0.15998,0.40379,1385.12
quat5,0.00000,0.63253,0.00000,0.77454,1385.12
quat6,0.00000,0.63253,0.00000,0.77454,1385.12
quat7,0.00000,0.63253,0.00000,0.77454,1385.12
quat8,0.00000,0.63253,0.00000,0.77454,1385.12
quat0,-0.75764,0.10695,-0.64231,0.04439,1385.14
quat1,-0.09737,0.67025,0.11335,0.72693,1385.14
quat2,0.07026,-0.04411,-0.03701,-0.99587,1385.14
quat3,-0.01974,-0.41925,-0.13197,-0.89801,1385.14
quat4,-0.11701,0.89763,0.14711,0.39865,1385.14
quat5,0.00000,0.63253,0.00000,0.77454,1385.14
quat6,0.00000,0.63253,0.00000,0.77454,1385.14
quat7,0.00000,0.63253,0.00000,0.77454,1385.14
quat8,0.00000,0.63253,0.00000,0.77454,1385.14
quat0,-0.77581,0.12861,-0.61627,0.04232,1385.16
quat1,-0.09997,0.66467,0.11569,0.73133,1385.16
quat2,0.07654,-0.03595,-0.03390,-0.99584,1385.16
quat3,-0.02332,-0.42723,-0.13154,-0.89422,1385.16
quat4,-0.11719,0.90134,0.14320,0.39160,1385.16
quat5,0.00000,0.63253,0.00000,0.77454,1385.16
quat6,0.00000,0.63253,0.00000,0.77454,1385.16
quat7,0.00000,0.63253,0.00000,0.77454,1385.16
quat8,0.00000,0.63253,0.00000,0.77454,1385.16
quat0,-0.77357,0.14037,-0.61725,0.02971,1385.18
quat1,-0.10960,0.65476,0.12417,0.73747,1385.18
quat2,0.09227,-0.03054,-0.03206,-0.99475,1385.18
quat3,-0.02277,-0.43606,-0.13631,-0.88924,1385.18
quat4,-0.11662,0.90410,0.14871,0.38325,1385.18
quat5,0.00000,0.63253,0.00000,0.77454,1385.18
quat6,0.00000,0.63253,0.00000,0.77454,1385.18
quat7,0.00000,0.63253,0.00000,0.77454,1385.18
quat8,0.00000,0.63253,0.00000,0.77454,1385.18
quat0,-0.75535,0.11800,-0.64409,0.02587,1385.2
quat1,-0.12427,0.64139,0.13781,0.74444,1385.2
quat2,0.11713,-0.01749,-0.02756,-0.99258,1385.2
quat3,-0.01702,-0.44335,-0.14755,-0.88396,1385.2
quat4,-0.11348,0.90510,0.16475,0.37521,1385.2
quat5,0.00000,0.63253,0.00000,0.77454,1385.2
quat6,0.00000,0.63253,0.00000,0.77454,1385.2
quat7,0.00000,0.63253,0.00000,0.77454,1385.2
quat8,0.00000,0.63253,0.00000,0.77454,1385.2
quat0,-0.74927,0.12635,-0.64982,0.01932,1385.22
quat1,-0.14430,0.63017,0.15495,0.74703,1385.22
quat2,0.14459,-0.01798,-0.02725,-0.98895,1385.22
quat3,-0.00570,-0.44688,-0.16416,-0.87939,1385.22
quat4,-0.10908,0.90235,0.18968,0.37132,1385.22
quat5,0.00000,0.63253,0.00000,0.77454,1385.22
quat6,0.00000,0.63253,0.00000,0.77454,1385.22
quat7,0.00000,0.63253,0.00000,0.77454,1385.22
quat8,0.00000,0.63253,0.00000,0.77454,1385.22
quat0,-0.76123,0.13667,-0.63374,0.01490,1385.24
quat1,-0.16797,0.62157,0.17558,0.74472,1385.24
quat2,0.17776,-0.02055,-0.02975,-0.98341,1385.24
quat3,0.01089,-0.44353,-0.18522,-0.87685,1385.24
quat4,-0.10382,0.89626,0.22362,0.36869,1385.24
quat5,0.00000,0.63253,0.00000,0.77454,1385.24
quat6,0.00000,0.63253,0.00000,0.77454,1385.24
quat7,0.00000,0.63253,0.00000,0.77454,1385.24
quat8,0.00000,0.63253,0.00000,0.77454,1385.24
quat0,-0.75892,0.14366,-0.63509,0.00737,1385.26
quat1,-0.19343,0.61625,0.19863,0.73714,1385.26
quat2,0.21557,-0.01781,-0.03266,-0.97578,1385.26
quat3,0.03240,-0.43343,-0.20908,-0.87600,1385.26
quat4,-0.09764,0.88780,0.26268,0.36506,1385.26
quat5,0.00000,0.63253,0.00000,0.77454,1385.26
quat6,0.00000,0.63253,0.00000,0.77454,1385.26
quat7,0.00000,0.63253,0.00000,0.77454,1385.26
quat8,0.00000,0.63253,0.00000,0.77454,1385.26
quat0,-0.76433,0.14114,-0.62915,0.00719,1385.28
quat1,-0.21994,0.60925,0.22313,0.72846,1385.28
quat2,0.25836,-0.01376,-0.03726,-0.96523,1385.28
quat3,0.05818,-0.42027,-0.23481,-0.87456,1385.28
quat4,-0.09088,0.87611,0.30758,0.35995,1385.28
quat5,0.00000,0.63253,0.00000,0.77454,1385.28
quat6,0.00000,0.63253,0.00000,0.77454,1385.28
quat7,0.00000,0.63253,0.00000,0.77454,1385.28
quat8,0.00000,0.63253,0.00000,0.77454,1385.28
quat0,-0.76686,0.14703,-0.62474,0.00243,1385.3
quat1,-0.24803,0.60004,0.24741,0.71919,1385.3
quat2,0.30231,-0.01193,-0.04384,-0.95213,1385.3
quat3,0.08757,-0.40904,-0.26063,-0.87011,1385.3
quat4,-0.08498,0.86075,0.35440,0.35536,1385.3
quat5,0.00000,0.63253,0.00000,0.77454,1385.3
quat6,0.00000,0.63253,0.00000,0.77454,1385.3
quat7,0.00000,0.63253,0.00000,0.77454,1385.3
quat8,0.00000,0.63253,0.00000,0.77454,1385.3
quat0,-0.76163,0.14616,-0.63129,-0.00504,1385.32
quat1,-0.27762,0.58885,0.27066,0.70917,1385.32
quat2,0.34711,-0.01219,-0.05303,-0.93624,1385.32
quat3,0.11689,-0.40235,-0.28738,-0.86132,1385.32
quat4,-0.07975,0.84159,0.40290,0.35076,1385.32
quat5,0.00000,0.63253,0.00000,0.77454,1385.32
quat6,0.00000,0.63253,0.00000,0.77454,1385.32
quat7,0.00000,0.63253,0.00000,0.77454,1385.32
quat8,0.00000,0.63253,0.00000,0.77454,1385.32
quat0,-0.76231,0.14180,-0.63148,-0.00295,1385.34
quat1,-0.30711,0.57484,0.29269,0.69970,1385.34
quat2,0.39073,-0.01230,-0.06359,-0.91822,1385.34
quat3,0.14421,-0.39911,-0.31341,-0.84952,1385.34
quat4,-0.07716,0.81943,0.45065,0.34569,1385.34
quat5,0.00000,0.63253,0.00000,0.77454,1385.34
quat6,0.00000,0.63253,0.00000,0.77454,1385.34
quat7,0.00000,0.63253,0.00000,0.77454,1385.34
quat8,0.00000,0.63253,0.00000,0.77454,1385.34
quat0,-0.75931,0.13950,-0.63559,-0.00209,1385.36
quat1,-0.33564,0.55940,0.31348,0.69004,1385.36
quat2,0.43437,-0.01128,-0.07449,-0.89758,1385.36
quat3,0.16859,-0.39882,-0.33946,-0.83504,1385.36
quat4,-0.07779,0.79477,0.49764,0.33861,1385.36
quat5,0.00000,0.63253,0.00000,0.77454,1385.36
quat6,0.00000,0.63253,0.00000,0.77454,1385.36
quat7,0.00000,0.63253,0.00000,0.77454,1385.36
quat8,0.00000,0.63253,0.00000,0.77454,1385.36
quat0,-0.75573,0.13501,-0.64075,-0.00925,1385.38
quat1,-0.36431,0.54343,0.33211,0.67945,1385.38
quat2,0.47605,-0.00872,-0.08457,-0.87530,1385.38
quat3,0.18813,-0.40089,-0.36740,-0.81787,1385.38
quat4,-0.07986,0.76975,0.54141,0.32859,1385.38
quat5,0.00000,0.63253,0.00000,0.77454,1385.38
quat6,0.00000,0.63253,0.00000,0.77454,1385.38
quat7,0.00000,0.63253,0.00000,0.77454,1385.38
quat8,0.00000,0.63253,0.00000,0.77454,1385.38
quat0,-0.75204,0.12807,-0.64655,-0.00380,1385.4
quat1,-0.39211,0.52702,0.34979,0.66794,1385.4
quat2,0.51609,-0.00494,-0.09358,-0.85139,1385.4
quat3,0.20244,-0.40440,-0.39820,-0.79807,1385.4
quat4,-0.08063,0.74531,0.58269,0.31382,1385.4
quat5,0.00000,0.63253,0.00000,0.77454,1385.4
quat6,0.00000,0.63253,0.00000,0.77454,1385.4
quat7,0.00000,0.63253,0.00000,0.77454,1385.4
quat8,0.00000,0.63253,0.00000,0.77454,1385.4
quat0,-0.74907,0.13156,-0.64923,-0.00958,1385.42
quat1,-0.41925,0.51047,0.36611,0.65545,1385.42
quat2,0.55369,-0.00023,-0.10029,-0.82666,1385.42
quat3,0.21232,-0.40744,-0.43009,-0.77713,1385.42
quat4,-0.07886,0.72231,0.62079,0.29440,1385.42
quat5,0.00000,0.63253,0.00000,0.77454,1385.42
quat6,0.00000,0.63253,0.00000,0.77454,1385.42
quat7,0.00000,0.63253,0.00000,0.77454,1385.42
quat8,0.00000,0.63253,0.00000,0.77454,1385.42
quat0,-0.74245,0.12356,-0.65840,-0.00475,1385.44
quat1,-0.44361,0.49491,0.38181,0.64225,1385.44
quat2,0.58912,0.00460,-0.10550,-0.80111,1385.44
quat3,0.21986,-0.40907,-0.46097,-0.75620,1385.44
quat4,-0.07468,0.70019,0.65570,0.27242,1385.44
quat5,0.00000,0.63253,0.00000,0.77454,1385.44
quat6,0.00000,0.63253,0.00000,0.77454,1385.44
quat7,0.00000,0.63253,0.00000,0.77454,1385.44
quat8,0.00000,0.63253,0.00000,0.77454,1385.44
quat0,-0.75066,0.11411,-0.65076,-0.00101,1385.46
quat1,-0.46455,0.48187,0.39631,0.62843,1385.46
quat2,0.62177,0.00898,-0.10959,-0.77545,1385.46
quat3,0.22717,-0.40830,-0.48815,-0.73716,1385.46
quat4,-0.06807,0.67908,0.68686,0.24990,1385.46
quat5,0.00000,0.63253,0.00000,0.77454,1385.46
quat6,0.00000,0.63253,0.00000,0.77454,1385.46
quat7,0.00000,0.63253,0.00000,0.77454,1385.46
quat8,0.00000,0.63253,0.00000,0.77454,1385.46
quat0,-0.75013,0.11785,-0.65071,-0.00131,1385.48
quat1,-0.48072,0.47292,0.41136,0.61322,1385.48
quat2,0.65150,0.01242,-0.11314,-0.75006,1385.48
quat3,0.23604,-0.40487,-0.51156,-0.72019,1385.48
quat4,-0.05994,0.65860,0.71452,0.22829,1385.48
quat5,0.00000,0.63253,0.00000,0.77454,1385.48
quat6,0.00000,0.63253,0.00000,0.77454,1385.48
quat7,0.00000,0.63253,0.00000,0.77454,1385.48
quat8,0.00000,0.63253,0.00000,0.77454,1385.48
quat0,-0.74831,0.09900,-0.65581,0.01217,1385.5
quat1,-0.49212,0.46787,0.42616,0.59775,1385.5
quat2,0.67778,0.01500,-0.11658,-0.72581,1385.5
quat3,0.24369,-0.40253,-0.53059,-0.70502,1385.5
quat4,-0.05113,0.63862,0.73913,0.20792,1385.5
quat5,0.00000,0.63253,0.00000,0.77454,1385.5
quat6,0.00000,0.63253,0.00000,0.77454,1385.5
quat7,0.00000,0.63253,0.00000,0.77454,1385.5
quat8,0.00000,0.63253,0.00000,0.77454,1385.5
quat0,-0.75744,0.10727,-0.64401,0.00494,1385.52
quat1,-0.50083,0.46287,0.43928,0.58477,1385.52
quat2,0.70090,0.01637,-0.12004,-0.70289,1385.52
quat3,0.25174,-0.40060,-0.54673,-0.69082,1385.52
quat4,-0.04266,0.61946,0.76056,0.18974,1385.52
quat5,0.00000,0.63253,0.00000,0.77454,1385.52
quat6,0.00000,0.63253,0.00000,0.77454,1385.52
quat7,0.00000,0.63253,0.00000,0.77454,1385.52
quat8,0.00000,0.63253,0.00000,0.77454,1385.52
quat0,-0.75166,0.10208,-0.65151,0.01129,1385.54
quat1,-0.50964,0.45627,0.44889,0.57496,1385.54
quat2,0.72220,0.01743,-0.12291,-0.68045,1385.54
quat3,0.25736,-0.39943,-0.56230,-0.67679,1385.54
quat4,-0.03474,0.60063,0.77977,0.17320,1385.54
quat5,0.00000,0.63253,0.00000,0.77454,1385.54
quat6,0.00000,0.63253,0.00000,0.77454,1385.54
quat7,0.00000,0.63253,0.00000,0.77454,1385.54
quat8,0.00000,0.63253,0.00000,0.77454,1385.54
quat0,-0.75456,0.09011,-0.64974,0.01896,1385.56
quat1,-0.51839,0.44817,0.45577,0.56805,1385.56
quat2,0.74039,0.01699,-0.12619,-0.66001,1385.56
quat3,0.25892,-0.39989,-0.57753,-0.66296,1385.56
quat4,-0.03110,0.58178,0.79684,0.16006,1385.56
quat5,0.00000,0.63253,0.00000,0.77454,1385.56
quat6,0.00000,0.63253,0.00000,0.77454,1385.56
quat7,0.00000,0.63253,0.00000,0.77454,1385.56
quat8,0.00000,0.63253,0.00000,0.77454,1385.56
quat0,-0.75375,0.10193,-0.64910,0.01226,1385.58
quat1,-0.52712,0.43935,0.46035,0.56320,1385.58
quat2,0.75619,0.01584,-0.12992,-0.64113,1385.58
quat3,0.25899,-0.40117,-0.59066,-0.65046,1385.58
quat4,-0.03240,0.56307,0.81195,0.15046,1385.58
quat5,0.00000,0.63253,0.00000,0.77454,1385.58
quat6,0.00000,0.63253,0.00000,0.77454,1385.58
quat7,0.00000,0.63253,0.00000,0.77454,1385.58
quat8,0.00000,0.63253,0.00000,0.77454,1385.58
quat0,-0.74510,0.09824,-0.65961,0.00952,1385.6
quat1,-0.53616,0.43148,0.46307,0.55850,1385.6
quat2,0.76973,0.01450,-0.13395,-0.62399,1385.6
quat3,0.25977,-0.40195,-0.60111,-0.64002,1385.6
quat4,-0.03697,0.54626,0.82446,0.14317,1385.6
quat5,0.00000,0.63253,0.00000,0.77454,1385.6
quat6,0.00000,0.63253,0.00000,0.77454,1385.6
quat7,0.00000,0.63253,0.00000,0.77454,1385.6
quat8,0.00000,0.63253,0.00000,0.77454,1385.6
quat0,-0.75692,0.07906,-0.64822,0.02509,1385.62
quat1,-0.54536,0.42487,0.46360,0.55420,1385.62
quat2,0.78083,0.01420,-0.13703,-0.60937,1385.62
quat3,0.26120,-0.40228,-0.60918,-0.63155,1385.62
quat4,-0.04159,0.53226,0.83460,0.13568,1385.62
quat5,0.00000,0.63253,0.00000,0.77454,1385.62
quat6,0.00000,0.63253,0.00000,0.77454,1385.62
quat7,0.00000,0.63253,0.00000,0.77454,1385.62
quat8,0.00000,0.63253,0.00000,0.77454,1385.62
quat0,-0.75312,0.09918,-0.65026,0.01130,1385.64
quat1,-0.55408,0.42037,0.46241,0.54996,1385.64
quat2,0.78963,0.01459,-0.13821,-0.59763,1385.64
quat3,0.26256,-0.40176,-0.61574,-0.62491,1385.64
quat4,-0.04505,0.52184,0.84224,0.12764,1385.64
quat5,0.00000,0.63253,0.00000,0.77454,1385.64
quat6,0.00000,0.63253,0.00000,0.77454,1385.64
quat7,0.00000,0.63253,0.00000,0.77454,1385.64
quat8,0.00000,0.63253,0.00000,0.77454,1385.64
quat0,-0.75248,0.08643,-0.65264,0.01920,1385.66
quat1,-0.56206,0.41614,0.46026,0.54687,1385.66
quat2,0.79552,0.01485,-0.13842,-0.58972,1385.66
quat3,0.26325,-0.40103,-0.62140,-0.61946,1385.66
quat4,-0.04462,0.51485,0.84785,0.11870,1385.66
quat5,0.00000,0.63253,0.00000,0.77454,1385.66
quat6,0.00000,0.63253,0.00000,0.77454,1385.66
quat7,0.00000,0.63253,0.00000,0.77454,1385.66
quat8,0.00000,0.63253,0.00000,0.77454,1385.66
quat0,-0.74968,0.08773,-0.65570,0.01849,1385.68
quat1,-0.56726,0.41249,0.45801,0.54616,1385.68
quat2,0.79858,0.01503,-0.13818,-0.58562,1385.68
quat3,0.26229,-0.40039,-0.62563,-0.61602,1385.68
quat4,-0.04303,0.51138,0.85099,0.11156,1385.68
quat5,0.00000,0.63253,0.00000,0.77454,1385.68
quat6,0.00000,0.63253,0.00000,0.77454,1385.68
quat7,0.00000,0.63253,0.00000,0.77454,1385.68
quat8,0.00000,0.63253,0.00000,0.77454,1385.68
quat0,-0.74843,0.09171,-0.65669,0.01432,1385.7
quat1,-0.56910,0.41126,0.45706,0.54598,1385.7
quat2,0.79936,0.01633,-0.13606,-0.58502,1385.7
quat3,0.26112,-0.40054,-0.62745,-0.61457,1385.7
quat4,-0.04235,0.51116,0.85167,0.10758,1385.7
quat5,0.00000,0.63253,0.00000,0.77454,1385.7
quat6,0.00000,0.63253,0.00000,0.77454,1385.7
quat7,0.00000,0.63253,0.00000,0.77454,1385.7
quat8,0.00000,0.63253,0.00000,0.77454,1385.7
quat0,-0.75146,0.10297,-0.65160,0.01111,1385.72
quat1,-0.56908,0.41200,0.45639,0.54600,1385.72
quat2,0.79815,0.01974,-0.13048,-0.58783,1385.72
quat3,0.26115,-0.40144,-0.62609,-0.61535,1385.72
quat4,-0.04277,0.51448,0.84967,0.10744,1385.72
quat5,0.00000,0.63253,0.00000,0.77454,1385.72
quat6,0.00000,0.63253,0.00000,0.77454,1385.72
quat7,0.00000,0.63253,0.00000,0.77454,1385.72
quat8,0.00000,0.63253,0.00000,0.77454,1385.72
quat0,-0.75473,0.10225,-0.64786,0.01397,1385.74
quat1,-0.56773,0.41299,0.45478,0.54799,1385.74
quat2,0.79454,0.02394,-0.12280,-0.59419,1385.74
quat3,0.26079,-0.40363,-0.62221,-0.61800,1385.74
quat4,-0.04548,0.52117,0.84501,0.11079,1385.74
quat5,0.00000,0.63253,0.00000,0.77454,1385.74
quat6,0.00000,0.63253,0.00000,0.77454,1385.74
quat7,0.00000,0.63253,0.00000,0.77454,1385.74
quat8,0.00000,0.63253,0.00000,0.77454,1385.74
quat0,-0.75077,0.10754,-0.65164,0.01213,1385.76
quat1,-0.56455,0.41370,0.45282,0.55235,1385.76
quat2,0.78815,0.02757,-0.11554,-0.60391,1385.76
quat3,0.25942,-0.40757,-0.61622,-0.62198,1385.76
quat4,-0.04815,0.53130,0.83771,0.11683,1385.76
quat5,0.00000,0.63253,0.00000,0.77454,1385.76
quat6,0.00000,0.63253,0.00000,0.77454,1385.76
quat7,0.00000,0.63253,0.00000,0.77454,1385.76
quat8,0.00000,0.63253,0.00000,0.77454,1385.76
quat0,-0.74895,0.11596,-0.65239,0.00456,1385.78
quat1,-0.55947,0.41663,0.44954,0.55797,1385.78
quat2,0.77900,0.02968,-0.11047,-0.61651,1385.78
quat3,0.25696,-0.41249,-0.60841,-0.62743,1385.78
quat4,-0.04931,0.54489,0.82778,0.12426,1385.78
quat5,0.00000,0.63253,0.00000,0.77454,1385.78
quat6,0.00000,0.63253,0.00000,0.77454,1385.78
quat7,0.00000,0.63253,0.00000,0.77454,1385.78
quat8,0.00000,0.63253,0.00000,0.77454,1385.78
quat0,-0.74567,0.11734,-0.65589,0.00166,1385.8
quat1,-0.55253,0.42152,0.44467,0.56506,1385.8
quat2,0.76653,0.02893,-0.10954,-0.63214,1385.8
quat3,0.25441,-0.41676,-0.59836,-0.63526,1385.8
quat4,-0.05007,0.56107,0.81548,0.13297,1385.8
quat5,0.00000,0.63253,0.00000,0.77454,1385.8
quat6,0.00000,0.63253,0.00000,0.77454,1385.8
quat7,0.00000,0.63253,0.00000,0.77454,1385.8
quat8,0.00000,0.63253,0.00000,0.77454,1385.8
quat0,-0.74647,0.11995,-0.65451,0.00123,1385.82
quat1,-0.54266,0.42836,0.44015,0.57297,1385.82
quat2,0.75044,0.02520,-0.11201,-0.65089,1385.82
quat3,0.25287,-0.42172,-0.58493,-0.64503,1385.82
quat4,-0.05143,0.57927,0.80080,0.14324,1385.82
quat5,0.00000,0.63253,0.00000,0.77454,1385.82
quat6,0.00000,0.63253,0.00000,0.77454,1385.82
quat7,0.00000,0.63253,0.00000,0.77454,1385.82
quat8,0.00000,0.63253,0.00000,0.77454,1385.82
quat0,-0.74212,0.12835,-0.65786,-0.00309,1385.84
quat1,-0.53082,0.43737,0.43589,0.58046,1385.84
quat2,0.73179,0.02096,-0.11438,-0.67154,1385.84
quat3,0.25210,-0.42667,-0.56853,-0.65664,1385.84
quat4,-0.05624,0.59842,0.78383,0.15601,1385.84
quat5,0.00000,0.63253,0.00000,0.77454,1385.84
quat6,0.00000,0.63253,0.00000,0.77454,1385.84
quat7,0.00000,0.63253,0.00000,0.77454,1385.84
quat8,0.00000,0.63253,0.00000,0.77454,1385.84
quat0,-0.74143,0.13318,-0.65765,-0.00728,1385.86
quat1,-0.51774,0.44806,0.42983,0.58858,1385.86
quat2,0.71092,0.01874,-0.11365,-0.69377,1385.86
quat3,0.25177,-0.43065,-0.54908,-0.67057,1385.86
quat4,-0.06534,0.61864,0.76383,0.17199,1385.86
quat5,0.00000,0.63253,0.00000,0.77454,1385.86
quat6,0.00000,0.63253,0.00000,0.77454,1385.86
quat7,0.00000,0.63253,0.00000,0.77454,1385.86
quat8,0.00000,0.63253,0.00000,0.77454,1385.86
quat0,-0.73782,0.16453,-0.65427,-0.02173,1385.88
quat1,-0.50483,0.46053,0.41984,0.59732,1385.88
quat2,0.68818,0.01652,-0.11280,-0.71652,1385.88
quat3,0.24957,-0.43253,-0.52817,-0.68678,1385.88
quat4,-0.07806,0.63945,0.74070,0.19071,1385.88
quat5,0.00000,0.63253,0.00000,0.77454,1385.88
quat6,0.00000,0.63253,0.00000,0.77454,1385.88
quat7,0.00000,0.63253,0.00000,0.77454,1385.88
quat8,0.00000,0.63253,0.00000,0.77454,1385.88
quat0,-0.74731,0.15106,-0.64697,-0.01138,1385.9
quat1,-0.48856,0.47491,0.40781,0.60784,1385.9
quat2,0.66254,0.01235,-0.11425,-0.74016,1385.9
quat3,0.24399,-0.43270,-0.50491,-0.70590,1385.9
quat4,-0.09055,0.66055,0.71526,0.20949,1385.9
quat5,0.00000,0.63253,0.00000,0.77454,1385.9
quat6,0.00000,0.63253,0.00000,0.77454,1385.9
quat7,0.00000,0.63253,0.00000,0.77454,1385.9
quat8,0.00000,0.63253,0.00000,0.77454,1385.9
quat0,-0.74853,0.14094,-0.64795,0.00093,1385.92
quat1,-0.46692,0.49272,0.39767,0.61731,1385.92
quat2,0.63321,0.00839,-0.11526,-0.76531,1385.92
quat3,0.23880,-0.43019,-0.47853,-0.72727,1385.92
quat4,-0.09959,0.68353,0.68697,0.22571,1385.92
quat5,0.00000,0.63253,0.00000,0.77454,1385.92
quat6,0.00000,0.63253,0.00000,0.77454,1385.92
quat7,0.00000,0.63253,0.00000,0.77454,1385.92
quat8,0.00000,0.63253,0.00000,0.77454,1385.92
quat0,-0.74307,0.14950,-0.65227,-0.00554,1385.94
quat1,-0.44554,0.51083,0.38353,0.62726,1385.94
quat2,0.60327,0.00715,-0.11265,-0.78951,1385.94
quat3,0.22905,-0.42774,-0.45250,-0.74821,1385.94
quat4,-0.10452,0.70793,0.65676,0.23785,1385.94
quat5,0.00000,0.63253,0.00000,0.77454,1385.94
quat6,0.00000,0.63253,0.00000,0.77454,1385.94
quat7,0.00000,0.63253,0.00000,0.77454,1385.94
quat8,0.00000,0.63253,0.00000,0.77454,1385.94
quat0,-0.75584,0.14216,-0.63914,-0.00080,1385.96
quat1,-0.42281,0.52738,0.36730,0.63889,1385.96
quat2,0.57289,0.00548,-0.10974,-0.81223,1385.96
quat3,0.21554,-0.42513,-0.42704,-0.76840,1385.96
quat4,-0.10645,0.73335,0.62407,0.24782,1385.96
quat5,0.00000,0.63253,0.00000,0.77454,1385.96
quat6,0.00000,0.63253,0.00000,0.77454,1385.96
quat7,0.00000,0.63253,0.00000,0.77454,1385.96
quat8,0.00000,0.63253,0.00000,0.77454,1385.96
quat0,-0.74611,0.14478,-0.64989,0.00257,1385.98
quat1,-0.39872,0.54277,0.35082,0.65066,1385.98
quat2,0.54035,-0.00258,-0.10914,-0.83433,1385.98
quat3,0.20071,-0.42400,-0.40193,-0.78638,1385.98
quat4,-0.10604,0.75881,0.58910,0.25675,1385.98
quat5,0.00000,0.63253,0.00000,0.77454,1385.98
quat6,0.00000,0.63253,0.00000,0.77454,1385.98
quat7,0.00000,0.63253,0.00000,0.77454,1385.98
quat8,0.00000,0.63253,0.00000,0.77454,1385.98
quat0,-0.74476,0.14631,-0.65109,-0.00231,1386
quat1,-0.37220,0.56055,0.33507,0.65954,1386
quat2,0.50469,-0.01270,-0.10822,-0.85639,1386
quat3,0.18340,-0.42547,-0.37873,-0.80119,1386
quat4,-0.10469,0.78375,0.55243,0.26379,1386
quat5,0.00000,0.63253,0.00000,0.77454,1386
quat6,0.00000,0.63253,0.00000,0.77454,1386
quat7,0.00000,0.63253,0.00000,0.77454,1386
quat8,0.00000,0.63253,0.00000,0.77454,1386
quat0,-0.75769,0.14852,-0.63548,0.00368,1386.02
quat1,-0.34527,0.58004,0.31934,0.66511,1386.02
quat2,0.46909,-0.02047,-0.10424,-0.87674,1386.02
quat3,0.16266,-0.43106,-0.35713,-0.81252,1386.02
quat4,-0.10296,0.80587,0.51632,0.27090,1386.02
quat5,0.00000,0.63253,0.00000,0.77454,1386.02
quat6,0.00000,0.63253,0.00000,0.77454,1386.02
quat7,0.00000,0.63253,0.00000,0.77454,1386.02
quat8,0.00000,0.63253,0.00000,0.77454,1386.02
quat0,-0.74190,0.15502,-0.65233,-0.00488,1386.04
quat1,-0.31912,0.59761,0.30337,0.67007,1386.04
quat2,0.43363,-0.02699,-0.09814,-0.89533,1386.04
quat3,0.14139,-0.43997,-0.33577,-0.82079,1386.04
quat4,-0.10336,0.82417,0.47973,0.28270,1386.04
quat5,0.00000,0.63253,0.00000,0.77454,1386.04
quat6,0.00000,0.63253,0.00000,0.77454,1386.04
quat7,0.00000,0.63253,0.00000,0.77454,1386.04
quat8,0.00000,0.63253,0.00000,0.77454,1386.04
quat0,-0.75043,0.14357,-0.64507,0.01147,1386.06
quat1,-0.29429,0.61168,0.28799,0.67550,1386.06
quat2,0.39825,-0.03283,-0.09076,-0.91219,1386.06
quat3,0.12304,-0.44740,-0.31272,-0.82880,1386.06
quat4,-0.10633,0.83859,0.44327,0.29828,1386.06
quat5,0.00000,0.63253,0.00000,0.77454,1386.06
quat6,0.00000,0.63253,0.00000,0.77454,1386.06
quat7,0.00000,0.63253,0.00000,0.77454,1386.06
quat8,0.00000,0.63253,0.00000,0.77454,1386.06
quat0,-0.74803,0.15002,-0.64648,0.00193,1386.08
quat1,-0.27174,0.62403,0.27093,0.68069,1386.08
quat2,0.36313,-0.03582,-0.08172,-0.92746,1386.08
quat3,0.10717,-0.45200,-0.28845,-0.83726,1386.08
quat4,-0.10969,0.85177,0.40567,0.31287,1386.08
quat5,0.00000,0.63253,0.00000,0.77454,1386.08
quat6,0.00000,0.63253,0.00000,0.77454,1386.08
quat7,0.00000,0.63253,0.00000,0.77454,1386.08
quat8,0.00000,0.63253,0.00000,0.77454,1386.08
quat0,-0.74721,0.14628,-0.64828,-0.00217,1386.1
quat1,-0.25049,0.63555,0.25250,0.68525,1386.1
quat2,0.32908,-0.03660,-0.07437,-0.94066,1386.1
quat3,0.09189,-0.45401,-0.26574,-0.84547,1386.1
quat4,-0.11288,0.86382,0.36913,0.32376,1386.1
quat5,0.00000,0.63253,0.00000,0.77454,1386.1
quat6,0.00000,0.63253,0.00000,0.77454,1386.1
quat7,0.00000,0.63253,0.00000,0.77454,1386.1
quat8,0.00000,0.63253,0.00000,0.77454,1386.1
quat0,-0.74412,0.14329,-0.65248,0.00323,1386.12
quat1,-0.22977,0.64441,0.23379,0.69086,1386.12
quat2,0.29503,-0.03763,-0.06884,-0.95226,1386.12
quat3,0.07596,-0.45571,-0.24491,-0.85240,1386.12
quat4,-0.11695,0.87441,0.33350,0.33244,1386.12
quat5,0.00000,0.63253,0.00000,0.77454,1386.12
quat6,0.00000,0.63253,0.00000,0.77454,1386.12
quat7,0.00000,0.63253,0.00000,0.77454,1386.12
quat8,0.00000,0.63253,0.00000,0.77454,1386.12
quat0,-0.74487,0.13804,-0.65268,0.01107,1386.14
quat1,-0.20975,0.65093,0.21573,0.69696,1386.14
quat2,0.26398,-0.03672,-0.06284,-0.96178,1386.14
quat3,0.05847,-0.45688,-0.22613,-0.85831,1386.14
quat4,-0.12240,0.88331,0.29960,0.33914,1386.14
quat5,0.00000,0.63253,0.00000,0.77454,1386.14
quat6,0.00000,0.63253,0.00000,0.77454,1386.14
quat7,0.00000,0.63253,0.00000,0.77454,1386.14
quat8,0.00000,0.63253,0.00000,0.77454,1386.14
quat0,-0.74684,0.14759,-0.64842,0.00307,1386.16
quat1,-0.19291,0.65620,0.19770,0.70221,1386.16
quat2,0.23387,-0.03492,-0.05824,-0.96989,1386.16
quat3,0.04211,-0.45681,-0.20777,-0.86394,1386.16
quat4,-0.12867,0.89179,0.26507,0.34334,1386.16
quat5,0.00000,0.63253,0.00000,0.77454,1386.16
quat6,0.00000,0.63253,0.00000,0.77454,1386.16
quat7,0.00000,0.63253,0.00000,0.77454,1386.16
quat8,0.00000,0.63253,0.00000,0.77454,1386.16
quat0,-0.74545,0.14398,-0.65073,0.01163,1386.18
quat1,-0.17793,0.66221,0.18047,0.70516,1386.18
quat2,0.20485,-0.03275,-0.05447,-0.97673,1386.18
quat3,0.02684,-0.45781,-0.19264,-0.86752,1386.18
quat4,-0.13436,0.89993,0.23240,0.34360,1386.18
quat5,0.00000,0.63253,0.00000,0.77454,1386.18
quat6,0.00000,0.63253,0.00000,0.77454,1386.18
quat7,0.00000,0.63253,0.00000,0.77454,1386.18
quat8,0.00000,0.63253,0.00000,0.77454,1386.18
quat0,-0.75375,0.13445,-0.64273,0.02588,1386.2
quat1,-0.16419,0.66671,0.16461,0.70812,1386.2
quat2,0.17656,-0.03006,-0.04814,-0.98265,1386.2
quat3,0.01063,-0.46134,-0.17920,-0.86887,1386.2
quat4,-0.13993,0.90739,0.20153,0.34125,1386.2
quat5,0.00000,0.63253,0.00000,0.77454,1386.2
quat6,0.00000,0.63253,0.00000,0.77454,1386.2
quat7,0.00000,0.63253,0.00000,0.77454,1386.2
quat8,0.00000,0.63253,0.00000,0.77454,1386.2
quat0,-0.74493,0.13511,-0.65301,0.02007,1386.22
quat1,-0.15062,0.66954,0.15192,0.71130,1386.22
quat2,0.15087,-0.02586,-0.03938,-0.98743,1386.22
quat3,-0.00432,-0.46606,-0.16590,-0.86905,1386.22
quat4,-0.14673,0.91154,0.17393,0.34252,1386.22
quat5,0.00000,0.63253,0.00000,0.77454,1386.22
quat6,0.00000,0.63253,0.00000,0.77454,1386.22
quat7,0.00000,0.63253,0.00000,0.77454,1386.22
quat8,0.00000,0.63253,0.00000,0.77454,1386.22
quat0,-0.74141,0.13504,-0.65728,0.00770,1386.24
quat1,-0.13632,0.67001,0.14233,0.71571,1386.24
quat2,0.12790,-0.02067,-0.03054,-0.99110,1386.24
quat3,-0.01603,-0.46968,-0.15230,-0.86945,1386.24
quat4,-0.15475,0.91276,0.14856,0.34763,1386.24
quat5,0.00000,0.63253,0.00000,0.77454,1386.24
quat6,0.00000,0.63253,0.00000,0.77454,1386.24
quat7,0.00000,0.63253,0.00000,0.77454,1386.24
quat8,0.00000,0.63253,0.00000,0.77454,1386.24
quat0,-0.74438,0.11653,-0.65726,0.01814,1386.26
quat1,-0.12340,0.66998,0.13348,0.71978,1386.26
quat2,0.10762,-0.01833,-0.02420,-0.99373,1386.26
quat3,-0.02583,-0.47351,-0.14094,-0.86906,1386.26
quat4,-0.16150,0.91298,0.12688,0.35256,1386.26
quat5,0.00000,0.63253,0.00000,0.77454,1386.26
quat6,0.00000,0.63253,0.00000,0.77454,1386.26
quat7,0.00000,0.63253,0.00000,0.77454,1386.26
quat8,0.00000,0.63253,0.00000,0.77454,1386.26
quat0,-0.73794,0.10862,-0.66530,0.03216,1386.28
quat1,-0.11325,0.67165,0.12533,0.72136,1386.28
quat2,0.09021,-0.01948,-0.02134,-0.99550,1386.28
quat3,-0.03327,-0.47645,-0.13178,-0.86863,1386.28
quat4,-0.16990,0.91452,0.11006,0.35026,1386.28
quat5,0.00000,0.63253,0.00000,0.77454,1386.28
quat6,0.00000,0.63253,0.00000,0.77454,1386.28
quat7,0.00000,0.63253,0.00000,0.77454,1386.28
quat8,0.00000,0.63253,0.00000,0.77454,1386.28
quat0,-0.74919,0.11236,-0.65177,0.03584,1386.3
quat1,-0.10689,0.67237,0.11982,0.72259,1386.3
quat2,0.07810,-0.03729,-0.02189,-0.99601,1386.3
quat3,-0.03769,-0.48025,-0.12614,-0.86720,1386.3
quat4,-0.17077,0.91725,0.10355,0.34462,1386.3
quat5,0.00000,0.63253,0.00000,0.77454,1386.3
quat6,0.00000,0.63253,0.00000,0.77454,1386.3
quat7,0.00000,0.63253,0.00000,0.77454,1386.3
quat8,0.00000,0.63253,0.00000,0.77454,1386.3
quat0,-0.75175,0.11833,-0.64816,0.02742,1386.32
quat1,-0.10470,0.66725,0.11901,0.72777,1386.32
quat2,0.07554,-0.04305,-0.02362,-0.99593,1386.32
quat3,-0.03735,-0.48613,-0.12498,-0.86410,1386.32
quat4,-0.16737,0.91599,0.10029,0.35055,1386.32
quat5,0.00000,0.63253,0.00000,0.77454,1386.32
quat6,0.00000,0.63253,0.00000,0.77454,1386.32
quat7,0.00000,0.63253,0.00000,0.77454,1386.32
quat8,0.00000,0.63253,0.00000,0.77454,1386.32
quat0,-0.75833,0.13418,-0.63759,0.02032,1386.34
quat1,-0.10853,0.65734,0.12452,0.73527,1386.34
quat2,0.08202,-0.02702,-0.01905,-0.99608,1386.34
quat3,-0.03515,-0.49023,-0.13031,-0.86108,1386.34
quat4,-0.16552,0.90843,0.10015,0.37059,1386.34
quat5,0.00000,0.63253,0.00000,0.77454,1386.34
quat6,0.00000,0.63253,0.00000,0.77454,1386.34
quat7,0.00000,0.63253,0.00000,0.77454,1386.34
quat8,0.00000,0.63253,0.00000,0.77454,1386.34
quat0,-0.75672,0.11987,-0.64207,0.02748,1386.36
quat1,-0.11818,0.64635,0.13392,0.74184,1386.36
quat2,0.09643,-0.01975,-0.01759,-0.99499,1386.36
quat3,-0.03191,-0.49223,-0.14162,-0.85827,1386.36
quat4,-0.16275,0.90599,0.11359,0.37389,1386.36
quat5,0.00000,0.63253,0.00000,0.77454,1386.36
quat6,0.00000,0.63253,0.00000,0.77454,1386.36
quat7,0.00000,0.63253,0.00000,0.77454,1386.36
quat8,0.00000,0.63253,0.00000,0.77454,1386.36
quat0,-0.75060,0.12838,-0.64802,0.01404,1386.38
quat1,-0.13213,0.63233,0.14745,0.74897,1386.38
quat2,0.11761,-0.00680,-0.01428,-0.99293,1386.38
quat3,-0.02235,-0.49603,-0.15679,-0.85374,1386.38
quat4,-0.15436,0.91747,0.13518,0.34081,1386.38
quat5,0.00000,0.63253,0.00000,0.77454,1386.38
quat6,0.00000,0.63253,0.00000,0.77454,1386.38
quat7,0.00000,0.63253,0.00000,0.77454,1386.38
quat8,0.00000,0.63253,0.00000,0.77454,1386.38
quat0,-0.74686,0.13191,-0.65151,0.01839,1386.4
quat1,-0.15093,0.61985,0.16576,0.75202,1386.4
quat2,0.14317,-0.00740,-0.01339,-0.98958,1386.4
quat3,-0.00791,-0.49877,-0.17652,-0.84853,1386.4
quat4,-0.14310,0.92498,0.16271,0.31220,1386.4
quat5,0.00000,0.63253,0.00000,0.77454,1386.4
quat6,0.00000,0.63253,0.00000,0.77454,1386.4
quat7,0.00000,0.63253,0.00000,0.77454,1386.4
quat8,0.00000,0.63253,0.00000,0.77454,1386.4
quat0,-0.75672,0.13774,-0.63887,0.01609,1386.42
quat1,-0.17382,0.61196,0.18860,0.74815,1386.42
quat2,0.17581,-0.00931,-0.01386,-0.98428,1386.42
quat3,0.01050,-0.49669,-0.20100,-0.84427,1386.42
quat4,-0.13397,0.92502,0.19632,0.29639,1386.42
quat5,0.00000,0.63253,0.00000,0.77454,1386.42
quat6,0.00000,0.63253,0.00000,0.77454,1386.42
quat7,0.00000,0.63253,0.00000,0.77454,1386.42
quat8,0.00000,0.63253,0.00000,0.77454,1386.42
quat0,-0.75451,0.14308,-0.64048,0.00445,1386.44
quat1,-0.19861,0.60686,0.21462,0.73906,1386.44
quat2,0.21798,-0.00096,-0.01510,-0.97584,1386.44
quat3,0.03183,-0.49129,-0.22857,-0.83987,1386.44
quat4,-0.12425,0.92113,0.23823,0.28166,1386.44
quat5,0.00000,0.63253,0.00000,0.77454,1386.44
quat6,0.00000,0.63253,0.00000,0.77454,1386.44
quat7,0.00000,0.63253,0.00000,0.77454,1386.44
quat8,0.00000,0.63253,0.00000,0.77454,1386.44
quat0,-0.75639,0.14951,-0.63681,-0.00057,1386.46
quat1,-0.22556,0.60073,0.24088,0.72816,1386.46
quat2,0.26414,0.01257,-0.01709,-0.96425,1386.46
quat3,0.05583,-0.48336,-0.25643,-0.83516,1386.46
quat4,-0.11366,0.91345,0.28427,0.26811,1386.46
quat5,0.00000,0.63253,0.00000,0.77454,1386.46
quat6,0.00000,0.63253,0.00000,0.77454,1386.46
quat7,0.00000,0.63253,0.00000,0.77454,1386.46
quat8,0.00000,0.63253,0.00000,0.77454,1386.46
quat0,-0.75917,0.14325,-0.63493,0.00110,1386.48
quat1,-0.25778,0.58923,0.26546,0.71826,1386.48
quat2,0.31363,0.02361,-0.02113,-0.94902,1386.48
quat3,0.08293,-0.47525,-0.28448,-0.82845,1386.48
quat4,-0.10231,0.90099,0.33425,0.25696,1386.48
quat5,0.00000,0.63253,0.00000,0.77454,1386.48
quat6,0.00000,0.63253,0.00000,0.77454,1386.48
quat7,0.00000,0.63253,0.00000,0.77454,1386.48
quat8,0.00000,0.63253,0.00000,0.77454,1386.48
quat0,-0.75264,0.14570,-0.64209,-0.00526,1386.5
quat1,-0.29477,0.57060,0.28623,0.71106,1386.5
quat2,0.36294,0.02909,-0.02860,-0.93092,1386.5
quat3,0.11110,-0.46845,-0.31222,-0.81898,1386.5
quat4,-0.09332,0.88339,0.38419,0.25160,1386.5
quat5,0.00000,0.63253,0.00000,0.77454,1386.5
quat6,0.00000,0.63253,0.00000,0.77454,1386.5
quat7,0.00000,0.63253,0.00000,0.77454,1386.5
quat8,0.00000,0.63253,0.00000,0.77454,1386.5
quat0,-0.75786,0.14625,-0.63570,-0.01201,1386.52
quat1,-0.33252,0.54949,0.30369,0.70376,1386.52
quat2,0.41215,0.03053,-0.04006,-0.90972,1386.52
quat3,0.13879,-0.46258,-0.33978,-0.80703,1386.52
quat4,-0.08744,0.86110,0.43427,0.24957,1386.52
quat5,0.00000,0.63253,0.00000,0.77454,1386.52
quat6,0.00000,0.63253,0.00000,0.77454,1386.52
quat7,0.00000,0.63253,0.00000,0.77454,1386.52
quat8,0.00000,0.63253,0.00000,0.77454,1386.52
quat0,-0.75449,0.12621,-0.64405,-0.00336,1386.54
quat1,-0.36800,0.52920,0.32015,0.69428,1386.54
quat2,0.45913,0.03076,-0.05297,-0.88625,1386.54
quat3,0.16408,-0.45764,-0.36677,-0.79317,1386.54
quat4,-0.08498,0.83649,0.48156,0.24731,1386.54
quat5,0.00000,0.63253,0.00000,0.77454,1386.54
quat6,0.00000,0.63253,0.00000,0.77454,1386.54
quat7,0.00000,0.63253,0.00000,0.77454,1386.54
quat8,0.00000,0.63253,0.00000,0.77454,1386.54
quat0,-0.75468,0.12336,-0.64439,-0.00074,1386.56
quat1,-0.40147,0.51200,0.33690,0.68057,1386.56
quat2,0.50463,0.03048,-0.06607,-0.86027,1386.56
quat3,0.18651,-0.45635,-0.39470,-0.77535,1386.56
quat4,-0.08395,0.81009,0.52681,0.24326,1386.56
quat5,0.00000,0.63253,0.00000,0.77454,1386.56
quat6,0.00000,0.63253,0.00000,0.77454,1386.56
quat7,0.00000,0.63253,0.00000,0.77454,1386.56
quat8,0.00000,0.63253,0.00000,0.77454,1386.56
quat0,-0.74931,0.12516,-0.65027,-0.00490,1386.58
quat1,-0.43008,0.49835,0.35440,0.66414,1386.58
quat2,0.54675,0.02965,-0.07890,-0.83304,1386.58
quat3,0.20420,-0.45626,-0.42381,-0.75532,1386.58
quat4,-0.08289,0.78277,0.56965,0.23641,1386.58
quat5,0.00000,0.63253,0.00000,0.77454,1386.58
quat6,0.00000,0.63253,0.00000,0.77454,1386.58
quat7,0.00000,0.63253,0.00000,0.77454,1386.58
quat8,0.00000,0.63253,0.00000,0.77454,1386.58
quat0,-0.76405,0.11124,-0.63513,0.02152,1386.6
quat1,-0.45336,0.48691,0.37235,0.64709,1386.6
quat2,0.58592,0.02827,-0.09142,-0.80470,1386.6
quat3,0.21807,-0.45398,-0.45120,-0.73673,1386.6
quat4,-0.08383,0.75437,0.61030,0.22676,1386.6
quat5,0.00000,0.63253,0.00000,0.77454,1386.6
quat6,0.00000,0.63253,0.00000,0.77454,1386.6
quat7,0.00000,0.63253,0.00000,0.77454,1386.6
quat8,0.00000,0.63253,0.00000,0.77454,1386.6
quat0,-0.75513,0.12150,-0.64420,-0.00555,1386.62
quat1,-0.47232,0.47709,0.39041,0.62999,1386.62
quat2,0.62208,0.02669,-0.10265,-0.77574,1386.62
quat3,0.22812,-0.44999,-0.47835,-0.71878,1386.62
quat4,-0.08731,0.72575,0.64780,0.21451,1386.62
quat5,0.00000,0.63253,0.00000,0.77454,1386.62
quat6,0.00000,0.63253,0.00000,0.77454,1386.62
quat7,0.00000,0.63253,0.00000,0.77454,1386.62
quat8,0.00000,0.63253,0.00000,0.77454,1386.62
quat0,-0.76034,0.10924,-0.64017,0.01155,1386.64
quat1,-0.48766,0.46935,0.40699,0.61340,1386.64
quat2,0.65450,0.02498,-0.11266,-0.74721,1386.64
quat3,0.23702,-0.44562,-0.50410,-0.70081,1386.64
quat4,-0.09452,0.69708,0.68166,0.20123,1386.64
quat5,0.00000,0.63253,0.00000,0.77454,1386.64
quat6,0.00000,0.63253,0.00000,0.77454,1386.64
quat7,0.00000,0.63253,0.00000,0.77454,1386.64
quat8,0.00000,0.63253,0.00000,0.77454,1386.64
quat0,-0.76077,0.11048,-0.63950,0.00798,1386.66
quat1,-0.50039,0.46221,0.42144,0.59864,1386.66
quat2,0.68303,0.02419,-0.12102,-0.71989,1386.66
quat3,0.24226,-0.44147,-0.52719,-0.68446,1386.66
quat4,-0.10680,0.66791,0.71170,0.18967,1386.66
quat5,0.00000,0.63253,0.00000,0.77454,1386.66
quat6,0.00000,0.63253,0.00000,0.77454,1386.66
quat7,0.00000,0.63253,0.00000,0.77454,1386.66
quat8,0.00000,0.63253,0.00000,0.77454,1386.66
quat0,-0.76695,0.09605,-0.63390,0.02724,1386.68
quat1,-0.51106,0.45421,0.43398,0.58666,1386.68
quat2,0.70824,0.02541,-0.12688,-0.69401,1386.68
quat3,0.24605,-0.43859,-0.54687,-0.66935,1386.68
quat4,-0.12285,0.63884,0.73765,0.18070,1386.68
quat5,0.00000,0.63253,0.00000,0.77454,1386.68
quat6,0.00000,0.63253,0.00000,0.77454,1386.68
quat7,0.00000,0.63253,0.00000,0.77454,1386.68
quat8,0.00000,0.63253,0.00000,0.77454,1386.68
quat0,-0.75969,0.10653,-0.64130,0.01592,1386.7
quat1,-0.52175,0.44548,0.44186,0.57799,1386.7
quat2,0.72992,0.02735,-0.13071,-0.67036,1386.7
quat3,0.25064,-0.43683,-0.56228,-0.65590,1386.7
quat4,-0.14063,0.61108,0.75947,0.17325,1386.7
quat5,0.00000,0.63253,0.00000,0.77454,1386.7
quat6,0.00000,0.63253,0.00000,0.77454,1386.7
quat7,0.00000,0.63253,0.00000,0.77454,1386.7
quat8,0.00000,0.63253,0.00000,0.77454,1386.7
quat0,-0.76450,0.10232,-0.63592,0.02601,1386.72
quat1,-0.53196,0.43688,0.44673,0.57147,1386.72
quat2,0.74787,0.02978,-0.13340,-0.64963,1386.72
quat3,0.25698,-0.43296,-0.57483,-0.64504,1386.72
quat4,-0.15629,0.58655,0.77742,0.16475,1386.72
quat5,0.00000,0.63253,0.00000,0.77454,1386.72
quat6,0.00000,0.63253,0.00000,0.77454,1386.72
quat7,0.00000,0.63253,0.00000,0.77454,1386.72
quat8,0.00000,0.63253,0.00000,0.77454,1386.72
quat0,-0.75670,0.09695,-0.64589,0.02862,1386.74
quat1,-0.54195,0.42762,0.45000,0.56650,1386.74
quat2,0.76314,0.03321,-0.13475,-0.63116,1386.74
quat3,0.26256,-0.43031,-0.58566,-0.63475,1386.74
quat4,-0.16744,0.56522,0.79281,0.15474,1386.74
quat5,0.00000,0.63253,0.00000,0.77454,1386.74
quat6,0.00000,0.63253,0.00000,0.77454,1386.74
quat7,0.00000,0.63253,0.00000,0.77454,1386.74
quat8,0.00000,0.63253,0.00000,0.77454,1386.74
quat0,-0.76199,0.10108,-0.63907,0.02718,1386.76
quat1,-0.55378,0.41881,0.45042,0.56129,1386.76
quat2,0.77631,0.03709,-0.13386,-0.61485,1386.76
quat3,0.26621,-0.42882,-0.59571,-0.62480,1386.76
quat4,-0.17443,0.54708,0.80600,0.14367,1386.76
quat5,0.00000,0.63253,0.00000,0.77454,1386.76
quat6,0.00000,0.63253,0.00000,0.77454,1386.76
quat7,0.00000,0.63253,0.00000,0.77454,1386.76
quat8,0.00000,0.63253,0.00000,0.77454,1386.76
quat0,-0.76340,0.09720,-0.63755,0.03616,1386.78
quat1,-0.56431,0.41031,0.44968,0.55767,1386.78
quat2,0.78722,0.04165,-0.13099,-0.60117,1386.78
quat3,0.26760,-0.42678,-0.60495,-0.61667,1386.78
quat4,-0.17541,0.53315,0.81714,0.13144,1386.78
quat5,0.00000,0.63253,0.00000,0.77454,1386.78
quat6,0.00000,0.63253,0.00000,0.77454,1386.78
quat7,0.00000,0.63253,0.00000,0.77454,1386.78
quat8,0.00000,0.63253,0.00000,0.77454,1386.78
quat0,-0.75610,0.10808,-0.64460,0.03368,1386.8
quat1,-0.57242,0.40332,0.44945,0.55467,1386.8
quat2,0.79598,0.04725,-0.12559,-0.59026,1386.8
quat3,0.26622,-0.42473,-0.61369,-0.61001,1386.8
quat4,-0.17089,0.52413,0.82574,0.11930,1386.8
quat5,0.00000,0.63253,0.00000,0.77454,1386.8
quat6,0.00000,0.63253,0.00000,0.77454,1386.8
quat7,0.00000,0.63253,0.00000,0.77454,1386.8
quat8,0.00000,0.63253,0.00000,0.77454,1386.8
quat0,-0.75721,0.09448,-0.64530,0.03601,1386.82
quat1,-0.57897,0.39818,0.44938,0.55164,1386.82
quat2,0.80354,0.05323,-0.11759,-0.58109,1386.82
quat3,0.26309,-0.42317,-0.62145,-0.60458,1386.82
quat4,-0.16279,0.51892,0.83220,0.10795,1386.82
quat5,0.00000,0.63253,0.00000,0.77454,1386.82
quat6,0.00000,0.63253,0.00000,0.77454,1386.82
quat7,0.00000,0.63253,0.00000,0.77454,1386.82
quat8,0.00000,0.63253,0.00000,0.77454,1386.82
quat0,-0.75608,0.09510,-0.64649,0.03689,1386.84
quat1,-0.58365,0.39503,0.44874,0.54948,1386.84
quat2,0.80849,0.05748,-0.11231,-0.57482,1386.84
quat3,0.25994,-0.42138,-0.62722,-0.60122,1386.84
quat4,-0.15396,0.51684,0.83629,0.09892,1386.84
quat5,0.00000,0.63253,0.00000,0.77454,1386.84
quat6,0.00000,0.63253,0.00000,0.77454,1386.84
quat7,0.00000,0.63253,0.00000,0.77454,1386.84
quat8,0.00000,0.63253,0.00000,0.77454,1386.84
quat0,-0.75731,0.10369,-0.64418,0.02751,1386.86
quat1,-0.58627,0.39471,0.44792,0.54759,1386.86
quat2,0.81033,0.05940,-0.11157,-0.57218,1386.86
quat3,0.25821,-0.41940,-0.62961,-0.60085,1386.86
quat4,-0.14711,0.51750,0.83772,0.09368,1386.86
quat5,0.00000,0.63253,0.00000,0.77454,1386.86
quat6,0.00000,0.63253,0.00000,0.77454,1386.86
quat7,0.00000,0.63253,0.00000,0.77454,1386.86
quat8,0.00000,0.63253,0.00000,0.77454,1386.86
quat0,-0.75715,0.09454,-0.64545,0.03434,1386.88
quat1,-0.58642,0.39678,0.44712,0.54659,1386.88
quat2,0.80936,0.06036,-0.11282,-0.57320,1386.88
quat3,0.25614,-0.41853,-0.62981,-0.60213,1386.88
quat4,-0.14176,0.52142,0.83640,0.09198,1386.88
quat5,0.00000,0.63253,0.00000,0.77454,1386.88
quat6,0.00000,0.63253,0.00000,0.77454,1386.88
quat7,0.00000,0.63253,0.00000,0.77454,1386.88
quat8,0.00000,0.63253,0.00000,0.77454,1386.88
quat0,-0.75613,0.10634,-0.64521,0.02579,1386.9
quat1,-0.58449,0.40031,0.44558,0.54734,1386.9
quat2,0.80549,0.06083,-0.11427,-0.57829,1386.9
quat3,0.25267,-0.41909,-0.62867,-0.60440,1386.9
quat4,-0.13686,0.52849,0.83254,0.09401,1386.9
quat5,0.00000,0.63253,0.00000,0.77454,1386.9
quat6,0.00000,0.63253,0.00000,0.77454,1386.9
quat7,0.00000,0.63253,0.00000,0.77454,1386.9
quat8,0.00000,0.63253,0.00000,0.77454,1386.9
quat0,-0.75204,0.10350,-0.65036,0.02755,1386.92
quat1,-0.58036,0.40382,0.44333,0.55098,1386.92
quat2,0.79887,0.06172,-0.11485,-0.58720,1386.92
quat3,0.24987,-0.42208,-0.62389,-0.60842,1386.92
quat4,-0.13333,0.53851,0.82598,0.09991,1386.92
quat5,0.00000,0.63253,0.00000,0.77454,1386.92
quat6,0.00000,0.63253,0.00000,0.77454,1386.92
quat7,0.00000,0.63253,0.00000,0.77454,1386.92
quat8,0.00000,0.63253,0.00000,0.77454,1386.92
quat0,-0.75073,0.11030,-0.65099,0.02104,1386.94
quat1,-0.57452,0.40733,0.44055,0.55672,1386.94
quat2,0.78978,0.06337,-0.11363,-0.59943,1386.94
quat3,0.24721,-0.42570,-0.61679,-0.61420,1386.94
quat4,-0.13063,0.55214,0.81627,0.10857,1386.94
quat5,0.00000,0.63253,0.00000,0.77454,1386.94
quat6,0.00000,0.63253,0.00000,0.77454,1386.94
quat7,0.00000,0.63253,0.00000,0.77454,1386.94
quat8,0.00000,0.63253,0.00000,0.77454,1386.94
quat0,-0.74857,0.11550,-0.65270,0.01687,1386.96
quat1,-0.56750,0.41159,0.43655,0.56388,1386.96
quat2,0.77849,0.06548,-0.11167,-0.61416,1386.96
quat3,0.24241,-0.42919,-0.60858,-0.62183,1386.96
quat4,-0.12593,0.56880,0.80421,0.11769,1386.96
quat5,0.00000,0.63253,0.00000,0.77454,1386.96
quat6,0.00000,0.63253,0.00000,0.77454,1386.96
quat7,0.00000,0.63253,0.00000,0.77454,1386.96
quat8,0.00000,0.63253,0.00000,0.77454,1386.96
quat0,-0.74629,0.11735,-0.65489,0.02025,1386.98
quat1,-0.55763,0.41784,0.43306,0.57177,1386.98
quat2,0.76412,0.06696,-0.11159,-0.63181,1386.98
quat3,0.23665,-0.43324,-0.59793,-0.63149,1386.98
quat4,-0.12183,0.58768,0.78958,0.12793,1386.98
quat5,0.00000,0.63253,0.00000,0.77454,1386.98
quat6,0.00000,0.63253,0.00000,0.77454,1386.98
quat7,0.00000,0.63253,0.00000,0.77454,1386.98
quat8,0.00000,0.63253,0.00000,0.77454,1386.98
quat0,-0.74475,0.13281,-0.65394,0.00785,1387
quat1,-0.54672,0.42711,0.42811,0.57914,1387
quat2,0.74706,0.06711,-0.11406,-0.65145,1387
quat3,0.23196,-0.43818,-0.58283,-0.64382,1387
quat4,-0.12167,0.60718,0.77238,0.14126,1387
quat5,0.00000,0.63253,0.00000,0.77454,1387
quat6,0.00000,0.63253,0.00000,0.77454,1387
quat7,0.00000,0.63253,0.00000,0.77454,1387
quat8,0.00000,0.63253,0.00000,0.77454,1387
quat0,-0.74132,0.14599,-0.65508,-0.00159,1387.02
quat1,-0.53356,0.43769,0.42232,0.58770,1387.02
quat2,0.72691,0.06536,-0.11877,-0.67322,1387.02
quat3,0.23161,-0.44167,-0.56336,-0.65872,1387.02
quat4,-0.12617,0.62726,0.75185,0.15922,1387.02
quat5,0.00000,0.63253,0.00000,0.77454,1387.02
quat6,0.00000,0.63253,0.00000,0.77454,1387.02
quat7,0.00000,0.63253,0.00000,0.77454,1387.02
quat8,0.00000,0.63253,0.00000,0.77454,1387.02
quat0,-0.73793,0.14949,-0.65811,0.00140,1387.04
quat1,-0.51851,0.44984,0.41422,0.59768,1387.04
quat2,0.70310,0.06125,-0.12518,-0.69731,1387.04
quat3,0.23098,-0.44218,-0.54192,-0.67635,1387.04
quat4,-0.13250,0.64771,0.72854,0.17930,1387.04
quat5,0.00000,0.63253,0.00000,0.77454,1387.04
quat6,0.00000,0.63253,0.00000,0.77454,1387.04
quat7,0.00000,0.63253,0.00000,0.77454,1387.04
quat8,0.00000,0.63253,0.00000,0.77454,1387.04
quat0,-0.73598,0.15016,-0.66013,-0.00410,1387.06
quat1,-0.50178,0.46400,0.40426,0.60786,1387.06
quat2,0.67594,0.05516,-0.13156,-0.72301,1387.06
quat3,0.22790,-0.44027,-0.51763,-0.69734,1387.06
quat4,-0.14011,0.66770,0.70298,0.20091,1387.06
quat5,0.00000,0.63253,0.00000,0.77454,1387.06
quat6,0.00000,0.63253,0.00000,0.77454,1387.06
quat7,0.00000,0.63253,0.00000,0.77454,1387.06
quat8,0.00000,0.63253,0.00000,0.77454,1387.06
quat0,-0.74528,0.15759,-0.64784,-0.00500,1387.08
quat1,-0.48335,0.48098,0.39130,0.61799,1387.08
quat2,0.64650,0.04934,-0.13493,-0.74926,1387.08
quat3,0.22184,-0.43746,-0.48945,-0.72101,1387.08
quat4,-0.14987,0.68641,0.67492,0.22552,1387.08
quat5,0.00000,0.63253,0.00000,0.77454,1387.08
quat6,0.00000,0.63253,0.00000,0.77454,1387.08
quat7,0.00000,0.63253,0.00000,0.77454,1387.08
quat8,0.00000,0.63253,0.00000,0.77454,1387.08
quat0,-0.74286,0.16283,-0.64934,-0.00343,1387.1
quat1,-0.46178,0.49884,0.37685,0.62920,1387.1
quat2,0.61498,0.04463,-0.13488,-0.77564,1387.1
quat3,0.21324,-0.43524,-0.45682,-0.74593,1387.1
quat4,-0.16132,0.70386,0.64356,0.25374,1387.1
quat5,0.00000,0.63253,0.00000,0.77454,1387.1
quat6,0.00000,0.63253,0.00000,0.77454,1387.1
quat7,0.00000,0.63253,0.00000,0.77454,1387.1
quat8,0.00000,0.63253,0.00000,0.77454,1387.1
quat0,-0.73904,0.13367,-0.66000,0.01896,1387.12
quat1,-0.43561,0.51918,0.36249,0.63976,1387.12
quat2,0.57994,0.04176,-0.13250,-0.80273,1387.12
quat3,0.19982,-0.43279,-0.42444,-0.76982,1387.12
quat4,-0.17232,0.72140,0.60784,0.28357,1387.12
quat5,0.00000,0.63253,0.00000,0.77454,1387.12
quat6,0.00000,0.63253,0.00000,0.77454,1387.12
quat7,0.00000,0.63253,0.00000,0.77454,1387.12
quat8,0.00000,0.63253,0.00000,0.77454,1387.12
quat0,-0.73874,0.14221,-0.65867,0.01386,1387.14
quat1,-0.40768,0.53987,0.34815,0.64895,1387.14
quat2,0.54271,0.04034,-0.12734,-0.82923,1387.14
quat3,0.18524,-0.43135,-0.39390,-0.79023,1387.14
quat4,-0.17871,0.73935,0.56903,0.31245,1387.14
quat5,0.00000,0.63253,0.00000,0.77454,1387.14
quat6,0.00000,0.63253,0.00000,0.77454,1387.14
quat7,0.00000,0.63253,0.00000,0.77454,1387.14
quat8,0.00000,0.63253,0.00000,0.77454,1387.14
quat0,-0.75135,0.17996,-0.63470,-0.01552,1387.16
quat1,-0.38111,0.55966,0.33017,0.65766,1387.16
quat2,0.50420,0.03824,-0.12077,-0.85425,1387.16
quat3,0.17101,-0.43069,-0.36564,-0.80720,1387.16
quat4,-0.17987,0.75786,0.52582,0.34178,1387.16
quat5,0.00000,0.63253,0.00000,0.77454,1387.16
quat6,0.00000,0.63253,0.00000,0.77454,1387.16
quat7,0.00000,0.63253,0.00000,0.77454,1387.16
quat8,0.00000,0.63253,0.00000,0.77454,1387.16
quat0,-0.73983,0.17149,-0.65052,-0.00813,1387.18
quat1,-0.35230,0.58041,0.31294,0.66414,1387.18
quat2,0.46246,0.03113,-0.11601,-0.87847,1387.18
quat3,0.15597,-0.42857,-0.33889,-0.82289,1387.18
quat4,-0.17789,0.77500,0.48029,0.37020,1387.18
quat5,0.00000,0.63253,0.00000,0.77454,1387.18
quat6,0.00000,0.63253,0.00000,0.77454,1387.18
quat7,0.00000,0.63253,0.00000,0.77454,1387.18
quat8,0.00000,0.63253,0.00000,0.77454,1387.18
quat0,-0.75338,0.15913,-0.63803,0.00487,1387.2
quat1,-0.32037,0.60003,0.29644,0.67041,1387.2
quat2,0.41714,0.02295,-0.10908,-0.90198,1387.2
quat3,0.13663,-0.43045,-0.31058,-0.83641,1387.2
quat4,-0.17129,0.79255,0.43477,0.39180,1387.2
quat5,0.00000,0.63253,0.00000,0.77454,1387.2
quat6,0.00000,0.63253,0.00000,0.77454,1387.2
quat7,0.00000,0.63253,0.00000,0.77454,1387.2
quat8,0.00000,0.63253,0.00000,0.77454,1387.2
quat0,-0.75794,0.15210,-0.63431,0.00670,1387.22
quat1,-0.29063,0.61526,0.27863,0.67775,1387.22
quat2,0.37538,0.02015,-0.09792,-0.92146,1387.22
quat3,0.11622,-0.43957,-0.28374,-0.84425,1387.22
quat4,-0.16202,0.81010,0.39095,0.40577,1387.22
quat5,0.00000,0.63253,0.00000,0.77454,1387.22
quat6,0.00000,0.63253,0.00000,0.77454,1387.22
quat7,0.00000,0.63253,0.00000,0.77454,1387.22
quat8,0.00000,0.63253,0.00000,0.77454,1387.22
quat0,-0.74994,0.15114,-0.64387,0.01372,1387.24
quat1,-0.26352,0.62470,0.25952,0.68771,1387.24
quat2,0.33505,0.01712,-0.08776,-0.93795,1387.24
quat3,0.09767,-0.45182,-0.26157,-0.84729,1387.24
quat4,-0.15240,0.82678,0.34763,0.41516,1387.24
quat5,0.00000,0.63253,0.00000,0.77454,1387.24
quat6,0.00000,0.63253,0.00000,0.77454,1387.24
quat7,0.00000,0.63253,0.00000,0.77454,1387.24
quat8,0.00000,0.63253,0.00000,0.77454,1387.24
quat0,-0.76039,0.14381,-0.63277,0.02675,1387.26
quat1,-0.23904,0.63186,0.24121,0.69673,1387.26
quat2,0.29561,0.01628,-0.07909,-0.95189,1387.26
quat3,0.08023,-0.46166,-0.24174,-0.84970,1387.26
quat4,-0.14419,0.84152,0.30815,0.41965,1387.26
quat5,0.00000,0.63253,0.00000,0.77454,1387.26
quat6,0.00000,0.63253,0.00000,0.77454,1387.26
quat7,0.00000,0.63253,0.00000,0.77454,1387.26
quat8,0.00000,0.63253,0.00000,0.77454,1387.26
quat0,-0.75273,0.15335,-0.63989,0.02054,1387.28
quat1,-0.21738,0.63924,0.22387,0.70285,1387.28
quat2,0.25802,0.01965,-0.07012,-0.96339,1387.28
quat3,0.06330,-0.46629,-0.22081,-0.85429,1387.28
quat4,-0.14120,0.85190,0.27181,0.42480,1387.28
quat5,0.00000,0.63253,0.00000,0.77454,1387.28
quat6,0.00000,0.63253,0.00000,0.77454,1387.28
quat7,0.00000,0.63253,0.00000,0.77454,1387.28
quat8,0.00000,0.63253,0.00000,0.77454,1387.28
quat0,-0.74777,0.16844,-0.64221,0.00617,1387.3
quat1,-0.19863,0.64714,0.20593,0.70665,1387.3
quat2,0.22479,0.02456,-0.06244,-0.97210,1387.3
quat3,0.04724,-0.46554,-0.20027,-0.86078,1387.3
quat4,-0.14331,0.85649,0.24014,0.43385,1387.3
quat5,0.00000,0.63253,0.00000,0.77454,1387.3
quat6,0.00000,0.63253,0.00000,0.77454,1387.3
quat7,0.00000,0.63253,0.00000,0.77454,1387.3
quat8,0.00000,0.63253,0.00000,0.77454,1387.3
quat0,-0.74947,0.14114,-0.64640,0.02302,1387.32
quat1,-0.18083,0.65388,0.18669,0.71056,1387.32
quat2,0.19276,0.02304,-0.06063,-0.97910,1387.32
quat3,0.03256,-0.46286,-0.18170,-0.86700,1387.32
quat4,-0.14771,0.85607,0.21275,0.44728,1387.32
quat5,0.00000,0.63253,0.00000,0.77454,1387.32
quat6,0.00000,0.63253,0.00000,0.77454,1387.32
quat7,0.00000,0.63253,0.00000,0.77454,1387.32
quat8,0.00000,0.63253,0.00000,0.77454,1387.32
quat0,-0.75598,0.13684,-0.63913,0.03584,1387.34
quat1,-0.16448,0.66026,0.16903,0.71305,1387.34
quat2,0.16111,0.01599,-0.06213,-0.98485,1387.34
quat3,0.02101,-0.46064,-0.16612,-0.87165,1387.34
quat4,-0.14931,0.85350,0.19075,0.46137,1387.34
quat5,0.00000,0.63253,0.00000,0.77454,1387.34
quat6,0.00000,0.63253,0.00000,0.77454,1387.34
quat7,0.00000,0.63253,0.00000,0.77454,1387.34
quat8,0.00000,0.63253,0.00000,0.77454,1387.34
quat0,-0.75878,0.14695,-0.63421,0.02085,1387.36
quat1,-0.15165,0.66371,0.15437,0.71600,1387.36
quat2,0.13408,0.01129,-0.06074,-0.98904,1387.36
quat3,0.01258,-0.45719,-0.15147,-0.87629,1387.36
quat4,-0.14633,0.85604,0.17181,0.46505,1387.36
quat5,0.00000,0.63253,0.00000,0.77454,1387.36
quat6,0.00000,0.63253,0.00000,0.77454,1387.36
quat7,0.00000,0.63253,0.00000,0.77454,1387.36
quat8,0.00000,0.63253,0.00000,0.77454,1387.36
quat0,-0.75688,0.12539,-0.64074,0.02935,1387.38
quat1,-0.14234,0.66306,0.14229,0.72100,1387.38
quat2,0.11431,0.00852,-0.05799,-0.99171,1387.38
quat3,0.00719,-0.45607,-0.13877,-0.87903,1387.38
quat4,-0.14275,0.86459,0.15689,0.45552,1387.38
quat5,0.00000,0.63253,0.00000,0.77454,1387.38
quat6,0.00000,0.63253,0.00000,0.77454,1387.38
quat7,0.00000,0.63253,0.00000,0.77454,1387.38
quat8,0.00000,0.63253,0.00000,0.77454,1387.38
quat0,-0.76599,0.13414,-0.62799,0.02987,1387.4
quat1,-0.13550,0.66128,0.13521,0.72530,1387.4
quat2,0.10120,0.00576,-0.05565,-0.99329,1387.4
quat3,0.00307,-0.45403,-0.13308,-0.88098,1387.4
quat4,-0.14105,0.87428,0.14626,0.44085,1387.4
quat5,0.00000,0.63253,0.00000,0.77454,1387.4
quat6,0.00000,0.63253,0.00000,0.77454,1387.4
quat7,0.00000,0.63253,0.00000,0.77454,1387.4
quat8,0.00000,0.63253,0.00000,0.77454,1387.4
quat0,-0.77092,0.12951,-0.62235,0.03990,1387.42
quat1,-0.13432,0.65856,0.13304,0.72840,1387.42
quat2,0.09662,0.00505,-0.05395,-0.99385,1387.42
quat3,0.00005,-0.45549,-0.13451,-0.88002,1387.42
quat4,-0.14044,0.88248,0.14270,0.42560,1387.42
quat5,0.00000,0.63253,0.00000,0.77454,1387.42
quat6,0.00000,0.63253,0.00000,0.77454,1387.42
quat7,0.00000,0.63253,0.00000,0.77454,1387.42
quat8,0.00000,0.63253,0.00000,0.77454,1387.42
quat0,-0.77664,0.13805,-0.61356,0.03631,1387.44
quat1,-0.13818,0.65148,0.13675,0.73334,1387.44
quat2,0.10198,0.00648,-0.05186,-0.99341,1387.44
quat3,-0.00021,-0.46250,-0.13881,-0.87569,1387.44
quat4,-0.13952,0.88952,0.14739,0.40935,1387.44
quat5,0.00000,0.63253,0.00000,0.77454,1387.44
quat6,0.00000,0.63253,0.00000,0.77454,1387.44
quat7,0.00000,0.63253,0.00000,0.77454,1387.44
quat8,0.00000,0.63253,0.00000,0.77454,1387.44
quat0,-0.77402,0.15794,-0.61259,0.02612,1387.46
quat1,-0.14696,0.63998,0.14709,0.73972,1387.46
quat2,0.11607,0.00561,-0.04858,-0.99204,1387.46
quat3,0.00277,-0.47019,-0.14543,-0.87050,1387.46
quat4,-0.13843,0.89354,0.15972,0.39612,1387.46
quat5,0.00000,0.63253,0.00000,0.77454,1387.46
quat6,0.00000,0.63253,0.00000,0.77454,1387.46
quat7,0.00000,0.63253,0.00000,0.77454,1387.46
quat8,0.00000,0.63253,0.00000,0.77454,1387.46
quat0,-0.76989,0.15667,-0.61845,0.01576,1387.48
quat1,-0.16173,0.62806,0.16265,0.74359,1387.48
quat2,0.14024,0.00314,-0.04648,-0.98902,1387.48
quat3,0.01059,-0.47323,-0.15663,-0.86684,1387.48
quat4,-0.13672,0.89457,0.17989,0.38560,1387.48
quat5,0.00000,0.63253,0.00000,0.77454,1387.48
quat6,0.00000,0.63253,0.00000,0.77454,1387.48
quat7,0.00000,0.63253,0.00000,0.77454,1387.48
quat8,0.00000,0.63253,0.00000,0.77454,1387.48
quat0,-0.76635,0.15004,-0.62454,0.01151,1387.5
quat1,-0.18139,0.61927,0.18314,0.74166,1387.5
quat2,0.17216,0.00063,-0.04820,-0.98389,1387.5
quat3,0.02356,-0.47080,-0.17258,-0.86487,1387.5
quat4,-0.13443,0.89335,0.20686,0.37558,1387.5
quat5,0.00000,0.63253,0.00000,0.77454,1387.5
quat6,0.00000,0.63253,0.00000,0.77454,1387.5
quat7,0.00000,0.63253,0.00000,0.77454,1387.5
quat8,0.00000,0.63253,0.00000,0.77454,1387.5
quat0,-0.77165,0.16304,-0.61479,0.00302,1387.52
quat1,-0.20466,0.61348,0.20722,0.73404,1387.52
quat2,0.21120,0.00117,-0.05208,-0.97605,1387.52
quat3,0.04303,-0.46342,-0.19257,-0.86389,1387.52
quat4,-0.13030,0.89048,0.24196,0.36267,1387.52
quat5,0.00000,0.63253,0.00000,0.77454,1387.52
quat6,0.00000,0.63253,0.00000,0.77454,1387.52
quat7,0.00000,0.63253,0.00000,0.77454,1387.52
quat8,0.00000,0.63253,0.00000,0.77454,1387.52
quat0,-0.77102,0.15939,-0.61654,0.00023,1387.54
quat1,-0.23122,0.61014,0.23246,0.72127,1387.54
quat2,0.25509,0.00493,-0.05687,-0.96523,1387.54
quat3,0.06712,-0.45387,-0.21713,-0.86160,1387.54
quat4,-0.12284,0.88661,0.28261,0.34490,1387.54
quat5,0.00000,0.63253,0.00000,0.77454,1387.54
quat6,0.00000,0.63253,0.00000,0.77454,1387.54
quat7,0.00000,0.63253,0.00000,0.77454,1387.54
quat8,0.00000,0.63253,0.00000,0.77454,1387.54
quat0,-0.76994,0.16366,-0.61666,-0.01207,1387.56
quat1,-0.26097,0.60375,0.25695,0.70806,1387.56
quat2,0.30302,0.00859,-0.06372,-0.95081,1387.56
quat3,0.09354,-0.44719,-0.24516,-0.85508,1387.56
quat4,-0.11294,0.87882,0.32896,0.32666,1387.56
quat5,0.00000,0.63253,0.00000,0.77454,1387.56
quat6,0.00000,0.63253,0.00000,0.77454,1387.56
quat7,0.00000,0.63253,0.00000,0.77454,1387.56
quat8,0.00000,0.63253,0.00000,0.77454,1387.56
quat0,-0.77217,0.16880,-0.61240,-0.01528,1387.58
quat1,-0.29302,0.59233,0.28036,0.69620,1387.58
quat2,0.35141,0.01277,-0.07081,-0.93345,1387.58
quat3,0.12095,-0.44431,-0.27611,-0.84364,1387.58
quat4,-0.10321,0.86555,0.37694,0.31318,1387.58
quat5,0.00000,0.63253,0.00000,0.77454,1387.58
quat6,0.00000,0.63253,0.00000,0.77454,1387.58
quat7,0.00000,0.63253,0.00000,0.77454,1387.58
quat8,0.00000,0.63253,0.00000,0.77454,1387.58
quat0,-0.76740,0.16628,-0.61889,-0.02053,1387.6
quat1,-0.32653,0.57619,0.30262,0.68542,1387.6
quat2,0.39993,0.01694,-0.07770,-0.91309,1387.6
quat3,0.14783,-0.44247,-0.30744,-0.82937,1387.6
quat4,-0.09549,0.84687,0.42634,0.30318,1387.6
quat5,0.00000,0.63253,0.00000,0.77454,1387.6
quat6,0.00000,0.63253,0.00000,0.77454,1387.6
quat7,0.00000,0.63253,0.00000,0.77454,1387.6
quat8,0.00000,0.63253,0.00000,0.77454,1387.6
quat0,-0.76741,0.16192,-0.62021,-0.01454,1387.62
quat1,-0.35981,0.55765,0.32250,0.67496,1387.62
quat2,0.44648,0.02058,-0.08334,-0.89067,1387.62
quat3,0.17315,-0.44016,-0.33658,-0.81424,1387.62
quat4,-0.09180,0.82449,0.47398,0.29519,1387.62
quat5,0.00000,0.63253,0.00000,0.77454,1387.62
quat6,0.00000,0.63253,0.00000,0.77454,1387.62
quat7,0.00000,0.63253,0.00000,0.77454,1387.62
quat8,0.00000,0.63253,0.00000,0.77454,1387.62
quat0,-0.76636,0.15379,-0.62345,-0.01892,1387.64
quat1,-0.39105,0.53897,0.34158,0.66326,1387.64
quat2,0.49145,0.02392,-0.08884,-0.86603,1387.64
quat3,0.19565,-0.43864,-0.36544,-0.79735,1387.64
quat4,-0.09060,0.79971,0.51990,0.28629,1387.64
quat5,0.00000,0.63253,0.00000,0.77454,1387.64
quat6,0.00000,0.63253,0.00000,0.77454,1387.64
quat7,0.00000,0.63253,0.00000,0.77454,1387.64
quat8,0.00000,0.63253,0.00000,0.77454,1387.64
quat0,-0.75718,0.15320,-0.63468,-0.01970,1387.66
quat1,-0.41995,0.52087,0.35920,0.65062,1387.66
quat2,0.53319,0.02822,-0.09395,-0.84029,1387.66
quat3,0.21526,-0.43718,-0.39447,-0.77906,1387.66
quat4,-0.09140,0.77386,0.56347,0.27438,1387.66
quat5,0.00000,0.63253,0.00000,0.77454,1387.66
quat6,0.00000,0.63253,0.00000,0.77454,1387.66
quat7,0.00000,0.63253,0.00000,0.77454,1387.66
quat8,0.00000,0.63253,0.00000,0.77454,1387.66
quat0,-0.75730,0.15756,-0.63337,-0.02273,1387.68
quat1,-0.44666,0.50297,0.37546,0.63762,1387.68
quat2,0.57245,0.03251,-0.09853,-0.81335,1387.68
quat3,0.23020,-0.43622,-0.42343,-0.75988,1387.68
quat4,-0.09277,0.74765,0.60482,0.25808,1387.68
quat5,0.00000,0.63253,0.00000,0.77454,1387.68
quat6,0.00000,0.63253,0.00000,0.77454,1387.68
quat7,0.00000,0.63253,0.00000,0.77454,1387.68
quat8,0.00000,0.63253,0.00000,0.77454,1387.68
quat0,-0.75354,0.14633,-0.64056,-0.02123,1387.7
quat1,-0.47097,0.48627,0.38940,0.62457,1387.7
quat2,0.60818,0.03467,-0.10369,-0.78623,1387.7
quat3,0.24100,-0.43498,-0.45244,-0.74028,1387.7
quat4,-0.09438,0.72184,0.64229,0.23977,1387.7
quat5,0.00000,0.63253,0.00000,0.77454,1387.7
quat6,0.00000,0.63253,0.00000,0.77454,1387.7
quat7,0.00000,0.63253,0.00000,0.77454,1387.7
quat8,0.00000,0.63253,0.00000,0.77454,1387.7
quat0,-0.75279,0.13692,-0.64376,-0.01157,1387.72
quat1,-0.49189,0.47154,0.40126,0.61212,1387.72
quat2,0.64079,0.03315,-0.11273,-0.75867,1387.72
quat3,0.24943,-0.43192,-0.47929,-0.72216,1387.72
quat4,-0.09589,0.69640,0.67623,0.22033,1387.72
quat5,0.00000,0.63253,0.00000,0.77454,1387.72
quat6,0.00000,0.63253,0.00000,0.77454,1387.72
quat7,0.00000,0.63253,0.00000,0.77454,1387.72
quat8,0.00000,0.63253,0.00000,0.77454,1387.72
quat0,-0.76588,0.14148,-0.62706,-0.01440,1387.74
quat1,-0.50783,0.46054,0.41277,0.59969,1387.74
quat2,0.66985,0.02796,-0.12737,-0.73095,1387.74
quat3,0.25702,-0.42672,-0.50216,-0.70688,1387.74
quat4,-0.09998,0.67017,0.70717,0.20195,1387.74
quat5,0.00000,0.63253,0.00000,0.77454,1387.74
quat6,0.00000,0.63253,0.00000,0.77454,1387.74
quat7,0.00000,0.63253,0.00000,0.77454,1387.74
quat8,0.00000,0.63253,0.00000,0.77454,1387.74
quat0,-0.75422,0.13799,-0.64182,-0.01285,1387.76
quat1,-0.51737,0.45727,0.42579,0.58475,1387.76
quat2,0.69567,0.02244,-0.14543,-0.70313,1387.76
quat3,0.26372,-0.41979,-0.52101,-0.69482,1387.76
quat4,-0.10868,0.64254,0.73537,0.18591,1387.76
quat5,0.00000,0.63253,0.00000,0.77454,1387.76
quat6,0.00000,0.63253,0.00000,0.77454,1387.76
quat7,0.00000,0.63253,0.00000,0.77454,1387.76
quat8,0.00000,0.63253,0.00000,0.77454,1387.76
quat0,-0.76451,0.12492,-0.63239,0.00030,1387.78
quat1,-0.52202,0.45957,0.44088,0.56738,1387.78
quat2,0.71894,0.02032,-0.16242,-0.67552,1387.78
quat3,0.27093,-0.41256,-0.53558,-0.68523,1387.78
quat4,-0.12031,0.61463,0.76103,0.16909,1387.78
quat5,0.00000,0.63253,0.00000,0.77454,1387.78
quat6,0.00000,0.63253,0.00000,0.77454,1387.78
quat7,0.00000,0.63253,0.00000,0.77454,1387.78
quat8,0.00000,0.63253,0.00000,0.77454,1387.78
quat0,-0.76922,0.13054,-0.62549,-0.00486,1387.8
quat1,-0.52724,0.46169,0.45279,0.55122,1387.8
quat2,0.74013,0.02203,-0.17466,-0.64901,1387.8
quat3,0.27729,-0.40537,-0.54907,-0.67625,1387.8
quat4,-0.13068,0.58796,0.78387,0.15092,1387.8
quat5,0.00000,0.63253,0.00000,0.77454,1387.8
quat6,0.00000,0.63253,0.00000,0.77454,1387.8
quat7,0.00000,0.63253,0.00000,0.77454,1387.8
quat8,0.00000,0.63253,0.00000,0.77454,1387.8
quat0,-0.76195,0.13001,-0.63445,-0.00288,1387.82
quat1,-0.53599,0.45945,0.45880,0.53956,1387.82
quat2,0.75947,0.02546,-0.18240,-0.62393,1387.82
quat3,0.28161,-0.39798,-0.56293,-0.66740,1387.82
quat4,-0.13950,0.56289,0.80360,0.13387,1387.82
quat5,0.00000,0.63253,0.00000,0.77454,1387.82
quat6,0.00000,0.63253,0.00000,0.77454,1387.82
quat7,0.00000,0.63253,0.00000,0.77454,1387.82
quat8,0.00000,0.63253,0.00000,0.77454,1387.82
quat0,-0.76607,0.11907,-0.63161,0.00471,1387.84
quat1,-0.54627,0.45417,0.45946,0.53311,1387.84
quat2,0.77543,0.02854,-0.18825,-0.60204,1387.84
quat3,0.28236,-0.39371,-0.57606,-0.65834,1387.84
quat4,-0.14713,0.54094,0.81959,0.11839,1387.84
quat5,0.00000,0.63253,0.00000,0.77454,1387.84
quat6,0.00000,0.63253,0.00000,0.77454,1387.84
quat7,0.00000,0.63253,0.00000,0.77454,1387.84
quat8,0.00000,0.63253,0.00000,0.77454,1387.84
quat0,-0.76931,0.12041,-0.62739,0.00646,1387.86
quat1,-0.55637,0.44821,0.45924,0.52788,1387.86
quat2,0.78870,0.03176,-0.19112,-0.58345,1387.86
quat3,0.28108,-0.39166,-0.58850,-0.64906,1387.86
quat4,-0.15080,0.52230,0.83289,0.10372,1387.86
quat5,0.00000,0.63253,0.00000,0.77454,1387.86
quat6,0.00000,0.63253,0.00000,0.77454,1387.86
quat7,0.00000,0.63253,0.00000,0.77454,1387.86
quat8,0.00000,0.63253,0.00000,0.77454,1387.86
quat0,-0.76525,0.11082,-0.63390,0.01691,1387.88
quat1,-0.56541,0.44314,0.45969,0.52214,1387.88
quat2,0.80115,0.03634,-0.18866,-0.56678,1387.88
quat3,0.27913,-0.38849,-0.60008,-0.64114,1387.88
quat4,-0.14976,0.50713,0.84386,0.09107,1387.88
quat5,0.00000,0.63253,0.00000,0.77454,1387.88
quat6,0.00000,0.63253,0.00000,0.77454,1387.88
quat7,0.00000,0.63253,0.00000,0.77454,1387.88
quat8,0.00000,0.63253,0.00000,0.77454,1387.88
quat0,-0.76982,0.11083,-0.62818,0.02190,1387.9
quat1,-0.57439,0.43870,0.45953,0.51619,1387.9
quat2,0.81284,0.04136,-0.18305,-0.55143,1387.9
quat3,0.27801,-0.38615,-0.60946,-0.63416,1387.9
quat4,-0.14672,0.49473,0.85266,0.08175,1387.9
quat5,0.00000,0.63253,0.00000,0.77454,1387.9
quat6,0.00000,0.63253,0.00000,0.77454,1387.9
quat7,0.00000,0.63253,0.00000,0.77454,1387.9
quat8,0.00000,0.63253,0.00000,0.77454,1387.9
quat0,-0.76686,0.11473,-0.63124,0.01739,1387.92
quat1,-0.58307,0.43420,0.45789,0.51170,1387.92
quat2,0.82252,0.04420,-0.17792,-0.53837,1387.92
quat3,0.27636,-0.38450,-0.61821,-0.62738,1387.92
quat4,-0.14279,0.48481,0.85959,0.07535,1387.92
quat5,0.00000,0.63253,0.00000,0.77454,1387.92
quat6,0.00000,0.63253,0.00000,0.77454,1387.92
quat7,0.00000,0.63253,0.00000,0.77454,1387.92
quat8,0.00000,0.63253,0.00000,0.77454,1387.92
quat0,-0.76829,0.11075,-0.63012,0.02040,1387.94
quat1,-0.59151,0.43045,0.45501,0.50773,1387.94
quat2,0.83046,0.04504,-0.17388,-0.52733,1387.94
quat3,0.27314,-0.38240,-0.62699,-0.62133,1387.94
quat4,-0.13675,0.47675,0.86544,0.07089,1387.94
quat5,0.00000,0.63253,0.00000,0.77454,1387.94
quat6,0.00000,0.63253,0.00000,0.77454,1387.94
quat7,0.00000,0.63253,0.00000,0.77454,1387.94
quat8,0.00000,0.63253,0.00000,0.77454,1387.94
quat0,-0.76480,0.11060,-0.63442,0.01868,1387.96
quat1,-0.59957,0.42782,0.45079,0.50425,1387.96
quat2,0.83609,0.04393,-0.17227,-0.51898,1387.96
quat3,0.26985,-0.38060,-0.63412,-0.61661,1387.96
quat4,-0.12993,0.47076,0.86996,0.06838,1387.96
quat5,0.00000,0.63253,0.00000,0.77454,1387.96
quat6,0.00000,0.63253,0.00000,0.77454,1387.96
quat7,0.00000,0.63253,0.00000,0.77454,1387.96
quat8,0.00000,0.63253,0.00000,0.77454,1387.96
quat0,-0.76577,0.10518,-0.63416,0.01940,1387.98
quat1,-0.60611,0.42710,0.44724,0.50018,1387.98
quat2,0.83962,0.04179,-0.17114,-0.51381,1387.98
quat3,0.26884,-0.37755,-0.63824,-0.61468,1387.98
quat4,-0.12306,0.46663,0.87319,0.06823,1387.98
quat5,0.00000,0.63253,0.00000,0.77454,1387.98
quat6,0.00000,0.63253,0.00000,0.77454,1387.98
quat7,0.00000,0.63253,0.00000,0.77454,1387.98
quat8,0.00000,0.63253,0.00000,0.77454,1387.98
quat0,-0.76379,0.11635,-0.63485,0.00757,1388
quat1,-0.61002,0.42817,0.44487,0.49662,1388
quat2,0.84064,0.03971,-0.16892,-0.51303,1388
quat3,0.26973,-0.37424,-0.63969,-0.61481,1388
quat4,-0.11684,0.46549,0.87449,0.07026,1388
quat5,0.00000,0.63253,0.00000,0.77454,1388
quat6,0.00000,0.63253,0.00000,0.77454,1388
quat7,0.00000,0.63253,0.00000,0.77454,1388
quat8,0.00000,0.63253,0.00000,0.77454,1388
quat0,-0.76340,0.10510,-0.63718,0.01316,1388.02
quat1,-0.61252,0.42926,0.44147,0.49564,1388.02
quat2,0.83918,0.03787,-0.16573,-0.51661,1388.02
quat3,0.27109,-0.37122,-0.63903,-0.61673,1388.02
quat4,-0.11063,0.46837,0.87347,0.07375,1388.02
quat5,0.00000,0.63253,0.00000,0.77454,1388.02
quat6,0.00000,0.63253,0.00000,0.77454,1388.02
quat7,0.00000,0.63253,0.00000,0.77454,1388.02
quat8,0.00000,0.63253,0.00000,0.77454,1388.02
quat0,-0.76174,0.10865,-0.63867,0.00684,1388.04
quat1,-0.61417,0.43005,0.43718,0.49672,1388.04
quat2,0.83568,0.03677,-0.16124,-0.52372,1388.04
quat3,0.27130,-0.36878,-0.63683,-0.62036,1388.04
quat4,-0.10375,0.47599,0.86983,0.07781,1388.04
quat5,0.00000,0.63253,0.00000,0.77454,1388.04
quat6,0.00000,0.63253,0.00000,0.77454,1388.04
quat7,0.00000,0.63253,0.00000,0.77454,1388.04
quat8,0.00000,0.63253,0.00000,0.77454,1388.04
quat0,-0.75988,0.11627,-0.63957,0.00481,1388.06
quat1,-0.61169,0.42992,0.43626,0.50069,1388.06
quat2,0.82972,0.03618,-0.15506,-0.53499,1388.06
quat3,0.26886,-0.36844,-0.63346,-0.62506,1388.06
quat4,-0.09628,0.48813,0.86347,0.08295,1388.06
quat5,0.00000,0.63253,0.00000,0.77454,1388.06
quat6,0.00000,0.63253,0.00000,0.77454,1388.06
quat7,0.00000,0.63253,0.00000,0.77454,1388.06
quat8,0.00000,0.63253,0.00000,0.77454,1388.06
quat0,-0.75559,0.12067,-0.64383,0.00093,1388.08
quat1,-0.60862,0.43106,0.43458,0.50489,1388.08
quat2,0.82146,0.03626,-0.14772,-0.54961,1388.08
quat3,0.26420,-0.37002,-0.62923,-0.63036,1388.08
quat4,-0.08868,0.50393,0.85453,0.08925,1388.08
quat5,0.00000,0.63253,0.00000,0.77454,1388.08
quat6,0.00000,0.63253,0.00000,0.77454,1388.08
quat7,0.00000,0.63253,0.00000,0.77454,1388.08
quat8,0.00000,0.63253,0.00000,0.77454,1388.08
quat0,-0.75620,0.12230,-0.64281,0.00170,1388.1
quat1,-0.60396,0.43471,0.43115,0.51027,1388.1
quat2,0.81081,0.03704,-0.14014,-0.56707,1388.1
quat3,0.25867,-0.37266,-0.62234,-0.63789,1388.1
quat4,-0.08323,0.52248,0.84297,0.09739,1388.1
quat5,0.00000,0.63253,0.00000,0.77454,1388.1
quat6,0.00000,0.63253,0.00000,0.77454,1388.1
quat7,0.00000,0.63253,0.00000,0.77454,1388.1
quat8,0.00000,0.63253,0.00000,0.77454,1388.1
quat0,-0.75074,0.13192,-0.64725,-0.00692,1388.12
quat1,-0.59670,0.43917,0.42688,0.51851,1388.12
quat2,0.79779,0.03777,-0.13402,-0.58664,1388.12
quat3,0.25507,-0.37654,-0.61181,-0.64718,1388.12
quat4,-0.07997,0.54295,0.82905,0.10718,1388.12
quat5,0.00000,0.63253,0.00000,0.77454,1388.12
quat6,0.00000,0.63253,0.00000,0.77454,1388.12
quat7,0.00000,0.63253,0.00000,0.77454,1388.12
quat8,0.00000,0.63253,0.00000,0.77454,1388.12
quat0,-0.75383,0.14881,-0.63971,-0.01947,1388.14
quat1,-0.58794,0.44601,0.42012,0.52812,1388.14
quat2,0.78165,0.03652,-0.13145,-0.60862,1388.14
quat3,0.25164,-0.38018,-0.59899,-0.65829,1388.14
quat4,-0.07987,0.56518,0.81234,0.11962,1388.14
quat5,0.00000,0.63253,0.00000,0.77454,1388.14
quat6,0.00000,0.63253,0.00000,0.77454,1388.14
quat7,0.00000,0.63253,0.00000,0.77454,1388.14
quat8,0.00000,0.63253,0.00000,0.77454,1388.14
quat0,-0.75150,0.16262,-0.63868,-0.02997,1388.16
quat1,-0.57527,0.45604,0.41308,0.53894,1388.16
quat2,0.76212,0.03262,-0.13238,-0.63292,1388.16
quat3,0.24844,-0.38233,-0.58240,-0.67299,1388.16
quat4,-0.08302,0.58829,0.79302,0.13467,1388.16
quat5,0.00000,0.63253,0.00000,0.77454,1388.16
quat6,0.00000,0.63253,0.00000,0.77454,1388.16
quat7,0.00000,0.63253,0.00000,0.77454,1388.16
quat8,0.00000,0.63253,0.00000,0.77454,1388.16
quat0,-0.75313,0.16872,-0.63495,-0.03432,1388.18
quat1,-0.55721,0.46882,0.40702,0.55142,1388.18
quat2,0.73880,0.02601,-0.13572,-0.65960,1388.18
quat3,0.24508,-0.38481,-0.56179,-0.69011,1388.18
quat4,-0.08844,0.61133,0.77158,0.15204,1388.18
quat5,0.00000,0.63253,0.00000,0.77454,1388.18
quat6,0.00000,0.63253,0.00000,0.77454,1388.18
quat7,0.00000,0.63253,0.00000,0.77454,1388.18
quat8,0.00000,0.63253,0.00000,0.77454,1388.18
quat0,-0.75739,0.15188,-0.63443,-0.02809,1388.2
quat1,-0.53631,0.48578,0.39950,0.56284,1388.2
quat2,0.71189,0.01682,-0.14063,-0.68787,1388.2
quat3,0.23919,-0.38691,-0.53957,-0.70849,1388.2
quat4,-0.09449,0.63372,0.74872,0.16996,1388.2
quat5,0.00000,0.63253,0.00000,0.77454,1388.2
quat6,0.00000,0.63253,0.00000,0.77454,1388.2
quat7,0.00000,0.63253,0.00000,0.77454,1388.2
quat8,0.00000,0.63253,0.00000,0.77454,1388.2
quat0,-0.75179,0.16840,-0.63674,-0.03195,1388.22
quat1,-0.51155,0.50564,0.39187,0.57366,1388.22
quat2,0.68195,0.00625,-0.14461,-0.71694,1388.22
quat3,0.23401,-0.38766,-0.51362,-0.72880,1388.22
quat4,-0.10073,0.65623,0.72381,0.18795,1388.22
quat5,0.00000,0.63253,0.00000,0.77454,1388.22
quat6,0.00000,0.63253,0.00000,0.77454,1388.22
quat7,0.00000,0.63253,0.00000,0.77454,1388.22
quat8,0.00000,0.63253,0.00000,0.77454,1388.22
quat0,-0.75616,0.15417,-0.63571,-0.01830,1388.24
quat1,-0.48499,0.52592,0.38374,0.58390,1388.24
quat2,0.64989,-0.00324,-0.14381,-0.74629,1388.24
quat3,0.22622,-0.38631,-0.48737,-0.74971,1388.24
quat4,-0.10610,0.68022,0.69559,0.20544,1388.24
quat5,0.00000,0.63253,0.00000,0.77454,1388.24
quat6,0.00000,0.63253,0.00000,0.77454,1388.24
quat7,0.00000,0.63253,0.00000,0.77454,1388.24
quat8,0.00000,0.63253,0.00000,0.77454,1388.24
quat0,-0.74893,0.16439,-0.64139,-0.02638,1388.26
quat1,-0.46169,0.54477,0.37084,0.59375,1388.26
quat2,0.61658,-0.01303,-0.13912,-0.77480,1388.26
quat3,0.21315,-0.38370,-0.46240,-0.77041,1388.26
quat4,-0.10817,0.70617,0.66446,0.21937,1388.26
quat5,0.00000,0.63253,0.00000,0.77454,1388.26
quat6,0.00000,0.63253,0.00000,0.77454,1388.26
quat7,0.00000,0.63253,0.00000,0.77454,1388.26
quat8,0.00000,0.63253,0.00000,0.77454,1388.26
quat0,-0.74935,0.17305,-0.63808,-0.03716,1388.28
quat1,-0.44180,0.55797,0.35651,0.60529,1388.28
quat2,0.58175,-0.02190,-0.13069,-0.80250,1388.28
quat3,0.19416,-0.38580,-0.44072,-0.78691,1388.28
quat4,-0.10669,0.73328,0.63156,0.22816,1388.28
quat5,0.00000,0.63253,0.00000,0.77454,1388.28
quat6,0.00000,0.63253,0.00000,0.77454,1388.28
quat7,0.00000,0.63253,0.00000,0.77454,1388.28
quat8,0.00000,0.63253,0.00000,0.77454,1388.28
quat0,-0.74404,0.18823,-0.63975,-0.04104,1388.3
quat1,-0.42178,0.56688,0.34290,0.61900,1388.3
quat2,0.54745,-0.02556,-0.11839,-0.82803,1388.3
quat3,0.16959,-0.39273,-0.42359,-0.79848,1388.3
quat4,-0.10132,0.76063,0.59795,0.23161,1388.3
quat5,0.00000,0.63253,0.00000,0.77454,1388.3
quat6,0.00000,0.63253,0.00000,0.77454,1388.3
quat7,0.00000,0.63253,0.00000,0.77454,1388.3
quat8,0.00000,0.63253,0.00000,0.77454,1388.3
quat0,-0.73770,0.21346,-0.63869,-0.04817,1388.32
quat1,-0.40047,0.57594,0.33073,0.63129,1388.32
quat2,0.51341,-0.02476,-0.10431,-0.85142,1388.32
quat3,0.14395,-0.40297,-0.40863,-0.80618,1388.32
quat4,-0.09496,0.78771,0.56196,0.23389,1388.32
quat5,0.00000,0.63253,0.00000,0.77454,1388.32
quat6,0.00000,0.63253,0.00000,0.77454,1388.32
quat7,0.00000,0.63253,0.00000,0.77454,1388.32
quat8,0.00000,0.63253,0.00000,0.77454,1388.32
quat0,-0.73219,0.17508,-0.65781,-0.02288,1388.34
quat1,-0.37809,0.58757,0.31837,0.64066,1388.34
quat2,0.48077,-0.02322,-0.09257,-0.87164,1388.34
quat3,0.12128,-0.41498,-0.39162,-0.81223,1388.34
quat4,-0.09144,0.81160,0.52481,0.23984,1388.34
quat5,0.00000,0.63253,0.00000,0.77454,1388.34
quat6,0.00000,0.63253,0.00000,0.77454,1388.34
quat7,0.00000,0.63253,0.00000,0.77454,1388.34
quat8,0.00000,0.63253,0.00000,0.77454,1388.34
quat0,-0.73757,0.15652,-0.65688,-0.00336,1388.36
quat1,-0.35417,0.60130,0.30297,0.64901,1388.36
quat2,0.44769,-0.02620,-0.08739,-0.88952,1388.36
quat3,0.10153,-0.42533,-0.37058,-0.81943,1388.36
quat4,-0.09242,0.83075,0.48779,0.25175,1388.36
quat5,0.00000,0.63253,0.00000,0.77454,1388.36
quat6,0.00000,0.63253,0.00000,0.77454,1388.36
quat7,0.00000,0.63253,0.00000,0.77454,1388.36
quat8,0.00000,0.63253,0.00000,0.77454,1388.36
quat0,-0.73931,0.16446,-0.65297,-0.00396,1388.38
quat1,-0.32914,0.61712,0.28665,0.65473,1388.38
quat2,0.41281,-0.03293,-0.08661,-0.90609,1388.38
quat3,0.08534,-0.42953,-0.34562,-0.82992,1388.38
quat4,-0.09653,0.84513,0.45247,0.26778,1388.38
quat5,0.00000,0.63253,0.00000,0.77454,1388.38
quat6,0.00000,0.63253,0.00000,0.77454,1388.38
quat7,0.00000,0.63253,0.00000,0.77454,1388.38
quat8,0.00000,0.63253,0.00000,0.77454,1388.38
quat0,-0.74606,0.17107,-0.64335,-0.01544,1388.4
quat1,-0.30634,0.63143,0.27003,0.65919,1388.4
quat2,0.37741,-0.03669,-0.08394,-0.92150,1388.4
quat3,0.07108,-0.42901,-0.32002,-0.84171,1388.4
quat4,-0.10270,0.85625,0.41633,0.28802,1388.4
quat5,0.00000,0.63253,0.00000,0.77454,1388.4
quat6,0.00000,0.63253,0.00000,0.77454,1388.4
quat7,0.00000,0.63253,0.00000,0.77454,1388.4
quat8,0.00000,0.63253,0.00000,0.77454,1388.4
quat0,-0.73738,0.17151,-0.65305,-0.01940,1388.42
quat1,-0.28717,0.64286,0.25158,0.66406,1388.42
quat2,0.34522,-0.03254,-0.07781,-0.93472,1388.42
quat3,0.05905,-0.42692,-0.29502,-0.85277,1388.42
quat4,-0.10994,0.86387,0.38012,0.31168,1388.42
quat5,0.00000,0.63253,0.00000,0.77454,1388.42
quat6,0.00000,0.63253,0.00000,0.77454,1388.42
quat7,0.00000,0.63253,0.00000,0.77454,1388.42
quat8,0.00000,0.63253,0.00000,0.77454,1388.42
quat0,-0.74221,0.16082,-0.65057,-0.00555,1388.44
quat1,-0.26899,0.65024,0.23188,0.67162,1388.44
quat2,0.31343,-0.02461,-0.07222,-0.94654,1388.44
quat3,0.04754,-0.42601,-0.27102,-0.86186,1388.44
quat4,-0.11524,0.87070,0.34413,0.33193,1388.44
quat5,0.00000,0.63253,0.00000,0.77454,1388.44
quat6,0.00000,0.63253,0.00000,0.77454,1388.44
quat7,0.00000,0.63253,0.00000,0.77454,1388.44
quat8,0.00000,0.63253,0.00000,0.77454,1388.44
quat0,-0.74411,0.16058,-0.64846,-0.00259,1388.46
quat1,-0.25104,0.65417,0.21399,0.68063,1388.46
quat2,0.28098,-0.01606,-0.06712,-0.95723,1388.46
quat3,0.03517,-0.42698,-0.24860,-0.86871,1388.46
quat4,-0.11759,0.87769,0.31149,0.34467,1388.46
quat5,0.00000,0.63253,0.00000,0.77454,1388.46
quat6,0.00000,0.63253,0.00000,0.77454,1388.46
quat7,0.00000,0.63253,0.00000,0.77454,1388.46
quat8,0.00000,0.63253,0.00000,0.77454,1388.46
quat0,-0.74761,0.16096,-0.64431,-0.00677,1388.48
quat1,-0.23459,0.65622,0.19729,0.68951,1388.48
quat2,0.24903,-0.00627,-0.06090,-0.96656,1388.48
quat3,0.02287,-0.43154,-0.22850,-0.87237,1388.48
quat4,-0.12013,0.88258,0.28128,0.35707,1388.48
quat5,0.00000,0.63253,0.00000,0.77454,1388.48
quat6,0.00000,0.63253,0.00000,0.77454,1388.48
quat7,0.00000,0.63253,0.00000,0.77454,1388.48
quat8,0.00000,0.63253,0.00000,0.77454,1388.48
quat0,-0.73962,0.15269,-0.65543,-0.00726,1388.5
quat1,-0.21736,0.65774,0.18071,0.69820,1388.5
quat2,0.22137,-0.00121,-0.05735,-0.97350,1388.5
quat3,0.01263,-0.43737,-0.20908,-0.87455,1388.5
quat4,-0.12460,0.88384,0.25323,0.37306,1388.5
quat5,0.00000,0.63253,0.00000,0.77454,1388.5
quat6,0.00000,0.63253,0.00000,0.77454,1388.5
quat7,0.00000,0.63253,0.00000,0.77454,1388.5
quat8,0.00000,0.63253,0.00000,0.77454,1388.5
quat0,-0.73367,0.14867,-0.66303,-0.00379,1388.52
quat1,-0.19719,0.66169,0.16565,0.70416,1388.52
quat2,0.19421,-0.00920,-0.05926,-0.97912,1388.52
quat3,0.00456,-0.44024,-0.18996,-0.87754,1388.52
quat4,-0.13048,0.88298,0.22563,0.39040,1388.52
quat5,0.00000,0.63253,0.00000,0.77454,1388.52
quat6,0.00000,0.63253,0.00000,0.77454,1388.52
quat7,0.00000,0.63253,0.00000,0.77454,1388.52
quat8,0.00000,0.63253,0.00000,0.77454,1388.52
quat0,-0.74300,0.14606,-0.65316,0.00061,1388.54
quat1,-0.17579,0.66876,0.15451,0.70568,1388.54
quat2,0.16818,-0.02663,-0.06166,-0.98347,1388.54
quat3,-0.00348,-0.43965,-0.17188,-0.88156,1388.54
quat4,-0.13634,0.88288,0.20196,0.40143,1388.54
quat5,0.00000,0.63253,0.00000,0.77454,1388.54
quat6,0.00000,0.63253,0.00000,0.77454,1388.54
quat7,0.00000,0.63253,0.00000,0.77454,1388.54
quat8,0.00000,0.63253,0.00000,0.77454,1388.54
quat0,-0.74125,0.14999,-0.65426,-0.00018,1388.56
quat1,-0.15759,0.67773,0.14527,0.70339,1388.56
quat2,0.14477,-0.04270,-0.06118,-0.98665,1388.56
quat3,-0.01198,-0.43767,-0.15610,-0.88540,1388.56
quat4,-0.14085,0.88572,0.18302,0.40270,1388.56
quat5,0.00000,0.63253,0.00000,0.77454,1388.56
quat6,0.00000,0.63253,0.00000,0.77454,1388.56
quat7,0.00000,0.63253,0.00000,0.77454,1388.56
quat8,0.00000,0.63253,0.00000,0.77454,1388.56
quat0,-0.74269,0.14307,-0.65414,-0.00667,1388.58
quat1,-0.14177,0.68560,0.13750,0.70068,1388.58
quat2,0.12681,-0.05462,-0.05799,-0.98872,1388.58
quat3,-0.01987,-0.43446,-0.14584,-0.88858,1388.58
quat4,-0.14377,0.89248,0.16934,0.39261,1388.58
quat5,0.00000,0.63253,0.00000,0.77454,1388.58
quat6,0.00000,0.63253,0.00000,0.77454,1388.58
quat7,0.00000,0.63253,0.00000,0.77454,1388.58
quat8,0.00000,0.63253,0.00000,0.77454,1388.58
quat0,-0.73816,0.12702,-0.66255,-0.00310,1388.6
quat1,-0.12880,0.68878,0.13100,0.70131,1388.6
quat2,0.11265,-0.06430,-0.05438,-0.99006,1388.6
quat3,-0.02522,-0.42932,-0.14262,-0.89146,1388.6
quat4,-0.14560,0.90076,0.15941,0.37686,1388.6
quat5,0.00000,0.63253,0.00000,0.77454,1388.6
quat6,0.00000,0.63253,0.00000,0.77454,1388.6
quat7,0.00000,0.63253,0.00000,0.77454,1388.6
quat8,0.00000,0.63253,0.00000,0.77454,1388.6
quat0,-0.73583,0.12908,-0.66472,-0.00612,1388.62
quat1,-0.12092,0.68494,0.12802,0.70700,1388.62
quat2,0.10473,-0.06961,-0.05054,-0.99077,1388.62
quat3,-0.02805,-0.42576,-0.14549,-0.89262,1388.62
quat4,-0.14814,0.90570,0.15481,0.36578,1388.62
quat5,0.00000,0.63253,0.00000,0.77454,1388.62
quat6,0.00000,0.63253,0.00000,0.77454,1388.62
quat7,0.00000,0.63253,0.00000,0.77454,1388.62
quat8,0.00000,0.63253,0.00000,0.77454,1388.62
quat0,-0.75962,0.15268,-0.63213,-0.00819,1388.64
quat1,-0.11957,0.67306,0.13093,0.71802,1388.64
quat2,0.10508,-0.06849,-0.04687,-0.99099,1388.64
quat3,-0.02851,-0.42639,-0.15219,-0.89119,1388.64
quat4,-0.14974,0.90758,0.15832,0.35892,1388.64
quat5,0.00000,0.63253,0.00000,0.77454,1388.64
quat6,0.00000,0.63253,0.00000,0.77454,1388.64
quat7,0.00000,0.63253,0.00000,0.77454,1388.64
quat8,0.00000,0.63253,0.00000,0.77454,1388.64
quat0,-0.76008,0.13343,-0.63594,0.00738,1388.66
quat1,-0.12587,0.65441,0.13965,0.73240,1388.66
quat2,0.11522,-0.06552,-0.04082,-0.99034,1388.66
quat3,-0.02557,-0.43127,-0.16219,-0.88716,1388.66
quat4,-0.14712,0.90756,0.16964,0.35484,1388.66
quat5,0.00000,0.63253,0.00000,0.77454,1388.66
quat6,0.00000,0.63253,0.00000,0.77454,1388.66
quat7,0.00000,0.63253,0.00000,0.77454,1388.66
quat8,0.00000,0.63253,0.00000,0.77454,1388.66
quat0,-0.75218,0.13063,-0.64584,0.00703,1388.68
quat1,-0.13873,0.63491,0.15428,0.74420,1388.68
quat2,0.13476,-0.06724,-0.03511,-0.98797,1388.68
quat3,-0.01778,-0.43659,-0.17656,-0.88199,1388.68
quat4,-0.13978,0.90803,0.19143,0.34539,1388.68
quat5,0.00000,0.63253,0.00000,0.77454,1388.68
quat6,0.00000,0.63253,0.00000,0.77454,1388.68
quat7,0.00000,0.63253,0.00000,0.77454,1388.68
quat8,0.00000,0.63253,0.00000,0.77454,1388.68
quat0,-0.76087,0.15383,-0.63040,-0.00295,1388.7
quat1,-0.15671,0.62111,0.17278,0.74821,1388.7
quat2,0.16072,-0.07275,-0.03225,-0.98379,1388.7
quat3,-0.00471,-0.43906,-0.19556,-0.87691,1388.7
quat4,-0.12905,0.90670,0.22041,0.33565,1388.7
quat5,0.00000,0.63253,0.00000,0.77454,1388.7
quat6,0.00000,0.63253,0.00000,0.77454,1388.7
quat7,0.00000,0.63253,0.00000,0.77454,1388.7
quat8,0.00000,0.63253,0.00000,0.77454,1388.7
quat0,-0.76029,0.16025,-0.62949,-0.00483,1388.72
quat1,-0.17666,0.61552,0.19574,0.74271,1388.72
quat2,0.19428,-0.07631,-0.03124,-0.97748,1388.72
quat3,0.01433,-0.43655,-0.22125,-0.87194,1388.72
quat4,-0.11529,0.90206,0.25635,0.32754,1388.72
quat5,0.00000,0.63253,0.00000,0.77454,1388.72
quat6,0.00000,0.63253,0.00000,0.77454,1388.72
quat7,0.00000,0.63253,0.00000,0.77454,1388.72
quat8,0.00000,0.63253,0.00000,0.77454,1388.72
quat0,-0.75877,0.16160,-0.63095,-0.00788,1388.74
quat1,-0.19740,0.61526,0.22308,0.72988,1388.74
quat2,0.23348,-0.07644,-0.03215,-0.96882,1388.74
quat3,0.03837,-0.42896,-0.25134,-0.86680,1388.74
quat4,-0.10067,0.89356,0.29802,0.32031,1388.74
quat5,0.00000,0.63253,0.00000,0.77454,1388.74
quat6,0.00000,0.63253,0.00000,0.77454,1388.74
quat7,0.00000,0.63253,0.00000,0.77454,1388.74
quat8,0.00000,0.63253,0.00000,0.77454,1388.74
quat0,-0.76757,0.15258,-0.62252,-0.00533,1388.76
quat1,-0.21914,0.61395,0.25247,0.71505,1388.76
quat2,0.27853,-0.07585,-0.03762,-0.95669,1388.76
quat3,0.06594,-0.41898,-0.28217,-0.86052,1388.76
quat4,-0.08610,0.88046,0.34501,0.31360,1388.76
quat5,0.00000,0.63253,0.00000,0.77454,1388.76
quat6,0.00000,0.63253,0.00000,0.77454,1388.76
quat7,0.00000,0.63253,0.00000,0.77454,1388.76
quat8,0.00000,0.63253,0.00000,0.77454,1388.76
quat0,-0.76896,0.15696,-0.61957,-0.01427,1388.78
quat1,-0.24369,0.60996,0.28045,0.69994,1388.78
quat2,0.32557,-0.07558,-0.04746,-0.94130,1388.78
quat3,0.09563,-0.41041,-0.31214,-0.85146,1388.78
quat4,-0.07313,0.86359,0.39283,0.30748,1388.78
quat5,0.00000,0.63253,0.00000,0.77454,1388.78
quat6,0.00000,0.63253,0.00000,0.77454,1388.78
quat7,0.00000,0.63253,0.00000,0.77454,1388.78
quat8,0.00000,0.63253,0.00000,0.77454,1388.78
quat0,-0.75827,0.16134,-0.63136,-0.01961,1388.8
quat1,-0.27285,0.60111,0.30533,0.68629,1388.8
quat2,0.37463,-0.07278,-0.06150,-0.92227,1388.8
quat3,0.12595,-0.40465,-0.34189,-0.83875,1388.8
quat4,-0.06182,0.84248,0.44174,0.30210,1388.8
quat5,0.00000,0.63253,0.00000,0.77454,1388.8
quat6,0.00000,0.63253,0.00000,0.77454,1388.8
quat7,0.00000,0.63253,0.00000,0.77454,1388.8
quat8,0.00000,0.63253,0.00000,0.77454,1388.8
quat0,-0.75938,0.16198,-0.62989,-0.01865,1388.82
quat1,-0.30530,0.58412,0.32795,0.67678,1388.82
quat2,0.42286,-0.06599,-0.07680,-0.90052,1388.82
quat3,0.15321,-0.40198,-0.37024,-0.82333,1388.82
quat4,-0.05511,0.81770,0.49019,0.29671,1388.82
quat5,0.00000,0.63253,0.00000,0.77454,1388.82
quat6,0.00000,0.63253,0.00000,0.77454,1388.82
quat7,0.00000,0.63253,0.00000,0.77454,1388.82
quat8,0.00000,0.63253,0.00000,0.77454,1388.82
quat0,-0.76266,0.14641,-0.62992,-0.01104,1388.84
quat1,-0.34057,0.56139,0.34644,0.66995,1388.84
quat2,0.47089,-0.05685,-0.09249,-0.87548,1388.84
quat3,0.17771,-0.40160,-0.39810,-0.80539,1388.84
quat4,-0.05280,0.79045,0.53776,0.28846,1388.84
quat5,0.00000,0.63253,0.00000,0.77454,1388.84
quat6,0.00000,0.63253,0.00000,0.77454,1388.84
quat7,0.00000,0.63253,0.00000,0.77454,1388.84
quat8,0.00000,0.63253,0.00000,0.77454,1388.84
quat0,-0.75300,0.14395,-0.64192,-0.01421,1388.86
quat1,-0.37636,0.53668,0.36164,0.66299,1388.86
quat2,0.51623,-0.04737,-0.10775,-0.84832,1388.86
quat3,0.19837,-0.40202,-0.42560,-0.78606,1388.86
quat4,-0.05306,0.76311,0.58159,0.27676,1388.86
quat5,0.00000,0.63253,0.00000,0.77454,1388.86
quat6,0.00000,0.63253,0.00000,0.77454,1388.86
quat7,0.00000,0.63253,0.00000,0.77454,1388.86
quat8,0.00000,0.63253,0.00000,0.77454,1388.86
quat0,-0.75101,0.13303,-0.64658,-0.01468,1388.88
quat1,-0.40927,0.51492,0.37551,0.65295,1388.88
quat2,0.55926,-0.03631,-0.12137,-0.81926,1388.88
quat3,0.21162,-0.40436,-0.45567,-0.76424,1388.88
quat4,-0.05485,0.73551,0.62265,0.26137,1388.88
quat5,0.00000,0.63253,0.00000,0.77454,1388.88
quat6,0.00000,0.63253,0.00000,0.77454,1388.88
quat7,0.00000,0.63253,0.00000,0.77454,1388.88
quat8,0.00000,0.63253,0.00000,0.77454,1388.88
quat0,-0.74109,0.12169,-0.66024,-0.00819,1388.9
quat1,-0.43891,0.49619,0.38918,0.64008,1388.9
quat2,0.59954,-0.02234,-0.13132,-0.78918,1388.9
quat3,0.21809,-0.40702,-0.48797,-0.74072,1388.9
quat4,-0.05557,0.70840,0.66083,0.24162,1388.9
quat5,0.00000,0.63253,0.00000,0.77454,1388.9
quat6,0.00000,0.63253,0.00000,0.77454,1388.9
quat7,0.00000,0.63253,0.00000,0.77454,1388.9
quat8,0.00000,0.63253,0.00000,0.77454,1388.9
quat0,-0.74753,0.13680,-0.64954,-0.02400,1388.92
quat1,-0.46689,0.48088,0.40129,0.62429,1388.92
quat2,0.63673,-0.00770,-0.13770,-0.75865,1388.92
quat3,0.22400,-0.40764,-0.51866,-0.71739,1388.92
quat4,-0.05375,0.68223,0.69547,0.21907,1388.92
quat5,0.00000,0.63253,0.00000,0.77454,1388.92
quat6,0.00000,0.63253,0.00000,0.77454,1388.92
quat7,0.00000,0.63253,0.00000,0.77454,1388.92
quat8,0.00000,0.63253,0.00000,0.77454,1388.92
quat0,-0.75592,0.12893,-0.64160,-0.01757,1388.94
quat1,-0.49133,0.46768,0.41234,0.60815,1388.94
quat2,0.67017,0.00591,-0.14135,-0.72860,1388.94
quat3,0.22976,-0.40512,-0.54531,-0.69694,1388.94
quat4,-0.05001,0.65697,0.72632,0.19582,1388.94
quat5,0.00000,0.63253,0.00000,0.77454,1388.94
quat6,0.00000,0.63253,0.00000,0.77454,1388.94
quat7,0.00000,0.63253,0.00000,0.77454,1388.94
quat8,0.00000,0.63253,0.00000,0.77454,1388.94
quat0,-0.74729,0.10104,-0.65674,0.00659,1388.96
quat1,-0.51115,0.45773,0.42216,0.59245,1388.96
quat2,0.69971,0.01785,-0.14369,-0.69960,1388.96
quat3,0.23569,-0.40089,-0.56707,-0.67983,1388.96
quat4,-0.04595,0.63270,0.75334,0.17339,1388.96
quat5,0.00000,0.63253,0.00000,0.77454,1388.96
quat6,0.00000,0.63253,0.00000,0.77454,1388.96
quat7,0.00000,0.63253,0.00000,0.77454,1388.96
quat8,0.00000,0.63253,0.00000,0.77454,1388.96
quat0,-0.75547,0.09827,-0.64774,0.00558,1388.98
quat1,-0.52671,0.45023,0.43109,0.57795,1388.98
quat2,0.72586,0.02757,-0.14448,-0.67193,1388.98
quat3,0.24178,-0.39763,-0.58474,-0.66447,1388.98
quat4,-0.04202,0.60927,0.77704,0.15244,1388.98
quat5,0.00000,0.63253,0.00000,0.77454,1388.98
quat6,0.00000,0.63253,0.00000,0.77454,1388.98
quat7,0.00000,0.63253,0.00000,0.77454,1388.98
quat8,0.00000,0.63253,0.00000,0.77454,1388.98
quat0,-0.76142,0.11025,-0.63881,0.00375,1389
quat1,-0.53979,0.44352,0.43832,0.56551,1389
quat2,0.74842,0.03473,-0.14381,-0.64651,1389
quat3,0.24847,-0.39446,-0.59909,-0.65097,1389
quat4,-0.03839,0.58650,0.79788,0.13394,1389
quat5,0.00000,0.63253,0.00000,0.77454,1389
quat6,0.00000,0.63253,0.00000,0.77454,1389
quat7,0.00000,0.63253,0.00000,0.77454,1389
quat8,0.00000,0.63253,0.00000,0.77454,1389
quat0,-0.75248,0.10237,-0.65059,0.00436,1389.02
quat1,-0.55041,0.43665,0.44363,0.55641,1389.02
quat2,0.76828,0.03947,-0.14356,-0.62256,1389.02
quat3,0.25293,-0.39299,-0.61156,-0.63843,1389.02
quat4,-0.03745,0.56406,0.81631,0.11862,1389.02
quat5,0.00000,0.63253,0.00000,0.77454,1389.02
quat6,0.00000,0.63253,0.00000,0.77454,1389.02
quat7,0.00000,0.63253,0.00000,0.77454,1389.02
quat8,0.00000,0.63253,0.00000,0.77454,1389.02
quat0,-0.75873,0.09547,-0.64422,0.01387,1389.04
quat1,-0.56098,0.42979,0.44610,0.54916,1389.04
quat2,0.78428,0.04076,-0.14516,-0.60181,1389.04
quat3,0.25557,-0.39318,-0.62213,-0.62694,1389.04
quat4,-0.04112,0.54221,0.83231,0.10758,1389.04
quat5,0.00000,0.63253,0.00000,0.77454,1389.04
quat6,0.00000,0.63253,0.00000,0.77454,1389.04
quat7,0.00000,0.63253,0.00000,0.77454,1389.04
quat8,0.00000,0.63253,0.00000,0.77454,1389.04
quat0,-0.75329,0.09920,-0.65012,0.00768,1389.06
quat1,-0.57154,0.42359,0.44686,0.54243,1389.06
quat2,0.79687,0.03931,-0.14925,-0.58410,1389.06
quat3,0.25781,-0.39357,-0.63081,-0.61702,1389.06
quat4,-0.04914,0.52217,0.84560,0.09942,1389.06
quat5,0.00000,0.63253,0.00000,0.77454,1389.06
quat6,0.00000,0.63253,0.00000,0.77454,1389.06
quat7,0.00000,0.63253,0.00000,0.77454,1389.06
quat8,0.00000,0.63253,0.00000,0.77454,1389.06
quat0,-0.75846,0.10105,-0.64382,0.00449,1389.08
quat1,-0.58049,0.41896,0.44688,0.53647,1389.08
quat2,0.80563,0.03657,-0.15519,-0.57056,1389.08
quat3,0.26024,-0.39165,-0.63782,-0.60998,1389.08
quat4,-0.05757,0.50787,0.85468,0.09097,1389.08
quat5,0.00000,0.63253,0.00000,0.77454,1389.08
quat6,0.00000,0.63253,0.00000,0.77454,1389.08
quat7,0.00000,0.63253,0.00000,0.77454,1389.08
quat8,0.00000,0.63253,0.00000,0.77454,1389.08
quat0,-0.75589,0.09364,-0.64787,0.01109,1389.1
quat1,-0.58661,0.41511,0.44725,0.53248,1389.1
quat2,0.81145,0.03542,-0.15828,-0.56147,1389.1
quat3,0.25873,-0.39045,-0.64470,-0.60413,1389.1
quat4,-0.05927,0.50070,0.85990,0.07982,1389.1
quat5,0.00000,0.63253,0.00000,0.77454,1389.1
quat6,0.00000,0.63253,0.00000,0.77454,1389.1
quat7,0.00000,0.63253,0.00000,0.77454,1389.1
quat8,0.00000,0.63253,0.00000,0.77454,1389.1
quat0,-0.75389,0.07858,-0.65167,0.02841,1389.12
quat1,-0.59201,0.41161,0.44670,0.52968,1389.12
quat2,0.81514,0.03728,-0.15531,-0.55681,1389.12
quat3,0.25394,-0.39048,-0.65191,-0.59837,1389.12
quat4,-0.05602,0.49928,0.86183,0.06947,1389.12
quat5,0.00000,0.63253,0.00000,0.77454,1389.12
quat6,0.00000,0.63253,0.00000,0.77454,1389.12
quat7,0.00000,0.63253,0.00000,0.77454,1389.12
quat8,0.00000,0.63253,0.00000,0.77454,1389.12
quat0,-0.75094,0.08453,-0.65454,0.02290,1389.14
quat1,-0.59696,0.40760,0.44491,0.52873,1389.14
quat2,0.81691,0.04152,-0.14623,-0.55638,1389.14
quat3,0.24731,-0.39251,-0.65751,-0.59368,1389.14
quat4,-0.04938,0.50218,0.86121,0.06070,1389.14
quat5,0.00000,0.63253,0.00000,0.77454,1389.14
quat6,0.00000,0.63253,0.00000,0.77454,1389.14
quat7,0.00000,0.63253,0.00000,0.77454,1389.14
quat8,0.00000,0.63253,0.00000,0.77454,1389.14
quat0,-0.74871,0.08885,-0.65655,0.02188,1389.16
quat1,-0.60054,0.40325,0.44166,0.53073,1389.16
quat2,0.81667,0.04649,-0.13441,-0.55931,1389.16
quat3,0.24192,-0.39585,-0.65971,-0.59124,1389.16
quat4,-0.04056,0.50798,0.85869,0.05438,1389.16
quat5,0.00000,0.63253,0.00000,0.77454,1389.16
quat6,0.00000,0.63253,0.00000,0.77454,1389.16
quat7,0.00000,0.63253,0.00000,0.77454,1389.16
quat8,0.00000,0.63253,0.00000,0.77454,1389.16
quat0,-0.74588,0.08401,-0.66043,0.02099,1389.18
quat1,-0.60097,0.40128,0.43878,0.53412,1389.18
quat2,0.81406,0.05075,-0.12424,-0.56507,1389.18
quat3,0.24002,-0.39968,-0.65764,-0.59174,1389.18
quat4,-0.03367,0.51626,0.85418,0.05219,1389.18
quat5,0.00000,0.63253,0.00000,0.77454,1389.18
quat6,0.00000,0.63253,0.00000,0.77454,1389.18
quat7,0.00000,0.63253,0.00000,0.77454,1389.18
quat8,0.00000,0.63253,0.00000,0.77454,1389.18
quat0,-0.74466,0.09979,-0.65992,0.00650,1389.2
quat1,-0.59781,0.40180,0.43673,0.53894,1389.2
quat2,0.80861,0.05282,-0.11876,-0.57381,1389.2
quat3,0.24018,-0.40514,-0.65121,-0.59507,1389.2
quat4,-0.03131,0.52577,0.84829,0.05468,1389.2
quat5,0.00000,0.63253,0.00000,0.77454,1389.2
quat6,0.00000,0.63253,0.00000,0.77454,1389.2
quat7,0.00000,0.63253,0.00000,0.77454,1389.2
quat8,0.00000,0.63253,0.00000,0.77454,1389.2
quat0,-0.74675,0.09162,-0.65860,0.01477,1389.22
quat1,-0.59109,0.40403,0.43492,0.54610,1389.22
quat2,0.80003,0.05286,-0.11788,-0.58588,1389.22
quat3,0.24190,-0.41280,-0.63996,-0.60127,1389.22
quat4,-0.03417,0.53702,0.84064,0.06134,1389.22
quat5,0.00000,0.63253,0.00000,0.77454,1389.22
quat6,0.00000,0.63253,0.00000,0.77454,1389.22
quat7,0.00000,0.63253,0.00000,0.77454,1389.22
quat8,0.00000,0.63253,0.00000,0.77454,1389.22
quat0,-0.74601,0.10304,-0.65785,0.00961,1389.24
quat1,-0.58165,0.40764,0.43287,0.55510,1389.24
quat2,0.78884,0.05089,-0.12020,-0.60058,1389.24
quat3,0.24698,-0.42078,-0.62432,-0.61006,1389.24
quat4,-0.04124,0.55001,0.83109,0.07127,1389.24
quat5,0.00000,0.63253,0.00000,0.77454,1389.24
quat6,0.00000,0.63253,0.00000,0.77454,1389.24
quat7,0.00000,0.63253,0.00000,0.77454,1389.24
quat8,0.00000,0.63253,0.00000,0.77454,1389.24
quat0,-0.74309,0.10602,-0.66070,0.00677,1389.26
quat1,-0.56991,0.41189,0.43038,0.56597,1389.26
quat2,0.77501,0.04759,-0.12394,-0.61784,1389.26
quat3,0.25345,-0.42732,-0.60648,-0.62076,1389.26
quat4,-0.05137,0.56548,0.81883,0.08431,1389.26
quat5,0.00000,0.63253,0.00000,0.77454,1389.26
quat6,0.00000,0.63253,0.00000,0.77454,1389.26
quat7,0.00000,0.63253,0.00000,0.77454,1389.26
quat8,0.00000,0.63253,0.00000,0.77454,1389.26
quat0,-0.73781,0.11188,-0.66567,-0.00096,1389.28
quat1,-0.55677,0.41818,0.42693,0.57695,1389.28
quat2,0.75909,0.04372,-0.12851,-0.63668,1389.28
quat3,0.25866,-0.43282,-0.58791,-0.63255,1389.28
quat4,-0.06452,0.58272,0.80384,0.10052,1389.28
quat5,0.00000,0.63253,0.00000,0.77454,1389.28
quat6,0.00000,0.63253,0.00000,0.77454,1389.28
quat7,0.00000,0.63253,0.00000,0.77454,1389.28
quat8,0.00000,0.63253,0.00000,0.77454,1389.28
quat0,-0.73630,0.13009,-0.66386,-0.01510,1389.3
quat1,-0.54151,0.42688,0.42224,0.58843,1389.3
quat2,0.74009,0.03981,-0.13376,-0.65787,1389.3
quat3,0.26255,-0.43750,-0.56763,-0.64611,1389.3
quat4,-0.08147,0.60242,0.78492,0.11983,1389.3
quat5,0.00000,0.63253,0.00000,0.77454,1389.3
quat6,0.00000,0.63253,0.00000,0.77454,1389.3
quat7,0.00000,0.63253,0.00000,0.77454,1389.3
quat8,0.00000,0.63253,0.00000,0.77454,1389.3
quat0,-0.74000,0.14371,-0.65663,-0.02408,1389.32
quat1,-0.52446,0.43858,0.41557,0.59991,1389.32
quat2,0.71805,0.03580,-0.13981,-0.68087,1389.32
quat3,0.26255,-0.43903,-0.54670,-0.66290,1389.32
quat4,-0.09989,0.62493,0.76145,0.14029,1389.32
quat5,0.00000,0.63253,0.00000,0.77454,1389.32
quat6,0.00000,0.63253,0.00000,0.77454,1389.32
quat7,0.00000,0.63253,0.00000,0.77454,1389.32
quat8,0.00000,0.63253,0.00000,0.77454,1389.32
quat0,-0.74597,0.14878,-0.64901,-0.01349,1389.34
quat1,-0.50518,0.45269,0.40759,0.61134,1389.34
quat2,0.69258,0.03087,-0.14655,-0.70562,1389.34
quat3,0.25728,-0.43875,-0.52384,-0.68330,1389.34
quat4,-0.11599,0.64984,0.73408,0.15932,1389.34
quat5,0.00000,0.63253,0.00000,0.77454,1389.34
quat6,0.00000,0.63253,0.00000,0.77454,1389.34
quat7,0.00000,0.63253,0.00000,0.77454,1389.34
quat8,0.00000,0.63253,0.00000,0.77454,1389.34
quat0,-0.74651,0.13866,-0.65070,-0.00923,1389.36
quat1,-0.48466,0.46962,0.39647,0.62240,1389.36
quat2,0.66433,0.02476,-0.15290,-0.73121,1389.36
quat3,0.24993,-0.43792,-0.49847,-0.70519,1389.36
quat4,-0.12676,0.67668,0.70401,0.17436,1389.36
quat5,0.00000,0.63253,0.00000,0.77454,1389.36
quat6,0.00000,0.63253,0.00000,0.77454,1389.36
quat7,0.00000,0.63253,0.00000,0.77454,1389.36
quat8,0.00000,0.63253,0.00000,0.77454,1389.36
quat0,-0.75332,0.15827,-0.63798,-0.02094,1389.38
quat1,-0.46029,0.49000,0.38499,0.63231,1389.38
quat2,0.63379,0.01843,-0.15832,-0.75691,1389.38
quat3,0.23945,-0.43849,-0.47153,-0.72667,1389.38
quat4,-0.13307,0.70468,0.67151,0.18651,1389.38
quat5,0.00000,0.63253,0.00000,0.77454,1389.38
quat6,0.00000,0.63253,0.00000,0.77454,1389.38
quat7,0.00000,0.63253,0.00000,0.77454,1389.38
quat8,0.00000,0.63253,0.00000,0.77454,1389.38
quat0,-0.75290,0.16637,-0.63625,-0.02549,1389.4
quat1,-0.43199,0.51371,0.37228,0.64101,1389.4
quat2,0.60031,0.01196,-0.16175,-0.78315,1389.4
quat3,0.22247,-0.44080,-0.44464,-0.74733,1389.4
quat4,-0.13723,0.73307,0.63611,0.19782,1389.4
quat5,0.00000,0.63253,0.00000,0.77454,1389.4
quat6,0.00000,0.63253,0.00000,0.77454,1389.4
quat7,0.00000,0.63253,0.00000,0.77454,1389.4
quat8,0.00000,0.63253,0.00000,0.77454,1389.4
quat0,-0.75250,0.13181,-0.64525,0.00521,1389.42
quat1,-0.40029,0.54047,0.35822,0.64756,1389.42
quat2,0.56423,0.00510,-0.16181,-0.80959,1389.42
quat3,0.19987,-0.44487,-0.41750,-0.76671,1389.42
quat4,-0.14128,0.76085,0.59699,0.21153,1389.42
quat5,0.00000,0.63253,0.00000,0.77454,1389.42
quat6,0.00000,0.63253,0.00000,0.77454,1389.42
quat7,0.00000,0.63253,0.00000,0.77454,1389.42
quat8,0.00000,0.63253,0.00000,0.77454,1389.42
quat0,-0.75498,0.13332,-0.64205,0.00075,1389.44
quat1,-0.36787,0.56754,0.34282,0.65195,1389.44
quat2,0.52484,-0.00178,-0.15885,-0.83624,1389.44
quat3,0.17717,-0.44967,-0.38847,-0.78454,1389.44
quat4,-0.14470,0.78800,0.55305,0.22861,1389.44
quat5,0.00000,0.63253,0.00000,0.77454,1389.44
quat6,0.00000,0.63253,0.00000,0.77454,1389.44
quat7,0.00000,0.63253,0.00000,0.77454,1389.44
quat8,0.00000,0.63253,0.00000,0.77454,1389.44
quat0,-0.75860,0.15568,-0.63247,-0.01638,1389.46
quat1,-0.33695,0.59301,0.32433,0.65545,1389.46
quat2,0.48301,-0.00844,-0.15206,-0.86227,1389.46
quat3,0.15404,-0.45555,-0.35929,-0.79978,1389.46
quat4,-0.14496,0.81350,0.50666,0.24596,1389.46
quat5,0.00000,0.63253,0.00000,0.77454,1389.46
quat6,0.00000,0.63253,0.00000,0.77454,1389.46
quat7,0.00000,0.63253,0.00000,0.77454,1389.46
quat8,0.00000,0.63253,0.00000,0.77454,1389.46
quat0,-0.75430,0.15170,-0.63875,-0.00378,1389.48
quat1,-0.30783,0.61258,0.30435,0.66133,1389.48
quat2,0.43881,-0.01415,-0.14042,-0.88743,1389.48
quat3,0.12885,-0.46300,-0.33058,-0.81225,1389.48
quat4,-0.14386,0.83533,0.45948,0.26535,1389.48
quat5,0.00000,0.63253,0.00000,0.77454,1389.48
quat6,0.00000,0.63253,0.00000,0.77454,1389.48
quat7,0.00000,0.63253,0.00000,0.77454,1389.48
quat8,0.00000,0.63253,0.00000,0.77454,1389.48
quat0,-0.75846,0.14290,-0.63586,-0.00056,1389.5
quat1,-0.28082,0.62516,0.28467,0.67028,1389.5
quat2,0.39388,-0.02007,-0.12551,-0.91033,1389.5
quat3,0.10744,-0.46801,-0.30068,-0.82402,1389.5
quat4,-0.14223,0.85308,0.41052,0.28898,1389.5
quat5,0.00000,0.63253,0.00000,0.77454,1389.5
quat6,0.00000,0.63253,0.00000,0.77454,1389.5
quat7,0.00000,0.63253,0.00000,0.77454,1389.5
quat8,0.00000,0.63253,0.00000,0.77454,1389.5
quat0,-0.75708,0.12771,-0.64066,0.00861,1389.52
quat1,-0.25669,0.63381,0.26298,0.68061,1389.52
quat2,0.35007,-0.02242,-0.10862,-0.93013,1389.52
quat3,0.09027,-0.47084,-0.26971,-0.83512,1389.52
quat4,-0.13825,0.86935,0.35878,0.31048,1389.52
quat5,0.00000,0.63253,0.00000,0.77454,1389.52
quat6,0.00000,0.63253,0.00000,0.77454,1389.52
quat7,0.00000,0.63253,0.00000,0.77454,1389.52
quat8,0.00000,0.63253,0.00000,0.77454,1389.52
quat0,-0.75372,0.13261,-0.64362,0.00858,1389.54
quat1,-0.23197,0.64204,0.24175,0.68958,1389.54
quat2,0.30809,-0.02529,-0.09403,-0.94636,1389.54
quat3,0.07001,-0.47274,-0.24154,-0.84456,1389.54
quat4,-0.13260,0.88366,0.30991,0.32483,1389.54
quat5,0.00000,0.63253,0.00000,0.77454,1389.54
quat6,0.00000,0.63253,0.00000,0.77454,1389.54
quat7,0.00000,0.63253,0.00000,0.77454,1389.54
quat8,0.00000,0.63253,0.00000,0.77454,1389.54
quat0,-0.75119,0.14192,-0.64465,0.00125,1389.56
quat1,-0.20677,0.65300,0.22169,0.69404,1389.56
quat2,0.26568,-0.02980,-0.08052,-0.96023,1389.56
quat3,0.04774,-0.47506,-0.21326,-0.85238,1389.56
quat4,-0.12815,0.89595,0.26604,0.33176,1389.56
quat5,0.00000,0.63253,0.00000,0.77454,1389.56
quat6,0.00000,0.63253,0.00000,0.77454,1389.56
quat7,0.00000,0.63253,0.00000,0.77454,1389.56
quat8,0.00000,0.63253,0.00000,0.77454,1389.56
quat0,-0.75121,0.12494,-0.64803,0.01161,1389.58
quat1,-0.18390,0.66494,0.20117,0.69539,1389.58
quat2,0.22720,-0.03126,-0.06629,-0.97109,1389.58
quat3,0.02480,-0.47726,-0.18704,-0.85827,1389.58
quat4,-0.12982,0.90319,0.22749,0.34007,1389.58
quat5,0.00000,0.63253,0.00000,0.77454,1389.58
quat6,0.00000,0.63253,0.00000,0.77454,1389.58
quat7,0.00000,0.63253,0.00000,0.77454,1389.58
quat8,0.00000,0.63253,0.00000,0.77454,1389.58
quat0,-0.74043,0.13442,-0.65850,0.00848,1389.6
quat1,-0.16424,0.67533,0.18010,0.69607,1389.6
quat2,0.19244,-0.03469,-0.05316,-0.97925,1389.6
quat3,0.00249,-0.47501,-0.16213,-0.86491,1389.6
quat4,-0.13629,0.90641,0.19138,0.35102,1389.6
quat5,0.00000,0.63253,0.00000,0.77454,1389.6
quat6,0.00000,0.63253,0.00000,0.77454,1389.6
quat7,0.00000,0.63253,0.00000,0.77454,1389.6
quat8,0.00000,0.63253,0.00000,0.77454,1389.6
quat0,-0.72766,0.12686,-0.67411,0.00200,1389.62
quat1,-0.14752,0.68433,0.16099,0.69571,1389.62
quat2,0.16124,-0.04094,-0.04215,-0.98516,1389.62
quat3,-0.01804,-0.46770,-0.14180,-0.87225,1389.62
quat4,-0.14448,0.90725,0.16120,0.36061,1389.62
quat5,0.00000,0.63253,0.00000,0.77454,1389.62
quat6,0.00000,0.63253,0.00000,0.77454,1389.62
quat7,0.00000,0.63253,0.00000,0.77454,1389.62
quat8,0.00000,0.63253,0.00000,0.77454,1389.62
quat0,-0.74796,0.10861,-0.65440,0.02286,1389.64
quat1,-0.13334,0.68917,0.14529,0.69725,1389.64
quat2,0.13528,-0.04420,-0.03286,-0.98928,1389.64
quat3,-0.03722,-0.46348,-0.12600,-0.87631,1389.64
quat4,-0.15325,0.90541,0.13671,0.37157,1389.64
quat5,0.00000,0.63253,0.00000,0.77454,1389.64
quat6,0.00000,0.63253,0.00000,0.77454,1389.64
quat7,0.00000,0.63253,0.00000,0.77454,1389.64
quat8,0.00000,0.63253,0.00000,0.77454,1389.64
quat0,-0.74447,0.11077,-0.65801,0.02272,1389.66
quat1,-0.12285,0.69018,0.13413,0.70040,1389.66
quat2,0.11739,-0.04304,-0.02679,-0.99179,1389.66
quat3,-0.05094,-0.46451,-0.11543,-0.87653,1389.66
quat4,-0.16030,0.90379,0.11959,0.37838,1389.66
quat5,0.00000,0.63253,0.00000,0.77454,1389.66
quat6,0.00000,0.63253,0.00000,0.77454,1389.66
quat7,0.00000,0.63253,0.00000,0.77454,1389.66
quat8,0.00000,0.63253,0.00000,0.77454,1389.66
quat0,-0.74890,0.10825,-0.65327,0.02578,1389.68
quat1,-0.11922,0.68711,0.12601,0.70554,1389.68
quat2,0.10743,-0.03955,-0.02455,-0.99312,1389.68
quat3,-0.05722,-0.46887,-0.11262,-0.87419,1389.68
quat4,-0.16076,0.89885,0.10913,0.39282,1389.68
quat5,0.00000,0.63253,0.00000,0.77454,1389.68
quat6,0.00000,0.63253,0.00000,0.77454,1389.68
quat7,0.00000,0.63253,0.00000,0.77454,1389.68
quat8,0.00000,0.63253,0.00000,0.77454,1389.68
quat0,-0.76195,0.11139,-0.63778,0.01648,1389.7
quat1,-0.12073,0.67888,0.12366,0.71363,1389.7
quat2,0.10701,-0.03077,-0.02175,-0.99354,1389.7
quat3,-0.05750,-0.47442,-0.11536,-0.87081,1389.7
quat4,-0.16450,0.88927,0.10780,0.41294,1389.7
quat5,0.00000,0.63253,0.00000,0.77454,1389.7
quat6,0.00000,0.63253,0.00000,0.77454,1389.7
quat7,0.00000,0.63253,0.00000,0.77454,1389.7
quat8,0.00000,0.63253,0.00000,0.77454,1389.7
quat0,-0.76597,0.13229,-0.62904,0.00962,1389.72
quat1,-0.12456,0.66451,0.12882,0.72547,1389.72
quat2,0.11543,-0.02055,-0.01895,-0.99292,1389.72
quat3,-0.05313,-0.47458,-0.12539,-0.86961,1389.72
quat4,-0.16624,0.88498,0.12020,0.41800,1389.72
quat5,0.00000,0.63253,0.00000,0.77454,1389.72
quat6,0.00000,0.63253,0.00000,0.77454,1389.72
quat7,0.00000,0.63253,0.00000,0.77454,1389.72
quat8,0.00000,0.63253,0.00000,0.77454,1389.72
quat0,-0.76775,0.12108,-0.62910,0.01177,1389.74
quat1,-0.13218,0.64741,0.14004,0.73742,1389.74
quat2,0.13130,-0.01343,-0.01731,-0.99110,1389.74
quat3,-0.04427,-0.46817,-0.14323,-0.87083,1389.74
quat4,-0.16007,0.89726,0.14359,0.38560,1389.74
quat5,0.00000,0.63253,0.00000,0.77454,1389.74
quat6,0.00000,0.63253,0.00000,0.77454,1389.74
quat7,0.00000,0.63253,0.00000,0.77454,1389.74
quat8,0.00000,0.63253,0.00000,0.77454,1389.74
quat0,-0.76129,0.13407,-0.63439,0.00308,1389.76
quat1,-0.14511,0.63047,0.15757,0.74607,1389.76
quat2,0.15521,-0.00893,-0.01665,-0.98770,1389.76
quat3,-0.03105,-0.46192,-0.16606,-0.87068,1389.76
quat4,-0.14951,0.90931,0.17260,0.34785,1389.76
quat5,0.00000,0.63253,0.00000,0.77454,1389.76
quat6,0.00000,0.63253,0.00000,0.77454,1389.76
quat7,0.00000,0.63253,0.00000,0.77454,1389.76
quat8,0.00000,0.63253,0.00000,0.77454,1389.76
quat0,-0.77025,0.14148,-0.62183,0.00541,1389.78
quat1,-0.16291,0.61676,0.17949,0.74890,1389.78
quat2,0.18513,-0.00510,-0.01783,-0.98254,1389.78
quat3,-0.01180,-0.45761,-0.19278,-0.86792,1389.78
quat4,-0.13877,0.91228,0.20502,0.32627,1389.78
quat5,0.00000,0.63253,0.00000,0.77454,1389.78
quat6,0.00000,0.63253,0.00000,0.77454,1389.78
quat7,0.00000,0.63253,0.00000,0.77454,1389.78
quat8,0.00000,0.63253,0.00000,0.77454,1389.78
quat0,-0.76739,0.14984,-0.62343,0.00131,1389.8
quat1,-0.18492,0.60980,0.20379,0.74325,1389.8
quat2,0.22120,-0.00012,-0.02159,-0.97499,1389.8
quat3,0.01126,-0.45612,-0.22165,-0.86180,1389.8
quat4,-0.12961,0.90672,0.24299,0.31941,1389.8
quat5,0.00000,0.63253,0.00000,0.77454,1389.8
quat6,0.00000,0.63253,0.00000,0.77454,1389.8
quat7,0.00000,0.63253,0.00000,0.77454,1389.8
quat8,0.00000,0.63253,0.00000,0.77454,1389.8
quat0,-0.76571,0.15492,-0.62424,-0.00337,1389.82
quat1,-0.20773,0.60669,0.22960,0.73216,1389.82
quat2,0.26078,0.00674,-0.02733,-0.96499,1389.82
quat3,0.03708,-0.45458,-0.25201,-0.85351,1389.82
quat4,-0.12095,0.89679,0.28476,0.31631,1389.82
quat5,0.00000,0.63253,0.00000,0.77454,1389.82
quat6,0.00000,0.63253,0.00000,0.77454,1389.82
quat7,0.00000,0.63253,0.00000,0.77454,1389.82
quat8,0.00000,0.63253,0.00000,0.77454,1389.82
quat0,-0.76408,0.15694,-0.62573,-0.00435,1389.84
quat1,-0.23196,0.60404,0.25472,0.71864,1389.84
quat2,0.30327,0.01409,-0.03617,-0.95211,1389.84
quat3,0.06574,-0.44860,-0.28302,-0.84518,1389.84
quat4,-0.11138,0.88389,0.33151,0.31055,1389.84
quat5,0.00000,0.63253,0.00000,0.77454,1389.84
quat6,0.00000,0.63253,0.00000,0.77454,1389.84
quat7,0.00000,0.63253,0.00000,0.77454,1389.84
quat8,0.00000,0.63253,0.00000,0.77454,1389.84
quat0,-0.76085,0.15403,-0.63035,-0.00616,1389.86
quat1,-0.26010,0.59445,0.27841,0.70814,1389.86
quat2,0.34671,0.02255,-0.04704,-0.93652,1389.86
quat3,0.09525,-0.44006,-0.31324,-0.83616,1389.86
quat4,-0.10215,0.86851,0.37980,0.30169,1389.86
quat5,0.00000,0.63253,0.00000,0.77454,1389.86
quat6,0.00000,0.63253,0.00000,0.77454,1389.86
quat7,0.00000,0.63253,0.00000,0.77454,1389.86
quat8,0.00000,0.63253,0.00000,0.77454,1389.86
quat0,-0.75869,0.14509,-0.63490,-0.01568,1389.88
quat1,-0.29427,0.57331,0.30037,0.70321,1389.88
quat2,0.39255,0.03285,-0.05730,-0.91736,1389.88
quat3,0.12415,-0.43279,-0.34446,-0.82379,1389.88
quat4,-0.09337,0.85009,0.43024,0.28900,1389.88
quat5,0.00000,0.63253,0.00000,0.77454,1389.88
quat6,0.00000,0.63253,0.00000,0.77454,1389.88
quat7,0.00000,0.63253,0.00000,0.77454,1389.88
quat8,0.00000,0.63253,0.00000,0.77454,1389.88
quat0,-0.75980,0.14177,-0.63431,-0.01631,1389.9
quat1,-0.33293,0.54666,0.31734,0.69973,1389.9
quat2,0.43855,0.04346,-0.06573,-0.89525,1389.9
quat3,0.14994,-0.42890,-0.37751,-0.80688,1389.9
quat4,-0.08734,0.82841,0.47943,0.27614,1389.9
quat5,0.00000,0.63253,0.00000,0.77454,1389.9
quat6,0.00000,0.63253,0.00000,0.77454,1389.9
quat7,0.00000,0.63253,0.00000,0.77454,1389.9
quat8,0.00000,0.63253,0.00000,0.77454,1389.9
quat0,-0.75156,0.13319,-0.64583,-0.01803,1389.92
quat1,-0.37194,0.52052,0.33084,0.69373,1389.92
quat2,0.48398,0.05224,-0.07417,-0.87036,1389.92
quat3,0.17138,-0.42757,-0.41145,-0.78646,1389.92
quat4,-0.08471,0.80325,0.52758,0.26321,1389.92
quat5,0.00000,0.63253,0.00000,0.77454,1389.92
quat6,0.00000,0.63253,0.00000,0.77454,1389.92
quat7,0.00000,0.63253,0.00000,0.77454,1389.92
quat8,0.00000,0.63253,0.00000,0.77454,1389.92
quat0,-0.75679,0.12139,-0.64208,-0.01647,1389.94
quat1,-0.40754,0.49864,0.34490,0.68287,1389.94
quat2,0.52709,0.05934,-0.08198,-0.84376,1389.94
quat3,0.18754,-0.42702,-0.44451,-0.76478,1389.94
quat4,-0.08551,0.77561,0.57311,0.25032,1389.94
quat5,0.00000,0.63253,0.00000,0.77454,1389.94
quat6,0.00000,0.63253,0.00000,0.77454,1389.94
quat7,0.00000,0.63253,0.00000,0.77454,1389.94
quat8,0.00000,0.63253,0.00000,0.77454,1389.94
quat0,-0.75841,0.13541,-0.63702,-0.02610,1389.96
quat1,-0.43851,0.48423,0.36116,0.66543,1389.96
quat2,0.56847,0.06377,-0.08991,-0.81529,1389.96
quat3,0.20009,-0.42324,-0.47724,-0.74369,1389.96
quat4,-0.08790,0.74631,0.61593,0.23648,1389.96
quat5,0.00000,0.63253,0.00000,0.77454,1389.96
quat6,0.00000,0.63253,0.00000,0.77454,1389.96
quat7,0.00000,0.63253,0.00000,0.77454,1389.96
quat8,0.00000,0.63253,0.00000,0.77454,1389.96
quat0,-0.75139,0.12143,-0.64837,-0.01667,1389.98
quat1,-0.46251,0.47641,0.38055,0.64366,1389.98
quat2,0.60673,0.06626,-0.09828,-0.78602,1389.98
quat3,0.21198,-0.41769,-0.50664,-0.72382,1389.98
quat4,-0.08979,0.71736,0.65484,0.22027,1389.98
quat5,0.00000,0.63253,0.00000,0.77454,1389.98
quat6,0.00000,0.63253,0.00000,0.77454,1389.98
quat7,0.00000,0.63253,0.00000,0.77454,1389.98
quat8,0.00000,0.63253,0.00000,0.77454,1389.98
quat0,-0.75554,0.12379,-0.64312,-0.01533,1390
quat1,-0.48107,0.47299,0.40214,0.61898,1390
quat2,0.64199,0.06727,-0.10683,-0.75625,1390
quat3,0.22244,-0.41228,-0.53282,-0.70473,1390
quat4,-0.09011,0.68895,0.69016,0.20225,1390
quat5,0.00000,0.63253,0.00000,0.77454,1390
quat6,0.00000,0.63253,0.00000,0.77454,1390
quat7,0.00000,0.63253,0.00000,0.77454,1390
quat8,0.00000,0.63253,0.00000,0.77454,1390
quat0,-0.74826,0.13104,-0.64990,-0.02381,1390.02
quat1,-0.49517,0.47120,0.42142,0.59598,1390.02
quat2,0.67457,0.06772,-0.11515,-0.72602,1390.02
quat3,0.23192,-0.40538,-0.55524,-0.68818,1390.02
quat4,-0.08964,0.66052,0.72244,0.18373,1390.02
quat5,0.00000,0.63253,0.00000,0.77454,1390.02
quat6,0.00000,0.63253,0.00000,0.77454,1390.02
quat7,0.00000,0.63253,0.00000,0.77454,1390.02
quat8,0.00000,0.63253,0.00000,0.77454,1390.02
quat0,-0.75418,0.11292,-0.64682,-0.00914,1390.04
quat1,-0.50712,0.46644,0.43670,0.57841,1390.04
quat2,0.70356,0.06649,-0.12387,-0.69659,1390.04
quat3,0.23977,-0.39946,-0.57493,-0.67260,1390.04
quat4,-0.09012,0.63243,0.75105,0.16686,1390.04
quat5,0.00000,0.63253,0.00000,0.77454,1390.04
quat6,0.00000,0.63253,0.00000,0.77454,1390.04
quat7,0.00000,0.63253,0.00000,0.77454,1390.04
quat8,0.00000,0.63253,0.00000,0.77454,1390.04
quat0,-0.75072,0.12134,-0.64932,-0.00863,1390.06
quat1,-0.51734,0.45952,0.44926,0.56513,1390.06
quat2,0.72919,0.06550,-0.13109,-0.66843,1390.06
quat3,0.24658,-0.39525,-0.59185,-0.65779,1390.06
quat4,-0.09166,0.60518,0.77604,0.15208,1390.06
quat5,0.00000,0.63253,0.00000,0.77454,1390.06
quat6,0.00000,0.63253,0.00000,0.77454,1390.06
quat7,0.00000,0.63253,0.00000,0.77454,1390.06
quat8,0.00000,0.63253,0.00000,0.77454,1390.06
quat0,-0.75412,0.10518,-0.64826,-0.00195,1390.08
quat1,-0.52857,0.45103,0.45777,0.55465,1390.08
quat2,0.75249,0.06472,-0.13565,-0.64122,1390.08
quat3,0.25024,-0.39138,-0.60760,-0.64422,1390.08
quat4,-0.09461,0.57955,0.79741,0.13896,1390.08
quat5,0.00000,0.63253,0.00000,0.77454,1390.08
quat6,0.00000,0.63253,0.00000,0.77454,1390.08
quat7,0.00000,0.63253,0.00000,0.77454,1390.08
quat8,0.00000,0.63253,0.00000,0.77454,1390.08
quat0,-0.75230,0.10464,-0.65044,0.00460,1390.1
quat1,-0.54072,0.44123,0.46295,0.54646,1390.1
quat2,0.77426,0.06488,-0.13853,-0.61410,1390.1
quat3,0.25045,-0.38924,-0.62265,-0.63092,1390.1
quat4,-0.09947,0.55534,0.81568,0.12796,1390.1
quat5,0.00000,0.63253,0.00000,0.77454,1390.1
quat6,0.00000,0.63253,0.00000,0.77454,1390.1
quat7,0.00000,0.63253,0.00000,0.77454,1390.1
quat8,0.00000,0.63253,0.00000,0.77454,1390.1
quat0,-0.75857,0.10548,-0.64292,0.01008,1390.12
quat1,-0.55328,0.43186,0.46520,0.53942,1390.12
quat2,0.79298,0.06492,-0.14189,-0.58893,1390.12
quat3,0.24774,-0.38789,-0.63648,-0.61892,1390.12
quat4,-0.10665,0.53305,0.83083,0.11921,1390.12
quat5,0.00000,0.63253,0.00000,0.77454,1390.12
quat6,0.00000,0.63253,0.00000,0.77454,1390.12
quat7,0.00000,0.63253,0.00000,0.77454,1390.12
quat8,0.00000,0.63253,0.00000,0.77454,1390.12
quat0,-0.75269,0.10719,-0.64952,0.01009,1390.14
quat1,-0.56563,0.42475,0.46542,0.53202,1390.14
quat2,0.80918,0.06445,-0.14739,-0.56511,1390.14
quat3,0.24431,-0.38648,-0.64824,-0.60887,1390.14
quat4,-0.11521,0.51322,0.84310,0.11186,1390.14
quat5,0.00000,0.63253,0.00000,0.77454,1390.14
quat6,0.00000,0.63253,0.00000,0.77454,1390.14
quat7,0.00000,0.63253,0.00000,0.77454,1390.14
quat8,0.00000,0.63253,0.00000,0.77454,1390.14
quat0,-0.75557,0.10589,-0.64640,0.00853,1390.16
quat1,-0.57726,0.42048,0.46403,0.52407,1390.16
quat2,0.82189,0.06369,-0.15510,-0.54442,1390.16
quat3,0.24282,-0.38495,-0.65679,-0.60123,1390.16
quat4,-0.12256,0.49660,0.85278,0.10552,1390.16
quat5,0.00000,0.63253,0.00000,0.77454,1390.16
quat6,0.00000,0.63253,0.00000,0.77454,1390.16
quat7,0.00000,0.63253,0.00000,0.77454,1390.16
quat8,0.00000,0.63253,0.00000,0.77454,1390.16
quat0,-0.75490,0.09694,-0.64848,0.01414,1390.18
quat1,-0.58777,0.41848,0.46064,0.51693,1390.18
quat2,0.83149,0.06305,-0.16334,-0.52722,1390.18
quat3,0.24437,-0.38320,-0.66137,-0.59668,1390.18
quat4,-0.12857,0.48304,0.86020,0.10101,1390.18
quat5,0.00000,0.63253,0.00000,0.77454,1390.18
quat6,0.00000,0.63253,0.00000,0.77454,1390.18
quat7,0.00000,0.63253,0.00000,0.77454,1390.18
quat8,0.00000,0.63253,0.00000,0.77454,1390.18
quat0,-0.75643,0.09186,-0.64729,0.01961,1390.2
quat1,-0.59604,0.41955,0.45730,0.50950,1390.2
quat2,0.83867,0.06443,-0.16847,-0.51390,1390.2
quat3,0.24952,-0.38136,-0.66184,-0.59520,1390.2
quat4,-0.13441,0.47299,0.86500,0.09996,1390.2
quat5,0.00000,0.63253,0.00000,0.77454,1390.2
quat6,0.00000,0.63253,0.00000,0.77454,1390.2
quat7,0.00000,0.63253,0.00000,0.77454,1390.2
quat8,0.00000,0.63253,0.00000,0.77454,1390.2
quat0,-0.75785,0.10372,-0.64403,0.01151,1390.22
quat1,-0.60087,0.42169,0.45576,0.50340,1390.22
quat2,0.84342,0.06610,-0.17038,-0.50521,1390.22
quat3,0.25556,-0.38016,-0.65921,-0.59633,1390.22
quat4,-0.14029,0.46697,0.86707,0.10224,1390.22
quat5,0.00000,0.63253,0.00000,0.77454,1390.22
quat6,0.00000,0.63253,0.00000,0.77454,1390.22
quat7,0.00000,0.63253,0.00000,0.77454,1390.22
quat8,0.00000,0.63253,0.00000,0.77454,1390.22
quat0,-0.75222,0.10605,-0.65028,0.00777,1390.24
quat1,-0.60207,0.42498,0.45551,0.49941,1390.24
quat2,0.84484,0.06687,-0.17197,-0.50219,1390.24
quat3,0.25903,-0.38038,-0.65537,-0.59891,1390.24
quat4,-0.14334,0.46601,0.86668,0.10564,1390.24
quat5,0.00000,0.63253,0.00000,0.77454,1390.24
quat6,0.00000,0.63253,0.00000,0.77454,1390.24
quat7,0.00000,0.63253,0.00000,0.77454,1390.24
quat8,0.00000,0.63253,0.00000,0.77454,1390.24
quat0,-0.74686,0.11179,-0.65552,-0.00213,1390.26
quat1,-0.59959,0.42883,0.45525,0.49935,1390.26
quat2,0.84247,0.06567,-0.17367,-0.50573,1390.26
quat3,0.25791,-0.38049,-0.65128,-0.60378,1390.26
quat4,-0.14255,0.47047,0.86383,0.11017,1390.26
quat5,0.00000,0.63253,0.00000,0.77454,1390.26
quat6,0.00000,0.63253,0.00000,0.77454,1390.26
quat7,0.00000,0.63253,0.00000,0.77454,1390.26
quat8,0.00000,0.63253,0.00000,0.77454,1390.26
quat0,-0.74079,0.11375,-0.66200,-0.00637,1390.28
quat1,-0.59621,0.43231,0.45207,0.50326,1390.28
quat2,0.83695,0.06325,-0.17381,-0.51508,1390.28
quat3,0.25417,-0.38223,-0.64543,-0.61051,1390.28
quat4,-0.13798,0.48019,0.85848,0.11571,1390.28
quat5,0.00000,0.63253,0.00000,0.77454,1390.28
quat6,0.00000,0.63253,0.00000,0.77454,1390.28
quat7,0.00000,0.63253,0.00000,0.77454,1390.28
quat8,0.00000,0.63253,0.00000,0.77454,1390.28
quat0,-0.73754,0.11827,-0.66479,-0.00968,1390.3
quat1,-0.59236,0.43665,0.44588,0.50954,1390.3
quat2,0.82899,0.06042,-0.17077,-0.52911,1390.3
quat3,0.24852,-0.38439,-0.63787,-0.61936,1390.3
quat4,-0.13063,0.49479,0.85037,0.12245,1390.3
quat5,0.00000,0.63253,0.00000,0.77454,1390.3
quat6,0.00000,0.63253,0.00000,0.77454,1390.3
quat7,0.00000,0.63253,0.00000,0.77454,1390.3
quat8,0.00000,0.63253,0.00000,0.77454,1390.3
quat0,-0.73429,0.13132,-0.66584,-0.01513,1390.32
quat1,-0.58691,0.44187,0.43787,0.51823,1390.32
quat2,0.81877,0.05808,-0.16508,-0.54680,1390.32
quat3,0.24167,-0.38708,-0.62873,-0.62965,1390.32
quat4,-0.12033,0.51360,0.83961,0.12959,1390.32
quat5,0.00000,0.63253,0.00000,0.77454,1390.32
quat6,0.00000,0.63253,0.00000,0.77454,1390.32
quat7,0.00000,0.63253,0.00000,0.77454,1390.32
quat8,0.00000,0.63253,0.00000,0.77454,1390.32
quat0,-0.73166,0.13220,-0.66847,-0.01866,1390.34
quat1,-0.57983,0.44850,0.42868,0.52809,1390.34
quat2,0.80598,0.05573,-0.15808,-0.56772,1390.34
quat3,0.23597,-0.39075,-0.61647,-0.64156,1390.34
quat4,-0.10891,0.53613,0.82561,0.13809,1390.34
quat5,0.00000,0.63253,0.00000,0.77454,1390.34
quat6,0.00000,0.63253,0.00000,0.77454,1390.34
quat7,0.00000,0.63253,0.00000,0.77454,1390.34
quat8,0.00000,0.63253,0.00000,0.77454,1390.34
quat0,-0.73294,0.15054,-0.66282,-0.02859,1390.36
quat1,-0.57089,0.45677,0.41899,0.53841,1390.36
quat2,0.79006,0.05248,-0.15222,-0.59151,1390.36
quat3,0.23331,-0.39474,-0.60001,-0.65554,1390.36
quat4,-0.09976,0.56047,0.80856,0.14883,1390.36
quat5,0.00000,0.63253,0.00000,0.77454,1390.36
quat6,0.00000,0.63253,0.00000,0.77454,1390.36
quat7,0.00000,0.63253,0.00000,0.77454,1390.36
quat8,0.00000,0.63253,0.00000,0.77454,1390.36
quat0,-0.72675,0.16440,-0.66575,-0.03980,1390.38
quat1,-0.55864,0.46634,0.41089,0.54919,1390.38
quat2,0.77042,0.04718,-0.14850,-0.61820,1390.38
quat3,0.22994,-0.39656,-0.58207,-0.67161,1390.38
quat4,-0.09406,0.58610,0.78799,0.16342,1390.38
quat5,0.00000,0.63253,0.00000,0.77454,1390.38
quat6,0.00000,0.63253,0.00000,0.77454,1390.38
quat7,0.00000,0.63253,0.00000,0.77454,1390.38
quat8,0.00000,0.63253,0.00000,0.77454,1390.38
quat0,-0.73031,0.16871,-0.66071,-0.04059,1390.4
quat1,-0.54597,0.47814,0.40064,0.55928,1390.4
quat2,0.74716,0.03966,-0.14669,-0.64704,1390.4
quat3,0.22411,-0.39859,-0.56218,-0.68910,1390.4
quat4,-0.09115,0.61274,0.76384,0.18107,1390.4
quat5,0.00000,0.63253,0.00000,0.77454,1390.4
quat6,0.00000,0.63253,0.00000,0.77454,1390.4
quat7,0.00000,0.63253,0.00000,0.77454,1390.4
quat8,0.00000,0.63253,0.00000,0.77454,1390.4
quat0,-0.73393,0.18364,-0.65198,-0.05044,1390.42
quat1,-0.53182,0.49303,0.38746,0.56917,1390.42
quat2,0.71981,0.03049,-0.14549,-0.67807,1390.42
quat3,0.21646,-0.40144,-0.54031,-0.70714,1390.42
quat4,-0.08950,0.63932,0.73624,0.20301,1390.42
quat5,0.00000,0.63253,0.00000,0.77454,1390.42
quat6,0.00000,0.63253,0.00000,0.77454,1390.42
quat7,0.00000,0.63253,0.00000,0.77454,1390.42
quat8,0.00000,0.63253,0.00000,0.77454,1390.42
quat0,-0.74710,0.17668,-0.63996,-0.03275,1390.44
quat1,-0.51248,0.50804,0.37434,0.58235,1390.44
quat2,0.68974,0.02085,-0.14224,-0.70965,1390.44
quat3,0.20900,-0.40804,-0.51569,-0.72380,1390.44
quat4,-0.08666,0.66436,0.70604,0.22939,1390.44
quat5,0.00000,0.63253,0.00000,0.77454,1390.44
quat6,0.00000,0.63253,0.00000,0.77454,1390.44
quat7,0.00000,0.63253,0.00000,0.77454,1390.44
quat8,0.00000,0.63253,0.00000,0.77454,1390.44
quat0,-0.74248,0.17449,-0.64605,-0.02994,1390.46
quat1,-0.49216,0.52284,0.35963,0.59589,1390.46
quat2,0.65802,0.01166,-0.13619,-0.74049,1390.46
quat3,0.20489,-0.41705,-0.48593,-0.74025,1390.46
quat4,-0.08559,0.68743,0.67243,0.26068,1390.46
quat5,0.00000,0.63253,0.00000,0.77454,1390.46
quat6,0.00000,0.63253,0.00000,0.77454,1390.46
quat7,0.00000,0.63253,0.00000,0.77454,1390.46
quat8,0.00000,0.63253,0.00000,0.77454,1390.46
quat0,-0.74770,0.17189,-0.64103,-0.02191,1390.48
quat1,-0.46961,0.54169,0.34376,0.60652,1390.48
quat2,0.62473,0.00194,-0.12833,-0.77022,1390.48
quat3,0.20333,-0.42230,-0.44822,-0.76119,1390.48
quat4,-0.08791,0.70740,0.63553,0.29657,1390.48
quat5,0.00000,0.63253,0.00000,0.77454,1390.48
quat6,0.00000,0.63253,0.00000,0.77454,1390.48
quat7,0.00000,0.63253,0.00000,0.77454,1390.48
quat8,0.00000,0.63253,0.00000,0.77454,1390.48
quat0,-0.76124,0.14393,-0.63226,0.00606,1390.5
quat1,-0.44217,0.55958,0.32924,0.61883,1390.5
quat2,0.58910,-0.00961,-0.12016,-0.79902,1390.5
quat3,0.20041,-0.42771,-0.40701,-0.78182,1390.5
quat4,-0.09094,0.72462,0.59654,0.33286,1390.5
quat5,0.00000,0.63253,0.00000,0.77454,1390.5
quat6,0.00000,0.63253,0.00000,0.77454,1390.5
quat7,0.00000,0.63253,0.00000,0.77454,1390.5
quat8,0.00000,0.63253,0.00000,0.77454,1390.5
quat0,-0.76479,0.13057,-0.63065,0.01811,1390.52
quat1,-0.41164,0.57482,0.31486,0.63324,1390.52
quat2,0.54989,-0.02542,-0.11326,-0.82713,1390.52
quat3,0.19358,-0.43434,-0.36913,-0.79851,1390.52
quat4,-0.09352,0.74058,0.55655,0.36476,1390.52
quat5,0.00000,0.63253,0.00000,0.77454,1390.52
quat6,0.00000,0.63253,0.00000,0.77454,1390.52
quat7,0.00000,0.63253,0.00000,0.77454,1390.52
quat8,0.00000,0.63253,0.00000,0.77454,1390.52
quat0,-0.77194,0.14954,-0.61776,0.01092,1390.54
quat1,-0.38009,0.58957,0.30107,0.64598,1390.54
quat2,0.50843,-0.04290,-0.10621,-0.85345,1390.54
quat3,0.18169,-0.44026,-0.33714,-0.81209,1390.54
quat4,-0.09564,0.75721,0.51596,0.38894,1390.54
quat5,0.00000,0.63253,0.00000,0.77454,1390.54
quat6,0.00000,0.63253,0.00000,0.77454,1390.54
quat7,0.00000,0.63253,0.00000,0.77454,1390.54
quat8,0.00000,0.63253,0.00000,0.77454,1390.54
quat0,-0.76396,0.16325,-0.62427,-0.00128,1390.56
quat1,-0.34701,0.60432,0.28766,0.65699,1390.56
quat2,0.46639,-0.05721,-0.09697,-0.87739,1390.56
quat3,0.16493,-0.44599,-0.30977,-0.82337,1390.56
quat4,-0.09671,0.77489,0.47549,0.40509,1390.56
quat5,0.00000,0.63253,0.00000,0.77454,1390.56
quat6,0.00000,0.63253,0.00000,0.77454,1390.56
quat7,0.00000,0.63253,0.00000,0.77454,1390.56
quat8,0.00000,0.63253,0.00000,0.77454,1390.56
quat0,-0.76619,0.11750,-0.63135,0.02331,1390.58
quat1,-0.31379,0.61786,0.27436,0.66672,1390.58
quat2,0.42479,-0.06890,-0.08832,-0.89834,1390.58
quat3,0.14567,-0.45288,-0.28555,-0.83195,1390.58
quat4,-0.09816,0.79290,0.43650,0.41369,1390.58
quat5,0.00000,0.63253,0.00000,0.77454,1390.58
quat6,0.00000,0.63253,0.00000,0.77454,1390.58
quat7,0.00000,0.63253,0.00000,0.77454,1390.58
quat8,0.00000,0.63253,0.00000,0.77454,1390.58
quat0,-0.75615,0.12825,-0.64129,0.02318,1390.6
quat1,-0.28147,0.62930,0.26011,0.67609,1390.6
quat2,0.38196,-0.07671,-0.07953,-0.91755,1390.6
quat3,0.12560,-0.46146,-0.26396,-0.83762,1390.6
quat4,-0.10040,0.81250,0.39719,0.41473,1390.6
quat5,0.00000,0.63253,0.00000,0.77454,1390.6
quat6,0.00000,0.63253,0.00000,0.77454,1390.6
quat7,0.00000,0.63253,0.00000,0.77454,1390.6
quat8,0.00000,0.63253,0.00000,0.77454,1390.6
quat0,-0.77460,0.13433,-0.61766,0.02110,1390.62
quat1,-0.25284,0.63833,0.24448,0.68472,1390.62
quat2,0.33900,-0.07596,-0.06881,-0.93519,1390.62
quat3,0.10446,-0.46909,-0.24464,-0.84214,1390.62
quat4,-0.10277,0.83311,0.35939,0.40767,1390.62
quat5,0.00000,0.63253,0.00000,0.77454,1390.62
quat6,0.00000,0.63253,0.00000,0.77454,1390.62
quat7,0.00000,0.63253,0.00000,0.77454,1390.62
quat8,0.00000,0.63253,0.00000,0.77454,1390.62
quat0,-0.76912,0.12031,-0.62721,0.02435,1390.64
quat1,-0.22585,0.64389,0.22781,0.69463,1390.64
quat2,0.29787,-0.06366,-0.05729,-0.95076,1390.64
quat3,0.08336,-0.47594,-0.22673,-0.84565,1390.64
quat4,-0.10690,0.85211,0.32188,0.39859,1390.64
quat5,0.00000,0.63253,0.00000,0.77454,1390.64
quat6,0.00000,0.63253,0.00000,0.77454,1390.64
quat7,0.00000,0.63253,0.00000,0.77454,1390.64
quat8,0.00000,0.63253,0.00000,0.77454,1390.64
quat0,-0.76567,0.11663,-0.63193,0.02854,1390.66
quat1,-0.20186,0.64520,0.20810,0.70687,1390.66
quat2,0.26008,-0.04873,-0.04964,-0.96308,1390.66
quat3,0.06450,-0.48099,-0.20836,-0.84916,1390.66
quat4,-0.11323,0.86665,0.28656,0.39241,1390.66
quat5,0.00000,0.63253,0.00000,0.77454,1390.66
quat6,0.00000,0.63253,0.00000,0.77454,1390.66
quat7,0.00000,0.63253,0.00000,0.77454,1390.66
quat8,0.00000,0.63253,0.00000,0.77454,1390.66
quat0,-0.76641,0.11925,-0.63045,0.03047,1390.68
quat1,-0.17940,0.64479,0.18777,0.71889,1390.68
quat2,0.22161,-0.03833,-0.04563,-0.97331,1390.68
quat3,0.04870,-0.48160,-0.18938,-0.85430,1390.68
quat4,-0.12096,0.87887,0.25089,0.38731,1390.68
quat5,0.00000,0.63253,0.00000,0.77454,1390.68
quat6,0.00000,0.63253,0.00000,0.77454,1390.68
quat7,0.00000,0.63253,0.00000,0.77454,1390.68
quat8,0.00000,0.63253,0.00000,0.77454,1390.68
quat0,-0.76631,0.10759,-0.63240,0.03549,1390.7
quat1,-0.15791,0.64491,0.16903,0.72842,1390.7
quat2,0.18490,-0.02989,-0.04298,-0.98136,1390.7
quat3,0.03575,-0.47807,-0.17236,-0.86050,1390.7
quat4,-0.12571,0.89204,0.21741,0.37575,1390.7
quat5,0.00000,0.63253,0.00000,0.77454,1390.7
quat6,0.00000,0.63253,0.00000,0.77454,1390.7
quat7,0.00000,0.63253,0.00000,0.77454,1390.7
quat8,0.00000,0.63253,0.00000,0.77454,1390.7
quat0,-0.77634,0.11415,-0.61862,0.03975,1390.72
quat1,-0.13777,0.64534,0.15173,0.73589,1390.72
quat2,0.15123,-0.02301,-0.04142,-0.98736,1390.72
quat3,0.02392,-0.47297,-0.15715,-0.86662,1390.72
quat4,-0.12940,0.90373,0.18602,0.36322,1390.72
quat5,0.00000,0.63253,0.00000,0.77454,1390.72
quat6,0.00000,0.63253,0.00000,0.77454,1390.72
quat7,0.00000,0.63253,0.00000,0.77454,1390.72
quat8,0.00000,0.63253,0.00000,0.77454,1390.72
quat0,-0.77485,0.10642,-0.62139,0.04648,1390.74
quat1,-0.11905,0.64802,0.13643,0.73978,1390.74
quat2,0.12125,-0.02023,-0.04061,-0.99159,1390.74
quat3,0.01334,-0.47122,-0.14483,-0.86994,1390.74
quat4,-0.13232,0.91367,0.16002,0.34941,1390.74
quat5,0.00000,0.63253,0.00000,0.77454,1390.74
quat6,0.00000,0.63253,0.00000,0.77454,1390.74
quat7,0.00000,0.63253,0.00000,0.77454,1390.74
quat8,0.00000,0.63253,0.00000,0.77454,1390.74
quat0,-0.77489,0.09430,-0.62296,0.05078,1390.76
quat1,-0.10450,0.64974,0.12150,0.74308,1390.76
quat2,0.09374,-0.01980,-0.04162,-0.99453,1390.76
quat3,0.00474,-0.47250,-0.13533,-0.87087,1390.76
quat4,-0.13301,0.92471,0.13919,0.32839,1390.76
quat5,0.00000,0.63253,0.00000,0.77454,1390.76
quat6,0.00000,0.63253,0.00000,0.77454,1390.76
quat7,0.00000,0.63253,0.00000,0.77454,1390.76
quat8,0.00000,0.63253,0.00000,0.77454,1390.76
quat0,-0.76604,0.10508,-0.63286,0.04047,1390.78
quat1,-0.09468,0.65002,0.10910,0.74606,1390.78
quat2,0.07089,-0.03756,-0.05000,-0.99552,1390.78
quat3,0.00102,-0.47642,-0.13113,-0.86938,1390.78
quat4,-0.13065,0.93611,0.12543,0.30148,1390.78
quat5,0.00000,0.63253,0.00000,0.77454,1390.78
quat6,0.00000,0.63253,0.00000,0.77454,1390.78
quat7,0.00000,0.63253,0.00000,0.77454,1390.78
quat8,0.00000,0.63253,0.00000,0.77454,1390.78
quat0,-0.76730,0.08580,-0.63331,0.05302,1390.8
quat1,-0.09214,0.64976,0.10210,0.74759,1390.8
quat2,0.05985,-0.06690,-0.05684,-0.99434,1390.8
quat3,-0.00116,-0.48010,-0.13309,-0.86706,1390.8
quat4,-0.13179,0.94046,0.12384,0.28781,1390.8
quat5,0.00000,0.63253,0.00000,0.77454,1390.8
quat6,0.00000,0.63253,0.00000,0.77454,1390.8
quat7,0.00000,0.63253,0.00000,0.77454,1390.8
quat8,0.00000,0.63253,0.00000,0.77454,1390.8
quat0,-0.78285,0.12063,-0.60955,0.03226,1390.82
quat1,-0.09572,0.64487,0.10377,0.75114,1390.82
quat2,0.06810,-0.05144,-0.05552,-0.99480,1390.82
quat3,-0.00215,-0.47990,-0.14027,-0.86604,1390.82
quat4,-0.13041,0.93634,0.12713,0.30017,1390.82
quat5,0.00000,0.63253,0.00000,0.77454,1390.82
quat6,0.00000,0.63253,0.00000,0.77454,1390.82
quat7,0.00000,0.63253,0.00000,0.77454,1390.82
quat8,0.00000,0.63253,0.00000,0.77454,1390.82
quat0,-0.77898,0.12275,-0.61419,0.02987,1390.84
quat1,-0.10483,0.63308,0.11102,0.75888,1390.84
quat2,0.08629,-0.02616,-0.05007,-0.99467,1390.84
quat3,0.00074,-0.47659,-0.15189,-0.86590,1390.84
quat4,-0.12815,0.93514,0.14318,0.29763,1390.84
quat5,0.00000,0.63253,0.00000,0.77454,1390.84
quat6,0.00000,0.63253,0.00000,0.77454,1390.84
quat7,0.00000,0.63253,0.00000,0.77454,1390.84
quat8,0.00000,0.63253,0.00000,0.77454,1390.84
quat0,-0.77003,0.11047,-0.62767,0.02975,1390.86
quat1,-0.11971,0.62052,0.12273,0.76522,1390.86
quat2,0.10960,-0.00750,-0.04410,-0.99297,1390.86
quat3,0.00886,-0.47146,-0.16818,-0.86566,1390.86
quat4,-0.12034,0.94036,0.16757,0.27049,1390.86
quat5,0.00000,0.63253,0.00000,0.77454,1390.86
quat6,0.00000,0.63253,0.00000,0.77454,1390.86
quat7,0.00000,0.63253,0.00000,0.77454,1390.86
quat8,0.00000,0.63253,0.00000,0.77454,1390.86
quat0,-0.77430,0.13748,-0.61735,0.02081,1390.88
quat1,-0.13875,0.61077,0.14166,0.76658,1390.88
quat2,0.13721,-0.00128,-0.03982,-0.98974,1390.88
quat3,0.02194,-0.46657,-0.18956,-0.86366,1390.88
quat4,-0.10704,0.94426,0.19651,0.24147,1390.88
quat5,0.00000,0.63253,0.00000,0.77454,1390.88
quat6,0.00000,0.63253,0.00000,0.77454,1390.88
quat7,0.00000,0.63253,0.00000,0.77454,1390.88
quat8,0.00000,0.63253,0.00000,0.77454,1390.88
quat0,-0.77560,0.14296,-0.61452,0.01905,1390.9
quat1,-0.16013,0.60721,0.16515,0.76052,1390.9
quat2,0.17011,-0.00655,-0.03852,-0.98465,1390.9
quat3,0.03953,-0.46380,-0.21576,-0.85836,1390.9
quat4,-0.09269,0.94324,0.22850,0.22246,1390.9
quat5,0.00000,0.63253,0.00000,0.77454,1390.9
quat6,0.00000,0.63253,0.00000,0.77454,1390.9
quat7,0.00000,0.63253,0.00000,0.77454,1390.9
quat8,0.00000,0.63253,0.00000,0.77454,1390.9
quat0,-0.77588,0.15229,-0.61200,0.01671,1390.92
quat1,-0.18289,0.60816,0.19130,0.74840,1390.92
quat2,0.21039,-0.01553,-0.04296,-0.97655,1390.92
quat3,0.05895,-0.46445,-0.24620,-0.84864,1390.92
quat4,-0.07910,0.93610,0.26602,0.21610,1390.92
quat5,0.00000,0.63253,0.00000,0.77454,1390.92
quat6,0.00000,0.63253,0.00000,0.77454,1390.92
quat7,0.00000,0.63253,0.00000,0.77454,1390.92
quat8,0.00000,0.63253,0.00000,0.77454,1390.92
quat0,-0.77286,0.15253,-0.61586,0.01207,1390.94
quat1,-0.20747,0.60919,0.21989,0.73314,1390.94
quat2,0.25426,-0.02208,-0.05068,-0.96556,1390.94
quat3,0.07941,-0.46679,-0.27965,-0.83522,1390.94
quat4,-0.06465,0.92534,0.30684,0.21311,1390.94
quat5,0.00000,0.63253,0.00000,0.77454,1390.94
quat6,0.00000,0.63253,0.00000,0.77454,1390.94
quat7,0.00000,0.63253,0.00000,0.77454,1390.94
quat8,0.00000,0.63253,0.00000,0.77454,1390.94
quat0,-0.77079,0.16154,-0.61627,-0.00089,1390.96
quat1,-0.23436,0.60644,0.24835,0.71807,1390.96
quat2,0.30221,-0.02450,-0.05933,-0.95108,1390.96
quat3,0.10185,-0.46793,-0.31353,-0.81998,1390.96
quat4,-0.04802,0.91117,0.35211,0.20851,1390.96
quat5,0.00000,0.63253,0.00000,0.77454,1390.96
quat6,0.00000,0.63253,0.00000,0.77454,1390.96
quat7,0.00000,0.63253,0.00000,0.77454,1390.96
quat8,0.00000,0.63253,0.00000,0.77454,1390.96
quat0,-0.77219,0.16129,-0.61458,-0.00242,1390.98
quat1,-0.26443,0.59745,0.27543,0.70517,1390.98
quat2,0.35086,-0.02476,-0.07003,-0.93348,1390.98
quat3,0.12497,-0.46726,-0.34560,-0.80412,1390.98
quat4,-0.03224,0.89304,0.39915,0.20524,1390.98
quat5,0.00000,0.63253,0.00000,0.77454,1390.98
quat6,0.00000,0.63253,0.00000,0.77454,1390.98
quat7,0.00000,0.63253,0.00000,0.77454,1390.98
quat8,0.00000,0.63253,0.00000,0.77454,1390.98
quat0,-0.77099,0.16401,-0.61534,-0.00663,1391
quat1,-0.29693,0.58306,0.29990,0.69422,1391
quat2,0.39996,-0.02331,-0.08221,-0.91254,1391
quat3,0.14749,-0.46432,-0.37689,-0.78778,1391
quat4,-0.01879,0.87039,0.44828,0.20273,1391
quat5,0.00000,0.63253,0.00000,0.77454,1391
quat6,0.00000,0.63253,0.00000,0.77454,1391
quat7,0.00000,0.63253,0.00000,0.77454,1391
quat8,0.00000,0.63253,0.00000,0.77454,1391
quat0,-0.76892,0.15969,-0.61906,-0.00590,1391.02
quat1,-0.33035,0.56599,0.32128,0.68360,1391.02
quat2,0.44753,-0.01983,-0.09477,-0.88901,1391.02
quat3,0.16731,-0.45962,-0.40806,-0.77087,1391.02
quat4,-0.01027,0.84384,0.49660,0.20302,1391.02
quat5,0.00000,0.63253,0.00000,0.77454,1391.02
quat6,0.00000,0.63253,0.00000,0.77454,1391.02
quat7,0.00000,0.63253,0.00000,0.77454,1391.02
quat8,0.00000,0.63253,0.00000,0.77454,1391.02
quat0,-0.76008,0.14487,-0.63347,-0.00259,1391.04
quat1,-0.36345,0.54759,0.34066,0.67231,1391.04
quat2,0.49398,-0.01420,-0.10751,-0.86268,1391.04
quat3,0.18555,-0.45434,-0.43880,-0.75273,1391.04
quat4,-0.00807,0.81351,0.54376,0.20605,1391.04
quat5,0.00000,0.63253,0.00000,0.77454,1391.04
quat6,0.00000,0.63253,0.00000,0.77454,1391.04
quat7,0.00000,0.63253,0.00000,0.77454,1391.04
quat8,0.00000,0.63253,0.00000,0.77454,1391.04
quat0,-0.76308,0.16195,-0.62551,-0.01498,1391.06
quat1,-0.39457,0.52944,0.35880,0.65975,1391.06
quat2,0.53847,-0.00696,-0.11940,-0.83411,1391.06
quat3,0.20032,-0.44925,-0.46882,-0.73366,1391.06
quat4,-0.01221,0.78086,0.58861,0.20891,1391.06
quat5,0.00000,0.63253,0.00000,0.77454,1391.06
quat6,0.00000,0.63253,0.00000,0.77454,1391.06
quat7,0.00000,0.63253,0.00000,0.77454,1391.06
quat8,0.00000,0.63253,0.00000,0.77454,1391.06
quat0,-0.75931,0.14765,-0.63371,-0.00827,1391.08
quat1,-0.42312,0.51254,0.37609,0.64562,1391.08
quat2,0.58032,-0.00024,-0.13011,-0.80393,1391.08
quat3,0.21267,-0.44224,-0.49661,-0.71594,1391.08
quat4,-0.02146,0.74689,0.63040,0.21047,1391.08
quat5,0.00000,0.63253,0.00000,0.77454,1391.08
quat6,0.00000,0.63253,0.00000,0.77454,1391.08
quat7,0.00000,0.63253,0.00000,0.77454,1391.08
quat8,0.00000,0.63253,0.00000,0.77454,1391.08
quat0,-0.75977,0.14354,-0.63415,0.00067,1391.1
quat1,-0.44755,0.49852,0.39298,0.62987,1391.1
quat2,0.61889,0.00658,-0.13895,-0.77307,1391.1
quat3,0.22467,-0.43367,-0.51987,-0.70085,1391.1
quat4,-0.03361,0.71328,0.66828,0.20856,1391.1
quat5,0.00000,0.63253,0.00000,0.77454,1391.1
quat6,0.00000,0.63253,0.00000,0.77454,1391.1
quat7,0.00000,0.63253,0.00000,0.77454,1391.1
quat8,0.00000,0.63253,0.00000,0.77454,1391.1
quat0,-0.75951,0.13470,-0.63625,0.01362,1391.12
quat1,-0.46664,0.48758,0.40946,0.61388,1391.12
quat2,0.65464,0.01494,-0.14604,-0.74155,1391.12
quat3,0.23348,-0.42491,-0.54044,-0.68765,1391.12
quat4,-0.04766,0.68109,0.70180,0.20325,1391.12
quat5,0.00000,0.63253,0.00000,0.77454,1391.12
quat6,0.00000,0.63253,0.00000,0.77454,1391.12
quat7,0.00000,0.63253,0.00000,0.77454,1391.12
quat8,0.00000,0.63253,0.00000,0.77454,1391.12
quat0,-0.75273,0.13424,-0.64425,0.01769,1391.14
quat1,-0.48136,0.48143,0.42355,0.59760,1391.14
quat2,0.68776,0.02461,-0.15143,-0.70954,1391.14
quat3,0.23810,-0.41822,-0.56106,-0.67351,1391.14
quat4,-0.06038,0.65102,0.73172,0.19265,1391.14
quat5,0.00000,0.63253,0.00000,0.77454,1391.14
quat6,0.00000,0.63253,0.00000,0.77454,1391.14
quat7,0.00000,0.63253,0.00000,0.77454,1391.14
quat8,0.00000,0.63253,0.00000,0.77454,1391.14
quat0,-0.75594,0.11209,-0.64384,0.03833,1391.16
quat1,-0.49335,0.47704,0.43554,0.58253,1391.16
quat2,0.71793,0.03421,-0.15581,-0.67759,1391.16
quat3,0.23640,-0.41356,-0.58282,-0.65833,1391.16
quat4,-0.06995,0.62356,0.75789,0.17856,1391.16
quat5,0.00000,0.63253,0.00000,0.77454,1391.16
quat6,0.00000,0.63253,0.00000,0.77454,1391.16
quat7,0.00000,0.63253,0.00000,0.77454,1391.16
quat8,0.00000,0.63253,0.00000,0.77454,1391.16
quat0,-0.75434,0.12371,-0.64350,0.03976,1391.18
quat1,-0.50539,0.47309,0.44298,0.56969,1391.18
quat2,0.74561,0.04189,-0.16046,-0.64542,1391.18
quat3,0.23130,-0.40977,-0.60350,-0.64372,1391.18
quat4,-0.07664,0.59772,0.78110,0.16350,1391.18
quat5,0.00000,0.63253,0.00000,0.77454,1391.18
quat6,0.00000,0.63253,0.00000,0.77454,1391.18
quat7,0.00000,0.63253,0.00000,0.77454,1391.18
quat8,0.00000,0.63253,0.00000,0.77454,1391.18
quat0,-0.75230,0.12109,-0.64620,0.04260,1391.2
quat1,-0.51879,0.46897,0.44443,0.55983,1391.2
quat2,0.76971,0.04721,-0.16808,-0.61406,1391.2
quat3,0.22531,-0.40673,-0.62144,-0.63057,1391.2
quat4,-0.08295,0.57402,0.80069,0.15006,1391.2
quat5,0.00000,0.63253,0.00000,0.77454,1391.2
quat6,0.00000,0.63253,0.00000,0.77454,1391.2
quat7,0.00000,0.63253,0.00000,0.77454,1391.2
quat8,0.00000,0.63253,0.00000,0.77454,1391.2
quat0,-0.74576,0.11368,-0.65499,0.04370,1391.22
quat1,-0.53218,0.46602,0.44365,0.55026,1391.22
quat2,0.78910,0.04855,-0.18095,-0.58499,1391.22
quat3,0.22125,-0.40314,-0.63647,-0.61922,1391.22
quat4,-0.08838,0.55280,0.81703,0.13808,1391.22
quat5,0.00000,0.63253,0.00000,0.77454,1391.22
quat6,0.00000,0.63253,0.00000,0.77454,1391.22
quat7,0.00000,0.63253,0.00000,0.77454,1391.22
quat8,0.00000,0.63253,0.00000,0.77454,1391.22
quat0,-0.74124,0.11866,-0.65960,0.03760,1391.24
quat1,-0.54394,0.46205,0.44147,0.54382,1391.24
quat2,0.80264,0.04625,-0.19773,-0.56083,1391.24
quat3,0.22081,-0.39857,-0.64808,-0.61023,1391.24
quat4,-0.09217,0.53486,0.83018,0.12738,1391.24
quat5,0.00000,0.63253,0.00000,0.77454,1391.24
quat6,0.00000,0.63253,0.00000,0.77454,1391.24
quat7,0.00000,0.63253,0.00000,0.77454,1391.24
quat8,0.00000,0.63253,0.00000,0.77454,1391.24
quat0,-0.73859,0.10713,-0.66447,0.03869,1391.26
quat1,-0.55124,0.45812,0.44216,0.53922,1391.26
quat2,0.81201,0.04209,-0.21208,-0.54212,1391.26
quat3,0.22353,-0.39359,-0.65702,-0.60286,1391.26
quat4,-0.09363,0.52006,0.84069,0.11835,1391.26
quat5,0.00000,0.63253,0.00000,0.77454,1391.26
quat6,0.00000,0.63253,0.00000,0.77454,1391.26
quat7,0.00000,0.63253,0.00000,0.77454,1391.26
quat8,0.00000,0.63253,0.00000,0.77454,1391.26
quat0,-0.73938,0.11667,-0.66241,0.03042,1391.28
quat1,-0.55494,0.45481,0.44463,0.53620,1391.28
quat2,0.81958,0.03921,-0.21943,-0.52783,1391.28
quat3,0.22698,-0.38952,-0.66388,-0.59668,1391.28
quat4,-0.09303,0.50866,0.84870,0.11099,1391.28
quat5,0.00000,0.63253,0.00000,0.77454,1391.28
quat6,0.00000,0.63253,0.00000,0.77454,1391.28
quat7,0.00000,0.63253,0.00000,0.77454,1391.28
quat8,0.00000,0.63253,0.00000,0.77454,1391.28
quat0,-0.73959,0.11560,-0.66242,0.02885,1391.3
quat1,-0.55610,0.45420,0.44811,0.53260,1391.3
quat2,0.82559,0.03765,-0.22090,-0.51787,1391.3
quat3,0.23208,-0.38473,-0.66756,-0.59371,1391.3
quat4,-0.09198,0.50075,0.85418,0.10564,1391.3
quat5,0.00000,0.63253,0.00000,0.77454,1391.3
quat6,0.00000,0.63253,0.00000,0.77454,1391.3
quat7,0.00000,0.63253,0.00000,0.77454,1391.3
quat8,0.00000,0.63253,0.00000,0.77454,1391.3
quat0,-0.74086,0.12232,-0.65996,0.02492,1391.32
quat1,-0.55481,0.45493,0.45156,0.53040,1391.32
quat2,0.82773,0.03515,-0.22150,-0.51436,1391.32
quat3,0.23519,-0.38172,-0.66805,-0.59387,1391.32
quat4,-0.09160,0.49681,0.85685,0.10299,1391.32
quat5,0.00000,0.63253,0.00000,0.77454,1391.32
quat6,0.00000,0.63253,0.00000,0.77454,1391.32
quat7,0.00000,0.63253,0.00000,0.77454,1391.32
quat8,0.00000,0.63253,0.00000,0.77454,1391.32
quat0,-0.74105,0.12269,-0.65973,0.02347,1391.34
quat1,-0.55431,0.45460,0.45218,0.53067,1391.34
quat2,0.82640,0.03197,-0.22095,-0.51693,1391.34
quat3,0.23479,-0.37975,-0.66683,-0.59666,1391.34
quat4,-0.09168,0.49715,0.85651,0.10407,1391.34
quat5,0.00000,0.63253,0.00000,0.77454,1391.34
quat6,0.00000,0.63253,0.00000,0.77454,1391.34
quat7,0.00000,0.63253,0.00000,0.77454,1391.34
quat8,0.00000,0.63253,0.00000,0.77454,1391.34
quat0,-0.74095,0.12285,-0.65991,0.02053,1391.36
quat1,-0.55448,0.45515,0.44894,0.53276,1391.36
quat2,0.82319,0.02983,-0.21712,-0.52376,1391.36
quat3,0.23212,-0.37974,-0.66320,-0.60174,1391.36
quat4,-0.09086,0.50181,0.85332,0.10851,1391.36
quat5,0.00000,0.63253,0.00000,0.77454,1391.36
quat6,0.00000,0.63253,0.00000,0.77454,1391.36
quat7,0.00000,0.63253,0.00000,0.77454,1391.36
quat8,0.00000,0.63253,0.00000,0.77454,1391.36
quat0,-0.74199,0.12834,-0.65781,0.01616,1391.38
quat1,-0.55263,0.45659,0.44510,0.53668,1391.38
quat2,0.81819,0.02919,-0.20991,-0.53447,1391.38
quat3,0.22527,-0.38144,-0.65918,-0.60764,1391.38
quat4,-0.08809,0.51077,0.84742,0.11505,1391.38
quat5,0.00000,0.63253,0.00000,0.77454,1391.38
quat6,0.00000,0.63253,0.00000,0.77454,1391.38
quat7,0.00000,0.63253,0.00000,0.77454,1391.38
quat8,0.00000,0.63253,0.00000,0.77454,1391.38
quat0,-0.74103,0.13582,-0.65753,0.00911,1391.4
quat1,-0.54985,0.45989,0.43993,0.54096,1391.4
quat2,0.81150,0.02971,-0.19950,-0.54844,1391.4
quat3,0.21667,-0.38470,-0.65368,-0.61463,1391.4
quat4,-0.08266,0.52350,0.83916,0.12217,1391.4
quat5,0.00000,0.63253,0.00000,0.77454,1391.4
quat6,0.00000,0.63253,0.00000,0.77454,1391.4
quat7,0.00000,0.63253,0.00000,0.77454,1391.4
quat8,0.00000,0.63253,0.00000,0.77454,1391.4
quat0,-0.74219,0.14451,-0.65442,0.00195,1391.42
quat1,-0.54495,0.46515,0.43456,0.54573,1391.42
quat2,0.80214,0.03015,-0.18840,-0.56584,1391.42
quat3,0.20998,-0.38840,-0.64440,-0.62434,1391.42
quat4,-0.07542,0.53979,0.82833,0.12967,1391.42
quat5,0.00000,0.63253,0.00000,0.77454,1391.42
quat6,0.00000,0.63253,0.00000,0.77454,1391.42
quat7,0.00000,0.63253,0.00000,0.77454,1391.42
quat8,0.00000,0.63253,0.00000,0.77454,1391.42
quat0,-0.73977,0.14927,-0.65608,-0.00452,1391.44
quat1,-0.53921,0.47148,0.42756,0.55151,1391.44
quat2,0.78972,0.02929,-0.17874,-0.58612,1391.44
quat3,0.20410,-0.39174,-0.63233,-0.63643,1391.44
quat4,-0.06875,0.55888,0.81491,0.13727,1391.44
quat5,0.00000,0.63253,0.00000,0.77454,1391.44
quat6,0.00000,0.63253,0.00000,0.77454,1391.44
quat7,0.00000,0.63253,0.00000,0.77454,1391.44
quat8,0.00000,0.63253,0.00000,0.77454,1391.44
quat0,-0.74377,0.16146,-0.64847,-0.01508,1391.46
quat1,-0.53196,0.47956,0.41894,0.55815,1391.46
quat2,0.77381,0.02627,-0.17149,-0.60919,1391.46
quat3,0.20042,-0.39548,-0.61577,-0.65134,1391.46
quat4,-0.06431,0.58034,0.79859,0.14600,1391.46
quat5,0.00000,0.63253,0.00000,0.77454,1391.46
quat6,0.00000,0.63253,0.00000,0.77454,1391.46
quat7,0.00000,0.63253,0.00000,0.77454,1391.46
quat8,0.00000,0.63253,0.00000,0.77454,1391.46
quat0,-0.74234,0.17155,-0.64746,-0.01732,1391.48
quat1,-0.52151,0.48815,0.41015,0.56702,1391.48
quat2,0.75428,0.02083,-0.16704,-0.63461,1391.48
quat3,0.19975,-0.39783,-0.59561,-0.66864,1391.48
quat4,-0.06241,0.60369,0.77914,0.15688,1391.48
quat5,0.00000,0.63253,0.00000,0.77454,1391.48
quat6,0.00000,0.63253,0.00000,0.77454,1391.48
quat7,0.00000,0.63253,0.00000,0.77454,1391.48
quat8,0.00000,0.63253,0.00000,0.77454,1391.48
quat0,-0.73996,0.17828,-0.64823,-0.02161,1391.5
quat1,-0.50896,0.49954,0.40060,0.57528,1391.5
quat2,0.73106,0.01295,-0.16421,-0.66214,1391.5
quat3,0.20021,-0.39693,-0.57255,-0.68888,1391.5
quat4,-0.06398,0.62877,0.75561,0.17205,1391.5
quat5,0.00000,0.63253,0.00000,0.77454,1391.5
quat6,0.00000,0.63253,0.00000,0.77454,1391.5
quat7,0.00000,0.63253,0.00000,0.77454,1391.5
quat8,0.00000,0.63253,0.00000,0.77454,1391.5
quat0,-0.74364,0.15294,-0.65084,-0.00290,1391.52
quat1,-0.49206,0.51373,0.38980,0.58482,1391.52
quat2,0.70448,0.00249,-0.16220,-0.69093,1391.52
quat3,0.19934,-0.39568,-0.54593,-0.71110,1391.52
quat4,-0.06927,0.65434,0.72840,0.19101,1391.52
quat5,0.00000,0.63253,0.00000,0.77454,1391.52
quat6,0.00000,0.63253,0.00000,0.77454,1391.52
quat7,0.00000,0.63253,0.00000,0.77454,1391.52
quat8,0.00000,0.63253,0.00000,0.77454,1391.52
quat0,-0.75032,0.15383,-0.64292,-0.00234,1391.54
quat1,-0.47032,0.52866,0.37924,0.59623,1391.54
quat2,0.67409,-0.01096,-0.16053,-0.72091,1391.54
quat3,0.19378,-0.39600,-0.51842,-0.73272,1391.54
quat4,-0.07721,0.67927,0.69767,0.21422,1391.54
quat5,0.00000,0.63253,0.00000,0.77454,1391.54
quat6,0.00000,0.63253,0.00000,0.77454,1391.54
quat7,0.00000,0.63253,0.00000,0.77454,1391.54
quat8,0.00000,0.63253,0.00000,0.77454,1391.54
quat0,-0.75299,0.16903,-0.63583,-0.01271,1391.56
quat1,-0.44580,0.54715,0.36603,0.60656,1391.56
quat2,0.64058,-0.02510,-0.15750,-0.75115,1391.56
quat3,0.18606,-0.39920,-0.48849,-0.75325,1391.56
quat4,-0.08366,0.70364,0.66384,0.23917,1391.56
quat5,0.00000,0.63253,0.00000,0.77454,1391.56
quat6,0.00000,0.63253,0.00000,0.77454,1391.56
quat7,0.00000,0.63253,0.00000,0.77454,1391.56
quat8,0.00000,0.63253,0.00000,0.77454,1391.56
quat0,-0.74894,0.16110,-0.64272,-0.00702,1391.58
quat1,-0.41866,0.56642,0.35123,0.61687,1391.58
quat2,0.60419,-0.03803,-0.15253,-0.78118,1391.58
quat3,0.17816,-0.40148,-0.45635,-0.77384,1391.58
quat4,-0.08973,0.72722,0.62617,0.26649,1391.58
quat5,0.00000,0.63253,0.00000,0.77454,1391.58
quat6,0.00000,0.63253,0.00000,0.77454,1391.58
quat7,0.00000,0.63253,0.00000,0.77454,1391.58
quat8,0.00000,0.63253,0.00000,0.77454,1391.58
quat0,-0.75844,0.13938,-0.63651,0.01403,1391.6
quat1,-0.39035,0.58558,0.33452,0.62676,1391.6
quat2,0.56497,-0.04865,-0.14431,-0.81094,1391.6
quat3,0.16661,-0.40250,-0.42460,-0.79370,1391.6
quat4,-0.09623,0.74961,0.58427,0.29570,1391.6
quat5,0.00000,0.63253,0.00000,0.77454,1391.6
quat6,0.00000,0.63253,0.00000,0.77454,1391.6
quat7,0.00000,0.63253,0.00000,0.77454,1391.6
quat8,0.00000,0.63253,0.00000,0.77454,1391.6
quat0,-0.75317,0.15466,-0.63938,0.00263,1391.62
quat1,-0.36188,0.60402,0.31620,0.63578,1391.62
quat2,0.52411,-0.05615,-0.13270,-0.83937,1391.62
quat3,0.15130,-0.40382,-0.39426,-0.81154,1391.62
quat4,-0.09860,0.77163,0.54072,0.32015,1391.62
quat5,0.00000,0.63253,0.00000,0.77454,1391.62
quat6,0.00000,0.63253,0.00000,0.77454,1391.62
quat7,0.00000,0.63253,0.00000,0.77454,1391.62
quat8,0.00000,0.63253,0.00000,0.77454,1391.62
quat0,-0.74801,0.16114,-0.64378,-0.00804,1391.64
quat1,-0.33358,0.62157,0.29644,0.64382,1391.64
quat2,0.48055,-0.06042,-0.11846,-0.86683,1391.64
quat3,0.13298,-0.40926,-0.36489,-0.82564,1391.64
quat4,-0.09821,0.79352,0.49551,0.33935,1391.64
quat5,0.00000,0.63253,0.00000,0.77454,1391.64
quat6,0.00000,0.63253,0.00000,0.77454,1391.64
quat7,0.00000,0.63253,0.00000,0.77454,1391.64
quat8,0.00000,0.63253,0.00000,0.77454,1391.64
quat0,-0.75631,0.14667,-0.63751,0.00791,1391.66
quat1,-0.30593,0.63674,0.27626,0.65165,1391.66
quat2,0.43579,-0.05864,-0.10162,-0.89237,1391.66
quat3,0.11379,-0.41832,-0.33705,-0.83574,1391.66
quat4,-0.09781,0.81415,0.45028,0.35333,1391.66
quat5,0.00000,0.63253,0.00000,0.77454,1391.66
quat6,0.00000,0.63253,0.00000,0.77454,1391.66
quat7,0.00000,0.63253,0.00000,0.77454,1391.66
quat8,0.00000,0.63253,0.00000,0.77454,1391.66
quat0,-0.76306,0.14652,-0.62941,0.01077,1391.68
quat1,-0.28048,0.64478,0.25517,0.66369,1391.68
quat2,0.39130,-0.05279,-0.08277,-0.91501,1391.68
quat3,0.09252,-0.42826,-0.31006,-0.84374,1391.68
quat4,-0.09710,0.83431,0.40502,0.36119,1391.68
quat5,0.00000,0.63253,0.00000,0.77454,1391.68
quat6,0.00000,0.63253,0.00000,0.77454,1391.68
quat7,0.00000,0.63253,0.00000,0.77454,1391.68
quat8,0.00000,0.63253,0.00000,0.77454,1391.68
quat0,-0.76963,0.15058,-0.62047,0.00455,1391.7
quat1,-0.25574,0.64829,0.23365,0.67803,1391.7
quat2,0.34831,-0.04793,-0.06629,-0.93381,1391.7
quat3,0.07278,-0.43756,-0.28230,-0.85062,1391.7
quat4,-0.09841,0.85173,0.36079,0.36701,1391.7
quat5,0.00000,0.63253,0.00000,0.77454,1391.7
quat6,0.00000,0.63253,0.00000,0.77454,1391.7
quat7,0.00000,0.63253,0.00000,0.77454,1391.7
quat8,0.00000,0.63253,0.00000,0.77454,1391.7
quat0,-0.75089,0.13914,-0.64553,0.00951,1391.72
quat1,-0.22874,0.65257,0.21290,0.69030,1391.72
quat2,0.30412,-0.04502,-0.05471,-0.94999,1391.72
quat3,0.05503,-0.44410,-0.25475,-0.85723,1391.72
quat4,-0.10469,0.86488,0.31570,0.37597,1391.72
quat5,0.00000,0.63253,0.00000,0.77454,1391.72
quat6,0.00000,0.63253,0.00000,0.77454,1391.72
quat7,0.00000,0.63253,0.00000,0.77454,1391.72
quat8,0.00000,0.63253,0.00000,0.77454,1391.72
quat0,-0.76070,0.14603,-0.63243,0.00692,1391.74
quat1,-0.20225,0.65878,0.19245,0.69862,1391.74
quat2,0.26212,-0.04408,-0.04593,-0.96293,1391.74
quat3,0.03846,-0.44790,-0.22869,-0.86349,1391.74
quat4,-0.11315,0.87637,0.27326,0.38012,1391.74
quat5,0.00000,0.63253,0.00000,0.77454,1391.74
quat6,0.00000,0.63253,0.00000,0.77454,1391.74
quat7,0.00000,0.63253,0.00000,0.77454,1391.74
quat8,0.00000,0.63253,0.00000,0.77454,1391.74
quat0,-0.77119,0.14979,-0.61848,0.01755,1391.76
quat1,-0.17565,0.66611,0.17241,0.70408,1391.76
quat2,0.22229,-0.04622,-0.03956,-0.97308,1391.76
quat3,0.02188,-0.44844,-0.20381,-0.86999,1391.76
quat4,-0.12268,0.88705,0.23322,0.37908,1391.76
quat5,0.00000,0.63253,0.00000,0.77454,1391.76
quat6,0.00000,0.63253,0.00000,0.77454,1391.76
quat7,0.00000,0.63253,0.00000,0.77454,1391.76
quat8,0.00000,0.63253,0.00000,0.77454,1391.76
quat0,-0.78091,0.14285,-0.60731,0.03080,1391.78
quat1,-0.15223,0.67669,0.15457,0.70358,1391.78
quat2,0.18491,-0.04979,-0.03443,-0.98089,1391.78
quat3,0.00491,-0.44726,-0.18185,-0.87571,1391.78
quat4,-0.13229,0.89576,0.19776,0.37550,1391.78
quat5,0.00000,0.63253,0.00000,0.77454,1391.78
quat6,0.00000,0.63253,0.00000,0.77454,1391.78
quat7,0.00000,0.63253,0.00000,0.77454,1391.78
quat8,0.00000,0.63253,0.00000,0.77454,1391.78
quat0,-0.77157,0.14322,-0.61822,0.04437,1391.8
quat1,-0.13277,0.68752,0.13952,0.70016,1391.8
quat2,0.15171,-0.04811,-0.02913,-0.98682,1391.8
quat3,-0.01165,-0.44801,-0.16205,-0.87914,1391.8
quat4,-0.14201,0.90292,0.16713,0.36963,1391.8
quat5,0.00000,0.63253,0.00000,0.77454,1391.8
quat6,0.00000,0.63253,0.00000,0.77454,1391.8
quat7,0.00000,0.63253,0.00000,0.77454,1391.8
quat8,0.00000,0.63253,0.00000,0.77454,1391.8
quat0,-0.77297,0.14879,-0.61610,0.02814,1391.82
quat1,-0.11838,0.69411,0.12690,0.69864,1391.82
quat2,0.12717,-0.04300,-0.02451,-0.99065,1391.82
quat3,-0.02380,-0.45036,-0.14615,-0.88048,1391.82
quat4,-0.15072,0.90959,0.14303,0.35983,1391.82
quat5,0.00000,0.63253,0.00000,0.77454,1391.82
quat6,0.00000,0.63253,0.00000,0.77454,1391.82
quat7,0.00000,0.63253,0.00000,0.77454,1391.82
quat8,0.00000,0.63253,0.00000,0.77454,1391.82
quat0,-0.74923,0.14191,-0.64671,0.01683,1391.84
quat1,-0.10981,0.69631,0.11746,0.69950,1391.84
quat2,0.11111,-0.03818,-0.02159,-0.99284,1391.84
quat3,-0.03285,-0.45447,-0.13813,-0.87938,1391.84
quat4,-0.15657,0.91805,0.12775,0.34111,1391.84
quat5,0.00000,0.63253,0.00000,0.77454,1391.84
quat6,0.00000,0.63253,0.00000,0.77454,1391.84
quat7,0.00000,0.63253,0.00000,0.77454,1391.84
quat8,0.00000,0.63253,0.00000,0.77454,1391.84
quat0,-0.77328,0.13863,-0.61825,0.02436,1391.86
quat1,-0.10766,0.69598,0.11208,0.70104,1391.86
quat2,0.10411,-0.03577,-0.02115,-0.99370,1391.86
quat3,-0.03978,-0.45618,-0.13849,-0.87815,1391.86
quat4,-0.15566,0.92456,0.12627,0.32406,1391.86
quat5,0.00000,0.63253,0.00000,0.77454,1391.86
quat6,0.00000,0.63253,0.00000,0.77454,1391.86
quat7,0.00000,0.63253,0.00000,0.77454,1391.86
quat8,0.00000,0.63253,0.00000,0.77454,1391.86
quat0,-0.77155,0.14505,-0.61885,0.02633,1391.88
quat1,-0.11004,0.69325,0.11363,0.70312,1391.88
quat2,0.10758,-0.03444,-0.02284,-0.99334,1391.88
quat3,-0.04125,-0.45460,-0.14383,-0.87804,1391.88
quat4,-0.15555,0.92153,0.13192,0.33042,1391.88
quat5,0.00000,0.63253,0.00000,0.77454,1391.88
quat6,0.00000,0.63253,0.00000,0.77454,1391.88
quat7,0.00000,0.63253,0.00000,0.77454,1391.88
quat8,0.00000,0.63253,0.00000,0.77454,1391.88
quat0,-0.77774,0.16592,-0.60627,0.00534,1391.9
quat1,-0.11719,0.68257,0.12285,0.71083,1391.9
quat2,0.12151,-0.02879,-0.02348,-0.99190,1391.9
quat3,-0.03762,-0.45058,-0.15525,-0.87833,1391.9
quat4,-0.15342,0.92193,0.15034,0.32233,1391.9
quat5,0.00000,0.63253,0.00000,0.77454,1391.9
quat6,0.00000,0.63253,0.00000,0.77454,1391.9
quat7,0.00000,0.63253,0.00000,0.77454,1391.9
quat8,0.00000,0.63253,0.00000,0.77454,1391.9
quat0,-0.76935,0.15317,-0.62009,0.01156,1391.92
quat1,-0.13193,0.66775,0.13963,0.71917,1391.92
quat2,0.14701,-0.02114,-0.02265,-0.98865,1391.92
quat3,-0.02850,-0.44761,-0.17382,-0.87671,1391.92
quat4,-0.13935,0.93109,0.17653,0.28722,1391.92
quat5,0.00000,0.63253,0.00000,0.77454,1391.92
quat6,0.00000,0.63253,0.00000,0.77454,1391.92
quat7,0.00000,0.63253,0.00000,0.77454,1391.92
quat8,0.00000,0.63253,0.00000,0.77454,1391.92
quat0,-0.76550,0.15777,-0.62369,0.01137,1391.94
quat1,-0.15336,0.65133,0.16136,0.72541,1391.94
quat2,0.18095,-0.01671,-0.02320,-0.98308,1391.94
quat3,-0.01685,-0.44918,-0.19912,-0.87081,1391.94
quat4,-0.12449,0.93288,0.20592,0.26801,1391.94
quat5,0.00000,0.63253,0.00000,0.77454,1391.94
quat6,0.00000,0.63253,0.00000,0.77454,1391.94
quat7,0.00000,0.63253,0.00000,0.77454,1391.94
quat8,0.00000,0.63253,0.00000,0.77454,1391.94
quat0,-0.76636,0.18717,-0.61453,-0.00470,1391.96
quat1,-0.18038,0.63995,0.18754,0.72302,1391.96
quat2,0.22135,-0.01641,-0.02569,-0.97472,1391.96
quat3,-0.00092,-0.45191,-0.22791,-0.86246,1391.96
quat4,-0.11055,0.92803,0.24038,0.26222,1391.96
quat5,0.00000,0.63253,0.00000,0.77454,1391.96
quat6,0.00000,0.63253,0.00000,0.77454,1391.96
quat7,0.00000,0.63253,0.00000,0.77454,1391.96
quat8,0.00000,0.63253,0.00000,0.77454,1391.96
quat0,-0.76542,0.17428,-0.61948,-0.00131,1391.98
quat1,-0.20877,0.63492,0.21581,0.71185,1391.98
quat2,0.26565,-0.01330,-0.02993,-0.96351,1391.98
quat3,0.01913,-0.45383,-0.25721,-0.85295,1391.98
quat4,-0.09394,0.92053,0.27827,0.25762,1391.98
quat5,0.00000,0.63253,0.00000,0.77454,1391.98
quat6,0.00000,0.63253,0.00000,0.77454,1391.98
quat7,0.00000,0.63253,0.00000,0.77454,1391.98
quat8,0.00000,0.63253,0.00000,0.77454,1391.98
quat0,-0.76212,0.16498,-0.62606,0.00302,1392
quat1,-0.23539,0.62955,0.24528,0.69864,1392
quat2,0.31464,-0.00551,-0.03675,-0.94848,1392
quat3,0.04297,-0.45281,-0.28799,-0.84272,1392
quat4,-0.07624,0.90976,0.32147,0.25135,1392
quat5,0.00000,0.63253,0.00000,0.77454,1392
quat6,0.00000,0.63253,0.00000,0.77454,1392
quat7,0.00000,0.63253,0.00000,0.77454,1392
quat8,0.00000,0.63253,0.00000,0.77454,1392
quat0,-0.76656,0.19254,-0.61222,-0.02244,1392.02
quat1,-0.26211,0.61964,0.27509,0.68678,1392.02
quat2,0.36406,0.00477,-0.04438,-0.93030,1392.02
quat3,0.06965,-0.44768,-0.31997,-0.83208,1392.02
quat4,-0.05674,0.89686,0.36734,0.23976,1392.02
quat5,0.00000,0.63253,0.00000,0.77454,1392.02
quat6,0.00000,0.63253,0.00000,0.77454,1392.02
quat7,0.00000,0.63253,0.00000,0.77454,1392.02
quat8,0.00000,0.63253,0.00000,0.77454,1392.02
quat0,-0.76766,0.19875,-0.60838,-0.03275,1392.04
quat1,-0.29291,0.60333,0.30116,0.67786,1392.04
quat2,0.41375,0.01353,-0.05435,-0.90866,1392.04
quat3,0.09862,-0.43925,-0.35281,-0.82028,1392.04
quat4,-0.03852,0.87904,0.41543,0.23069,1392.04
quat5,0.00000,0.63253,0.00000,0.77454,1392.04
quat6,0.00000,0.63253,0.00000,0.77454,1392.04
quat7,0.00000,0.63253,0.00000,0.77454,1392.04
quat8,0.00000,0.63253,0.00000,0.77454,1392.04
quat0,-0.76820,0.17638,-0.61502,-0.02258,1392.06
quat1,-0.32631,0.58345,0.32211,0.67034,1392.06
quat2,0.46159,0.02159,-0.06599,-0.88437,1392.06
quat3,0.12674,-0.43132,-0.38416,-0.80643,1392.06
quat4,-0.02372,0.85662,0.46360,0.22520,1392.06
quat5,0.00000,0.63253,0.00000,0.77454,1392.06
quat6,0.00000,0.63253,0.00000,0.77454,1392.06
quat7,0.00000,0.63253,0.00000,0.77454,1392.06
quat8,0.00000,0.63253,0.00000,0.77454,1392.06
quat0,-0.76614,0.17769,-0.61733,-0.01870,1392.08
quat1,-0.35943,0.56042,0.34037,0.66400,1392.08
quat2,0.50825,0.03135,-0.07756,-0.85714,1392.08
quat3,0.15190,-0.42677,-0.41362,-0.78975,1392.08
quat4,-0.01400,0.82977,0.51180,0.22214,1392.08
quat5,0.00000,0.63253,0.00000,0.77454,1392.08
quat6,0.00000,0.63253,0.00000,0.77454,1392.08
quat7,0.00000,0.63253,0.00000,0.77454,1392.08
quat8,0.00000,0.63253,0.00000,0.77454,1392.08
quat0,-0.76685,0.17646,-0.61649,-0.02733,1392.1
quat1,-0.39188,0.53729,0.35632,0.65635,1392.1
quat2,0.55183,0.04313,-0.08688,-0.82830,1392.1
quat3,0.17396,-0.42550,-0.44245,-0.77001,1392.1
quat4,-0.01073,0.80004,0.55788,0.22046,1392.1
quat5,0.00000,0.63253,0.00000,0.77454,1392.1
quat6,0.00000,0.63253,0.00000,0.77454,1392.1
quat7,0.00000,0.63253,0.00000,0.77454,1392.1
quat8,0.00000,0.63253,0.00000,0.77454,1392.1
quat0,-0.75401,0.15763,-0.63745,-0.01707,1392.12
quat1,-0.42336,0.51592,0.37008,0.64625,1392.12
quat2,0.59284,0.05508,-0.09315,-0.79801,1392.12
quat3,0.19044,-0.42525,-0.47183,-0.74852,1392.12
quat4,-0.01249,0.76847,0.60193,0.21675,1392.12
quat5,0.00000,0.63253,0.00000,0.77454,1392.12
quat6,0.00000,0.63253,0.00000,0.77454,1392.12
quat7,0.00000,0.63253,0.00000,0.77454,1392.12
quat8,0.00000,0.63253,0.00000,0.77454,1392.12
quat0,-0.74898,0.17575,-0.63825,-0.02796,1392.14
quat1,-0.45300,0.49664,0.38228,0.63403,1392.14
quat2,0.63050,0.06585,-0.09730,-0.76725,1392.14
quat3,0.20047,-0.42220,-0.50278,-0.72717,1392.14
quat4,-0.01727,0.73673,0.64278,0.20919,1392.14
quat5,0.00000,0.63253,0.00000,0.77454,1392.14
quat6,0.00000,0.63253,0.00000,0.77454,1392.14
quat7,0.00000,0.63253,0.00000,0.77454,1392.14
quat8,0.00000,0.63253,0.00000,0.77454,1392.14
quat0,-0.75299,0.14230,-0.64238,-0.01012,1392.16
quat1,-0.48139,0.47936,0.39144,0.62069,1392.16
quat2,0.66488,0.07531,-0.10012,-0.73637,1392.16
quat3,0.20666,-0.41844,-0.53266,-0.70602,1392.16
quat4,-0.02359,0.70505,0.68040,0.19851,1392.16
quat5,0.00000,0.63253,0.00000,0.77454,1392.16
quat6,0.00000,0.63253,0.00000,0.77454,1392.16
quat7,0.00000,0.63253,0.00000,0.77454,1392.16
quat8,0.00000,0.63253,0.00000,0.77454,1392.16
quat0,-0.75362,0.13833,-0.64257,-0.00441,1392.18
quat1,-0.50389,0.46477,0.40096,0.60771,1392.18
quat2,0.69495,0.08267,-0.10210,-0.70695,1392.18
quat3,0.21271,-0.41509,-0.55938,-0.68524,1392.18
quat4,-0.03005,0.67480,0.71385,0.18481,1392.18
quat5,0.00000,0.63253,0.00000,0.77454,1392.18
quat6,0.00000,0.63253,0.00000,0.77454,1392.18
quat7,0.00000,0.63253,0.00000,0.77454,1392.18
quat8,0.00000,0.63253,0.00000,0.77454,1392.18
quat0,-0.76545,0.12932,-0.63037,0.00235,1392.2
quat1,-0.52053,0.45566,0.41140,0.59344,1392.2
quat2,0.72138,0.08684,-0.10381,-0.67918,1392.2
quat3,0.21602,-0.41328,-0.58131,-0.66680,1392.2
quat4,-0.03523,0.64697,0.74274,0.16889,1392.2
quat5,0.00000,0.63253,0.00000,0.77454,1392.2
quat6,0.00000,0.63253,0.00000,0.77454,1392.2
quat7,0.00000,0.63253,0.00000,0.77454,1392.2
quat8,0.00000,0.63253,0.00000,0.77454,1392.2
quat0,-0.76695,0.11595,-0.63110,0.00749,1392.22
quat1,-0.53158,0.45080,0.42300,0.57903,1392.22
quat2,0.74421,0.08748,-0.10784,-0.65335,1392.22
quat3,0.22042,-0.40970,-0.59828,-0.65240,1392.22
quat4,-0.03926,0.62091,0.76782,0.15289,1392.22
quat5,0.00000,0.63253,0.00000,0.77454,1392.22
quat6,0.00000,0.63253,0.00000,0.77454,1392.22
quat7,0.00000,0.63253,0.00000,0.77454,1392.22
quat8,0.00000,0.63253,0.00000,0.77454,1392.22
quat0,-0.75869,0.14084,-0.63603,-0.00433,1392.24
quat1,-0.53947,0.44749,0.43299,0.56679,1392.24
quat2,0.76290,0.08486,-0.11575,-0.63038,1392.24
quat3,0.22669,-0.40543,-0.61163,-0.64043,1392.24
quat4,-0.04404,0.59673,0.78904,0.13928,1392.24
quat5,0.00000,0.63253,0.00000,0.77454,1392.24
quat6,0.00000,0.63253,0.00000,0.77454,1392.24
quat7,0.00000,0.63253,0.00000,0.77454,1392.24
quat8,0.00000,0.63253,0.00000,0.77454,1392.24
quat0,-0.76357,0.12609,-0.63329,0.00179,1392.26
quat1,-0.54595,0.44467,0.44092,0.55660,1392.26
quat2,0.77803,0.08081,-0.12647,-0.61003,1392.26
quat3,0.23377,-0.40245,-0.62152,-0.63015,1392.26
quat4,-0.05046,0.57385,0.80726,0.12838,1392.26
quat5,0.00000,0.63253,0.00000,0.77454,1392.26
quat6,0.00000,0.63253,0.00000,0.77454,1392.26
quat7,0.00000,0.63253,0.00000,0.77454,1392.26
quat8,0.00000,0.63253,0.00000,0.77454,1392.26
quat0,-0.75647,0.11822,-0.64324,0.00413,1392.28
quat1,-0.55218,0.44064,0.44617,0.54942,1392.28
quat2,0.78993,0.07641,-0.13780,-0.59261,1392.28
quat3,0.24042,-0.40087,-0.62879,-0.62139,1392.28
quat4,-0.05986,0.55268,0.82239,0.12099,1392.28
quat5,0.00000,0.63253,0.00000,0.77454,1392.28
quat6,0.00000,0.63253,0.00000,0.77454,1392.28
quat7,0.00000,0.63253,0.00000,0.77454,1392.28
quat8,0.00000,0.63253,0.00000,0.77454,1392.28
quat0,-0.76667,0.12444,-0.62985,0.00365,1392.3
quat1,-0.55780,0.43785,0.44922,0.54347,1392.3
quat2,0.79928,0.07306,-0.14718,-0.57806,1392.3
quat3,0.24676,-0.40005,-0.63403,-0.61406,1392.3
quat4,-0.07263,0.53336,0.83458,0.11718,1392.3
quat5,0.00000,0.63253,0.00000,0.77454,1392.3
quat6,0.00000,0.63253,0.00000,0.77454,1392.3
quat7,0.00000,0.63253,0.00000,0.77454,1392.3
quat8,0.00000,0.63253,0.00000,0.77454,1392.3
quat0,-0.75726,0.12820,-0.64041,-0.00077,1392.32
quat1,-0.56224,0.43561,0.45143,0.53883,1392.32
quat2,0.80609,0.07102,-0.15377,-0.56703,1392.32
quat3,0.25249,-0.39973,-0.63725,-0.60858,1392.32
quat4,-0.08645,0.51802,0.84318,0.11501,1392.32
quat5,0.00000,0.63253,0.00000,0.77454,1392.32
quat6,0.00000,0.63253,0.00000,0.77454,1392.32
quat7,0.00000,0.63253,0.00000,0.77454,1392.32
quat8,0.00000,0.63253,0.00000,0.77454,1392.32
quat0,-0.76823,0.12093,-0.62864,0.00299,1392.34
quat1,-0.56524,0.43478,0.45265,0.53533,1392.34
quat2,0.81062,0.06990,-0.15846,-0.55938,1392.34
quat3,0.25676,-0.39934,-0.63926,-0.60494,1392.34
quat4,-0.09718,0.50708,0.84900,0.11234,1392.34
quat5,0.00000,0.63253,0.00000,0.77454,1392.34
quat6,0.00000,0.63253,0.00000,0.77454,1392.34
quat7,0.00000,0.63253,0.00000,0.77454,1392.34
quat8,0.00000,0.63253,0.00000,0.77454,1392.34
quat0,-0.76321,0.12479,-0.63398,-0.00215,1392.36
quat1,-0.56641,0.43643,0.45340,0.53210,1392.36
quat2,0.81273,0.07029,-0.16127,-0.55545,1392.36
quat3,0.25980,-0.39908,-0.63997,-0.60305,1392.36
quat4,-0.10367,0.50105,0.85220,0.10933,1392.36
quat5,0.00000,0.63253,0.00000,0.77454,1392.36
quat6,0.00000,0.63253,0.00000,0.77454,1392.36
quat7,0.00000,0.63253,0.00000,0.77454,1392.36
quat8,0.00000,0.63253,0.00000,0.77454,1392.36
quat0,-0.76634,0.12544,-0.63006,-0.00271,1392.38
quat1,-0.56615,0.43921,0.45364,0.52988,1392.38
quat2,0.81244,0.07274,-0.16035,-0.55583,1392.38
quat3,0.25925,-0.39895,-0.64073,-0.60257,1392.38
quat4,-0.10590,0.50038,0.85272,0.10615,1392.38
quat5,0.00000,0.63253,0.00000,0.77454,1392.38
quat6,0.00000,0.63253,0.00000,0.77454,1392.38
quat7,0.00000,0.63253,0.00000,0.77454,1392.38
quat8,0.00000,0.63253,0.00000,0.77454,1392.38
quat0,-0.76423,0.13440,-0.63065,-0.01326,1392.4
quat1,-0.56587,0.44175,0.45152,0.52988,1392.4
quat2,0.80983,0.07675,-0.15506,-0.56057,1392.4
quat3,0.25402,-0.39811,-0.64141,-0.60463,1392.4
quat4,-0.10155,0.50546,0.85075,0.10209,1392.4
quat5,0.00000,0.63253,0.00000,0.77454,1392.4
quat6,0.00000,0.63253,0.00000,0.77454,1392.4
quat7,0.00000,0.63253,0.00000,0.77454,1392.4
quat8,0.00000,0.63253,0.00000,0.77454,1392.4
quat0,-0.76517,0.13594,-0.62925,-0.00891,1392.42
quat1,-0.56478,0.44352,0.44776,0.53275,1392.42
quat2,0.80438,0.08144,-0.14737,-0.56976,1392.42
quat3,0.24643,-0.39743,-0.64090,-0.60874,1392.42
quat4,-0.09219,0.51524,0.84635,0.09861,1392.42
quat5,0.00000,0.63253,0.00000,0.77454,1392.42
quat6,0.00000,0.63253,0.00000,0.77454,1392.42
quat7,0.00000,0.63253,0.00000,0.77454,1392.42
quat8,0.00000,0.63253,0.00000,0.77454,1392.42
quat0,-0.75739,0.13079,-0.63971,-0.00404,1392.44
quat1,-0.56360,0.44429,0.44210,0.53806,1392.44
quat2,0.79626,0.08658,-0.13856,-0.58247,1392.44
quat3,0.23933,-0.39868,-0.63769,-0.61410,1392.44
quat4,-0.08198,0.52817,0.83953,0.09747,1392.44
quat5,0.00000,0.63253,0.00000,0.77454,1392.44
quat6,0.00000,0.63253,0.00000,0.77454,1392.44
quat7,0.00000,0.63253,0.00000,0.77454,1392.44
quat8,0.00000,0.63253,0.00000,0.77454,1392.44
quat0,-0.75165,0.14250,-0.64389,-0.01121,1392.46
quat1,-0.56132,0.44491,0.43542,0.54533,1392.46
quat2,0.78547,0.09172,-0.12946,-0.59821,1392.46
quat3,0.23254,-0.40034,-0.63319,-0.62026,1392.46
quat4,-0.07204,0.54372,0.83026,0.09923,1392.46
quat5,0.00000,0.63253,0.00000,0.77454,1392.46
quat6,0.00000,0.63253,0.00000,0.77454,1392.46
quat7,0.00000,0.63253,0.00000,0.77454,1392.46
quat8,0.00000,0.63253,0.00000,0.77454,1392.46
quat0,-0.74608,0.15025,-0.64848,-0.01628,1392.48
quat1,-0.55771,0.44630,0.42845,0.55336,1392.48
quat2,0.77237,0.09658,-0.12110,-0.61599,1392.48
quat3,0.22616,-0.40161,-0.62688,-0.62816,1392.48
quat4,-0.06174,0.56096,0.81907,0.10314,1392.48
quat5,0.00000,0.63253,0.00000,0.77454,1392.48
quat6,0.00000,0.63253,0.00000,0.77454,1392.48
quat7,0.00000,0.63253,0.00000,0.77454,1392.48
quat8,0.00000,0.63253,0.00000,0.77454,1392.48
quat0,-0.74092,0.14910,-0.65468,-0.01401,1392.5
quat1,-0.55175,0.44999,0.42124,0.56181,1392.5
quat2,0.75682,0.09951,-0.11609,-0.63549,1392.5
quat3,0.22059,-0.40342,-0.61761,-0.63808,1392.5
quat4,-0.05291,0.57915,0.80606,0.10983,1392.5
quat5,0.00000,0.63253,0.00000,0.77454,1392.5
quat6,0.00000,0.63253,0.00000,0.77454,1392.5
quat7,0.00000,0.63253,0.00000,0.77454,1392.5
quat8,0.00000,0.63253,0.00000,0.77454,1392.5
quat0,-0.73703,0.16288,-0.65549,-0.02427,1392.52
quat1,-0.54224,0.45552,0.41464,0.57144,1392.52
quat2,0.73894,0.09935,-0.11518,-0.65638,1392.52
quat3,0.21627,-0.40499,-0.60526,-0.65028,1392.52
quat4,-0.04861,0.59704,0.79171,0.11995,1392.52
quat5,0.00000,0.63253,0.00000,0.77454,1392.52
quat6,0.00000,0.63253,0.00000,0.77454,1392.52
quat7,0.00000,0.63253,0.00000,0.77454,1392.52
quat8,0.00000,0.63253,0.00000,0.77454,1392.52
quat0,-0.73997,0.17441,-0.64899,-0.02906,1392.54
quat1,-0.53092,0.46336,0.40664,0.58144,1392.54
quat2,0.71895,0.09547,-0.11782,-0.67832,1392.54
quat3,0.21295,-0.40611,-0.58942,-0.66506,1392.54
quat4,-0.04969,0.61452,0.77579,0.13433,1392.54
quat5,0.00000,0.63253,0.00000,0.77454,1392.54
quat6,0.00000,0.63253,0.00000,0.77454,1392.54
quat7,0.00000,0.63253,0.00000,0.77454,1392.54
quat8,0.00000,0.63253,0.00000,0.77454,1392.54
quat0,-0.73643,0.17000,-0.65468,-0.01296,1392.56
quat1,-0.51656,0.47272,0.39825,0.59254,1392.56
quat2,0.69775,0.08974,-0.12188,-0.70017,1392.56
quat3,0.21193,-0.40598,-0.57001,-0.68216,1392.56
quat4,-0.05611,0.63110,0.75832,0.15337,1392.56
quat5,0.00000,0.63253,0.00000,0.77454,1392.56
quat6,0.00000,0.63253,0.00000,0.77454,1392.56
quat7,0.00000,0.63253,0.00000,0.77454,1392.56
quat8,0.00000,0.63253,0.00000,0.77454,1392.56
quat0,-0.74006,0.15149,-0.65524,-0.00481,1392.58
quat1,-0.49945,0.48455,0.38904,0.60367,1392.58
quat2,0.67482,0.08147,-0.12662,-0.72246,1392.58
quat3,0.21151,-0.40365,-0.54846,-0.70109,1392.58
quat4,-0.06860,0.64639,0.73864,0.17855,1392.58
quat5,0.00000,0.63253,0.00000,0.77454,1392.58
quat6,0.00000,0.63253,0.00000,0.77454,1392.58
quat7,0.00000,0.63253,0.00000,0.77454,1392.58
quat8,0.00000,0.63253,0.00000,0.77454,1392.58
quat0,-0.73898,0.16961,-0.65186,-0.01528,1392.6
quat1,-0.47908,0.49967,0.38007,0.61349,1392.6
quat2,0.65008,0.07037,-0.13134,-0.74511,1392.6
quat3,0.20666,-0.39909,-0.52724,-0.72114,1392.6
quat4,-0.08522,0.66035,0.71680,0.20706,1392.6
quat5,0.00000,0.63253,0.00000,0.77454,1392.6
quat6,0.00000,0.63253,0.00000,0.77454,1392.6
quat7,0.00000,0.63253,0.00000,0.77454,1392.6
quat8,0.00000,0.63253,0.00000,0.77454,1392.6
quat0,-0.73685,0.17735,-0.65196,-0.02331,1392.62
quat1,-0.45337,0.51863,0.37366,0.62118,1392.62
quat2,0.62265,0.05746,-0.13622,-0.76841,1392.62
quat3,0.19924,-0.39458,-0.50382,-0.74214,1392.62
quat4,-0.10114,0.67363,0.69312,0.23574,1392.62
quat5,0.00000,0.63253,0.00000,0.77454,1392.62
quat6,0.00000,0.63253,0.00000,0.77454,1392.62
quat7,0.00000,0.63253,0.00000,0.77454,1392.62
quat8,0.00000,0.63253,0.00000,0.77454,1392.62
quat0,-0.73457,0.16685,-0.65745,-0.01801,1392.64
quat1,-0.42678,0.53848,0.36602,0.62764,1392.64
quat2,0.59291,0.04413,-0.13986,-0.79180,1392.64
quat3,0.18865,-0.39075,-0.48085,-0.76191,1392.64
quat4,-0.11133,0.68862,0.66732,0.26095,1392.64
quat5,0.00000,0.63253,0.00000,0.77454,1392.64
quat6,0.00000,0.63253,0.00000,0.77454,1392.64
quat7,0.00000,0.63253,0.00000,0.77454,1392.64
quat8,0.00000,0.63253,0.00000,0.77454,1392.64
quat0,-0.73532,0.18039,-0.65279,-0.02489,1392.66
quat1,-0.40266,0.55681,0.35542,0.63365,1392.66
quat2,0.56258,0.03225,-0.14008,-0.81415,1392.66
quat3,0.17584,-0.38992,-0.45817,-0.77918,1392.66
quat4,-0.11669,0.70495,0.63972,0.28318,1392.66
quat5,0.00000,0.63253,0.00000,0.77454,1392.66
quat6,0.00000,0.63253,0.00000,0.77454,1392.66
quat7,0.00000,0.63253,0.00000,0.77454,1392.66
quat8,0.00000,0.63253,0.00000,0.77454,1392.66
quat0,-0.73828,0.19520,-0.64497,-0.02927,1392.68
quat1,-0.37944,0.57400,0.34301,0.63945,1392.68
quat2,0.53097,0.01979,-0.13811,-0.83583,1392.68
quat3,0.16045,-0.39223,-0.43450,-0.79474,1392.68
quat4,-0.11888,0.72186,0.61114,0.30216,1392.68
quat5,0.00000,0.63253,0.00000,0.77454,1392.68
quat6,0.00000,0.63253,0.00000,0.77454,1392.68
quat7,0.00000,0.63253,0.00000,0.77454,1392.68
quat8,0.00000,0.63253,0.00000,0.77454,1392.68
quat0,-0.73775,0.17742,-0.65119,-0.01412,1392.7
quat1,-0.35537,0.59072,0.33041,0.64466,1392.7
quat2,0.49650,0.00652,-0.13544,-0.85738,1392.7
quat3,0.14461,-0.39465,-0.40961,-0.80967,1392.7
quat4,-0.11979,0.73825,0.58192,0.31938,1392.7
quat5,0.00000,0.63253,0.00000,0.77454,1392.7
quat6,0.00000,0.63253,0.00000,0.77454,1392.7
quat7,0.00000,0.63253,0.00000,0.77454,1392.7
quat8,0.00000,0.63253,0.00000,0.77454,1392.7
quat0,-0.74170,0.17774,-0.64648,-0.01899,1392.72
quat1,-0.33216,0.60330,0.31607,0.65253,1392.72
quat2,0.46003,-0.00512,-0.13065,-0.87822,1392.72
quat3,0.12897,-0.39752,-0.38325,-0.82369,1392.72
quat4,-0.12219,0.75267,0.55173,0.33787,1392.72
quat5,0.00000,0.63253,0.00000,0.77454,1392.72
quat6,0.00000,0.63253,0.00000,0.77454,1392.72
quat7,0.00000,0.63253,0.00000,0.77454,1392.72
quat8,0.00000,0.63253,0.00000,0.77454,1392.72
quat0,-0.74140,0.17459,-0.64784,-0.01179,1392.74
quat1,-0.31185,0.61060,0.29976,0.66338,1392.74
quat2,0.42598,-0.01358,-0.12267,-0.89628,1392.74
quat3,0.11529,-0.39955,-0.35607,-0.83683,1392.74
quat4,-0.12596,0.76438,0.52159,0.35750,1392.74
quat5,0.00000,0.63253,0.00000,0.77454,1392.74
quat6,0.00000,0.63253,0.00000,0.77454,1392.74
quat7,0.00000,0.63253,0.00000,0.77454,1392.74
quat8,0.00000,0.63253,0.00000,0.77454,1392.74
quat0,-0.74144,0.16623,-0.65009,-0.00272,1392.76
quat1,-0.29100,0.61742,0.28308,0.67378,1392.76
quat2,0.39257,-0.02170,-0.11499,-0.91225,1392.76
quat3,0.10397,-0.40034,-0.32778,-0.84940,1392.76
quat4,-0.12991,0.77412,0.49113,0.37769,1392.76
quat5,0.00000,0.63253,0.00000,0.77454,1392.76
quat6,0.00000,0.63253,0.00000,0.77454,1392.76
quat7,0.00000,0.63253,0.00000,0.77454,1392.76
quat8,0.00000,0.63253,0.00000,0.77454,1392.76
quat0,-0.73471,0.18178,-0.65335,-0.01711,1392.78
quat1,-0.26754,0.62675,0.26919,0.68054,1392.78
quat2,0.35712,-0.03038,-0.10980,-0.92709,1392.78
quat3,0.09314,-0.40092,-0.30146,-0.86006,1392.78
quat4,-0.13298,0.78185,0.46123,0.39786,1392.78
quat5,0.00000,0.63253,0.00000,0.77454,1392.78
quat6,0.00000,0.63253,0.00000,0.77454,1392.78
quat7,0.00000,0.63253,0.00000,0.77454,1392.78
quat8,0.00000,0.63253,0.00000,0.77454,1392.78
quat0,-0.73964,0.17572,-0.64943,-0.01743,1392.8
quat1,-0.24519,0.63562,0.25529,0.68607,1392.8
quat2,0.32017,-0.03863,-0.10394,-0.94085,1392.8
quat3,0.08298,-0.40219,-0.27993,-0.86775,1392.8
quat4,-0.13467,0.78905,0.43014,0.41742,1392.8
quat5,0.00000,0.63253,0.00000,0.77454,1392.8
quat6,0.00000,0.63253,0.00000,0.77454,1392.8
quat7,0.00000,0.63253,0.00000,0.77454,1392.8
quat8,0.00000,0.63253,0.00000,0.77454,1392.8
quat0,-0.73745,0.16486,-0.65477,-0.01621,1392.82
quat1,-0.22469,0.64371,0.23906,0.69138,1392.82
quat2,0.28634,-0.04253,-0.09684,-0.95227,1392.82
quat3,0.07463,-0.40189,-0.26010,-0.87479,1392.82
quat4,-0.13480,0.79674,0.39894,0.43344,1392.82
quat5,0.00000,0.63253,0.00000,0.77454,1392.82
quat6,0.00000,0.63253,0.00000,0.77454,1392.82
quat7,0.00000,0.63253,0.00000,0.77454,1392.82
quat8,0.00000,0.63253,0.00000,0.77454,1392.82
quat0,-0.73708,0.17840,-0.65154,-0.01949,1392.84
quat1,-0.20483,0.64913,0.22206,0.69812,1392.84
quat2,0.25405,-0.04293,-0.09117,-0.96193,1392.84
quat3,0.06712,-0.39916,-0.23928,-0.88256,1392.84
quat4,-0.13541,0.80484,0.36776,0.44570,1392.84
quat5,0.00000,0.63253,0.00000,0.77454,1392.84
quat6,0.00000,0.63253,0.00000,0.77454,1392.84
quat7,0.00000,0.63253,0.00000,0.77454,1392.84
quat8,0.00000,0.63253,0.00000,0.77454,1392.84
quat0,-0.74542,0.16716,-0.64522,-0.01018,1392.86
quat1,-0.18706,0.65081,0.20578,0.70648,1392.86
quat2,0.22383,-0.04144,-0.08521,-0.97001,1392.86
quat3,0.05763,-0.39785,-0.22115,-0.88853,1392.86
quat4,-0.13685,0.81332,0.33780,0.45351,1392.86
quat5,0.00000,0.63253,0.00000,0.77454,1392.86
quat6,0.00000,0.63253,0.00000,0.77454,1392.86
quat7,0.00000,0.63253,0.00000,0.77454,1392.86
quat8,0.00000,0.63253,0.00000,0.77454,1392.86
quat0,-0.74177,0.15622,-0.65218,-0.00540,1392.88
quat1,-0.17107,0.65025,0.19075,0.71521,1392.88
quat2,0.19551,-0.03701,-0.07735,-0.97695,1392.88
quat3,0.04786,-0.39947,-0.20469,-0.89232,1392.88
quat4,-0.13907,0.82442,0.30687,0.45478,1392.88
quat5,0.00000,0.63253,0.00000,0.77454,1392.88
quat6,0.00000,0.63253,0.00000,0.77454,1392.88
quat7,0.00000,0.63253,0.00000,0.77454,1392.88
quat8,0.00000,0.63253,0.00000,0.77454,1392.88
quat0,-0.74520,0.17677,-0.64271,-0.01868,1392.9
quat1,-0.15661,0.65138,0.17694,0.72102,1392.9
quat2,0.17079,-0.03103,-0.06991,-0.98233,1392.9
quat3,0.03866,-0.40144,-0.19008,-0.89511,1392.9
quat4,-0.14109,0.83755,0.27753,0.44898,1392.9
quat5,0.00000,0.63253,0.00000,0.77454,1392.9
quat6,0.00000,0.63253,0.00000,0.77454,1392.9
quat7,0.00000,0.63253,0.00000,0.77454,1392.9
quat8,0.00000,0.63253,0.00000,0.77454,1392.9
quat0,-0.74198,0.16210,-0.65053,-0.00276,1392.92
quat1,-0.14153,0.65453,0.16519,0.72407,1392.92
quat2,0.14813,-0.02772,-0.06405,-0.98650,1392.92
quat3,0.02906,-0.40565,-0.17808,-0.89604,1392.92
quat4,-0.14337,0.85030,0.25109,0.43975,1392.92
quat5,0.00000,0.63253,0.00000,0.77454,1392.92
quat6,0.00000,0.63253,0.00000,0.77454,1392.92
quat7,0.00000,0.63253,0.00000,0.77454,1392.92
quat8,0.00000,0.63253,0.00000,0.77454,1392.92
quat0,-0.76719,0.13551,-0.62685,0.01125,1392.94
quat1,-0.12988,0.65534,0.15491,0.72778,1392.94
quat2,0.12835,-0.02747,-0.05761,-0.98967,1392.94
quat3,0.01892,-0.41440,-0.16824,-0.89421,1392.94
quat4,-0.14661,0.86086,0.22883,0.43020,1392.94
quat5,0.00000,0.63253,0.00000,0.77454,1392.94
quat6,0.00000,0.63253,0.00000,0.77454,1392.94
quat7,0.00000,0.63253,0.00000,0.77454,1392.94
quat8,0.00000,0.63253,0.00000,0.77454,1392.94
quat0,-0.75525,0.15380,-0.63713,0.00117,1392.96
quat1,-0.12053,0.65459,0.14769,0.73156,1392.96
quat2,0.11378,-0.02729,-0.05075,-0.99183,1392.96
quat3,0.01334,-0.42047,-0.15866,-0.89323,1392.96
quat4,-0.14966,0.87050,0.21107,0.41866,1392.96
quat5,0.00000,0.63253,0.00000,0.77454,1392.96
quat6,0.00000,0.63253,0.00000,0.77454,1392.96
quat7,0.00000,0.63253,0.00000,0.77454,1392.96
quat8,0.00000,0.63253,0.00000,0.77454,1392.96
quat0,-0.76462,0.13989,-0.62907,0.00795,1392.98
quat1,-0.11527,0.65142,0.14329,0.73609,1392.98
quat2,0.10533,-0.02400,-0.04426,-0.99316,1392.98
quat3,0.01097,-0.42936,-0.15253,-0.89009,1392.98
quat4,-0.15024,0.87976,0.20101,0.40379,1392.98
quat5,0.00000,0.63253,0.00000,0.77454,1392.98
quat6,0.00000,0.63253,0.00000,0.77454,1392.98
quat7,0.00000,0.63253,0.00000,0.77454,1392.98
quat8,0.00000,0.63253,0.00000,0.77454,1392.98
quat0,-0.77335,0.13897,-0.61843,0.01286,1393
quat1,-0.11505,0.64439,0.14274,0.74239,1393
quat2,0.10442,-0.01753,-0.03932,-0.99360,1393
quat3,0.01381,-0.43882,-0.15076,-0.88573,1393
quat4,-0.14933,0.88551,0.19787,0.39296,1393
quat5,0.00000,0.63253,0.00000,0.77454,1393
quat6,0.00000,0.63253,0.00000,0.77454,1393
quat7,0.00000,0.63253,0.00000,0.77454,1393
quat8,0.00000,0.63253,0.00000,0.77454,1393
quat0,-0.77237,0.14003,-0.61945,0.01080,1393.02
quat1,-0.11992,0.63360,0.14669,0.75011,1393.02
quat2,0.11231,-0.00807,-0.03514,-0.99302,1393.02
quat3,0.02087,-0.44800,-0.15429,-0.88037,1393.02
quat4,-0.14838,0.88827,0.20220,0.38482,1393.02
quat5,0.00000,0.63253,0.00000,0.77454,1393.02
quat6,0.00000,0.63253,0.00000,0.77454,1393.02
quat7,0.00000,0.63253,0.00000,0.77454,1393.02
quat8,0.00000,0.63253,0.00000,0.77454,1393.02
quat0,-0.77331,0.14790,-0.61654,0.00259,1393.04
quat1,-0.13075,0.62035,0.15590,0.75748,1393.04
quat2,0.12813,-0.00315,-0.03189,-0.99124,1393.04
quat3,0.03160,-0.45522,-0.16387,-0.87460,1393.04
quat4,-0.14819,0.88772,0.21810,0.37739,1393.04
quat5,0.00000,0.63253,0.00000,0.77454,1393.04
quat6,0.00000,0.63253,0.00000,0.77454,1393.04
quat7,0.00000,0.63253,0.00000,0.77454,1393.04
quat8,0.00000,0.63253,0.00000,0.77454,1393.04
quat0,-0.76826,0.15150,-0.62195,-0.00090,1393.06
quat1,-0.14745,0.60753,0.17029,0.76169,1393.06
quat2,0.15038,-0.00646,-0.03040,-0.98814,1393.06
quat3,0.04545,-0.45918,-0.17920,-0.86889,1393.06
quat4,-0.14524,0.88715,0.24379,0.36391,1393.06
quat5,0.00000,0.63253,0.00000,0.77454,1393.06
quat6,0.00000,0.63253,0.00000,0.77454,1393.06
quat7,0.00000,0.63253,0.00000,0.77454,1393.06
quat8,0.00000,0.63253,0.00000,0.77454,1393.06
quat0,-0.76566,0.15045,-0.62540,-0.00343,1393.08
quat1,-0.16858,0.59824,0.18992,0.76001,1393.08
quat2,0.18092,-0.01624,-0.03139,-0.98286,1393.08
quat3,0.06283,-0.45915,-0.19975,-0.86333,1393.08
quat4,-0.13830,0.88650,0.27746,0.34352,1393.08
quat5,0.00000,0.63253,0.00000,0.77454,1393.08
quat6,0.00000,0.63253,0.00000,0.77454,1393.08
quat7,0.00000,0.63253,0.00000,0.77454,1393.08
quat8,0.00000,0.63253,0.00000,0.77454,1393.08
quat0,-0.76181,0.16481,-0.62637,-0.01205,1393.1
quat1,-0.19133,0.59337,0.21346,0.75215,1393.1
quat2,0.21745,-0.03044,-0.03616,-0.97493,1393.1
quat3,0.08322,-0.45472,-0.22514,-0.85768,1393.1
quat4,-0.12840,0.88282,0.31457,0.32433,1393.1
quat5,0.00000,0.63253,0.00000,0.77454,1393.1
quat6,0.00000,0.63253,0.00000,0.77454,1393.1
quat7,0.00000,0.63253,0.00000,0.77454,1393.1
quat8,0.00000,0.63253,0.00000,0.77454,1393.1
quat0,-0.76426,0.16308,-0.62386,-0.01052,1393.12
quat1,-0.21407,0.59331,0.24022,0.73787,1393.12
quat2,0.26000,-0.04741,-0.04639,-0.96333,1393.12
quat3,0.10806,-0.44798,-0.25303,-0.85066,1393.12
quat4,-0.11728,0.87429,0.35566,0.30881,1393.12
quat5,0.00000,0.63253,0.00000,0.77454,1393.12
quat6,0.00000,0.63253,0.00000,0.77454,1393.12
quat7,0.00000,0.63253,0.00000,0.77454,1393.12
quat8,0.00000,0.63253,0.00000,0.77454,1393.12
quat0,-0.76261,0.16836,-0.62433,-0.01714,1393.14
quat1,-0.23611,0.59915,0.26832,0.71643,1393.14
quat2,0.30402,-0.06422,-0.06162,-0.94850,1393.14
quat3,0.13414,-0.44129,-0.28162,-0.84140,1393.14
quat4,-0.10708,0.86138,0.39881,0.29584,1393.14
quat5,0.00000,0.63253,0.00000,0.77454,1393.14
quat6,0.00000,0.63253,0.00000,0.77454,1393.14
quat7,0.00000,0.63253,0.00000,0.77454,1393.14
quat8,0.00000,0.63253,0.00000,0.77454,1393.14
quat0,-0.76450,0.15531,-0.62537,-0.01800,1393.16
quat1,-0.25935,0.60168,0.29641,0.69489,1393.16
quat2,0.35052,-0.07732,-0.08025,-0.92990,1393.16
quat3,0.16207,-0.43403,-0.30967,-0.83034,1393.16
quat4,-0.09780,0.84394,0.44477,0.28351,1393.16
quat5,0.00000,0.63253,0.00000,0.77454,1393.16
quat6,0.00000,0.63253,0.00000,0.77454,1393.16
quat7,0.00000,0.63253,0.00000,0.77454,1393.16
quat8,0.00000,0.63253,0.00000,0.77454,1393.16
quat0,-0.75814,0.15440,-0.63328,-0.01869,1393.18
quat1,-0.28570,0.59441,0.32276,0.67888,1393.18
quat2,0.39758,-0.08353,-0.09852,-0.90843,1393.18
quat3,0.18908,-0.42809,-0.33676,-0.81706,1393.18
quat4,-0.09006,0.82319,0.49085,0.27077,1393.18
quat5,0.00000,0.63253,0.00000,0.77454,1393.18
quat6,0.00000,0.63253,0.00000,0.77454,1393.18
quat7,0.00000,0.63253,0.00000,0.77454,1393.18
quat8,0.00000,0.63253,0.00000,0.77454,1393.18
quat0,-0.76158,0.14782,-0.63089,-0.01111,1393.2
quat1,-0.31779,0.57769,0.34489,0.66809,1393.2
quat2,0.44563,-0.08262,-0.11484,-0.88397,1393.2
quat3,0.21422,-0.42447,-0.36377,-0.80101,1393.2
quat4,-0.08416,0.79889,0.53758,0.25631,1393.2
quat5,0.00000,0.63253,0.00000,0.77454,1393.2
quat6,0.00000,0.63253,0.00000,0.77454,1393.2
quat7,0.00000,0.63253,0.00000,0.77454,1393.2
quat8,0.00000,0.63253,0.00000,0.77454,1393.2
quat0,-0.76840,0.14221,-0.62376,-0.01621,1393.22
quat1,-0.35382,0.55601,0.36140,0.65959,1393.22
quat2,0.49235,-0.07591,-0.12809,-0.85757,1393.22
quat3,0.23646,-0.42231,-0.39070,-0.78300,1393.22
quat4,-0.08089,0.77213,0.58252,0.24072,1393.22
quat5,0.00000,0.63253,0.00000,0.77454,1393.22
quat6,0.00000,0.63253,0.00000,0.77454,1393.22
quat7,0.00000,0.63253,0.00000,0.77454,1393.22
quat8,0.00000,0.63253,0.00000,0.77454,1393.22
quat0,-0.76978,0.13936,-0.62282,-0.01066,1393.24
quat1,-0.39064,0.53332,0.37471,0.65005,1393.24
quat2,0.53738,-0.06490,-0.13872,-0.82931,1393.24
quat3,0.25458,-0.42109,-0.41693,-0.76423,1393.24
quat4,-0.08046,0.74256,0.62583,0.22465,1393.24
quat5,0.00000,0.63253,0.00000,0.77454,1393.24
quat6,0.00000,0.63253,0.00000,0.77454,1393.24
quat7,0.00000,0.63253,0.00000,0.77454,1393.24
quat8,0.00000,0.63253,0.00000,0.77454,1393.24
quat0,-0.76828,0.13575,-0.62541,-0.01335,1393.26
quat1,-0.42515,0.51209,0.38715,0.63806,1393.26
quat2,0.57994,-0.05000,-0.14575,-0.79995,1393.26
quat3,0.26917,-0.42025,-0.44113,-0.74589,1393.26
quat4,-0.08346,0.71078,0.66645,0.20900,1393.26
quat5,0.00000,0.63253,0.00000,0.77454,1393.26
quat6,0.00000,0.63253,0.00000,0.77454,1393.26
quat7,0.00000,0.63253,0.00000,0.77454,1393.26
quat8,0.00000,0.63253,0.00000,0.77454,1393.26
quat0,-0.76878,0.13036,-0.62590,-0.01530,1393.28
quat1,-0.45511,0.49549,0.39896,0.62305,1393.28
quat2,0.61998,-0.03285,-0.15017,-0.76941,1393.28
quat3,0.27908,-0.42052,-0.46422,-0.72786,1393.28
quat4,-0.09030,0.67716,0.70416,0.19357,1393.28
quat5,0.00000,0.63253,0.00000,0.77454,1393.28
quat6,0.00000,0.63253,0.00000,0.77454,1393.28
quat7,0.00000,0.63253,0.00000,0.77454,1393.28
quat8,0.00000,0.63253,0.00000,0.77454,1393.28
quat0,-0.77169,0.12026,-0.62451,-0.00351,1393.3
quat1,-0.47905,0.48459,0.41047,0.60597,1393.3
quat2,0.65661,-0.01673,-0.15477,-0.73799,1393.3
quat3,0.28714,-0.41925,-0.48582,-0.71117,1393.3
quat4,-0.09892,0.64338,0.73812,0.17734,1393.3
quat5,0.00000,0.63253,0.00000,0.77454,1393.3
quat6,0.00000,0.63253,0.00000,0.77454,1393.3
quat7,0.00000,0.63253,0.00000,0.77454,1393.3
quat8,0.00000,0.63253,0.00000,0.77454,1393.3
quat0,-0.76846,0.11900,-0.62873,-0.00205,1393.32
quat1,-0.49681,0.47968,0.42002,0.58879,1393.32
quat2,0.68914,-0.00293,-0.16157,-0.70638,1393.32
quat3,0.29237,-0.41485,-0.50582,-0.69754,1393.32
quat4,-0.10892,0.61020,0.76806,0.16086,1393.32
quat5,0.00000,0.63253,0.00000,0.77454,1393.32
quat6,0.00000,0.63253,0.00000,0.77454,1393.32
quat7,0.00000,0.63253,0.00000,0.77454,1393.32
quat8,0.00000,0.63253,0.00000,0.77454,1393.32
quat0,-0.76834,0.11334,-0.62989,0.00717,1393.34
quat1,-0.51109,0.47597,0.42698,0.57440,1393.34
quat2,0.71816,0.00863,-0.17022,-0.67468,1393.34
quat3,0.29383,-0.41021,-0.52524,-0.68521,1393.34
quat4,-0.12007,0.57771,0.79437,0.14426,1393.34
quat5,0.00000,0.63253,0.00000,0.77454,1393.34
quat6,0.00000,0.63253,0.00000,0.77454,1393.34
quat7,0.00000,0.63253,0.00000,0.77454,1393.34
quat8,0.00000,0.63253,0.00000,0.77454,1393.34
quat0,-0.76991,0.12055,-0.62664,0.00580,1393.36
quat1,-0.52295,0.47404,0.43226,0.56122,1393.36
quat2,0.74383,0.01673,-0.18042,-0.64334,1393.36
quat3,0.29661,-0.40579,-0.54150,-0.67389,1393.36
quat4,-0.13033,0.54740,0.81647,0.12939,1393.36
quat5,0.00000,0.63253,0.00000,0.77454,1393.36
quat6,0.00000,0.63253,0.00000,0.77454,1393.36
quat7,0.00000,0.63253,0.00000,0.77454,1393.36
quat8,0.00000,0.63253,0.00000,0.77454,1393.36
quat0,-0.76947,0.11739,-0.62772,0.01022,1393.38
quat1,-0.53184,0.47186,0.43640,0.55141,1393.38
quat2,0.76592,0.02234,-0.19256,-0.61302,1393.38
quat3,0.29747,-0.40458,-0.55561,-0.66267,1393.38
quat4,-0.13962,0.51984,0.83449,0.11785,1393.38
quat5,0.00000,0.63253,0.00000,0.77454,1393.38
quat6,0.00000,0.63253,0.00000,0.77454,1393.38
quat7,0.00000,0.63253,0.00000,0.77454,1393.38
quat8,0.00000,0.63253,0.00000,0.77454,1393.38
quat0,-0.77337,0.11419,-0.62340,0.01497,1393.4
quat1,-0.53978,0.47166,0.43973,0.54112,1393.4
quat2,0.78361,0.02659,-0.20407,-0.58618,1393.4
quat3,0.30119,-0.40315,-0.56509,-0.65378,1393.4
quat4,-0.14734,0.49636,0.84840,0.11012,1393.4
quat5,0.00000,0.63253,0.00000,0.77454,1393.4
quat6,0.00000,0.63253,0.00000,0.77454,1393.4
quat7,0.00000,0.63253,0.00000,0.77454,1393.4
quat8,0.00000,0.63253,0.00000,0.77454,1393.4
quat0,-0.77245,0.12216,-0.62313,0.01046,1393.42
quat1,-0.54853,0.47093,0.44136,0.53154,1393.42
quat2,0.79824,0.03011,-0.21209,-0.56296,1393.42
quat3,0.30754,-0.40006,-0.57173,-0.64691,1393.42
quat4,-0.15294,0.47685,0.85929,0.10415,1393.42
quat5,0.00000,0.63253,0.00000,0.77454,1393.42
quat6,0.00000,0.63253,0.00000,0.77454,1393.42
quat7,0.00000,0.63253,0.00000,0.77454,1393.42
quat8,0.00000,0.63253,0.00000,0.77454,1393.42
quat0,-0.77268,0.11827,-0.62346,0.01658,1393.44
quat1,-0.55628,0.46736,0.44167,0.52636,1393.44
quat2,0.80911,0.03164,-0.21706,-0.54518,1393.44
quat3,0.31253,-0.39799,-0.57765,-0.64051,1393.44
quat4,-0.15673,0.46193,0.86717,0.10036,1393.44
quat5,0.00000,0.63253,0.00000,0.77454,1393.44
quat6,0.00000,0.63253,0.00000,0.77454,1393.44
quat7,0.00000,0.63253,0.00000,0.77454,1393.44
quat8,0.00000,0.63253,0.00000,0.77454,1393.44
quat0,-0.76959,0.12187,-0.62664,0.01386,1393.46
quat1,-0.56089,0.46461,0.44305,0.52273,1393.46
quat2,0.81683,0.03114,-0.21969,-0.53250,1393.46
quat3,0.31507,-0.39718,-0.58306,-0.63484,1393.46
quat4,-0.15868,0.45116,0.87261,0.09916,1393.46
quat5,0.00000,0.63253,0.00000,0.77454,1393.46
quat6,0.00000,0.63253,0.00000,0.77454,1393.46
quat7,0.00000,0.63253,0.00000,0.77454,1393.46
quat8,0.00000,0.63253,0.00000,0.77454,1393.46
quat0,-0.76889,0.12265,-0.62735,0.01406,1393.48
quat1,-0.56216,0.46455,0.44638,0.51857,1393.48
quat2,0.82137,0.02952,-0.22098,-0.52502,1393.48
quat3,0.31548,-0.39682,-0.58710,-0.63112,1393.48
quat4,-0.15869,0.44475,0.87584,0.09959,1393.48
quat5,0.00000,0.63253,0.00000,0.77454,1393.48
quat6,0.00000,0.63253,0.00000,0.77454,1393.48
quat7,0.00000,0.63253,0.00000,0.77454,1393.48
quat8,0.00000,0.63253,0.00000,0.77454,1393.48
quat0,-0.76801,0.12584,-0.62787,0.01028,1393.5
quat1,-0.56232,0.46578,0.44867,0.51531,1393.5
quat2,0.82293,0.02712,-0.22095,-0.52272,1393.5
quat3,0.31470,-0.39692,-0.58932,-0.62939,1393.5
quat4,-0.15686,0.44295,0.87689,0.10124,1393.5
quat5,0.00000,0.63253,0.00000,0.77454,1393.5
quat6,0.00000,0.63253,0.00000,0.77454,1393.5
quat7,0.00000,0.63253,0.00000,0.77454,1393.5
quat8,0.00000,0.63253,0.00000,0.77454,1393.5
quat0,-0.76520,0.12386,-0.63168,0.01052,1393.52
quat1,-0.56146,0.46672,0.44897,0.51513,1393.52
quat2,0.82213,0.02459,-0.21822,-0.52524,1393.52
quat3,0.31320,-0.39639,-0.58959,-0.63021,1393.52
quat4,-0.15280,0.44523,0.87615,0.10383,1393.52
quat5,0.00000,0.63253,0.00000,0.77454,1393.52
quat6,0.00000,0.63253,0.00000,0.77454,1393.52
quat7,0.00000,0.63253,0.00000,0.77454,1393.52
quat8,0.00000,0.63253,0.00000,0.77454,1393.52
quat0,-0.76353,0.12924,-0.63271,0.00259,1393.54
quat1,-0.56041,0.46835,0.44656,0.51689,1393.54
quat2,0.81945,0.02234,-0.21285,-0.53170,1393.54
quat3,0.31066,-0.39527,-0.58805,-0.63360,1393.54
quat4,-0.14797,0.45134,0.87335,0.10795,1393.54
quat5,0.00000,0.63253,0.00000,0.77454,1393.54
quat6,0.00000,0.63253,0.00000,0.77454,1393.54
quat7,0.00000,0.63253,0.00000,0.77454,1393.54
quat8,0.00000,0.63253,0.00000,0.77454,1393.54
quat0,-0.76162,0.14069,-0.63257,-0.00042,1393.56
quat1,-0.55849,0.47060,0.44150,0.52124,1393.56
quat2,0.81455,0.02012,-0.20679,-0.54162,1393.56
quat3,0.30540,-0.39521,-0.58565,-0.63840,1393.56
quat4,-0.14291,0.46107,0.86836,0.11377,1393.56
quat5,0.00000,0.63253,0.00000,0.77454,1393.56
quat6,0.00000,0.63253,0.00000,0.77454,1393.56
quat7,0.00000,0.63253,0.00000,0.77454,1393.56
quat8,0.00000,0.63253,0.00000,0.77454,1393.56
quat0,-0.76067,0.14140,-0.63356,-0.00096,1393.58
quat1,-0.55455,0.47384,0.43583,0.52726,1393.58
quat2,0.80675,0.01728,-0.20114,-0.55534,1393.58
quat3,0.29909,-0.39568,-0.58105,-0.64526,1393.58
quat4,-0.13714,0.47420,0.86115,0.12144,1393.58
quat5,0.00000,0.63253,0.00000,0.77454,1393.58
quat6,0.00000,0.63253,0.00000,0.77454,1393.58
quat7,0.00000,0.63253,0.00000,0.77454,1393.58
quat8,0.00000,0.63253,0.00000,0.77454,1393.58
quat0,-0.75858,0.15437,-0.63299,-0.00685,1393.6
quat1,-0.54882,0.47878,0.42957,0.53388,1393.6
quat2,0.79620,0.01383,-0.19592,-0.57227,1393.6
quat3,0.29212,-0.39646,-0.57395,-0.65427,1393.6
quat4,-0.13037,0.49036,0.85176,0.13061,1393.6
quat5,0.00000,0.63253,0.00000,0.77454,1393.6
quat6,0.00000,0.63253,0.00000,0.77454,1393.6
quat7,0.00000,0.63253,0.00000,0.77454,1393.6
quat8,0.00000,0.63253,0.00000,0.77454,1393.6
quat0,-0.75558,0.16778,-0.63305,-0.01415,1393.62
quat1,-0.54033,0.48531,0.42309,0.54177,1393.62
quat2,0.78264,0.00916,-0.19142,-0.59223,1393.62
quat3,0.28495,-0.39819,-0.56472,-0.66434,1393.62
quat4,-0.12314,0.50969,0.83966,0.14152,1393.62
quat5,0.00000,0.63253,0.00000,0.77454,1393.62
quat6,0.00000,0.63253,0.00000,0.77454,1393.62
quat7,0.00000,0.63253,0.00000,0.77454,1393.62
quat8,0.00000,0.63253,0.00000,0.77454,1393.62
quat0,-0.75619,0.16580,-0.63286,-0.01315,1393.64
quat1,-0.52991,0.49255,0.41567,0.55118,1393.64
quat2,0.76583,0.00288,-0.18862,-0.61475,1393.64
quat3,0.27636,-0.40093,-0.55433,-0.67498,1393.64
quat4,-0.11661,0.53197,0.82434,0.15453,1393.64
quat5,0.00000,0.63253,0.00000,0.77454,1393.64
quat6,0.00000,0.63253,0.00000,0.77454,1393.64
quat7,0.00000,0.63253,0.00000,0.77454,1393.64
quat8,0.00000,0.63253,0.00000,0.77454,1393.64
quat0,-0.75571,0.16282,-0.63429,-0.00838,1393.66
quat1,-0.51641,0.50183,0.40797,0.56130,1393.66
quat2,0.74480,-0.00568,-0.18761,-0.64035,1393.66
quat3,0.26554,-0.40338,-0.54303,-0.68695,1393.66
quat4,-0.11012,0.55734,0.80519,0.17000,1393.66
quat5,0.00000,0.63253,0.00000,0.77454,1393.66
quat6,0.00000,0.63253,0.00000,0.77454,1393.66
quat7,0.00000,0.63253,0.00000,0.77454,1393.66
quat8,0.00000,0.63253,0.00000,0.77454,1393.66
quat0,-0.75084,0.16836,-0.63858,-0.01068,1393.68
quat1,-0.49989,0.51331,0.40011,0.57143,1393.68
quat2,0.72044,-0.01580,-0.18694,-0.66766,1393.68
quat3,0.25528,-0.40679,-0.52896,-0.69969,1393.68
quat4,-0.10184,0.58544,0.78247,0.18608,1393.68
quat5,0.00000,0.63253,0.00000,0.77454,1393.68
quat6,0.00000,0.63253,0.00000,0.77454,1393.68
quat7,0.00000,0.63253,0.00000,0.77454,1393.68
quat8,0.00000,0.63253,0.00000,0.77454,1393.68
quat0,-0.75745,0.17408,-0.62912,-0.01292,1393.7
quat1,-0.48070,0.52742,0.39172,0.58079,1393.7
quat2,0.69359,-0.02659,-0.18493,-0.69573,1393.7
quat3,0.24623,-0.41190,-0.51192,-0.71250,1393.7
quat4,-0.09230,0.61525,0.75612,0.20304,1393.7
quat5,0.00000,0.63253,0.00000,0.77454,1393.7
quat6,0.00000,0.63253,0.00000,0.77454,1393.7
quat7,0.00000,0.63253,0.00000,0.77454,1393.7
quat8,0.00000,0.63253,0.00000,0.77454,1393.7
quat0,-0.75236,0.19003,-0.63050,-0.01782,1393.72
quat1,-0.45920,0.54370,0.38295,0.58896,1393.72
quat2,0.66488,-0.03619,-0.18048,-0.72391,1393.72
quat3,0.23551,-0.41761,-0.49422,-0.72518,1393.72
quat4,-0.08277,0.64568,0.72639,0.22047,1393.72
quat5,0.00000,0.63253,0.00000,0.77454,1393.72
quat6,0.00000,0.63253,0.00000,0.77454,1393.72
quat7,0.00000,0.63253,0.00000,0.77454,1393.72
quat8,0.00000,0.63253,0.00000,0.77454,1393.72
quat0,-0.76201,0.17893,-0.62233,-0.00568,1393.74
quat1,-0.43676,0.56042,0.37192,0.59737,1393.74
quat2,0.63455,-0.04383,-0.17247,-0.75212,1393.74
quat3,0.22281,-0.42189,-0.47434,-0.73984,1393.74
quat4,-0.07387,0.67620,0.69346,0.23752,1393.74
quat5,0.00000,0.63253,0.00000,0.77454,1393.74
quat6,0.00000,0.63253,0.00000,0.77454,1393.74
quat7,0.00000,0.63253,0.00000,0.77454,1393.74
quat8,0.00000,0.63253,0.00000,0.77454,1393.74
quat0,-0.76678,0.16340,-0.62069,0.00918,1393.76
quat1,-0.41388,0.57615,0.35939,0.60630,1393.76
quat2,0.60256,-0.05019,-0.16261,-0.77972,1393.76
quat3,0.21055,-0.42498,-0.45213,-0.75541,1393.76
quat4,-0.06624,0.70596,0.65797,0.25357,1393.76
quat5,0.00000,0.63253,0.00000,0.77454,1393.76
quat6,0.00000,0.63253,0.00000,0.77454,1393.76
quat7,0.00000,0.63253,0.00000,0.77454,1393.76
quat8,0.00000,0.63253,0.00000,0.77454,1393.76
quat0,-0.75964,0.18151,-0.62449,-0.00318,1393.78
quat1,-0.39025,0.59209,0.34629,0.61418,1393.78
quat2,0.56834,-0.05585,-0.15208,-0.80669,1393.78
quat3,0.19827,-0.42739,-0.42843,-0.77102,1393.78
quat4,-0.05924,0.73438,0.62085,0.26781,1393.78
quat5,0.00000,0.63253,0.00000,0.77454,1393.78
quat6,0.00000,0.63253,0.00000,0.77454,1393.78
quat7,0.00000,0.63253,0.00000,0.77454,1393.78
quat8,0.00000,0.63253,0.00000,0.77454,1393.78
quat0,-0.75532,0.17723,-0.63093,-0.00132,1393.8
quat1,-0.36536,0.60725,0.33324,0.62187,1393.8
quat2,0.53208,-0.05990,-0.14056,-0.83279,1393.8
quat3,0.18370,-0.42932,-0.40451,-0.78632,1393.8
quat4,-0.05483,0.76112,0.58212,0.28078,1393.8
quat5,0.00000,0.63253,0.00000,0.77454,1393.8
quat6,0.00000,0.63253,0.00000,0.77454,1393.8
quat7,0.00000,0.63253,0.00000,0.77454,1393.8
quat8,0.00000,0.63253,0.00000,0.77454,1393.8
quat0,-0.75681,0.16306,-0.63286,0.01146,1393.82
quat1,-0.34203,0.61943,0.31810,0.63098,1393.82
quat2,0.49528,-0.06178,-0.12844,-0.85696,1393.82
quat3,0.16685,-0.43069,-0.38047,-0.80120,1393.82
quat4,-0.05242,0.78572,0.54318,0.29130,1393.82
quat5,0.00000,0.63253,0.00000,0.77454,1393.82
quat6,0.00000,0.63253,0.00000,0.77454,1393.82
quat7,0.00000,0.63253,0.00000,0.77454,1393.82
quat8,0.00000,0.63253,0.00000,0.77454,1393.82
quat0,-0.75903,0.17026,-0.62836,0.00734,1393.84
quat1,-0.32007,0.62857,0.30222,0.64119,1393.84
quat2,0.45727,-0.06060,-0.11551,-0.87971,1393.84
quat3,0.14854,-0.43258,-0.35753,-0.81424,1393.84
quat4,-0.05080,0.80887,0.50398,0.29858,1393.84
quat5,0.00000,0.63253,0.00000,0.77454,1393.84
quat6,0.00000,0.63253,0.00000,0.77454,1393.84
quat7,0.00000,0.63253,0.00000,0.77454,1393.84
quat8,0.00000,0.63253,0.00000,0.77454,1393.84
quat0,-0.76228,0.16593,-0.62556,0.00831,1393.86
quat1,-0.29911,0.63568,0.28513,0.65203,1393.86
quat2,0.41978,-0.05421,-0.10210,-0.90023,1393.86
quat3,0.12997,-0.43643,-0.33608,-0.82443,1393.86
quat4,-0.05033,0.82942,0.46561,0.30452,1393.86
quat5,0.00000,0.63253,0.00000,0.77454,1393.86
quat6,0.00000,0.63253,0.00000,0.77454,1393.86
quat7,0.00000,0.63253,0.00000,0.77454,1393.86
quat8,0.00000,0.63253,0.00000,0.77454,1393.86
quat0,-0.75574,0.16589,-0.63345,0.00824,1393.88
quat1,-0.27747,0.64208,0.26667,0.66305,1393.88
quat2,0.38241,-0.04582,-0.09083,-0.91837,1393.88
quat3,0.11165,-0.44131,-0.31438,-0.83303,1393.88
quat4,-0.05206,0.84723,0.42844,0.30971,1393.88
quat5,0.00000,0.63253,0.00000,0.77454,1393.88
quat6,0.00000,0.63253,0.00000,0.77454,1393.88
quat7,0.00000,0.63253,0.00000,0.77454,1393.88
quat8,0.00000,0.63253,0.00000,0.77454,1393.88
quat0,-0.75547,0.17056,-0.63257,0.00574,1393.9
quat1,-0.25583,0.64732,0.24730,0.67407,1393.9
quat2,0.34592,-0.03897,-0.08248,-0.93382,1393.9
quat3,0.09373,-0.44525,-0.29180,-0.84132,1393.9
quat4,-0.05787,0.86094,0.39352,0.31714,1393.9
quat5,0.00000,0.63253,0.00000,0.77454,1393.9
quat6,0.00000,0.63253,0.00000,0.77454,1393.9
quat7,0.00000,0.63253,0.00000,0.77454,1393.9
quat8,0.00000,0.63253,0.00000,0.77454,1393.9
quat0,-0.75420,0.16094,-0.63653,0.01086,1393.92
quat1,-0.23390,0.65210,0.22785,0.68421,1393.92
quat2,0.30864,-0.03396,-0.07629,-0.94751,1393.92
quat3,0.07717,-0.44511,-0.26882,-0.85068,1393.92
quat4,-0.06739,0.87217,0.35733,0.32726,1393.92
quat5,0.00000,0.63253,0.00000,0.77454,1393.92
quat6,0.00000,0.63253,0.00000,0.77454,1393.92
quat7,0.00000,0.63253,0.00000,0.77454,1393.92
quat8,0.00000,0.63253,0.00000,0.77454,1393.92
quat0,-0.76031,0.16026,-0.62942,0.00880,1393.94
quat1,-0.21234,0.65802,0.20859,0.69167,1393.94
quat2,0.27251,-0.02893,-0.07129,-0.95907,1393.94
quat3,0.06267,-0.44243,-0.24692,-0.85986,1393.94
quat4,-0.07601,0.88274,0.32094,0.33466,1393.94
quat5,0.00000,0.63253,0.00000,0.77454,1393.94
quat6,0.00000,0.63253,0.00000,0.77454,1393.94
quat7,0.00000,0.63253,0.00000,0.77454,1393.94
quat8,0.00000,0.63253,0.00000,0.77454,1393.94
quat0,-0.75483,0.15607,-0.63691,0.01470,1393.96
quat1,-0.19175,0.66467,0.18941,0.69683,1393.96
quat2,0.23603,-0.02315,-0.06728,-0.96914,1393.96
quat3,0.04781,-0.43989,-0.22706,-0.86756,1393.96
quat4,-0.08318,0.89304,0.28491,0.33820,1393.96
quat5,0.00000,0.63253,0.00000,0.77454,1393.96
quat6,0.00000,0.63253,0.00000,0.77454,1393.96
quat7,0.00000,0.63253,0.00000,0.77454,1393.96
quat8,0.00000,0.63253,0.00000,0.77454,1393.96
quat0,-0.75322,0.15051,-0.64011,0.01673,1393.98
quat1,-0.17176,0.67099,0.17102,0.70073,1393.98
quat2,0.20268,-0.01872,-0.06406,-0.97697,1393.98
quat3,0.03315,-0.44000,-0.20822,-0.87289,1393.98
quat4,-0.09193,0.89960,0.25334,0.34363,1393.98
quat5,0.00000,0.63253,0.00000,0.77454,1393.98
quat6,0.00000,0.63253,0.00000,0.77454,1393.98
quat7,0.00000,0.63253,0.00000,0.77454,1393.98
quat8,0.00000,0.63253,0.00000,0.77454,1393.98
quat0,-0.76351,0.15120,-0.62735,0.02484,1394
quat1,-0.15055,0.67606,0.15593,0.70424,1394
quat2,0.17004,-0.02133,-0.06032,-0.98336,1394
quat3,0.01901,-0.44178,-0.18790,-0.87702,1394
quat4,-0.10306,0.90177,0.22291,0.35568,1394
quat5,0.00000,0.63253,0.00000,0.77454,1394
quat6,0.00000,0.63253,0.00000,0.77454,1394
quat7,0.00000,0.63253,0.00000,0.77454,1394
quat8,0.00000,0.63253,0.00000,0.77454,1394
quat0,-0.75838,0.14508,-0.63496,0.02504,1394.02
quat1,-0.13329,0.67820,0.14308,0.70839,1394.02
quat2,0.14016,-0.02849,-0.05368,-0.98826,1394.02
quat3,0.00566,-0.44237,-0.16729,-0.88107,1394.02
quat4,-0.11353,0.90156,0.19373,0.36983,1394.02
quat5,0.00000,0.63253,0.00000,0.77454,1394.02
quat6,0.00000,0.63253,0.00000,0.77454,1394.02
quat7,0.00000,0.63253,0.00000,0.77454,1394.02
quat8,0.00000,0.63253,0.00000,0.77454,1394.02
quat0,-0.75155,0.15112,-0.64175,0.02236,1394.04
quat1,-0.11674,0.68073,0.13386,0.71068,1394.04
quat2,0.11422,-0.03654,-0.04676,-0.99168,1394.04
quat3,-0.00807,-0.44143,-0.14763,-0.88503,1394.04
quat4,-0.12366,0.90108,0.16799,0.38020,1394.04
quat5,0.00000,0.63253,0.00000,0.77454,1394.04
quat6,0.00000,0.63253,0.00000,0.77454,1394.04
quat7,0.00000,0.63253,0.00000,0.77454,1394.04
quat8,0.00000,0.63253,0.00000,0.77454,1394.04
quat0,-0.75741,0.13682,-0.63737,0.03698,1394.06
quat1,-0.10271,0.68515,0.12610,0.71001,1394.06
quat2,0.09371,-0.04349,-0.04099,-0.99380,1394.06
quat3,-0.01959,-0.43818,-0.13031,-0.88917,1394.06
quat4,-0.13277,0.89992,0.14678,0.38854,1394.06
quat5,0.00000,0.63253,0.00000,0.77454,1394.06
quat6,0.00000,0.63253,0.00000,0.77454,1394.06
quat7,0.00000,0.63253,0.00000,0.77454,1394.06
quat8,0.00000,0.63253,0.00000,0.77454,1394.06
quat0,-0.75101,0.12969,-0.64653,0.03415,1394.08
quat1,-0.09375,0.68817,0.11903,0.70956,1394.08
quat2,0.07906,-0.04891,-0.03579,-0.99503,1394.08
quat3,-0.02919,-0.43510,-0.11949,-0.89194,1394.08
quat4,-0.14007,0.90058,0.13283,0.38949,1394.08
quat5,0.00000,0.63253,0.00000,0.77454,1394.08
quat6,0.00000,0.63253,0.00000,0.77454,1394.08
quat7,0.00000,0.63253,0.00000,0.77454,1394.08
quat8,0.00000,0.63253,0.00000,0.77454,1394.08
quat0,-0.76172,0.13507,-0.63305,0.02791,1394.1
quat1,-0.09079,0.68766,0.11510,0.71108,1394.1
quat2,0.07170,-0.06821,-0.03292,-0.99455,1394.1
quat3,-0.03604,-0.43313,-0.11470,-0.89328,1394.1
quat4,-0.14155,0.89840,0.12762,0.39568,1394.1
quat5,0.00000,0.63253,0.00000,0.77454,1394.1
quat6,0.00000,0.63253,0.00000,0.77454,1394.1
quat7,0.00000,0.63253,0.00000,0.77454,1394.1
quat8,0.00000,0.63253,0.00000,0.77454,1394.1
quat0,-0.76327,0.13772,-0.63065,0.02690,1394.12
quat1,-0.09288,0.68038,0.11716,0.71745,1394.12
quat2,0.07438,-0.08239,-0.03273,-0.99328,1394.12
quat3,-0.03680,-0.43303,-0.11654,-0.89306,1394.12
quat4,-0.13917,0.89459,0.12568,0.40564,1394.12
quat5,0.00000,0.63253,0.00000,0.77454,1394.12
quat6,0.00000,0.63253,0.00000,0.77454,1394.12
quat7,0.00000,0.63253,0.00000,0.77454,1394.12
quat8,0.00000,0.63253,0.00000,0.77454,1394.12
quat0,-0.76249,0.14191,-0.63083,0.02294,1394.14
quat1,-0.10162,0.67026,0.12469,0.72448,1394.14
quat2,0.08836,-0.08033,-0.03202,-0.99233,1394.14
quat3,-0.03399,-0.43228,-0.12587,-0.89226,1394.14
quat4,-0.13922,0.88713,0.13882,0.41755,1394.14
quat5,0.00000,0.63253,0.00000,0.77454,1394.14
quat6,0.00000,0.63253,0.00000,0.77454,1394.14
quat7,0.00000,0.63253,0.00000,0.77454,1394.14
quat8,0.00000,0.63253,0.00000,0.77454,1394.14
quat0,-0.76079,0.13798,-0.63381,0.02107,1394.16
quat1,-0.11693,0.65873,0.13754,0.73040,1394.16
quat2,0.11310,-0.06106,-0.02814,-0.99131,1394.16
quat3,-0.02799,-0.43289,-0.14149,-0.88983,1394.16
quat4,-0.13194,0.89613,0.16267,0.39126,1394.16
quat5,0.00000,0.63253,0.00000,0.77454,1394.16
quat6,0.00000,0.63253,0.00000,0.77454,1394.16
quat7,0.00000,0.63253,0.00000,0.77454,1394.16
quat8,0.00000,0.63253,0.00000,0.77454,1394.16
quat0,-0.75990,0.15666,-0.63074,0.01303,1394.18
quat1,-0.13721,0.64765,0.15501,0.73328,1394.18
quat2,0.14235,-0.05067,-0.02649,-0.98816,1394.18
quat3,-0.01768,-0.43311,-0.16307,-0.88629,1394.18
quat4,-0.12096,0.90345,0.18965,0.36493,1394.18
quat5,0.00000,0.63253,0.00000,0.77454,1394.18
quat6,0.00000,0.63253,0.00000,0.77454,1394.18
quat7,0.00000,0.63253,0.00000,0.77454,1394.18
quat8,0.00000,0.63253,0.00000,0.77454,1394.18
quat0,-0.75372,0.16023,-0.63727,0.01092,1394.2
quat1,-0.16037,0.64102,0.17627,0.72959,1394.2
quat2,0.17569,-0.05634,-0.03040,-0.98236,1394.2
quat3,-0.00180,-0.43180,-0.19045,-0.88163,1394.2
quat4,-0.11015,0.90281,0.22217,0.35133,1394.2
quat5,0.00000,0.63253,0.00000,0.77454,1394.2
quat6,0.00000,0.63253,0.00000,0.77454,1394.2
quat7,0.00000,0.63253,0.00000,0.77454,1394.2
quat8,0.00000,0.63253,0.00000,0.77454,1394.2
quat0,-0.75958,0.15248,-0.63196,0.02024,1394.22
quat1,-0.18503,0.63760,0.20019,0.72053,1394.22
quat2,0.21430,-0.06122,-0.03745,-0.97413,1394.22
quat3,0.01938,-0.42995,-0.22036,-0.87533,1394.22
quat4,-0.10037,0.89566,0.25962,0.34687,1394.22
quat5,0.00000,0.63253,0.00000,0.77454,1394.22
quat6,0.00000,0.63253,0.00000,0.77454,1394.22
quat7,0.00000,0.63253,0.00000,0.77454,1394.22
quat8,0.00000,0.63253,0.00000,0.77454,1394.22
quat0,-0.76338,0.16923,-0.62338,0.00332,1394.24
quat1,-0.21035,0.63492,0.22751,0.70772,1394.24
quat2,0.26007,-0.05705,-0.04521,-0.96284,1394.24
quat3,0.04405,-0.42665,-0.25220,-0.86743,1394.24
quat4,-0.08965,0.88558,0.30302,0.34041,1394.24
quat5,0.00000,0.63253,0.00000,0.77454,1394.24
quat6,0.00000,0.63253,0.00000,0.77454,1394.24
quat7,0.00000,0.63253,0.00000,0.77454,1394.24
quat8,0.00000,0.63253,0.00000,0.77454,1394.24
quat0,-0.76248,0.16392,-0.62591,0.00024,1394.26
quat1,-0.23758,0.62874,0.25511,0.69510,1394.26
quat2,0.30850,-0.04987,-0.05422,-0.94837,1394.26
quat3,0.07165,-0.41992,-0.28381,-0.85906,1394.26
quat4,-0.07896,0.87371,0.34912,0.32940,1394.26
quat5,0.00000,0.63253,0.00000,0.77454,1394.26
quat6,0.00000,0.63253,0.00000,0.77454,1394.26
quat7,0.00000,0.63253,0.00000,0.77454,1394.26
quat8,0.00000,0.63253,0.00000,0.77454,1394.26
quat0,-0.75948,0.16563,-0.62908,-0.00406,1394.28
quat1,-0.26774,0.61613,0.28158,0.68514,1394.28
quat2,0.35870,-0.04396,-0.06544,-0.93012,1394.28
quat3,0.10081,-0.41147,-0.31543,-0.84914,1394.28
quat4,-0.06959,0.85900,0.39764,0.31491,1394.28
quat5,0.00000,0.63253,0.00000,0.77454,1394.28
quat6,0.00000,0.63253,0.00000,0.77454,1394.28
quat7,0.00000,0.63253,0.00000,0.77454,1394.28
quat8,0.00000,0.63253,0.00000,0.77454,1394.28
quat0,-0.76808,0.15582,-0.62110,-0.00019,1394.3
quat1,-0.30009,0.59984,0.30393,0.67658,1394.3
quat2,0.40740,-0.03932,-0.07947,-0.90894,1394.3
quat3,0.12916,-0.40455,-0.34804,-0.83578,1394.3
quat4,-0.05967,0.84342,0.44420,0.29625,1394.3
quat5,0.00000,0.63253,0.00000,0.77454,1394.3
quat6,0.00000,0.63253,0.00000,0.77454,1394.3
quat7,0.00000,0.63253,0.00000,0.77454,1394.3
quat8,0.00000,0.63253,0.00000,0.77454,1394.3
quat0,-0.77056,0.15199,-0.61895,-0.00688,1394.32
quat1,-0.33337,0.58037,0.32260,0.66930,1394.32
quat2,0.45493,-0.03409,-0.09515,-0.88478,1394.32
quat3,0.15532,-0.40115,-0.38163,-0.81811,1394.32
quat4,-0.05009,0.82537,0.49036,0.27532,1394.32
quat5,0.00000,0.63253,0.00000,0.77454,1394.32
quat6,0.00000,0.63253,0.00000,0.77454,1394.32
quat7,0.00000,0.63253,0.00000,0.77454,1394.32
quat8,0.00000,0.63253,0.00000,0.77454,1394.32
quat0,-0.77557,0.14014,-0.61543,0.00944,1394.34
quat1,-0.36581,0.55995,0.33890,0.66165,1394.34
quat2,0.50016,-0.02692,-0.11014,-0.85848,1394.34
quat3,0.17560,-0.40324,-0.41579,-0.79604,1394.34
quat4,-0.04412,0.80434,0.53491,0.25487,1394.34
quat5,0.00000,0.63253,0.00000,0.77454,1394.34
quat6,0.00000,0.63253,0.00000,0.77454,1394.34
quat7,0.00000,0.63253,0.00000,0.77454,1394.34
quat8,0.00000,0.63253,0.00000,0.77454,1394.34
quat0,-0.76478,0.13382,-0.63012,0.01211,1394.36
quat1,-0.39702,0.54064,0.35438,0.65154,1394.36
quat2,0.54334,-0.01813,-0.12374,-0.83015,1394.36
quat3,0.18818,-0.40957,-0.45083,-0.77045,1394.36
quat4,-0.04090,0.78066,0.57781,0.23461,1394.36
quat5,0.00000,0.63253,0.00000,0.77454,1394.36
quat6,0.00000,0.63253,0.00000,0.77454,1394.36
quat7,0.00000,0.63253,0.00000,0.77454,1394.36
quat8,0.00000,0.63253,0.00000,0.77454,1394.36
quat0,-0.77685,0.12992,-0.61604,0.01083,1394.38
quat1,-0.42578,0.52358,0.36898,0.63908,1394.38
quat2,0.58423,-0.00807,-0.13507,-0.80023,1394.38
quat3,0.19577,-0.41461,-0.48526,-0.74451,1394.38
quat4,-0.03815,0.75656,0.61704,0.21314,1394.38
quat5,0.00000,0.63253,0.00000,0.77454,1394.38
quat6,0.00000,0.63253,0.00000,0.77454,1394.38
quat7,0.00000,0.63253,0.00000,0.77454,1394.38
quat8,0.00000,0.63253,0.00000,0.77454,1394.38
quat0,-0.77523,0.13532,-0.61690,0.01185,1394.4
quat1,-0.45014,0.50927,0.38386,0.62504,1394.4
quat2,0.62284,0.00268,-0.14454,-0.76887,1394.4
quat3,0.20188,-0.41410,-0.51654,-0.72177,1394.4
quat4,-0.03605,0.73159,0.65352,0.19074,1394.4
quat5,0.00000,0.63253,0.00000,0.77454,1394.4
quat6,0.00000,0.63253,0.00000,0.77454,1394.4
quat7,0.00000,0.63253,0.00000,0.77454,1394.4
quat8,0.00000,0.63253,0.00000,0.77454,1394.4
quat0,-0.77990,0.11497,-0.61474,0.02529,1394.42
quat1,-0.47069,0.49956,0.39856,0.60831,1394.42
quat2,0.65798,0.01339,-0.15233,-0.73735,1394.42
quat3,0.20896,-0.40809,-0.54291,-0.70360,1394.42
quat4,-0.03415,0.70612,0.68714,0.16754,1394.42
quat5,0.00000,0.63253,0.00000,0.77454,1394.42
quat6,0.00000,0.63253,0.00000,0.77454,1394.42
quat7,0.00000,0.63253,0.00000,0.77454,1394.42
quat8,0.00000,0.63253,0.00000,0.77454,1394.42
quat0,-0.78067,0.12946,-0.61108,0.01937,1394.44
quat1,-0.48674,0.49531,0.41144,0.59032,1394.44
quat2,0.68980,0.02381,-0.15926,-0.70587,1394.44
quat3,0.21686,-0.39885,-0.56378,-0.68996,1394.44
quat4,-0.03269,0.68008,0.71782,0.14549,1394.44
quat5,0.00000,0.63253,0.00000,0.77454,1394.44
quat6,0.00000,0.63253,0.00000,0.77454,1394.44
quat7,0.00000,0.63253,0.00000,0.77454,1394.44
quat8,0.00000,0.63253,0.00000,0.77454,1394.44
quat0,-0.77962,0.11272,-0.61528,0.03035,1394.46
quat1,-0.50084,0.49079,0.42081,0.57551,1394.46
quat2,0.71789,0.03277,-0.16574,-0.67534,1394.46
quat3,0.22464,-0.39105,-0.58091,-0.67761,1394.46
quat4,-0.03288,0.65345,0.74552,0.12696,1394.46
quat5,0.00000,0.63253,0.00000,0.77454,1394.46
quat6,0.00000,0.63253,0.00000,0.77454,1394.46
quat7,0.00000,0.63253,0.00000,0.77454,1394.46
quat8,0.00000,0.63253,0.00000,0.77454,1394.46
quat0,-0.78115,0.10338,-0.61435,0.04111,1394.48
quat1,-0.51440,0.48529,0.42719,0.56338,1394.48
quat2,0.74164,0.03931,-0.17205,-0.64716,1394.48
quat3,0.23039,-0.38719,-0.59543,-0.66518,1394.48
quat4,-0.03629,0.62646,0.77030,0.11346,1394.48
quat5,0.00000,0.63253,0.00000,0.77454,1394.48
quat6,0.00000,0.63253,0.00000,0.77454,1394.48
quat7,0.00000,0.63253,0.00000,0.77454,1394.48
quat8,0.00000,0.63253,0.00000,0.77454,1394.48
quat0,-0.78224,0.11532,-0.61127,0.03411,1394.5
quat1,-0.52645,0.47695,0.43220,0.55549,1394.5
quat2,0.76016,0.04403,-0.17713,-0.62357,1394.5
quat3,0.23412,-0.38600,-0.60745,-0.65360,1394.5
quat4,-0.04316,0.59989,0.79214,0.10388,1394.5
quat5,0.00000,0.63253,0.00000,0.77454,1394.5
quat6,0.00000,0.63253,0.00000,0.77454,1394.5
quat7,0.00000,0.63253,0.00000,0.77454,1394.5
quat8,0.00000,0.63253,0.00000,0.77454,1394.5
quat0,-0.77888,0.11283,-0.61571,0.03888,1394.52
quat1,-0.53847,0.46833,0.43608,0.54823,1394.52
quat2,0.77427,0.04872,-0.17935,-0.60495,1394.52
quat3,0.23710,-0.38491,-0.61739,-0.64378,1394.52
quat4,-0.05169,0.57499,0.81067,0.09767,1394.52
quat5,0.00000,0.63253,0.00000,0.77454,1394.52
quat6,0.00000,0.63253,0.00000,0.77454,1394.52
quat7,0.00000,0.63253,0.00000,0.77454,1394.52
quat8,0.00000,0.63253,0.00000,0.77454,1394.52
quat0,-0.78021,0.11116,-0.61442,0.03739,1394.54
quat1,-0.55139,0.46081,0.43703,0.54094,1394.54
quat2,0.78614,0.05722,-0.17448,-0.59015,1394.54
quat3,0.24030,-0.38410,-0.62552,-0.63517,1394.54
quat4,-0.06204,0.55212,0.82616,0.09371,1394.54
quat5,0.00000,0.63253,0.00000,0.77454,1394.54
quat6,0.00000,0.63253,0.00000,0.77454,1394.54
quat7,0.00000,0.63253,0.00000,0.77454,1394.54
quat8,0.00000,0.63253,0.00000,0.77454,1394.54
quat0,-0.77490,0.10844,-0.62150,0.03877,1394.56
quat1,-0.56475,0.45223,0.43559,0.53555,1394.56
quat2,0.79653,0.06856,-0.16122,-0.57867,1394.56
quat3,0.24596,-0.38333,-0.63066,-0.62835,1394.56
quat4,-0.07332,0.53261,0.83821,0.09139,1394.56
quat5,0.00000,0.63253,0.00000,0.77454,1394.56
quat6,0.00000,0.63253,0.00000,0.77454,1394.56
quat7,0.00000,0.63253,0.00000,0.77454,1394.56
quat8,0.00000,0.63253,0.00000,0.77454,1394.56
quat0,-0.77914,0.10245,-0.61701,0.04171,1394.58
quat1,-0.57717,0.44380,0.43299,0.53145,1394.58
quat2,0.80436,0.07975,-0.14535,-0.57054,1394.58
quat3,0.25301,-0.38198,-0.63332,-0.62368,1394.58
quat4,-0.08239,0.51707,0.84726,0.08944,1394.58
quat5,0.00000,0.63253,0.00000,0.77454,1394.58
quat6,0.00000,0.63253,0.00000,0.77454,1394.58
quat7,0.00000,0.63253,0.00000,0.77454,1394.58
quat8,0.00000,0.63253,0.00000,0.77454,1394.58
quat0,-0.77871,0.10840,-0.61716,0.03122,1394.6
quat1,-0.58589,0.43757,0.43045,0.52913,1394.6
quat2,0.80845,0.08802,-0.13276,-0.56661,1394.6
quat3,0.25968,-0.38055,-0.63422,-0.62090,1394.6
quat4,-0.08868,0.50610,0.85340,0.08780,1394.6
quat5,0.00000,0.63253,0.00000,0.77454,1394.6
quat6,0.00000,0.63253,0.00000,0.77454,1394.6
quat7,0.00000,0.63253,0.00000,0.77454,1394.6
quat8,0.00000,0.63253,0.00000,0.77454,1394.6
quat0,-0.77889,0.10796,-0.61710,0.02941,1394.62
quat1,-0.59024,0.43505,0.42914,0.52743,1394.62
quat2,0.80949,0.09415,-0.12311,-0.56631,1394.62
quat3,0.26590,-0.37932,-0.63341,-0.61984,1394.62
quat4,-0.09239,0.49961,0.85695,0.08659,1394.62
quat5,0.00000,0.63253,0.00000,0.77454,1394.62
quat6,0.00000,0.63253,0.00000,0.77454,1394.62
quat7,0.00000,0.63253,0.00000,0.77454,1394.62
quat8,0.00000,0.63253,0.00000,0.77454,1394.62
quat0,-0.77662,0.11062,-0.61967,0.02518,1394.64
quat1,-0.59023,0.43426,0.42876,0.52841,1394.64
quat2,0.80774,0.09805,-0.11591,-0.56965,1394.64
quat3,0.27083,-0.37862,-0.63080,-0.62080,1394.64
quat4,-0.09517,0.49751,0.85786,0.08662,1394.64
quat5,0.00000,0.63253,0.00000,0.77454,1394.64
quat6,0.00000,0.63253,0.00000,0.77454,1394.64
quat7,0.00000,0.63253,0.00000,0.77454,1394.64
quat8,0.00000,0.63253,0.00000,0.77454,1394.64
quat0,-0.77373,0.11779,-0.62204,0.02321,1394.66
quat1,-0.58753,0.43410,0.42809,0.53208,1394.66
quat2,0.80321,0.09967,-0.11149,-0.57661,1394.66
quat3,0.27222,-0.37912,-0.62675,-0.62398,1394.66
quat4,-0.09724,0.50014,0.85591,0.08842,1394.66
quat5,0.00000,0.63253,0.00000,0.77454,1394.66
quat6,0.00000,0.63253,0.00000,0.77454,1394.66
quat7,0.00000,0.63253,0.00000,0.77454,1394.66
quat8,0.00000,0.63253,0.00000,0.77454,1394.66
quat0,-0.77130,0.12024,-0.62457,0.02340,1394.68
quat1,-0.58385,0.43573,0.42516,0.53712,1394.68
quat2,0.79669,0.10065,-0.10741,-0.58619,1394.68
quat3,0.26884,-0.38131,-0.62306,-0.62779,1394.68
quat4,-0.09847,0.50727,0.85121,0.09178,1394.68
quat5,0.00000,0.63253,0.00000,0.77454,1394.68
quat6,0.00000,0.63253,0.00000,0.77454,1394.68
quat7,0.00000,0.63253,0.00000,0.77454,1394.68
quat8,0.00000,0.63253,0.00000,0.77454,1394.68
quat0,-0.76720,0.12587,-0.62868,0.01818,1394.7
quat1,-0.57740,0.43884,0.42199,0.54402,1394.7
quat2,0.78792,0.10139,-0.10314,-0.59855,1394.7
quat3,0.26274,-0.38416,-0.61838,-0.63325,1394.7
quat4,-0.09795,0.51877,0.84384,0.09604,1394.7
quat5,0.00000,0.63253,0.00000,0.77454,1394.7
quat6,0.00000,0.63253,0.00000,0.77454,1394.7
quat7,0.00000,0.63253,0.00000,0.77454,1394.7
quat8,0.00000,0.63253,0.00000,0.77454,1394.7
quat0,-0.76675,0.12553,-0.62925,0.01984,1394.72
quat1,-0.56893,0.44282,0.41887,0.55207,1394.72
quat2,0.77650,0.10106,-0.10117,-0.61367,1394.72
quat3,0.25415,-0.38738,-0.61257,-0.64038,1394.72
quat4,-0.09596,0.53392,0.83400,0.10081,1394.72
quat5,0.00000,0.63253,0.00000,0.77454,1394.72
quat6,0.00000,0.63253,0.00000,0.77454,1394.72
quat7,0.00000,0.63253,0.00000,0.77454,1394.72
quat8,0.00000,0.63253,0.00000,0.77454,1394.72
quat0,-0.76432,0.13902,-0.62958,0.01083,1394.74
quat1,-0.55805,0.44833,0.41584,0.56095,1394.74
quat2,0.76209,0.09885,-0.10194,-0.63171,1394.74
quat3,0.24470,-0.39042,-0.60476,-0.64959,1394.74
quat4,-0.09239,0.55268,0.82144,0.10607,1394.74
quat5,0.00000,0.63253,0.00000,0.77454,1394.74
quat6,0.00000,0.63253,0.00000,0.77454,1394.74
quat7,0.00000,0.63253,0.00000,0.77454,1394.74
quat8,0.00000,0.63253,0.00000,0.77454,1394.74
quat0,-0.76019,0.14612,-0.63300,0.00823,1394.76
quat1,-0.54555,0.45510,0.41312,0.56973,1394.76
quat2,0.74455,0.09483,-0.10451,-0.65248,1394.76
quat3,0.23583,-0.39354,-0.59433,-0.66051,1394.76
quat4,-0.08810,0.57428,0.80604,0.11287,1394.76
quat5,0.00000,0.63253,0.00000,0.77454,1394.76
quat6,0.00000,0.63253,0.00000,0.77454,1394.76
quat7,0.00000,0.63253,0.00000,0.77454,1394.76
quat8,0.00000,0.63253,0.00000,0.77454,1394.76
quat0,-0.75112,0.15555,-0.64156,0.00320,1394.78
quat1,-0.53245,0.46319,0.40941,0.57821,1394.78
quat2,0.72415,0.08847,-0.10897,-0.67521,1394.78
quat3,0.22952,-0.39686,-0.57967,-0.67365,1394.78
quat4,-0.08502,0.59790,0.78736,0.12387,1394.78
quat5,0.00000,0.63253,0.00000,0.77454,1394.78
quat6,0.00000,0.63253,0.00000,0.77454,1394.78
quat7,0.00000,0.63253,0.00000,0.77454,1394.78
quat8,0.00000,0.63253,0.00000,0.77454,1394.78
quat0,-0.74738,0.15583,-0.64586,-0.00220,1394.8
quat1,-0.51926,0.47120,0.40331,0.58795,1394.8
quat2,0.70158,0.08086,-0.11437,-0.69869,1394.8
quat3,0.22406,-0.40040,-0.56230,-0.68796,1394.8
quat4,-0.08463,0.62182,0.76588,0.14003,1394.8
quat5,0.00000,0.63253,0.00000,0.77454,1394.8
quat6,0.00000,0.63253,0.00000,0.77454,1394.8
quat7,0.00000,0.63253,0.00000,0.77454,1394.8
quat8,0.00000,0.63253,0.00000,0.77454,1394.8
quat0,-0.74890,0.17001,-0.64042,-0.01063,1394.82
quat1,-0.50677,0.48003,0.39554,0.59691,1394.82
quat2,0.67825,0.07423,-0.11782,-0.72152,1394.82
quat3,0.21658,-0.40478,-0.54207,-0.70385,1394.82
quat4,-0.08584,0.64519,0.74176,0.16176,1394.82
quat5,0.00000,0.63253,0.00000,0.77454,1394.82
quat6,0.00000,0.63253,0.00000,0.77454,1394.82
quat7,0.00000,0.63253,0.00000,0.77454,1394.82
quat8,0.00000,0.63253,0.00000,0.77454,1394.82
quat0,-0.75664,0.15441,-0.63533,0.00367,1394.84
quat1,-0.49383,0.48937,0.38602,0.60633,1394.84
quat2,0.65601,0.07142,-0.11613,-0.74234,1394.84
quat3,0.21197,-0.40997,-0.51434,-0.72280,1394.84
quat4,-0.08754,0.66789,0.71494,0.18741,1394.84
quat5,0.00000,0.63253,0.00000,0.77454,1394.84
quat6,0.00000,0.63253,0.00000,0.77454,1394.84
quat7,0.00000,0.63253,0.00000,0.77454,1394.84
quat8,0.00000,0.63253,0.00000,0.77454,1394.84
quat0,-0.75224,0.13652,-0.64446,0.01325,1394.86
quat1,-0.47876,0.49904,0.37431,0.61777,1394.86
quat2,0.63315,0.06867,-0.11500,-0.76235,1394.86
quat3,0.20917,-0.41450,-0.48341,-0.74213,1394.86
quat4,-0.09113,0.68898,0.68539,0.21737,1394.86
quat5,0.00000,0.63253,0.00000,0.77454,1394.86
quat6,0.00000,0.63253,0.00000,0.77454,1394.86
quat7,0.00000,0.63253,0.00000,0.77454,1394.86
quat8,0.00000,0.63253,0.00000,0.77454,1394.86
quat0,-0.76444,0.16250,-0.62386,-0.00471,1394.88
quat1,-0.46103,0.51041,0.36111,0.62971,1394.88
quat2,0.60703,0.06192,-0.11917,-0.78325,1394.88
quat3,0.20483,-0.41749,-0.45204,-0.76118,1394.88
quat4,-0.09322,0.70847,0.65379,0.24888,1394.88
quat5,0.00000,0.63253,0.00000,0.77454,1394.88
quat6,0.00000,0.63253,0.00000,0.77454,1394.88
quat7,0.00000,0.63253,0.00000,0.77454,1394.88
quat8,0.00000,0.63253,0.00000,0.77454,1394.88
quat0,-0.75445,0.15489,-0.63782,-0.00319,1394.9
quat1,-0.44004,0.52501,0.34737,0.64035,1394.9
quat2,0.57825,0.05315,-0.12566,-0.80437,1394.9
quat3,0.20134,-0.41722,-0.42051,-0.78010,1394.9
quat4,-0.09248,0.72697,0.62108,0.27788,1394.9
quat5,0.00000,0.63253,0.00000,0.77454,1394.9
quat6,0.00000,0.63253,0.00000,0.77454,1394.9
quat7,0.00000,0.63253,0.00000,0.77454,1394.9
quat8,0.00000,0.63253,0.00000,0.77454,1394.9
quat0,-0.75591,0.12896,-0.64177,0.00990,1394.92
quat1,-0.41755,0.54072,0.33286,0.64999,1394.92
quat2,0.54823,0.04573,-0.13113,-0.82471,1394.92
quat3,0.19656,-0.41538,-0.38969,-0.79810,1394.92
quat4,-0.09262,0.74392,0.58720,0.30529,1394.92
quat5,0.00000,0.63253,0.00000,0.77454,1394.92
quat6,0.00000,0.63253,0.00000,0.77454,1394.92
quat7,0.00000,0.63253,0.00000,0.77454,1394.92
quat8,0.00000,0.63253,0.00000,0.77454,1394.92
quat0,-0.76443,0.15003,-0.62700,-0.00179,1394.94
quat1,-0.39582,0.55570,0.31696,0.65884,1394.94
quat2,0.51779,0.03976,-0.13522,-0.84382,1394.94
quat3,0.18882,-0.41368,-0.36088,-0.81423,1394.94
quat4,-0.09436,0.75893,0.55261,0.33129,1394.94
quat5,0.00000,0.63253,0.00000,0.77454,1394.94
quat6,0.00000,0.63253,0.00000,0.77454,1394.94
quat7,0.00000,0.63253,0.00000,0.77454,1394.94
quat8,0.00000,0.63253,0.00000,0.77454,1394.94
quat0,-0.76421,0.14072,-0.62937,0.00854,1394.96
quat1,-0.37234,0.56967,0.30189,0.66761,1394.96
quat2,0.48570,0.03467,-0.13663,-0.86269,1394.96
quat3,0.17811,-0.41272,-0.33361,-0.82864,1394.96
quat4,-0.09761,0.77275,0.51704,0.35497,1394.96
quat5,0.00000,0.63253,0.00000,0.77454,1394.96
quat6,0.00000,0.63253,0.00000,0.77454,1394.96
quat7,0.00000,0.63253,0.00000,0.77454,1394.96
quat8,0.00000,0.63253,0.00000,0.77454,1394.96
quat0,-0.76421,0.13341,-0.63079,0.01724,1394.98
quat1,-0.34900,0.58230,0.28599,0.67627,1394.98
quat2,0.45284,0.03085,-0.13468,-0.88082,1394.98
quat3,0.16308,-0.41212,-0.30824,-0.84175,1394.98
quat4,-0.10128,0.78591,0.48204,0.37380,1394.98
quat5,0.00000,0.63253,0.00000,0.77454,1394.98
quat6,0.00000,0.63253,0.00000,0.77454,1394.98
quat7,0.00000,0.63253,0.00000,0.77454,1394.98
quat8,0.00000,0.63253,0.00000,0.77454,1394.98
quat0,-0.76253,0.14671,-0.63010,0.00191,1395
quat1,-0.32587,0.59336,0.26995,0.68473,1395
quat2,0.41882,0.02727,-0.13092,-0.89817,1395
quat3,0.14561,-0.41286,-0.28405,-0.85303,1395
quat4,-0.10507,0.79965,0.44596,0.38812,1395
quat5,0.00000,0.63253,0.00000,0.77454,1395
quat6,0.00000,0.63253,0.00000,0.77454,1395
quat7,0.00000,0.63253,0.00000,0.77454,1395
quat8,0.00000,0.63253,0.00000,0.77454,1395
quat0,-0.76174,0.13839,-0.63281,0.01205,1395.02
quat1,-0.30358,0.60220,0.25325,0.69358,1395.02
quat2,0.38481,0.02163,-0.12674,-0.91400,1395.02
quat3,0.12720,-0.41532,-0.26258,-0.86162,1395.02
quat4,-0.10788,0.81332,0.41038,0.39808,1395.02
quat5,0.00000,0.63253,0.00000,0.77454,1395.02
quat6,0.00000,0.63253,0.00000,0.77454,1395.02
quat7,0.00000,0.63253,0.00000,0.77454,1395.02
quat8,0.00000,0.63253,0.00000,0.77454,1395.02
quat0,-0.76151,0.12612,-0.63550,0.01828,1395.04
quat1,-0.27965,0.61235,0.23649,0.70064,1395.04
quat2,0.34857,0.01517,-0.12166,-0.92923,1395.04
quat3,0.10749,-0.42080,-0.24280,-0.86742,1395.04
quat4,-0.11066,0.82673,0.37421,0.40525,1395.04
quat5,0.00000,0.63253,0.00000,0.77454,1395.04
quat6,0.00000,0.63253,0.00000,0.77454,1395.04
quat7,0.00000,0.63253,0.00000,0.77454,1395.04
quat8,0.00000,0.63253,0.00000,0.77454,1395.04
quat0,-0.76049,0.13379,-0.63521,0.01652,1395.06
quat1,-0.25573,0.62380,0.22025,0.70496,1395.06
quat2,0.31242,0.01107,-0.11452,-0.94295,1395.06
quat3,0.08785,-0.42799,-0.22338,-0.87133,1395.06
quat4,-0.11450,0.83882,0.33849,0.41072,1395.06
quat5,0.00000,0.63253,0.00000,0.77454,1395.06
quat6,0.00000,0.63253,0.00000,0.77454,1395.06
quat7,0.00000,0.63253,0.00000,0.77454,1395.06
quat8,0.00000,0.63253,0.00000,0.77454,1395.06
quat0,-0.76413,0.13778,-0.63000,0.01499,1395.08
quat1,-0.23329,0.63264,0.20297,0.71003,1395.08
quat2,0.27683,0.00870,-0.10545,-0.95508,1395.08
quat3,0.06984,-0.43062,-0.20338,-0.87654,1395.08
quat4,-0.11916,0.85021,0.30233,0.41417,1395.08
quat5,0.00000,0.63253,0.00000,0.77454,1395.08
quat6,0.00000,0.63253,0.00000,0.77454,1395.08
quat7,0.00000,0.63253,0.00000,0.77454,1395.08
quat8,0.00000,0.63253,0.00000,0.77454,1395.08
quat0,-0.77120,0.12316,-0.62408,0.02450,1395.1
quat1,-0.21106,0.63803,0.18710,0.71650,1395.1
quat2,0.24280,0.00561,-0.09543,-0.96535,1395.1
quat3,0.05295,-0.42926,-0.18388,-0.88268,1395.1
quat4,-0.12313,0.86114,0.26762,0.41431,1395.1
quat5,0.00000,0.63253,0.00000,0.77454,1395.1
quat6,0.00000,0.63253,0.00000,0.77454,1395.1
quat7,0.00000,0.63253,0.00000,0.77454,1395.1
quat8,0.00000,0.63253,0.00000,0.77454,1395.1
quat0,-0.76285,0.11929,-0.63510,0.02206,1395.12
quat1,-0.18792,0.64352,0.17335,0.72147,1395.12
quat2,0.20758,0.00277,-0.08458,-0.97455,1395.12
quat3,0.03497,-0.42852,-0.16528,-0.88760,1395.12
quat4,-0.12763,0.87091,0.23402,0.41287,1395.12
quat5,0.00000,0.63253,0.00000,0.77454,1395.12
quat6,0.00000,0.63253,0.00000,0.77454,1395.12
quat7,0.00000,0.63253,0.00000,0.77454,1395.12
quat8,0.00000,0.63253,0.00000,0.77454,1395.12
quat0,-0.76457,0.12295,-0.63200,0.03003,1395.14
quat1,-0.16632,0.64744,0.16092,0.72613,1395.14
quat2,0.17432,0.00395,-0.07385,-0.98191,1395.14
quat3,0.01834,-0.42634,-0.14711,-0.89233,1395.14
quat4,-0.13418,0.87754,0.20468,0.41234,1395.14
quat5,0.00000,0.63253,0.00000,0.77454,1395.14
quat6,0.00000,0.63253,0.00000,0.77454,1395.14
quat7,0.00000,0.63253,0.00000,0.77454,1395.14
quat8,0.00000,0.63253,0.00000,0.77454,1395.14
quat0,-0.77079,0.12610,-0.62348,0.03549,1395.16
quat1,-0.14567,0.64827,0.14945,0.73225,1395.16
quat2,0.14453,0.00773,-0.06469,-0.98735,1395.16
quat3,0.00509,-0.42263,-0.13033,-0.89687,1395.16
quat4,-0.14112,0.88266,0.17695,0.41193,1395.16
quat5,0.00000,0.63253,0.00000,0.77454,1395.16
quat6,0.00000,0.63253,0.00000,0.77454,1395.16
quat7,0.00000,0.63253,0.00000,0.77454,1395.16
quat8,0.00000,0.63253,0.00000,0.77454,1395.16
quat0,-0.76166,0.11850,-0.63608,0.03511,1395.18
quat1,-0.13124,0.64733,0.13822,0.73800,1395.18
quat2,0.11934,0.01435,-0.05693,-0.99112,1395.18
quat3,-0.00754,-0.41955,-0.11702,-0.90013,1395.18
quat4,-0.14693,0.88676,0.15357,0.41048,1395.18
quat5,0.00000,0.63253,0.00000,0.77454,1395.18
quat6,0.00000,0.63253,0.00000,0.77454,1395.18
quat7,0.00000,0.63253,0.00000,0.77454,1395.18
quat8,0.00000,0.63253,0.00000,0.77454,1395.18
quat0,-0.76933,0.11035,-0.62797,0.04021,1395.2
quat1,-0.12133,0.64703,0.12753,0.74187,1395.2
quat2,0.09939,0.02407,-0.05169,-0.99341,1395.2
quat3,-0.01753,-0.41821,-0.10671,-0.90189,1395.2
quat4,-0.15153,0.88910,0.13490,0.41029,1395.2
quat5,0.00000,0.63253,0.00000,0.77454,1395.2
quat6,0.00000,0.63253,0.00000,0.77454,1395.2
quat7,0.00000,0.63253,0.00000,0.77454,1395.2
quat8,0.00000,0.63253,0.00000,0.77454,1395.2
quat0,-0.77095,0.10144,-0.62710,0.04586,1395.22
quat1,-0.11524,0.64504,0.11937,0.74592,1395.22
quat2,0.08631,0.03274,-0.05039,-0.99446,1395.22
quat3,-0.02408,-0.41910,-0.10155,-0.90192,1395.22
quat4,-0.15650,0.88485,0.12688,0.42005,1395.22
quat5,0.00000,0.63253,0.00000,0.77454,1395.22
quat6,0.00000,0.63253,0.00000,0.77454,1395.22
quat7,0.00000,0.63253,0.00000,0.77454,1395.22
quat8,0.00000,0.63253,0.00000,0.77454,1395.22
quat0,-0.76999,0.10648,-0.62833,0.03121,1395.24
quat1,-0.11289,0.64017,0.11580,0.75102,1395.24
quat2,0.08021,0.03833,-0.05115,-0.99473,1395.24
quat3,-0.02539,-0.42099,-0.10300,-0.90084,1395.24
quat4,-0.15562,0.88823,0.12564,0.41357,1395.24
quat5,0.00000,0.63253,0.00000,0.77454,1395.24
quat6,0.00000,0.63253,0.00000,0.77454,1395.24
quat7,0.00000,0.63253,0.00000,0.77454,1395.24
quat8,0.00000,0.63253,0.00000,0.77454,1395.24
quat0,-0.77105,0.11860,-0.62502,0.02766,1395.26
quat1,-0.11584,0.63264,0.11754,0.75666,1395.26
quat2,0.08392,0.04551,-0.05327,-0.99401,1395.26
quat3,-0.02465,-0.42156,-0.11055,-0.89970,1395.26
quat4,-0.15298,0.88466,0.13092,0.42052,1395.26
quat5,0.00000,0.63253,0.00000,0.77454,1395.26
quat6,0.00000,0.63253,0.00000,0.77454,1395.26
quat7,0.00000,0.63253,0.00000,0.77454,1395.26
quat8,0.00000,0.63253,0.00000,0.77454,1395.26
quat0,-0.77257,0.10544,-0.62493,0.03855,1395.28
quat1,-0.12358,0.62212,0.12550,0.76286,1395.28
quat2,0.09835,0.05155,-0.05615,-0.99223,1395.28
quat3,-0.02041,-0.42256,-0.12276,-0.89775,1395.28
quat4,-0.15148,0.88484,0.15067,0.41402,1395.28
quat5,0.00000,0.63253,0.00000,0.77454,1395.28
quat6,0.00000,0.63253,0.00000,0.77454,1395.28
quat7,0.00000,0.63253,0.00000,0.77454,1395.28
quat8,0.00000,0.63253,0.00000,0.77454,1395.28
quat0,-0.77609,0.13072,-0.61648,0.02331,1395.3
quat1,-0.13661,0.61090,0.13940,0.76727,1395.3
quat2,0.12070,0.05290,-0.05939,-0.98950,1395.3
quat3,-0.01099,-0.42577,-0.13963,-0.89392,1395.3
quat4,-0.14574,0.88865,0.17510,0.39799,1395.3
quat5,0.00000,0.63253,0.00000,0.77454,1395.3
quat6,0.00000,0.63253,0.00000,0.77454,1395.3
quat7,0.00000,0.63253,0.00000,0.77454,1395.3
quat8,0.00000,0.63253,0.00000,0.77454,1395.3
quat0,-0.77124,0.13245,-0.62224,0.02165,1395.32
quat1,-0.15488,0.60204,0.15824,0.76715,1395.32
quat2,0.15102,0.05068,-0.06395,-0.98516,1395.32
quat3,0.00392,-0.42819,-0.16110,-0.88921,1395.32
quat4,-0.13910,0.88829,0.20514,0.38665,1395.32
quat5,0.00000,0.63253,0.00000,0.77454,1395.32
quat6,0.00000,0.63253,0.00000,0.77454,1395.32
quat7,0.00000,0.63253,0.00000,0.77454,1395.32
quat8,0.00000,0.63253,0.00000,0.77454,1395.32
quat0,-0.77544,0.14245,-0.61493,0.01639,1395.34
quat1,-0.17640,0.59560,0.18198,0.76225,1395.34
quat2,0.18745,0.04575,-0.07034,-0.97868,1395.34
quat3,0.02368,-0.42995,-0.18704,-0.88295,1395.34
quat4,-0.13320,0.88313,0.24053,0.38011,1395.34
quat5,0.00000,0.63253,0.00000,0.77454,1395.34
quat6,0.00000,0.63253,0.00000,0.77454,1395.34
quat7,0.00000,0.63253,0.00000,0.77454,1395.34
quat8,0.00000,0.63253,0.00000,0.77454,1395.34
quat0,-0.77483,0.13747,-0.61688,0.01386,1395.36
quat1,-0.19960,0.59051,0.20935,0.75341,1395.36
quat2,0.22939,0.03974,-0.07919,-0.96929,1395.36
quat3,0.04611,-0.42914,-0.21583,-0.87586,1395.36
quat4,-0.12708,0.87516,0.28182,0.37219,1395.36
quat5,0.00000,0.63253,0.00000,0.77454,1395.36
quat6,0.00000,0.63253,0.00000,0.77454,1395.36
quat7,0.00000,0.63253,0.00000,0.77454,1395.36
quat8,0.00000,0.63253,0.00000,0.77454,1395.36
quat0,-0.77321,0.15255,-0.61553,-0.00147,1395.38
quat1,-0.22514,0.58642,0.23718,0.74106,1395.38
quat2,0.27473,0.03750,-0.08883,-0.95668,1395.38
quat3,0.06968,-0.42341,-0.24451,-0.86953,1395.38
quat4,-0.12036,0.86625,0.32595,0.35901,1395.38
quat5,0.00000,0.63253,0.00000,0.77454,1395.38
quat6,0.00000,0.63253,0.00000,0.77454,1395.38
quat7,0.00000,0.63253,0.00000,0.77454,1395.38
quat8,0.00000,0.63253,0.00000,0.77454,1395.38
quat0,-0.77140,0.15489,-0.61719,-0.00569,1395.4
quat1,-0.25198,0.58038,0.26476,0.72771,1395.4
quat2,0.32319,0.03882,-0.09986,-0.94025,1395.4
quat3,0.09514,-0.41644,-0.27386,-0.86170,1395.4
quat4,-0.11433,0.85374,0.37350,0.34432,1395.4
quat5,0.00000,0.63253,0.00000,0.77454,1395.4
quat6,0.00000,0.63253,0.00000,0.77454,1395.4
quat7,0.00000,0.63253,0.00000,0.77454,1395.4
quat8,0.00000,0.63253,0.00000,0.77454,1395.4
quat0,-0.76409,0.15244,-0.62681,-0.00607,1395.42
quat1,-0.28083,0.56994,0.29005,0.71566,1395.42
quat2,0.37130,0.04142,-0.11125,-0.92090,1395.42
quat3,0.12007,-0.41140,-0.30469,-0.85059,1395.42
quat4,-0.10924,0.83797,0.42171,0.32867,1395.42
quat5,0.00000,0.63253,0.00000,0.77454,1395.42
quat6,0.00000,0.63253,0.00000,0.77454,1395.42
quat7,0.00000,0.63253,0.00000,0.77454,1395.42
quat8,0.00000,0.63253,0.00000,0.77454,1395.42
quat0,-0.76605,0.15334,-0.62415,-0.00901,1395.44
quat1,-0.31102,0.55538,0.31327,0.70476,1395.44
quat2,0.41883,0.04450,-0.12307,-0.89859,1395.44
quat3,0.14235,-0.40915,-0.33716,-0.83586,1395.44
quat4,-0.10559,0.81884,0.47026,0.31177,1395.44
quat5,0.00000,0.63253,0.00000,0.77454,1395.44
quat6,0.00000,0.63253,0.00000,0.77454,1395.44
quat7,0.00000,0.63253,0.00000,0.77454,1395.44
quat8,0.00000,0.63253,0.00000,0.77454,1395.44
quat0,-0.76709,0.15660,-0.62192,-0.01641,1395.46
quat1,-0.34210,0.53797,0.33466,0.69394,1395.46
quat2,0.46429,0.04939,-0.13363,-0.87415,1395.46
quat3,0.16188,-0.40831,-0.37072,-0.81832,1395.46
quat4,-0.10419,0.79705,0.51664,0.29484,1395.46
quat5,0.00000,0.63253,0.00000,0.77454,1395.46
quat6,0.00000,0.63253,0.00000,0.77454,1395.46
quat7,0.00000,0.63253,0.00000,0.77454,1395.46
quat8,0.00000,0.63253,0.00000,0.77454,1395.46
quat0,-0.75985,0.15596,-0.63085,-0.01815,1395.48
quat1,-0.37374,0.51949,0.35412,0.68194,1395.48
quat2,0.50894,0.05665,-0.14201,-0.84712,1395.48
quat3,0.17861,-0.40859,-0.40558,-0.79791,1395.48
quat4,-0.10299,0.77337,0.56132,0.27608,1395.48
quat5,0.00000,0.63253,0.00000,0.77454,1395.48
quat6,0.00000,0.63253,0.00000,0.77454,1395.48
quat7,0.00000,0.63253,0.00000,0.77454,1395.48
quat8,0.00000,0.63253,0.00000,0.77454,1395.48
quat0,-0.76139,0.15230,-0.62997,-0.01516,1395.5
quat1,-0.40374,0.50226,0.37288,0.66760,1395.5
quat2,0.55127,0.06534,-0.14796,-0.81850,1395.5
quat3,0.19207,-0.40913,-0.44058,-0.77563,1395.5
quat4,-0.10035,0.74927,0.60276,0.25536,1395.5
quat5,0.00000,0.63253,0.00000,0.77454,1395.5
quat6,0.00000,0.63253,0.00000,0.77454,1395.5
quat7,0.00000,0.63253,0.00000,0.77454,1395.5
quat8,0.00000,0.63253,0.00000,0.77454,1395.5
quat0,-0.76800,0.14510,-0.62370,-0.01079,1395.52
quat1,-0.43037,0.48812,0.39105,0.65084,1395.52
quat2,0.59140,0.07484,-0.15167,-0.78844,1395.52
quat3,0.20422,-0.40711,-0.47346,-0.75392,1395.52
quat4,-0.09556,0.72514,0.64113,0.23236,1395.52
quat5,0.00000,0.63253,0.00000,0.77454,1395.52
quat6,0.00000,0.63253,0.00000,0.77454,1395.52
quat7,0.00000,0.63253,0.00000,0.77454,1395.52
quat8,0.00000,0.63253,0.00000,0.77454,1395.52
quat0,-0.77202,0.13074,-0.62198,-0.00477,1395.54
quat1,-0.45304,0.47401,0.40760,0.63556,1395.54
quat2,0.62807,0.08302,-0.15475,-0.75809,1395.54
quat3,0.21514,-0.40249,-0.50320,-0.73383,1395.54
quat4,-0.08849,0.70098,0.67646,0.20785,1395.54
quat5,0.00000,0.63253,0.00000,0.77454,1395.54
quat6,0.00000,0.63253,0.00000,0.77454,1395.54
quat7,0.00000,0.63253,0.00000,0.77454,1395.54
quat8,0.00000,0.63253,0.00000,0.77454,1395.54
quat0,-0.76829,0.10625,-0.63112,0.01154,1395.56
quat1,-0.47443,0.46108,0.42075,0.62072,1395.56
quat2,0.66187,0.08996,-0.15785,-0.72727,1395.56
quat3,0.22424,-0.39634,-0.53039,-0.71507,1395.56
quat4,-0.07991,0.67622,0.70911,0.18306,1395.56
quat5,0.00000,0.63253,0.00000,0.77454,1395.56
quat6,0.00000,0.63253,0.00000,0.77454,1395.56
quat7,0.00000,0.63253,0.00000,0.77454,1395.56
quat8,0.00000,0.63253,0.00000,0.77454,1395.56
quat0,-0.78035,0.11426,-0.61475,0.00907,1395.58
quat1,-0.49227,0.45342,0.43195,0.60457,1395.58
quat2,0.69278,0.09560,-0.16144,-0.69631,1395.58
quat3,0.23236,-0.39028,-0.55432,-0.69743,1395.58
quat4,-0.07080,0.65094,0.73881,0.15943,1395.58
quat5,0.00000,0.63253,0.00000,0.77454,1395.58
quat6,0.00000,0.63253,0.00000,0.77454,1395.58
quat7,0.00000,0.63253,0.00000,0.77454,1395.58
quat8,0.00000,0.63253,0.00000,0.77454,1395.58
quat0,-0.77820,0.10232,-0.61933,0.01938,1395.6
quat1,-0.50673,0.44872,0.44229,0.58843,1395.6
quat2,0.72038,0.09874,-0.16641,-0.66604,1395.6
quat3,0.23751,-0.38612,-0.57472,-0.68132,1395.6
quat4,-0.06332,0.62545,0.76529,0.13829,1395.6
quat5,0.00000,0.63253,0.00000,0.77454,1395.6
quat6,0.00000,0.63253,0.00000,0.77454,1395.6
quat7,0.00000,0.63253,0.00000,0.77454,1395.6
quat8,0.00000,0.63253,0.00000,0.77454,1395.6
quat0,-0.77936,0.07413,-0.62132,0.03262,1395.62
quat1,-0.51982,0.44588,0.44814,0.57459,1395.62
quat2,0.74467,0.09832,-0.17438,-0.63671,1395.62
quat3,0.24080,-0.38363,-0.59168,-0.66690,1395.62
quat4,-0.06033,0.59928,0.78911,0.12055,1395.62
quat5,0.00000,0.63253,0.00000,0.77454,1395.62
quat6,0.00000,0.63253,0.00000,0.77454,1395.62
quat7,0.00000,0.63253,0.00000,0.77454,1395.62
quat8,0.00000,0.63253,0.00000,0.77454,1395.62
quat0,-0.77777,0.09570,-0.62079,0.02311,1395.64
quat1,-0.53201,0.44197,0.45046,0.56455,1395.64
quat2,0.76475,0.09416,-0.18557,-0.60980,1395.64
quat3,0.24335,-0.38169,-0.60553,-0.65455,1395.64
quat4,-0.06459,0.57292,0.80997,0.10743,1395.64
quat5,0.00000,0.63253,0.00000,0.77454,1395.64
quat6,0.00000,0.63253,0.00000,0.77454,1395.64
quat7,0.00000,0.63253,0.00000,0.77454,1395.64
quat8,0.00000,0.63253,0.00000,0.77454,1395.64
quat0,-0.77979,0.09328,-0.61863,0.02303,1395.66
quat1,-0.54228,0.43763,0.45241,0.55654,1395.66
quat2,0.78044,0.08846,-0.19784,-0.58647,1395.66
quat3,0.24574,-0.38058,-0.61617,-0.64429,1395.66
quat4,-0.07554,0.54739,0.82757,0.09895,1395.66
quat5,0.00000,0.63253,0.00000,0.77454,1395.66
quat6,0.00000,0.63253,0.00000,0.77454,1395.66
quat7,0.00000,0.63253,0.00000,0.77454,1395.66
quat8,0.00000,0.63253,0.00000,0.77454,1395.66
quat0,-0.77833,0.08596,-0.62134,0.02736,1395.68
quat1,-0.55038,0.43454,0.45526,0.54863,1395.68
quat2,0.79252,0.08466,-0.20638,-0.56758,1395.68
quat3,0.25092,-0.37971,-0.62303,-0.63615,1395.68
quat4,-0.09090,0.52474,0.84113,0.09423,1395.68
quat5,0.00000,0.63253,0.00000,0.77454,1395.68
quat6,0.00000,0.63253,0.00000,0.77454,1395.68
quat7,0.00000,0.63253,0.00000,0.77454,1395.68
quat8,0.00000,0.63253,0.00000,0.77454,1395.68
quat0,-0.78168,0.09033,-0.61642,0.02895,1395.7
quat1,-0.55701,0.43173,0.45832,0.54156,1395.7
quat2,0.80316,0.08515,-0.20631,-0.55237,1395.7
quat3,0.25774,-0.37995,-0.62751,-0.62884,1395.7
quat4,-0.10335,0.50732,0.85086,0.08933,1395.7
quat5,0.00000,0.63253,0.00000,0.77454,1395.7
quat6,0.00000,0.63253,0.00000,0.77454,1395.7
quat7,0.00000,0.63253,0.00000,0.77454,1395.7
quat8,0.00000,0.63253,0.00000,0.77454,1395.7
quat0,-0.77876,0.08886,-0.62024,0.03066,1395.72
quat1,-0.56326,0.42826,0.45953,0.53680,1395.72
quat2,0.81253,0.08905,-0.19873,-0.54071,1395.72
quat3,0.26608,-0.38008,-0.63038,-0.62239,1395.72
quat4,-0.10706,0.49694,0.85709,0.08357,1395.72
quat5,0.00000,0.63253,0.00000,0.77454,1395.72
quat6,0.00000,0.63253,0.00000,0.77454,1395.72
quat7,0.00000,0.63253,0.00000,0.77454,1395.72
quat8,0.00000,0.63253,0.00000,0.77454,1395.72
quat0,-0.77622,0.08824,-0.62379,0.02424,1395.74
quat1,-0.56945,0.42551,0.45803,0.53373,1395.74
quat2,0.81877,0.09360,-0.18974,-0.53372,1395.74
quat3,0.27437,-0.37916,-0.63180,-0.61789,1395.74
quat4,-0.10347,0.49318,0.86024,0.07784,1395.74
quat5,0.00000,0.63253,0.00000,0.77454,1395.74
quat6,0.00000,0.63253,0.00000,0.77454,1395.74
quat7,0.00000,0.63253,0.00000,0.77454,1395.74
quat8,0.00000,0.63253,0.00000,0.77454,1395.74
quat0,-0.77765,0.09072,-0.62176,0.02099,1395.76
quat1,-0.57330,0.42581,0.45516,0.53183,1395.76
quat2,0.82087,0.09708,-0.18294,-0.53224,1395.76
quat3,0.27680,-0.38000,-0.63285,-0.61521,1395.76
quat4,-0.09757,0.49492,0.86023,0.07444,1395.76
quat5,0.00000,0.63253,0.00000,0.77454,1395.76
quat6,0.00000,0.63253,0.00000,0.77454,1395.76
quat7,0.00000,0.63253,0.00000,0.77454,1395.76
quat8,0.00000,0.63253,0.00000,0.77454,1395.76
quat0,-0.77586,0.09032,-0.62405,0.02105,1395.78
quat1,-0.57436,0.42755,0.45164,0.53229,1395.78
quat2,0.81915,0.09917,-0.17873,-0.53593,1395.78
quat3,0.27344,-0.38125,-0.63341,-0.61536,1395.78
quat4,-0.09168,0.50173,0.85702,0.07339,1395.78
quat5,0.00000,0.63253,0.00000,0.77454,1395.78
quat6,0.00000,0.63253,0.00000,0.77454,1395.78
quat7,0.00000,0.63253,0.00000,0.77454,1395.78
quat8,0.00000,0.63253,0.00000,0.77454,1395.78
quat0,-0.77360,0.09861,-0.62579,0.01428,1395.8
quat1,-0.57228,0.43034,0.44778,0.53554,1395.8
quat2,0.81431,0.10018,-0.17620,-0.54389,1395.8
quat3,0.26750,-0.38364,-0.63189,-0.61805,1395.8
quat4,-0.08670,0.51193,0.85137,0.07471,1395.8
quat5,0.00000,0.63253,0.00000,0.77454,1395.8
quat6,0.00000,0.63253,0.00000,0.77454,1395.8
quat7,0.00000,0.63253,0.00000,0.77454,1395.8
quat8,0.00000,0.63253,0.00000,0.77454,1395.8
quat0,-0.77204,0.10298,-0.62706,0.01208,1395.82
quat1,-0.56722,0.43353,0.44374,0.54167,1395.82
quat2,0.80656,0.10085,-0.17411,-0.55586,1395.82
quat3,0.26003,-0.38747,-0.62788,-0.62291,1395.82
quat4,-0.08384,0.52524,0.84314,0.07877,1395.82
quat5,0.00000,0.63253,0.00000,0.77454,1395.82
quat6,0.00000,0.63253,0.00000,0.77454,1395.82
quat7,0.00000,0.63253,0.00000,0.77454,1395.82
quat8,0.00000,0.63253,0.00000,0.77454,1395.82
quat0,-0.77142,0.10304,-0.62782,0.01170,1395.84
quat1,-0.56163,0.43716,0.43779,0.54937,1395.84
quat2,0.79657,0.10185,-0.17173,-0.57062,1395.84
quat3,0.25152,-0.39193,-0.62102,-0.63045,1395.84
quat4,-0.08358,0.54037,0.83292,0.08521,1395.84
quat5,0.00000,0.63253,0.00000,0.77454,1395.84
quat6,0.00000,0.63253,0.00000,0.77454,1395.84
quat7,0.00000,0.63253,0.00000,0.77454,1395.84
quat8,0.00000,0.63253,0.00000,0.77454,1395.84
quat0,-0.77013,0.12045,-0.62641,0.00058,1395.86
quat1,-0.55477,0.44394,0.42927,0.55756,1395.86
quat2,0.78365,0.10253,-0.17039,-0.58852,1395.86
quat3,0.24485,-0.39728,-0.60919,-0.64118,1395.86
quat4,-0.08691,0.55717,0.82042,0.09447,1395.86
quat5,0.00000,0.63253,0.00000,0.77454,1395.86
quat6,0.00000,0.63253,0.00000,0.77454,1395.86
quat7,0.00000,0.63253,0.00000,0.77454,1395.86
quat8,0.00000,0.63253,0.00000,0.77454,1395.86
quat0,-0.76643,0.13135,-0.62870,-0.00822,1395.88
quat1,-0.54456,0.45242,0.42106,0.56699,1395.88
quat2,0.76732,0.10218,-0.17087,-0.60957,1395.88
quat3,0.23951,-0.40200,-0.59345,-0.65487,1395.88
quat4,-0.09320,0.57575,0.80529,0.10643,1395.88
quat5,0.00000,0.63253,0.00000,0.77454,1395.88
quat6,0.00000,0.63253,0.00000,0.77454,1395.88
quat7,0.00000,0.63253,0.00000,0.77454,1395.88
quat8,0.00000,0.63253,0.00000,0.77454,1395.88
quat0,-0.76632,0.13187,-0.62868,-0.01171,1395.9
quat1,-0.53195,0.46197,0.41192,0.57788,1395.9
quat2,0.74681,0.10019,-0.17289,-0.63430,1395.9
quat3,0.23343,-0.40421,-0.57583,-0.67123,1395.9
quat4,-0.09863,0.59817,0.78628,0.11929,1395.9
quat5,0.00000,0.63253,0.00000,0.77454,1395.9
quat6,0.00000,0.63253,0.00000,0.77454,1395.9
quat7,0.00000,0.63253,0.00000,0.77454,1395.9
quat8,0.00000,0.63253,0.00000,0.77454,1395.9
quat0,-0.76438,0.15255,-0.62597,-0.02474,1395.92
quat1,-0.51870,0.47172,0.39982,0.59040,1395.92
quat2,0.72236,0.09606,-0.17520,-0.66202,1395.92
quat3,0.22512,-0.40494,-0.55690,-0.68936,1395.92
quat4,-0.10002,0.62491,0.76304,0.13138,1395.92
quat5,0.00000,0.63253,0.00000,0.77454,1395.92
quat6,0.00000,0.63253,0.00000,0.77454,1395.92
quat7,0.00000,0.63253,0.00000,0.77454,1395.92
quat8,0.00000,0.63253,0.00000,0.77454,1395.92
quat0,-0.76506,0.15988,-0.62330,-0.02485,1395.94
quat1,-0.50201,0.48287,0.38603,0.60482,1395.94
quat2,0.69291,0.08819,-0.17895,-0.69287,1395.94
quat3,0.21542,-0.40702,-0.53528,-0.70810,1395.94
quat4,-0.09982,0.65527,0.73477,0.14414,1395.94
quat5,0.00000,0.63253,0.00000,0.77454,1395.94
quat6,0.00000,0.63253,0.00000,0.77454,1395.94
quat7,0.00000,0.63253,0.00000,0.77454,1395.94
quat8,0.00000,0.63253,0.00000,0.77454,1395.94
quat0,-0.77130,0.14295,-0.62001,-0.01576,1395.96
quat1,-0.48029,0.49619,0.37269,0.61985,1395.96
quat2,0.65851,0.07563,-0.18346,-0.72594,1395.96
quat3,0.20645,-0.41074,-0.51139,-0.72605,1395.96
quat4,-0.10071,0.68756,0.70104,0.16020,1395.96
quat5,0.00000,0.63253,0.00000,0.77454,1395.96
quat6,0.00000,0.63253,0.00000,0.77454,1395.96
quat7,0.00000,0.63253,0.00000,0.77454,1395.96
quat8,0.00000,0.63253,0.00000,0.77454,1395.96
quat0,-0.76461,0.14803,-0.62710,-0.01423,1395.98
quat1,-0.45402,0.51421,0.35789,0.63354,1395.98
quat2,0.62071,0.06143,-0.18549,-0.75930,1395.98
quat3,0.19384,-0.41639,-0.48604,-0.74351,1395.98
quat4,-0.10214,0.71936,0.66345,0.17869,1395.98
quat5,0.00000,0.63253,0.00000,0.77454,1395.98
quat6,0.00000,0.63253,0.00000,0.77454,1395.98
quat7,0.00000,0.63253,0.00000,0.77454,1395.98
quat8,0.00000,0.63253,0.00000,0.77454,1395.98
quat0,-0.76639,0.14064,-0.62670,-0.01068,1396
quat1,-0.42373,0.53532,0.34145,0.64598,1396
quat2,0.58084,0.04791,-0.18341,-0.79164,1396
quat3,0.17920,-0.42259,-0.45724,-0.76173,1396
quat4,-0.10545,0.74938,0.62223,0.20035,1396
quat5,0.00000,0.63253,0.00000,0.77454,1396
quat6,0.00000,0.63253,0.00000,0.77454,1396
quat7,0.00000,0.63253,0.00000,0.77454,1396
quat8,0.00000,0.63253,0.00000,0.77454,1396
quat0,-0.76213,0.14721,-0.63033,-0.01281,1396.02
quat1,-0.38979,0.55838,0.32623,0.65563,1396.02
quat2,0.53916,0.03519,-0.17830,-0.82236,1396.02
quat3,0.16475,-0.42895,-0.42585,-0.77943,1396.02
quat4,-0.11059,0.77628,0.57813,0.22567,1396.02
quat5,0.00000,0.63253,0.00000,0.77454,1396.02
quat6,0.00000,0.63253,0.00000,0.77454,1396.02
quat7,0.00000,0.63253,0.00000,0.77454,1396.02
quat8,0.00000,0.63253,0.00000,0.77454,1396.02
quat0,-0.76230,0.14429,-0.63090,-0.00670,1396.04
quat1,-0.35564,0.58055,0.31000,0.66362,1396.04
quat2,0.49388,0.02379,-0.17032,-0.85235,1396.04
quat3,0.14804,-0.43504,-0.39279,-0.79658,1396.04
quat4,-0.11760,0.79966,0.53122,0.25400,1396.04
quat5,0.00000,0.63253,0.00000,0.77454,1396.04
quat6,0.00000,0.63253,0.00000,0.77454,1396.04
quat7,0.00000,0.63253,0.00000,0.77454,1396.04
quat8,0.00000,0.63253,0.00000,0.77454,1396.04
quat0,-0.76741,0.13377,-0.62705,-0.00009,1396.06
quat1,-0.32410,0.59824,0.29170,0.67230,1396.06
quat2,0.44869,0.01443,-0.15879,-0.87935,1396.06
quat3,0.13195,-0.43839,-0.35858,-0.81352,1396.06
quat4,-0.12435,0.82006,0.48160,0.28302,1396.06
quat5,0.00000,0.63253,0.00000,0.77454,1396.06
quat6,0.00000,0.63253,0.00000,0.77454,1396.06
quat7,0.00000,0.63253,0.00000,0.77454,1396.06
quat8,0.00000,0.63253,0.00000,0.77454,1396.06
quat0,-0.76552,0.14293,-0.62725,-0.01074,1396.08
quat1,-0.29448,0.61041,0.27077,0.68364,1396.08
quat2,0.40340,0.00440,-0.14587,-0.90331,1396.08
quat3,0.11638,-0.44251,-0.32641,-0.82710,1396.08
quat4,-0.12575,0.84077,0.43072,0.30293,1396.08
quat5,0.00000,0.63253,0.00000,0.77454,1396.08
quat6,0.00000,0.63253,0.00000,0.77454,1396.08
quat7,0.00000,0.63253,0.00000,0.77454,1396.08
quat8,0.00000,0.63253,0.00000,0.77454,1396.08
quat0,-0.76136,0.13555,-0.63394,-0.00859,1396.1
quat1,-0.26441,0.62076,0.24925,0.69471,1396.1
quat2,0.35841,-0.00526,-0.13301,-0.92402,1396.1
quat3,0.09723,-0.45098,-0.29819,-0.83561,1396.1
quat4,-0.12246,0.86107,0.38402,0.30998,1396.1
quat5,0.00000,0.63253,0.00000,0.77454,1396.1
quat6,0.00000,0.63253,0.00000,0.77454,1396.1
quat7,0.00000,0.63253,0.00000,0.77454,1396.1
quat8,0.00000,0.63253,0.00000,0.77454,1396.1
quat0,-0.76733,0.11827,-0.63006,0.01594,1396.12
quat1,-0.23425,0.63157,0.22889,0.70275,1396.12
quat2,0.31314,-0.01051,-0.12078,-0.94194,1396.12
quat3,0.07727,-0.46171,-0.27076,-0.84115,1396.12
quat4,-0.12100,0.87838,0.33941,0.31403,1396.12
quat5,0.00000,0.63253,0.00000,0.77454,1396.12
quat6,0.00000,0.63253,0.00000,0.77454,1396.12
quat7,0.00000,0.63253,0.00000,0.77454,1396.12
quat8,0.00000,0.63253,0.00000,0.77454,1396.12
quat0,-0.76334,0.12692,-0.63339,0.00480,1396.14
quat1,-0.20712,0.64142,0.20830,0.70873,1396.14
quat2,0.27083,-0.01043,-0.10969,-0.95630,1396.14
quat3,0.06122,-0.47150,-0.24531,-0.84485,1396.14
quat4,-0.12212,0.89143,0.29788,0.31891,1396.14
quat5,0.00000,0.63253,0.00000,0.77454,1396.14
quat6,0.00000,0.63253,0.00000,0.77454,1396.14
quat7,0.00000,0.63253,0.00000,0.77454,1396.14
quat8,0.00000,0.63253,0.00000,0.77454,1396.14
quat0,-0.75379,0.13093,-0.64385,0.01073,1396.16
quat1,-0.18383,0.64812,0.18652,0.71509,1396.16
quat2,0.23037,-0.00794,-0.09963,-0.96796,1396.16
quat3,0.04689,-0.47732,-0.22031,-0.84937,1396.16
quat4,-0.12754,0.89972,0.26029,0.32631,1396.16
quat5,0.00000,0.63253,0.00000,0.77454,1396.16
quat6,0.00000,0.63253,0.00000,0.77454,1396.16
quat7,0.00000,0.63253,0.00000,0.77454,1396.16
quat8,0.00000,0.63253,0.00000,0.77454,1396.16
quat0,-0.76795,0.11605,-0.62955,0.02129,1396.18
quat1,-0.16336,0.65220,0.16527,0.72155,1396.18
quat2,0.19325,-0.00493,-0.09118,-0.97689,1396.18
quat3,0.03320,-0.47675,-0.19603,-0.85626,1396.18
quat4,-0.13664,0.90204,0.22840,0.33984,1396.18
quat5,0.00000,0.63253,0.00000,0.77454,1396.18
quat6,0.00000,0.63253,0.00000,0.77454,1396.18
quat7,0.00000,0.63253,0.00000,0.77454,1396.18
quat8,0.00000,0.63253,0.00000,0.77454,1396.18
quat0,-0.76429,0.11749,-0.63375,0.02028,1396.2
quat1,-0.14617,0.65612,0.14573,0.72588,1396.2
quat2,0.15808,-0.00062,-0.08406,-0.98384,1396.2
quat3,0.02018,-0.46954,-0.17315,-0.86553,1396.2
quat4,-0.14750,0.90056,0.19920,0.35715,1396.2
quat5,0.00000,0.63253,0.00000,0.77454,1396.2
quat6,0.00000,0.63253,0.00000,0.77454,1396.2
quat7,0.00000,0.63253,0.00000,0.77454,1396.2
quat8,0.00000,0.63253,0.00000,0.77454,1396.2
quat0,-0.77067,0.11659,-0.62628,0.01585,1396.22
quat1,-0.13262,0.65956,0.12888,0.72855,1396.22
quat2,0.12903,0.00806,-0.07877,-0.98847,1396.22
quat3,0.00880,-0.46115,-0.15391,-0.87383,1396.22
quat4,-0.15604,0.89919,0.17600,0.36897,1396.22
quat5,0.00000,0.63253,0.00000,0.77454,1396.22
quat6,0.00000,0.63253,0.00000,0.77454,1396.22
quat7,0.00000,0.63253,0.00000,0.77454,1396.22
quat8,0.00000,0.63253,0.00000,0.77454,1396.22
quat0,-0.76921,0.09673,-0.63089,0.03054,1396.24
quat1,-0.12257,0.65986,0.11410,0.73249,1396.24
quat2,0.10637,0.01659,-0.07675,-0.99122,1396.24
quat3,0.00047,-0.45378,-0.13933,-0.88016,1396.24
quat4,-0.16062,0.89895,0.15863,0.37541,1396.24
quat5,0.00000,0.63253,0.00000,0.77454,1396.24
quat6,0.00000,0.63253,0.00000,0.77454,1396.24
quat7,0.00000,0.63253,0.00000,0.77454,1396.24
quat8,0.00000,0.63253,0.00000,0.77454,1396.24
quat0,-0.77926,0.09925,-0.61820,0.02699,1396.26
quat1,-0.11640,0.65958,0.10217,0.73551,1396.26
quat2,0.09167,0.02214,-0.07766,-0.99251,1396.26
quat3,-0.00438,-0.45052,-0.12999,-0.88324,1396.26
quat4,-0.16252,0.90158,0.14945,0.37203,1396.26
quat5,0.00000,0.63253,0.00000,0.77454,1396.26
quat6,0.00000,0.63253,0.00000,0.77454,1396.26
quat7,0.00000,0.63253,0.00000,0.77454,1396.26
quat8,0.00000,0.63253,0.00000,0.77454,1396.26
quat0,-0.78416,0.09541,-0.61259,0.02695,1396.28
quat1,-0.11430,0.65967,0.09378,0.73686,1396.28
quat2,0.08390,0.00619,-0.08210,-0.99307,1396.28
quat3,-0.00795,-0.45008,-0.12750,-0.88380,1396.28
quat4,-0.16328,0.90801,0.15059,0.35521,1396.28
quat5,0.00000,0.63253,0.00000,0.77454,1396.28
quat6,0.00000,0.63253,0.00000,0.77454,1396.28
quat7,0.00000,0.63253,0.00000,0.77454,1396.28
quat8,0.00000,0.63253,0.00000,0.77454,1396.28
quat0,-0.78430,0.11266,-0.60949,0.02661,1396.3
quat1,-0.11592,0.65783,0.09270,0.73840,1396.3
quat2,0.09021,0.01260,-0.08607,-0.99212,1396.3
quat3,-0.00932,-0.45146,-0.13129,-0.88253,1396.3
quat4,-0.16269,0.91606,0.16182,0.32892,1396.3
quat5,0.00000,0.63253,0.00000,0.77454,1396.3
quat6,0.00000,0.63253,0.00000,0.77454,1396.3
quat7,0.00000,0.63253,0.00000,0.77454,1396.3
quat8,0.00000,0.63253,0.00000,0.77454,1396.3
quat0,-0.79168,0.12085,-0.59835,0.02480,1396.32
quat1,-0.12470,0.65496,0.09856,0.73876,1396.32
quat2,0.10617,0.01410,-0.09242,-0.98994,1396.32
quat3,-0.00718,-0.45427,-0.14132,-0.87955,1396.32
quat4,-0.16038,0.92165,0.18042,0.30379,1396.32
quat5,0.00000,0.63253,0.00000,0.77454,1396.32
quat6,0.00000,0.63253,0.00000,0.77454,1396.32
quat7,0.00000,0.63253,0.00000,0.77454,1396.32
quat8,0.00000,0.63253,0.00000,0.77454,1396.32
quat0,-0.78669,0.13284,-0.60272,0.01437,1396.34
quat1,-0.14044,0.64906,0.11131,0.73933,1396.34
quat2,0.13250,0.02609,-0.09651,-0.98613,1396.34
quat3,-0.00104,-0.45686,-0.15724,-0.87553,1396.34
quat4,-0.15732,0.92193,0.20399,0.28928,1396.34
quat5,0.00000,0.63253,0.00000,0.77454,1396.34
quat6,0.00000,0.63253,0.00000,0.77454,1396.34
quat7,0.00000,0.63253,0.00000,0.77454,1396.34
quat8,0.00000,0.63253,0.00000,0.77454,1396.34
quat0,-0.78029,0.14032,-0.60938,0.01108,1396.36
quat1,-0.16074,0.64086,0.13037,0.73923,1396.36
quat2,0.16697,0.03657,-0.09741,-0.98046,1396.36
quat3,0.01067,-0.45663,-0.17790,-0.87163,1396.36
quat4,-0.15443,0.91664,0.23350,0.28530,1396.36
quat5,0.00000,0.63253,0.00000,0.77454,1396.36
quat6,0.00000,0.63253,0.00000,0.77454,1396.36
quat7,0.00000,0.63253,0.00000,0.77454,1396.36
quat8,0.00000,0.63253,0.00000,0.77454,1396.36
quat0,-0.78187,0.15309,-0.60434,0.00484,1396.38
quat1,-0.18313,0.63053,0.15454,0.73825,1396.38
quat2,0.20435,0.03317,-0.09967,-0.97324,1396.38
quat3,0.02665,-0.45470,-0.20258,-0.86689,1396.38
quat4,-0.15000,0.90899,0.26742,0.28234,1396.38
quat5,0.00000,0.63253,0.00000,0.77454,1396.38
quat6,0.00000,0.63253,0.00000,0.77454,1396.38
quat7,0.00000,0.63253,0.00000,0.77454,1396.38
quat8,0.00000,0.63253,0.00000,0.77454,1396.38
quat0,-0.77811,0.15868,-0.60774,-0.00339,1396.4
quat1,-0.20648,0.62010,0.18245,0.73455,1396.4
quat2,0.24492,0.02374,-0.10397,-0.96366,1396.4
quat3,0.04723,-0.45053,-0.23046,-0.86121,1396.4
quat4,-0.14126,0.90059,0.30575,0.27479,1396.4
quat5,0.00000,0.63253,0.00000,0.77454,1396.4
quat6,0.00000,0.63253,0.00000,0.77454,1396.4
quat7,0.00000,0.63253,0.00000,0.77454,1396.4
quat8,0.00000,0.63253,0.00000,0.77454,1396.4
quat0,-0.78091,0.16105,-0.60351,-0.00365,1396.42
quat1,-0.22981,0.61301,0.21317,0.72524,1396.42
quat2,0.28755,0.01909,-0.10808,-0.95146,1396.42
quat3,0.07096,-0.44376,-0.25977,-0.85473,1396.42
quat4,-0.12822,0.89096,0.34631,0.26423,1396.42
quat5,0.00000,0.63253,0.00000,0.77454,1396.42
quat6,0.00000,0.63253,0.00000,0.77454,1396.42
quat7,0.00000,0.63253,0.00000,0.77454,1396.42
quat8,0.00000,0.63253,0.00000,0.77454,1396.42
quat0,-0.77925,0.16771,-0.60385,-0.00200,1396.44
quat1,-0.25373,0.60724,0.24604,0.71158,1396.44
quat2,0.33312,0.01923,-0.11185,-0.93603,1396.44
quat3,0.09659,-0.43631,-0.28791,-0.84700,1396.44
quat4,-0.11479,0.87719,0.38969,0.25593,1396.44
quat5,0.00000,0.63253,0.00000,0.77454,1396.44
quat6,0.00000,0.63253,0.00000,0.77454,1396.44
quat7,0.00000,0.63253,0.00000,0.77454,1396.44
quat8,0.00000,0.63253,0.00000,0.77454,1396.44
quat0,-0.77728,0.18303,-0.60189,-0.00826,1396.46
quat1,-0.27894,0.59896,0.27765,0.69739,1396.46
quat2,0.37785,0.01928,-0.11747,-0.91818,1396.46
quat3,0.12338,-0.42776,-0.31475,-0.83829,1396.46
quat4,-0.10409,0.85960,0.43256,0.25128,1396.46
quat5,0.00000,0.63253,0.00000,0.77454,1396.46
quat6,0.00000,0.63253,0.00000,0.77454,1396.46
quat7,0.00000,0.63253,0.00000,0.77454,1396.46
quat8,0.00000,0.63253,0.00000,0.77454,1396.46
quat0,-0.77350,0.17133,-0.61018,-0.00533,1396.48
quat1,-0.30562,0.58604,0.30614,0.68516,1396.48
quat2,0.42237,0.02010,-0.12499,-0.89754,1396.48
quat3,0.14910,-0.41916,-0.34119,-0.82805,1396.48
quat4,-0.09546,0.83879,0.47582,0.24680,1396.48
quat5,0.00000,0.63253,0.00000,0.77454,1396.48
quat6,0.00000,0.63253,0.00000,0.77454,1396.48
quat7,0.00000,0.63253,0.00000,0.77454,1396.48
quat8,0.00000,0.63253,0.00000,0.77454,1396.48
quat0,-0.76891,0.18513,-0.61183,-0.01321,1396.5
quat1,-0.33391,0.56825,0.33114,0.67524,1396.5
quat2,0.46574,0.02350,-0.13335,-0.87450,1396.5
quat3,0.17329,-0.41302,-0.36754,-0.81505,1396.5
quat4,-0.08898,0.81575,0.51766,0.24219,1396.5
quat5,0.00000,0.63253,0.00000,0.77454,1396.5
quat6,0.00000,0.63253,0.00000,0.77454,1396.5
quat7,0.00000,0.63253,0.00000,0.77454,1396.5
quat8,0.00000,0.63253,0.00000,0.77454,1396.5
quat0,-0.76290,0.18069,-0.62062,-0.01248,1396.52
quat1,-0.36322,0.54915,0.35318,0.66466,1396.52
quat2,0.50791,0.02953,-0.14170,-0.84916,1396.52
quat3,0.19502,-0.41026,-0.39480,-0.79861,1396.52
quat4,-0.08346,0.79085,0.55834,0.23633,1396.52
quat5,0.00000,0.63253,0.00000,0.77454,1396.52
quat6,0.00000,0.63253,0.00000,0.77454,1396.52
quat7,0.00000,0.63253,0.00000,0.77454,1396.52
quat8,0.00000,0.63253,0.00000,0.77454,1396.52
quat0,-0.76254,0.17771,-0.62194,-0.01182,1396.54
quat1,-0.39302,0.53025,0.37169,0.65285,1396.54
quat2,0.54794,0.03701,-0.14949,-0.82222,1396.54
quat3,0.21229,-0.40961,-0.42283,-0.77998,1396.54
quat4,-0.07883,0.76528,0.59650,0.22872,1396.54
quat5,0.00000,0.63253,0.00000,0.77454,1396.54
quat6,0.00000,0.63253,0.00000,0.77454,1396.54
quat7,0.00000,0.63253,0.00000,0.77454,1396.54
quat8,0.00000,0.63253,0.00000,0.77454,1396.54
quat0,-0.76773,0.16115,-0.62017,-0.00415,1396.56
quat1,-0.42120,0.51238,0.38802,0.63993,1396.56
quat2,0.58617,0.04543,-0.15645,-0.79364,1396.56
quat3,0.22614,-0.40852,-0.45139,-0.76041,1396.56
quat4,-0.07373,0.73899,0.63296,0.21867,1396.56
quat5,0.00000,0.63253,0.00000,0.77454,1396.56
quat6,0.00000,0.63253,0.00000,0.77454,1396.56
quat7,0.00000,0.63253,0.00000,0.77454,1396.56
quat8,0.00000,0.63253,0.00000,0.77454,1396.56
quat0,-0.76187,0.17316,-0.62409,-0.00925,1396.58
quat1,-0.44667,0.49574,0.40340,0.62609,1396.58
quat2,0.62235,0.05448,-0.16198,-0.76385,1396.58
quat3,0.23796,-0.40745,-0.47888,-0.74029,1396.58
quat4,-0.06834,0.71271,0.66686,0.20656,1396.58
quat5,0.00000,0.63253,0.00000,0.77454,1396.58
quat6,0.00000,0.63253,0.00000,0.77454,1396.58
quat7,0.00000,0.63253,0.00000,0.77454,1396.58
quat8,0.00000,0.63253,0.00000,0.77454,1396.58
quat0,-0.75445,0.16031,-0.63646,-0.00461,1396.6
quat1,-0.46926,0.48127,0.41751,0.61144,1396.6
quat2,0.65628,0.06318,-0.16636,-0.73324,1396.6
quat3,0.24723,-0.40506,-0.50554,-0.72058,1396.6
quat4,-0.06327,0.68647,0.69839,0.19237,1396.6
quat5,0.00000,0.63253,0.00000,0.77454,1396.6
quat6,0.00000,0.63253,0.00000,0.77454,1396.6
quat7,0.00000,0.63253,0.00000,0.77454,1396.6
quat8,0.00000,0.63253,0.00000,0.77454,1396.6
quat0,-0.77022,0.15309,-0.61912,-0.00226,1396.62
quat1,-0.48821,0.46995,0.43026,0.59638,1396.62
quat2,0.68752,0.07049,-0.17066,-0.70230,1396.62
quat3,0.25339,-0.40140,-0.52961,-0.70299,1396.62
quat4,-0.05914,0.66022,0.72744,0.17730,1396.62
quat5,0.00000,0.63253,0.00000,0.77454,1396.62
quat6,0.00000,0.63253,0.00000,0.77454,1396.62
quat7,0.00000,0.63253,0.00000,0.77454,1396.62
quat8,0.00000,0.63253,0.00000,0.77454,1396.62
quat0,-0.76908,0.15216,-0.62078,-0.00245,1396.64
quat1,-0.50324,0.46267,0.44164,0.58107,1396.64
quat2,0.71558,0.07597,-0.17619,-0.67167,1396.64
quat3,0.25740,-0.39722,-0.55202,-0.68647,1396.64
quat4,-0.05752,0.63376,0.75417,0.16210,1396.64
quat5,0.00000,0.63253,0.00000,0.77454,1396.64
quat6,0.00000,0.63253,0.00000,0.77454,1396.64
quat7,0.00000,0.63253,0.00000,0.77454,1396.64
quat8,0.00000,0.63253,0.00000,0.77454,1396.64
quat0,-0.76830,0.14362,-0.62366,0.01116,1396.66
quat1,-0.51456,0.45838,0.45245,0.56605,1396.66
quat2,0.74061,0.07988,-0.18325,-0.64151,1396.66
quat3,0.25878,-0.39381,-0.57223,-0.67119,1396.66
quat4,-0.05944,0.60713,0.77837,0.14830,1396.66
quat5,0.00000,0.63253,0.00000,0.77454,1396.66
quat6,0.00000,0.63253,0.00000,0.77454,1396.66
quat7,0.00000,0.63253,0.00000,0.77454,1396.66
quat8,0.00000,0.63253,0.00000,0.77454,1396.66
quat0,-0.76852,0.13905,-0.62442,0.01193,1396.68
quat1,-0.52521,0.45449,0.45971,0.55340,1396.68
quat2,0.76299,0.08139,-0.19082,-0.61222,1396.68
quat3,0.25730,-0.39037,-0.59105,-0.65732,1396.68
quat4,-0.06507,0.58128,0.79960,0.13608,1396.68
quat5,0.00000,0.63253,0.00000,0.77454,1396.68
quat6,0.00000,0.63253,0.00000,0.77454,1396.68
quat7,0.00000,0.63253,0.00000,0.77454,1396.68
quat8,0.00000,0.63253,0.00000,0.77454,1396.68
quat0,-0.77386,0.14698,-0.61601,0.00842,1396.7
quat1,-0.53607,0.45002,0.46390,0.54305,1396.7
quat2,0.78230,0.08063,-0.20004,-0.58437,1396.7
quat3,0.25415,-0.38650,-0.60910,-0.64422,1396.7
quat4,-0.07271,0.55705,0.81793,0.12411,1396.7
quat5,0.00000,0.63253,0.00000,0.77454,1396.7
quat6,0.00000,0.63253,0.00000,0.77454,1396.7
quat7,0.00000,0.63253,0.00000,0.77454,1396.7
quat8,0.00000,0.63253,0.00000,0.77454,1396.7
quat0,-0.76977,0.14338,-0.62193,0.01026,1396.72
quat1,-0.54641,0.44320,0.46497,0.53742,1396.72
quat2,0.79775,0.07699,-0.21172,-0.55932,1396.72
quat3,0.25020,-0.38415,-0.62427,-0.63255,1396.72
quat4,-0.08046,0.53551,0.83307,0.11294,1396.72
quat5,0.00000,0.63253,0.00000,0.77454,1396.72
quat6,0.00000,0.63253,0.00000,0.77454,1396.72
quat7,0.00000,0.63253,0.00000,0.77454,1396.72
quat8,0.00000,0.63253,0.00000,0.77454,1396.72
quat0,-0.76975,0.13765,-0.62310,0.01688,1396.74
quat1,-0.55496,0.43747,0.46628,0.53219,1396.74
quat2,0.80988,0.07112,-0.22522,-0.53694,1396.74
quat3,0.24909,-0.38132,-0.63587,-0.62307,1396.74
quat4,-0.08752,0.51636,0.84559,0.10340,1396.74
quat5,0.00000,0.63253,0.00000,0.77454,1396.74
quat6,0.00000,0.63253,0.00000,0.77454,1396.74
quat7,0.00000,0.63253,0.00000,0.77454,1396.74
quat8,0.00000,0.63253,0.00000,0.77454,1396.74
quat0,-0.76951,0.13525,-0.62394,0.01633,1396.76
quat1,-0.56041,0.43306,0.46937,0.52734,1396.76
quat2,0.81847,0.06395,-0.23966,-0.51825,1396.76
quat3,0.25060,-0.37803,-0.64439,-0.61567,1396.76
quat4,-0.09361,0.50060,0.85525,0.09584,1396.76
quat5,0.00000,0.63253,0.00000,0.77454,1396.76
quat6,0.00000,0.63253,0.00000,0.77454,1396.76
quat7,0.00000,0.63253,0.00000,0.77454,1396.76
quat8,0.00000,0.63253,0.00000,0.77454,1396.76
quat0,-0.77190,0.14480,-0.61893,0.01116,1396.78
quat1,-0.56226,0.43033,0.47452,0.52299,1396.78
quat2,0.82455,0.05734,-0.25211,-0.50326,1396.78
quat3,0.25391,-0.37431,-0.65002,-0.61065,1396.78
quat4,-0.09754,0.48816,0.86261,0.08991,1396.78
quat5,0.00000,0.63253,0.00000,0.77454,1396.78
quat6,0.00000,0.63253,0.00000,0.77454,1396.78
quat7,0.00000,0.63253,0.00000,0.77454,1396.78
quat8,0.00000,0.63253,0.00000,0.77454,1396.78
quat0,-0.76889,0.13978,-0.62379,0.01235,1396.8
quat1,-0.56246,0.43025,0.47982,0.51797,1396.8
quat2,0.82941,0.05262,-0.25969,-0.49181,1396.8
quat3,0.25623,-0.37214,-0.65393,-0.60682,1396.8
quat4,-0.09988,0.47927,0.86767,0.08650,1396.8
quat5,0.00000,0.63253,0.00000,0.77454,1396.8
quat6,0.00000,0.63253,0.00000,0.77454,1396.8
quat7,0.00000,0.63253,0.00000,0.77454,1396.8
quat8,0.00000,0.63253,0.00000,0.77454,1396.8
quat0,-0.77376,0.14135,-0.61744,0.00907,1396.82
quat1,-0.56173,0.43090,0.48319,0.51509,1396.82
quat2,0.83234,0.04834,-0.26407,-0.48491,1396.82
quat3,0.25726,-0.37179,-0.65566,-0.60474,1396.82
quat4,-0.10168,0.47396,0.87048,0.08536,1396.82
quat5,0.00000,0.63253,0.00000,0.77454,1396.82
quat6,0.00000,0.63253,0.00000,0.77454,1396.82
quat7,0.00000,0.63253,0.00000,0.77454,1396.82
quat8,0.00000,0.63253,0.00000,0.77454,1396.82
quat0,-0.77082,0.14198,-0.62098,0.00848,1396.84
quat1,-0.56094,0.43076,0.48389,0.51541,1396.84
quat2,0.83227,0.04400,-0.26808,-0.48325,1396.84
quat3,0.25803,-0.37223,-0.65471,-0.60516,1396.84
quat4,-0.10373,0.47222,0.87108,0.08643,1396.84
quat5,0.00000,0.63253,0.00000,0.77454,1396.84
quat6,0.00000,0.63253,0.00000,0.77454,1396.84
quat7,0.00000,0.63253,0.00000,0.77454,1396.84
quat8,0.00000,0.63253,0.00000,0.77454,1396.84
quat0,-0.77326,0.14239,-0.61787,0.00628,1396.86
quat1,-0.56008,0.43170,0.48217,0.51716,1396.86
quat2,0.83012,0.04011,-0.27006,-0.48618,1396.86
quat3,0.25779,-0.37294,-0.65174,-0.60802,1396.86
quat4,-0.10579,0.47457,0.86922,0.08974,1396.86
quat5,0.00000,0.63253,0.00000,0.77454,1396.86
quat6,0.00000,0.63253,0.00000,0.77454,1396.86
quat7,0.00000,0.63253,0.00000,0.77454,1396.86
quat8,0.00000,0.63253,0.00000,0.77454,1396.86
quat0,-0.76927,0.14429,-0.62238,0.00700,1396.88
quat1,-0.55766,0.43421,0.47941,0.52024,1396.88
quat2,0.82636,0.03699,-0.26875,-0.49349,1396.88
quat3,0.25599,-0.37513,-0.64694,-0.61254,1396.88
quat4,-0.10683,0.48054,0.86524,0.09503,1396.88
quat5,0.00000,0.63253,0.00000,0.77454,1396.88
quat6,0.00000,0.63253,0.00000,0.77454,1396.88
quat7,0.00000,0.63253,0.00000,0.77454,1396.88
quat8,0.00000,0.63253,0.00000,0.77454,1396.88
quat0,-0.76760,0.15096,-0.62289,0.00317,1396.9
quat1,-0.55389,0.43771,0.47582,0.52460,1396.9
quat2,0.82069,0.03397,-0.26458,-0.50528,1396.9
quat3,0.25367,-0.37698,-0.63995,-0.61968,1396.9
quat4,-0.10682,0.48971,0.85929,0.10197,1396.9
quat5,0.00000,0.63253,0.00000,0.77454,1396.9
quat6,0.00000,0.63253,0.00000,0.77454,1396.9
quat7,0.00000,0.63253,0.00000,0.77454,1396.9
quat8,0.00000,0.63253,0.00000,0.77454,1396.9
quat0,-0.76443,0.15622,-0.62549,-0.00128,1396.92
quat1,-0.54879,0.44160,0.47108,0.53094,1396.92
quat2,0.81329,0.03113,-0.25832,-0.52044,1396.92
quat3,0.25095,-0.37922,-0.63080,-0.62874,1396.92
quat4,-0.10664,0.50159,0.85136,0.11054,1396.92
quat5,0.00000,0.63253,0.00000,0.77454,1396.92
quat6,0.00000,0.63253,0.00000,0.77454,1396.92
quat7,0.00000,0.63253,0.00000,0.77454,1396.92
quat8,0.00000,0.63253,0.00000,0.77454,1396.92
quat0,-0.76259,0.16250,-0.62611,-0.00592,1396.94
quat1,-0.54221,0.44656,0.46564,0.53830,1396.94
quat2,0.80389,0.02778,-0.25069,-0.53865,1396.94
quat3,0.24840,-0.38209,-0.61906,-0.63958,1396.94
quat4,-0.10596,0.51616,0.84124,0.12107,1396.94
quat5,0.00000,0.63253,0.00000,0.77454,1396.94
quat6,0.00000,0.63253,0.00000,0.77454,1396.94
quat7,0.00000,0.63253,0.00000,0.77454,1396.94
quat8,0.00000,0.63253,0.00000,0.77454,1396.94
quat0,-0.76176,0.16259,-0.62712,-0.00270,1396.96
quat1,-0.53387,0.45209,0.46027,0.54657,1396.96
quat2,0.79217,0.02359,-0.24307,-0.55931,1396.96
quat3,0.24589,-0.38485,-0.60554,-0.65173,1396.96
quat4,-0.10479,0.53299,0.82899,0.13308,1396.96
quat5,0.00000,0.63253,0.00000,0.77454,1396.96
quat6,0.00000,0.63253,0.00000,0.77454,1396.96
quat7,0.00000,0.63253,0.00000,0.77454,1396.96
quat8,0.00000,0.63253,0.00000,0.77454,1396.96
quat0,-0.75528,0.18374,-0.62883,-0.01900,1396.98
quat1,-0.52393,0.45969,0.45418,0.55489,1396.98
quat2,0.77758,0.01782,-0.23612,-0.58249,1396.98
quat3,0.24435,-0.38771,-0.58885,-0.66576,1396.98
quat4,-0.10409,0.55170,0.81431,0.14728,1396.98
quat5,0.00000,0.63253,0.00000,0.77454,1396.98
quat6,0.00000,0.63253,0.00000,0.77454,1396.98
quat7,0.00000,0.63253,0.00000,0.77454,1396.98
quat8,0.00000,0.63253,0.00000,0.77454,1396.98
quat0,-0.75640,0.19142,-0.62520,-0.01837,1397
quat1,-0.51041,0.46763,0.44895,0.56502,1397
quat2,0.75967,0.01007,-0.23153,-0.60762,1397
quat3,0.24222,-0.39109,-0.57039,-0.68047,1397
quat4,-0.10504,0.57114,0.79736,0.16424,1397
quat5,0.00000,0.63253,0.00000,0.77454,1397
quat6,0.00000,0.63253,0.00000,0.77454,1397
quat7,0.00000,0.63253,0.00000,0.77454,1397
quat8,0.00000,0.63253,0.00000,0.77454,1397
quat0,-0.75416,0.18631,-0.62948,-0.01694,1397.02
quat1,-0.49564,0.47830,0.44178,0.57480,1397.02
quat2,0.73814,-0.00023,-0.22972,-0.63433,1397.02
quat3,0.24089,-0.39685,-0.54995,-0.69429,1397.02
quat4,-0.10781,0.59135,0.77743,0.18518,1397.02
quat5,0.00000,0.63253,0.00000,0.77454,1397.02
quat6,0.00000,0.63253,0.00000,0.77454,1397.02
quat7,0.00000,0.63253,0.00000,0.77454,1397.02
quat8,0.00000,0.63253,0.00000,0.77454,1397.02
quat0,-0.76272,0.17920,-0.62125,-0.01375,1397.04
quat1,-0.47958,0.49211,0.43292,0.58344,1397.04
quat2,0.71391,-0.01215,-0.22848,-0.66181,1397.04
quat3,0.24151,-0.40204,-0.52722,-0.70857,1397.04
quat4,-0.10976,0.61299,0.75427,0.20801,1397.04
quat5,0.00000,0.63253,0.00000,0.77454,1397.04
quat6,0.00000,0.63253,0.00000,0.77454,1397.04
quat7,0.00000,0.63253,0.00000,0.77454,1397.04
quat8,0.00000,0.63253,0.00000,0.77454,1397.04
quat0,-0.76056,0.17545,-0.62504,-0.00989,1397.06
quat1,-0.45985,0.50865,0.42402,0.59163,1397.06
quat2,0.68819,-0.02414,-0.22466,-0.68945,1397.06
quat3,0.24314,-0.40054,-0.49854,-0.72932,1397.06
quat4,-0.11123,0.63583,0.72732,0.23314,1397.06
quat5,0.00000,0.63253,0.00000,0.77454,1397.06
quat6,0.00000,0.63253,0.00000,0.77454,1397.06
quat7,0.00000,0.63253,0.00000,0.77454,1397.06
quat8,0.00000,0.63253,0.00000,0.77454,1397.06
quat0,-0.76600,0.17371,-0.61884,-0.01011,1397.08
quat1,-0.43765,0.52614,0.41346,0.60058,1397.08
quat2,0.66090,-0.03594,-0.21929,-0.71682,1397.08
quat3,0.23951,-0.39599,-0.46824,-0.75272,1397.08
quat4,-0.11239,0.65894,0.69724,0.25889,1397.08
quat5,0.00000,0.63253,0.00000,0.77454,1397.08
quat6,0.00000,0.63253,0.00000,0.77454,1397.08
quat7,0.00000,0.63253,0.00000,0.77454,1397.08
quat8,0.00000,0.63253,0.00000,0.77454,1397.08
quat0,-0.76808,0.18957,-0.61140,-0.01749,1397.1
quat1,-0.41469,0.54351,0.40037,0.61019,1397.1
quat2,0.63083,-0.04890,-0.21454,-0.74407,1397.1
quat3,0.23102,-0.39538,-0.43966,-0.77266,1397.1
quat4,-0.11106,0.68336,0.66476,0.28066,1397.1
quat5,0.00000,0.63253,0.00000,0.77454,1397.1
quat6,0.00000,0.63253,0.00000,0.77454,1397.1
quat7,0.00000,0.63253,0.00000,0.77454,1397.1
quat8,0.00000,0.63253,0.00000,0.77454,1397.1
quat0,-0.76420,0.16938,-0.62234,-0.00087,1397.12
quat1,-0.39160,0.56072,0.38495,0.61973,1397.12
quat2,0.59788,-0.06089,-0.20851,-0.77159,1397.12
quat3,0.21777,-0.39851,-0.41442,-0.78868,1397.12
quat4,-0.10761,0.70889,0.62949,0.29939,1397.12
quat5,0.00000,0.63253,0.00000,0.77454,1397.12
quat6,0.00000,0.63253,0.00000,0.77454,1397.12
quat7,0.00000,0.63253,0.00000,0.77454,1397.12
quat8,0.00000,0.63253,0.00000,0.77454,1397.12
quat0,-0.76586,0.16438,-0.62160,-0.00645,1397.14
quat1,-0.36765,0.57851,0.36744,0.62860,1397.14
quat2,0.56426,-0.06928,-0.19840,-0.79840,1397.14
quat3,0.19988,-0.40189,-0.39027,-0.80388,1397.14
quat4,-0.10473,0.73415,0.59178,0.31599,1397.14
quat5,0.00000,0.63253,0.00000,0.77454,1397.14
quat6,0.00000,0.63253,0.00000,0.77454,1397.14
quat7,0.00000,0.63253,0.00000,0.77454,1397.14
quat8,0.00000,0.63253,0.00000,0.77454,1397.14
quat0,-0.76980,0.17848,-0.61272,-0.01128,1397.16
quat1,-0.34213,0.59598,0.34958,0.63683,1397.16
quat2,0.52846,-0.07446,-0.18609,-0.82496,1397.16
quat3,0.18068,-0.40641,-0.36585,-0.81752,1397.16
quat4,-0.10180,0.75964,0.55213,0.32822,1397.16
quat5,0.00000,0.63253,0.00000,0.77454,1397.16
quat6,0.00000,0.63253,0.00000,0.77454,1397.16
quat7,0.00000,0.63253,0.00000,0.77454,1397.16
quat8,0.00000,0.63253,0.00000,0.77454,1397.16
quat0,-0.76708,0.17269,-0.61788,-0.00189,1397.18
quat1,-0.31789,0.60949,0.33149,0.64621,1397.18
quat2,0.49049,-0.07785,-0.17217,-0.85072,1397.18
quat3,0.15987,-0.41223,-0.34242,-0.82901,1397.18
quat4,-0.09824,0.78466,0.51216,0.33519,1397.18
quat5,0.00000,0.63253,0.00000,0.77454,1397.18
quat6,0.00000,0.63253,0.00000,0.77454,1397.18
quat7,0.00000,0.63253,0.00000,0.77454,1397.18
quat8,0.00000,0.63253,0.00000,0.77454,1397.18
quat0,-0.76711,0.15688,-0.62202,0.00530,1397.2
quat1,-0.29709,0.61941,0.31001,0.65724,1397.2
quat2,0.45085,-0.07799,-0.15646,-0.87531,1397.2
quat3,0.13829,-0.41806,-0.31918,-0.83918,1397.2
quat4,-0.09787,0.80684,0.47050,0.34360,1397.2
quat5,0.00000,0.63253,0.00000,0.77454,1397.2
quat6,0.00000,0.63253,0.00000,0.77454,1397.2
quat7,0.00000,0.63253,0.00000,0.77454,1397.2
quat8,0.00000,0.63253,0.00000,0.77454,1397.2
quat0,-0.77376,0.15962,-0.61300,0.00608,1397.22
quat1,-0.27697,0.62812,0.28657,0.66831,1397.22
quat2,0.41129,-0.07051,-0.13843,-0.89817,1397.22
quat3,0.11933,-0.42046,-0.29410,-0.84999,1397.22
quat4,-0.09989,0.82531,0.42888,0.35348,1397.22
quat5,0.00000,0.63253,0.00000,0.77454,1397.22
quat6,0.00000,0.63253,0.00000,0.77454,1397.22
quat7,0.00000,0.63253,0.00000,0.77454,1397.22
quat8,0.00000,0.63253,0.00000,0.77454,1397.22
quat0,-0.76946,0.16179,-0.61787,0.00206,1397.24
quat1,-0.25520,0.63694,0.26386,0.67791,1397.24
quat2,0.36984,-0.06061,-0.12143,-0.91913,1397.24
quat3,0.10088,-0.42219,-0.26833,-0.85999,1397.24
quat4,-0.10266,0.84216,0.38647,0.36176,1397.24
quat5,0.00000,0.63253,0.00000,0.77454,1397.24
quat6,0.00000,0.63253,0.00000,0.77454,1397.24
quat7,0.00000,0.63253,0.00000,0.77454,1397.24
quat8,0.00000,0.63253,0.00000,0.77454,1397.24
quat0,-0.76871,0.15490,-0.62054,0.00481,1397.26
quat1,-0.23203,0.64330,0.24044,0.68885,1397.26
quat2,0.32737,-0.05562,-0.10690,-0.93718,1397.26
quat3,0.08156,-0.42391,-0.24321,-0.86862,1397.26
quat4,-0.10716,0.85607,0.34596,0.36873,1397.26
quat5,0.00000,0.63253,0.00000,0.77454,1397.26
quat6,0.00000,0.63253,0.00000,0.77454,1397.26
quat7,0.00000,0.63253,0.00000,0.77454,1397.26
quat8,0.00000,0.63253,0.00000,0.77454,1397.26
quat0,-0.76864,0.14592,-0.62264,0.01454,1397.28
quat1,-0.20881,0.64791,0.21560,0.70009,1397.28
quat2,0.28306,-0.05438,-0.09472,-0.95286,1397.28
quat3,0.06251,-0.42442,-0.21837,-0.87651,1397.28
quat4,-0.11286,0.86774,0.30501,0.37585,1397.28
quat5,0.00000,0.63253,0.00000,0.77454,1397.28
quat6,0.00000,0.63253,0.00000,0.77454,1397.28
quat7,0.00000,0.63253,0.00000,0.77454,1397.28
quat8,0.00000,0.63253,0.00000,0.77454,1397.28
quat0,-0.77908,0.13829,-0.61126,0.01622,1397.3
quat1,-0.18523,0.65361,0.19349,0.70785,1397.3
quat2,0.24012,-0.04947,-0.08401,-0.96584,1397.3
quat3,0.04429,-0.42254,-0.19571,-0.88386,1397.3
quat4,-0.11729,0.87815,0.26538,0.38036,1397.3
quat5,0.00000,0.63253,0.00000,0.77454,1397.3
quat6,0.00000,0.63253,0.00000,0.77454,1397.3
quat7,0.00000,0.63253,0.00000,0.77454,1397.3
quat8,0.00000,0.63253,0.00000,0.77454,1397.3
quat0,-0.76921,0.14264,-0.62264,0.01694,1397.32
quat1,-0.16021,0.66248,0.17360,0.71085,1397.32
quat2,0.19903,-0.04221,-0.07441,-0.97625,1397.32
quat3,0.02782,-0.41957,-0.17484,-0.89029,1397.32
quat4,-0.12020,0.88857,0.22653,0.38035,1397.32
quat5,0.00000,0.63253,0.00000,0.77454,1397.32
quat6,0.00000,0.63253,0.00000,0.77454,1397.32
quat7,0.00000,0.63253,0.00000,0.77454,1397.32
quat8,0.00000,0.63253,0.00000,0.77454,1397.32
quat0,-0.77885,0.13122,-0.61244,0.03321,1397.34
quat1,-0.13830,0.66654,0.15277,0.71642,1397.34
quat2,0.16044,-0.03499,-0.06552,-0.98425,1397.34
quat3,0.01268,-0.41813,-0.15646,-0.89472,1397.34
quat4,-0.12238,0.89745,0.19223,0.37770,1397.34
quat5,0.00000,0.63253,0.00000,0.77454,1397.34
quat6,0.00000,0.63253,0.00000,0.77454,1397.34
quat7,0.00000,0.63253,0.00000,0.77454,1397.34
quat8,0.00000,0.63253,0.00000,0.77454,1397.34
quat0,-0.77413,0.12475,-0.61979,0.03186,1397.36
quat1,-0.12025,0.66767,0.13378,0.72240,1397.36
quat2,0.12631,-0.02647,-0.05800,-0.98994,1397.36
quat3,-0.00175,-0.41788,-0.13939,-0.89775,1397.36
quat4,-0.12499,0.90431,0.16048,0.37530,1397.36
quat5,0.00000,0.63253,0.00000,0.77454,1397.36
quat6,0.00000,0.63253,0.00000,0.77454,1397.36
quat7,0.00000,0.63253,0.00000,0.77454,1397.36
quat8,0.00000,0.63253,0.00000,0.77454,1397.36
quat0,-0.77461,0.12664,-0.61867,0.03465,1397.38
quat1,-0.10591,0.66733,0.11884,0.72755,1397.38
quat2,0.09867,-0.01962,-0.05331,-0.99350,1397.38
quat3,-0.01428,-0.42029,-0.12513,-0.89861,1397.38
quat4,-0.12700,0.91144,0.13446,0.36751,1397.38
quat5,0.00000,0.63253,0.00000,0.77454,1397.38
quat6,0.00000,0.63253,0.00000,0.77454,1397.38
quat7,0.00000,0.63253,0.00000,0.77454,1397.38
quat8,0.00000,0.63253,0.00000,0.77454,1397.38
quat0,-0.76866,0.11187,-0.62845,0.04127,1397.4
quat1,-0.09677,0.66524,0.10857,0.73233,1397.4
quat2,0.07723,-0.01459,-0.05004,-0.99565,1397.4
quat3,-0.02362,-0.42446,-0.11486,-0.89782,1397.4
quat4,-0.13414,0.91708,0.11866,0.35621,1397.4
quat5,0.00000,0.63253,0.00000,0.77454,1397.4
quat6,0.00000,0.63253,0.00000,0.77454,1397.4
quat7,0.00000,0.63253,0.00000,0.77454,1397.4
quat8,0.00000,0.63253,0.00000,0.77454,1397.4
quat0,-0.77203,0.12047,-0.62289,0.03830,1397.42
quat1,-0.09211,0.65903,0.10452,0.73910,1397.42
quat2,0.06623,-0.03633,-0.04534,-0.99611,1397.42
quat3,-0.03073,-0.42945,-0.10995,-0.89585,1397.42
quat4,-0.13915,0.90584,0.10942,0.38487,1397.42
quat5,0.00000,0.63253,0.00000,0.77454,1397.42
quat6,0.00000,0.63253,0.00000,0.77454,1397.42
quat7,0.00000,0.63253,0.00000,0.77454,1397.42
quat8,0.00000,0.63253,0.00000,0.77454,1397.42
quat0,-0.77100,0.11678,-0.62516,0.03308,1397.44
quat1,-0.09121,0.64812,0.10807,0.74829,1397.44
quat2,0.06820,-0.03885,-0.04489,-0.99590,1397.44
quat3,-0.03384,-0.43264,-0.11252,-0.89388,1397.44
quat4,-0.14051,0.89313,0.10786,0.41345,1397.44
quat5,0.00000,0.63253,0.00000,0.77454,1397.44
quat6,0.00000,0.63253,0.00000,0.77454,1397.44
quat7,0.00000,0.63253,0.00000,0.77454,1397.44
quat8,0.00000,0.63253,0.00000,0.77454,1397.44
quat0,-0.77070,0.13384,-0.62244,0.02593,1397.46
quat1,-0.09719,0.63888,0.11791,0.75398,1397.46
quat2,0.07973,-0.03581,-0.04414,-0.99519,1397.46
quat3,-0.03294,-0.43177,-0.12249,-0.89302,1397.46
quat4,-0.14091,0.89138,0.12246,0.41302,1397.46
quat5,0.00000,0.63253,0.00000,0.77454,1397.46
quat6,0.00000,0.63253,0.00000,0.77454,1397.46
quat7,0.00000,0.63253,0.00000,0.77454,1397.46
quat8,0.00000,0.63253,0.00000,0.77454,1397.46
quat0,-0.77066,0.12598,-0.62391,0.03088,1397.48
quat1,-0.10978,0.62899,0.13323,0.75801,1397.48
quat2,0.10431,-0.01569,-0.04199,-0.99353,1397.48
quat3,-0.02698,-0.43329,-0.13923,-0.89003,1397.48
quat4,-0.13003,0.91440,0.14408,0.35526,1397.48
quat5,0.00000,0.63253,0.00000,0.77454,1397.48
quat6,0.00000,0.63253,0.00000,0.77454,1397.48
quat7,0.00000,0.63253,0.00000,0.77454,1397.48
quat8,0.00000,0.63253,0.00000,0.77454,1397.48
quat0,-0.76425,0.14222,-0.62878,0.01825,1397.5
quat1,-0.12847,0.61830,0.15205,0.76031,1397.5
quat2,0.13337,0.00067,-0.03906,-0.99030,1397.5
quat3,-0.01705,-0.43734,-0.16214,-0.88440,1397.5
quat4,-0.11522,0.93048,0.16574,0.30572,1397.5
quat5,0.00000,0.63253,0.00000,0.77454,1397.5
quat6,0.00000,0.63253,0.00000,0.77454,1397.5
quat7,0.00000,0.63253,0.00000,0.77454,1397.5
quat8,0.00000,0.63253,0.00000,0.77454,1397.5
quat0,-0.76621,0.14230,-0.62635,0.01879,1397.52
quat1,-0.15137,0.61115,0.17239,0.75754,1397.52
quat2,0.16371,-0.00586,-0.04443,-0.98549,1397.52
quat3,-0.00239,-0.44328,-0.18953,-0.87612,1397.52
quat4,-0.10244,0.93307,0.19196,0.28644,1397.52
quat5,0.00000,0.63253,0.00000,0.77454,1397.52
quat6,0.00000,0.63253,0.00000,0.77454,1397.52
quat7,0.00000,0.63253,0.00000,0.77454,1397.52
quat8,0.00000,0.63253,0.00000,0.77454,1397.52
quat0,-0.76914,0.15535,-0.61981,0.01084,1397.54
quat1,-0.17436,0.60660,0.19457,0.75085,1397.54
quat2,0.19691,-0.01620,-0.05454,-0.97877,1397.54
quat3,0.01501,-0.44965,-0.21634,-0.86648,1397.54
quat4,-0.09342,0.92562,0.22335,0.29088,1397.54
quat5,0.00000,0.63253,0.00000,0.77454,1397.54
quat6,0.00000,0.63253,0.00000,0.77454,1397.54
quat7,0.00000,0.63253,0.00000,0.77454,1397.54
quat8,0.00000,0.63253,0.00000,0.77454,1397.54
quat0,-0.76728,0.15711,-0.62173,0.00603,1397.56
quat1,-0.19749,0.60292,0.21856,0.74143,1397.56
quat2,0.23681,-0.01286,-0.06411,-0.96935,1397.56
quat3,0.03606,-0.44940,-0.24256,-0.85902,1397.56
quat4,-0.08765,0.91258,0.26110,0.30222,1397.56
quat5,0.00000,0.63253,0.00000,0.77454,1397.56
quat6,0.00000,0.63253,0.00000,0.77454,1397.56
quat7,0.00000,0.63253,0.00000,0.77454,1397.56
quat8,0.00000,0.63253,0.00000,0.77454,1397.56
quat0,-0.76696,0.15979,-0.62148,-0.00261,1397.58
quat1,-0.22083,0.59862,0.24432,0.73020,1397.58
quat2,0.27955,-0.00264,-0.07329,-0.95733,1397.58
quat3,0.06096,-0.44078,-0.26770,-0.85460,1397.58
quat4,-0.08235,0.89898,0.30318,0.30518,1397.58
quat5,0.00000,0.63253,0.00000,0.77454,1397.58
quat6,0.00000,0.63253,0.00000,0.77454,1397.58
quat7,0.00000,0.63253,0.00000,0.77454,1397.58
quat8,0.00000,0.63253,0.00000,0.77454,1397.58
quat0,-0.76506,0.16466,-0.62255,-0.00187,1397.6
quat1,-0.24601,0.59202,0.26981,0.71847,1397.6
quat2,0.32394,0.00582,-0.08340,-0.94238,1397.6
quat3,0.08851,-0.42839,-0.29145,-0.85071,1397.6
quat4,-0.07550,0.88510,0.34859,0.29897,1397.6
quat5,0.00000,0.63253,0.00000,0.77454,1397.6
quat6,0.00000,0.63253,0.00000,0.77454,1397.6
quat7,0.00000,0.63253,0.00000,0.77454,1397.6
quat8,0.00000,0.63253,0.00000,0.77454,1397.6
quat0,-0.76391,0.17215,-0.62179,-0.01350,1397.62
quat1,-0.27340,0.58058,0.29361,0.70850,1397.62
quat2,0.36675,0.01131,-0.09422,-0.92547,1397.62
quat3,0.11701,-0.41596,-0.31453,-0.84520,1397.62
quat4,-0.07007,0.86903,0.39452,0.29024,1397.62
quat5,0.00000,0.63253,0.00000,0.77454,1397.62
quat6,0.00000,0.63253,0.00000,0.77454,1397.62
quat7,0.00000,0.63253,0.00000,0.77454,1397.62
quat8,0.00000,0.63253,0.00000,0.77454,1397.62
quat0,-0.76523,0.16080,-0.62321,-0.01307,1397.64
quat1,-0.30209,0.56588,0.31496,0.69951,1397.64
quat2,0.40977,0.01630,-0.10554,-0.90591,1397.64
quat3,0.14375,-0.40850,-0.33889,-0.83524,1397.64
quat4,-0.06756,0.84933,0.44117,0.28186,1397.64
quat5,0.00000,0.63253,0.00000,0.77454,1397.64
quat6,0.00000,0.63253,0.00000,0.77454,1397.64
quat7,0.00000,0.63253,0.00000,0.77454,1397.64
quat8,0.00000,0.63253,0.00000,0.77454,1397.64
quat0,-0.75802,0.16821,-0.62983,-0.02079,1397.66
quat1,-0.33054,0.55030,0.33423,0.69008,1397.66
quat2,0.45143,0.02174,-0.11679,-0.88436,1397.66
quat3,0.16659,-0.40702,-0.36484,-0.82066,1397.66
quat4,-0.06907,0.82668,0.48629,0.27449,1397.66
quat5,0.00000,0.63253,0.00000,0.77454,1397.66
quat6,0.00000,0.63253,0.00000,0.77454,1397.66
quat7,0.00000,0.63253,0.00000,0.77454,1397.66
quat8,0.00000,0.63253,0.00000,0.77454,1397.66
quat0,-0.75629,0.16517,-0.63260,-0.02349,1397.68
quat1,-0.35786,0.53588,0.35195,0.67890,1397.68
quat2,0.49175,0.02770,-0.12707,-0.86097,1397.68
quat3,0.18479,-0.40870,-0.39215,-0.80314,1397.68
quat4,-0.07417,0.80159,0.53020,0.26617,1397.68
quat5,0.00000,0.63253,0.00000,0.77454,1397.68
quat6,0.00000,0.63253,0.00000,0.77454,1397.68
quat7,0.00000,0.63253,0.00000,0.77454,1397.68
quat8,0.00000,0.63253,0.00000,0.77454,1397.68
quat0,-0.75206,0.16644,-0.63731,-0.02337,1397.7
quat1,-0.38366,0.52377,0.36890,0.66512,1397.7
quat2,0.53013,0.03618,-0.13529,-0.83627,1397.7
quat3,0.19806,-0.41143,-0.42066,-0.78392,1397.7
quat4,-0.07971,0.77566,0.57188,0.25484,1397.7
quat5,0.00000,0.63253,0.00000,0.77454,1397.7
quat6,0.00000,0.63253,0.00000,0.77454,1397.7
quat7,0.00000,0.63253,0.00000,0.77454,1397.7
quat8,0.00000,0.63253,0.00000,0.77454,1397.7
quat0,-0.75795,0.15779,-0.63250,-0.02349,1397.72
quat1,-0.40830,0.51277,0.38481,0.64982,1397.72
quat2,0.56763,0.04699,-0.14120,-0.80972,1397.72
quat3,0.20934,-0.41228,-0.44844,-0.76492,1397.72
quat4,-0.08378,0.74903,0.61141,0.24107,1397.72
quat5,0.00000,0.63253,0.00000,0.77454,1397.72
quat6,0.00000,0.63253,0.00000,0.77454,1397.72
quat7,0.00000,0.63253,0.00000,0.77454,1397.72
quat8,0.00000,0.63253,0.00000,0.77454,1397.72
quat0,-0.75474,0.14838,-0.63865,-0.02164,1397.74
quat1,-0.43161,0.50145,0.39905,0.63484,1397.74
quat2,0.60336,0.05736,-0.14639,-0.78182,1397.74
quat3,0.21914,-0.40990,-0.47473,-0.74739,1397.74
quat4,-0.08557,0.72260,0.64797,0.22508,1397.74
quat5,0.00000,0.63253,0.00000,0.77454,1397.74
quat6,0.00000,0.63253,0.00000,0.77454,1397.74
quat7,0.00000,0.63253,0.00000,0.77454,1397.74
quat8,0.00000,0.63253,0.00000,0.77454,1397.74
quat0,-0.75593,0.15135,-0.63601,-0.03393,1397.76
quat1,-0.45244,0.49301,0.41178,0.61861,1397.76
quat2,0.63546,0.06594,-0.15221,-0.75410,1397.76
quat3,0.23206,-0.40522,-0.49769,-0.73092,1397.76
quat4,-0.08365,0.69683,0.68140,0.20764,1397.76
quat5,0.00000,0.63253,0.00000,0.77454,1397.76
quat6,0.00000,0.63253,0.00000,0.77454,1397.76
quat7,0.00000,0.63253,0.00000,0.77454,1397.76
quat8,0.00000,0.63253,0.00000,0.77454,1397.76
quat0,-0.74556,0.14876,-0.64867,-0.03523,1397.78
quat1,-0.46994,0.48813,0.42352,0.60126,1397.78
quat2,0.66381,0.07644,-0.15652,-0.72733,1397.78
quat3,0.24578,-0.40023,-0.51700,-0.71562,1397.78
quat4,-0.07721,0.67195,0.71185,0.18917,1397.78
quat5,0.00000,0.63253,0.00000,0.77454,1397.78
quat6,0.00000,0.63253,0.00000,0.77454,1397.78
quat7,0.00000,0.63253,0.00000,0.77454,1397.78
quat8,0.00000,0.63253,0.00000,0.77454,1397.78
quat0,-0.74931,0.12322,-0.65018,-0.02483,1397.8
quat1,-0.48712,0.48512,0.43273,0.58320,1397.8
quat2,0.69072,0.09113,-0.15509,-0.70039,1397.8
quat3,0.25830,-0.39659,-0.53386,-0.70070,1397.8
quat4,-0.06874,0.64763,0.73906,0.17217,1397.8
quat5,0.00000,0.63253,0.00000,0.77454,1397.8
quat6,0.00000,0.63253,0.00000,0.77454,1397.8
quat7,0.00000,0.63253,0.00000,0.77454,1397.8
quat8,0.00000,0.63253,0.00000,0.77454,1397.8
quat0,-0.77073,0.10705,-0.62788,-0.01671,1397.82
quat1,-0.50475,0.48159,0.43796,0.56700,1397.82
quat2,0.71683,0.10680,-0.14791,-0.67296,1397.82
quat3,0.26514,-0.39590,-0.55206,-0.68425,1397.82
quat4,-0.05942,0.62344,0.76342,0.15803,1397.82
quat5,0.00000,0.63253,0.00000,0.77454,1397.82
quat6,0.00000,0.63253,0.00000,0.77454,1397.82
quat7,0.00000,0.63253,0.00000,0.77454,1397.82
quat8,0.00000,0.63253,0.00000,0.77454,1397.82
quat0,-0.77501,0.07469,-0.62716,0.02114,1397.84
quat1,-0.52246,0.47548,0.43942,0.55486,1397.84
quat2,0.74066,0.11761,-0.13935,-0.64667,1397.84
quat3,0.26752,-0.39800,-0.56958,-0.66754,1397.84
quat4,-0.05302,0.59951,0.78478,0.14802,1397.84
quat5,0.00000,0.63253,0.00000,0.77454,1397.84
quat6,0.00000,0.63253,0.00000,0.77454,1397.84
quat7,0.00000,0.63253,0.00000,0.77454,1397.84
quat8,0.00000,0.63253,0.00000,0.77454,1397.84
quat0,-0.76925,0.10290,-0.63058,0.00686,1397.86
quat1,-0.53984,0.46787,0.43714,0.54643,1397.86
quat2,0.76275,0.12107,-0.13365,-0.62104,1397.86
quat3,0.26736,-0.40109,-0.58471,-0.65250,1397.86
quat4,-0.05256,0.57508,0.80379,0.14297,1397.86
quat5,0.00000,0.63253,0.00000,0.77454,1397.86
quat6,0.00000,0.63253,0.00000,0.77454,1397.86
quat7,0.00000,0.63253,0.00000,0.77454,1397.86
quat8,0.00000,0.63253,0.00000,0.77454,1397.86
quat0,-0.75995,0.08674,-0.64411,0.00804,1397.88
quat1,-0.55865,0.45905,0.43025,0.54043,1397.88
quat2,0.78252,0.11852,-0.13256,-0.59670,1397.88
quat3,0.26685,-0.40292,-0.59746,-0.63991,1397.88
quat4,-0.05926,0.55027,0.82075,0.14164,1397.88
quat5,0.00000,0.63253,0.00000,0.77454,1397.88
quat6,0.00000,0.63253,0.00000,0.77454,1397.88
quat7,0.00000,0.63253,0.00000,0.77454,1397.88
quat8,0.00000,0.63253,0.00000,0.77454,1397.88
quat0,-0.75985,0.07665,-0.64550,0.00881,1397.9
quat1,-0.57622,0.45110,0.42291,0.53445,1397.9
quat2,0.79891,0.11242,-0.13555,-0.57510,1397.9
quat3,0.26678,-0.40341,-0.60812,-0.62951,1397.9
quat4,-0.07257,0.52603,0.83537,0.14206,1397.9
quat5,0.00000,0.63253,0.00000,0.77454,1397.9
quat6,0.00000,0.63253,0.00000,0.77454,1397.9
quat7,0.00000,0.63253,0.00000,0.77454,1397.9
quat8,0.00000,0.63253,0.00000,0.77454,1397.9
quat0,-0.76065,0.08063,-0.64407,0.00975,1397.92
quat1,-0.58707,0.44388,0.41956,0.53130,1397.92
quat2,0.81140,0.10599,-0.13857,-0.55785,1397.92
quat3,0.26913,-0.40229,-0.61604,-0.62147,1397.92
quat4,-0.08569,0.50519,0.84708,0.14105,1397.92
quat5,0.00000,0.63253,0.00000,0.77454,1397.92
quat6,0.00000,0.63253,0.00000,0.77454,1397.92
quat7,0.00000,0.63253,0.00000,0.77454,1397.92
quat8,0.00000,0.63253,0.00000,0.77454,1397.92
quat0,-0.75613,0.08213,-0.64918,0.00919,1397.94
quat1,-0.59466,0.43982,0.42002,0.52585,1397.94
quat2,0.82135,0.10138,-0.13647,-0.54450,1397.94
quat3,0.27225,-0.39996,-0.62176,-0.61589,1397.94
quat4,-0.09244,0.48998,0.85592,0.13700,1397.94
quat5,0.00000,0.63253,0.00000,0.77454,1397.94
quat6,0.00000,0.63253,0.00000,0.77454,1397.94
quat7,0.00000,0.63253,0.00000,0.77454,1397.94
quat8,0.00000,0.63253,0.00000,0.77454,1397.94
quat0,-0.75778,0.07844,-0.64761,0.01459,1397.96
quat1,-0.60068,0.43594,0.42081,0.52159,1397.96
quat2,0.82830,0.09770,-0.13211,-0.53565,1397.96
quat3,0.27452,-0.39761,-0.62639,-0.61170,1397.96
quat4,-0.09236,0.48139,0.86158,0.13197,1397.96
quat5,0.00000,0.63253,0.00000,0.77454,1397.96
quat6,0.00000,0.63253,0.00000,0.77454,1397.96
quat7,0.00000,0.63253,0.00000,0.77454,1397.96
quat8,0.00000,0.63253,0.00000,0.77454,1397.96
quat0,-0.75720,0.08895,-0.64704,0.00885,1397.98
quat1,-0.60468,0.43293,0.42162,0.51881,1397.98
quat2,0.83206,0.09469,-0.12805,-0.53134,1397.98
quat3,0.27377,-0.39611,-0.63089,-0.60838,1397.98
quat4,-0.08669,0.47898,0.86428,0.12681,1397.98
quat5,0.00000,0.63253,0.00000,0.77454,1397.98
quat6,0.00000,0.63253,0.00000,0.77454,1397.98
quat7,0.00000,0.63253,0.00000,0.77454,1397.98
quat8,0.00000,0.63253,0.00000,0.77454,1397.98
quat0,-0.75541,0.08677,-0.64946,0.00524,1398
quat1,-0.60641,0.43232,0.42201,0.51698,1398
quat2,0.83274,0.09236,-0.12507,-0.53139,1398
quat3,0.26983,-0.39556,-0.63430,-0.60695,1398
quat4,-0.07879,0.48157,0.86414,0.12308,1398
quat5,0.00000,0.63253,0.00000,0.77454,1398
quat6,0.00000,0.63253,0.00000,0.77454,1398
quat7,0.00000,0.63253,0.00000,0.77454,1398
quat8,0.00000,0.63253,0.00000,0.77454,1398
quat0,-0.75517,0.09276,-0.64893,0.00280,1398.02
quat1,-0.60598,0.43262,0.42146,0.51769,1398.02
quat2,0.83011,0.09001,-0.12375,-0.53619,1398.02
quat3,0.26424,-0.39573,-0.63514,-0.60842,1398.02
quat4,-0.07236,0.48790,0.86129,0.12203,1398.02
quat5,0.00000,0.63253,0.00000,0.77454,1398.02
quat6,0.00000,0.63253,0.00000,0.77454,1398.02
quat7,0.00000,0.63253,0.00000,0.77454,1398.02
quat8,0.00000,0.63253,0.00000,0.77454,1398.02
quat0,-0.75055,0.09903,-0.65335,0.00136,1398.04
quat1,-0.60386,0.43427,0.41907,0.52071,1398.04
quat2,0.82504,0.08779,-0.12239,-0.54463,1398.04
quat3,0.25838,-0.39720,-0.63290,-0.61230,1398.04
quat4,-0.06946,0.49722,0.85587,0.12425,1398.04
quat5,0.00000,0.63253,0.00000,0.77454,1398.04
quat6,0.00000,0.63253,0.00000,0.77454,1398.04
quat7,0.00000,0.63253,0.00000,0.77454,1398.04
quat8,0.00000,0.63253,0.00000,0.77454,1398.04
quat0,-0.75161,0.10388,-0.65138,-0.00157,1398.06
quat1,-0.59927,0.43736,0.41544,0.52630,1398.06
quat2,0.81769,0.08596,-0.12057,-0.55629,1398.06
quat3,0.25310,-0.40009,-0.62727,-0.61839,1398.06
quat4,-0.06917,0.50906,0.84810,0.12957,1398.06
quat5,0.00000,0.63253,0.00000,0.77454,1398.06
quat6,0.00000,0.63253,0.00000,0.77454,1398.06
quat7,0.00000,0.63253,0.00000,0.77454,1398.06
quat8,0.00000,0.63253,0.00000,0.77454,1398.06
quat0,-0.74736,0.10271,-0.65643,0.00051,1398.08
quat1,-0.59194,0.44197,0.41147,0.53382,1398.08
quat2,0.80803,0.08352,-0.11970,-0.57077,1398.08
quat3,0.24885,-0.40316,-0.61841,-0.62698,1398.08
quat4,-0.07039,0.52334,0.83809,0.13695,1398.08
quat5,0.00000,0.63253,0.00000,0.77454,1398.08
quat6,0.00000,0.63253,0.00000,0.77454,1398.08
quat7,0.00000,0.63253,0.00000,0.77454,1398.08
quat8,0.00000,0.63253,0.00000,0.77454,1398.08
quat0,-0.74643,0.11799,-0.65489,-0.00616,1398.1
quat1,-0.58123,0.44883,0.40745,0.54287,1398.1
quat2,0.79525,0.07965,-0.12088,-0.58875,1398.1
quat3,0.24440,-0.40594,-0.60643,-0.63853,1398.1
quat4,-0.07176,0.54012,0.82572,0.14601,1398.1
quat5,0.00000,0.63253,0.00000,0.77454,1398.1
quat6,0.00000,0.63253,0.00000,0.77454,1398.1
quat7,0.00000,0.63253,0.00000,0.77454,1398.1
quat8,0.00000,0.63253,0.00000,0.77454,1398.1
quat0,-0.74200,0.13074,-0.65746,-0.00953,1398.12
quat1,-0.56877,0.45754,0.40236,0.55250,1398.12
quat2,0.77943,0.07396,-0.12393,-0.60963,1398.12
quat3,0.24080,-0.40965,-0.59031,-0.65248,1398.12
quat4,-0.07325,0.55896,0.81105,0.15622,1398.12
quat5,0.00000,0.63253,0.00000,0.77454,1398.12
quat6,0.00000,0.63253,0.00000,0.77454,1398.12
quat7,0.00000,0.63253,0.00000,0.77454,1398.12
quat8,0.00000,0.63253,0.00000,0.77454,1398.12
quat0,-0.73859,0.14966,-0.65702,-0.02023,1398.14
quat1,-0.55354,0.46878,0.39645,0.56273,1398.14
quat2,0.76017,0.06599,-0.12847,-0.63347,1398.14
quat3,0.23919,-0.41373,-0.57064,-0.66782,1398.14
quat4,-0.07547,0.58013,0.79332,0.16849,1398.14
quat5,0.00000,0.63253,0.00000,0.77454,1398.14
quat6,0.00000,0.63253,0.00000,0.77454,1398.14
quat7,0.00000,0.63253,0.00000,0.77454,1398.14
quat8,0.00000,0.63253,0.00000,0.77454,1398.14
quat0,-0.73234,0.15066,-0.66368,-0.02276,1398.16
quat1,-0.53484,0.48156,0.39165,0.57329,1398.16
quat2,0.73742,0.05568,-0.13378,-0.65970,1398.16
quat3,0.24005,-0.41752,-0.54737,-0.68443,1398.16
quat4,-0.07968,0.60256,0.77255,0.18368,1398.16
quat5,0.00000,0.63253,0.00000,0.77454,1398.16
quat6,0.00000,0.63253,0.00000,0.77454,1398.16
quat7,0.00000,0.63253,0.00000,0.77454,1398.16
quat8,0.00000,0.63253,0.00000,0.77454,1398.16
quat0,-0.73081,0.16399,-0.66221,-0.02250,1398.18
quat1,-0.51405,0.49579,0.38721,0.58311,1398.18
quat2,0.71045,0.04234,-0.13988,-0.68841,1398.18
quat3,0.23838,-0.41951,-0.52337,-0.70233,1398.18
quat4,-0.08715,0.62595,0.74798,0.20278,1398.18
quat5,0.00000,0.63253,0.00000,0.77454,1398.18
quat6,0.00000,0.63253,0.00000,0.77454,1398.18
quat7,0.00000,0.63253,0.00000,0.77454,1398.18
quat8,0.00000,0.63253,0.00000,0.77454,1398.18
quat0,-0.73541,0.15451,-0.65962,-0.01436,1398.2
quat1,-0.49087,0.51325,0.38008,0.59259,1398.2
quat2,0.67880,0.02612,-0.14665,-0.71906,1398.2
quat3,0.23424,-0.42047,-0.49632,-0.72250,1398.2
quat4,-0.09729,0.64967,0.71944,0.22554,1398.2
quat5,0.00000,0.63253,0.00000,0.77454,1398.2
quat6,0.00000,0.63253,0.00000,0.77454,1398.2
quat7,0.00000,0.63253,0.00000,0.77454,1398.2
quat8,0.00000,0.63253,0.00000,0.77454,1398.2
quat0,-0.74256,0.15608,-0.65111,-0.01750,1398.22
quat1,-0.46556,0.53180,0.36862,0.60380,1398.22
quat2,0.64338,0.00691,-0.15326,-0.75002,1398.22
quat3,0.22853,-0.42069,-0.46516,-0.74460,1398.22
quat4,-0.10800,0.67273,0.68788,0.25018,1398.22
quat5,0.00000,0.63253,0.00000,0.77454,1398.22
quat6,0.00000,0.63253,0.00000,0.77454,1398.22
quat7,0.00000,0.63253,0.00000,0.77454,1398.22
quat8,0.00000,0.63253,0.00000,0.77454,1398.22
quat0,-0.74776,0.13383,-0.65035,0.00147,1398.24
quat1,-0.43714,0.55126,0.35535,0.61542,1398.24
quat2,0.60501,-0.01053,-0.15537,-0.78084,1398.24
quat3,0.22037,-0.41949,-0.43288,-0.76687,1398.24
quat4,-0.11704,0.69542,0.65372,0.27450,1398.24
quat5,0.00000,0.63253,0.00000,0.77454,1398.24
quat6,0.00000,0.63253,0.00000,0.77454,1398.24
quat7,0.00000,0.63253,0.00000,0.77454,1398.24
quat8,0.00000,0.63253,0.00000,0.77454,1398.24
quat0,-0.74824,0.13835,-0.64883,0.00412,1398.26
quat1,-0.40738,0.57071,0.34147,0.62588,1398.26
quat2,0.56552,-0.02117,-0.15000,-0.81070,1398.26
quat3,0.20618,-0.41765,-0.40291,-0.78786,1398.26
quat4,-0.12358,0.71796,0.61702,0.29759,1398.26
quat5,0.00000,0.63253,0.00000,0.77454,1398.26
quat6,0.00000,0.63253,0.00000,0.77454,1398.26
quat7,0.00000,0.63253,0.00000,0.77454,1398.26
quat8,0.00000,0.63253,0.00000,0.77454,1398.26
quat0,-0.74102,0.16032,-0.65198,-0.01034,1398.28
quat1,-0.37815,0.58855,0.32626,0.63574,1398.28
quat2,0.52581,-0.02574,-0.13912,-0.83875,1398.28
quat3,0.18906,-0.41588,-0.37232,-0.80789,1398.28
quat4,-0.12864,0.74068,0.57670,0.31979,1398.28
quat5,0.00000,0.63253,0.00000,0.77454,1398.28
quat6,0.00000,0.63253,0.00000,0.77454,1398.28
quat7,0.00000,0.63253,0.00000,0.77454,1398.28
quat8,0.00000,0.63253,0.00000,0.77454,1398.28
quat0,-0.74289,0.14822,-0.65279,-0.00405,1398.3
quat1,-0.35053,0.60235,0.30843,0.64744,1398.3
quat2,0.48579,-0.02780,-0.12665,-0.86440,1398.3
quat3,0.17040,-0.41561,-0.34340,-0.82481,1398.3
quat4,-0.13057,0.76260,0.53481,0.33967,1398.3
quat5,0.00000,0.63253,0.00000,0.77454,1398.3
quat6,0.00000,0.63253,0.00000,0.77454,1398.3
quat7,0.00000,0.63253,0.00000,0.77454,1398.3
quat8,0.00000,0.63253,0.00000,0.77454,1398.3
quat0,-0.74018,0.13070,-0.65954,0.00742,1398.32
quat1,-0.32296,0.61336,0.28812,0.66066,1398.32
quat2,0.44402,-0.03126,-0.11529,-0.88802,1398.32
quat3,0.15170,-0.41720,-0.31611,-0.83845,1398.32
quat4,-0.12920,0.78396,0.49149,0.35658,1398.32
quat5,0.00000,0.63253,0.00000,0.77454,1398.32
quat6,0.00000,0.63253,0.00000,0.77454,1398.32
quat7,0.00000,0.63253,0.00000,0.77454,1398.32
quat8,0.00000,0.63253,0.00000,0.77454,1398.32
quat0,-0.75257,0.14494,-0.64236,0.00362,1398.34
quat1,-0.29590,0.62144,0.26822,0.67403,1398.34
quat2,0.40180,-0.03768,-0.10621,-0.90876,1398.34
quat3,0.13178,-0.42123,-0.28978,-0.84925,1398.34
quat4,-0.12619,0.80347,0.44885,0.37020,1398.34
quat5,0.00000,0.63253,0.00000,0.77454,1398.34
quat6,0.00000,0.63253,0.00000,0.77454,1398.34
quat7,0.00000,0.63253,0.00000,0.77454,1398.34
quat8,0.00000,0.63253,0.00000,0.77454,1398.34
quat0,-0.75388,0.14822,-0.64007,0.00168,1398.36
quat1,-0.26946,0.62847,0.24878,0.68595,1398.36
quat2,0.35969,-0.04433,-0.09709,-0.92695,1398.36
quat3,0.11211,-0.42641,-0.26441,-0.85772,1398.36
quat4,-0.12374,0.82073,0.40607,0.38236,1398.36
quat5,0.00000,0.63253,0.00000,0.77454,1398.36
quat6,0.00000,0.63253,0.00000,0.77454,1398.36
quat7,0.00000,0.63253,0.00000,0.77454,1398.36
quat8,0.00000,0.63253,0.00000,0.77454,1398.36
quat0,-0.74855,0.13532,-0.64893,0.01572,1398.38
quat1,-0.24314,0.63632,0.23086,0.69475,1398.38
quat2,0.32039,-0.04809,-0.08719,-0.94204,1398.38
quat3,0.09398,-0.43223,-0.24048,-0.86401,1398.38
quat4,-0.12197,0.83486,0.36451,0.39403,1398.38
quat5,0.00000,0.63253,0.00000,0.77454,1398.38
quat6,0.00000,0.63253,0.00000,0.77454,1398.38
quat7,0.00000,0.63253,0.00000,0.77454,1398.38
quat8,0.00000,0.63253,0.00000,0.77454,1398.38
quat0,-0.75667,0.14858,-0.63669,0.00241,1398.4
quat1,-0.21759,0.64653,0.21330,0.69940,1398.4
quat2,0.28187,-0.04977,-0.07812,-0.95497,1398.4
quat3,0.07688,-0.43668,-0.21708,-0.86964,1398.4
quat4,-0.12202,0.84651,0.32375,0.40462,1398.4
quat5,0.00000,0.63253,0.00000,0.77454,1398.4
quat6,0.00000,0.63253,0.00000,0.77454,1398.4
quat7,0.00000,0.63253,0.00000,0.77454,1398.4
quat8,0.00000,0.63253,0.00000,0.77454,1398.4
quat0,-0.75053,0.14618,-0.64441,0.00799,1398.42
quat1,-0.19320,0.65739,0.19643,0.70137,1398.42
quat2,0.24563,-0.05018,-0.07104,-0.96545,1398.42
quat3,0.06058,-0.43781,-0.19462,-0.87566,1398.42
quat4,-0.12375,0.85554,0.28600,0.41346,1398.42
quat5,0.00000,0.63253,0.00000,0.77454,1398.42
quat6,0.00000,0.63253,0.00000,0.77454,1398.42
quat7,0.00000,0.63253,0.00000,0.77454,1398.42
quat8,0.00000,0.63253,0.00000,0.77454,1398.42
quat0,-0.75755,0.14087,-0.63706,0.02064,1398.44
quat1,-0.17028,0.66586,0.17899,0.70399,1398.44
quat2,0.20989,-0.05020,-0.06441,-0.97431,1398.44
quat3,0.04496,-0.43539,-0.17322,-0.88228,1398.44
quat4,-0.12669,0.86317,0.25023,0.41986,1398.44
quat5,0.00000,0.63253,0.00000,0.77454,1398.44
quat6,0.00000,0.63253,0.00000,0.77454,1398.44
quat7,0.00000,0.63253,0.00000,0.77454,1398.44
quat8,0.00000,0.63253,0.00000,0.77454,1398.44
quat0,-0.74932,0.13522,-0.64802,0.01748,1398.46
quat1,-0.15152,0.67232,0.16086,0.70651,1398.46
quat2,0.17703,-0.04978,-0.05804,-0.98123,1398.46
quat3,0.02958,-0.43271,-0.15384,-0.88782,1398.46
quat4,-0.13038,0.87007,0.21795,0.42247,1398.46
quat5,0.00000,0.63253,0.00000,0.77454,1398.46
quat6,0.00000,0.63253,0.00000,0.77454,1398.46
quat7,0.00000,0.63253,0.00000,0.77454,1398.46
quat8,0.00000,0.63253,0.00000,0.77454,1398.46
quat0,-0.74952,0.13033,-0.64872,0.01964,1398.48
quat1,-0.13548,0.67528,0.14426,0.71052,1398.48
quat2,0.14717,-0.04976,-0.05318,-0.98643,1398.48
quat3,0.01498,-0.43092,-0.13715,-0.89178,1398.48
quat4,-0.13329,0.87649,0.18944,0.42203,1398.48
quat5,0.00000,0.63253,0.00000,0.77454,1398.48
quat6,0.00000,0.63253,0.00000,0.77454,1398.48
quat7,0.00000,0.63253,0.00000,0.77454,1398.48
quat8,0.00000,0.63253,0.00000,0.77454,1398.48
quat0,-0.75138,0.11814,-0.64846,0.03114,1398.5
quat1,-0.12186,0.67678,0.13001,0.71430,1398.5
quat2,0.12126,-0.04949,-0.04990,-0.99013,1398.5
quat3,0.00293,-0.43166,-0.12352,-0.89353,1398.5
quat4,-0.13510,0.88029,0.16587,0.42347,1398.5
quat5,0.00000,0.63253,0.00000,0.77454,1398.5
quat6,0.00000,0.63253,0.00000,0.77454,1398.5
quat7,0.00000,0.63253,0.00000,0.77454,1398.5
quat8,0.00000,0.63253,0.00000,0.77454,1398.5
quat0,-0.74509,0.11746,-0.65608,0.02440,1398.52
quat1,-0.11166,0.67699,0.11740,0.71794,1398.52
quat2,0.09981,-0.04908,-0.04686,-0.99269,1398.52
quat3,-0.00556,-0.43356,-0.11211,-0.89411,1398.52
quat4,-0.13627,0.88237,0.14580,0.42614,1398.52
quat5,0.00000,0.63253,0.00000,0.77454,1398.52
quat6,0.00000,0.63253,0.00000,0.77454,1398.52
quat7,0.00000,0.63253,0.00000,0.77454,1398.52
quat8,0.00000,0.63253,0.00000,0.77454,1398.52
quat0,-0.75628,0.11116,-0.64421,0.02589,1398.54
quat1,-0.10460,0.67582,0.10803,0.72156,1398.54
quat2,0.08538,-0.04796,-0.04526,-0.99416,1398.54
quat3,-0.01103,-0.43461,-0.10426,-0.89450,1398.54
quat4,-0.13730,0.88425,0.13289,0.42613,1398.54
quat5,0.00000,0.63253,0.00000,0.77454,1398.54
quat6,0.00000,0.63253,0.00000,0.77454,1398.54
quat7,0.00000,0.63253,0.00000,0.77454,1398.54
quat8,0.00000,0.63253,0.00000,0.77454,1398.54
quat0,-0.75948,0.11651,-0.63931,0.03006,1398.56
quat1,-0.10125,0.67221,0.10342,0.72608,1398.56
quat2,0.07799,-0.05422,-0.04478,-0.99447,1398.56
quat3,-0.01492,-0.43478,-0.10048,-0.89479,1398.56
quat4,-0.13802,0.88596,0.12800,0.42385,1398.56
quat5,0.00000,0.63253,0.00000,0.77454,1398.56
quat6,0.00000,0.63253,0.00000,0.77454,1398.56
quat7,0.00000,0.63253,0.00000,0.77454,1398.56
quat8,0.00000,0.63253,0.00000,0.77454,1398.56
quat0,-0.76842,0.12901,-0.62635,0.02397,1398.58
quat1,-0.10245,0.66643,0.10426,0.73110,1398.58
quat2,0.08061,-0.04874,-0.04213,-0.99466,1398.58
quat3,-0.01442,-0.43456,-0.10087,-0.89486,1398.58
quat4,-0.13556,0.88672,0.12968,0.42252,1398.58
quat5,0.00000,0.63253,0.00000,0.77454,1398.58
quat6,0.00000,0.63253,0.00000,0.77454,1398.58
quat7,0.00000,0.63253,0.00000,0.77454,1398.58
quat8,0.00000,0.63253,0.00000,0.77454,1398.58
quat0,-0.76785,0.13137,-0.62664,0.02149,1398.6
quat1,-0.10825,0.65609,0.11004,0.73873,1398.6
quat2,0.09081,-0.05164,-0.04254,-0.99362,1398.6
quat3,-0.00986,-0.43711,-0.10600,-0.89308,1398.6
quat4,-0.13270,0.88392,0.13966,0.42612,1398.6
quat5,0.00000,0.63253,0.00000,0.77454,1398.6
quat6,0.00000,0.63253,0.00000,0.77454,1398.6
quat7,0.00000,0.63253,0.00000,0.77454,1398.6
quat8,0.00000,0.63253,0.00000,0.77454,1398.6
quat0,-0.76421,0.12402,-0.63243,0.02528,1398.62
quat1,-0.11853,0.64573,0.11962,0.74476,1398.62
quat2,0.10815,-0.05639,-0.04608,-0.99146,1398.62
quat3,0.00010,-0.44270,-0.11562,-0.88918,1398.62
quat4,-0.12740,0.88460,0.15749,0.42006,1398.62
quat5,0.00000,0.63253,0.00000,0.77454,1398.62
quat6,0.00000,0.63253,0.00000,0.77454,1398.62
quat7,0.00000,0.63253,0.00000,0.77454,1398.62
quat8,0.00000,0.63253,0.00000,0.77454,1398.62
quat0,-0.76465,0.13187,-0.63061,0.01553,1398.64
quat1,-0.13271,0.63722,0.13509,0.74706,1398.64
quat2,0.13248,-0.06156,-0.05243,-0.98788,1398.64
quat3,0.01528,-0.44926,-0.13043,-0.88369,1398.64
quat4,-0.12105,0.88569,0.18281,0.40925,1398.64
quat5,0.00000,0.63253,0.00000,0.77454,1398.64
quat6,0.00000,0.63253,0.00000,0.77454,1398.64
quat7,0.00000,0.63253,0.00000,0.77454,1398.64
quat8,0.00000,0.63253,0.00000,0.77454,1398.64
quat0,-0.76403,0.14208,-0.62932,0.00613,1398.66
quat1,-0.15078,0.63244,0.15366,0.74409,1398.66
quat2,0.16338,-0.06482,-0.06294,-0.98242,1398.66
quat3,0.03391,-0.45394,-0.15108,-0.87748,1398.66
quat4,-0.11491,0.88542,0.21358,0.39650,1398.66
quat5,0.00000,0.63253,0.00000,0.77454,1398.66
quat6,0.00000,0.63253,0.00000,0.77454,1398.66
quat7,0.00000,0.63253,0.00000,0.77454,1398.66
quat8,0.00000,0.63253,0.00000,0.77454,1398.66
quat0,-0.76605,0.14577,-0.62604,0.00173,1398.68
quat1,-0.17191,0.62798,0.17598,0.73833,1398.68
quat2,0.20117,-0.06368,-0.07614,-0.97451,1398.68
quat3,0.05644,-0.45665,-0.17620,-0.87020,1398.68
quat4,-0.10917,0.88222,0.25054,0.38341,1398.68
quat5,0.00000,0.63253,0.00000,0.77454,1398.68
quat6,0.00000,0.63253,0.00000,0.77454,1398.68
quat7,0.00000,0.63253,0.00000,0.77454,1398.68
quat8,0.00000,0.63253,0.00000,0.77454,1398.68
quat0,-0.76488,0.14760,-0.62704,-0.00113,1398.7
quat1,-0.19586,0.62317,0.20050,0.73014,1398.7
quat2,0.24251,-0.05749,-0.09020,-0.96424,1398.7
quat3,0.08002,-0.45790,-0.20365,-0.86165,1398.7
quat4,-0.10451,0.87659,0.29072,0.36899,1398.7
quat5,0.00000,0.63253,0.00000,0.77454,1398.7
quat6,0.00000,0.63253,0.00000,0.77454,1398.7
quat7,0.00000,0.63253,0.00000,0.77454,1398.7
quat8,0.00000,0.63253,0.00000,0.77454,1398.7
quat0,-0.76299,0.15442,-0.62765,-0.00762,1398.72
quat1,-0.22224,0.61763,0.22656,0.71959,1398.72
quat2,0.28742,-0.04864,-0.10515,-0.95077,1398.72
quat3,0.10468,-0.45618,-0.23269,-0.85252,1398.72
quat4,-0.10117,0.86753,0.33457,0.35386,1398.72
quat5,0.00000,0.63253,0.00000,0.77454,1398.72
quat6,0.00000,0.63253,0.00000,0.77454,1398.72
quat7,0.00000,0.63253,0.00000,0.77454,1398.72
quat8,0.00000,0.63253,0.00000,0.77454,1398.72
quat0,-0.76414,0.15156,-0.62695,-0.00736,1398.74
quat1,-0.24961,0.60911,0.25351,0.70882,1398.74
quat2,0.33311,-0.03854,-0.11960,-0.93448,1398.74
quat3,0.12994,-0.45348,-0.26190,-0.84195,1398.74
quat4,-0.09958,0.85519,0.37961,0.33857,1398.74
quat5,0.00000,0.63253,0.00000,0.77454,1398.74
quat6,0.00000,0.63253,0.00000,0.77454,1398.74
quat7,0.00000,0.63253,0.00000,0.77454,1398.74
quat8,0.00000,0.63253,0.00000,0.77454,1398.74
quat0,-0.75850,0.15934,-0.63166,-0.01727,1398.76
quat1,-0.27873,0.59471,0.28001,0.70016,1398.76
quat2,0.37985,-0.02767,-0.13272,-0.91506,1398.76
quat3,0.15533,-0.45066,-0.29150,-0.82934,1398.76
quat4,-0.09940,0.83896,0.42622,0.32341,1398.76
quat5,0.00000,0.63253,0.00000,0.77454,1398.76
quat6,0.00000,0.63253,0.00000,0.77454,1398.76
quat7,0.00000,0.63253,0.00000,0.77454,1398.76
quat8,0.00000,0.63253,0.00000,0.77454,1398.76
quat0,-0.75867,0.16457,-0.62987,-0.02453,1398.78
quat1,-0.30948,0.57638,0.30477,0.69219,1398.78
quat2,0.42553,-0.01585,-0.14232,-0.89354,1398.78
quat3,0.17939,-0.44766,-0.32114,-0.81504,1398.78
quat4,-0.10046,0.82023,0.47202,0.30711,1398.78
quat5,0.00000,0.63253,0.00000,0.77454,1398.78
quat6,0.00000,0.63253,0.00000,0.77454,1398.78
quat7,0.00000,0.63253,0.00000,0.77454,1398.78
quat8,0.00000,0.63253,0.00000,0.77454,1398.78
quat0,-0.75221,0.15299,-0.64054,-0.02200,1398.8
quat1,-0.34124,0.55486,0.32798,0.68418,1398.8
quat2,0.47068,-0.00317,-0.14984,-0.86948,1398.8
quat3,0.20199,-0.44534,-0.35105,-0.79852,1398.8
quat4,-0.10214,0.79898,0.51717,0.28939,1398.8
quat5,0.00000,0.63253,0.00000,0.77454,1398.8
quat6,0.00000,0.63253,0.00000,0.77454,1398.8
quat7,0.00000,0.63253,0.00000,0.77454,1398.8
quat8,0.00000,0.63253,0.00000,0.77454,1398.8
quat0,-0.74554,0.15305,-0.64790,-0.03120,1398.82
quat1,-0.37296,0.53288,0.34858,0.67486,1398.82
quat2,0.51398,0.01022,-0.15470,-0.84367,1398.82
quat3,0.22120,-0.44478,-0.38189,-0.77936,1398.82
quat4,-0.10403,0.77642,0.55979,0.27017,1398.82
quat5,0.00000,0.63253,0.00000,0.77454,1398.82
quat6,0.00000,0.63253,0.00000,0.77454,1398.82
quat7,0.00000,0.63253,0.00000,0.77454,1398.82
quat8,0.00000,0.63253,0.00000,0.77454,1398.82
quat0,-0.74019,0.14328,-0.65641,-0.02669,1398.84
quat1,-0.40318,0.51262,0.36744,0.66306,1398.84
quat2,0.55548,0.02338,-0.15799,-0.81605,1398.84
quat3,0.23640,-0.44388,-0.41310,-0.75924,1398.84
quat4,-0.10549,0.75278,0.60005,0.24929,1398.84
quat5,0.00000,0.63253,0.00000,0.77454,1398.84
quat6,0.00000,0.63253,0.00000,0.77454,1398.84
quat7,0.00000,0.63253,0.00000,0.77454,1398.84
quat8,0.00000,0.63253,0.00000,0.77454,1398.84
quat0,-0.73462,0.12799,-0.66564,-0.02968,1398.86
quat1,-0.42971,0.49500,0.38503,0.64968,1398.86
quat2,0.59434,0.03628,-0.16072,-0.78715,1398.86
quat3,0.24706,-0.44317,-0.44500,-0.73793,1398.86
quat4,-0.10617,0.72851,0.63752,0.22706,1398.86
quat5,0.00000,0.63253,0.00000,0.77454,1398.86
quat6,0.00000,0.63253,0.00000,0.77454,1398.86
quat7,0.00000,0.63253,0.00000,0.77454,1398.86
quat8,0.00000,0.63253,0.00000,0.77454,1398.86
quat0,-0.74379,0.13327,-0.65422,-0.03177,1398.88
quat1,-0.45278,0.47997,0.40117,0.63537,1398.88
quat2,0.63026,0.04787,-0.16355,-0.75745,1398.88
quat3,0.25312,-0.44159,-0.47762,-0.71610,1398.88
quat4,-0.10625,0.70380,0.67213,0.20400,1398.88
quat5,0.00000,0.63253,0.00000,0.77454,1398.88
quat6,0.00000,0.63253,0.00000,0.77454,1398.88
quat7,0.00000,0.63253,0.00000,0.77454,1398.88
quat8,0.00000,0.63253,0.00000,0.77454,1398.88
quat0,-0.74459,0.14083,-0.65177,-0.03098,1398.9
quat1,-0.47298,0.46666,0.41504,0.62150,1398.9
quat2,0.66317,0.05809,-0.16672,-0.72735,1398.9
quat3,0.25558,-0.43797,-0.50892,-0.69560,1398.9
quat4,-0.10503,0.67930,0.70356,0.18033,1398.9
quat5,0.00000,0.63253,0.00000,0.77454,1398.9
quat6,0.00000,0.63253,0.00000,0.77454,1398.9
quat7,0.00000,0.63253,0.00000,0.77454,1398.9
quat8,0.00000,0.63253,0.00000,0.77454,1398.9
quat0,-0.74446,0.10738,-0.65888,-0.01123,1398.92
quat1,-0.49087,0.45578,0.42612,0.60805,1398.92
quat2,0.69278,0.06737,-0.17011,-0.69755,1398.92
quat3,0.25652,-0.43188,-0.53756,-0.67728,1398.92
quat4,-0.10180,0.65528,0.73185,0.15698,1398.92
quat5,0.00000,0.63253,0.00000,0.77454,1398.92
quat6,0.00000,0.63253,0.00000,0.77454,1398.92
quat7,0.00000,0.63253,0.00000,0.77454,1398.92
quat8,0.00000,0.63253,0.00000,0.77454,1398.92
quat0,-0.74158,0.10220,-0.66289,-0.01390,1398.94
quat1,-0.50593,0.44945,0.43470,0.59420,1398.94
quat2,0.71977,0.07697,-0.17232,-0.66807,1398.94
quat3,0.25652,-0.42635,-0.56110,-0.66150,1398.94
quat4,-0.09815,0.63115,0.75752,0.13482,1398.94
quat5,0.00000,0.63253,0.00000,0.77454,1398.94
quat6,0.00000,0.63253,0.00000,0.77454,1398.94
quat7,0.00000,0.63253,0.00000,0.77454,1398.94
quat8,0.00000,0.63253,0.00000,0.77454,1398.94
quat0,-0.75300,0.10365,-0.64975,-0.00795,1398.96
quat1,-0.51866,0.44381,0.44145,0.58237,1398.96
quat2,0.74430,0.08622,-0.17293,-0.63928,1398.96
quat3,0.25491,-0.42154,-0.58188,-0.64710,1398.96
quat4,-0.09607,0.60697,0.78032,0.11603,1398.96
quat5,0.00000,0.63253,0.00000,0.77454,1398.96
quat6,0.00000,0.63253,0.00000,0.77454,1398.96
quat7,0.00000,0.63253,0.00000,0.77454,1398.96
quat8,0.00000,0.63253,0.00000,0.77454,1398.96
quat0,-0.74100,0.11424,-0.66170,-0.00520,1398.98
quat1,-0.53242,0.43921,0.44532,0.57037,1398.98
quat2,0.76621,0.09345,-0.17282,-0.61183,1398.98
quat3,0.25450,-0.41713,-0.59739,-0.63589,1398.98
quat4,-0.09670,0.58270,0.80055,0.10118,1398.98
quat5,0.00000,0.63253,0.00000,0.77454,1398.98
quat6,0.00000,0.63253,0.00000,0.77454,1398.98
quat7,0.00000,0.63253,0.00000,0.77454,1398.98
quat8,0.00000,0.63253,0.00000,0.77454,1398.98
quat0,-0.74443,0.10409,-0.65953,-0.00209,1399
quat1,-0.54773,0.43283,0.44404,0.56167,1399
quat2,0.78414,0.09667,-0.17436,-0.58769,1399
quat3,0.25508,-0.41250,-0.60958,-0.62705,1399
quat4,-0.10149,0.55959,0.81749,0.09088,1399
quat5,0.00000,0.63253,0.00000,0.77454,1399
quat6,0.00000,0.63253,0.00000,0.77454,1399
quat7,0.00000,0.63253,0.00000,0.77454,1399
quat8,0.00000,0.63253,0.00000,0.77454,1399
quat0,-0.74692,0.08724,-0.65913,0.00662,1399.02
quat1,-0.56048,0.42539,0.44155,0.55672,1399.02
quat2,0.79850,0.09683,-0.17848,-0.56671,1399.02
quat3,0.25604,-0.40882,-0.61935,-0.61945,1399.02
quat4,-0.10986,0.53712,0.83205,0.08444,1399.02
quat5,0.00000,0.63253,0.00000,0.77454,1399.02
quat6,0.00000,0.63253,0.00000,0.77454,1399.02
quat7,0.00000,0.63253,0.00000,0.77454,1399.02
quat8,0.00000,0.63253,0.00000,0.77454,1399.02
quat0,-0.74339,0.09741,-0.66170,0.00612,1399.04
quat1,-0.57067,0.42076,0.43925,0.55169,1399.04
quat2,0.80951,0.09593,-0.18489,-0.54891,1399.04
quat3,0.25703,-0.40749,-0.62660,-0.61258,1399.04
quat4,-0.12127,0.51563,0.84424,0.08170,1399.04
quat5,0.00000,0.63253,0.00000,0.77454,1399.04
quat6,0.00000,0.63253,0.00000,0.77454,1399.04
quat7,0.00000,0.63253,0.00000,0.77454,1399.04
quat8,0.00000,0.63253,0.00000,0.77454,1399.04
quat0,-0.74581,0.09634,-0.65915,-0.00063,1399.06
quat1,-0.57895,0.41926,0.43730,0.54571,1399.06
quat2,0.81737,0.09439,-0.19115,-0.53521,1399.06
quat3,0.25955,-0.40746,-0.63079,-0.60722,1399.06
quat4,-0.13561,0.49534,0.85407,0.08250,1399.06
quat5,0.00000,0.63253,0.00000,0.77454,1399.06
quat6,0.00000,0.63253,0.00000,0.77454,1399.06
quat7,0.00000,0.63253,0.00000,0.77454,1399.06
quat8,0.00000,0.63253,0.00000,0.77454,1399.06
quat0,-0.74117,0.08949,-0.66532,0.00312,1399.08
quat1,-0.58437,0.41876,0.43533,0.54189,1399.08
quat2,0.82215,0.09273,-0.19556,-0.52652,1399.08
quat3,0.26582,-0.40757,-0.63070,-0.60452,1399.08
quat4,-0.14975,0.47849,0.86101,0.08533,1399.08
quat5,0.00000,0.63253,0.00000,0.77454,1399.08
quat6,0.00000,0.63253,0.00000,0.77454,1399.08
quat7,0.00000,0.63253,0.00000,0.77454,1399.08
quat8,0.00000,0.63253,0.00000,0.77454,1399.08
quat0,-0.74317,0.09401,-0.66246,-0.00375,1399.1
quat1,-0.58685,0.41986,0.43400,0.53942,1399.1
quat2,0.82430,0.09137,-0.19765,-0.52260,1399.1
quat3,0.27528,-0.40743,-0.62719,-0.60403,1399.1
quat4,-0.15969,0.46659,0.86550,0.08776,1399.1
quat5,0.00000,0.63253,0.00000,0.77454,1399.1
quat6,0.00000,0.63253,0.00000,0.77454,1399.1
quat7,0.00000,0.63253,0.00000,0.77454,1399.1
quat8,0.00000,0.63253,0.00000,0.77454,1399.1
quat0,-0.74058,0.09060,-0.66582,-0.00355,1399.12
quat1,-0.58613,0.42100,0.43390,0.53939,1399.12
quat2,0.82347,0.09024,-0.19758,-0.52414,1399.12
quat3,0.28484,-0.40661,-0.62255,-0.60496,1399.12
quat4,-0.16374,0.46050,0.86785,0.08923,1399.12
quat5,0.00000,0.63253,0.00000,0.77454,1399.12
quat6,0.00000,0.63253,0.00000,0.77454,1399.12
quat7,0.00000,0.63253,0.00000,0.77454,1399.12
quat8,0.00000,0.63253,0.00000,0.77454,1399.12
quat0,-0.74215,0.09588,-0.66331,-0.00692,1399.14
quat1,-0.58372,0.42307,0.43299,0.54112,1399.14
quat2,0.82010,0.08914,-0.19518,-0.53046,1399.14
quat3,0.29118,-0.40613,-0.61719,-0.60774,1399.14
quat4,-0.16437,0.45998,0.86780,0.09121,1399.14
quat5,0.00000,0.63253,0.00000,0.77454,1399.14
quat6,0.00000,0.63253,0.00000,0.77454,1399.14
quat7,0.00000,0.63253,0.00000,0.77454,1399.14
quat8,0.00000,0.63253,0.00000,0.77454,1399.14
quat0,-0.73860,0.10034,-0.66652,-0.01226,1399.16
quat1,-0.58016,0.42555,0.42994,0.54541,1399.16
quat2,0.81440,0.08785,-0.19051,-0.54105,1399.16
quat3,0.29121,-0.40663,-0.61182,-0.61280,1399.16
quat4,-0.16336,0.46476,0.86511,0.09436,1399.16
quat5,0.00000,0.63253,0.00000,0.77454,1399.16
quat6,0.00000,0.63253,0.00000,0.77454,1399.16
quat7,0.00000,0.63253,0.00000,0.77454,1399.16
quat8,0.00000,0.63253,0.00000,0.77454,1399.16
quat0,-0.73801,0.10611,-0.66632,-0.01001,1399.18
quat1,-0.57537,0.42851,0.42462,0.55229,1399.18
quat2,0.80602,0.08638,-0.18443,-0.55574,1399.18
quat3,0.28385,-0.40798,-0.60742,-0.61970,1399.18
quat4,-0.16120,0.47483,0.85953,0.09878,1399.18
quat5,0.00000,0.63253,0.00000,0.77454,1399.18
quat6,0.00000,0.63253,0.00000,0.77454,1399.18
quat7,0.00000,0.63253,0.00000,0.77454,1399.18
quat8,0.00000,0.63253,0.00000,0.77454,1399.18
quat0,-0.73630,0.10475,-0.66840,-0.01142,1399.2
quat1,-0.56923,0.43109,0.41814,0.56151,1399.2
quat2,0.79514,0.08493,-0.17772,-0.57354,1399.2
quat3,0.27293,-0.41089,-0.60259,-0.62735,1399.2
quat4,-0.15664,0.49001,0.85127,0.10346,1399.2
quat5,0.00000,0.63253,0.00000,0.77454,1399.2
quat6,0.00000,0.63253,0.00000,0.77454,1399.2
quat7,0.00000,0.63253,0.00000,0.77454,1399.2
quat8,0.00000,0.63253,0.00000,0.77454,1399.2
quat0,-0.73402,0.11521,-0.66913,-0.01446,1399.22
quat1,-0.56062,0.43534,0.41222,0.57119,1399.22
quat2,0.78125,0.08246,-0.17160,-0.59448,1399.22
quat3,0.26275,-0.41462,-0.59503,-0.63639,1399.22
quat4,-0.14961,0.50972,0.84031,0.10810,1399.22
quat5,0.00000,0.63253,0.00000,0.77454,1399.22
quat6,0.00000,0.63253,0.00000,0.77454,1399.22
quat7,0.00000,0.63253,0.00000,0.77454,1399.22
quat8,0.00000,0.63253,0.00000,0.77454,1399.22
quat0,-0.73427,0.12862,-0.66626,-0.02007,1399.24
quat1,-0.54892,0.44166,0.40785,0.58076,1399.24
quat2,0.76438,0.07859,-0.16695,-0.61779,1399.24
quat3,0.25433,-0.41742,-0.58480,-0.64736,1399.24
quat4,-0.14061,0.53311,0.82671,0.11216,1399.24
quat5,0.00000,0.63253,0.00000,0.77454,1399.24
quat6,0.00000,0.63253,0.00000,0.77454,1399.24
quat7,0.00000,0.63253,0.00000,0.77454,1399.24
quat8,0.00000,0.63253,0.00000,0.77454,1399.24
quat0,-0.73262,0.13754,-0.66633,-0.01895,1399.26
quat1,-0.53451,0.45079,0.40396,0.58983,1399.26
quat2,0.74412,0.07143,-0.16575,-0.64320,1399.26
quat3,0.24749,-0.41929,-0.57137,-0.66067,1399.26
quat4,-0.13178,0.55955,0.80982,0.11719,1399.26
quat5,0.00000,0.63253,0.00000,0.77454,1399.26
quat6,0.00000,0.63253,0.00000,0.77454,1399.26
quat7,0.00000,0.63253,0.00000,0.77454,1399.26
quat8,0.00000,0.63253,0.00000,0.77454,1399.26
quat0,-0.73000,0.14555,-0.66730,-0.02515,1399.28
quat1,-0.51796,0.46204,0.39901,0.59919,1399.28
quat2,0.72087,0.06041,-0.16829,-0.66961,1399.28
quat3,0.24203,-0.42184,-0.55458,-0.67521,1399.28
quat4,-0.12632,0.58690,0.78991,0.12506,1399.28
quat5,0.00000,0.63253,0.00000,0.77454,1399.28
quat6,0.00000,0.63253,0.00000,0.77454,1399.28
quat7,0.00000,0.63253,0.00000,0.77454,1399.28
quat8,0.00000,0.63253,0.00000,0.77454,1399.28
quat0,-0.73251,0.16525,-0.65939,-0.03641,1399.3
quat1,-0.49841,0.47657,0.39356,0.60793,1399.3
quat2,0.69529,0.04617,-0.17223,-0.69626,1399.3
quat3,0.23571,-0.42387,-0.53562,-0.69130,1399.3
quat4,-0.12599,0.61413,0.76692,0.13713,1399.3
quat5,0.00000,0.63253,0.00000,0.77454,1399.3
quat6,0.00000,0.63253,0.00000,0.77454,1399.3
quat7,0.00000,0.63253,0.00000,0.77454,1399.3
quat8,0.00000,0.63253,0.00000,0.77454,1399.3
quat0,-0.73986,0.15608,-0.65422,-0.01562,1399.32
quat1,-0.47660,0.49320,0.38751,0.61599,1399.32
quat2,0.66817,0.03092,-0.17470,-0.72254,1399.32
quat3,0.22882,-0.42591,-0.51381,-0.70869,1399.32
quat4,-0.12777,0.64052,0.74172,0.15252,1399.32
quat5,0.00000,0.63253,0.00000,0.77454,1399.32
quat6,0.00000,0.63253,0.00000,0.77454,1399.32
quat7,0.00000,0.63253,0.00000,0.77454,1399.32
quat8,0.00000,0.63253,0.00000,0.77454,1399.32
quat0,-0.74384,0.13801,-0.65393,-0.00596,1399.34
quat1,-0.45239,0.51294,0.37882,0.62349,1399.34
quat2,0.63926,0.01552,-0.17616,-0.74838,1399.34
quat3,0.22392,-0.42938,-0.48764,-0.72643,1399.34
quat4,-0.13176,0.66520,0.71465,0.17153,1399.34
quat5,0.00000,0.63253,0.00000,0.77454,1399.34
quat6,0.00000,0.63253,0.00000,0.77454,1399.34
quat7,0.00000,0.63253,0.00000,0.77454,1399.34
quat8,0.00000,0.63253,0.00000,0.77454,1399.34
quat0,-0.73558,0.15150,-0.65993,-0.02152,1399.36
quat1,-0.42541,0.53537,0.36938,0.62926,1399.36
quat2,0.60848,0.00101,-0.17564,-0.77389,1399.36
quat3,0.21987,-0.43051,-0.45772,-0.74620,1399.36
quat4,-0.14139,0.68643,0.68549,0.19731,1399.36
quat5,0.00000,0.63253,0.00000,0.77454,1399.36
quat6,0.00000,0.63253,0.00000,0.77454,1399.36
quat7,0.00000,0.63253,0.00000,0.77454,1399.36
quat8,0.00000,0.63253,0.00000,0.77454,1399.36
quat0,-0.74774,0.13120,-0.65090,-0.00116,1399.38
quat1,-0.39796,0.55705,0.35875,0.63452,1399.38
quat2,0.57713,-0.01125,-0.17118,-0.79843,1399.38
quat3,0.21271,-0.42602,-0.42502,-0.76982,1399.38
quat4,-0.15621,0.70288,0.65447,0.23073,1399.38
quat5,0.00000,0.63253,0.00000,0.77454,1399.38
quat6,0.00000,0.63253,0.00000,0.77454,1399.38
quat7,0.00000,0.63253,0.00000,0.77454,1399.38
quat8,0.00000,0.63253,0.00000,0.77454,1399.38
quat0,-0.74127,0.14135,-0.65614,-0.00456,1399.4
quat1,-0.37259,0.57588,0.34590,0.64023,1399.4
quat2,0.54461,-0.02144,-0.16457,-0.82210,1399.4
quat3,0.20416,-0.41904,-0.39124,-0.79351,1399.4
quat4,-0.17018,0.71682,0.62134,0.26673,1399.4
quat5,0.00000,0.63253,0.00000,0.77454,1399.4
quat6,0.00000,0.63253,0.00000,0.77454,1399.4
quat7,0.00000,0.63253,0.00000,0.77454,1399.4
quat8,0.00000,0.63253,0.00000,0.77454,1399.4
quat0,-0.74313,0.14313,-0.65363,-0.00657,1399.42
quat1,-0.35096,0.59030,0.33064,0.64734,1399.42
quat2,0.51170,-0.02934,-0.15547,-0.84447,1399.42
quat3,0.19341,-0.41557,-0.36027,-0.81246,1399.42
quat4,-0.17940,0.72953,0.58735,0.30103,1399.42
quat5,0.00000,0.63253,0.00000,0.77454,1399.42
quat6,0.00000,0.63253,0.00000,0.77454,1399.42
quat7,0.00000,0.63253,0.00000,0.77454,1399.42
quat8,0.00000,0.63253,0.00000,0.77454,1399.42
quat0,-0.74006,0.13945,-0.65791,-0.00499,1399.44
quat1,-0.33205,0.59935,0.31397,0.65723,1399.44
quat2,0.47879,-0.03469,-0.14302,-0.86551,1399.44
quat3,0.17948,-0.41492,-0.33358,-0.82726,1399.44
quat4,-0.18452,0.74144,0.55252,0.33306,1399.44
quat5,0.00000,0.63253,0.00000,0.77454,1399.44
quat6,0.00000,0.63253,0.00000,0.77454,1399.44
quat7,0.00000,0.63253,0.00000,0.77454,1399.44
quat8,0.00000,0.63253,0.00000,0.77454,1399.44
quat0,-0.74579,0.13794,-0.65174,-0.00199,1399.46
quat1,-0.31412,0.60436,0.29827,0.66866,1399.46
quat2,0.44633,-0.03971,-0.12988,-0.88450,1399.46
quat3,0.16512,-0.41444,-0.30897,-0.83995,1399.46
quat4,-0.18642,0.75278,0.51763,0.36142,1399.46
quat5,0.00000,0.63253,0.00000,0.77454,1399.46
quat6,0.00000,0.63253,0.00000,0.77454,1399.46
quat7,0.00000,0.63253,0.00000,0.77454,1399.46
quat8,0.00000,0.63253,0.00000,0.77454,1399.46
quat0,-0.74650,0.14373,-0.64968,-0.00014,1399.48
quat1,-0.29558,0.60948,0.28328,0.67891,1399.48
quat2,0.41389,-0.04383,-0.11801,-0.90158,1399.48
quat3,0.14926,-0.41692,-0.28701,-0.84942,1399.48
quat4,-0.18294,0.76713,0.48211,0.38160,1399.48
quat5,0.00000,0.63253,0.00000,0.77454,1399.48
quat6,0.00000,0.63253,0.00000,0.77454,1399.48
quat7,0.00000,0.63253,0.00000,0.77454,1399.48
quat8,0.00000,0.63253,0.00000,0.77454,1399.48
quat0,-0.74669,0.14162,-0.64992,-0.00201,1399.5
quat1,-0.27722,0.61699,0.26860,0.68580,1399.5
quat2,0.38264,-0.04633,-0.10750,-0.91645,1399.5
quat3,0.13203,-0.42115,-0.26792,-0.85640,1399.5
quat4,-0.17655,0.78315,0.44687,0.39473,1399.5
quat5,0.00000,0.63253,0.00000,0.77454,1399.5
quat6,0.00000,0.63253,0.00000,0.77454,1399.5
quat7,0.00000,0.63253,0.00000,0.77454,1399.5
quat8,0.00000,0.63253,0.00000,0.77454,1399.5
quat0,-0.74403,0.14344,-0.65257,0.00190,1399.52
quat1,-0.25849,0.62670,0.25462,0.68964,1399.52
quat2,0.35224,-0.04812,-0.09895,-0.92942,1399.52
quat3,0.11486,-0.42508,-0.25076,-0.86211,1399.52
quat4,-0.17076,0.79831,0.41115,0.40558,1399.52
quat5,0.00000,0.63253,0.00000,0.77454,1399.52
quat6,0.00000,0.63253,0.00000,0.77454,1399.52
quat7,0.00000,0.63253,0.00000,0.77454,1399.52
quat8,0.00000,0.63253,0.00000,0.77454,1399.52
quat0,-0.75134,0.14144,-0.64453,0.00783,1399.54
quat1,-0.24061,0.63635,0.24005,0.69249,1399.54
quat2,0.32279,-0.05018,-0.09136,-0.94071,1399.54
quat3,0.09852,-0.42777,-0.23384,-0.86754,1399.54
quat4,-0.16629,0.81159,0.37592,0.41516,1399.54
quat5,0.00000,0.63253,0.00000,0.77454,1399.54
quat6,0.00000,0.63253,0.00000,0.77454,1399.54
quat7,0.00000,0.63253,0.00000,0.77454,1399.54
quat8,0.00000,0.63253,0.00000,0.77454,1399.54
quat0,-0.75343,0.14442,-0.64146,0.00395,1399.56
quat1,-0.22352,0.64491,0.22496,0.69536,1399.56
quat2,0.29342,-0.05034,-0.08335,-0.95101,1399.56
quat3,0.08134,-0.43151,-0.21561,-0.87218,1399.56
quat4,-0.16322,0.82278,0.34070,0.42463,1399.56
quat5,0.00000,0.63253,0.00000,0.77454,1399.56
quat6,0.00000,0.63253,0.00000,0.77454,1399.56
quat7,0.00000,0.63253,0.00000,0.77454,1399.56
quat8,0.00000,0.63253,0.00000,0.77454,1399.56
quat0,-0.74367,0.14163,-0.65332,0.00804,1399.58
quat1,-0.20772,0.65170,0.20994,0.69862,1399.58
quat2,0.26551,-0.04669,-0.07601,-0.95997,1399.58
quat3,0.06548,-0.43554,-0.19650,-0.87602,1399.58
quat4,-0.16363,0.82979,0.30731,0.43616,1399.58
quat5,0.00000,0.63253,0.00000,0.77454,1399.58
quat6,0.00000,0.63253,0.00000,0.77454,1399.58
quat7,0.00000,0.63253,0.00000,0.77454,1399.58
quat8,0.00000,0.63253,0.00000,0.77454,1399.58
quat0,-0.74859,0.13693,-0.64864,0.01136,1399.6
quat1,-0.19335,0.65654,0.19429,0.70273,1399.6
quat2,0.23808,-0.03979,-0.06967,-0.96793,1399.6
quat3,0.05015,-0.43898,-0.17828,-0.87920,1399.6
quat4,-0.16508,0.83574,0.27364,0.44655,1399.6
quat5,0.00000,0.63253,0.00000,0.77454,1399.6
quat6,0.00000,0.63253,0.00000,0.77454,1399.6
quat7,0.00000,0.63253,0.00000,0.77454,1399.6
quat8,0.00000,0.63253,0.00000,0.77454,1399.6
quat0,-0.75594,0.13599,-0.64023,0.01242,1399.62
quat1,-0.18020,0.65886,0.17865,0.70818,1399.62
quat2,0.21172,-0.03290,-0.06509,-0.97460,1399.62
quat3,0.03456,-0.44230,-0.16112,-0.88160,1399.62
quat4,-0.16653,0.84288,0.24110,0.45132,1399.62
quat5,0.00000,0.63253,0.00000,0.77454,1399.62
quat6,0.00000,0.63253,0.00000,0.77454,1399.62
quat7,0.00000,0.63253,0.00000,0.77454,1399.62
quat8,0.00000,0.63253,0.00000,0.77454,1399.62
quat0,-0.74758,0.13374,-0.65045,0.01224,1399.64
quat1,-0.16753,0.66031,0.16323,0.71364,1399.64
quat2,0.18586,-0.02858,-0.06197,-0.98020,1399.64
quat3,0.02003,-0.44511,-0.14550,-0.88335,1399.64
quat4,-0.16722,0.85163,0.21099,0.44972,1399.64
quat5,0.00000,0.63253,0.00000,0.77454,1399.64
quat6,0.00000,0.63253,0.00000,0.77454,1399.64
quat7,0.00000,0.63253,0.00000,0.77454,1399.64
quat8,0.00000,0.63253,0.00000,0.77454,1399.64
quat0,-0.76126,0.12816,-0.63520,0.02409,1399.66
quat1,-0.15524,0.66201,0.14881,0.71798,1399.66
quat2,0.16129,-0.02751,-0.06018,-0.98469,1399.66
quat3,0.00667,-0.44516,-0.13130,-0.88575,1399.66
quat4,-0.16664,0.85970,0.18606,0.44556,1399.66
quat5,0.00000,0.63253,0.00000,0.77454,1399.66
quat6,0.00000,0.63253,0.00000,0.77454,1399.66
quat7,0.00000,0.63253,0.00000,0.77454,1399.66
quat8,0.00000,0.63253,0.00000,0.77454,1399.66
quat0,-0.75547,0.12041,-0.64360,0.02321,1399.68
quat1,-0.14282,0.66491,0.13581,0.72046,1399.68
quat2,0.13791,-0.02823,-0.05955,-0.98825,1399.68
quat3,-0.00619,-0.44623,-0.11772,-0.88712,1399.68
quat4,-0.16577,0.86541,0.16195,0.44424,1399.68
quat5,0.00000,0.63253,0.00000,0.77454,1399.68
quat6,0.00000,0.63253,0.00000,0.77454,1399.68
quat7,0.00000,0.63253,0.00000,0.77454,1399.68
quat8,0.00000,0.63253,0.00000,0.77454,1399.68
quat0,-0.75163,0.12550,-0.64728,0.01801,1399.7
quat1,-0.13018,0.66750,0.12421,0.72255,1399.7
quat2,0.11697,-0.03051,-0.05956,-0.99088,1399.7
quat3,-0.01560,-0.44621,-0.10589,-0.88851,1399.7
quat4,-0.16433,0.87054,0.14065,0.44201,1399.7
quat5,0.00000,0.63253,0.00000,0.77454,1399.7
quat6,0.00000,0.63253,0.00000,0.77454,1399.7
quat7,0.00000,0.63253,0.00000,0.77454,1399.7
quat8,0.00000,0.63253,0.00000,0.77454,1399.7
quat0,-0.75966,0.12168,-0.63821,0.02805,1399.72
quat1,-0.11870,0.66909,0.11436,0.72468,1399.72
quat2,0.09776,-0.03389,-0.05978,-0.99283,1399.72
quat3,-0.02200,-0.44538,-0.09641,-0.88986,1399.72
quat4,-0.16429,0.87187,0.12463,0.44421,1399.72
quat5,0.00000,0.63253,0.00000,0.77454,1399.72
quat6,0.00000,0.63253,0.00000,0.77454,1399.72
quat7,0.00000,0.63253,0.00000,0.77454,1399.72
quat8,0.00000,0.63253,0.00000,0.77454,1399.72
quat0,-0.76155,0.10971,-0.63782,0.03439,1399.74
quat1,-0.10936,0.66933,0.10817,0.72687,1399.74
quat2,0.08262,-0.03479,-0.05991,-0.99417,1399.74
quat3,-0.02755,-0.44477,-0.09053,-0.89063,1399.74
quat4,-0.16235,0.87843,0.11689,0.43399,1399.74
quat5,0.00000,0.63253,0.00000,0.77454,1399.74
quat6,0.00000,0.63253,0.00000,0.77454,1399.74
quat7,0.00000,0.63253,0.00000,0.77454,1399.74
quat8,0.00000,0.63253,0.00000,0.77454,1399.74
quat0,-0.75524,0.11950,-0.64405,0.02305,1399.76
quat1,-0.10366,0.66629,0.10437,0.73104,1399.76
quat2,0.07183,-0.04187,-0.06118,-0.99466,1399.76
quat3,-0.02863,-0.44264,-0.08969,-0.89175,1399.76
quat4,-0.16013,0.87279,0.11098,0.44753,1399.76
quat5,0.00000,0.63253,0.00000,0.77454,1399.76
quat6,0.00000,0.63253,0.00000,0.77454,1399.76
quat7,0.00000,0.63253,0.00000,0.77454,1399.76
quat8,0.00000,0.63253,0.00000,0.77454,1399.76
quat0,-0.75877,0.12753,-0.63827,0.02483,1399.78
quat1,-0.10088,0.65782,0.10501,0.73897,1399.78
quat2,0.06708,-0.03996,-0.06181,-0.99503,1399.78
quat3,-0.02790,-0.44152,-0.09336,-0.89194,1399.78
quat4,-0.15516,0.86902,0.11895,0.45452,1399.78
quat5,0.00000,0.63253,0.00000,0.77454,1399.78
quat6,0.00000,0.63253,0.00000,0.77454,1399.78
quat7,0.00000,0.63253,0.00000,0.77454,1399.78
quat8,0.00000,0.63253,0.00000,0.77454,1399.78
quat0,-0.75921,0.11879,-0.63904,0.03333,1399.8
quat1,-0.10271,0.64659,0.11146,0.74763,1399.8
quat2,0.06923,-0.01719,-0.05654,-0.99585,1399.8
quat3,-0.02559,-0.44035,-0.10156,-0.89170,1399.8
quat4,-0.15157,0.86592,0.12886,0.45891,1399.8
quat5,0.00000,0.63253,0.00000,0.77454,1399.8
quat6,0.00000,0.63253,0.00000,0.77454,1399.8
quat7,0.00000,0.63253,0.00000,0.77454,1399.8
quat8,0.00000,0.63253,0.00000,0.77454,1399.8
quat0,-0.76229,0.12646,-0.63435,0.02277,1399.82
quat1,-0.11051,0.63597,0.12203,0.75395,1399.82
quat2,0.07500,-0.00732,-0.05828,-0.99545,1399.82
quat3,-0.02048,-0.43843,-0.11421,-0.89124,1399.82
quat4,-0.14869,0.87455,0.14616,0.43784,1399.82
quat5,0.00000,0.63253,0.00000,0.77454,1399.82
quat6,0.00000,0.63253,0.00000,0.77454,1399.82
quat7,0.00000,0.63253,0.00000,0.77454,1399.82
quat8,0.00000,0.63253,0.00000,0.77454,1399.82
quat0,-0.76541,0.11515,-0.63255,0.02771,1399.84
quat1,-0.12529,0.62221,0.13600,0.76070,1399.84
quat2,0.09410,0.02559,-0.05722,-0.99359,1399.84
quat3,-0.01030,-0.43496,-0.13331,-0.89047,1399.84
quat4,-0.14341,0.88469,0.16633,0.41120,1399.84
quat5,0.00000,0.63253,0.00000,0.77454,1399.84
quat6,0.00000,0.63253,0.00000,0.77454,1399.84
quat7,0.00000,0.63253,0.00000,0.77454,1399.84
quat8,0.00000,0.63253,0.00000,0.77454,1399.84
quat0,-0.76670,0.10770,-0.63248,0.02322,1399.86
quat1,-0.14573,0.60427,0.15374,0.76811,1399.86
quat2,0.12114,0.06079,-0.05647,-0.98916,1399.86
quat3,0.00530,-0.43424,-0.15952,-0.88654,1399.86
quat4,-0.13666,0.89066,0.19335,0.38815,1399.86
quat5,0.00000,0.63253,0.00000,0.77454,1399.86
quat6,0.00000,0.63253,0.00000,0.77454,1399.86
quat7,0.00000,0.63253,0.00000,0.77454,1399.86
quat8,0.00000,0.63253,0.00000,0.77454,1399.86
quat0,-0.76915,0.13243,-0.62517,0.00580,1399.88
quat1,-0.17139,0.58407,0.17330,0.77425,1399.88
quat2,0.15268,0.08085,-0.06012,-0.98313,1399.88
quat3,0.02341,-0.43592,-0.18980,-0.87943,1399.88
quat4,-0.12929,0.89050,0.22768,0.37210,1399.88
quat5,0.00000,0.63253,0.00000,0.77454,1399.88
quat6,0.00000,0.63253,0.00000,0.77454,1399.88
quat7,0.00000,0.63253,0.00000,0.77454,1399.88
quat8,0.00000,0.63253,0.00000,0.77454,1399.88
quat0,-0.76119,0.14131,-0.63290,0.00719,1399.9
quat1,-0.19899,0.56727,0.19458,0.77508,1399.9
quat2,0.18714,0.08829,-0.06653,-0.97609,1399.9
quat3,0.04311,-0.43646,-0.21968,-0.87143,1399.9
quat4,-0.12208,0.88611,0.26647,0.35903,1399.9
quat5,0.00000,0.63253,0.00000,0.77454,1399.9
quat6,0.00000,0.63253,0.00000,0.77454,1399.9
quat7,0.00000,0.63253,0.00000,0.77454,1399.9
quat8,0.00000,0.63253,0.00000,0.77454,1399.9
quat0,-0.75915,0.13992,-0.63570,-0.00047,1399.92
quat1,-0.22560,0.55667,0.21718,0.76945,1399.92
quat2,0.22702,0.09303,-0.07460,-0.96656,1399.92
quat3,0.06614,-0.43312,-0.24756,-0.86415,1399.92
quat4,-0.11570,0.87586,0.30947,0.35172,1399.92
quat5,0.00000,0.63253,0.00000,0.77454,1399.92
quat6,0.00000,0.63253,0.00000,0.77454,1399.92
quat7,0.00000,0.63253,0.00000,0.77454,1399.92
quat8,0.00000,0.63253,0.00000,0.77454,1399.92
quat0,-0.75902,0.14149,-0.63550,-0.00239,1399.94
quat1,-0.24980,0.55351,0.24116,0.75702,1399.94
quat2,0.26840,0.09706,-0.08408,-0.95471,1399.94
quat3,0.09266,-0.42410,-0.27254,-0.85864,1399.94
quat4,-0.11238,0.86067,0.35403,0.34824,1399.94
quat5,0.00000,0.63253,0.00000,0.77454,1399.94
quat6,0.00000,0.63253,0.00000,0.77454,1399.94
quat7,0.00000,0.63253,0.00000,0.77454,1399.94
quat8,0.00000,0.63253,0.00000,0.77454,1399.94
quat0,-0.75670,0.14590,-0.63726,-0.00521,1399.96
quat1,-0.27216,0.55291,0.26680,0.74097,1399.96
quat2,0.31211,0.10082,-0.09382,-0.94001,1399.96
quat3,0.12180,-0.41075,-0.29397,-0.85442,1399.96
quat4,-0.11231,0.84148,0.40069,0.34459,1399.96
quat5,0.00000,0.63253,0.00000,0.77454,1399.96
quat6,0.00000,0.63253,0.00000,0.77454,1399.96
quat7,0.00000,0.63253,0.00000,0.77454,1399.96
quat8,0.00000,0.63253,0.00000,0.77454,1399.96
quat0,-0.75350,0.14200,-0.64186,-0.00974,1399.98
quat1,-0.29605,0.54910,0.29193,0.72500,1399.98
quat2,0.35608,0.10496,-0.10364,-0.92274,1399.98
quat3,0.15210,-0.39913,-0.31372,-0.84802,1399.98
quat4,-0.11385,0.82106,0.44652,0.33694,1399.98
quat5,0.00000,0.63253,0.00000,0.77454,1399.98
quat6,0.00000,0.63253,0.00000,0.77454,1399.98
quat7,0.00000,0.63253,0.00000,0.77454,1399.98
quat8,0.00000,0.63253,0.00000,0.77454,1399.98
quat0,-0.74471,0.13927,-0.65260,-0.01083,1400
quat1,-0.32253,0.54061,0.31587,0.70988,1400
quat2,0.40074,0.11127,-0.11224,-0.90246,1400
quat3,0.18067,-0.39295,-0.33621,-0.83661,1400
quat4,-0.11442,0.80010,0.49210,0.32340,1400
quat5,0.00000,0.63253,0.00000,0.77454,1400
quat6,0.00000,0.63253,0.00000,0.77454,1400
quat7,0.00000,0.63253,0.00000,0.77454,1400
quat8,0.00000,0.63253,0.00000,0.77454,1400
quat0,-0.74804,0.14394,-0.64773,-0.01285,1400.02
quat1,-0.35129,0.52743,0.33823,0.69571,1400.02
quat2,0.44431,0.12027,-0.11592,-0.88016,1400.02
quat3,0.20225,-0.39559,-0.36296,-0.81906,1400.02
quat4,-0.11438,0.77874,0.53576,0.30568,1400.02
quat5,0.00000,0.63253,0.00000,0.77454,1400.02
quat6,0.00000,0.63253,0.00000,0.77454,1400.02
quat7,0.00000,0.63253,0.00000,0.77454,1400.02
quat8,0.00000,0.63253,0.00000,0.77454,1400.02
quat0,-0.73769,0.15533,-0.65672,-0.02022,1400.04
quat1,-0.37832,0.50892,0.35987,0.68438,1400.04
quat2,0.48810,0.12972,-0.11414,-0.85552,1400.04
quat3,0.21691,-0.40361,-0.39398,-0.79676,1400.04
quat4,-0.11344,0.75663,0.57746,0.28492,1400.04
quat5,0.00000,0.63253,0.00000,0.77454,1400.04
quat6,0.00000,0.63253,0.00000,0.77454,1400.04
quat7,0.00000,0.63253,0.00000,0.77454,1400.04
quat8,0.00000,0.63253,0.00000,0.77454,1400.04
quat0,-0.74212,0.14334,-0.65468,-0.01017,1400.06
quat1,-0.40526,0.48925,0.37951,0.67259,1400.06
quat2,0.53073,0.13656,-0.10860,-0.82939,1400.06
quat3,0.22535,-0.41456,-0.42459,-0.77272,1400.06
quat4,-0.11047,0.73410,0.61689,0.26141,1400.06
quat5,0.00000,0.63253,0.00000,0.77454,1400.06
quat6,0.00000,0.63253,0.00000,0.77454,1400.06
quat7,0.00000,0.63253,0.00000,0.77454,1400.06
quat8,0.00000,0.63253,0.00000,0.77454,1400.06
quat0,-0.73926,0.13764,-0.65918,-0.00582,1400.08
quat1,-0.42528,0.47135,0.39934,0.66143,1400.08
quat2,0.57176,0.13898,-0.10406,-0.80184,1400.08
quat3,0.23090,-0.42352,-0.45399,-0.74914,1400.08
quat4,-0.10677,0.70979,0.65451,0.23752,1400.08
quat5,0.00000,0.63253,0.00000,0.77454,1400.08
quat6,0.00000,0.63253,0.00000,0.77454,1400.08
quat7,0.00000,0.63253,0.00000,0.77454,1400.08
quat8,0.00000,0.63253,0.00000,0.77454,1400.08
quat0,-0.74448,0.12503,-0.65573,-0.01178,1400.1
quat1,-0.43774,0.46226,0.42102,0.64610,1400.1
quat2,0.60869,0.13521,-0.10445,-0.77480,1400.1
quat3,0.23725,-0.42638,-0.47882,-0.72982,1400.1
quat4,-0.10400,0.68366,0.68948,0.21543,1400.1
quat5,0.00000,0.63253,0.00000,0.77454,1400.1
quat6,0.00000,0.63253,0.00000,0.77454,1400.1
quat7,0.00000,0.63253,0.00000,0.77454,1400.1
quat8,0.00000,0.63253,0.00000,0.77454,1400.1
quat0,-0.74350,0.11402,-0.65894,-0.00221,1400.12
quat1,-0.44143,0.46142,0.44415,0.62846,1400.12
quat2,0.64148,0.12604,-0.11193,-0.74839,1400.12
quat3,0.24728,-0.42393,-0.49730,-0.71542,1400.12
quat4,-0.10381,0.65685,0.72070,0.19589,1400.12
quat5,0.00000,0.63253,0.00000,0.77454,1400.12
quat6,0.00000,0.63253,0.00000,0.77454,1400.12
quat7,0.00000,0.63253,0.00000,0.77454,1400.12
quat8,0.00000,0.63253,0.00000,0.77454,1400.12
quat0,-0.75237,0.12012,-0.64767,0.00530,1400.14
quat1,-0.44337,0.45869,0.46459,0.61415,1400.14
quat2,0.67060,0.11093,-0.12731,-0.72234,1400.14
quat3,0.25820,-0.42071,-0.51186,-0.70309,1400.14
quat4,-0.10577,0.62949,0.74885,0.17829,1400.14
quat5,0.00000,0.63253,0.00000,0.77454,1400.14
quat6,0.00000,0.63253,0.00000,0.77454,1400.14
quat7,0.00000,0.63253,0.00000,0.77454,1400.14
quat8,0.00000,0.63253,0.00000,0.77454,1400.14
quat0,-0.74882,0.11606,-0.65253,0.00154,1400.16
quat1,-0.44736,0.45353,0.47966,0.60341,1400.16
quat2,0.69681,0.09442,-0.14788,-0.69546,1400.16
quat3,0.26621,-0.41891,-0.52650,-0.69025,1400.16
quat4,-0.10986,0.60183,0.77392,0.16364,1400.16
quat5,0.00000,0.63253,0.00000,0.77454,1400.16
quat6,0.00000,0.63253,0.00000,0.77454,1400.16
quat7,0.00000,0.63253,0.00000,0.77454,1400.16
quat8,0.00000,0.63253,0.00000,0.77454,1400.16
quat0,-0.74635,0.10189,-0.65763,0.00983,1400.18
quat1,-0.45502,0.44602,0.48906,0.59569,1400.18
quat2,0.72025,0.08059,-0.16972,-0.66779,1400.18
quat3,0.26982,-0.41868,-0.54184,-0.67699,1400.18
quat4,-0.11550,0.57450,0.79624,0.15037,1400.18
quat5,0.00000,0.63253,0.00000,0.77454,1400.18
quat6,0.00000,0.63253,0.00000,0.77454,1400.18
quat7,0.00000,0.63253,0.00000,0.77454,1400.18
quat8,0.00000,0.63253,0.00000,0.77454,1400.18
quat0,-0.74647,0.10800,-0.65657,0.00594,1400.2
quat1,-0.46748,0.43790,0.49243,0.58926,1400.2
quat2,0.74198,0.07222,-0.18849,-0.63932,1400.2
quat3,0.27005,-0.41854,-0.55755,-0.66411,1400.2
quat4,-0.11920,0.55023,0.81505,0.13685,1400.2
quat5,0.00000,0.63253,0.00000,0.77454,1400.2
quat6,0.00000,0.63253,0.00000,0.77454,1400.2
quat7,0.00000,0.63253,0.00000,0.77454,1400.2
quat8,0.00000,0.63253,0.00000,0.77454,1400.2
quat0,-0.75457,0.09858,-0.64849,0.01906,1400.22
quat1,-0.48275,0.43122,0.49198,0.58220,1400.22
quat2,0.76196,0.06957,-0.20235,-0.61125,1400.22
quat3,0.26778,-0.41842,-0.57240,-0.65236,1400.22
quat4,-0.12054,0.52955,0.83061,0.12305,1400.22
quat5,0.00000,0.63253,0.00000,0.77454,1400.22
quat6,0.00000,0.63253,0.00000,0.77454,1400.22
quat7,0.00000,0.63253,0.00000,0.77454,1400.22
quat8,0.00000,0.63253,0.00000,0.77454,1400.22
quat0,-0.74878,0.10346,-0.65459,0.01178,1400.24
quat1,-0.49992,0.42602,0.48848,0.57444,1400.24
quat2,0.77809,0.07008,-0.21209,-0.58710,1400.24
quat3,0.26491,-0.41765,-0.58578,-0.64207,1400.24
quat4,-0.11949,0.51285,0.84295,0.11020,1400.24
quat5,0.00000,0.63253,0.00000,0.77454,1400.24
quat6,0.00000,0.63253,0.00000,0.77454,1400.24
quat7,0.00000,0.63253,0.00000,0.77454,1400.24
quat8,0.00000,0.63253,0.00000,0.77454,1400.24
quat0,-0.75047,0.09142,-0.65438,0.01499,1400.26
quat1,-0.51549,0.42156,0.48435,0.56742,1400.26
quat2,0.79073,0.07331,-0.21715,-0.56765,1400.26
quat3,0.26290,-0.41623,-0.59648,-0.63391,1400.26
quat4,-0.11836,0.49943,0.85238,0.10002,1400.26
quat5,0.00000,0.63253,0.00000,0.77454,1400.26
quat6,0.00000,0.63253,0.00000,0.77454,1400.26
quat7,0.00000,0.63253,0.00000,0.77454,1400.26
quat8,0.00000,0.63253,0.00000,0.77454,1400.26
quat0,-0.74926,0.09611,-0.65520,0.00931,1400.28
quat1,-0.52818,0.41772,0.48132,0.56112,1400.28
quat2,0.80070,0.07832,-0.21661,-0.55301,1400.28
quat3,0.26211,-0.41342,-0.60506,-0.62793,1400.28
quat4,-0.11791,0.48961,0.85889,0.09315,1400.28
quat5,0.00000,0.63253,0.00000,0.77454,1400.28
quat6,0.00000,0.63253,0.00000,0.77454,1400.28
quat7,0.00000,0.63253,0.00000,0.77454,1400.28
quat8,0.00000,0.63253,0.00000,0.77454,1400.28
quat0,-0.74841,0.09278,-0.65664,0.00996,1400.3
quat1,-0.53912,0.41441,0.47839,0.55566,1400.3
quat2,0.80766,0.08307,-0.21383,-0.54320,1400.3
quat3,0.26097,-0.41097,-0.61141,-0.62384,1400.3
quat4,-0.11798,0.48271,0.86318,0.08944,1400.3
quat5,0.00000,0.63253,0.00000,0.77454,1400.3
quat6,0.00000,0.63253,0.00000,0.77454,1400.3
quat7,0.00000,0.63253,0.00000,0.77454,1400.3
quat8,0.00000,0.63253,0.00000,0.77454,1400.3
quat0,-0.74962,0.10111,-0.65409,0.00332,1400.32
quat1,-0.54815,0.41197,0.47494,0.55158,1400.32
quat2,0.81167,0.08719,-0.20872,-0.53855,1400.32
quat3,0.25938,-0.40991,-0.61508,-0.62159,1400.32
quat4,-0.11779,0.47976,0.86501,0.08789,1400.32
quat5,0.00000,0.63253,0.00000,0.77454,1400.32
quat6,0.00000,0.63253,0.00000,0.77454,1400.32
quat7,0.00000,0.63253,0.00000,0.77454,1400.32
quat8,0.00000,0.63253,0.00000,0.77454,1400.32
quat0,-0.74972,0.10442,-0.65346,0.00319,1400.34
quat1,-0.55466,0.41040,0.47101,0.54962,1400.34
quat2,0.81339,0.09070,-0.20133,-0.53818,1400.34
quat3,0.25700,-0.40929,-0.61657,-0.62151,1400.34
quat4,-0.11599,0.48055,0.86480,0.08799,1400.34
quat5,0.00000,0.63253,0.00000,0.77454,1400.34
quat6,0.00000,0.63253,0.00000,0.77454,1400.34
quat7,0.00000,0.63253,0.00000,0.77454,1400.34
quat8,0.00000,0.63253,0.00000,0.77454,1400.34
quat0,-0.74914,0.10187,-0.65452,0.00372,1400.36
quat1,-0.55765,0.41059,0.46743,0.54950,1400.36
quat2,0.81270,0.09338,-0.19375,-0.54153,1400.36
quat3,0.25443,-0.40941,-0.61562,-0.62343,1400.36
quat4,-0.11291,0.48491,0.86256,0.09005,1400.36
quat5,0.00000,0.63253,0.00000,0.77454,1400.36
quat6,0.00000,0.63253,0.00000,0.77454,1400.36
quat7,0.00000,0.63253,0.00000,0.77454,1400.36
quat8,0.00000,0.63253,0.00000,0.77454,1400.36
quat0,-0.74590,0.10945,-0.65701,-0.00102,1400.38
quat1,-0.55695,0.41178,0.46485,0.55150,1400.38
quat2,0.80967,0.09479,-0.18674,-0.54825,1400.38
quat3,0.25267,-0.41034,-0.61148,-0.62759,1400.38
quat4,-0.11013,0.49231,0.85819,0.09492,1400.38
quat5,0.00000,0.63253,0.00000,0.77454,1400.38
quat6,0.00000,0.63253,0.00000,0.77454,1400.38
quat7,0.00000,0.63253,0.00000,0.77454,1400.38
quat8,0.00000,0.63253,0.00000,0.77454,1400.38
quat0,-0.74215,0.11520,-0.66026,-0.00157,1400.4
quat1,-0.55385,0.41531,0.46183,0.55451,1400.4
quat2,0.80470,0.09463,-0.18131,-0.55734,1400.4
quat3,0.25023,-0.41203,-0.60506,-0.63366,1400.4
quat4,-0.10776,0.50231,0.85189,0.10172,1400.4
quat5,0.00000,0.63253,0.00000,0.77454,1400.4
quat6,0.00000,0.63253,0.00000,0.77454,1400.4
quat7,0.00000,0.63253,0.00000,0.77454,1400.4
quat8,0.00000,0.63253,0.00000,0.77454,1400.4
quat0,-0.74540,0.11654,-0.65635,-0.00171,1400.42
quat1,-0.54784,0.41956,0.45844,0.56007,1400.42
quat2,0.79707,0.09255,-0.17860,-0.56941,1400.42
quat3,0.24710,-0.41419,-0.59644,-0.64160,1400.42
quat4,-0.10610,0.51506,0.84336,0.11048,1400.42
quat5,0.00000,0.63253,0.00000,0.77454,1400.42
quat6,0.00000,0.63253,0.00000,0.77454,1400.42
quat7,0.00000,0.63253,0.00000,0.77454,1400.42
quat8,0.00000,0.63253,0.00000,0.77454,1400.42
quat0,-0.73825,0.12045,-0.66369,-0.00058,1400.44
quat1,-0.53981,0.42548,0.45471,0.56640,1400.44
quat2,0.78701,0.08837,-0.17829,-0.58397,1400.44
quat3,0.24375,-0.41646,-0.58549,-0.65142,1400.44
quat4,-0.10475,0.53043,0.83259,0.12031,1400.44
quat5,0.00000,0.63253,0.00000,0.77454,1400.44
quat6,0.00000,0.63253,0.00000,0.77454,1400.44
quat7,0.00000,0.63253,0.00000,0.77454,1400.44
quat8,0.00000,0.63253,0.00000,0.77454,1400.44
quat0,-0.73735,0.13390,-0.66204,-0.01000,1400.46
quat1,-0.52918,0.43363,0.45125,0.57299,1400.46
quat2,0.77448,0.08319,-0.17918,-0.60096,1400.46
quat3,0.24030,-0.41806,-0.57253,-0.66309,1400.46
quat4,-0.10362,0.54844,0.81923,0.13167,1400.46
quat5,0.00000,0.63253,0.00000,0.77454,1400.46
quat6,0.00000,0.63253,0.00000,0.77454,1400.46
quat7,0.00000,0.63253,0.00000,0.77454,1400.46
quat8,0.00000,0.63253,0.00000,0.77454,1400.46
quat0,-0.73404,0.13274,-0.66600,-0.00385,1400.48
quat1,-0.51740,0.44320,0.44670,0.57994,1400.48
quat2,0.76003,0.07695,-0.18018,-0.61965,1400.48
quat3,0.23685,-0.41917,-0.55792,-0.67596,1400.48
quat4,-0.10185,0.56870,0.80341,0.14402,1400.48
quat5,0.00000,0.63253,0.00000,0.77454,1400.48
quat6,0.00000,0.63253,0.00000,0.77454,1400.48
quat7,0.00000,0.63253,0.00000,0.77454,1400.48
quat8,0.00000,0.63253,0.00000,0.77454,1400.48
quat0,-0.73077,0.13496,-0.66914,-0.00373,1400.5
quat1,-0.50396,0.45392,0.44151,0.58741,1400.5
quat2,0.74290,0.06909,-0.18234,-0.64038,1400.5
quat3,0.23265,-0.42062,-0.54171,-0.68957,1400.5
quat4,-0.10041,0.59008,0.78542,0.15761,1400.5
quat5,0.00000,0.63253,0.00000,0.77454,1400.5
quat6,0.00000,0.63253,0.00000,0.77454,1400.5
quat7,0.00000,0.63253,0.00000,0.77454,1400.5
quat8,0.00000,0.63253,0.00000,0.77454,1400.5
quat0,-0.73145,0.15056,-0.66491,-0.01431,1400.52
quat1,-0.48861,0.46539,0.43593,0.59551,1400.52
quat2,0.72264,0.05927,-0.18600,-0.66309,1400.52
quat3,0.22735,-0.42182,-0.52357,-0.70445,1400.52
quat4,-0.10079,0.61184,0.76533,0.17255,1400.52
quat5,0.00000,0.63253,0.00000,0.77454,1400.52
quat6,0.00000,0.63253,0.00000,0.77454,1400.52
quat7,0.00000,0.63253,0.00000,0.77454,1400.52
quat8,0.00000,0.63253,0.00000,0.77454,1400.52
quat0,-0.72916,0.16828,-0.66298,-0.02132,1400.54
quat1,-0.47384,0.47879,0.42712,0.60317,1400.54
quat2,0.69955,0.04815,-0.18997,-0.68719,1400.54
quat3,0.22118,-0.42269,-0.50369,-0.72022,1400.54
quat4,-0.10280,0.63326,0.74318,0.19002,1400.54
quat5,0.00000,0.63253,0.00000,0.77454,1400.54
quat6,0.00000,0.63253,0.00000,0.77454,1400.54
quat7,0.00000,0.63253,0.00000,0.77454,1400.54
quat8,0.00000,0.63253,0.00000,0.77454,1400.54
quat0,-0.72876,0.15010,-0.66806,-0.00848,1400.56
quat1,-0.45735,0.49430,0.41644,0.61080,1400.56
quat2,0.67516,0.03717,-0.19244,-0.71116,1400.56
quat3,0.21391,-0.42371,-0.48105,-0.73709,1400.56
quat4,-0.10608,0.65407,0.71901,0.20968,1400.56
quat5,0.00000,0.63253,0.00000,0.77454,1400.56
quat6,0.00000,0.63253,0.00000,0.77454,1400.56
quat7,0.00000,0.63253,0.00000,0.77454,1400.56
quat8,0.00000,0.63253,0.00000,0.77454,1400.56
quat0,-0.73654,0.14026,-0.66169,0.00188,1400.58
quat1,-0.44050,0.50995,0.40387,0.61870,1400.58
quat2,0.65010,0.02761,-0.19209,-0.73465,1400.58
quat3,0.20700,-0.42220,-0.45594,-0.75566,1400.58
quat4,-0.11159,0.67386,0.69270,0.23157,1400.58
quat5,0.00000,0.63253,0.00000,0.77454,1400.58
quat6,0.00000,0.63253,0.00000,0.77454,1400.58
quat7,0.00000,0.63253,0.00000,0.77454,1400.58
quat8,0.00000,0.63253,0.00000,0.77454,1400.58
quat0,-0.74089,0.14293,-0.65623,0.00181,1400.6
quat1,-0.42295,0.52555,0.39008,0.62670,1400.6
quat2,0.62388,0.01909,-0.18815,-0.75829,1400.6
quat3,0.19802,-0.41888,-0.43115,-0.77423,1400.6
quat4,-0.11646,0.69327,0.66433,0.25393,1400.6
quat5,0.00000,0.63253,0.00000,0.77454,1400.6
quat6,0.00000,0.63253,0.00000,0.77454,1400.6
quat7,0.00000,0.63253,0.00000,0.77454,1400.6
quat8,0.00000,0.63253,0.00000,0.77454,1400.6
quat0,-0.73726,0.14418,-0.66001,0.00670,1400.62
quat1,-0.40376,0.54111,0.37575,0.63481,1400.62
quat2,0.59632,0.01034,-0.18168,-0.78185,1400.62
quat3,0.18656,-0.41515,-0.40643,-0.79225,1400.62
quat4,-0.11998,0.71197,0.63470,0.27543,1400.62
quat5,0.00000,0.63253,0.00000,0.77454,1400.62
quat6,0.00000,0.63253,0.00000,0.77454,1400.62
quat7,0.00000,0.63253,0.00000,0.77454,1400.62
quat8,0.00000,0.63253,0.00000,0.77454,1400.62
quat0,-0.74120,0.13375,-0.65771,0.01231,1400.64
quat1,-0.38323,0.55583,0.36075,0.64346,1400.64
quat2,0.56722,0.00056,-0.17541,-0.80467,1400.64
quat3,0.17394,-0.41068,-0.38100,-0.80989,1400.64
quat4,-0.12217,0.73039,0.60290,0.29686,1400.64
quat5,0.00000,0.63253,0.00000,0.77454,1400.64
quat6,0.00000,0.63253,0.00000,0.77454,1400.64
quat7,0.00000,0.63253,0.00000,0.77454,1400.64
quat8,0.00000,0.63253,0.00000,0.77454,1400.64
quat0,-0.73889,0.15400,-0.65597,-0.00567,1400.66
quat1,-0.36283,0.56958,0.34493,0.65189,1400.66
quat2,0.53642,-0.01092,-0.16964,-0.82666,1400.66
quat3,0.16104,-0.40627,-0.35707,-0.82554,1400.66
quat4,-0.12273,0.74848,0.56954,0.31677,1400.66
quat5,0.00000,0.63253,0.00000,0.77454,1400.66
quat6,0.00000,0.63253,0.00000,0.77454,1400.66
quat7,0.00000,0.63253,0.00000,0.77454,1400.66
quat8,0.00000,0.63253,0.00000,0.77454,1400.66
quat0,-0.74593,0.13227,-0.65253,0.01729,1400.68
quat1,-0.34178,0.58199,0.32993,0.66002,1400.68
quat2,0.50413,-0.02134,-0.16071,-0.84828,1400.68
quat3,0.14563,-0.40526,-0.33514,-0.83800,1400.68
quat4,-0.12138,0.76588,0.53481,0.33567,1400.68
quat5,0.00000,0.63253,0.00000,0.77454,1400.68
quat6,0.00000,0.63253,0.00000,0.77454,1400.68
quat7,0.00000,0.63253,0.00000,0.77454,1400.68
quat8,0.00000,0.63253,0.00000,0.77454,1400.68
quat0,-0.74725,0.12755,-0.65194,0.01808,1400.7
quat1,-0.32032,0.59406,0.31464,0.66744,1400.7
quat2,0.47248,-0.02996,-0.14939,-0.86807,1400.7
quat3,0.12897,-0.40627,-0.31460,-0.84814,1400.7
quat4,-0.11902,0.78145,0.49987,0.35399,1400.7
quat5,0.00000,0.63253,0.00000,0.77454,1400.7
quat6,0.00000,0.63253,0.00000,0.77454,1400.7
quat7,0.00000,0.63253,0.00000,0.77454,1400.7
quat8,0.00000,0.63253,0.00000,0.77454,1400.7
quat0,-0.74758,0.13944,-0.64934,0.00602,1400.72
quat1,-0.29963,0.60465,0.29808,0.67511,1400.72
quat2,0.44020,-0.03709,-0.13807,-0.88644,1400.72
quat3,0.11321,-0.40871,-0.29395,-0.85658,1400.72
quat4,-0.11660,0.79492,0.46416,0.37290,1400.72
quat5,0.00000,0.63253,0.00000,0.77454,1400.72
quat6,0.00000,0.63253,0.00000,0.77454,1400.72
quat7,0.00000,0.63253,0.00000,0.77454,1400.72
quat8,0.00000,0.63253,0.00000,0.77454,1400.72
quat0,-0.75118,0.13295,-0.64623,0.02107,1400.74
quat1,-0.27985,0.61324,0.28208,0.68268,1400.74
quat2,0.40745,-0.04294,-0.12638,-0.90342,1400.74
quat3,0.10035,-0.41115,-0.27388,-0.86364,1400.74
quat4,-0.11450,0.80635,0.42924,0.39044,1400.74
quat5,0.00000,0.63253,0.00000,0.77454,1400.74
quat6,0.00000,0.63253,0.00000,0.77454,1400.74
quat7,0.00000,0.63253,0.00000,0.77454,1400.74
quat8,0.00000,0.63253,0.00000,0.77454,1400.74
quat0,-0.75197,0.13253,-0.64528,0.02410,1400.76
quat1,-0.26088,0.61998,0.26651,0.69032,1400.76
quat2,0.37379,-0.04620,-0.11231,-0.91953,1400.76
quat3,0.08592,-0.41448,-0.25428,-0.86958,1400.76
quat4,-0.11279,0.81642,0.39488,0.40596,1400.76
quat5,0.00000,0.63253,0.00000,0.77454,1400.76
quat6,0.00000,0.63253,0.00000,0.77454,1400.76
quat7,0.00000,0.63253,0.00000,0.77454,1400.76
quat8,0.00000,0.63253,0.00000,0.77454,1400.76
quat0,-0.76066,0.13391,-0.63484,0.02096,1400.78
quat1,-0.24303,0.62473,0.25028,0.69858,1400.78
quat2,0.34205,-0.04638,-0.09696,-0.93351,1400.78
quat3,0.07119,-0.41696,-0.23489,-0.87516,1400.78
quat4,-0.11350,0.82356,0.36271,0.42107,1400.78
quat5,0.00000,0.63253,0.00000,0.77454,1400.78
quat6,0.00000,0.63253,0.00000,0.77454,1400.78
quat7,0.00000,0.63253,0.00000,0.77454,1400.78
quat8,0.00000,0.63253,0.00000,0.77454,1400.78
quat0,-0.75681,0.12173,-0.64186,0.02096,1400.8
quat1,-0.22389,0.63002,0.23366,0.70594,1400.8
quat2,0.31051,-0.04856,-0.08534,-0.94549,1400.8
quat3,0.05659,-0.41801,-0.21557,-0.88068,1400.8
quat4,-0.11660,0.82827,0.33111,0.43673,1400.8
quat5,0.00000,0.63253,0.00000,0.77454,1400.8
quat6,0.00000,0.63253,0.00000,0.77454,1400.8
quat7,0.00000,0.63253,0.00000,0.77454,1400.8
quat8,0.00000,0.63253,0.00000,0.77454,1400.8
quat0,-0.76066,0.11922,-0.63741,0.02989,1400.82
quat1,-0.20340,0.63666,0.21790,0.71120,1400.82
quat2,0.27831,-0.05450,-0.07801,-0.95576,1400.82
quat3,0.04324,-0.41868,-0.19744,-0.88535,1400.82
quat4,-0.12006,0.83144,0.30187,0.45074,1400.82
quat5,0.00000,0.63253,0.00000,0.77454,1400.82
quat6,0.00000,0.63253,0.00000,0.77454,1400.82
quat7,0.00000,0.63253,0.00000,0.77454,1400.82
quat8,0.00000,0.63253,0.00000,0.77454,1400.82
quat0,-0.76180,0.12458,-0.63535,0.02183,1400.84
quat1,-0.18296,0.64390,0.20248,0.71479,1400.84
quat2,0.24563,-0.05916,-0.07059,-0.96498,1400.84
quat3,0.03062,-0.42054,-0.18027,-0.88866,1400.84
quat4,-0.12364,0.83291,0.27468,0.46424,1400.84
quat5,0.00000,0.63253,0.00000,0.77454,1400.84
quat6,0.00000,0.63253,0.00000,0.77454,1400.84
quat7,0.00000,0.63253,0.00000,0.77454,1400.84
quat8,0.00000,0.63253,0.00000,0.77454,1400.84
quat0,-0.76827,0.11888,-0.62812,0.03306,1400.86
quat1,-0.16421,0.64829,0.18673,0.71964,1400.86
quat2,0.21629,-0.05933,-0.06233,-0.97253,1400.86
quat3,0.01871,-0.42275,-0.16386,-0.89111,1400.86
quat4,-0.12657,0.83216,0.25132,0.47784,1400.86
quat5,0.00000,0.63253,0.00000,0.77454,1400.86
quat6,0.00000,0.63253,0.00000,0.77454,1400.86
quat7,0.00000,0.63253,0.00000,0.77454,1400.86
quat8,0.00000,0.63253,0.00000,0.77454,1400.86
quat0,-0.77438,0.11743,-0.62048,0.03946,1400.88
quat1,-0.14646,0.65077,0.17095,0.72514,1400.88
quat2,0.18840,-0.06039,-0.05626,-0.97862,1400.88
quat3,0.00696,-0.42330,-0.14780,-0.89383,1400.88
quat4,-0.12892,0.82934,0.22996,0.49265,1400.88
quat5,0.00000,0.63253,0.00000,0.77454,1400.88
quat6,0.00000,0.63253,0.00000,0.77454,1400.88
quat7,0.00000,0.63253,0.00000,0.77454,1400.88
quat8,0.00000,0.63253,0.00000,0.77454,1400.88
quat0,-0.77198,0.11651,-0.62383,0.03618,1400.9
quat1,-0.12905,0.65358,0.15681,0.72910,1400.9
quat2,0.16229,-0.06378,-0.05280,-0.98326,1400.9
quat3,-0.00261,-0.42002,-0.13297,-0.89772,1400.9
quat4,-0.13111,0.82494,0.21172,0.50740,1400.9
quat5,0.00000,0.63253,0.00000,0.77454,1400.9
quat6,0.00000,0.63253,0.00000,0.77454,1400.9
quat7,0.00000,0.63253,0.00000,0.77454,1400.9
quat8,0.00000,0.63253,0.00000,0.77454,1400.9
quat0,-0.77042,0.11427,-0.62596,0.03968,1400.92
quat1,-0.11240,0.65665,0.14367,0.73181,1400.92
quat2,0.13682,-0.06839,-0.05010,-0.98696,1400.92
quat3,-0.01004,-0.41307,-0.11866,-0.90288,1400.92
quat4,-0.13297,0.81983,0.19489,0.52175,1400.92
quat5,0.00000,0.63253,0.00000,0.77454,1400.92
quat6,0.00000,0.63253,0.00000,0.77454,1400.92
quat7,0.00000,0.63253,0.00000,0.77454,1400.92
quat8,0.00000,0.63253,0.00000,0.77454,1400.92
quat0,-0.77097,0.11427,-0.62550,0.03607,1400.94
quat1,-0.09869,0.65915,0.13084,0.73394,1400.94
quat2,0.11487,-0.06970,-0.04716,-0.98981,1400.94
quat3,-0.01684,-0.40403,-0.10598,-0.90843,1400.94
quat4,-0.13459,0.81363,0.18074,0.53594,1400.94
quat5,0.00000,0.63253,0.00000,0.77454,1400.94
quat6,0.00000,0.63253,0.00000,0.77454,1400.94
quat7,0.00000,0.63253,0.00000,0.77454,1400.94
quat8,0.00000,0.63253,0.00000,0.77454,1400.94
quat0,-0.77035,0.11116,-0.62661,0.03950,1400.96
quat1,-0.08740,0.66100,0.11967,0.73561,1400.96
quat2,0.09709,-0.06984,-0.04516,-0.99179,1400.96
quat3,-0.02323,-0.39455,-0.09566,-0.91359,1400.96
quat4,-0.13556,0.80652,0.16928,0.54999,1400.96
quat5,0.00000,0.63253,0.00000,0.77454,1400.96
quat6,0.00000,0.63253,0.00000,0.77454,1400.96
quat7,0.00000,0.63253,0.00000,0.77454,1400.96
quat8,0.00000,0.63253,0.00000,0.77454,1400.96
quat0,-0.77213,0.11210,-0.62412,0.04138,1400.98
quat1,-0.07901,0.66157,0.11060,0.73746,1400.98
quat2,0.08375,-0.06957,-0.04373,-0.99309,1400.98
quat3,-0.02931,-0.38706,-0.08821,-0.91736,1400.98
quat4,-0.13530,0.79893,0.16140,0.56334,1400.98
quat5,0.00000,0.63253,0.00000,0.77454,1400.98
quat6,0.00000,0.63253,0.00000,0.77454,1400.98
quat7,0.00000,0.63253,0.00000,0.77454,1400.98
quat8,0.00000,0.63253,0.00000,0.77454,1400.98
quat0,-0.77652,0.12014,-0.61743,0.03692,1401
quat1,-0.07327,0.66161,0.10327,0.73908,1401
quat2,0.07374,-0.07171,-0.04346,-0.99375,1401
quat3,-0.03482,-0.38238,-0.08305,-0.91960,1401
quat4,-0.13344,0.79156,0.15620,0.57553,1401
quat5,0.00000,0.63253,0.00000,0.77454,1401
quat6,0.00000,0.63253,0.00000,0.77454,1401
quat7,0.00000,0.63253,0.00000,0.77454,1401
quat8,0.00000,0.63253,0.00000,0.77454,1401
quat0,-0.77960,0.12016,-0.61317,0.04261,1401.02
quat1,-0.06962,0.66176,0.09754,0.74007,1401.02
quat2,0.06687,-0.07781,-0.04479,-0.99371,1401.02
quat3,-0.03972,-0.37936,-0.07943,-0.92098,1401.02
quat4,-0.13102,0.78396,0.15344,0.58711,1401.02
quat5,0.00000,0.63253,0.00000,0.77454,1401.02
quat6,0.00000,0.63253,0.00000,0.77454,1401.02
quat7,0.00000,0.63253,0.00000,0.77454,1401.02
quat8,0.00000,0.63253,0.00000,0.77454,1401.02
quat0,-0.78412,0.12354,-0.60687,0.04000,1401.04
quat1,-0.06750,0.66289,0.09288,0.73986,1401.04
quat2,0.06279,-0.08749,-0.04782,-0.99303,1401.04
quat3,-0.04406,-0.37599,-0.07661,-0.92240,1401.04
quat4,-0.12816,0.77641,0.15217,0.59800,1401.04
quat5,0.00000,0.63253,0.00000,0.77454,1401.04
quat6,0.00000,0.63253,0.00000,0.77454,1401.04
quat7,0.00000,0.63253,0.00000,0.77454,1401.04
quat8,0.00000,0.63253,0.00000,0.77454,1401.04
quat0,-0.78674,0.12528,-0.60303,0.04132,1401.06
quat1,-0.06657,0.66473,0.08899,0.73877,1401.06
quat2,0.06150,-0.09643,-0.05210,-0.99207,1401.06
quat3,-0.04778,-0.37185,-0.07434,-0.92408,1401.06
quat4,-0.12500,0.76949,0.15216,0.60755,1401.06
quat5,0.00000,0.63253,0.00000,0.77454,1401.06
quat6,0.00000,0.63253,0.00000,0.77454,1401.06
quat7,0.00000,0.63253,0.00000,0.77454,1401.06
quat8,0.00000,0.63253,0.00000,0.77454,1401.06
quat0,-0.79055,0.12679,-0.59781,0.03982,1401.08
quat1,-0.06686,0.66616,0.08630,0.73778,1401.08
quat2,0.06283,-0.10160,-0.05685,-0.99121,1401.08
quat3,-0.05127,-0.36705,-0.07323,-0.92589,1401.08
quat4,-0.12141,0.76362,0.15309,0.61540,1401.08
quat5,0.00000,0.63253,0.00000,0.77454,1401.08
quat6,0.00000,0.63253,0.00000,0.77454,1401.08
quat7,0.00000,0.63253,0.00000,0.77454,1401.08
quat8,0.00000,0.63253,0.00000,0.77454,1401.08
quat0,-0.79159,0.12606,-0.59634,0.04335,1401.1
quat1,-0.06844,0.66707,0.08456,0.73701,1401.1
quat2,0.06566,-0.10478,-0.06137,-0.99043,1401.1
quat3,-0.05389,-0.36204,-0.07267,-0.92776,1401.1
quat4,-0.11753,0.75884,0.15457,0.62166,1401.1
quat5,0.00000,0.63253,0.00000,0.77454,1401.1
quat6,0.00000,0.63253,0.00000,0.77454,1401.1
quat7,0.00000,0.63253,0.00000,0.77454,1401.1
quat8,0.00000,0.63253,0.00000,0.77454,1401.1
quat0,-0.79305,0.13254,-0.59324,0.03962,1401.12
quat1,-0.07117,0.66703,0.08389,0.73686,1401.12
quat2,0.07002,-0.10614,-0.06557,-0.98971,1401.12
quat3,-0.05560,-0.35792,-0.07342,-0.92920,1401.12
quat4,-0.11306,0.75520,0.15634,0.62646,1401.12
quat5,0.00000,0.63253,0.00000,0.77454,1401.12
quat6,0.00000,0.63253,0.00000,0.77454,1401.12
quat7,0.00000,0.63253,0.00000,0.77454,1401.12
quat8,0.00000,0.63253,0.00000,0.77454,1401.12
quat0,-0.79784,0.12802,-0.58750,0.04365,1401.14
quat1,-0.07483,0.66631,0.08422,0.73711,1401.14
quat2,0.07491,-0.10545,-0.06888,-0.98920,1401.14
quat3,-0.05729,-0.35410,-0.07504,-0.93043,1401.14
quat4,-0.10809,0.75277,0.15871,0.62965,1401.14
quat5,0.00000,0.63253,0.00000,0.77454,1401.14
quat6,0.00000,0.63253,0.00000,0.77454,1401.14
quat7,0.00000,0.63253,0.00000,0.77454,1401.14
quat8,0.00000,0.63253,0.00000,0.77454,1401.14
quat0,-0.79983,0.13401,-0.58375,0.03938,1401.16
quat1,-0.07923,0.66481,0.08508,0.73792,1401.16
quat2,0.08046,-0.10347,-0.07125,-0.98881,1401.16
quat3,-0.05806,-0.35121,-0.07720,-0.93130,1401.16
quat4,-0.10242,0.75103,0.16144,0.63199,1401.16
quat5,0.00000,0.63253,0.00000,0.77454,1401.16
quat6,0.00000,0.63253,0.00000,0.77454,1401.16
quat7,0.00000,0.63253,0.00000,0.77454,1401.16
quat8,0.00000,0.63253,0.00000,0.77454,1401.16
quat0,-0.80062,0.13308,-0.58284,0.03992,1401.18
quat1,-0.08370,0.66255,0.08684,0.73924,1401.18
quat2,0.08626,-0.10000,-0.07228,-0.98860,1401.18
quat3,-0.05787,-0.34930,-0.07959,-0.93183,1401.18
quat4,-0.09676,0.74901,0.16478,0.63440,1401.18
quat5,0.00000,0.63253,0.00000,0.77454,1401.18
quat6,0.00000,0.63253,0.00000,0.77454,1401.18
quat7,0.00000,0.63253,0.00000,0.77454,1401.18
quat8,0.00000,0.63253,0.00000,0.77454,1401.18
quat0,-0.80313,0.13262,-0.57947,0.04008,1401.2
quat1,-0.08820,0.65939,0.08919,0.74127,1401.2
quat2,0.09240,-0.09573,-0.07218,-0.98848,1401.2
quat3,-0.05732,-0.34654,-0.08218,-0.93267,1401.2
quat4,-0.09139,0.74602,0.16914,0.63757,1401.2
quat5,0.00000,0.63253,0.00000,0.77454,1401.2
quat6,0.00000,0.63253,0.00000,0.77454,1401.2
quat7,0.00000,0.63253,0.00000,0.77454,1401.2
quat8,0.00000,0.63253,0.00000,0.77454,1401.2
