QUAT,w,x,y,z,timestamp
quat0,0.73772,-0.22849,0.61931,0.14152,1178.78
quat1,-0.51349,0.51805,0.31034,0.60963,1178.78
quat2,-0.75543,-0.05598,0.14613,0.63627,1178.78
quat3,-0.32588,0.70526,0.35810,0.51786,1178.78
quat4,-0.33957,0.72625,0.57601,-0.15961,1178.78
quat5,0.00000,0.70711,0.00000,0.70711,1178.78
quat6,0.00000,0.70711,0.00000,0.70711,1178.78
quat7,0.00000,0.70711,0.00000,0.70711,1178.78
quat8,0.00000,0.70711,0.00000,0.70711,1178.78
quat0,0.71192,-0.23110,0.64343,0.16048,1178.8
quat1,-0.51930,0.53233,0.30103,0.59694,1178.8
quat2,-0.75913,-0.02914,0.11698,0.63968,1178.8
quat3,-0.32187,0.68810,0.36858,0.53579,1178.8
quat4,-0.32989,0.72565,0.59126,-0.12255,1178.8
quat5,0.00000,0.70711,0.00000,0.70711,1178.8
quat6,0.00000,0.70711,0.00000,0.70711,1178.8
quat7,0.00000,0.70711,0.00000,0.70711,1178.8
quat8,0.00000,0.70711,0.00000,0.70711,1178.8
quat0,0.71265,-0.23191,0.64216,0.16119,1178.82
quat1,-0.52241,0.55224,0.29248,0.58015,1178.82
quat2,-0.76003,-0.00206,0.08663,0.64409,1178.82
quat3,-0.31773,0.66838,0.38024,0.55473,1178.82
quat4,-0.31403,0.72233,0.60958,-0.08968,1178.82
quat5,0.00000,0.70711,0.00000,0.70711,1178.82
quat6,0.00000,0.70711,0.00000,0.70711,1178.82
quat7,0.00000,0.70711,0.00000,0.70711,1178.82
quat8,0.00000,0.70711,0.00000,0.70711,1178.82
quat0,0.71251,-0.23272,0.64185,0.16187,1178.84
quat1,-0.52336,0.57709,0.28173,0.56008,1178.84
quat2,-0.75781,0.02363,0.05669,0.64957,1178.84
quat3,-0.31528,0.64704,0.39192,0.57300,1178.84
quat4,-0.29182,0.71749,0.62952,-0.06133,1178.84
quat5,0.00000,0.70711,0.00000,0.70711,1178.84
quat6,0.00000,0.70711,0.00000,0.70711,1178.84
quat7,0.00000,0.70711,0.00000,0.70711,1178.84
quat8,0.00000,0.70711,0.00000,0.70711,1178.84
quat0,0.71148,-0.23355,0.64255,0.16242,1178.86
quat1,-0.52309,0.59744,0.27023,0.54444,1178.86
quat2,-0.75290,0.05226,0.03178,0.65528,1178.86
quat3,-0.31472,0.62690,0.40262,0.58808,1178.86
quat4,-0.27011,0.71032,0.64913,-0.03336,1178.86
quat5,0.00000,0.70711,0.00000,0.70711,1178.86
quat6,0.00000,0.70711,0.00000,0.70711,1178.86
quat7,0.00000,0.70711,0.00000,0.70711,1178.86
quat8,0.00000,0.70711,0.00000,0.70711,1178.86
quat0,0.71129,-0.23394,0.64276,0.16188,1178.88
quat1,-0.52188,0.61199,0.26137,0.53366,1178.88
quat2,-0.74546,0.08159,0.00956,0.66147,1178.88
quat3,-0.31387,0.60965,0.41299,0.59938,1178.88
quat4,-0.25149,0.70179,0.66648,-0.00687,1178.88
quat5,0.00000,0.70711,0.00000,0.70711,1178.88
quat6,0.00000,0.70711,0.00000,0.70711,1178.88
quat7,0.00000,0.70711,0.00000,0.70711,1178.88
quat8,0.00000,0.70711,0.00000,0.70711,1178.88
quat0,0.71044,-0.23542,0.64356,0.16027,1178.9
quat1,-0.52190,0.62082,0.25346,0.52722,1178.9
quat2,-0.73623,0.10772,-0.01006,0.66803,1178.9
quat3,-0.31379,0.59691,0.42414,0.60444,1178.9
quat4,-0.23681,0.69204,0.68173,0.01572,1178.9
quat5,0.00000,0.70711,0.00000,0.70711,1178.9
quat6,0.00000,0.70711,0.00000,0.70711,1178.9
quat7,0.00000,0.70711,0.00000,0.70711,1178.9
quat8,0.00000,0.70711,0.00000,0.70711,1178.9
quat0,0.70928,-0.23722,0.64442,0.15929,1178.92
quat1,-0.52123,0.62508,0.24578,0.52648,1178.92
quat2,-0.72529,0.12355,-0.03091,0.67656,1178.92
quat3,-0.31315,0.58991,0.43819,0.60161,1178.92
quat4,-0.22559,0.68076,0.69620,0.03129,1178.92
quat5,0.00000,0.70711,0.00000,0.70711,1178.92
quat6,0.00000,0.70711,0.00000,0.70711,1178.92
quat7,0.00000,0.70711,0.00000,0.70711,1178.92
quat8,0.00000,0.70711,0.00000,0.70711,1178.92
quat0,0.70841,-0.23864,0.64497,0.15881,1178.94
quat1,-0.51740,0.62880,0.24107,0.52801,1178.94
quat2,-0.71323,0.12916,-0.05029,0.68709,1178.94
quat3,-0.31188,0.58697,0.45469,0.59284,1178.94
quat4,-0.21876,0.66858,0.70967,0.03905,1178.94
quat5,0.00000,0.70711,0.00000,0.70711,1178.94
quat6,0.00000,0.70711,0.00000,0.70711,1178.94
quat7,0.00000,0.70711,0.00000,0.70711,1178.94
quat8,0.00000,0.70711,0.00000,0.70711,1178.94
quat0,0.70919,-0.23876,0.64436,0.15764,1178.96
quat1,-0.51056,0.63392,0.24020,0.52894,1178.96
quat2,-0.70200,0.12880,-0.06150,0.69773,1178.96
quat3,-0.31144,0.58645,0.47045,0.58117,1178.96
quat4,-0.21708,0.65677,0.72105,0.04015,1178.96
quat5,0.00000,0.70711,0.00000,0.70711,1178.96
quat6,0.00000,0.70711,0.00000,0.70711,1178.96
quat7,0.00000,0.70711,0.00000,0.70711,1178.96
quat8,0.00000,0.70711,0.00000,0.70711,1178.96
quat0,0.70947,-0.23926,0.64370,0.15827,1178.98
quat1,-0.50050,0.63949,0.24319,0.53048,1178.98
quat2,-0.69303,0.12544,-0.06263,0.70715,1178.98
quat3,-0.31317,0.58734,0.48281,0.56908,1178.98
quat4,-0.22127,0.64494,0.73062,0.03593,1178.98
quat5,0.00000,0.70711,0.00000,0.70711,1178.98
quat6,0.00000,0.70711,0.00000,0.70711,1178.98
quat7,0.00000,0.70711,0.00000,0.70711,1178.98
quat8,0.00000,0.70711,0.00000,0.70711,1178.98
quat0,0.70869,-0.24040,0.64401,0.15878,1179
quat1,-0.48849,0.64310,0.24905,0.53458,1179
quat2,-0.68567,0.11740,-0.05597,0.71619,1179
quat3,-0.31790,0.58900,0.49019,0.55833,1179
quat4,-0.23200,0.63332,0.73777,0.02782,1179
quat5,0.00000,0.70711,0.00000,0.70711,1179
quat6,0.00000,0.70711,0.00000,0.70711,1179
quat7,0.00000,0.70711,0.00000,0.70711,1179
quat8,0.00000,0.70711,0.00000,0.70711,1179
quat0,0.70891,-0.24130,0.64359,0.15812,1179.02
quat1,-0.47583,0.64430,0.25628,0.54111,1179.02
quat2,-0.67977,0.10306,-0.04414,0.72480,1179.02
quat3,-0.32624,0.59170,0.49210,0.54891,1179.02
quat4,-0.24726,0.62262,0.74228,0.01544,1179.02
quat5,0.00000,0.70711,0.00000,0.70711,1179.02
quat6,0.00000,0.70711,0.00000,0.70711,1179.02
quat7,0.00000,0.70711,0.00000,0.70711,1179.02
quat8,0.00000,0.70711,0.00000,0.70711,1179.02
quat0,0.70874,-0.24246,0.64347,0.15762,1179.04
quat1,-0.46376,0.64267,0.26280,0.55031,1179.04
quat2,-0.67527,0.08465,-0.02738,0.73219,1179.04
quat3,-0.33734,0.59583,0.49031,0.53925,1179.04
quat4,-0.26683,0.61240,0.74416,0.00042,1179.04
quat5,0.00000,0.70711,0.00000,0.70711,1179.04
quat6,0.00000,0.70711,0.00000,0.70711,1179.04
quat7,0.00000,0.70711,0.00000,0.70711,1179.04
quat8,0.00000,0.70711,0.00000,0.70711,1179.04
quat0,0.70819,-0.24396,0.64364,0.15709,1179.06
quat1,-0.45318,0.63741,0.26839,0.56241,1179.06
quat2,-0.67131,0.06174,-0.00863,0.73855,1179.06
quat3,-0.34910,0.60192,0.48638,0.52844,1179.06
quat4,-0.28778,0.60376,0.74320,-0.01781,1179.06
quat5,0.00000,0.70711,0.00000,0.70711,1179.06
quat6,0.00000,0.70711,0.00000,0.70711,1179.06
quat7,0.00000,0.70711,0.00000,0.70711,1179.06
quat8,0.00000,0.70711,0.00000,0.70711,1179.06
quat0,0.70878,-0.24513,0.64276,0.15620,1179.08
quat1,-0.44395,0.62931,0.27448,0.57580,1179.08
quat2,-0.66753,0.03650,0.01264,0.74358,1179.08
quat3,-0.35859,0.60921,0.48121,0.51837,1179.08
quat4,-0.30904,0.59698,0.73934,-0.03850,1179.08
quat5,0.00000,0.70711,0.00000,0.70711,1179.08
quat6,0.00000,0.70711,0.00000,0.70711,1179.08
quat7,0.00000,0.70711,0.00000,0.70711,1179.08
quat8,0.00000,0.70711,0.00000,0.70711,1179.08
quat0,0.70930,-0.24618,0.64196,0.15551,1179.1
quat1,-0.43588,0.61816,0.28049,0.59094,1179.1
quat2,-0.66389,0.00952,0.03500,0.74695,1179.1
quat3,-0.36589,0.61923,0.47515,0.50687,1179.1
quat4,-0.33103,0.59084,0.73316,-0.06174,1179.1
quat5,0.00000,0.70711,0.00000,0.70711,1179.1
quat6,0.00000,0.70711,0.00000,0.70711,1179.1
quat7,0.00000,0.70711,0.00000,0.70711,1179.1
quat8,0.00000,0.70711,0.00000,0.70711,1179.1
quat0,0.71000,-0.24549,0.64182,0.15394,1179.12
quat1,-0.42701,0.60542,0.28754,0.60700,1179.12
quat2,-0.66020,-0.01757,0.05876,0.74858,1179.12
quat3,-0.37169,0.63011,0.46876,0.49505,1179.12
quat4,-0.35395,0.58559,0.72420,-0.08567,1179.12
quat5,0.00000,0.70711,0.00000,0.70711,1179.12
quat6,0.00000,0.70711,0.00000,0.70711,1179.12
quat7,0.00000,0.70711,0.00000,0.70711,1179.12
quat8,0.00000,0.70711,0.00000,0.70711,1179.12
quat0,0.71067,-0.24478,0.64186,0.15180,1179.14
quat1,-0.41738,0.59266,0.29568,0.62218,1179.14
quat2,-0.65643,-0.04459,0.08274,0.74851,1179.14
quat3,-0.37602,0.64147,0.46283,0.48261,1179.14
quat4,-0.37358,0.58199,0.71355,-0.11208,1179.14
quat5,0.00000,0.70711,0.00000,0.70711,1179.14
quat6,0.00000,0.70711,0.00000,0.70711,1179.14
quat7,0.00000,0.70711,0.00000,0.70711,1179.14
quat8,0.00000,0.70711,0.00000,0.70711,1179.14
quat0,0.71285,-0.24372,0.64032,0.14981,1179.16
quat1,-0.40815,0.57930,0.30440,0.63652,1179.16
quat2,-0.65224,-0.06905,0.11012,0.74679,1179.16
quat3,-0.37910,0.65274,0.45791,0.46961,1179.16
quat4,-0.38994,0.57876,0.70253,-0.13942,1179.16
quat5,0.00000,0.70711,0.00000,0.70711,1179.16
quat6,0.00000,0.70711,0.00000,0.70711,1179.16
quat7,0.00000,0.70711,0.00000,0.70711,1179.16
quat8,0.00000,0.70711,0.00000,0.70711,1179.16
quat0,0.71484,-0.24143,0.63949,0.14754,1179.18
quat1,-0.40006,0.56378,0.31165,0.65190,1179.18
quat2,-0.64765,-0.09048,0.13856,0.74375,1179.18
quat3,-0.38166,0.66413,0.45308,0.45606,1179.18
quat4,-0.40190,0.57558,0.69215,-0.16770,1179.18
quat5,0.00000,0.70711,0.00000,0.70711,1179.18
quat6,0.00000,0.70711,0.00000,0.70711,1179.18
quat7,0.00000,0.70711,0.00000,0.70711,1179.18
quat8,0.00000,0.70711,0.00000,0.70711,1179.18
quat0,0.71610,-0.23928,0.63945,0.14505,1179.2
quat1,-0.39229,0.54870,0.31866,0.66596,1179.2
quat2,-0.64233,-0.10687,0.16841,0.74002,1179.2
quat3,-0.38357,0.67500,0.44826,0.44306,1179.2
quat4,-0.41105,0.57294,0.68229,-0.19300,1179.2
quat5,0.00000,0.70711,0.00000,0.70711,1179.2
quat6,0.00000,0.70711,0.00000,0.70711,1179.2
quat7,0.00000,0.70711,0.00000,0.70711,1179.2
quat8,0.00000,0.70711,0.00000,0.70711,1179.2
quat0,0.71705,-0.23732,0.63954,0.14321,1179.22
quat1,-0.38465,0.53481,0.32596,0.67807,1179.22
quat2,-0.63616,-0.11932,0.19634,0.73656,1179.22
quat3,-0.38455,0.68520,0.44314,0.43158,1179.22
quat4,-0.41820,0.57014,0.67368,-0.21496,1179.22
quat5,0.00000,0.70711,0.00000,0.70711,1179.22
quat6,0.00000,0.70711,0.00000,0.70711,1179.22
quat7,0.00000,0.70711,0.00000,0.70711,1179.22
quat8,0.00000,0.70711,0.00000,0.70711,1179.22
quat0,0.71833,-0.23545,0.63934,0.14077,1179.24
quat1,-0.37867,0.52003,0.33206,0.68986,1179.24
quat2,-0.62936,-0.12593,0.22103,0.73430,1179.24
quat3,-0.38460,0.69410,0.43780,0.42266,1179.24
quat4,-0.42389,0.56745,0.66695,-0.23129,1179.24
quat5,0.00000,0.70711,0.00000,0.70711,1179.24
quat6,0.00000,0.70711,0.00000,0.70711,1179.24
quat7,0.00000,0.70711,0.00000,0.70711,1179.24
quat8,0.00000,0.70711,0.00000,0.70711,1179.24
quat0,0.71974,-0.23410,0.63870,0.13872,1179.26
quat1,-0.37650,0.50355,0.33513,0.70169,1179.26
quat2,-0.62351,-0.12843,0.23857,0.73337,1179.26
quat3,-0.38515,0.70093,0.43244,0.41637,1179.26
quat4,-0.42804,0.56560,0.66161,-0.24322,1179.26
quat5,0.00000,0.70711,0.00000,0.70711,1179.26
quat6,0.00000,0.70711,0.00000,0.70711,1179.26
quat7,0.00000,0.70711,0.00000,0.70711,1179.26
quat8,0.00000,0.70711,0.00000,0.70711,1179.26
quat0,0.72067,-0.23378,0.63813,0.13704,1179.28
quat1,-0.37616,0.49149,0.33669,0.70964,1179.28
quat2,-0.62002,-0.12769,0.24719,0.73360,1179.28
quat3,-0.38565,0.70510,0.42819,0.41323,1179.28
quat4,-0.42955,0.56446,0.65843,-0.25168,1179.28
quat5,0.00000,0.70711,0.00000,0.70711,1179.28
quat6,0.00000,0.70711,0.00000,0.70711,1179.28
quat7,0.00000,0.70711,0.00000,0.70711,1179.28
quat8,0.00000,0.70711,0.00000,0.70711,1179.28
quat0,0.72190,-0.23240,0.63767,0.13500,1179.3
quat1,-0.37584,0.48552,0.33781,0.71337,1179.3
quat2,-0.61859,-0.12522,0.25007,0.73426,1179.3
quat3,-0.38501,0.70684,0.42640,0.41270,1179.3
quat4,-0.42733,0.56375,0.65882,-0.25600,1179.3
quat5,0.00000,0.70711,0.00000,0.70711,1179.3
quat6,0.00000,0.70711,0.00000,0.70711,1179.3
quat7,0.00000,0.70711,0.00000,0.70711,1179.3
quat8,0.00000,0.70711,0.00000,0.70711,1179.3
quat0,0.72222,-0.23226,0.63734,0.13511,1179.32
quat1,-0.37746,0.48570,0.33696,0.71280,1179.32
quat2,-0.61897,-0.12050,0.24493,0.73646,1179.32
quat3,-0.38242,0.70636,0.42800,0.41426,1179.32
quat4,-0.42525,0.56524,0.66024,-0.25249,1179.32
quat5,0.00000,0.70711,0.00000,0.70711,1179.32
quat6,0.00000,0.70711,0.00000,0.70711,1179.32
quat7,0.00000,0.70711,0.00000,0.70711,1179.32
quat8,0.00000,0.70711,0.00000,0.70711,1179.32
quat0,0.72144,-0.23281,0.63772,0.13655,1179.34
quat1,-0.37957,0.49162,0.33440,0.70881,1179.34
quat2,-0.62064,-0.11061,0.23488,0.73987,1179.34
quat3,-0.37860,0.70269,0.43296,0.41885,1179.34
quat4,-0.41985,0.56791,0.66431,-0.24474,1179.34
quat5,0.00000,0.70711,0.00000,0.70711,1179.34
quat6,0.00000,0.70711,0.00000,0.70711,1179.34
quat7,0.00000,0.70711,0.00000,0.70711,1179.34
quat8,0.00000,0.70711,0.00000,0.70711,1179.34
quat0,0.72069,-0.23442,0.63759,0.13829,1179.36
quat1,-0.38187,0.50279,0.33075,0.70141,1179.36
quat2,-0.62294,-0.09394,0.22062,0.74461,1179.36
quat3,-0.37439,0.69644,0.43936,0.42634,1179.36
quat4,-0.40933,0.57199,0.67141,-0.23343,1179.36
quat5,0.00000,0.70711,0.00000,0.70711,1179.36
quat6,0.00000,0.70711,0.00000,0.70711,1179.36
quat7,0.00000,0.70711,0.00000,0.70711,1179.36
quat8,0.00000,0.70711,0.00000,0.70711,1179.36
quat0,0.72083,-0.23570,0.63667,0.13961,1179.38
quat1,-0.38397,0.51841,0.32612,0.69099,1179.38
quat2,-0.62526,-0.07131,0.20243,0.75032,1179.38
quat3,-0.36992,0.68794,0.44612,0.43689,1179.38
quat4,-0.39434,0.57586,0.68170,-0.21945,1179.38
quat5,0.00000,0.70711,0.00000,0.70711,1179.38
quat6,0.00000,0.70711,0.00000,0.70711,1179.38
quat7,0.00000,0.70711,0.00000,0.70711,1179.38
quat8,0.00000,0.70711,0.00000,0.70711,1179.38
quat0,0.72127,-0.23679,0.63542,0.14122,1179.4
quat1,-0.38554,0.53665,0.32050,0.67871,1179.4
quat2,-0.62697,-0.04495,0.18088,0.75642,1179.4
quat3,-0.36592,0.67766,0.45155,0.45054,1179.4
quat4,-0.37655,0.58033,0.69318,-0.20232,1179.4
quat5,0.00000,0.70711,0.00000,0.70711,1179.4
quat6,0.00000,0.70711,0.00000,0.70711,1179.4
quat7,0.00000,0.70711,0.00000,0.70711,1179.4
quat8,0.00000,0.70711,0.00000,0.70711,1179.4
quat0,0.72191,-0.23835,0.63364,0.14333,1179.42
quat1,-0.38779,0.55682,0.31455,0.66379,1179.42
quat2,-0.62865,-0.01198,0.16080,0.76079,1179.42
quat3,-0.36244,0.66498,0.45609,0.46736,1179.42
quat4,-0.35793,0.58544,0.70457,-0.18091,1179.42
quat5,0.00000,0.70711,0.00000,0.70711,1179.42
quat6,0.00000,0.70711,0.00000,0.70711,1179.42
quat7,0.00000,0.70711,0.00000,0.70711,1179.42
quat8,0.00000,0.70711,0.00000,0.70711,1179.42
quat0,0.72282,-0.23932,0.63178,0.14531,1179.44
quat1,-0.39115,0.58020,0.30819,0.64451,1179.44
quat2,-0.63054,0.02524,0.14187,0.76266,1179.44
quat3,-0.35908,0.65008,0.45912,0.48752,1179.44
quat4,-0.33674,0.59192,0.71501,-0.15813,1179.44
quat5,0.00000,0.70711,0.00000,0.70711,1179.44
quat6,0.00000,0.70711,0.00000,0.70711,1179.44
quat7,0.00000,0.70711,0.00000,0.70711,1179.44
quat8,0.00000,0.70711,0.00000,0.70711,1179.44
quat0,0.72371,-0.23872,0.63077,0.14625,1179.46
quat1,-0.39601,0.60397,0.30172,0.62238,1179.46
quat2,-0.63318,0.06445,0.12486,0.76114,1179.46
quat3,-0.35541,0.63372,0.46068,0.50977,1179.46
quat4,-0.31498,0.59871,0.72420,-0.13369,1179.46
quat5,0.00000,0.70711,0.00000,0.70711,1179.46
quat6,0.00000,0.70711,0.00000,0.70711,1179.46
quat7,0.00000,0.70711,0.00000,0.70711,1179.46
quat8,0.00000,0.70711,0.00000,0.70711,1179.46
quat0,0.72440,-0.23826,0.63008,0.14657,1179.48
quat1,-0.40235,0.62642,0.29603,0.59840,1179.48
quat2,-0.63733,0.10118,0.10696,0.75639,1179.48
quat3,-0.35134,0.61731,0.45987,0.53293,1179.48
quat4,-0.29005,0.60609,0.73241,-0.11003,1179.48
quat5,0.00000,0.70711,0.00000,0.70711,1179.48
quat6,0.00000,0.70711,0.00000,0.70711,1179.48
quat7,0.00000,0.70711,0.00000,0.70711,1179.48
quat8,0.00000,0.70711,0.00000,0.70711,1179.48
quat0,0.72541,-0.23728,0.62919,0.14698,1179.5
quat1,-0.41211,0.64351,0.28852,0.57691,1179.5
quat2,-0.64324,0.13268,0.08791,0.74894,1179.5
quat3,-0.34749,0.60108,0.45684,0.55611,1179.5
quat4,-0.26631,0.61439,0.73786,-0.08462,1179.5
quat5,0.00000,0.70711,0.00000,0.70711,1179.5
quat6,0.00000,0.70711,0.00000,0.70711,1179.5
quat7,0.00000,0.70711,0.00000,0.70711,1179.5
quat8,0.00000,0.70711,0.00000,0.70711,1179.5
quat0,0.72628,-0.23618,0.62858,0.14707,1179.52
quat1,-0.42498,0.65429,0.27855,0.56010,1179.52
quat2,-0.65061,0.15780,0.06757,0.73976,1179.52
quat3,-0.34424,0.58667,0.45241,0.57676,1179.52
quat4,-0.24432,0.62409,0.73985,-0.05875,1179.52
quat5,0.00000,0.70711,0.00000,0.70711,1179.52
quat6,0.00000,0.70711,0.00000,0.70711,1179.52
quat7,0.00000,0.70711,0.00000,0.70711,1179.52
quat8,0.00000,0.70711,0.00000,0.70711,1179.52
quat0,0.72661,-0.23416,0.62880,0.14769,1179.54
quat1,-0.44007,0.65742,0.26919,0.54925,1179.54
quat2,-0.65883,0.17628,0.04808,0.72977,1179.54
quat3,-0.34151,0.57508,0.44827,0.59305,1179.54
quat4,-0.22372,0.63548,0.73826,-0.03284,1179.54
quat5,0.00000,0.70711,0.00000,0.70711,1179.54
quat6,0.00000,0.70711,0.00000,0.70711,1179.54
quat7,0.00000,0.70711,0.00000,0.70711,1179.54
quat8,0.00000,0.70711,0.00000,0.70711,1179.54
quat0,0.72637,-0.23274,0.62932,0.14890,1179.56
quat1,-0.45710,0.65534,0.26060,0.54192,1179.56
quat2,-0.66771,0.18643,0.02833,0.72015,1179.56
quat3,-0.33834,0.56663,0.44458,0.60564,1179.56
quat4,-0.20159,0.64897,0.73352,-0.01188,1179.56
quat5,0.00000,0.70711,0.00000,0.70711,1179.56
quat6,0.00000,0.70711,0.00000,0.70711,1179.56
quat7,0.00000,0.70711,0.00000,0.70711,1179.56
quat8,0.00000,0.70711,0.00000,0.70711,1179.56
quat0,0.72631,-0.23123,0.62961,0.15033,1179.58
quat1,-0.47570,0.64866,0.25207,0.53797,1179.58
quat2,-0.67764,0.19017,0.01141,0.71029,1179.58
quat3,-0.33363,0.56107,0.44140,0.61568,1179.58
quat4,-0.18149,0.66282,0.72645,0.00278,1179.58
quat5,0.00000,0.70711,0.00000,0.70711,1179.58
quat6,0.00000,0.70711,0.00000,0.70711,1179.58
quat7,0.00000,0.70711,0.00000,0.70711,1179.58
quat8,0.00000,0.70711,0.00000,0.70711,1179.58
quat0,0.72571,-0.23049,0.63033,0.15133,1179.6
quat1,-0.49357,0.64012,0.24480,0.53545,1179.6
quat2,-0.68879,0.18854,0.00044,0.70001,1179.6
quat3,-0.32770,0.55961,0.43754,0.62290,1179.6
quat4,-0.16522,0.67623,0.71782,0.01171,1179.6
quat5,0.00000,0.70711,0.00000,0.70711,1179.6
quat6,0.00000,0.70711,0.00000,0.70711,1179.6
quat7,0.00000,0.70711,0.00000,0.70711,1179.6
quat8,0.00000,0.70711,0.00000,0.70711,1179.6
quat0,0.72524,-0.23009,0.63097,0.15156,1179.62
quat1,-0.50907,0.63012,0.24084,0.53459,1179.62
quat2,-0.70098,0.18330,-0.00398,0.68921,1179.62
quat3,-0.32242,0.56252,0.43207,0.62685,1179.62
quat4,-0.15564,0.68872,0.70795,0.01574,1179.62
quat5,0.00000,0.70711,0.00000,0.70711,1179.62
quat6,0.00000,0.70711,0.00000,0.70711,1179.62
quat7,0.00000,0.70711,0.00000,0.70711,1179.62
quat8,0.00000,0.70711,0.00000,0.70711,1179.62
quat0,0.72424,-0.23038,0.63185,0.15221,1179.64
quat1,-0.52150,0.62048,0.24055,0.53402,1179.64
quat2,-0.71358,0.17465,-0.00218,0.67845,1179.64
quat3,-0.31826,0.56800,0.42435,0.62929,1179.64
quat4,-0.15332,0.70000,0.69733,0.01473,1179.64
quat5,0.00000,0.70711,0.00000,0.70711,1179.64
quat6,0.00000,0.70711,0.00000,0.70711,1179.64
quat7,0.00000,0.70711,0.00000,0.70711,1179.64
quat8,0.00000,0.70711,0.00000,0.70711,1179.64
quat0,0.72330,-0.23063,0.63256,0.15334,1179.66
quat1,-0.52976,0.61250,0.24516,0.53300,1179.66
quat2,-0.72612,0.16232,0.00446,0.66812,1179.66
quat3,-0.31599,0.57457,0.41469,0.63091,1179.66
quat4,-0.15769,0.71008,0.68618,0.00863,1179.66
quat5,0.00000,0.70711,0.00000,0.70711,1179.66
quat6,0.00000,0.70711,0.00000,0.70711,1179.66
quat7,0.00000,0.70711,0.00000,0.70711,1179.66
quat8,0.00000,0.70711,0.00000,0.70711,1179.66
quat0,0.72293,-0.23084,0.63257,0.15474,1179.68
quat1,-0.53385,0.60575,0.25469,0.53217,1179.68
quat2,-0.73774,0.14682,0.01518,0.65875,1179.68
quat3,-0.31523,0.58197,0.40375,0.63160,1179.68
quat4,-0.16705,0.71887,0.67477,-0.00226,1179.68
quat5,0.00000,0.70711,0.00000,0.70711,1179.68
quat6,0.00000,0.70711,0.00000,0.70711,1179.68
quat7,0.00000,0.70711,0.00000,0.70711,1179.68
quat8,0.00000,0.70711,0.00000,0.70711,1179.68
quat0,0.72272,-0.23080,0.63240,0.15647,1179.7
quat1,-0.53575,0.59810,0.26599,0.53338,1179.7
quat2,-0.74781,0.12730,0.02767,0.65101,1179.7
quat3,-0.31582,0.58959,0.39270,0.63121,1179.7
quat4,-0.17981,0.72658,0.66289,-0.01808,1179.7
quat5,0.00000,0.70711,0.00000,0.70711,1179.7
quat6,0.00000,0.70711,0.00000,0.70711,1179.7
quat7,0.00000,0.70711,0.00000,0.70711,1179.7
quat8,0.00000,0.70711,0.00000,0.70711,1179.7
quat0,0.72202,-0.23093,0.63284,0.15772,1179.72
quat1,-0.53774,0.58790,0.27568,0.53778,1179.72
quat2,-0.75599,0.10494,0.04161,0.64477,1179.72
quat3,-0.31707,0.59732,0.38179,0.63000,1179.72
quat4,-0.19686,0.73278,0.65035,-0.03642,1179.72
quat5,0.00000,0.70711,0.00000,0.70711,1179.72
quat6,0.00000,0.70711,0.00000,0.70711,1179.72
quat7,0.00000,0.70711,0.00000,0.70711,1179.72
quat8,0.00000,0.70711,0.00000,0.70711,1179.72
quat0,0.72178,-0.23206,0.63227,0.15941,1179.74
quat1,-0.53998,0.57513,0.28291,0.54554,1179.74
quat2,-0.76174,0.08052,0.05725,0.64030,1179.74
quat3,-0.31870,0.60552,0.37142,0.62755,1179.74
quat4,-0.21634,0.73781,0.63689,-0.05657,1179.74
quat5,0.00000,0.70711,0.00000,0.70711,1179.74
quat6,0.00000,0.70711,0.00000,0.70711,1179.74
quat7,0.00000,0.70711,0.00000,0.70711,1179.74
quat8,0.00000,0.70711,0.00000,0.70711,1179.74
quat0,0.72234,-0.23356,0.63066,0.16104,1179.76
quat1,-0.54115,0.56098,0.28977,0.55542,1179.76
quat2,-0.76479,0.05571,0.07507,0.63746,1179.76
quat3,-0.32003,0.61596,0.36215,0.62210,1179.76
quat4,-0.23636,0.74127,0.62325,-0.07881,1179.76
quat5,0.00000,0.70711,0.00000,0.70711,1179.76
quat6,0.00000,0.70711,0.00000,0.70711,1179.76
quat7,0.00000,0.70711,0.00000,0.70711,1179.76
quat8,0.00000,0.70711,0.00000,0.70711,1179.76
quat0,0.72300,-0.23459,0.62912,0.16263,1179.78
quat1,-0.54180,0.54661,0.29654,0.56545,1179.78
quat2,-0.76548,0.02822,0.09077,0.63640,1179.78
quat3,-0.32084,0.62972,0.35454,0.61222,1179.78
quat4,-0.25422,0.74333,0.61004,-0.10331,1179.78
quat5,0.00000,0.70711,0.00000,0.70711,1179.78
quat6,0.00000,0.70711,0.00000,0.70711,1179.78
quat7,0.00000,0.70711,0.00000,0.70711,1179.78
quat8,0.00000,0.70711,0.00000,0.70711,1179.78
quat0,0.72212,-0.23560,0.62951,0.16357,1179.8
quat1,-0.54150,0.53170,0.30513,0.57530,1179.8
quat2,-0.76437,-0.00222,0.10168,0.63670,1179.8
quat3,-0.32189,0.64614,0.34846,0.59788,1179.8
quat4,-0.27081,0.74404,0.59732,-0.12759,1179.8
quat5,0.00000,0.70711,0.00000,0.70711,1179.8
quat6,0.00000,0.70711,0.00000,0.70711,1179.8
quat7,0.00000,0.70711,0.00000,0.70711,1179.8
quat8,0.00000,0.70711,0.00000,0.70711,1179.8
quat0,0.72081,-0.23590,0.63072,0.16424,1179.82
quat1,-0.53826,0.51616,0.31601,0.58651,1179.82
quat2,-0.76177,-0.03620,0.10973,0.63746,1179.82
quat3,-0.32398,0.66297,0.34244,0.58159,1179.82
quat4,-0.28602,0.74352,0.58510,-0.15175,1179.82
quat5,0.00000,0.70711,0.00000,0.70711,1179.82
quat6,0.00000,0.70711,0.00000,0.70711,1179.82
quat7,0.00000,0.70711,0.00000,0.70711,1179.82
quat8,0.00000,0.70711,0.00000,0.70711,1179.82
quat0,0.71972,-0.23606,0.63194,0.16408,1179.84
quat1,-0.53243,0.50192,0.32762,0.59772,1179.84
quat2,-0.75778,-0.06932,0.11958,0.63770,1179.84
quat3,-0.32785,0.67800,0.33640,0.56540,1179.84
quat4,-0.30193,0.74132,0.57344,-0.17453,1179.84
quat5,0.00000,0.70711,0.00000,0.70711,1179.84
quat6,0.00000,0.70711,0.00000,0.70711,1179.84
quat7,0.00000,0.70711,0.00000,0.70711,1179.84
quat8,0.00000,0.70711,0.00000,0.70711,1179.84
quat0,0.71963,-0.23565,0.63228,0.16378,1179.86
quat1,-0.52524,0.48873,0.33867,0.60875,1179.86
quat2,-0.75270,-0.10068,0.13074,0.63735,1179.86
quat3,-0.33221,0.69203,0.33082,0.54890,1179.86
quat4,-0.31806,0.73740,0.56288,-0.19558,1179.86
quat5,0.00000,0.70711,0.00000,0.70711,1179.86
quat6,0.00000,0.70711,0.00000,0.70711,1179.86
quat7,0.00000,0.70711,0.00000,0.70711,1179.86
quat8,0.00000,0.70711,0.00000,0.70711,1179.86
quat0,0.71838,-0.23554,0.63403,0.16268,1179.88
quat1,-0.51737,0.47505,0.34846,0.62067,1179.88
quat2,-0.74721,-0.12621,0.14519,0.63614,1179.88
quat3,-0.33643,0.70671,0.32622,0.53005,1179.88
quat4,-0.33443,0.73206,0.55347,-0.21431,1179.88
quat5,0.00000,0.70711,0.00000,0.70711,1179.88
quat6,0.00000,0.70711,0.00000,0.70711,1179.88
quat7,0.00000,0.70711,0.00000,0.70711,1179.88
quat8,0.00000,0.70711,0.00000,0.70711,1179.88
quat0,0.71770,-0.23418,0.63564,0.16132,1179.9
quat1,-0.50920,0.46042,0.35557,0.63427,1179.9
quat2,-0.74103,-0.14391,0.16324,0.63523,1179.9
quat3,-0.33945,0.72075,0.32368,0.51042,1179.9
quat4,-0.34828,0.72560,0.54605,-0.23244,1179.9
quat5,0.00000,0.70711,0.00000,0.70711,1179.9
quat6,0.00000,0.70711,0.00000,0.70711,1179.9
quat7,0.00000,0.70711,0.00000,0.70711,1179.9
quat8,0.00000,0.70711,0.00000,0.70711,1179.9
quat0,0.71728,-0.23246,0.63700,0.16033,1179.92
quat1,-0.50226,0.44728,0.36117,0.64593,1179.92
quat2,-0.73482,-0.15546,0.18082,0.63496,1179.92
quat3,-0.34202,0.73177,0.32295,0.49319,1179.92
quat4,-0.35945,0.71870,0.54115,-0.24784,1179.92
quat5,0.00000,0.70711,0.00000,0.70711,1179.92
quat6,0.00000,0.70711,0.00000,0.70711,1179.92
quat7,0.00000,0.70711,0.00000,0.70711,1179.92
quat8,0.00000,0.70711,0.00000,0.70711,1179.92
quat0,0.71706,-0.23072,0.63808,0.15951,1179.94
quat1,-0.49608,0.43881,0.36663,0.65340,1179.94
quat2,-0.73057,-0.16684,0.18996,0.63430,1179.94
quat3,-0.34451,0.74071,0.32385,0.47726,1179.94
quat4,-0.36829,0.71209,0.53939,-0.25758,1179.94
quat5,0.00000,0.70711,0.00000,0.70711,1179.94
quat6,0.00000,0.70711,0.00000,0.70711,1179.94
quat7,0.00000,0.70711,0.00000,0.70711,1179.94
quat8,0.00000,0.70711,0.00000,0.70711,1179.94
quat0,0.71653,-0.22897,0.63955,0.15857,1179.96
quat1,-0.49293,0.43374,0.36878,0.65795,1179.96
quat2,-0.72915,-0.17751,0.19082,0.63279,1179.96
quat3,-0.34689,0.74596,0.32587,0.46585,1179.96
quat4,-0.37630,0.70636,0.53967,-0.26117,1179.96
quat5,0.00000,0.70711,0.00000,0.70711,1179.96
quat6,0.00000,0.70711,0.00000,0.70711,1179.96
quat7,0.00000,0.70711,0.00000,0.70711,1179.96
quat8,0.00000,0.70711,0.00000,0.70711,1179.96
quat0,0.71511,-0.22738,0.64186,0.15790,1179.98
quat1,-0.49272,0.43126,0.36846,0.65991,1179.98
quat2,-0.72946,-0.18500,0.18776,0.63119,1179.98
quat3,-0.34995,0.74716,0.32678,0.46098,1179.98
quat4,-0.38303,0.70136,0.54187,-0.26032,1179.98
quat5,0.00000,0.70711,0.00000,0.70711,1179.98
quat6,0.00000,0.70711,0.00000,0.70711,1179.98
quat7,0.00000,0.70711,0.00000,0.70711,1179.98
quat8,0.00000,0.70711,0.00000,0.70711,1179.98
quat0,0.71396,-0.22761,0.64281,0.15889,1180
quat1,-0.49566,0.43174,0.36590,0.65882,1180
quat2,-0.73125,-0.18756,0.18171,0.63014,1180
quat3,-0.35348,0.74438,0.32761,0.46218,1180
quat4,-0.38640,0.69765,0.54607,-0.25649,1180
quat5,0.00000,0.70711,0.00000,0.70711,1180
quat6,0.00000,0.70711,0.00000,0.70711,1180
quat7,0.00000,0.70711,0.00000,0.70711,1180
quat8,0.00000,0.70711,0.00000,0.70711,1180
quat0,0.71342,-0.22827,0.64278,0.16048,1180.02
quat1,-0.50035,0.43597,0.36222,0.65450,1180.02
quat2,-0.73480,-0.18323,0.17324,0.62967,1180.02
quat3,-0.35630,0.73870,0.33041,0.46712,1180.02
quat4,-0.38549,0.69523,0.55318,-0.24908,1180.02
quat5,0.00000,0.70711,0.00000,0.70711,1180.02
quat6,0.00000,0.70711,0.00000,0.70711,1180.02
quat7,0.00000,0.70711,0.00000,0.70711,1180.02
quat8,0.00000,0.70711,0.00000,0.70711,1180.02
quat0,0.71302,-0.22911,0.64249,0.16223,1180.04
quat1,-0.50628,0.44306,0.35724,0.64789,1180.04
quat2,-0.74015,-0.17289,0.16075,0.62964,1180.04
quat3,-0.35793,0.73139,0.33575,0.47352,1180.04
quat4,-0.37992,0.69413,0.56325,-0.23788,1180.04
quat5,0.00000,0.70711,0.00000,0.70711,1180.04
quat6,0.00000,0.70711,0.00000,0.70711,1180.04
quat7,0.00000,0.70711,0.00000,0.70711,1180.04
quat8,0.00000,0.70711,0.00000,0.70711,1180.04
quat0,0.71204,-0.23002,0.64284,0.16388,1180.06
quat1,-0.51197,0.45341,0.35214,0.63898,1180.06
quat2,-0.74672,-0.15644,0.14519,0.62997,1180.06
quat3,-0.35858,0.72232,0.34362,0.48124,1180.06
quat4,-0.37065,0.69401,0.57534,-0.22351,1180.06
quat5,0.00000,0.70711,0.00000,0.70711,1180.06
quat6,0.00000,0.70711,0.00000,0.70711,1180.06
quat7,0.00000,0.70711,0.00000,0.70711,1180.06
quat8,0.00000,0.70711,0.00000,0.70711,1180.06
quat0,0.71073,-0.23091,0.64358,0.16540,1180.08
quat1,-0.51727,0.46666,0.34713,0.62783,1180.08
quat2,-0.75328,-0.13584,0.12666,0.63093,1180.08
quat3,-0.35779,0.71139,0.35338,0.49095,1180.08
quat4,-0.35935,0.69378,0.58855,-0.20773,1180.08
quat5,0.00000,0.70711,0.00000,0.70711,1180.08
quat6,0.00000,0.70711,0.00000,0.70711,1180.08
quat7,0.00000,0.70711,0.00000,0.70711,1180.08
quat8,0.00000,0.70711,0.00000,0.70711,1180.08
quat0,0.70921,-0.23191,0.64449,0.16698,1180.1
quat1,-0.52274,0.48154,0.34130,0.61513,1180.1
quat2,-0.75941,-0.11102,0.10803,0.63191,1180.1
quat3,-0.35681,0.69819,0.36344,0.50312,1180.1
quat4,-0.34561,0.69336,0.60302,-0.19021,1180.1
quat5,0.00000,0.70711,0.00000,0.70711,1180.1
quat6,0.00000,0.70711,0.00000,0.70711,1180.1
quat7,0.00000,0.70711,0.00000,0.70711,1180.1
quat8,0.00000,0.70711,0.00000,0.70711,1180.1
quat0,0.70806,-0.23262,0.64519,0.16811,1180.12
quat1,-0.52791,0.49712,0.33459,0.60185,1180.12
quat2,-0.76424,-0.08444,0.08913,0.63314,1180.12
quat3,-0.35513,0.68298,0.37357,0.51757,1180.12
quat4,-0.32761,0.69195,0.61954,-0.17336,1180.12
quat5,0.00000,0.70711,0.00000,0.70711,1180.12
quat6,0.00000,0.70711,0.00000,0.70711,1180.12
quat7,0.00000,0.70711,0.00000,0.70711,1180.12
quat8,0.00000,0.70711,0.00000,0.70711,1180.12
quat0,0.70698,-0.23292,0.64604,0.16899,1180.14
quat1,-0.53281,0.51445,0.32699,0.58698,1180.14
quat2,-0.76768,-0.05628,0.07145,0.63435,1180.14
quat3,-0.35389,0.66585,0.38404,0.53284,1180.14
quat4,-0.30865,0.68971,0.63647,-0.15471,1180.14
quat5,0.00000,0.70711,0.00000,0.70711,1180.14
quat6,0.00000,0.70711,0.00000,0.70711,1180.14
quat7,0.00000,0.70711,0.00000,0.70711,1180.14
quat8,0.00000,0.70711,0.00000,0.70711,1180.14
quat0,0.70549,-0.23273,0.64753,0.16978,1180.16
quat1,-0.53868,0.53134,0.31666,0.57205,1180.16
quat2,-0.76920,-0.02937,0.05299,0.63613,1180.16
quat3,-0.35375,0.64812,0.39471,0.54682,1180.16
quat4,-0.28930,0.68722,0.65270,-0.13423,1180.16
quat5,0.00000,0.70711,0.00000,0.70711,1180.16
quat6,0.00000,0.70711,0.00000,0.70711,1180.16
quat7,0.00000,0.70711,0.00000,0.70711,1180.16
quat8,0.00000,0.70711,0.00000,0.70711,1180.16
quat0,0.70405,-0.23286,0.64874,0.17094,1180.18
quat1,-0.54484,0.54547,0.30368,0.55981,1180.18
quat2,-0.76900,-0.00259,0.03557,0.63825,1180.18
quat3,-0.35480,0.63045,0.40526,0.55894,1180.18
quat4,-0.27160,0.68363,0.66813,-0.11176,1180.18
quat5,0.00000,0.70711,0.00000,0.70711,1180.18
quat6,0.00000,0.70711,0.00000,0.70711,1180.18
quat7,0.00000,0.70711,0.00000,0.70711,1180.18
quat8,0.00000,0.70711,0.00000,0.70711,1180.18
quat0,0.70263,-0.23208,0.65055,0.17101,1180.2
quat1,-0.55036,0.55833,0.28931,0.54925,1180.2
quat2,-0.76683,0.02133,0.01726,0.64127,1180.2
quat3,-0.35547,0.61432,0.41609,0.56845,1180.2
quat4,-0.25435,0.67871,0.68306,-0.08996,1180.2
quat5,0.00000,0.70711,0.00000,0.70711,1180.2
quat6,0.00000,0.70711,0.00000,0.70711,1180.2
quat7,0.00000,0.70711,0.00000,0.70711,1180.2
quat8,0.00000,0.70711,0.00000,0.70711,1180.2
quat0,0.70174,-0.23197,0.65152,0.17110,1180.22
quat1,-0.55511,0.56995,0.27453,0.54004,1180.22
quat2,-0.76274,0.04219,-0.00234,0.64532,1180.22
quat3,-0.35511,0.60069,0.42770,0.57459,1180.22
quat4,-0.23796,0.67233,0.69757,-0.06884,1180.22
quat5,0.00000,0.70711,0.00000,0.70711,1180.22
quat6,0.00000,0.70711,0.00000,0.70711,1180.22
quat7,0.00000,0.70711,0.00000,0.70711,1180.22
quat8,0.00000,0.70711,0.00000,0.70711,1180.22
quat0,0.70185,-0.23202,0.65152,0.17055,1180.24
quat1,-0.55862,0.58004,0.25996,0.53284,1180.24
quat2,-0.75678,0.05877,-0.02264,0.65063,1180.24
quat3,-0.35440,0.59002,0.43877,0.57772,1180.24
quat4,-0.22294,0.66416,0.71177,-0.05066,1180.24
quat5,0.00000,0.70711,0.00000,0.70711,1180.24
quat6,0.00000,0.70711,0.00000,0.70711,1180.24
quat7,0.00000,0.70711,0.00000,0.70711,1180.24
quat8,0.00000,0.70711,0.00000,0.70711,1180.24
quat0,0.70090,-0.23262,0.65264,0.16939,1180.26
quat1,-0.55994,0.58887,0.24791,0.52749,1180.26
quat2,-0.74902,0.07207,-0.04285,0.65723,1180.26
quat3,-0.35342,0.58220,0.45031,0.57737,1180.26
quat4,-0.21154,0.65470,0.72482,-0.03535,1180.26
quat5,0.00000,0.70711,0.00000,0.70711,1180.26
quat6,0.00000,0.70711,0.00000,0.70711,1180.26
quat7,0.00000,0.70711,0.00000,0.70711,1180.26
quat8,0.00000,0.70711,0.00000,0.70711,1180.26
quat0,0.70017,-0.23403,0.65294,0.16930,1180.28
quat1,-0.55845,0.59520,0.23935,0.52591,1180.28
quat2,-0.73942,0.08132,-0.06044,0.66558,1180.28
quat3,-0.35198,0.57769,0.46271,0.57296,1180.28
quat4,-0.20360,0.64471,0.73647,-0.02262,1180.28
quat5,0.00000,0.70711,0.00000,0.70711,1180.28
quat6,0.00000,0.70711,0.00000,0.70711,1180.28
quat7,0.00000,0.70711,0.00000,0.70711,1180.28
quat8,0.00000,0.70711,0.00000,0.70711,1180.28
quat0,0.69972,-0.23607,0.65250,0.17004,1180.3
quat1,-0.55347,0.60137,0.23453,0.52633,1180.3
quat2,-0.72958,0.08810,-0.07142,0.67442,1180.3
quat3,-0.35062,0.57572,0.47516,0.56554,1180.3
quat4,-0.19993,0.63365,0.74722,-0.01352,1180.3
quat5,0.00000,0.70711,0.00000,0.70711,1180.3
quat6,0.00000,0.70711,0.00000,0.70711,1180.3
quat7,0.00000,0.70711,0.00000,0.70711,1180.3
quat8,0.00000,0.70711,0.00000,0.70711,1180.3
quat0,0.69857,-0.23707,0.65343,0.16978,1180.32
quat1,-0.54448,0.60858,0.23482,0.52729,1180.32
quat2,-0.72053,0.09256,-0.07524,0.68309,1180.32
quat3,-0.35071,0.57472,0.48612,0.55712,1180.32
quat4,-0.20031,0.62226,0.75671,-0.00782,1180.32
quat5,0.00000,0.70711,0.00000,0.70711,1180.32
quat6,0.00000,0.70711,0.00000,0.70711,1180.32
quat7,0.00000,0.70711,0.00000,0.70711,1180.32
quat8,0.00000,0.70711,0.00000,0.70711,1180.32
quat0,0.69711,-0.23705,0.65511,0.16935,1180.34
quat1,-0.53292,0.61544,0.23875,0.52937,1180.34
quat2,-0.71246,0.09328,-0.07252,0.69170,1180.34
quat3,-0.35397,0.57514,0.49354,0.54803,1180.34
quat4,-0.20436,0.61071,0.76502,-0.00489,1180.34
quat5,0.00000,0.70711,0.00000,0.70711,1180.34
quat6,0.00000,0.70711,0.00000,0.70711,1180.34
quat7,0.00000,0.70711,0.00000,0.70711,1180.34
quat8,0.00000,0.70711,0.00000,0.70711,1180.34
quat0,0.69524,-0.23825,0.65666,0.16935,1180.36
quat1,-0.52045,0.62141,0.24492,0.53197,1180.36
quat2,-0.70532,0.08931,-0.06424,0.70030,1180.36
quat3,-0.36170,0.57675,0.49682,0.53824,1180.36
quat4,-0.21138,0.59973,0.77175,-0.00669,1180.36
quat5,0.00000,0.70711,0.00000,0.70711,1180.36
quat6,0.00000,0.70711,0.00000,0.70711,1180.36
quat7,0.00000,0.70711,0.00000,0.70711,1180.36
quat8,0.00000,0.70711,0.00000,0.70711,1180.36
quat0,0.69379,-0.23937,0.65781,0.16923,1180.38
quat1,-0.50770,0.62579,0.25203,0.53583,1180.38
quat2,-0.69900,0.07979,-0.05242,0.70872,1180.38
quat3,-0.37186,0.57995,0.49714,0.52747,1180.38
quat4,-0.22113,0.58968,0.77665,-0.01371,1180.38
quat5,0.00000,0.70711,0.00000,0.70711,1180.38
quat6,0.00000,0.70711,0.00000,0.70711,1180.38
quat7,0.00000,0.70711,0.00000,0.70711,1180.38
quat8,0.00000,0.70711,0.00000,0.70711,1180.38
quat0,0.69246,-0.23967,0.65941,0.16805,1180.4
quat1,-0.49498,0.62740,0.25932,0.54233,1180.4
quat2,-0.69371,0.06669,-0.03710,0.71620,1180.4
quat3,-0.38168,0.58408,0.49633,0.51656,1180.4
quat4,-0.23463,0.58049,0.77936,-0.02427,1180.4
quat5,0.00000,0.70711,0.00000,0.70711,1180.4
quat6,0.00000,0.70711,0.00000,0.70711,1180.4
quat7,0.00000,0.70711,0.00000,0.70711,1180.4
quat8,0.00000,0.70711,0.00000,0.70711,1180.4
quat0,0.69139,-0.24043,0.66036,0.16762,1180.42
quat1,-0.48344,0.62502,0.26560,0.55236,1180.42
quat2,-0.68886,0.04995,-0.02042,0.72288,1180.42
quat3,-0.38910,0.58919,0.49540,0.50600,1180.42
quat4,-0.24790,0.57354,0.77973,-0.04034,1180.42
quat5,0.00000,0.70711,0.00000,0.70711,1180.42
quat6,0.00000,0.70711,0.00000,0.70711,1180.42
quat7,0.00000,0.70711,0.00000,0.70711,1180.42
quat8,0.00000,0.70711,0.00000,0.70711,1180.42
quat0,0.69114,-0.24084,0.66067,0.16687,1180.44
quat1,-0.47347,0.61887,0.27159,0.56486,1180.44
quat2,-0.68419,0.03041,-0.00256,0.72867,1180.44
quat3,-0.39522,0.59581,0.49400,0.49474,1180.44
quat4,-0.26247,0.56747,0.77815,-0.05976,1180.44
quat5,0.00000,0.70711,0.00000,0.70711,1180.44
quat6,0.00000,0.70711,0.00000,0.70711,1180.44
quat7,0.00000,0.70711,0.00000,0.70711,1180.44
quat8,0.00000,0.70711,0.00000,0.70711,1180.44
quat0,0.69136,-0.24137,0.66034,0.16644,1180.46
quat1,-0.46450,0.60981,0.27765,0.57903,1180.46
quat2,-0.67941,0.00703,0.01369,0.73360,1180.46
quat3,-0.39896,0.60373,0.49246,0.48355,1180.46
quat4,-0.27897,0.56188,0.77447,-0.08165,1180.46
quat5,0.00000,0.70711,0.00000,0.70711,1180.46
quat6,0.00000,0.70711,0.00000,0.70711,1180.46
quat7,0.00000,0.70711,0.00000,0.70711,1180.46
quat8,0.00000,0.70711,0.00000,0.70711,1180.46
quat0,0.69193,-0.24179,0.65981,0.16557,1180.48
quat1,-0.45554,0.59886,0.28483,0.59390,1180.48
quat2,-0.67510,-0.01649,0.03083,0.73690,1180.48
quat3,-0.40149,0.61329,0.48987,0.47192,1180.48
quat4,-0.29649,0.55699,0.76872,-0.10454,1180.48
quat5,0.00000,0.70711,0.00000,0.70711,1180.48
quat6,0.00000,0.70711,0.00000,0.70711,1180.48
quat7,0.00000,0.70711,0.00000,0.70711,1180.48
quat8,0.00000,0.70711,0.00000,0.70711,1180.48
quat0,0.69288,-0.24149,0.65925,0.16432,1180.5
quat1,-0.44547,0.58779,0.29360,0.60816,1180.5
quat2,-0.67119,-0.03919,0.04939,0.73860,1180.5
quat3,-0.40418,0.62289,0.48619,0.46072,1180.5
quat4,-0.31462,0.55259,0.76118,-0.12756,1180.5
quat5,0.00000,0.70711,0.00000,0.70711,1180.5
quat6,0.00000,0.70711,0.00000,0.70711,1180.5
quat7,0.00000,0.70711,0.00000,0.70711,1180.5
quat8,0.00000,0.70711,0.00000,0.70711,1180.5
quat0,0.69397,-0.24084,0.65855,0.16345,1180.52
quat1,-0.43447,0.57728,0.30357,0.62115,1180.52
quat2,-0.66744,-0.05926,0.07063,0.73894,1180.52
quat3,-0.40836,0.63263,0.48013,0.45000,1180.52
quat4,-0.33343,0.54886,0.75203,-0.14843,1180.52
quat5,0.00000,0.70711,0.00000,0.70711,1180.52
quat6,0.00000,0.70711,0.00000,0.70711,1180.52
quat7,0.00000,0.70711,0.00000,0.70711,1180.52
quat8,0.00000,0.70711,0.00000,0.70711,1180.52
quat0,0.69511,-0.24006,0.65786,0.16253,1180.54
quat1,-0.42453,0.56560,0.31260,0.63415,1180.54
quat2,-0.66391,-0.07899,0.09110,0.73803,1180.54
quat3,-0.41330,0.64253,0.47176,0.44021,1180.54
quat4,-0.35083,0.54597,0.74163,-0.16978,1180.54
quat5,0.00000,0.70711,0.00000,0.70711,1180.54
quat6,0.00000,0.70711,0.00000,0.70711,1180.54
quat7,0.00000,0.70711,0.00000,0.70711,1180.54
quat8,0.00000,0.70711,0.00000,0.70711,1180.54
quat0,0.69596,-0.23916,0.65750,0.16166,1180.56
quat1,-0.41601,0.55232,0.32053,0.64741,1180.56
quat2,-0.66046,-0.09787,0.11149,0.73606,1180.56
quat3,-0.41761,0.65195,0.46268,0.43185,1180.56
quat4,-0.36644,0.54357,0.73071,-0.19055,1180.56
quat5,0.00000,0.70711,0.00000,0.70711,1180.56
quat6,0.00000,0.70711,0.00000,0.70711,1180.56
quat7,0.00000,0.70711,0.00000,0.70711,1180.56
quat8,0.00000,0.70711,0.00000,0.70711,1180.56
quat0,0.69784,-0.23829,0.65608,0.16061,1180.58
quat1,-0.40844,0.53921,0.32807,0.65940,1180.58
quat2,-0.65669,-0.11437,0.13172,0.73371,1180.58
quat3,-0.42167,0.66057,0.45302,0.42498,1180.58
quat4,-0.37959,0.54165,0.71997,-0.21018,1180.58
quat5,0.00000,0.70711,0.00000,0.70711,1180.58
quat6,0.00000,0.70711,0.00000,0.70711,1180.58
quat7,0.00000,0.70711,0.00000,0.70711,1180.58
quat8,0.00000,0.70711,0.00000,0.70711,1180.58
quat0,0.69956,-0.23686,0.65512,0.15915,1180.6
quat1,-0.40145,0.52707,0.33565,0.66961,1180.6
quat2,-0.65268,-0.12740,0.15231,0.73115,1180.6
quat3,-0.42433,0.66946,0.44391,0.41799,1180.6
quat4,-0.39128,0.54043,0.70940,-0.22713,1180.6
quat5,0.00000,0.70711,0.00000,0.70711,1180.6
quat6,0.00000,0.70711,0.00000,0.70711,1180.6
quat7,0.00000,0.70711,0.00000,0.70711,1180.6
quat8,0.00000,0.70711,0.00000,0.70711,1180.6
quat0,0.70102,-0.23586,0.65403,0.15872,1180.62
quat1,-0.39600,0.51582,0.34186,0.67842,1180.62
quat2,-0.64866,-0.13713,0.17057,0.72893,1180.62
quat3,-0.42538,0.67779,0.43708,0.41063,1180.62
quat4,-0.39979,0.53995,0.69968,-0.24303,1180.62
quat5,0.00000,0.70711,0.00000,0.70711,1180.62
quat6,0.00000,0.70711,0.00000,0.70711,1180.62
quat7,0.00000,0.70711,0.00000,0.70711,1180.62
quat8,0.00000,0.70711,0.00000,0.70711,1180.62
quat0,0.70219,-0.23549,0.65305,0.15811,1180.64
quat1,-0.39245,0.50475,0.34593,0.68669,1180.64
quat2,-0.64478,-0.14170,0.18611,0.72770,1180.64
quat3,-0.42503,0.68487,0.43266,0.40386,1180.64
quat4,-0.40438,0.53992,0.69187,-0.25745,1180.64
quat5,0.00000,0.70711,0.00000,0.70711,1180.64
quat6,0.00000,0.70711,0.00000,0.70711,1180.64
quat7,0.00000,0.70711,0.00000,0.70711,1180.64
quat8,0.00000,0.70711,0.00000,0.70711,1180.64
quat0,0.70335,-0.23486,0.65219,0.15744,1180.66
quat1,-0.39190,0.49439,0.34700,0.69396,1180.66
quat2,-0.64226,-0.14329,0.19630,0.72694,1180.66
quat3,-0.42430,0.69044,0.42930,0.39869,1180.66
quat4,-0.40557,0.53916,0.68731,-0.26911,1180.66
quat5,0.00000,0.70711,0.00000,0.70711,1180.66
quat6,0.00000,0.70711,0.00000,0.70711,1180.66
quat7,0.00000,0.70711,0.00000,0.70711,1180.66
quat8,0.00000,0.70711,0.00000,0.70711,1180.66
quat0,0.70361,-0.23495,0.65210,0.15651,1180.68
quat1,-0.39287,0.48678,0.34654,0.69901,1180.68
quat2,-0.64081,-0.14335,0.20127,0.72684,1180.68
quat3,-0.42282,0.69442,0.42776,0.39499,1180.68
quat4,-0.40443,0.53927,0.68512,-0.27609,1180.68
quat5,0.00000,0.70711,0.00000,0.70711,1180.68
quat6,0.00000,0.70711,0.00000,0.70711,1180.68
quat7,0.00000,0.70711,0.00000,0.70711,1180.68
quat8,0.00000,0.70711,0.00000,0.70711,1180.68
quat0,0.70384,-0.23484,0.65195,0.15627,1180.7
quat1,-0.39445,0.48510,0.34563,0.69974,1180.7
quat2,-0.64135,-0.14057,0.20038,0.72716,1180.7
quat3,-0.42159,0.69607,0.42744,0.39376,1180.7
quat4,-0.40572,0.54211,0.68226,-0.27575,1180.7
quat5,0.00000,0.70711,0.00000,0.70711,1180.7
quat6,0.00000,0.70711,0.00000,0.70711,1180.7
quat7,0.00000,0.70711,0.00000,0.70711,1180.7
quat8,0.00000,0.70711,0.00000,0.70711,1180.7
quat0,0.70395,-0.23570,0.65136,0.15694,1180.72
quat1,-0.39749,0.48741,0.34300,0.69769,1180.72
quat2,-0.64261,-0.13317,0.19643,0.72851,1180.72
quat3,-0.41896,0.69515,0.43025,0.39513,1180.72
quat4,-0.40192,0.54483,0.68352,-0.27280,1180.72
quat5,0.00000,0.70711,0.00000,0.70711,1180.72
quat6,0.00000,0.70711,0.00000,0.70711,1180.72
quat7,0.00000,0.70711,0.00000,0.70711,1180.72
quat8,0.00000,0.70711,0.00000,0.70711,1180.72
quat0,0.70365,-0.23679,0.65107,0.15785,1180.74
quat1,-0.40180,0.49266,0.33850,0.69373,1180.74
quat2,-0.64436,-0.12051,0.18891,0.73115,1180.74
quat3,-0.41536,0.69165,0.43538,0.39941,1180.74
quat4,-0.39378,0.54786,0.68874,-0.26538,1180.74
quat5,0.00000,0.70711,0.00000,0.70711,1180.74
quat6,0.00000,0.70711,0.00000,0.70711,1180.74
quat7,0.00000,0.70711,0.00000,0.70711,1180.74
quat8,0.00000,0.70711,0.00000,0.70711,1180.74
quat0,0.70314,-0.23871,0.65054,0.15944,1180.76
quat1,-0.40618,0.50142,0.33275,0.68766,1180.76
quat2,-0.64665,-0.10533,0.17589,0.73472,1180.76
quat3,-0.41162,0.68622,0.44070,0.40677,1180.76
quat4,-0.38114,0.55217,0.69593,-0.25596,1180.76
quat5,0.00000,0.70711,0.00000,0.70711,1180.76
quat6,0.00000,0.70711,0.00000,0.70711,1180.76
quat7,0.00000,0.70711,0.00000,0.70711,1180.76
quat8,0.00000,0.70711,0.00000,0.70711,1180.76
quat0,0.70305,-0.24040,0.64961,0.16102,1180.78
quat1,-0.41045,0.51476,0.32557,0.67864,1180.78
quat2,-0.64971,-0.08926,0.15654,0.73852,1180.78
quat3,-0.40804,0.67856,0.44655,0.41672,1180.78
quat4,-0.36949,0.55646,0.70453,-0.23974,1180.78
quat5,0.00000,0.70711,0.00000,0.70711,1180.78
quat6,0.00000,0.70711,0.00000,0.70711,1180.78
quat7,0.00000,0.70711,0.00000,0.70711,1180.78
quat8,0.00000,0.70711,0.00000,0.70711,1180.78
quat0,0.70296,-0.24221,0.64843,0.16348,1180.8
quat1,-0.41401,0.53311,0.31773,0.66591,1180.8
quat2,-0.65276,-0.07488,0.13046,0.74248,1180.8
quat3,-0.40418,0.66917,0.45155,0.43006,1180.8
quat4,-0.35539,0.56200,0.71371,-0.22016,1180.8
quat5,0.00000,0.70711,0.00000,0.70711,1180.8
quat6,0.00000,0.70711,0.00000,0.70711,1180.8
quat7,0.00000,0.70711,0.00000,0.70711,1180.8
quat8,0.00000,0.70711,0.00000,0.70711,1180.8
quat0,0.70315,-0.24342,0.64724,0.16554,1180.82
quat1,-0.41766,0.55472,0.31091,0.64898,1180.82
quat2,-0.65551,-0.06024,0.10119,0.74595,1180.82
quat3,-0.40091,0.65866,0.45509,0.44534,1180.82
quat4,-0.33966,0.56794,0.72320,-0.19764,1180.82
quat5,0.00000,0.70711,0.00000,0.70711,1180.82
quat6,0.00000,0.70711,0.00000,0.70711,1180.82
quat7,0.00000,0.70711,0.00000,0.70711,1180.82
quat8,0.00000,0.70711,0.00000,0.70711,1180.82
quat0,0.70346,-0.24397,0.64636,0.16684,1180.84
quat1,-0.42328,0.57629,0.30357,0.62974,1180.84
quat2,-0.65762,-0.04558,0.06966,0.74874,1180.84
quat3,-0.39730,0.64637,0.45773,0.46351,1180.84
quat4,-0.32157,0.57364,0.73283,-0.17462,1180.84
quat5,0.00000,0.70711,0.00000,0.70711,1180.84
quat6,0.00000,0.70711,0.00000,0.70711,1180.84
quat7,0.00000,0.70711,0.00000,0.70711,1180.84
quat8,0.00000,0.70711,0.00000,0.70711,1180.84
quat0,0.70357,-0.24397,0.64595,0.16797,1180.86
quat1,-0.43115,0.59556,0.29532,0.61009,1180.86
quat2,-0.65935,-0.02792,0.03966,0.75027,1180.86
quat3,-0.39401,0.63304,0.45841,0.48362,1180.86
quat4,-0.30234,0.58020,0.74093,-0.15162,1180.86
quat5,0.00000,0.70711,0.00000,0.70711,1180.86
quat6,0.00000,0.70711,0.00000,0.70711,1180.86
quat7,0.00000,0.70711,0.00000,0.70711,1180.86
quat8,0.00000,0.70711,0.00000,0.70711,1180.86
quat0,0.70407,-0.24362,0.64532,0.16881,1180.88
quat1,-0.44096,0.61098,0.28666,0.59168,1180.88
quat2,-0.66107,-0.00784,0.01237,0.75018,1180.88
quat3,-0.39076,0.61943,0.45718,0.50457,1180.88
quat4,-0.28059,0.58857,0.74675,-0.13121,1180.88
quat5,0.00000,0.70711,0.00000,0.70711,1180.88
quat6,0.00000,0.70711,0.00000,0.70711,1180.88
quat7,0.00000,0.70711,0.00000,0.70711,1180.88
quat8,0.00000,0.70711,0.00000,0.70711,1180.88
quat0,0.70409,-0.24317,0.64519,0.16986,1180.9
quat1,-0.45302,0.62048,0.27729,0.57697,1180.9
quat2,-0.66400,0.01611,-0.00985,0.74749,1180.9
quat3,-0.38717,0.60549,0.45585,0.52505,1180.9
quat4,-0.25630,0.59766,0.75137,-0.11207,1180.9
quat5,0.00000,0.70711,0.00000,0.70711,1180.9
quat6,0.00000,0.70711,0.00000,0.70711,1180.9
quat7,0.00000,0.70711,0.00000,0.70711,1180.9
quat8,0.00000,0.70711,0.00000,0.70711,1180.9
quat0,0.70337,-0.24269,0.64594,0.17067,1180.92
quat1,-0.46640,0.62432,0.26740,0.56674,1180.92
quat2,-0.66845,0.03942,-0.03000,0.74211,1180.92
quat3,-0.38215,0.59308,0.45572,0.54271,1180.92
quat4,-0.23050,0.60862,0.75338,-0.09422,1180.92
quat5,0.00000,0.70711,0.00000,0.70711,1180.92
quat6,0.00000,0.70711,0.00000,0.70711,1180.92
quat7,0.00000,0.70711,0.00000,0.70711,1180.92
quat8,0.00000,0.70711,0.00000,0.70711,1180.92
quat0,0.70218,-0.24262,0.64678,0.17246,1180.94
quat1,-0.47986,0.62545,0.25889,0.55814,1180.94
quat2,-0.67408,0.06019,-0.04715,0.73469,1180.94
quat3,-0.37703,0.58402,0.45567,0.55600,1180.94
quat4,-0.20619,0.62085,0.75254,-0.07556,1180.94
quat5,0.00000,0.70711,0.00000,0.70711,1180.94
quat6,0.00000,0.70711,0.00000,0.70711,1180.94
quat7,0.00000,0.70711,0.00000,0.70711,1180.94
quat8,0.00000,0.70711,0.00000,0.70711,1180.94
quat0,0.70120,-0.24144,0.64782,0.17422,1180.96
quat1,-0.49289,0.62597,0.25258,0.54902,1180.96
quat2,-0.68106,0.07606,-0.06086,0.72572,1180.96
quat3,-0.37192,0.57793,0.45546,0.56589,1180.96
quat4,-0.18228,0.63337,0.74975,-0.05907,1180.96
quat5,0.00000,0.70711,0.00000,0.70711,1180.96
quat6,0.00000,0.70711,0.00000,0.70711,1180.96
quat7,0.00000,0.70711,0.00000,0.70711,1180.96
quat8,0.00000,0.70711,0.00000,0.70711,1180.96
quat0,0.70101,-0.24007,0.64811,0.17580,1180.98
quat1,-0.50501,0.62575,0.24813,0.54021,1180.98
quat2,-0.68949,0.08708,-0.07122,0.71551,1180.98
quat3,-0.36566,0.57531,0.45500,0.57296,1180.98
quat4,-0.16189,0.64527,0.74521,-0.04565,1180.98
quat5,0.00000,0.70711,0.00000,0.70711,1180.98
quat6,0.00000,0.70711,0.00000,0.70711,1180.98
quat7,0.00000,0.70711,0.00000,0.70711,1180.98
quat8,0.00000,0.70711,0.00000,0.70711,1180.98
quat0,0.70114,-0.23925,0.64801,0.17677,1181
quat1,-0.51641,0.62412,0.24617,0.53216,1181
quat2,-0.69897,0.09256,-0.07851,0.70477,1181
quat3,-0.35950,0.57498,0.45313,0.57865,1181
quat4,-0.14617,0.65682,0.73884,-0.03660,1181
quat5,0.00000,0.70711,0.00000,0.70711,1181
quat6,0.00000,0.70711,0.00000,0.70711,1181
quat7,0.00000,0.70711,0.00000,0.70711,1181
quat8,0.00000,0.70711,0.00000,0.70711,1181
quat0,0.70055,-0.23836,0.64884,0.17728,1181.02
quat1,-0.52713,0.62050,0.24652,0.52568,1181.02
quat2,-0.70916,0.09399,-0.08258,0.69385,1181.02
quat3,-0.35435,0.57638,0.44858,0.58395,1181.02
quat4,-0.13652,0.66781,0.73104,-0.03122,1181.02
quat5,0.00000,0.70711,0.00000,0.70711,1181.02
quat6,0.00000,0.70711,0.00000,0.70711,1181.02
quat7,0.00000,0.70711,0.00000,0.70711,1181.02
quat8,0.00000,0.70711,0.00000,0.70711,1181.02
quat0,0.70002,-0.23803,0.64929,0.17814,1181.04
quat1,-0.53676,0.61475,0.24849,0.52175,1181.04
quat2,-0.71995,0.09245,-0.08276,0.68285,1181.04
quat3,-0.35016,0.57866,0.44131,0.58974,1181.04
quat4,-0.13385,0.67794,0.72220,-0.03003,1181.04
quat5,0.00000,0.70711,0.00000,0.70711,1181.04
quat6,0.00000,0.70711,0.00000,0.70711,1181.04
quat7,0.00000,0.70711,0.00000,0.70711,1181.04
quat8,0.00000,0.70711,0.00000,0.70711,1181.04
quat0,0.69927,-0.23787,0.65007,0.17847,1181.06
quat1,-0.54503,0.60694,0.25168,0.52079,1181.06
quat2,-0.73084,0.08804,-0.07924,0.67219,1181.06
quat3,-0.34745,0.58111,0.43154,0.59612,1181.06
quat4,-0.13688,0.68731,0.71260,-0.03286,1181.06
quat5,0.00000,0.70711,0.00000,0.70711,1181.06
quat6,0.00000,0.70711,0.00000,0.70711,1181.06
quat7,0.00000,0.70711,0.00000,0.70711,1181.06
quat8,0.00000,0.70711,0.00000,0.70711,1181.06
quat0,0.69853,-0.23769,0.65063,0.17956,1181.08
quat1,-0.55183,0.59764,0.25589,0.52233,1181.08
quat2,-0.74154,0.08095,-0.07136,0.66218,1181.08
quat3,-0.34584,0.58470,0.42030,0.60156,1181.08
quat4,-0.14450,0.69610,0.70214,-0.03960,1181.08
quat5,0.00000,0.70711,0.00000,0.70711,1181.08
quat6,0.00000,0.70711,0.00000,0.70711,1181.08
quat7,0.00000,0.70711,0.00000,0.70711,1181.08
quat8,0.00000,0.70711,0.00000,0.70711,1181.08
quat0,0.69809,-0.23837,0.65027,0.18165,1181.1
quat1,-0.55685,0.58776,0.26097,0.52570,1181.1
quat2,-0.75175,0.07044,-0.05997,0.65292,1181.1
quat3,-0.34544,0.58937,0.40935,0.60477,1181.1
quat4,-0.15452,0.70410,0.69121,-0.05104,1181.1
quat5,0.00000,0.70711,0.00000,0.70711,1181.1
quat6,0.00000,0.70711,0.00000,0.70711,1181.1
quat7,0.00000,0.70711,0.00000,0.70711,1181.1
quat8,0.00000,0.70711,0.00000,0.70711,1181.1
quat0,0.69768,-0.23856,0.65023,0.18312,1181.12
quat1,-0.55986,0.57815,0.26767,0.52977,1181.12
quat2,-0.76088,0.05701,-0.04518,0.64480,1181.12
quat3,-0.34575,0.59533,0.39889,0.60574,1181.12
quat4,-0.16709,0.71136,0.67944,-0.06637,1181.12
quat5,0.00000,0.70711,0.00000,0.70711,1181.12
quat6,0.00000,0.70711,0.00000,0.70711,1181.12
quat7,0.00000,0.70711,0.00000,0.70711,1181.12
quat8,0.00000,0.70711,0.00000,0.70711,1181.12
quat0,0.69764,-0.23887,0.64999,0.18371,1181.14
quat1,-0.56109,0.56904,0.27568,0.53420,1181.14
quat2,-0.76860,0.04015,-0.02779,0.63787,1181.14
quat3,-0.34568,0.60346,0.38935,0.60394,1181.14
quat4,-0.18220,0.71727,0.66726,-0.08424,1181.14
quat5,0.00000,0.70711,0.00000,0.70711,1181.14
quat6,0.00000,0.70711,0.00000,0.70711,1181.14
quat7,0.00000,0.70711,0.00000,0.70711,1181.14
quat8,0.00000,0.70711,0.00000,0.70711,1181.14
quat0,0.69886,-0.23832,0.64871,0.18431,1181.16
quat1,-0.56142,0.56019,0.28377,0.53896,1181.16
quat2,-0.77440,0.02140,-0.00816,0.63229,1181.16
quat3,-0.34549,0.61398,0.38018,0.59928,1181.16
quat4,-0.19897,0.72204,0.65450,-0.10345,1181.16
quat5,0.00000,0.70711,0.00000,0.70711,1181.16
quat6,0.00000,0.70711,0.00000,0.70711,1181.16
quat7,0.00000,0.70711,0.00000,0.70711,1181.16
quat8,0.00000,0.70711,0.00000,0.70711,1181.16
quat0,0.69968,-0.23739,0.64810,0.18456,1181.18
quat1,-0.56187,0.55024,0.29023,0.54526,1181.18
quat2,-0.77798,-0.00017,0.01202,0.62818,1181.18
quat3,-0.34486,0.62607,0.37225,0.59206,1181.18
quat4,-0.21548,0.72560,0.64127,-0.12588,1181.18
quat5,0.00000,0.70711,0.00000,0.70711,1181.18
quat6,0.00000,0.70711,0.00000,0.70711,1181.18
quat7,0.00000,0.70711,0.00000,0.70711,1181.18
quat8,0.00000,0.70711,0.00000,0.70711,1181.18
quat0,0.70009,-0.23711,0.64786,0.18420,1181.2
quat1,-0.56217,0.53960,0.29512,0.55290,1181.2
quat2,-0.77939,-0.02314,0.03200,0.62530,1181.2
quat3,-0.34433,0.63877,0.36538,0.58301,1181.2
quat4,-0.23331,0.72710,0.62840,-0.14834,1181.2
quat5,0.00000,0.70711,0.00000,0.70711,1181.2
quat6,0.00000,0.70711,0.00000,0.70711,1181.2
quat7,0.00000,0.70711,0.00000,0.70711,1181.2
quat8,0.00000,0.70711,0.00000,0.70711,1181.2
quat0,0.70100,-0.23657,0.64721,0.18371,1181.22
quat1,-0.56134,0.52797,0.29979,0.56237,1181.22
quat2,-0.77889,-0.04805,0.04970,0.62333,1181.22
quat3,-0.34513,0.65214,0.35826,0.57206,1181.22
quat4,-0.25160,0.72709,0.61571,-0.17013,1181.22
quat5,0.00000,0.70711,0.00000,0.70711,1181.22
quat6,0.00000,0.70711,0.00000,0.70711,1181.22
quat7,0.00000,0.70711,0.00000,0.70711,1181.22
quat8,0.00000,0.70711,0.00000,0.70711,1181.22
quat0,0.70108,-0.23568,0.64764,0.18305,1181.24
quat1,-0.55800,0.51699,0.30631,0.57230,1181.24
quat2,-0.77691,-0.07249,0.06650,0.62187,1181.24
quat3,-0.34728,0.66514,0.35090,0.56023,1181.24
quat4,-0.27062,0.72522,0.60317,-0.19238,1181.24
quat5,0.00000,0.70711,0.00000,0.70711,1181.24
quat6,0.00000,0.70711,0.00000,0.70711,1181.24
quat7,0.00000,0.70711,0.00000,0.70711,1181.24
quat8,0.00000,0.70711,0.00000,0.70711,1181.24
quat0,0.70118,-0.23466,0.64803,0.18258,1181.26
quat1,-0.55233,0.50765,0.31426,0.58178,1181.26
quat2,-0.77351,-0.09732,0.08170,0.62092,1181.26
quat3,-0.35063,0.67695,0.34438,0.54791,1181.26
quat4,-0.28760,0.72119,0.59161,-0.21716,1181.26
quat5,0.00000,0.70711,0.00000,0.70711,1181.26
quat6,0.00000,0.70711,0.00000,0.70711,1181.26
quat7,0.00000,0.70711,0.00000,0.70711,1181.26
quat8,0.00000,0.70711,0.00000,0.70711,1181.26
quat0,0.70136,-0.23392,0.64829,0.18194,1181.28
quat1,-0.54584,0.49989,0.32315,0.58970,1181.28
quat2,-0.76875,-0.12113,0.09457,0.62081,1181.28
quat3,-0.35456,0.68787,0.33904,0.53496,1181.28
quat4,-0.30224,0.71477,0.58209,-0.24277,1181.28
quat5,0.00000,0.70711,0.00000,0.70711,1181.28
quat6,0.00000,0.70711,0.00000,0.70711,1181.28
quat7,0.00000,0.70711,0.00000,0.70711,1181.28
quat8,0.00000,0.70711,0.00000,0.70711,1181.28
quat0,0.70129,-0.23314,0.64876,0.18151,1181.3
quat1,-0.53941,0.49348,0.33150,0.59634,1181.3
quat2,-0.76341,-0.14484,0.10266,0.62104,1181.3
quat3,-0.35881,0.69738,0.33514,0.52210,1181.3
quat4,-0.31616,0.70622,0.57443,-0.26707,1181.3
quat5,0.00000,0.70711,0.00000,0.70711,1181.3
quat6,0.00000,0.70711,0.00000,0.70711,1181.3
quat7,0.00000,0.70711,0.00000,0.70711,1181.3
quat8,0.00000,0.70711,0.00000,0.70711,1181.3
quat0,0.70081,-0.23237,0.64982,0.18057,1181.32
quat1,-0.53321,0.48691,0.33871,0.60323,1181.32
quat2,-0.75892,-0.16570,0.10731,0.62054,1181.32
quat3,-0.36278,0.70594,0.33284,0.50917,1181.32
quat4,-0.32985,0.69736,0.56758,-0.28765,1181.32
quat5,0.00000,0.70711,0.00000,0.70711,1181.32
quat6,0.00000,0.70711,0.00000,0.70711,1181.32
quat7,0.00000,0.70711,0.00000,0.70711,1181.32
quat8,0.00000,0.70711,0.00000,0.70711,1181.32
quat0,0.70087,-0.23114,0.65067,0.17886,1181.34
quat1,-0.52768,0.47788,0.34179,0.61349,1181.34
quat2,-0.75448,-0.18266,0.11082,0.62057,1181.34
quat3,-0.36522,0.71384,0.33343,0.49585,1181.34
quat4,-0.34093,0.68869,0.56251,-0.30504,1181.34
quat5,0.00000,0.70711,0.00000,0.70711,1181.34
quat6,0.00000,0.70711,0.00000,0.70711,1181.34
quat7,0.00000,0.70711,0.00000,0.70711,1181.34
quat8,0.00000,0.70711,0.00000,0.70711,1181.34
quat0,0.70124,-0.23072,0.65074,0.17769,1181.36
quat1,-0.52394,0.47143,0.34408,0.62037,1181.36
quat2,-0.75038,-0.19498,0.11364,0.62129,1181.36
quat3,-0.36556,0.72100,0.33677,0.48282,1181.36
quat4,-0.34868,0.68026,0.56048,-0.31864,1181.36
quat5,0.00000,0.70711,0.00000,0.70711,1181.36
quat6,0.00000,0.70711,0.00000,0.70711,1181.36
quat7,0.00000,0.70711,0.00000,0.70711,1181.36
quat8,0.00000,0.70711,0.00000,0.70711,1181.36
quat0,0.70106,-0.23018,0.65139,0.17669,1181.38
quat1,-0.52108,0.46727,0.34566,0.62503,1181.38
quat2,-0.74756,-0.20424,0.11297,0.62184,1181.38
quat3,-0.36539,0.72751,0.34098,0.47005,1181.38
quat4,-0.35397,0.67330,0.56119,-0.32626,1181.38
quat5,0.00000,0.70711,0.00000,0.70711,1181.38
quat6,0.00000,0.70711,0.00000,0.70711,1181.38
quat7,0.00000,0.70711,0.00000,0.70711,1181.38
quat8,0.00000,0.70711,0.00000,0.70711,1181.38
quat0,0.70061,-0.22941,0.65239,0.17578,1181.4
quat1,-0.52043,0.46671,0.34514,0.62627,1181.4
quat2,-0.74629,-0.21018,0.10906,0.62208,1181.4
quat3,-0.36599,0.73129,0.34558,0.46026,1181.4
quat4,-0.35838,0.66869,0.56350,-0.32692,1181.4
quat5,0.00000,0.70711,0.00000,0.70711,1181.4
quat6,0.00000,0.70711,0.00000,0.70711,1181.4
quat7,0.00000,0.70711,0.00000,0.70711,1181.4
quat8,0.00000,0.70711,0.00000,0.70711,1181.4
quat0,0.70020,-0.22881,0.65316,0.17531,1181.42
quat1,-0.52075,0.46881,0.34420,0.62496,1181.42
quat2,-0.74622,-0.20994,0.10533,0.62289,1181.42
quat3,-0.36794,0.73109,0.34910,0.45636,1181.42
quat4,-0.36135,0.66539,0.56816,-0.32228,1181.42
quat5,0.00000,0.70711,0.00000,0.70711,1181.42
quat6,0.00000,0.70711,0.00000,0.70711,1181.42
quat7,0.00000,0.70711,0.00000,0.70711,1181.42
quat8,0.00000,0.70711,0.00000,0.70711,1181.42
quat0,0.69972,-0.22877,0.65376,0.17508,1181.44
quat1,-0.52357,0.47233,0.34079,0.62180,1181.44
quat2,-0.74721,-0.20289,0.10159,0.62465,1181.44
quat3,-0.37073,0.72738,0.35165,0.45807,1181.44
quat4,-0.36134,0.66346,0.57494,-0.31416,1181.44
quat5,0.00000,0.70711,0.00000,0.70711,1181.44
quat6,0.00000,0.70711,0.00000,0.70711,1181.44
quat7,0.00000,0.70711,0.00000,0.70711,1181.44
quat8,0.00000,0.70711,0.00000,0.70711,1181.44
quat0,0.69920,-0.22894,0.65408,0.17576,1181.46
quat1,-0.52830,0.47708,0.33564,0.61696,1181.46
quat2,-0.74942,-0.18981,0.09612,0.62698,1181.46
quat3,-0.37347,0.72106,0.35479,0.46337,1181.46
quat4,-0.35892,0.66348,0.58308,-0.30164,1181.46
quat5,0.00000,0.70711,0.00000,0.70711,1181.46
quat6,0.00000,0.70711,0.00000,0.70711,1181.46
quat7,0.00000,0.70711,0.00000,0.70711,1181.46
quat8,0.00000,0.70711,0.00000,0.70711,1181.46
quat0,0.69883,-0.22938,0.65424,0.17603,1181.48
quat1,-0.53424,0.48303,0.32943,0.61053,1181.48
quat2,-0.75291,-0.17247,0.08685,0.62915,1181.48
quat3,-0.37473,0.71342,0.35997,0.47014,1181.48
quat4,-0.35503,0.66533,0.59130,-0.28576,1181.48
quat5,0.00000,0.70711,0.00000,0.70711,1181.48
quat6,0.00000,0.70711,0.00000,0.70711,1181.48
quat7,0.00000,0.70711,0.00000,0.70711,1181.48
quat8,0.00000,0.70711,0.00000,0.70711,1181.48
quat0,0.69872,-0.22945,0.65419,0.17659,1181.5
quat1,-0.53993,0.49091,0.32305,0.60260,1181.5
quat2,-0.75757,-0.15170,0.07357,0.63060,1181.5
quat3,-0.37482,0.70454,0.36694,0.47801,1181.5
quat4,-0.34843,0.66767,0.60109,-0.26742,1181.5
quat5,0.00000,0.70711,0.00000,0.70711,1181.5
quat6,0.00000,0.70711,0.00000,0.70711,1181.5
quat7,0.00000,0.70711,0.00000,0.70711,1181.5
quat8,0.00000,0.70711,0.00000,0.70711,1181.5
quat0,0.69868,-0.22999,0.65392,0.17700,1181.52
quat1,-0.54424,0.50104,0.31766,0.59318,1181.52
quat2,-0.76231,-0.12900,0.05630,0.63172,1181.52
quat3,-0.37383,0.69376,0.37523,0.48801,1181.52
quat4,-0.33786,0.67012,0.61218,-0.24907,1181.52
quat5,0.00000,0.70711,0.00000,0.70711,1181.52
quat6,0.00000,0.70711,0.00000,0.70711,1181.52
quat7,0.00000,0.70711,0.00000,0.70711,1181.52
quat8,0.00000,0.70711,0.00000,0.70711,1181.52
quat0,0.69887,-0.23017,0.65351,0.17757,1181.54
quat1,-0.54823,0.51309,0.31261,0.58177,1181.54
quat2,-0.76631,-0.10230,0.03955,0.63304,1181.54
quat3,-0.37235,0.68069,0.38481,0.49994,1181.54
quat4,-0.32470,0.67238,0.62435,-0.22949,1181.54
quat5,0.00000,0.70711,0.00000,0.70711,1181.54
quat6,0.00000,0.70711,0.00000,0.70711,1181.54
quat7,0.00000,0.70711,0.00000,0.70711,1181.54
quat8,0.00000,0.70711,0.00000,0.70711,1181.54
quat0,0.69902,-0.23078,0.65306,0.17782,1181.56
quat1,-0.55261,0.52536,0.30641,0.56985,1181.56
quat2,-0.76923,-0.07411,0.02351,0.63423,1181.56
quat3,-0.36978,0.66616,0.39517,0.51315,1181.56
quat4,-0.30776,0.67405,0.63767,-0.21049,1181.56
quat5,0.00000,0.70711,0.00000,0.70711,1181.56
quat6,0.00000,0.70711,0.00000,0.70711,1181.56
quat7,0.00000,0.70711,0.00000,0.70711,1181.56
quat8,0.00000,0.70711,0.00000,0.70711,1181.56
quat0,0.69897,-0.23079,0.65312,0.17780,1181.58
quat1,-0.55699,0.53720,0.29954,0.55808,1181.58
quat2,-0.77101,-0.04468,0.00869,0.63519,1181.58
quat3,-0.36595,0.65063,0.40588,0.52728,1181.58
quat4,-0.28914,0.67537,0.65097,-0.19109,1181.58
quat5,0.00000,0.70711,0.00000,0.70711,1181.58
quat6,0.00000,0.70711,0.00000,0.70711,1181.58
quat7,0.00000,0.70711,0.00000,0.70711,1181.58
quat8,0.00000,0.70711,0.00000,0.70711,1181.58
quat0,0.69858,-0.23123,0.65344,0.17759,1181.6
quat1,-0.56085,0.54981,0.29135,0.54614,1181.6
quat2,-0.77123,-0.01566,-0.00497,0.63634,1181.6
quat3,-0.36064,0.63516,0.41642,0.54140,1181.6
quat4,-0.26996,0.67656,0.66349,-0.17078,1181.6
quat5,0.00000,0.70711,0.00000,0.70711,1181.6
quat6,0.00000,0.70711,0.00000,0.70711,1181.6
quat7,0.00000,0.70711,0.00000,0.70711,1181.6
quat8,0.00000,0.70711,0.00000,0.70711,1181.6
quat0,0.69767,-0.23185,0.65408,0.17799,1181.62
quat1,-0.56511,0.56246,0.28019,0.53459,1181.62
quat2,-0.76995,0.01373,-0.01472,0.63779,1181.62
quat3,-0.35524,0.62028,0.42568,0.55485,1181.62
quat4,-0.25185,0.67740,0.67532,-0.14710,1181.62
quat5,0.00000,0.70711,0.00000,0.70711,1181.62
quat6,0.00000,0.70711,0.00000,0.70711,1181.62
quat7,0.00000,0.70711,0.00000,0.70711,1181.62
quat8,0.00000,0.70711,0.00000,0.70711,1181.62
quat0,0.69718,-0.23267,0.65453,0.17716,1181.64
quat1,-0.56925,0.57246,0.26642,0.52656,1181.64
quat2,-0.76770,0.04159,-0.02297,0.63905,1181.64
quat3,-0.35051,0.60674,0.43378,0.56644,1181.64
quat4,-0.23386,0.67722,0.68696,-0.12151,1181.64
quat5,0.00000,0.70711,0.00000,0.70711,1181.64
quat6,0.00000,0.70711,0.00000,0.70711,1181.64
quat7,0.00000,0.70711,0.00000,0.70711,1181.64
quat8,0.00000,0.70711,0.00000,0.70711,1181.64
quat0,0.69672,-0.23263,0.65546,0.17563,1181.66
quat1,-0.57097,0.58149,0.25489,0.52048,1181.66
quat2,-0.76438,0.06811,-0.03214,0.64035,1181.66
quat3,-0.34651,0.59527,0.44050,0.57579,1181.66
quat4,-0.21699,0.67579,0.69815,-0.09387,1181.66
quat5,0.00000,0.70711,0.00000,0.70711,1181.66
quat6,0.00000,0.70711,0.00000,0.70711,1181.66
quat7,0.00000,0.70711,0.00000,0.70711,1181.66
quat8,0.00000,0.70711,0.00000,0.70711,1181.66
quat0,0.69620,-0.23316,0.65607,0.17468,1181.68
quat1,-0.57037,0.59089,0.24622,0.51469,1181.68
quat2,-0.75943,0.09168,-0.04315,0.64266,1181.68
quat3,-0.34423,0.58592,0.44663,0.58200,1181.68
quat4,-0.20065,0.67360,0.70816,-0.06722,1181.68
quat5,0.00000,0.70711,0.00000,0.70711,1181.68
quat6,0.00000,0.70711,0.00000,0.70711,1181.68
quat7,0.00000,0.70711,0.00000,0.70711,1181.68
quat8,0.00000,0.70711,0.00000,0.70711,1181.68
quat0,0.69609,-0.23399,0.65606,0.17408,1181.7
quat1,-0.56750,0.59992,0.24019,0.51025,1181.7
quat2,-0.75340,0.11482,-0.05182,0.64538,1181.7
quat3,-0.34349,0.57826,0.45297,0.58520,1181.7
quat4,-0.18623,0.66989,0.71746,-0.04264,1181.7
quat5,0.00000,0.70711,0.00000,0.70711,1181.7
quat6,0.00000,0.70711,0.00000,0.70711,1181.7
quat7,0.00000,0.70711,0.00000,0.70711,1181.7
quat8,0.00000,0.70711,0.00000,0.70711,1181.7
quat0,0.69615,-0.23435,0.65623,0.17268,1181.72
quat1,-0.56283,0.60772,0.23670,0.50781,1181.72
quat2,-0.74682,0.13585,-0.05779,0.64843,1181.72
quat3,-0.34360,0.57102,0.46045,0.58639,1181.72
quat4,-0.17422,0.66520,0.72571,-0.02225,1181.72
quat5,0.00000,0.70711,0.00000,0.70711,1181.72
quat6,0.00000,0.70711,0.00000,0.70711,1181.72
quat7,0.00000,0.70711,0.00000,0.70711,1181.72
quat8,0.00000,0.70711,0.00000,0.70711,1181.72
quat0,0.69634,-0.23525,0.65586,0.17213,1181.74
quat1,-0.55570,0.61528,0.23638,0.50670,1181.74
quat2,-0.73988,0.15428,-0.05950,0.65211,1181.74
quat3,-0.34346,0.56520,0.47019,0.58439,1181.74
quat4,-0.16570,0.65957,0.73313,-0.00546,1181.74
quat5,0.00000,0.70711,0.00000,0.70711,1181.74
quat6,0.00000,0.70711,0.00000,0.70711,1181.74
quat7,0.00000,0.70711,0.00000,0.70711,1181.74
quat8,0.00000,0.70711,0.00000,0.70711,1181.74
quat0,0.69619,-0.23650,0.65544,0.17258,1181.76
quat1,-0.54503,0.62361,0.24045,0.50620,1181.76
quat2,-0.73294,0.16886,-0.05596,0.65662,1181.76
quat3,-0.34224,0.56281,0.48064,0.57888,1181.76
quat4,-0.16225,0.65281,0.73991,0.00667,1181.76
quat5,0.00000,0.70711,0.00000,0.70711,1181.76
quat6,0.00000,0.70711,0.00000,0.70711,1181.76
quat7,0.00000,0.70711,0.00000,0.70711,1181.76
quat8,0.00000,0.70711,0.00000,0.70711,1181.76
quat0,0.69624,-0.23706,0.65544,0.17161,1181.78
quat1,-0.53151,0.63260,0.24834,0.50561,1181.78
quat2,-0.72614,0.17801,-0.04725,0.66242,1181.78
quat3,-0.34207,0.56340,0.48871,0.57161,1181.78
quat4,-0.16464,0.64485,0.74623,0.01457,1181.78
quat5,0.00000,0.70711,0.00000,0.70711,1181.78
quat6,0.00000,0.70711,0.00000,0.70711,1181.78
quat7,0.00000,0.70711,0.00000,0.70711,1181.78
quat8,0.00000,0.70711,0.00000,0.70711,1181.78
quat0,0.69601,-0.23700,0.65610,0.17010,1181.8
quat1,-0.51604,0.64123,0.25839,0.50572,1181.8
quat2,-0.71934,0.17967,-0.03605,0.67005,1181.8
quat3,-0.34394,0.56574,0.49444,0.56318,1181.8
quat4,-0.17192,0.63693,0.75130,0.01793,1181.8
quat5,0.00000,0.70711,0.00000,0.70711,1181.8
quat6,0.00000,0.70711,0.00000,0.70711,1181.8
quat7,0.00000,0.70711,0.00000,0.70711,1181.8
quat8,0.00000,0.70711,0.00000,0.70711,1181.8
quat0,0.69608,-0.23793,0.65568,0.17014,1181.82
quat1,-0.50059,0.64770,0.26791,0.50805,1181.82
quat2,-0.71260,0.17242,-0.02446,0.67961,1181.82
quat3,-0.34720,0.56987,0.49877,0.55312,1181.82
quat4,-0.18219,0.62911,0.75548,0.01645,1181.82
quat5,0.00000,0.70711,0.00000,0.70711,1181.82
quat6,0.00000,0.70711,0.00000,0.70711,1181.82
quat7,0.00000,0.70711,0.00000,0.70711,1181.82
quat8,0.00000,0.70711,0.00000,0.70711,1181.82
quat0,0.69578,-0.23930,0.65538,0.17061,1181.84
quat1,-0.48698,0.64956,0.27455,0.51531,1181.84
quat2,-0.70626,0.16005,-0.01044,0.68954,1181.84
quat3,-0.35326,0.57446,0.50061,0.54276,1181.84
quat4,-0.19417,0.62205,0.75844,0.01117,1181.84
quat5,0.00000,0.70711,0.00000,0.70711,1181.84
quat6,0.00000,0.70711,0.00000,0.70711,1181.84
quat7,0.00000,0.70711,0.00000,0.70711,1181.84
quat8,0.00000,0.70711,0.00000,0.70711,1181.84
quat0,0.69533,-0.24076,0.65532,0.17061,1181.86
quat1,-0.47606,0.64565,0.27819,0.52831,1181.86
quat2,-0.70026,0.14423,0.00688,0.69914,1181.86
quat3,-0.36158,0.57962,0.49948,0.53274,1181.86
quat4,-0.20447,0.61679,0.76011,0.00013,1181.86
quat5,0.00000,0.70711,0.00000,0.70711,1181.86
quat6,0.00000,0.70711,0.00000,0.70711,1181.86
quat7,0.00000,0.70711,0.00000,0.70711,1181.86
quat8,0.00000,0.70711,0.00000,0.70711,1181.86
quat0,0.69497,-0.24112,0.65578,0.16983,1181.88
quat1,-0.46755,0.63762,0.28054,0.54418,1181.88
quat2,-0.69443,0.12603,0.02702,0.70793,1181.88
quat3,-0.37224,0.58542,0.49519,0.52297,1181.88
quat4,-0.21570,0.61222,0.76056,-0.01417,1181.88
quat5,0.00000,0.70711,0.00000,0.70711,1181.88
quat6,0.00000,0.70711,0.00000,0.70711,1181.88
quat7,0.00000,0.70711,0.00000,0.70711,1181.88
quat8,0.00000,0.70711,0.00000,0.70711,1181.88
quat0,0.69524,-0.24220,0.65512,0.16970,1181.9
quat1,-0.46087,0.62698,0.28232,0.56106,1181.9
quat2,-0.68917,0.10412,0.04885,0.71541,1181.9
quat3,-0.38341,0.59280,0.48844,0.51285,1181.9
quat4,-0.22933,0.60834,0.75920,-0.03092,1181.9
quat5,0.00000,0.70711,0.00000,0.70711,1181.9
quat6,0.00000,0.70711,0.00000,0.70711,1181.9
quat7,0.00000,0.70711,0.00000,0.70711,1181.9
quat8,0.00000,0.70711,0.00000,0.70711,1181.9
quat0,0.69573,-0.24271,0.65455,0.16918,1181.92
quat1,-0.45426,0.61570,0.28560,0.57706,1181.92
quat2,-0.68381,0.08116,0.07329,0.72142,1181.92
quat3,-0.39347,0.60205,0.48093,0.50142,1181.92
quat4,-0.24410,0.60503,0.75627,-0.04906,1181.92
quat5,0.00000,0.70711,0.00000,0.70711,1181.92
quat6,0.00000,0.70711,0.00000,0.70711,1181.92
quat7,0.00000,0.70711,0.00000,0.70711,1181.92
quat8,0.00000,0.70711,0.00000,0.70711,1181.92
quat0,0.69679,-0.24224,0.65393,0.16788,1181.94
quat1,-0.44688,0.60546,0.29077,0.59091,1181.94
quat2,-0.67807,0.05758,0.09886,0.72604,1181.94
quat3,-0.40087,0.61298,0.47415,0.48861,1181.94
quat4,-0.25952,0.60182,0.75210,-0.06940,1181.94
quat5,0.00000,0.70711,0.00000,0.70711,1181.94
quat6,0.00000,0.70711,0.00000,0.70711,1181.94
quat7,0.00000,0.70711,0.00000,0.70711,1181.94
quat8,0.00000,0.70711,0.00000,0.70711,1181.94
quat0,0.69768,-0.24074,0.65399,0.16611,1181.96
quat1,-0.44000,0.59538,0.29751,0.60284,1181.96
quat2,-0.67190,0.03500,0.12580,0.72904,1181.96
quat3,-0.40660,0.62475,0.46756,0.47512,1181.96
quat4,-0.27695,0.59894,0.74608,-0.08907,1181.96
quat5,0.00000,0.70711,0.00000,0.70711,1181.96
quat6,0.00000,0.70711,0.00000,0.70711,1181.96
quat7,0.00000,0.70711,0.00000,0.70711,1181.96
quat8,0.00000,0.70711,0.00000,0.70711,1181.96
quat0,0.69875,-0.23959,0.65362,0.16470,1181.98
quat1,-0.43408,0.58205,0.30472,0.61639,1181.98
quat2,-0.66554,0.01230,0.15199,0.73062,1181.98
quat3,-0.41143,0.63670,0.46037,0.46195,1181.98
quat4,-0.29477,0.59662,0.73825,-0.11017,1181.98
quat5,0.00000,0.70711,0.00000,0.70711,1181.98
quat6,0.00000,0.70711,0.00000,0.70711,1181.98
quat7,0.00000,0.70711,0.00000,0.70711,1181.98
quat8,0.00000,0.70711,0.00000,0.70711,1181.98
quat0,0.70030,-0.23803,0.65302,0.16275,1182
quat1,-0.42797,0.56484,0.31149,0.63306,1182
quat2,-0.65911,-0.00785,0.17719,0.73083,1182
quat3,-0.41554,0.64761,0.45387,0.44937,1182
quat4,-0.30825,0.59482,0.73018,-0.13420,1182
quat5,0.00000,0.70711,0.00000,0.70711,1182
quat6,0.00000,0.70711,0.00000,0.70711,1182
quat7,0.00000,0.70711,0.00000,0.70711,1182
quat8,0.00000,0.70711,0.00000,0.70711,1182
quat0,0.70215,-0.23586,0.65242,0.16030,1182.02
quat1,-0.42240,0.54599,0.31670,0.65052,1182.02
quat2,-0.65262,-0.02490,0.19918,0.73062,1182.02
quat3,-0.41871,0.65845,0.44839,0.43596,1182.02
quat4,-0.31240,0.59333,0.72369,-0.16320,1182.02
quat5,0.00000,0.70711,0.00000,0.70711,1182.02
quat6,0.00000,0.70711,0.00000,0.70711,1182.02
quat7,0.00000,0.70711,0.00000,0.70711,1182.02
quat8,0.00000,0.70711,0.00000,0.70711,1182.02
quat0,0.70419,-0.23328,0.65168,0.15811,1182.04
quat1,-0.41804,0.52752,0.32140,0.66608,1182.04
quat2,-0.64617,-0.03725,0.21815,0.73040,1182.04
quat3,-0.41977,0.66882,0.44494,0.42249,1182.04
quat4,-0.31183,0.59185,0.71807,-0.19197,1182.04
quat5,0.00000,0.70711,0.00000,0.70711,1182.04
quat6,0.00000,0.70711,0.00000,0.70711,1182.04
quat7,0.00000,0.70711,0.00000,0.70711,1182.04
quat8,0.00000,0.70711,0.00000,0.70711,1182.04
quat0,0.70588,-0.23191,0.65072,0.15658,1182.06
quat1,-0.41443,0.51020,0.32579,0.67956,1182.06
quat2,-0.64113,-0.04747,0.23130,0.73020,1182.06
quat3,-0.41861,0.67801,0.44413,0.40965,1182.06
quat4,-0.30974,0.59031,0.71260,-0.21863,1182.06
quat5,0.00000,0.70711,0.00000,0.70711,1182.06
quat6,0.00000,0.70711,0.00000,0.70711,1182.06
quat7,0.00000,0.70711,0.00000,0.70711,1182.06
quat8,0.00000,0.70711,0.00000,0.70711,1182.06
quat0,0.70732,-0.23068,0.64996,0.15502,1182.08
quat1,-0.41169,0.49623,0.32988,0.68953,1182.08
quat2,-0.63901,-0.05802,0.23631,0.72970,1182.08
quat3,-0.41690,0.68550,0.44393,0.39901,1182.08
quat4,-0.30723,0.58798,0.70820,-0.24156,1182.08
quat5,0.00000,0.70711,0.00000,0.70711,1182.08
quat6,0.00000,0.70711,0.00000,0.70711,1182.08
quat7,0.00000,0.70711,0.00000,0.70711,1182.08
quat8,0.00000,0.70711,0.00000,0.70711,1182.08
quat0,0.70901,-0.22926,0.64902,0.15335,1182.1
quat1,-0.40937,0.48694,0.33325,0.69588,1182.1
quat2,-0.63970,-0.06902,0.23165,0.72963,1182.1
quat3,-0.41571,0.69168,0.44199,0.39167,1182.1
quat4,-0.30539,0.58641,0.70483,-0.25706,1182.1
quat5,0.00000,0.70711,0.00000,0.70711,1182.1
quat6,0.00000,0.70711,0.00000,0.70711,1182.1
quat7,0.00000,0.70711,0.00000,0.70711,1182.1
quat8,0.00000,0.70711,0.00000,0.70711,1182.1
quat0,0.71000,-0.22798,0.64875,0.15179,1182.12
quat1,-0.40814,0.48292,0.33496,0.69858,1182.12
quat2,-0.64112,-0.07618,0.22605,0.72943,1182.12
quat3,-0.41425,0.69584,0.43957,0.38857,1182.12
quat4,-0.31114,0.58603,0.70036,-0.26314,1182.12
quat5,0.00000,0.70711,0.00000,0.70711,1182.12
quat6,0.00000,0.70711,0.00000,0.70711,1182.12
quat7,0.00000,0.70711,0.00000,0.70711,1182.12
quat8,0.00000,0.70711,0.00000,0.70711,1182.12
quat0,0.71040,-0.22777,0.64830,0.15217,1182.14
quat1,-0.40856,0.48364,0.33423,0.69818,1182.14
quat2,-0.64232,-0.07519,0.22132,0.72993,1182.14
quat3,-0.41300,0.69729,0.43742,0.38972,1182.14
quat4,-0.31264,0.58799,0.69776,-0.26390,1182.14
quat5,0.00000,0.70711,0.00000,0.70711,1182.14
quat6,0.00000,0.70711,0.00000,0.70711,1182.14
quat7,0.00000,0.70711,0.00000,0.70711,1182.14
quat8,0.00000,0.70711,0.00000,0.70711,1182.14
quat0,0.71046,-0.22719,0.64832,0.15265,1182.16
quat1,-0.40975,0.48841,0.33205,0.69520,1182.16
quat2,-0.64399,-0.06806,0.21323,0.73156,1182.16
quat3,-0.41099,0.69617,0.43701,0.39428,1182.16
quat4,-0.30625,0.58935,0.69971,-0.26322,1182.16
quat5,0.00000,0.70711,0.00000,0.70711,1182.16
quat6,0.00000,0.70711,0.00000,0.70711,1182.16
quat7,0.00000,0.70711,0.00000,0.70711,1182.16
quat8,0.00000,0.70711,0.00000,0.70711,1182.16
quat0,0.71042,-0.22695,0.64813,0.15405,1182.18
quat1,-0.41170,0.49656,0.32843,0.68997,1182.18
quat2,-0.64569,-0.05497,0.20318,0.73402,1182.18
quat3,-0.40882,0.69286,0.43812,0.40108,1182.18
quat4,-0.29689,0.59138,0.70355,-0.25911,1182.18
quat5,0.00000,0.70711,0.00000,0.70711,1182.18
quat6,0.00000,0.70711,0.00000,0.70711,1182.18
quat7,0.00000,0.70711,0.00000,0.70711,1182.18
quat8,0.00000,0.70711,0.00000,0.70711,1182.18
quat0,0.71023,-0.22728,0.64790,0.15537,1182.2
quat1,-0.41379,0.50781,0.32395,0.68262,1182.2
quat2,-0.64789,-0.03923,0.18757,0.73723,1182.2
quat3,-0.40549,0.68827,0.44059,0.40958,1182.2
quat4,-0.28408,0.59527,0.70821,-0.25177,1182.2
quat5,0.00000,0.70711,0.00000,0.70711,1182.2
quat6,0.00000,0.70711,0.00000,0.70711,1182.2
quat7,0.00000,0.70711,0.00000,0.70711,1182.2
quat8,0.00000,0.70711,0.00000,0.70711,1182.2
quat0,0.70972,-0.22809,0.64777,0.15703,1182.22
quat1,-0.41606,0.52119,0.31904,0.67340,1182.22
quat2,-0.65023,-0.02055,0.16800,0.74065,1182.22
quat3,-0.40153,0.68186,0.44372,0.42067,1182.22
quat4,-0.26955,0.59979,0.71389,-0.24075,1182.22
quat5,0.00000,0.70711,0.00000,0.70711,1182.22
quat6,0.00000,0.70711,0.00000,0.70711,1182.22
quat7,0.00000,0.70711,0.00000,0.70711,1182.22
quat8,0.00000,0.70711,0.00000,0.70711,1182.22
quat0,0.70930,-0.22913,0.64744,0.15878,1182.24
quat1,-0.41890,0.53705,0.31368,0.66159,1182.24
quat2,-0.65254,-0.00067,0.14481,0.74379,1182.24
quat3,-0.39753,0.67389,0.44637,0.43427,1182.24
quat4,-0.25585,0.60503,0.71937,-0.22582,1182.24
quat5,0.00000,0.70711,0.00000,0.70711,1182.24
quat6,0.00000,0.70711,0.00000,0.70711,1182.24
quat7,0.00000,0.70711,0.00000,0.70711,1182.24
quat8,0.00000,0.70711,0.00000,0.70711,1182.24
quat0,0.70908,-0.23007,0.64693,0.16048,1182.26
quat1,-0.42219,0.55495,0.30791,0.64728,1182.26
quat2,-0.65459,0.02181,0.12227,0.74572,1182.26
quat3,-0.39354,0.66433,0.44853,0.45013,1182.26
quat4,-0.24145,0.61207,0.72355,-0.20868,1182.26
quat5,0.00000,0.70711,0.00000,0.70711,1182.26
quat6,0.00000,0.70711,0.00000,0.70711,1182.26
quat7,0.00000,0.70711,0.00000,0.70711,1182.26
quat8,0.00000,0.70711,0.00000,0.70711,1182.26
quat0,0.70922,-0.23014,0.64652,0.16142,1182.28
quat1,-0.42587,0.57458,0.30167,0.63047,1182.28
quat2,-0.65651,0.04716,0.10187,0.74591,1182.28
quat3,-0.38875,0.65372,0.45015,0.46786,1182.28
quat4,-0.22545,0.62005,0.72688,-0.19066,1182.28
quat5,0.00000,0.70711,0.00000,0.70711,1182.28
quat6,0.00000,0.70711,0.00000,0.70711,1182.28
quat7,0.00000,0.70711,0.00000,0.70711,1182.28
quat8,0.00000,0.70711,0.00000,0.70711,1182.28
quat0,0.70906,-0.23022,0.64642,0.16241,1182.3
quat1,-0.42976,0.59477,0.29511,0.61194,1182.3
quat2,-0.65882,0.07584,0.08588,0.74352,1182.3
quat3,-0.38410,0.64245,0.45007,0.48699,1182.3
quat4,-0.20874,0.62869,0.72920,-0.17159,1182.3
quat5,0.00000,0.70711,0.00000,0.70711,1182.3
quat6,0.00000,0.70711,0.00000,0.70711,1182.3
quat7,0.00000,0.70711,0.00000,0.70711,1182.3
quat8,0.00000,0.70711,0.00000,0.70711,1182.3
quat0,0.70866,-0.22941,0.64705,0.16276,1182.32
quat1,-0.43447,0.61327,0.28763,0.59364,1182.32
quat2,-0.66178,0.10338,0.07013,0.73922,1182.32
quat3,-0.37890,0.63037,0.44899,0.50742,1182.32
quat4,-0.19053,0.63815,0.73001,-0.15347,1182.32
quat5,0.00000,0.70711,0.00000,0.70711,1182.32
quat6,0.00000,0.70711,0.00000,0.70711,1182.32
quat7,0.00000,0.70711,0.00000,0.70711,1182.32
quat8,0.00000,0.70711,0.00000,0.70711,1182.32
quat0,0.70806,-0.22968,0.64742,0.16353,1182.34
quat1,-0.43959,0.62950,0.28090,0.57584,1182.34
quat2,-0.66553,0.12748,0.05342,0.73346,1182.34
quat3,-0.37262,0.61865,0.44753,0.52739,1182.34
quat4,-0.17224,0.64856,0.72903,-0.13498,1182.34
quat5,0.00000,0.70711,0.00000,0.70711,1182.34
quat6,0.00000,0.70711,0.00000,0.70711,1182.34
quat7,0.00000,0.70711,0.00000,0.70711,1182.34
quat8,0.00000,0.70711,0.00000,0.70711,1182.34
quat0,0.70779,-0.22945,0.64778,0.16360,1182.36
quat1,-0.44588,0.64130,0.27493,0.56066,1182.36
quat2,-0.66989,0.14720,0.03673,0.72680,1182.36
quat3,-0.36547,0.60921,0.44584,0.54455,1182.36
quat4,-0.15383,0.65948,0.72639,-0.11741,1182.36
quat5,0.00000,0.70711,0.00000,0.70711,1182.36
quat6,0.00000,0.70711,0.00000,0.70711,1182.36
quat7,0.00000,0.70711,0.00000,0.70711,1182.36
quat8,0.00000,0.70711,0.00000,0.70711,1182.36
quat0,0.70641,-0.22916,0.64927,0.16408,1182.38
quat1,-0.45374,0.64864,0.26994,0.54821,1182.38
quat2,-0.67530,0.16384,0.02254,0.71876,1182.38
quat3,-0.35849,0.60160,0.44304,0.55971,1182.38
quat4,-0.13688,0.67117,0.72166,-0.09999,1182.38
quat5,0.00000,0.70711,0.00000,0.70711,1182.38
quat6,0.00000,0.70711,0.00000,0.70711,1182.38
quat7,0.00000,0.70711,0.00000,0.70711,1182.38
quat8,0.00000,0.70711,0.00000,0.70711,1182.38
quat0,0.70512,-0.22845,0.65066,0.16508,1182.4
quat1,-0.46343,0.65172,0.26587,0.53834,1182.4
quat2,-0.68149,0.17628,0.00972,0.71021,1182.4
quat3,-0.35100,0.59715,0.44003,0.57147,1182.4
quat4,-0.11966,0.68278,0.71570,-0.08522,1182.4
quat5,0.00000,0.70711,0.00000,0.70711,1182.4
quat6,0.00000,0.70711,0.00000,0.70711,1182.4
quat7,0.00000,0.70711,0.00000,0.70711,1182.4
quat8,0.00000,0.70711,0.00000,0.70711,1182.4
quat0,0.70424,-0.22798,0.65151,0.16615,1182.42
quat1,-0.47471,0.65094,0.26233,0.53114,1182.42
quat2,-0.68839,0.18420,-0.00122,0.70156,1182.42
quat3,-0.34279,0.59611,0.43775,0.57924,1182.42
quat4,-0.10502,0.69411,0.70844,-0.07278,1182.42
quat5,0.00000,0.70711,0.00000,0.70711,1182.42
quat6,0.00000,0.70711,0.00000,0.70711,1182.42
quat7,0.00000,0.70711,0.00000,0.70711,1182.42
quat8,0.00000,0.70711,0.00000,0.70711,1182.42
quat0,0.70414,-0.22722,0.65182,0.16641,1182.44
quat1,-0.48625,0.64803,0.25917,0.52578,1182.44
quat2,-0.69592,0.18697,-0.01048,0.69327,1182.44
quat3,-0.33502,0.59708,0.43497,0.58486,1182.44
quat4,-0.09573,0.70492,0.70002,-0.06239,1182.44
quat5,0.00000,0.70711,0.00000,0.70711,1182.44
quat6,0.00000,0.70711,0.00000,0.70711,1182.44
quat7,0.00000,0.70711,0.00000,0.70711,1182.44
quat8,0.00000,0.70711,0.00000,0.70711,1182.44
quat0,0.70396,-0.22650,0.65233,0.16618,1182.46
quat1,-0.49787,0.64296,0.25625,0.52255,1182.46
quat2,-0.70417,0.18638,-0.01597,0.68495,1182.46
quat3,-0.32912,0.59864,0.42952,0.59061,1182.46
quat4,-0.09203,0.71480,0.69104,-0.05526,1182.46
quat5,0.00000,0.70711,0.00000,0.70711,1182.46
quat6,0.00000,0.70711,0.00000,0.70711,1182.46
quat7,0.00000,0.70711,0.00000,0.70711,1182.46
quat8,0.00000,0.70711,0.00000,0.70711,1182.46
quat0,0.70359,-0.22612,0.65285,0.16617,1182.48
quat1,-0.50858,0.63581,0.25433,0.52193,1182.48
quat2,-0.71255,0.18295,-0.01695,0.67714,1182.48
quat3,-0.32443,0.60018,0.42201,0.59702,1182.48
quat4,-0.09248,0.72368,0.68189,-0.05264,1182.48
quat5,0.00000,0.70711,0.00000,0.70711,1182.48
quat6,0.00000,0.70711,0.00000,0.70711,1182.48
quat7,0.00000,0.70711,0.00000,0.70711,1182.48
quat8,0.00000,0.70711,0.00000,0.70711,1182.48
quat0,0.70346,-0.22652,0.65270,0.16681,1182.5
quat1,-0.51762,0.62773,0.25423,0.52286,1182.5
quat2,-0.72110,0.17658,-0.01467,0.66979,1182.5
quat3,-0.32122,0.60200,0.41340,0.60292,1182.5
quat4,-0.09543,0.73178,0.67264,-0.05420,1182.5
quat5,0.00000,0.70711,0.00000,0.70711,1182.5
quat6,0.00000,0.70711,0.00000,0.70711,1182.5
quat7,0.00000,0.70711,0.00000,0.70711,1182.5
quat8,0.00000,0.70711,0.00000,0.70711,1182.5
quat0,0.70373,-0.22653,0.65212,0.16786,1182.52
quat1,-0.52418,0.62016,0.25665,0.52419,1182.52
quat2,-0.72921,0.16724,-0.00922,0.66347,1182.52
quat3,-0.31930,0.60559,0.40443,0.60642,1182.52
quat4,-0.10168,0.73918,0.66318,-0.05886,1182.52
quat5,0.00000,0.70711,0.00000,0.70711,1182.52
quat6,0.00000,0.70711,0.00000,0.70711,1182.52
quat7,0.00000,0.70711,0.00000,0.70711,1182.52
quat8,0.00000,0.70711,0.00000,0.70711,1182.52
quat0,0.70441,-0.22687,0.65109,0.16857,1182.54
quat1,-0.52833,0.61337,0.26153,0.52560,1182.54
quat2,-0.73665,0.15483,-0.00151,0.65831,1182.54
quat3,-0.31892,0.61062,0.39558,0.60742,1182.54
quat4,-0.11132,0.74574,0.65351,-0.06632,1182.54
quat5,0.00000,0.70711,0.00000,0.70711,1182.54
quat6,0.00000,0.70711,0.00000,0.70711,1182.54
quat7,0.00000,0.70711,0.00000,0.70711,1182.54
quat8,0.00000,0.70711,0.00000,0.70711,1182.54
quat0,0.70479,-0.22716,0.65031,0.16959,1182.56
quat1,-0.53120,0.60588,0.26727,0.52849,1182.56
quat2,-0.74317,0.14064,0.00929,0.65409,1182.56
quat3,-0.31910,0.61692,0.38762,0.60609,1182.56
quat4,-0.12321,0.75150,0.64363,-0.07626,1182.56
quat5,0.00000,0.70711,0.00000,0.70711,1182.56
quat6,0.00000,0.70711,0.00000,0.70711,1182.56
quat7,0.00000,0.70711,0.00000,0.70711,1182.56
quat8,0.00000,0.70711,0.00000,0.70711,1182.56
quat0,0.70547,-0.22755,0.64925,0.17031,1182.58
quat1,-0.53281,0.59759,0.27335,0.53319,1182.58
quat2,-0.74837,0.12443,0.02243,0.65112,1182.58
quat3,-0.31960,0.62507,0.38081,0.60177,1182.58
quat4,-0.13552,0.75601,0.63419,-0.08876,1182.58
quat5,0.00000,0.70711,0.00000,0.70711,1182.58
quat6,0.00000,0.70711,0.00000,0.70711,1182.58
quat7,0.00000,0.70711,0.00000,0.70711,1182.58
quat8,0.00000,0.70711,0.00000,0.70711,1182.58
quat0,0.70647,-0.22803,0.64786,0.17083,1182.6
quat1,-0.53354,0.58847,0.27904,0.53960,1182.6
quat2,-0.75208,0.10735,0.03808,0.64915,1182.6
quat3,-0.32008,0.63559,0.37479,0.59423,1182.6
quat4,-0.14831,0.75980,0.62458,-0.10303,1182.6
quat5,0.00000,0.70711,0.00000,0.70711,1182.6
quat6,0.00000,0.70711,0.00000,0.70711,1182.6
quat7,0.00000,0.70711,0.00000,0.70711,1182.6
quat8,0.00000,0.70711,0.00000,0.70711,1182.6
quat0,0.70749,-0.22805,0.64671,0.17095,1182.62
quat1,-0.53305,0.57899,0.28502,0.54716,1182.62
quat2,-0.75442,0.08772,0.05413,0.64825,1182.62
quat3,-0.32074,0.64812,0.36843,0.58424,1182.62
quat4,-0.16160,0.76221,0.61546,-0.11889,1182.62
quat5,0.00000,0.70711,0.00000,0.70711,1182.62
quat6,0.00000,0.70711,0.00000,0.70711,1182.62
quat7,0.00000,0.70711,0.00000,0.70711,1182.62
quat8,0.00000,0.70711,0.00000,0.70711,1182.62
quat0,0.70777,-0.22822,0.64635,0.17092,1182.64
quat1,-0.53107,0.57011,0.29188,0.55476,1182.64
quat2,-0.75544,0.06540,0.06950,0.64823,1182.64
quat3,-0.32305,0.66047,0.36084,0.57377,1182.64
quat4,-0.17538,0.76319,0.60685,-0.13608,1182.64
quat5,0.00000,0.70711,0.00000,0.70711,1182.64
quat6,0.00000,0.70711,0.00000,0.70711,1182.64
quat7,0.00000,0.70711,0.00000,0.70711,1182.64
quat8,0.00000,0.70711,0.00000,0.70711,1182.64
quat0,0.70824,-0.22863,0.64573,0.17077,1182.66
quat1,-0.52784,0.56140,0.29911,0.56280,1182.66
quat2,-0.75555,0.04095,0.08477,0.64830,1182.66
quat3,-0.32710,0.67142,0.35288,0.56363,1182.66
quat4,-0.18952,0.76245,0.59919,-0.15403,1182.66
quat5,0.00000,0.70711,0.00000,0.70711,1182.66
quat6,0.00000,0.70711,0.00000,0.70711,1182.66
quat7,0.00000,0.70711,0.00000,0.70711,1182.66
quat8,0.00000,0.70711,0.00000,0.70711,1182.66
quat0,0.70857,-0.22879,0.64545,0.17021,1182.68
quat1,-0.52416,0.55272,0.30622,0.57095,1182.68
quat2,-0.75435,0.01735,0.10200,0.64826,1182.68
quat3,-0.33180,0.68166,0.34501,0.55337,1182.68
quat4,-0.20702,0.76033,0.59214,-0.16857,1182.68
quat5,0.00000,0.70711,0.00000,0.70711,1182.68
quat6,0.00000,0.70711,0.00000,0.70711,1182.68
quat7,0.00000,0.70711,0.00000,0.70711,1182.68
quat8,0.00000,0.70711,0.00000,0.70711,1182.68
quat0,0.70891,-0.22914,0.64508,0.16976,1182.7
quat1,-0.52056,0.54353,0.31323,0.57921,1182.7
quat2,-0.75216,-0.00614,0.11887,0.64814,1182.7
quat3,-0.33653,0.69221,0.33740,0.54200,1182.7
quat4,-0.22673,0.75721,0.58504,-0.18154,1182.7
quat5,0.00000,0.70711,0.00000,0.70711,1182.7
quat6,0.00000,0.70711,0.00000,0.70711,1182.7
quat7,0.00000,0.70711,0.00000,0.70711,1182.7
quat8,0.00000,0.70711,0.00000,0.70711,1182.7
quat0,0.70948,-0.22906,0.64481,0.16847,1182.72
quat1,-0.51599,0.53476,0.32142,0.58692,1182.72
quat2,-0.74932,-0.02856,0.13432,0.64782,1182.72
quat3,-0.34188,0.70277,0.33012,0.52939,1182.72
quat4,-0.24689,0.75272,0.57859,-0.19413,1182.72
quat5,0.00000,0.70711,0.00000,0.70711,1182.72
quat6,0.00000,0.70711,0.00000,0.70711,1182.72
quat7,0.00000,0.70711,0.00000,0.70711,1182.72
quat8,0.00000,0.70711,0.00000,0.70711,1182.72
quat0,0.70992,-0.22904,0.64462,0.16740,1182.74
quat1,-0.50989,0.52544,0.32966,0.59603,1182.74
quat2,-0.74571,-0.04960,0.14849,0.64762,1182.74
quat3,-0.34645,0.71348,0.32490,0.51513,1182.74
quat4,-0.26496,0.74702,0.57310,-0.20810,1182.74
quat5,0.00000,0.70711,0.00000,0.70711,1182.74
quat6,0.00000,0.70711,0.00000,0.70711,1182.74
quat7,0.00000,0.70711,0.00000,0.70711,1182.74
quat8,0.00000,0.70711,0.00000,0.70711,1182.74
quat0,0.71051,-0.22884,0.64433,0.16631,1182.76
quat1,-0.50426,0.51534,0.33596,0.60604,1182.76
quat2,-0.74041,-0.06451,0.16586,0.64817,1182.76
quat3,-0.35059,0.72358,0.32252,0.49950,1182.76
quat4,-0.28137,0.74058,0.56884,-0.22088,1182.76
quat5,0.00000,0.70711,0.00000,0.70711,1182.76
quat6,0.00000,0.70711,0.00000,0.70711,1182.76
quat7,0.00000,0.70711,0.00000,0.70711,1182.76
quat8,0.00000,0.70711,0.00000,0.70711,1182.76
quat0,0.71020,-0.22882,0.64501,0.16500,1182.78
quat1,-0.50093,0.50550,0.33917,0.61523,1182.78
quat2,-0.73365,-0.07333,0.18670,0.64925,1182.78
quat3,-0.35392,0.73310,0.32246,0.48304,1182.78
quat4,-0.29520,0.73382,0.56564,-0.23327,1182.78
quat5,0.00000,0.70711,0.00000,0.70711,1182.78
quat6,0.00000,0.70711,0.00000,0.70711,1182.78
quat7,0.00000,0.70711,0.00000,0.70711,1182.78
quat8,0.00000,0.70711,0.00000,0.70711,1182.78
quat0,0.70960,-0.22853,0.64598,0.16418,1182.8
quat1,-0.49747,0.49654,0.34114,0.62417,1182.8
quat2,-0.72780,-0.07859,0.20439,0.64989,1182.8
quat3,-0.35534,0.74156,0.32545,0.46681,1182.8
quat4,-0.30498,0.72645,0.56447,-0.24623,1182.8
quat5,0.00000,0.70711,0.00000,0.70711,1182.8
quat6,0.00000,0.70711,0.00000,0.70711,1182.8
quat7,0.00000,0.70711,0.00000,0.70711,1182.8
quat8,0.00000,0.70711,0.00000,0.70711,1182.8
quat0,0.70902,-0.22818,0.64683,0.16384,1182.82
quat1,-0.49446,0.48997,0.34285,0.63079,1182.82
quat2,-0.72409,-0.08327,0.21391,0.65038,1182.82
quat3,-0.35648,0.74793,0.32889,0.45317,1182.82
quat4,-0.30969,0.71919,0.56573,-0.25846,1182.82
quat5,0.00000,0.70711,0.00000,0.70711,1182.82
quat6,0.00000,0.70711,0.00000,0.70711,1182.82
quat7,0.00000,0.70711,0.00000,0.70711,1182.82
quat8,0.00000,0.70711,0.00000,0.70711,1182.82
quat0,0.70884,-0.22735,0.64765,0.16252,1182.84
quat1,-0.49227,0.48594,0.34490,0.63450,1182.84
quat2,-0.72272,-0.08710,0.21579,0.65079,1182.84
quat3,-0.35827,0.75178,0.33224,0.44281,1182.84
quat4,-0.31201,0.71271,0.56863,-0.26713,1182.84
quat5,0.00000,0.70711,0.00000,0.70711,1182.84
quat6,0.00000,0.70711,0.00000,0.70711,1182.84
quat7,0.00000,0.70711,0.00000,0.70711,1182.84
quat8,0.00000,0.70711,0.00000,0.70711,1182.84
quat0,0.70855,-0.22707,0.64825,0.16177,1182.86
quat1,-0.49184,0.48512,0.34628,0.63470,1182.86
quat2,-0.72382,-0.09088,0.21006,0.65093,1182.86
quat3,-0.36029,0.75265,0.33551,0.43721,1182.86
quat4,-0.31310,0.70760,0.57245,-0.27123,1182.86
quat5,0.00000,0.70711,0.00000,0.70711,1182.86
quat6,0.00000,0.70711,0.00000,0.70711,1182.86
quat7,0.00000,0.70711,0.00000,0.70711,1182.86
quat8,0.00000,0.70711,0.00000,0.70711,1182.86
quat0,0.70803,-0.22806,0.64829,0.16251,1182.88
quat1,-0.49375,0.48632,0.34550,0.63272,1182.88
quat2,-0.72657,-0.09235,0.19958,0.65095,1182.88
quat3,-0.36145,0.75069,0.33971,0.43637,1182.88
quat4,-0.31274,0.70449,0.57702,-0.27007,1182.88
quat5,0.00000,0.70711,0.00000,0.70711,1182.88
quat6,0.00000,0.70711,0.00000,0.70711,1182.88
quat7,0.00000,0.70711,0.00000,0.70711,1182.88
quat8,0.00000,0.70711,0.00000,0.70711,1182.88
quat0,0.70707,-0.22915,0.64867,0.16359,1182.9
quat1,-0.49754,0.48908,0.34246,0.62927,1182.9
quat2,-0.73029,-0.08916,0.18745,0.65084,1182.9
quat3,-0.36195,0.74674,0.34365,0.43963,1182.9
quat4,-0.31031,0.70275,0.58310,-0.26428,1182.9
quat5,0.00000,0.70711,0.00000,0.70711,1182.9
quat6,0.00000,0.70711,0.00000,0.70711,1182.9
quat7,0.00000,0.70711,0.00000,0.70711,1182.9
quat8,0.00000,0.70711,0.00000,0.70711,1182.9
quat0,0.70617,-0.23015,0.64893,0.16509,1182.92
quat1,-0.50186,0.49422,0.33866,0.62386,1182.92
quat2,-0.73471,-0.08165,0.17333,0.65076,1182.92
quat3,-0.36198,0.74069,0.34795,0.44640,1182.92
quat4,-0.30587,0.70263,0.58973,-0.25491,1182.92
quat5,0.00000,0.70711,0.00000,0.70711,1182.92
quat6,0.00000,0.70711,0.00000,0.70711,1182.92
quat7,0.00000,0.70711,0.00000,0.70711,1182.92
quat8,0.00000,0.70711,0.00000,0.70711,1182.92
quat0,0.70504,-0.23122,0.64935,0.16674,1182.94
quat1,-0.50604,0.50235,0.33518,0.61581,1182.94
quat2,-0.73975,-0.07004,0.15709,0.65053,1182.94
quat3,-0.36160,0.73293,0.35285,0.45558,1182.94
quat4,-0.29750,0.70364,0.59763,-0.24335,1182.94
quat5,0.00000,0.70711,0.00000,0.70711,1182.94
quat6,0.00000,0.70711,0.00000,0.70711,1182.94
quat7,0.00000,0.70711,0.00000,0.70711,1182.94
quat8,0.00000,0.70711,0.00000,0.70711,1182.94
quat0,0.70402,-0.23243,0.64962,0.16831,1182.96
quat1,-0.51025,0.51293,0.33130,0.60563,1182.96
quat2,-0.74483,-0.05594,0.13863,0.65029,1182.96
quat3,-0.36109,0.72372,0.35877,0.46596,1182.96
quat4,-0.28517,0.70488,0.60719,-0.23053,1182.96
quat5,0.00000,0.70711,0.00000,0.70711,1182.96
quat6,0.00000,0.70711,0.00000,0.70711,1182.96
quat7,0.00000,0.70711,0.00000,0.70711,1182.96
quat8,0.00000,0.70711,0.00000,0.70711,1182.96
quat0,0.70296,-0.23338,0.65005,0.16973,1182.98
quat1,-0.51466,0.52503,0.32677,0.59388,1182.98
quat2,-0.74954,-0.03844,0.11965,0.64992,1182.98
quat3,-0.36033,0.71246,0.36535,0.47862,1182.98
quat4,-0.27104,0.70635,0.61734,-0.21562,1182.98
quat5,0.00000,0.70711,0.00000,0.70711,1182.98
quat6,0.00000,0.70711,0.00000,0.70711,1182.98
quat7,0.00000,0.70711,0.00000,0.70711,1182.98
quat8,0.00000,0.70711,0.00000,0.70711,1182.98
quat0,0.70197,-0.23477,0.65020,0.17134,1183
quat1,-0.51920,0.53746,0.32102,0.58182,1183
quat2,-0.75321,-0.01911,0.10045,0.64979,1183
quat3,-0.35910,0.69956,0.37259,0.49279,1183
quat4,-0.25523,0.70781,0.62771,-0.19960,1183
quat5,0.00000,0.70711,0.00000,0.70711,1183
quat6,0.00000,0.70711,0.00000,0.70711,1183
quat7,0.00000,0.70711,0.00000,0.70711,1183
quat8,0.00000,0.70711,0.00000,0.70711,1183
quat0,0.70137,-0.23509,0.65051,0.17215,1183.02
quat1,-0.52311,0.55067,0.31488,0.56918,1183.02
quat2,-0.75570,0.00236,0.08242,0.64971,1183.02
quat3,-0.35761,0.68550,0.37977,0.50791,1183.02
quat4,-0.24001,0.70934,0.63767,-0.18057,1183.02
quat5,0.00000,0.70711,0.00000,0.70711,1183.02
quat6,0.00000,0.70711,0.00000,0.70711,1183.02
quat7,0.00000,0.70711,0.00000,0.70711,1183.02
quat8,0.00000,0.70711,0.00000,0.70711,1183.02
quat0,0.70042,-0.23623,0.65086,0.17317,1183.04
quat1,-0.52703,0.56390,0.30743,0.55655,1183.04
quat2,-0.75677,0.02362,0.06522,0.65000,1183.04
quat3,-0.35579,0.67094,0.38635,0.52344,1183.04
quat4,-0.22634,0.71014,0.64734,-0.15943,1183.04
quat5,0.00000,0.70711,0.00000,0.70711,1183.04
quat6,0.00000,0.70711,0.00000,0.70711,1183.04
quat7,0.00000,0.70711,0.00000,0.70711,1183.04
quat8,0.00000,0.70711,0.00000,0.70711,1183.04
quat0,0.69943,-0.23719,0.65140,0.17385,1183.06
quat1,-0.53091,0.57775,0.29824,0.54351,1183.06
quat2,-0.75659,0.04423,0.04902,0.65055,1183.06
quat3,-0.35490,0.65574,0.39220,0.53873,1183.06
quat4,-0.21381,0.70973,0.65732,-0.13596,1183.06
quat5,0.00000,0.70711,0.00000,0.70711,1183.06
quat6,0.00000,0.70711,0.00000,0.70711,1183.06
quat7,0.00000,0.70711,0.00000,0.70711,1183.06
quat8,0.00000,0.70711,0.00000,0.70711,1183.06
quat0,0.69852,-0.23739,0.65210,0.17459,1183.08
quat1,-0.53457,0.59090,0.28677,0.53182,1183.08
quat2,-0.75520,0.06168,0.03207,0.65180,1183.08
quat3,-0.35420,0.64088,0.39846,0.55232,1183.08
quat4,-0.20061,0.70763,0.66799,-0.11311,1183.08
quat5,0.00000,0.70711,0.00000,0.70711,1183.08
quat6,0.00000,0.70711,0.00000,0.70711,1183.08
quat7,0.00000,0.70711,0.00000,0.70711,1183.08
quat8,0.00000,0.70711,0.00000,0.70711,1183.08
quat0,0.69806,-0.23778,0.65232,0.17508,1183.1
quat1,-0.53775,0.60255,0.27479,0.52177,1183.1
quat2,-0.75247,0.07738,0.01436,0.65391,1183.1
quat3,-0.35393,0.62717,0.40508,0.56329,1183.1
quat4,-0.18834,0.70441,0.67840,-0.09009,1183.1
quat5,0.00000,0.70711,0.00000,0.70711,1183.1
quat6,0.00000,0.70711,0.00000,0.70711,1183.1
quat7,0.00000,0.70711,0.00000,0.70711,1183.1
quat8,0.00000,0.70711,0.00000,0.70711,1183.1
quat0,0.69801,-0.23800,0.65225,0.17521,1183.12
quat1,-0.54033,0.61238,0.26311,0.51362,1183.12
quat2,-0.74774,0.09086,-0.00437,0.65773,1183.12
quat3,-0.35370,0.61534,0.41226,0.57122,1183.12
quat4,-0.17581,0.70037,0.68825,-0.06988,1183.12
quat5,0.00000,0.70711,0.00000,0.70711,1183.12
quat6,0.00000,0.70711,0.00000,0.70711,1183.12
quat7,0.00000,0.70711,0.00000,0.70711,1183.12
quat8,0.00000,0.70711,0.00000,0.70711,1183.12
quat0,0.69839,-0.23841,0.65178,0.17494,1183.14
quat1,-0.54180,0.62089,0.25260,0.50709,1183.14
quat2,-0.74115,0.10356,-0.02369,0.66289,1183.14
quat3,-0.35431,0.60563,0.41985,0.57568,1183.14
quat4,-0.16436,0.69522,0.69785,-0.05169,1183.14
quat5,0.00000,0.70711,0.00000,0.70711,1183.14
quat6,0.00000,0.70711,0.00000,0.70711,1183.14
quat7,0.00000,0.70711,0.00000,0.70711,1183.14
quat8,0.00000,0.70711,0.00000,0.70711,1183.14
quat0,0.69853,-0.23935,0.65132,0.17478,1183.16
quat1,-0.54130,0.62928,0.24466,0.50114,1183.16
quat2,-0.73296,0.11366,-0.04225,0.66938,1183.16
quat3,-0.35609,0.59720,0.42759,0.57768,1183.16
quat4,-0.15563,0.68860,0.70734,-0.03589,1183.16
quat5,0.00000,0.70711,0.00000,0.70711,1183.16
quat6,0.00000,0.70711,0.00000,0.70711,1183.16
quat7,0.00000,0.70711,0.00000,0.70711,1183.16
quat8,0.00000,0.70711,0.00000,0.70711,1183.16
quat0,0.69976,-0.23993,0.64994,0.17423,1183.18
quat1,-0.53826,0.63724,0.23857,0.49729,1183.18
quat2,-0.72409,0.12251,-0.05592,0.67643,1183.18
quat3,-0.35889,0.59021,0.43600,0.57685,1183.18
quat4,-0.15160,0.68005,0.71695,-0.02292,1183.18
quat5,0.00000,0.70711,0.00000,0.70711,1183.18
quat6,0.00000,0.70711,0.00000,0.70711,1183.18
quat7,0.00000,0.70711,0.00000,0.70711,1183.18
quat8,0.00000,0.70711,0.00000,0.70711,1183.18
quat0,0.70086,-0.23971,0.64912,0.17317,1183.2
quat1,-0.53363,0.64355,0.23328,0.49665,1183.2
quat2,-0.71527,0.12963,-0.06573,0.68357,1183.2
quat3,-0.36126,0.58451,0.44572,0.57373,1183.2
quat4,-0.15187,0.67008,0.72646,-0.01377,1183.2
quat5,0.00000,0.70711,0.00000,0.70711,1183.2
quat6,0.00000,0.70711,0.00000,0.70711,1183.2
quat7,0.00000,0.70711,0.00000,0.70711,1183.2
quat8,0.00000,0.70711,0.00000,0.70711,1183.2
quat0,0.70119,-0.24016,0.64866,0.17289,1183.22
quat1,-0.52714,0.64963,0.22996,0.49722,1183.22
quat2,-0.70675,0.13301,-0.07267,0.69103,1183.22
quat3,-0.36412,0.58038,0.45490,0.56890,1183.22
quat4,-0.15593,0.65898,0.73577,-0.00815,1183.22
quat5,0.00000,0.70711,0.00000,0.70711,1183.22
quat6,0.00000,0.70711,0.00000,0.70711,1183.22
quat7,0.00000,0.70711,0.00000,0.70711,1183.22
quat8,0.00000,0.70711,0.00000,0.70711,1183.22
quat0,0.70144,-0.24196,0.64738,0.17415,1183.24
quat1,-0.51850,0.65638,0.22928,0.49775,1183.24
quat2,-0.69829,0.13368,-0.07505,0.69920,1183.24
quat3,-0.36754,0.57839,0.46316,0.56202,1183.24
quat4,-0.16213,0.64764,0.74447,-0.00696,1183.24
quat5,0.00000,0.70711,0.00000,0.70711,1183.24
quat6,0.00000,0.70711,0.00000,0.70711,1183.24
quat7,0.00000,0.70711,0.00000,0.70711,1183.24
quat8,0.00000,0.70711,0.00000,0.70711,1183.24
quat0,0.70135,-0.24300,0.64702,0.17441,1183.26
quat1,-0.50904,0.66190,0.23032,0.49972,1183.26
quat2,-0.69024,0.13194,-0.07329,0.70766,1183.26
quat3,-0.37146,0.57875,0.47039,0.55300,1183.26
quat4,-0.17049,0.63622,0.75238,-0.00956,1183.26
quat5,0.00000,0.70711,0.00000,0.70711,1183.26
quat6,0.00000,0.70711,0.00000,0.70711,1183.26
quat7,0.00000,0.70711,0.00000,0.70711,1183.26
quat8,0.00000,0.70711,0.00000,0.70711,1183.26
quat0,0.70108,-0.24326,0.64743,0.17363,1183.28
quat1,-0.49945,0.66495,0.23264,0.50426,1183.28
quat2,-0.68266,0.12749,-0.06843,0.71627,1183.28
quat3,-0.37555,0.58057,0.47617,0.54329,1183.28
quat4,-0.18125,0.62563,0.75862,-0.01509,1183.28
quat5,0.00000,0.70711,0.00000,0.70711,1183.28
quat6,0.00000,0.70711,0.00000,0.70711,1183.28
quat7,0.00000,0.70711,0.00000,0.70711,1183.28
quat8,0.00000,0.70711,0.00000,0.70711,1183.28
quat0,0.70053,-0.24449,0.64739,0.17427,1183.3
quat1,-0.48928,0.66570,0.23622,0.51152,1183.3
quat2,-0.67574,0.12075,-0.05950,0.72474,1183.3
quat3,-0.38058,0.58384,0.47994,0.53287,1183.3
quat4,-0.19367,0.61547,0.76366,-0.02268,1183.3
quat5,0.00000,0.70711,0.00000,0.70711,1183.3
quat6,0.00000,0.70711,0.00000,0.70711,1183.3
quat7,0.00000,0.70711,0.00000,0.70711,1183.3
quat8,0.00000,0.70711,0.00000,0.70711,1183.3
quat0,0.69990,-0.24508,0.64800,0.17370,1183.32
quat1,-0.47849,0.66533,0.24027,0.52024,1183.32
quat2,-0.66949,0.11325,-0.04685,0.73264,1183.32
quat3,-0.38675,0.58811,0.48181,0.52192,1183.32
quat4,-0.20704,0.60612,0.76723,-0.03315,1183.32
quat5,0.00000,0.70711,0.00000,0.70711,1183.32
quat6,0.00000,0.70711,0.00000,0.70711,1183.32
quat7,0.00000,0.70711,0.00000,0.70711,1183.32
quat8,0.00000,0.70711,0.00000,0.70711,1183.32
quat0,0.69948,-0.24503,0.64877,0.17258,1183.34
quat1,-0.46788,0.66308,0.24509,0.53042,1183.34
quat2,-0.66333,0.10195,-0.03455,0.74054,1183.34
quat3,-0.39334,0.59349,0.48129,0.51128,1183.34
quat4,-0.21936,0.59826,0.76919,-0.04808,1183.34
quat5,0.00000,0.70711,0.00000,0.70711,1183.34
quat6,0.00000,0.70711,0.00000,0.70711,1183.34
quat7,0.00000,0.70711,0.00000,0.70711,1183.34
quat8,0.00000,0.70711,0.00000,0.70711,1183.34
quat0,0.69919,-0.24572,0.64897,0.17202,1183.36
quat1,-0.45718,0.65842,0.25172,0.54233,1183.36
quat2,-0.65739,0.08662,-0.02206,0.74823,1183.36
quat3,-0.39968,0.59960,0.47962,0.50070,1183.36
quat4,-0.23183,0.59130,0.76970,-0.06471,1183.36
quat5,0.00000,0.70711,0.00000,0.70711,1183.36
quat6,0.00000,0.70711,0.00000,0.70711,1183.36
quat7,0.00000,0.70711,0.00000,0.70711,1183.36
quat8,0.00000,0.70711,0.00000,0.70711,1183.36
quat0,0.69865,-0.24675,0.64915,0.17207,1183.38
quat1,-0.44697,0.65106,0.25877,0.55622,1183.38
quat2,-0.65213,0.06826,-0.00840,0.75498,1183.38
quat3,-0.40531,0.60678,0.47741,0.48952,1183.38
quat4,-0.24460,0.58520,0.76866,-0.08287,1183.38
quat5,0.00000,0.70711,0.00000,0.70711,1183.38
quat6,0.00000,0.70711,0.00000,0.70711,1183.38
quat7,0.00000,0.70711,0.00000,0.70711,1183.38
quat8,0.00000,0.70711,0.00000,0.70711,1183.38
quat0,0.69837,-0.24631,0.64989,0.17103,1183.4
quat1,-0.43732,0.64166,0.26581,0.57129,1183.4
quat2,-0.64747,0.04992,0.00822,0.76041,1183.4
quat3,-0.41005,0.61523,0.47476,0.47745,1183.4
quat4,-0.25861,0.57998,0.76587,-0.10088,1183.4
quat5,0.00000,0.70711,0.00000,0.70711,1183.4
quat6,0.00000,0.70711,0.00000,0.70711,1183.4
quat7,0.00000,0.70711,0.00000,0.70711,1183.4
quat8,0.00000,0.70711,0.00000,0.70711,1183.4
quat0,0.69873,-0.24586,0.64988,0.17025,1183.42
quat1,-0.42853,0.62972,0.27320,0.58751,1183.42
quat2,-0.64357,0.03080,0.02725,0.76429,1183.42
quat3,-0.41355,0.62478,0.47166,0.46494,1183.42
quat4,-0.27463,0.57557,0.76107,-0.11862,1183.42
quat5,0.00000,0.70711,0.00000,0.70711,1183.42
quat6,0.00000,0.70711,0.00000,0.70711,1183.42
quat7,0.00000,0.70711,0.00000,0.70711,1183.42
quat8,0.00000,0.70711,0.00000,0.70711,1183.42
quat0,0.69936,-0.24591,0.64932,0.16974,1183.44
quat1,-0.42100,0.61609,0.27951,0.60421,1183.44
quat2,-0.64024,0.01233,0.04940,0.76649,1183.44
quat3,-0.41616,0.63497,0.46744,0.45291,1183.44
quat4,-0.29323,0.57203,0.75424,-0.13384,1183.44
quat5,0.00000,0.70711,0.00000,0.70711,1183.44
quat6,0.00000,0.70711,0.00000,0.70711,1183.44
quat7,0.00000,0.70711,0.00000,0.70711,1183.44
quat8,0.00000,0.70711,0.00000,0.70711,1183.44
quat0,0.69972,-0.24470,0.64972,0.16848,1183.46
quat1,-0.41455,0.60180,0.28441,0.62056,1183.46
quat2,-0.63736,-0.00550,0.07315,0.76707,1183.46
quat3,-0.41936,0.64610,0.46087,0.44079,1183.46
quat4,-0.31301,0.56925,0.74596,-0.14673,1183.46
quat5,0.00000,0.70711,0.00000,0.70711,1183.46
quat6,0.00000,0.70711,0.00000,0.70711,1183.46
quat7,0.00000,0.70711,0.00000,0.70711,1183.46
quat8,0.00000,0.70711,0.00000,0.70711,1183.46
quat0,0.69972,-0.24350,0.65038,0.16766,1183.48
quat1,-0.40841,0.58691,0.28962,0.63628,1183.48
quat2,-0.63462,-0.02099,0.09932,0.76613,1183.48
quat3,-0.42349,0.65779,0.45193,0.42864,1183.48
quat4,-0.33469,0.56733,0.73619,-0.15535,1183.48
quat5,0.00000,0.70711,0.00000,0.70711,1183.48
quat6,0.00000,0.70711,0.00000,0.70711,1183.48
quat7,0.00000,0.70711,0.00000,0.70711,1183.48
quat8,0.00000,0.70711,0.00000,0.70711,1183.48
quat0,0.70080,-0.24290,0.64948,0.16747,1183.5
quat1,-0.40414,0.57108,0.29413,0.65117,1183.5
quat2,-0.63203,-0.03456,0.12462,0.76408,1183.5
quat3,-0.42723,0.66900,0.44153,0.41829,1183.5
quat4,-0.35719,0.56682,0.72481,-0.16055,1183.5
quat5,0.00000,0.70711,0.00000,0.70711,1183.5
quat6,0.00000,0.70711,0.00000,0.70711,1183.5
quat7,0.00000,0.70711,0.00000,0.70711,1183.5
quat8,0.00000,0.70711,0.00000,0.70711,1183.5
quat0,0.70278,-0.24153,0.64815,0.16636,1183.52
quat1,-0.40093,0.55546,0.29808,0.66473,1183.52
quat2,-0.62889,-0.04468,0.14909,0.76176,1183.52
quat3,-0.43155,0.67972,0.42886,0.40967,1183.52
quat4,-0.37848,0.56757,0.71261,-0.16371,1183.52
quat5,0.00000,0.70711,0.00000,0.70711,1183.52
quat6,0.00000,0.70711,0.00000,0.70711,1183.52
quat7,0.00000,0.70711,0.00000,0.70711,1183.52
quat8,0.00000,0.70711,0.00000,0.70711,1183.52
quat0,0.70487,-0.24055,0.64647,0.16546,1183.54
quat1,-0.39800,0.54207,0.30191,0.67573,1183.54
quat2,-0.62527,-0.05389,0.16890,0.76001,1183.54
quat3,-0.43457,0.68908,0.41755,0.40245,1183.54
quat4,-0.39414,0.56980,0.70104,-0.16888,1183.54
quat5,0.00000,0.70711,0.00000,0.70711,1183.54
quat6,0.00000,0.70711,0.00000,0.70711,1183.54
quat7,0.00000,0.70711,0.00000,0.70711,1183.54
quat8,0.00000,0.70711,0.00000,0.70711,1183.54
quat0,0.70521,-0.24022,0.64631,0.16509,1183.56
quat1,-0.39678,0.53000,0.30507,0.68454,1183.56
quat2,-0.62289,-0.06262,0.18102,0.75850,1183.56
quat3,-0.43578,0.69624,0.40908,0.39750,1183.56
quat4,-0.40210,0.57219,0.69266,-0.17648,1183.56
quat5,0.00000,0.70711,0.00000,0.70711,1183.56
quat6,0.00000,0.70711,0.00000,0.70711,1183.56
quat7,0.00000,0.70711,0.00000,0.70711,1183.56
quat8,0.00000,0.70711,0.00000,0.70711,1183.56
quat0,0.70494,-0.23916,0.64725,0.16408,1183.58
quat1,-0.39737,0.51788,0.30709,0.69252,1183.58
quat2,-0.62207,-0.06908,0.18759,0.75701,1183.58
quat3,-0.43511,0.70137,0.40435,0.39404,1183.58
quat4,-0.40314,0.57441,0.68786,-0.18543,1183.58
quat5,0.00000,0.70711,0.00000,0.70711,1183.58
quat6,0.00000,0.70711,0.00000,0.70711,1183.58
quat7,0.00000,0.70711,0.00000,0.70711,1183.58
quat8,0.00000,0.70711,0.00000,0.70711,1183.58
quat0,0.70497,-0.23820,0.64771,0.16353,1183.6
quat1,-0.39946,0.50964,0.30722,0.69737,1183.6
quat2,-0.62202,-0.06957,0.19014,0.75637,1183.6
quat3,-0.43114,0.70491,0.40517,0.39124,1183.6
quat4,-0.40087,0.57448,0.68679,-0.19388,1183.6
quat5,0.00000,0.70711,0.00000,0.70711,1183.6
quat6,0.00000,0.70711,0.00000,0.70711,1183.6
quat7,0.00000,0.70711,0.00000,0.70711,1183.6
quat8,0.00000,0.70711,0.00000,0.70711,1183.6
quat0,0.70515,-0.23859,0.64732,0.16372,1183.62
quat1,-0.40151,0.50775,0.30655,0.69786,1183.62
quat2,-0.62266,-0.06587,0.19128,0.75589,1183.62
quat3,-0.42677,0.70565,0.40780,0.39194,1183.62
quat4,-0.39239,0.57830,0.68722,-0.19833,1183.62
quat5,0.00000,0.70711,0.00000,0.70711,1183.62
quat6,0.00000,0.70711,0.00000,0.70711,1183.62
quat7,0.00000,0.70711,0.00000,0.70711,1183.62
quat8,0.00000,0.70711,0.00000,0.70711,1183.62
quat0,0.70524,-0.23874,0.64715,0.16384,1183.64
quat1,-0.40261,0.51156,0.30550,0.69490,1183.64
quat2,-0.62411,-0.05681,0.18851,0.75612,1183.64
quat3,-0.42225,0.70393,0.41258,0.39493,1183.64
quat4,-0.37982,0.58065,0.69161,-0.20067,1183.64
quat5,0.00000,0.70711,0.00000,0.70711,1183.64
quat6,0.00000,0.70711,0.00000,0.70711,1183.64
quat7,0.00000,0.70711,0.00000,0.70711,1183.64
quat8,0.00000,0.70711,0.00000,0.70711,1183.64
quat0,0.70498,-0.23893,0.64717,0.16455,1183.66
quat1,-0.40385,0.51989,0.30346,0.68886,1183.66
quat2,-0.62578,-0.04299,0.18224,0.75719,1183.66
quat3,-0.41810,0.69996,0.41753,0.40115,1183.66
quat4,-0.36500,0.58380,0.69782,-0.19746,1183.66
quat5,0.00000,0.70711,0.00000,0.70711,1183.66
quat6,0.00000,0.70711,0.00000,0.70711,1183.66
quat7,0.00000,0.70711,0.00000,0.70711,1183.66
quat8,0.00000,0.70711,0.00000,0.70711,1183.66
quat0,0.70445,-0.23959,0.64728,0.16546,1183.68
quat1,-0.40518,0.53170,0.30024,0.68043,1183.68
quat2,-0.62753,-0.02612,0.17098,0.75914,1183.68
quat3,-0.41480,0.69365,0.42154,0.41121,1183.68
quat4,-0.34944,0.58722,0.70534,-0.18856,1183.68
quat5,0.00000,0.70711,0.00000,0.70711,1183.68
quat6,0.00000,0.70711,0.00000,0.70711,1183.68
quat7,0.00000,0.70711,0.00000,0.70711,1183.68
quat8,0.00000,0.70711,0.00000,0.70711,1183.68
quat0,0.70439,-0.24052,0.64678,0.16629,1183.7
quat1,-0.40611,0.54629,0.29667,0.66980,1183.7
quat2,-0.62894,-0.00717,0.15467,0.76188,1183.7
quat3,-0.41236,0.68490,0.42476,0.42480,1183.7
quat4,-0.33496,0.59088,0.71309,-0.17366,1183.7
quat5,0.00000,0.70711,0.00000,0.70711,1183.7
quat6,0.00000,0.70711,0.00000,0.70711,1183.7
quat7,0.00000,0.70711,0.00000,0.70711,1183.7
quat8,0.00000,0.70711,0.00000,0.70711,1183.7
quat0,0.70447,-0.24104,0.64632,0.16703,1183.72
quat1,-0.40684,0.56290,0.29263,0.65726,1183.72
quat2,-0.63032,0.01220,0.13381,0.76462,1183.72
quat3,-0.41052,0.67451,0.42673,0.44091,1183.72
quat4,-0.32028,0.59532,0.72012,-0.15635,1183.72
quat5,0.00000,0.70711,0.00000,0.70711,1183.72
quat6,0.00000,0.70711,0.00000,0.70711,1183.72
quat7,0.00000,0.70711,0.00000,0.70711,1183.72
quat8,0.00000,0.70711,0.00000,0.70711,1183.72
quat0,0.70485,-0.24165,0.64535,0.16829,1183.74
quat1,-0.40805,0.58138,0.28829,0.64217,1183.74
quat2,-0.63180,0.03429,0.11224,0.76619,1183.74
quat3,-0.40825,0.66238,0.42840,0.45941,1183.74
quat4,-0.30575,0.60037,0.72633,-0.13606,1183.74
quat5,0.00000,0.70711,0.00000,0.70711,1183.74
quat6,0.00000,0.70711,0.00000,0.70711,1183.74
quat7,0.00000,0.70711,0.00000,0.70711,1183.74
quat8,0.00000,0.70711,0.00000,0.70711,1183.74
quat0,0.70541,-0.24157,0.64464,0.16875,1183.76
quat1,-0.41027,0.60171,0.28297,0.62414,1183.76
quat2,-0.63366,0.05761,0.09176,0.76599,1183.76
quat3,-0.40571,0.64912,0.42906,0.47953,1183.76
quat4,-0.28841,0.60595,0.73223,-0.11613,1183.76
quat5,0.00000,0.70711,0.00000,0.70711,1183.76
quat6,0.00000,0.70711,0.00000,0.70711,1183.76
quat7,0.00000,0.70711,0.00000,0.70711,1183.76
quat8,0.00000,0.70711,0.00000,0.70711,1183.76
quat0,0.70552,-0.24112,0.64466,0.16885,1183.78
quat1,-0.41308,0.62380,0.27732,0.60277,1183.78
quat2,-0.63605,0.08094,0.07188,0.76402,1183.78
quat3,-0.40285,0.63482,0.42965,0.50010,1183.78
quat4,-0.27023,0.61228,0.73676,-0.09630,1183.78
quat5,0.00000,0.70711,0.00000,0.70711,1183.78
quat6,0.00000,0.70711,0.00000,0.70711,1183.78
quat7,0.00000,0.70711,0.00000,0.70711,1183.78
quat8,0.00000,0.70711,0.00000,0.70711,1183.78
quat0,0.70562,-0.24066,0.64465,0.16914,1183.8
quat1,-0.41687,0.64453,0.27098,0.58084,1183.8
quat2,-0.63876,0.10099,0.05121,0.76103,1183.8
quat3,-0.39829,0.62069,0.43101,0.51994,1183.8
quat4,-0.24979,0.61915,0.74033,-0.07858,1183.8
quat5,0.00000,0.70711,0.00000,0.70711,1183.8
quat6,0.00000,0.70711,0.00000,0.70711,1183.8
quat7,0.00000,0.70711,0.00000,0.70711,1183.8
quat8,0.00000,0.70711,0.00000,0.70711,1183.8
quat0,0.70626,-0.24007,0.64417,0.16915,1183.82
quat1,-0.42208,0.66285,0.26404,0.55924,1183.82
quat2,-0.64223,0.12001,0.03258,0.75636,1183.82
quat3,-0.39200,0.60684,0.43360,0.53859,1183.82
quat4,-0.22791,0.62692,0.74247,-0.06134,1183.82
quat5,0.00000,0.70711,0.00000,0.70711,1183.82
quat6,0.00000,0.70711,0.00000,0.70711,1183.82
quat7,0.00000,0.70711,0.00000,0.70711,1183.82
quat8,0.00000,0.70711,0.00000,0.70711,1183.82
quat0,0.70584,-0.23943,0.64487,0.16917,1183.84
quat1,-0.42843,0.67810,0.25682,0.53915,1183.84
quat2,-0.64661,0.13816,0.01589,0.75004,1183.84
quat3,-0.38418,0.59405,0.43591,0.55632,1183.84
quat4,-0.20599,0.63602,0.74231,-0.04499,1183.84
quat5,0.00000,0.70711,0.00000,0.70711,1183.84
quat6,0.00000,0.70711,0.00000,0.70711,1183.84
quat7,0.00000,0.70711,0.00000,0.70711,1183.84
quat8,0.00000,0.70711,0.00000,0.70711,1183.84
quat0,0.70497,-0.23891,0.64602,0.16911,1183.86
quat1,-0.43631,0.68880,0.25086,0.52179,1183.86
quat2,-0.65191,0.15488,0.00116,0.74231,1183.86
quat3,-0.37501,0.58310,0.43748,0.57269,1183.86
quat4,-0.18465,0.64612,0.74002,-0.02846,1183.86
quat5,0.00000,0.70711,0.00000,0.70711,1183.86
quat6,0.00000,0.70711,0.00000,0.70711,1183.86
quat7,0.00000,0.70711,0.00000,0.70711,1183.86
quat8,0.00000,0.70711,0.00000,0.70711,1183.86
quat0,0.70420,-0.23881,0.64681,0.16943,1183.88
quat1,-0.44670,0.69378,0.24562,0.50872,1183.88
quat2,-0.65775,0.16822,-0.01359,0.73409,1183.88
quat3,-0.36490,0.57491,0.43895,0.58622,1183.88
quat4,-0.15960,0.65780,0.73595,-0.01450,1183.88
quat5,0.00000,0.70711,0.00000,0.70711,1183.88
quat6,0.00000,0.70711,0.00000,0.70711,1183.88
quat7,0.00000,0.70711,0.00000,0.70711,1183.88
quat8,0.00000,0.70711,0.00000,0.70711,1183.88
quat0,0.70304,-0.23752,0.64841,0.16996,1183.9
quat1,-0.45873,0.69483,0.24051,0.49892,1183.9
quat2,-0.66431,0.17971,-0.02814,0.72499,1183.9
quat3,-0.35511,0.56913,0.43945,0.59739,1183.9
quat4,-0.13427,0.67029,0.72985,-0.00207,1183.9
quat5,0.00000,0.70711,0.00000,0.70711,1183.9
quat6,0.00000,0.70711,0.00000,0.70711,1183.9
quat7,0.00000,0.70711,0.00000,0.70711,1183.9
quat8,0.00000,0.70711,0.00000,0.70711,1183.9
quat0,0.70192,-0.23676,0.64997,0.16969,1183.92
quat1,-0.47276,0.69127,0.23450,0.49361,1183.92
quat2,-0.67129,0.18873,-0.04199,0.71553,1183.92
quat3,-0.34492,0.56618,0.43825,0.60697,1183.92
quat4,-0.11431,0.68322,0.72113,0.01102,1183.92
quat5,0.00000,0.70711,0.00000,0.70711,1183.92
quat6,0.00000,0.70711,0.00000,0.70711,1183.92
quat7,0.00000,0.70711,0.00000,0.70711,1183.92
quat8,0.00000,0.70711,0.00000,0.70711,1183.92
quat0,0.70116,-0.23632,0.65081,0.17022,1183.94
quat1,-0.48743,0.68288,0.22861,0.49378,1183.94
quat2,-0.67863,0.19633,-0.05276,0.70578,1183.94
quat3,-0.33593,0.56680,0.43505,0.61369,1183.94
quat4,-0.10048,0.69543,0.71108,0.02557,1183.94
quat5,0.00000,0.70711,0.00000,0.70711,1183.94
quat6,0.00000,0.70711,0.00000,0.70711,1183.94
quat7,0.00000,0.70711,0.00000,0.70711,1183.94
quat8,0.00000,0.70711,0.00000,0.70711,1183.94
quat0,0.70113,-0.23501,0.65127,0.17043,1183.96
quat1,-0.50060,0.67310,0.22455,0.49590,1183.96
quat2,-0.68654,0.20219,-0.05952,0.69587,1183.96
quat3,-0.32819,0.56970,0.42972,0.61893,1183.96
quat4,-0.09308,0.70632,0.70069,0.03855,1183.96
quat5,0.00000,0.70711,0.00000,0.70711,1183.96
quat6,0.00000,0.70711,0.00000,0.70711,1183.96
quat7,0.00000,0.70711,0.00000,0.70711,1183.96
quat8,0.00000,0.70711,0.00000,0.70711,1183.96
quat0,0.70060,-0.23399,0.65203,0.17107,1183.98
quat1,-0.51092,0.66443,0.22407,0.49728,1183.98
quat2,-0.69508,0.20472,-0.06213,0.68636,1183.98
quat3,-0.32269,0.57295,0.42153,0.62443,1183.98
quat4,-0.09308,0.71638,0.68977,0.04858,1183.98
quat5,0.00000,0.70711,0.00000,0.70711,1183.98
quat6,0.00000,0.70711,0.00000,0.70711,1183.98
quat7,0.00000,0.70711,0.00000,0.70711,1183.98
quat8,0.00000,0.70711,0.00000,0.70711,1183.98
quat0,0.70037,-0.23421,0.65196,0.17198,1184
quat1,-0.51785,0.65749,0.22798,0.49756,1184
quat2,-0.70425,0.20337,-0.06001,0.67755,1184
quat3,-0.31943,0.57569,0.41022,0.63108,1184
quat4,-0.09790,0.72616,0.67846,0.05291,1184
quat5,0.00000,0.70711,0.00000,0.70711,1184
quat6,0.00000,0.70711,0.00000,0.70711,1184
quat7,0.00000,0.70711,0.00000,0.70711,1184
quat8,0.00000,0.70711,0.00000,0.70711,1184
quat0,0.70043,-0.23475,0.65131,0.17349,1184.02
quat1,-0.52133,0.65174,0.23595,0.49777,1184.02
quat2,-0.71364,0.19816,-0.05341,0.66977,1184.02
quat3,-0.31800,0.57831,0.39711,0.63776,1184.02
quat4,-0.10482,0.73566,0.66733,0.04991,1184.02
quat5,0.00000,0.70711,0.00000,0.70711,1184.02
quat6,0.00000,0.70711,0.00000,0.70711,1184.02
quat7,0.00000,0.70711,0.00000,0.70711,1184.02
quat8,0.00000,0.70711,0.00000,0.70711,1184.02
quat0,0.70065,-0.23451,0.65085,0.17463,1184.04
quat1,-0.52239,0.64621,0.24636,0.49883,1184.04
quat2,-0.72269,0.18879,-0.04274,0.66351,1184.04
quat3,-0.31798,0.58193,0.38383,0.64259,1184.04
quat4,-0.11531,0.74447,0.65632,0.04149,1184.04
quat5,0.00000,0.70711,0.00000,0.70711,1184.04
quat6,0.00000,0.70711,0.00000,0.70711,1184.04
quat7,0.00000,0.70711,0.00000,0.70711,1184.04
quat8,0.00000,0.70711,0.00000,0.70711,1184.04
quat0,0.70137,-0.23495,0.64951,0.17608,1184.06
quat1,-0.52269,0.63894,0.25702,0.50249,1184.06
quat2,-0.73082,0.17410,-0.03001,0.65931,1184.06
quat3,-0.31870,0.58788,0.37128,0.64419,1184.06
quat4,-0.12873,0.75202,0.64582,0.02859,1184.06
quat5,0.00000,0.70711,0.00000,0.70711,1184.06
quat6,0.00000,0.70711,0.00000,0.70711,1184.06
quat7,0.00000,0.70711,0.00000,0.70711,1184.06
quat8,0.00000,0.70711,0.00000,0.70711,1184.06
quat0,0.70210,-0.23543,0.64807,0.17784,1184.08
quat1,-0.52297,0.62927,0.26613,0.50961,1184.08
quat2,-0.73779,0.15580,-0.01489,0.65664,1184.08
quat3,-0.31991,0.59651,0.36077,0.64162,1184.08
quat4,-0.14351,0.75871,0.63532,0.01176,1184.08
quat5,0.00000,0.70711,0.00000,0.70711,1184.08
quat6,0.00000,0.70711,0.00000,0.70711,1184.08
quat7,0.00000,0.70711,0.00000,0.70711,1184.08
quat8,0.00000,0.70711,0.00000,0.70711,1184.08
quat0,0.70311,-0.23528,0.64671,0.17904,1184.1
quat1,-0.52309,0.61778,0.27272,0.51995,1184.1
quat2,-0.74325,0.13383,0.00182,0.65549,1184.1
quat3,-0.32004,0.60804,0.35273,0.63517,1184.1
quat4,-0.15796,0.76475,0.62459,-0.01009,1184.1
quat5,0.00000,0.70711,0.00000,0.70711,1184.1
quat6,0.00000,0.70711,0.00000,0.70711,1184.1
quat7,0.00000,0.70711,0.00000,0.70711,1184.1
quat8,0.00000,0.70711,0.00000,0.70711,1184.1
quat0,0.70387,-0.23560,0.64551,0.17993,1184.12
quat1,-0.52172,0.60606,0.27840,0.53197,1184.12
quat2,-0.74703,0.10963,0.02096,0.65536,1184.12
quat3,-0.31929,0.62156,0.34614,0.62603,1184.12
quat4,-0.17507,0.76895,0.61398,-0.03289,1184.12
quat5,0.00000,0.70711,0.00000,0.70711,1184.12
quat6,0.00000,0.70711,0.00000,0.70711,1184.12
quat7,0.00000,0.70711,0.00000,0.70711,1184.12
quat8,0.00000,0.70711,0.00000,0.70711,1184.12
quat0,0.70419,-0.23622,0.64461,0.18109,1184.14
quat1,-0.51820,0.59542,0.28476,0.54394,1184.14
quat2,-0.74898,0.08194,0.04118,0.65622,1184.14
quat3,-0.31944,0.63567,0.33886,0.61568,1184.14
quat4,-0.19334,0.77179,0.60298,-0.05811,1184.14
quat5,0.00000,0.70711,0.00000,0.70711,1184.14
quat6,0.00000,0.70711,0.00000,0.70711,1184.14
quat7,0.00000,0.70711,0.00000,0.70711,1184.14
quat8,0.00000,0.70711,0.00000,0.70711,1184.14
quat0,0.70411,-0.23689,0.64413,0.18224,1184.16
quat1,-0.51339,0.58612,0.29187,0.55471,1184.16
quat2,-0.74949,0.05269,0.06258,0.65694,1184.16
quat3,-0.32118,0.64972,0.33108,0.60423,1184.16
quat4,-0.21196,0.77331,0.59142,-0.08537,1184.16
quat5,0.00000,0.70711,0.00000,0.70711,1184.16
quat6,0.00000,0.70711,0.00000,0.70711,1184.16
quat7,0.00000,0.70711,0.00000,0.70711,1184.16
quat8,0.00000,0.70711,0.00000,0.70711,1184.16
quat0,0.70383,-0.23735,0.64410,0.18283,1184.18
quat1,-0.50835,0.57762,0.29899,0.56440,1184.18
quat2,-0.74852,0.01995,0.08264,0.65764,1184.18
quat3,-0.32164,0.66361,0.32614,0.59144,1184.18
quat4,-0.23024,0.77348,0.57970,-0.11254,1184.18
quat5,0.00000,0.70711,0.00000,0.70711,1184.18
quat6,0.00000,0.70711,0.00000,0.70711,1184.18
quat7,0.00000,0.70711,0.00000,0.70711,1184.18
quat8,0.00000,0.70711,0.00000,0.70711,1184.18
quat0,0.70443,-0.23773,0.64341,0.18246,1184.2
quat1,-0.50435,0.57030,0.30534,0.57197,1184.2
quat2,-0.74628,-0.01419,0.10141,0.65771,1184.2
quat3,-0.32347,0.67651,0.32258,0.57761,1184.2
quat4,-0.24920,0.77258,0.56804,-0.13546,1184.2
quat5,0.00000,0.70711,0.00000,0.70711,1184.2
quat6,0.00000,0.70711,0.00000,0.70711,1184.2
quat7,0.00000,0.70711,0.00000,0.70711,1184.2
quat8,0.00000,0.70711,0.00000,0.70711,1184.2
quat0,0.70472,-0.23772,0.64318,0.18214,1184.22
quat1,-0.50134,0.56280,0.31158,0.57865,1184.22
quat2,-0.74283,-0.04929,0.11666,0.65739,1184.22
quat3,-0.32754,0.69063,0.31817,0.56082,1184.22
quat4,-0.26559,0.77080,0.55724,-0.15752,1184.22
quat5,0.00000,0.70711,0.00000,0.70711,1184.22
quat6,0.00000,0.70711,0.00000,0.70711,1184.22
quat7,0.00000,0.70711,0.00000,0.70711,1184.22
quat8,0.00000,0.70711,0.00000,0.70711,1184.22
quat0,0.70431,-0.23755,0.64360,0.18248,1184.24
quat1,-0.49842,0.55023,0.31616,0.59065,1184.24
quat2,-0.73856,-0.08001,0.13030,0.65662,1184.24
quat3,-0.33165,0.70630,0.31499,0.54031,1184.24
quat4,-0.27840,0.76802,0.54814,-0.17942,1184.24
quat5,0.00000,0.70711,0.00000,0.70711,1184.24
quat6,0.00000,0.70711,0.00000,0.70711,1184.24
quat7,0.00000,0.70711,0.00000,0.70711,1184.24
quat8,0.00000,0.70711,0.00000,0.70711,1184.24
quat0,0.70400,-0.23575,0.64487,0.18152,1184.26
quat1,-0.49476,0.53554,0.31922,0.60540,1184.26
quat2,-0.73337,-0.10460,0.14225,0.65650,1184.26
quat3,-0.33463,0.72146,0.31222,0.51965,1184.26
quat4,-0.28822,0.76435,0.54156,-0.19851,1184.26
quat5,0.00000,0.70711,0.00000,0.70711,1184.26
quat6,0.00000,0.70711,0.00000,0.70711,1184.26
quat7,0.00000,0.70711,0.00000,0.70711,1184.26
quat8,0.00000,0.70711,0.00000,0.70711,1184.26
quat0,0.70379,-0.23391,0.64638,0.17935,1184.28
quat1,-0.49146,0.52080,0.32155,0.61954,1184.28
quat2,-0.72790,-0.12247,0.15263,0.65716,1184.28
quat3,-0.33773,0.73347,0.30919,0.50235,1184.28
quat4,-0.29925,0.76048,0.53615,-0.21132,1184.28
quat5,0.00000,0.70711,0.00000,0.70711,1184.28
quat6,0.00000,0.70711,0.00000,0.70711,1184.28
quat7,0.00000,0.70711,0.00000,0.70711,1184.28
quat8,0.00000,0.70711,0.00000,0.70711,1184.28
quat0,0.70339,-0.23308,0.64749,0.17796,1184.3
quat1,-0.48783,0.50715,0.32361,0.63253,1184.3
quat2,-0.72392,-0.13516,0.15905,0.65756,1184.3
quat3,-0.34081,0.74117,0.30712,0.49009,1184.3
quat4,-0.30958,0.75622,0.53271,-0.22026,1184.3
quat5,0.00000,0.70711,0.00000,0.70711,1184.3
quat6,0.00000,0.70711,0.00000,0.70711,1184.3
quat7,0.00000,0.70711,0.00000,0.70711,1184.3
quat8,0.00000,0.70711,0.00000,0.70711,1184.3
quat0,0.70277,-0.23135,0.64934,0.17592,1184.32
quat1,-0.48444,0.49790,0.32553,0.64145,1184.32
quat2,-0.72120,-0.14365,0.16184,0.65806,1184.32
quat3,-0.34376,0.74491,0.30590,0.48308,1184.32
quat4,-0.31783,0.75133,0.53195,-0.22696,1184.32
quat5,0.00000,0.70711,0.00000,0.70711,1184.32
quat6,0.00000,0.70711,0.00000,0.70711,1184.32
quat7,0.00000,0.70711,0.00000,0.70711,1184.32
quat8,0.00000,0.70711,0.00000,0.70711,1184.32
quat0,0.70161,-0.23029,0.65108,0.17549,1184.34
quat1,-0.48308,0.49403,0.32598,0.64522,1184.34
quat2,-0.71973,-0.14827,0.16103,0.65885,1184.34
quat3,-0.34575,0.74506,0.30725,0.48056,1184.34
quat4,-0.32413,0.74650,0.53365,-0.23000,1184.34
quat5,0.00000,0.70711,0.00000,0.70711,1184.34
quat6,0.00000,0.70711,0.00000,0.70711,1184.34
quat7,0.00000,0.70711,0.00000,0.70711,1184.34
quat8,0.00000,0.70711,0.00000,0.70711,1184.34
quat0,0.70064,-0.23126,0.65141,0.17690,1184.36
quat1,-0.48377,0.49408,0.32521,0.64505,1184.36
quat2,-0.71996,-0.14851,0.15665,0.65959,1184.36
quat3,-0.34738,0.74305,0.30956,0.48102,1184.36
quat4,-0.32748,0.74285,0.53771,-0.22761,1184.36
quat5,0.00000,0.70711,0.00000,0.70711,1184.36
quat6,0.00000,0.70711,0.00000,0.70711,1184.36
quat7,0.00000,0.70711,0.00000,0.70711,1184.36
quat8,0.00000,0.70711,0.00000,0.70711,1184.36
quat0,0.70008,-0.23254,0.65101,0.17888,1184.38
quat1,-0.48620,0.49681,0.32327,0.64210,1184.38
quat2,-0.72158,-0.14308,0.14956,0.66066,1184.38
quat3,-0.34882,0.73887,0.31334,0.48397,1184.38
quat4,-0.32666,0.74010,0.54473,-0.22094,1184.38
quat5,0.00000,0.70711,0.00000,0.70711,1184.38
quat6,0.00000,0.70711,0.00000,0.70711,1184.38
quat7,0.00000,0.70711,0.00000,0.70711,1184.38
quat8,0.00000,0.70711,0.00000,0.70711,1184.38
quat0,0.69951,-0.23316,0.65110,0.18001,1184.4
quat1,-0.48978,0.50254,0.32064,0.63620,1184.4
quat2,-0.72477,-0.13213,0.13864,0.66184,1184.4
quat3,-0.34986,0.73271,0.31862,0.48909,1184.4
quat4,-0.32074,0.73861,0.55344,-0.21279,1184.4
quat5,0.00000,0.70711,0.00000,0.70711,1184.4
quat6,0.00000,0.70711,0.00000,0.70711,1184.4
quat7,0.00000,0.70711,0.00000,0.70711,1184.4
quat8,0.00000,0.70711,0.00000,0.70711,1184.4
quat0,0.69932,-0.23467,0.65030,0.18164,1184.42
quat1,-0.49427,0.51080,0.31724,0.62781,1184.42
quat2,-0.72910,-0.11570,0.12391,0.66308,1184.42
quat3,-0.35044,0.72444,0.32551,0.49641,1184.42
quat4,-0.31232,0.73780,0.56398,-0.20008,1184.42
quat5,0.00000,0.70711,0.00000,0.70711,1184.42
quat6,0.00000,0.70711,0.00000,0.70711,1184.42
quat7,0.00000,0.70711,0.00000,0.70711,1184.42
quat8,0.00000,0.70711,0.00000,0.70711,1184.42
quat0,0.69882,-0.23546,0.65012,0.18317,1184.44
quat1,-0.49912,0.52106,0.31304,0.61756,1184.44
quat2,-0.73406,-0.09637,0.10408,0.66411,1184.44
quat3,-0.35038,0.71412,0.33327,0.50616,1184.44
quat4,-0.30130,0.73707,0.57653,-0.18318,1184.44
quat5,0.00000,0.70711,0.00000,0.70711,1184.44
quat6,0.00000,0.70711,0.00000,0.70711,1184.44
quat7,0.00000,0.70711,0.00000,0.70711,1184.44
quat8,0.00000,0.70711,0.00000,0.70711,1184.44
quat0,0.69814,-0.23653,0.64999,0.18484,1184.46
quat1,-0.50406,0.53308,0.30905,0.60517,1184.46
quat2,-0.73894,-0.07351,0.08062,0.66488,1184.46
quat3,-0.34929,0.70158,0.34173,0.51865,1184.46
quat4,-0.28935,0.73614,0.58999,-0.16209,1184.46
quat5,0.00000,0.70711,0.00000,0.70711,1184.46
quat6,0.00000,0.70711,0.00000,0.70711,1184.46
quat7,0.00000,0.70711,0.00000,0.70711,1184.46
quat8,0.00000,0.70711,0.00000,0.70711,1184.46
quat0,0.69751,-0.23700,0.65008,0.18632,1184.48
quat1,-0.50901,0.54626,0.30524,0.59104,1184.48
quat2,-0.74258,-0.04764,0.05666,0.66566,1184.48
quat3,-0.34772,0.68735,0.35047,0.53273,1184.48
quat4,-0.27551,0.73533,0.60389,-0.13673,1184.48
quat5,0.00000,0.70711,0.00000,0.70711,1184.48
quat6,0.00000,0.70711,0.00000,0.70711,1184.48
quat7,0.00000,0.70711,0.00000,0.70711,1184.48
quat8,0.00000,0.70711,0.00000,0.70711,1184.48
quat0,0.69655,-0.23738,0.65063,0.18748,1184.5
quat1,-0.51323,0.56133,0.30149,0.57498,1184.5
quat2,-0.74475,-0.01789,0.03532,0.66617,1184.5
quat3,-0.34671,0.67121,0.35957,0.54770,1184.5
quat4,-0.26119,0.73421,0.61752,-0.10672,1184.5
quat5,0.00000,0.70711,0.00000,0.70711,1184.5
quat6,0.00000,0.70711,0.00000,0.70711,1184.5
quat7,0.00000,0.70711,0.00000,0.70711,1184.5
quat8,0.00000,0.70711,0.00000,0.70711,1184.5
quat0,0.69561,-0.23783,0.65106,0.18890,1184.52
quat1,-0.51731,0.57741,0.29676,0.55760,1184.52
quat2,-0.74548,0.01287,0.01510,0.66623,1184.52
quat3,-0.34560,0.65390,0.36935,0.56264,1184.52
quat4,-0.24590,0.73217,0.63072,-0.07520,1184.52
quat5,0.00000,0.70711,0.00000,0.70711,1184.52
quat6,0.00000,0.70711,0.00000,0.70711,1184.52
quat7,0.00000,0.70711,0.00000,0.70711,1184.52
quat8,0.00000,0.70711,0.00000,0.70711,1184.52
quat0,0.69462,-0.23795,0.65170,0.19021,1184.54
quat1,-0.52136,0.59294,0.29056,0.54054,1184.54
quat2,-0.74501,0.04367,-0.00390,0.66561,1184.54
quat3,-0.34450,0.63496,0.37930,0.57817,1184.54
quat4,-0.23209,0.72858,0.64314,-0.04095,1184.54
quat5,0.00000,0.70711,0.00000,0.70711,1184.54
quat6,0.00000,0.70711,0.00000,0.70711,1184.54
quat7,0.00000,0.70711,0.00000,0.70711,1184.54
quat8,0.00000,0.70711,0.00000,0.70711,1184.54
quat0,0.69322,-0.23809,0.65283,0.19125,1184.56
quat1,-0.52572,0.60781,0.28241,0.52387,1184.56
quat2,-0.74312,0.07144,-0.02351,0.66491,1184.56
quat3,-0.34248,0.61554,0.38908,0.59366,1184.56
quat4,-0.21968,0.72266,0.65533,-0.00663,1184.56
quat5,0.00000,0.70711,0.00000,0.70711,1184.56
quat6,0.00000,0.70711,0.00000,0.70711,1184.56
quat7,0.00000,0.70711,0.00000,0.70711,1184.56
quat8,0.00000,0.70711,0.00000,0.70711,1184.56
quat0,0.69163,-0.23827,0.65422,0.19201,1184.58
quat1,-0.53055,0.62109,0.27190,0.50876,1184.58
quat2,-0.73996,0.09613,-0.04286,0.66436,1184.58
quat3,-0.33920,0.59568,0.39824,0.60952,1184.58
quat4,-0.20729,0.71497,0.66723,0.02581,1184.58
quat5,0.00000,0.70711,0.00000,0.70711,1184.58
quat6,0.00000,0.70711,0.00000,0.70711,1184.58
quat7,0.00000,0.70711,0.00000,0.70711,1184.58
quat8,0.00000,0.70711,0.00000,0.70711,1184.58
quat0,0.69063,-0.23809,0.65522,0.19241,1184.6
quat1,-0.53431,0.63352,0.26023,0.49543,1184.6
quat2,-0.73476,0.11534,-0.06459,0.66532,1184.6
quat3,-0.33580,0.57702,0.40582,0.62418,1184.6
quat4,-0.19072,0.70743,0.67859,0.05178,1184.6
quat5,0.00000,0.70711,0.00000,0.70711,1184.6
quat6,0.00000,0.70711,0.00000,0.70711,1184.6
quat7,0.00000,0.70711,0.00000,0.70711,1184.6
quat8,0.00000,0.70711,0.00000,0.70711,1184.6
quat0,0.68928,-0.23759,0.65711,0.19145,1184.62
quat1,-0.53712,0.64415,0.24890,0.48438,1184.62
quat2,-0.72720,0.12937,-0.08947,0.66816,1184.62
quat3,-0.33414,0.55845,0.41229,0.63757,1184.62
quat4,-0.17183,0.70035,0.68898,0.07272,1184.62
quat5,0.00000,0.70711,0.00000,0.70711,1184.62
quat6,0.00000,0.70711,0.00000,0.70711,1184.62
quat7,0.00000,0.70711,0.00000,0.70711,1184.62
quat8,0.00000,0.70711,0.00000,0.70711,1184.62
quat0,0.68814,-0.23748,0.65864,0.19041,1184.64
quat1,-0.53935,0.65194,0.23837,0.47670,1184.64
quat2,-0.71708,0.13969,-0.11599,0.67292,1184.64
quat3,-0.33319,0.54223,0.41976,0.64713,1184.64
quat4,-0.15437,0.69332,0.69812,0.09004,1184.64
quat5,0.00000,0.70711,0.00000,0.70711,1184.64
quat6,0.00000,0.70711,0.00000,0.70711,1184.64
quat7,0.00000,0.70711,0.00000,0.70711,1184.64
quat8,0.00000,0.70711,0.00000,0.70711,1184.64
quat0,0.68713,-0.23771,0.65978,0.18986,1184.66
quat1,-0.54179,0.65638,0.22772,0.47306,1184.66
quat2,-0.70612,0.14973,-0.13806,0.67817,1184.66
quat3,-0.33222,0.53078,0.42954,0.65069,1184.66
quat4,-0.13955,0.68565,0.70665,0.10517,1184.66
quat5,0.00000,0.70711,0.00000,0.70711,1184.66
quat6,0.00000,0.70711,0.00000,0.70711,1184.66
quat7,0.00000,0.70711,0.00000,0.70711,1184.66
quat8,0.00000,0.70711,0.00000,0.70711,1184.66
quat0,0.68604,-0.23829,0.66090,0.18916,1184.68
quat1,-0.54332,0.65852,0.21678,0.47346,1184.68
quat2,-0.69606,0.16004,-0.15313,0.68297,1184.68
quat3,-0.33119,0.52595,0.44133,0.64724,1184.68
quat4,-0.12822,0.67772,0.71467,0.11616,1184.68
quat5,0.00000,0.70711,0.00000,0.70711,1184.68
quat6,0.00000,0.70711,0.00000,0.70711,1184.68
quat7,0.00000,0.70711,0.00000,0.70711,1184.68
quat8,0.00000,0.70711,0.00000,0.70711,1184.68
quat0,0.68584,-0.23939,0.66072,0.18911,1184.7
quat1,-0.54248,0.65976,0.20847,0.47642,1184.7
quat2,-0.68804,0.16934,-0.16037,0.68717,1184.7
quat3,-0.32954,0.52580,0.45454,0.63901,1184.7
quat4,-0.12312,0.66892,0.72274,0.12257,1184.7
quat5,0.00000,0.70711,0.00000,0.70711,1184.7
quat6,0.00000,0.70711,0.00000,0.70711,1184.7
quat7,0.00000,0.70711,0.00000,0.70711,1184.7
quat8,0.00000,0.70711,0.00000,0.70711,1184.7
quat0,0.68580,-0.24068,0.65997,0.19024,1184.72
quat1,-0.53763,0.66270,0.20657,0.47866,1184.72
quat2,-0.68195,0.17415,-0.16086,0.69191,1184.72
quat3,-0.32830,0.52771,0.46693,0.62906,1184.72
quat4,-0.12477,0.65936,0.73087,0.12451,1184.72
quat5,0.00000,0.70711,0.00000,0.70711,1184.72
quat6,0.00000,0.70711,0.00000,0.70711,1184.72
quat7,0.00000,0.70711,0.00000,0.70711,1184.72
quat8,0.00000,0.70711,0.00000,0.70711,1184.72
quat0,0.68594,-0.24220,0.65899,0.19121,1184.74
quat1,-0.52782,0.66896,0.21219,0.47841,1184.74
quat2,-0.67715,0.17138,-0.15709,0.69816,1184.74
quat3,-0.32950,0.52989,0.47709,0.61889,1184.74
quat4,-0.13237,0.64926,0.73906,0.12141,1184.74
quat5,0.00000,0.70711,0.00000,0.70711,1184.74
quat6,0.00000,0.70711,0.00000,0.70711,1184.74
quat7,0.00000,0.70711,0.00000,0.70711,1184.74
quat8,0.00000,0.70711,0.00000,0.70711,1184.74
quat0,0.68556,-0.24381,0.65868,0.19159,1184.76
quat1,-0.51583,0.67596,0.22224,0.47708,1184.76
quat2,-0.67306,0.16162,-0.15003,0.70595,1184.76
quat3,-0.33391,0.53166,0.48411,0.60949,1184.76
quat4,-0.14295,0.64113,0.74576,0.11115,1184.76
quat5,0.00000,0.70711,0.00000,0.70711,1184.76
quat6,0.00000,0.70711,0.00000,0.70711,1184.76
quat7,0.00000,0.70711,0.00000,0.70711,1184.76
quat8,0.00000,0.70711,0.00000,0.70711,1184.76
quat0,0.68478,-0.24566,0.65858,0.19237,1184.78
quat1,-0.50508,0.68038,0.23201,0.47765,1184.78
quat2,-0.66997,0.14717,-0.13973,0.71411,1184.78
quat3,-0.34156,0.53428,0.48781,0.59994,1184.78
quat4,-0.15408,0.63468,0.75140,0.09407,1184.78
quat5,0.00000,0.70711,0.00000,0.70711,1184.78
quat6,0.00000,0.70711,0.00000,0.70711,1184.78
quat7,0.00000,0.70711,0.00000,0.70711,1184.78
quat8,0.00000,0.70711,0.00000,0.70711,1184.78
quat0,0.68416,-0.24733,0.65844,0.19290,1184.8
quat1,-0.49661,0.68042,0.23918,0.48290,1184.8
quat2,-0.66812,0.13140,-0.12485,0.72164,1184.8
quat3,-0.34981,0.53803,0.49028,0.58973,1184.8
quat4,-0.16770,0.62916,0.75535,0.07403,1184.8
quat5,0.00000,0.70711,0.00000,0.70711,1184.8
quat6,0.00000,0.70711,0.00000,0.70711,1184.8
quat7,0.00000,0.70711,0.00000,0.70711,1184.8
quat8,0.00000,0.70711,0.00000,0.70711,1184.8
quat0,0.68346,-0.24895,0.65843,0.19334,1184.82
quat1,-0.49038,0.67583,0.24307,0.49365,1184.82
quat2,-0.66643,0.11304,-0.10778,0.72902,1184.82
quat3,-0.35699,0.54379,0.49330,0.57751,1184.82
quat4,-0.18302,0.62479,0.75721,0.05267,1184.82
quat5,0.00000,0.70711,0.00000,0.70711,1184.82
quat6,0.00000,0.70711,0.00000,0.70711,1184.82
quat7,0.00000,0.70711,0.00000,0.70711,1184.82
quat8,0.00000,0.70711,0.00000,0.70711,1184.82
quat0,0.68317,-0.24949,0.65857,0.19317,1184.84
quat1,-0.48471,0.66797,0.24602,0.50828,1184.84
quat2,-0.66384,0.09169,-0.09037,0.73671,1184.84
quat3,-0.36450,0.55388,0.49476,0.56176,1184.84
quat4,-0.19995,0.62117,0.75707,0.03175,1184.84
quat5,0.00000,0.70711,0.00000,0.70711,1184.84
quat6,0.00000,0.70711,0.00000,0.70711,1184.84
quat7,0.00000,0.70711,0.00000,0.70711,1184.84
quat8,0.00000,0.70711,0.00000,0.70711,1184.84
quat0,0.68344,-0.24937,0.65856,0.19243,1184.86
quat1,-0.47808,0.65777,0.25135,0.52497,1184.86
quat2,-0.65937,0.06480,-0.07679,0.74508,1184.86
quat3,-0.37030,0.56878,0.49349,0.54391,1184.86
quat4,-0.21679,0.61832,0.75538,0.00914,1184.86
quat5,0.00000,0.70711,0.00000,0.70711,1184.86
quat6,0.00000,0.70711,0.00000,0.70711,1184.86
quat7,0.00000,0.70711,0.00000,0.70711,1184.86
quat8,0.00000,0.70711,0.00000,0.70711,1184.86
quat0,0.68481,-0.24849,0.65773,0.19154,1184.88
quat1,-0.47079,0.64394,0.25813,0.54505,1184.88
quat2,-0.65410,0.03454,-0.06478,0.75284,1184.88
quat3,-0.37616,0.58320,0.48973,0.52777,1184.88
quat4,-0.23486,0.61501,0.75262,-0.01326,1184.88
quat5,0.00000,0.70711,0.00000,0.70711,1184.88
quat6,0.00000,0.70711,0.00000,0.70711,1184.88
quat7,0.00000,0.70711,0.00000,0.70711,1184.88
quat8,0.00000,0.70711,0.00000,0.70711,1184.88
quat0,0.68563,-0.24844,0.65692,0.19144,1184.9
quat1,-0.46426,0.62891,0.26285,0.56555,1184.9
quat2,-0.64870,0.00217,-0.05320,0.75918,1184.9
quat3,-0.38472,0.59461,0.48258,0.51531,1184.9
quat4,-0.25231,0.61169,0.74890,-0.03642,1184.9
quat5,0.00000,0.70711,0.00000,0.70711,1184.9
quat6,0.00000,0.70711,0.00000,0.70711,1184.9
quat7,0.00000,0.70711,0.00000,0.70711,1184.9
quat8,0.00000,0.70711,0.00000,0.70711,1184.9
quat0,0.68660,-0.24682,0.65693,0.19000,1184.92
quat1,-0.45725,0.61503,0.26770,0.58395,1184.92
quat2,-0.64417,-0.02816,-0.03947,0.76334,1184.92
quat3,-0.39591,0.60301,0.47321,0.50568,1184.92
quat4,-0.26995,0.60844,0.74395,-0.05886,1184.92
quat5,0.00000,0.70711,0.00000,0.70711,1184.92
quat6,0.00000,0.70711,0.00000,0.70711,1184.92
quat7,0.00000,0.70711,0.00000,0.70711,1184.92
quat8,0.00000,0.70711,0.00000,0.70711,1184.92
quat0,0.68772,-0.24465,0.65699,0.18856,1184.94
quat1,-0.45025,0.60025,0.27167,0.60263,1184.94
quat2,-0.64045,-0.05564,-0.02290,0.76564,1184.94
quat3,-0.40742,0.61129,0.46227,0.49663,1184.94
quat4,-0.28779,0.60531,0.73773,-0.08079,1184.94
quat5,0.00000,0.70711,0.00000,0.70711,1184.94
quat6,0.00000,0.70711,0.00000,0.70711,1184.94
quat7,0.00000,0.70711,0.00000,0.70711,1184.94
quat8,0.00000,0.70711,0.00000,0.70711,1184.94
quat0,0.68837,-0.24284,0.65731,0.18740,1184.96
quat1,-0.44344,0.58532,0.27515,0.62053,1184.96
quat2,-0.63726,-0.07741,-0.00216,0.76675,1184.96
quat3,-0.41534,0.62167,0.45221,0.48633,1184.96
quat4,-0.30608,0.60213,0.73031,-0.10194,1184.96
quat5,0.00000,0.70711,0.00000,0.70711,1184.96
quat6,0.00000,0.70711,0.00000,0.70711,1184.96
quat7,0.00000,0.70711,0.00000,0.70711,1184.96
quat8,0.00000,0.70711,0.00000,0.70711,1184.96
quat0,0.68931,-0.23955,0.65823,0.18496,1184.98
quat1,-0.43647,0.57113,0.27918,0.63668,1184.98
quat2,-0.63439,-0.09402,0.02113,0.76698,1184.98
quat3,-0.41966,0.63297,0.44384,0.47565,1184.98
quat4,-0.32268,0.59927,0.72218,-0.12335,1184.98
quat5,0.00000,0.70711,0.00000,0.70711,1184.98
quat6,0.00000,0.70711,0.00000,0.70711,1184.98
quat7,0.00000,0.70711,0.00000,0.70711,1184.98
quat8,0.00000,0.70711,0.00000,0.70711,1184.98
quat0,0.69063,-0.23640,0.65852,0.18303,1185
quat1,-0.43058,0.55634,0.28258,0.65211,1185
quat2,-0.63192,-0.10548,0.04614,0.76643,1185
quat3,-0.42210,0.64442,0.43747,0.46388,1185
quat4,-0.33869,0.59687,0.71325,-0.14253,1185
quat5,0.00000,0.70711,0.00000,0.70711,1185
quat6,0.00000,0.70711,0.00000,0.70711,1185
quat7,0.00000,0.70711,0.00000,0.70711,1185
quat8,0.00000,0.70711,0.00000,0.70711,1185
quat0,0.69167,-0.23513,0.65795,0.18278,1185.02
quat1,-0.42672,0.54094,0.28469,0.66652,1185.02
quat2,-0.62937,-0.11367,0.06991,0.76556,1185.02
quat3,-0.42240,0.65626,0.43292,0.45110,1185.02
quat4,-0.35233,0.59443,0.70442,-0.16221,1185.02
quat5,0.00000,0.70711,0.00000,0.70711,1185.02
quat6,0.00000,0.70711,0.00000,0.70711,1185.02
quat7,0.00000,0.70711,0.00000,0.70711,1185.02
quat8,0.00000,0.70711,0.00000,0.70711,1185.02
quat0,0.69343,-0.23247,0.65778,0.18011,1185.04
quat1,-0.42418,0.52820,0.28601,0.67770,1185.04
quat2,-0.62663,-0.11644,0.09290,0.76495,1185.04
quat3,-0.42208,0.66550,0.42994,0.44057,1185.04
quat4,-0.36236,0.59167,0.69698,-0.18125,1185.04
quat5,0.00000,0.70711,0.00000,0.70711,1185.04
quat6,0.00000,0.70711,0.00000,0.70711,1185.04
quat7,0.00000,0.70711,0.00000,0.70711,1185.04
quat8,0.00000,0.70711,0.00000,0.70711,1185.04
quat0,0.69448,-0.23031,0.65790,0.17842,1185.06
quat1,-0.42197,0.51960,0.28698,0.68527,1185.06
quat2,-0.62373,-0.11337,0.11375,0.76496,1185.06
quat3,-0.42156,0.67306,0.42773,0.43165,1185.06
quat4,-0.36918,0.58918,0.69123,-0.19691,1185.06
quat5,0.00000,0.70711,0.00000,0.70711,1185.06
quat6,0.00000,0.70711,0.00000,0.70711,1185.06
quat7,0.00000,0.70711,0.00000,0.70711,1185.06
quat8,0.00000,0.70711,0.00000,0.70711,1185.06
quat0,0.69436,-0.22912,0.65849,0.17820,1185.08
quat1,-0.42129,0.51259,0.28708,0.69091,1185.08
quat2,-0.62113,-0.10608,0.12975,0.76558,1185.08
quat3,-0.42039,0.67909,0.42617,0.42484,1185.08
quat4,-0.37350,0.58752,0.68702,-0.20814,1185.08
quat5,0.00000,0.70711,0.00000,0.70711,1185.08
quat6,0.00000,0.70711,0.00000,0.70711,1185.08
quat7,0.00000,0.70711,0.00000,0.70711,1185.08
quat8,0.00000,0.70711,0.00000,0.70711,1185.08
quat0,0.69426,-0.22884,0.65861,0.17852,1185.1
quat1,-0.42271,0.50769,0.28594,0.69412,1185.1
quat2,-0.61966,-0.09877,0.13720,0.76645,1185.1
quat3,-0.42022,0.68317,0.42485,0.41975,1185.1
quat4,-0.37009,0.58959,0.68492,-0.21517,1185.1
quat5,0.00000,0.70711,0.00000,0.70711,1185.1
quat6,0.00000,0.70711,0.00000,0.70711,1185.1
quat7,0.00000,0.70711,0.00000,0.70711,1185.1
quat8,0.00000,0.70711,0.00000,0.70711,1185.1
quat0,0.69446,-0.22845,0.65837,0.17914,1185.12
quat1,-0.42447,0.50779,0.28497,0.69337,1185.12
quat2,-0.61982,-0.08883,0.13539,0.76785,1185.12
quat3,-0.42030,0.68480,0.42518,0.41667,1185.12
quat4,-0.36479,0.59381,0.68374,-0.21638,1185.12
quat5,0.00000,0.70711,0.00000,0.70711,1185.12
quat6,0.00000,0.70711,0.00000,0.70711,1185.12
quat7,0.00000,0.70711,0.00000,0.70711,1185.12
quat8,0.00000,0.70711,0.00000,0.70711,1185.12
quat0,0.69417,-0.22853,0.65836,0.18017,1185.14
quat1,-0.42577,0.51385,0.28411,0.68845,1185.14
quat2,-0.62105,-0.07735,0.12698,0.76954,1185.14
quat3,-0.41980,0.68484,0.42561,0.41667,1185.14
quat4,-0.35269,0.59846,0.68638,-0.21528,1185.14
quat5,0.00000,0.70711,0.00000,0.70711,1185.14
quat6,0.00000,0.70711,0.00000,0.70711,1185.14
quat7,0.00000,0.70711,0.00000,0.70711,1185.14
quat8,0.00000,0.70711,0.00000,0.70711,1185.14
quat0,0.69359,-0.22948,0.65834,0.18126,1185.16
quat1,-0.42629,0.52494,0.28322,0.68007,1185.16
quat2,-0.62344,-0.06423,0.11074,0.77132,1185.16
quat3,-0.41812,0.68316,0.42681,0.41988,1185.16
quat4,-0.33648,0.60339,0.69110,-0.21232,1185.16
quat5,0.00000,0.70711,0.00000,0.70711,1185.16
quat6,0.00000,0.70711,0.00000,0.70711,1185.16
quat7,0.00000,0.70711,0.00000,0.70711,1185.16
quat8,0.00000,0.70711,0.00000,0.70711,1185.16
quat0,0.69305,-0.22920,0.65899,0.18132,1185.18
quat1,-0.42651,0.53984,0.28198,0.66869,1185.18
quat2,-0.62621,-0.05065,0.08766,0.77305,1185.18
quat3,-0.41634,0.67952,0.42759,0.42671,1185.18
quat4,-0.31639,0.60887,0.69735,-0.20706,1185.18
quat5,0.00000,0.70711,0.00000,0.70711,1185.18
quat6,0.00000,0.70711,0.00000,0.70711,1185.18
quat7,0.00000,0.70711,0.00000,0.70711,1185.18
quat8,0.00000,0.70711,0.00000,0.70711,1185.18
quat0,0.69259,-0.22934,0.65926,0.18195,1185.2
quat1,-0.42653,0.55784,0.28027,0.65448,1185.2
quat2,-0.62850,-0.03807,0.05818,0.77470,1185.2
quat3,-0.41347,0.67403,0.42853,0.43713,1185.2
quat4,-0.29678,0.61549,0.70254,-0.19884,1185.2
quat5,0.00000,0.70711,0.00000,0.70711,1185.2
quat6,0.00000,0.70711,0.00000,0.70711,1185.2
quat7,0.00000,0.70711,0.00000,0.70711,1185.2
quat8,0.00000,0.70711,0.00000,0.70711,1185.2
quat0,0.69250,-0.22941,0.65904,0.18298,1185.22
quat1,-0.42718,0.57709,0.27837,0.63797,1185.22
quat2,-0.62982,-0.02432,0.02638,0.77591,1185.22
quat3,-0.40968,0.66671,0.42943,0.45084,1185.22
quat4,-0.27795,0.62314,0.70682,-0.18668,1185.22
quat5,0.00000,0.70711,0.00000,0.70711,1185.22
quat6,0.00000,0.70711,0.00000,0.70711,1185.22
quat7,0.00000,0.70711,0.00000,0.70711,1185.22
quat8,0.00000,0.70711,0.00000,0.70711,1185.22
quat0,0.69241,-0.22998,0.65856,0.18431,1185.24
quat1,-0.43096,0.59466,0.27450,0.62073,1185.24
quat2,-0.63042,-0.00696,-0.00306,0.77622,1185.24
quat3,-0.40544,0.65786,0.42965,0.46716,1185.24
quat4,-0.26010,0.63167,0.70978,-0.17194,1185.24
quat5,0.00000,0.70711,0.00000,0.70711,1185.24
quat6,0.00000,0.70711,0.00000,0.70711,1185.24
quat7,0.00000,0.70711,0.00000,0.70711,1185.24
quat8,0.00000,0.70711,0.00000,0.70711,1185.24
quat0,0.69215,-0.23028,0.65843,0.18537,1185.26
quat1,-0.43704,0.61319,0.26959,0.60026,1185.26
quat2,-0.63147,0.01941,-0.02400,0.77478,1185.26
quat3,-0.40134,0.64750,0.42852,0.48585,1185.26
quat4,-0.24464,0.64113,0.71095,-0.15380,1185.26
quat5,0.00000,0.70711,0.00000,0.70711,1185.26
quat6,0.00000,0.70711,0.00000,0.70711,1185.26
quat7,0.00000,0.70711,0.00000,0.70711,1185.26
quat8,0.00000,0.70711,0.00000,0.70711,1185.26
quat0,0.69196,-0.22969,0.65878,0.18558,1185.28
quat1,-0.44399,0.63083,0.26475,0.57864,1185.28
quat2,-0.63401,0.05319,-0.03587,0.77066,1185.28
quat3,-0.39695,0.63575,0.42573,0.50695,1185.28
quat4,-0.22939,0.65147,0.71046,-0.13495,1185.28
quat5,0.00000,0.70711,0.00000,0.70711,1185.28
quat6,0.00000,0.70711,0.00000,0.70711,1185.28
quat7,0.00000,0.70711,0.00000,0.70711,1185.28
quat8,0.00000,0.70711,0.00000,0.70711,1185.28
quat0,0.69184,-0.22950,0.65903,0.18538,1185.3
quat1,-0.45249,0.64349,0.25976,0.56009,1185.3
quat2,-0.63934,0.09222,-0.03922,0.76236,1185.3
quat3,-0.39175,0.62399,0.42122,0.52891,1185.3
quat4,-0.21657,0.66215,0.70825,-0.11418,1185.3
quat5,0.00000,0.70711,0.00000,0.70711,1185.3
quat6,0.00000,0.70711,0.00000,0.70711,1185.3
quat7,0.00000,0.70711,0.00000,0.70711,1185.3
quat8,0.00000,0.70711,0.00000,0.70711,1185.3
quat0,0.69072,-0.22953,0.66013,0.18561,1185.32
quat1,-0.46195,0.65385,0.25378,0.54284,1185.32
quat2,-0.64680,0.12695,-0.03941,0.75099,1185.32
quat3,-0.38541,0.61508,0.41473,0.54875,1185.32
quat4,-0.20842,0.67331,0.70349,-0.09123,1185.32
quat5,0.00000,0.70711,0.00000,0.70711,1185.32
quat6,0.00000,0.70711,0.00000,0.70711,1185.32
quat7,0.00000,0.70711,0.00000,0.70711,1185.32
quat8,0.00000,0.70711,0.00000,0.70711,1185.32
quat0,0.68930,-0.22910,0.66165,0.18598,1185.34
quat1,-0.47247,0.66159,0.24752,0.52708,1185.34
quat2,-0.65486,0.14945,-0.04312,0.73957,1185.34
quat3,-0.38104,0.60872,0.40580,0.56532,1185.34
quat4,-0.20210,0.68387,0.69761,-0.06940,1185.34
quat5,0.00000,0.70711,0.00000,0.70711,1185.34
quat6,0.00000,0.70711,0.00000,0.70711,1185.34
quat7,0.00000,0.70711,0.00000,0.70711,1185.34
quat8,0.00000,0.70711,0.00000,0.70711,1185.34
quat0,0.68827,-0.22780,0.66313,0.18614,1185.36
quat1,-0.48551,0.66439,0.23855,0.51571,1185.36
quat2,-0.66246,0.15812,-0.05413,0.73021,1185.36
quat3,-0.37789,0.60244,0.39719,0.58009,1185.36
quat4,-0.19154,0.69395,0.69192,-0.05467,1185.36
quat5,0.00000,0.70711,0.00000,0.70711,1185.36
quat6,0.00000,0.70711,0.00000,0.70711,1185.36
quat7,0.00000,0.70711,0.00000,0.70711,1185.36
quat8,0.00000,0.70711,0.00000,0.70711,1185.36
quat0,0.68814,-0.22561,0.66415,0.18568,1185.38
quat1,-0.50036,0.66248,0.22804,0.50868,1185.38
quat2,-0.67013,0.15903,-0.06780,0.72183,1185.38
quat3,-0.37289,0.60019,0.39211,0.58904,1185.38
quat4,-0.17949,0.70418,0.68538,-0.04648,1185.38
quat5,0.00000,0.70711,0.00000,0.70711,1185.38
quat6,0.00000,0.70711,0.00000,0.70711,1185.38
quat7,0.00000,0.70711,0.00000,0.70711,1185.38
quat8,0.00000,0.70711,0.00000,0.70711,1185.38
quat0,0.68827,-0.22441,0.66449,0.18543,1185.4
quat1,-0.51565,0.65589,0.21937,0.50575,1185.4
quat2,-0.67821,0.15703,-0.07922,0.71351,1185.4
quat3,-0.36646,0.60278,0.38877,0.59264,1185.4
quat4,-0.17019,0.71375,0.67805,-0.04291,1185.4
quat5,0.00000,0.70711,0.00000,0.70711,1185.4
quat6,0.00000,0.70711,0.00000,0.70711,1185.4
quat7,0.00000,0.70711,0.00000,0.70711,1185.4
quat8,0.00000,0.70711,0.00000,0.70711,1185.4
quat0,0.68858,-0.22504,0.66369,0.18639,1185.42
quat1,-0.52886,0.64607,0.21584,0.50628,1185.42
quat2,-0.68737,0.15452,-0.08515,0.70455,1185.42
quat3,-0.36018,0.60763,0.38463,0.59424,1185.42
quat4,-0.16592,0.72183,0.67047,-0.04369,1185.42
quat5,0.00000,0.70711,0.00000,0.70711,1185.42
quat6,0.00000,0.70711,0.00000,0.70711,1185.42
quat7,0.00000,0.70711,0.00000,0.70711,1185.42
quat8,0.00000,0.70711,0.00000,0.70711,1185.42
quat0,0.68912,-0.22583,0.66294,0.18607,1185.44
quat1,-0.53962,0.63515,0.21589,0.50871,1185.44
quat2,-0.69798,0.15118,-0.08517,0.69478,1185.44
quat3,-0.35488,0.61277,0.37910,0.59570,1185.44
quat4,-0.16862,0.72839,0.66241,-0.04725,1185.44
quat5,0.00000,0.70711,0.00000,0.70711,1185.44
quat6,0.00000,0.70711,0.00000,0.70711,1185.44
quat7,0.00000,0.70711,0.00000,0.70711,1185.44
quat8,0.00000,0.70711,0.00000,0.70711,1185.44
quat0,0.68940,-0.22661,0.66247,0.18578,1185.46
quat1,-0.54721,0.62490,0.21948,0.51176,1185.46
quat2,-0.70932,0.14529,-0.07958,0.68515,1185.46
quat3,-0.35144,0.61810,0.37221,0.59657,1185.46
quat4,-0.17716,0.73379,0.65365,-0.05389,1185.46
quat5,0.00000,0.70711,0.00000,0.70711,1185.46
quat6,0.00000,0.70711,0.00000,0.70711,1185.46
quat7,0.00000,0.70711,0.00000,0.70711,1185.46
quat8,0.00000,0.70711,0.00000,0.70711,1185.46
quat0,0.68946,-0.22802,0.66165,0.18675,1185.48
quat1,-0.55149,0.61656,0.22672,0.51411,1185.48
quat2,-0.72095,0.13763,-0.06810,0.67576,1185.48
quat3,-0.35014,0.62392,0.36519,0.59562,1185.48
quat4,-0.18949,0.73793,0.64456,-0.06402,1185.48
quat5,0.00000,0.70711,0.00000,0.70711,1185.48
quat6,0.00000,0.70711,0.00000,0.70711,1185.48
quat7,0.00000,0.70711,0.00000,0.70711,1185.48
quat8,0.00000,0.70711,0.00000,0.70711,1185.48
quat0,0.68943,-0.22906,0.66126,0.18698,1185.5
quat1,-0.55337,0.60950,0.23657,0.51607,1185.5
quat2,-0.73207,0.12770,-0.05125,0.66719,1185.5
quat3,-0.34993,0.63099,0.35922,0.59191,1185.5
quat4,-0.20327,0.74076,0.63551,-0.07806,1185.5
quat5,0.00000,0.70711,0.00000,0.70711,1185.5
quat6,0.00000,0.70711,0.00000,0.70711,1185.5
quat7,0.00000,0.70711,0.00000,0.70711,1185.5
quat8,0.00000,0.70711,0.00000,0.70711,1185.5
quat0,0.68971,-0.22908,0.66104,0.18667,1185.52
quat1,-0.55349,0.60256,0.24810,0.51867,1185.52
quat2,-0.74220,0.11535,-0.02978,0.65951,1185.52
quat3,-0.35003,0.63974,0.35430,0.58539,1185.52
quat4,-0.21893,0.74257,0.62592,-0.09420,1185.52
quat5,0.00000,0.70711,0.00000,0.70711,1185.52
quat6,0.00000,0.70711,0.00000,0.70711,1185.52
quat7,0.00000,0.70711,0.00000,0.70711,1185.52
quat8,0.00000,0.70711,0.00000,0.70711,1185.52
quat0,0.68985,-0.23008,0.66034,0.18741,1185.54
quat1,-0.55243,0.59437,0.25918,0.52380,1185.54
quat2,-0.75062,0.09996,-0.00537,0.65310,1185.54
quat3,-0.35107,0.64966,0.34984,0.57645,1185.54
quat4,-0.23587,0.74310,0.61610,-0.11217,1185.54
quat5,0.00000,0.70711,0.00000,0.70711,1185.54
quat6,0.00000,0.70711,0.00000,0.70711,1185.54
quat7,0.00000,0.70711,0.00000,0.70711,1185.54
quat8,0.00000,0.70711,0.00000,0.70711,1185.54
quat0,0.69025,-0.23053,0.65983,0.18714,1185.56
quat1,-0.55168,0.58385,0.26787,0.53199,1185.56
quat2,-0.75684,0.08280,0.02136,0.64798,1185.56
quat3,-0.35109,0.66063,0.34585,0.56630,1185.56
quat4,-0.25356,0.74233,0.60612,-0.13146,1185.56
quat5,0.00000,0.70711,0.00000,0.70711,1185.56
quat6,0.00000,0.70711,0.00000,0.70711,1185.56
quat7,0.00000,0.70711,0.00000,0.70711,1185.56
quat8,0.00000,0.70711,0.00000,0.70711,1185.56
quat0,0.69082,-0.23074,0.65925,0.18686,1185.58
quat1,-0.55079,0.57144,0.27428,0.54301,1185.58
quat2,-0.76031,0.05971,0.04408,0.64531,1185.58
quat3,-0.35191,0.67308,0.34038,0.55431,1185.58
quat4,-0.27055,0.74050,0.59597,-0.15259,1185.58
quat5,0.00000,0.70711,0.00000,0.70711,1185.58
quat6,0.00000,0.70711,0.00000,0.70711,1185.58
quat7,0.00000,0.70711,0.00000,0.70711,1185.58
quat8,0.00000,0.70711,0.00000,0.70711,1185.58
quat0,0.69041,-0.23101,0.65960,0.18678,1185.6
quat1,-0.54899,0.55901,0.28057,0.55443,1185.6
quat2,-0.76183,0.02999,0.06022,0.64427,1185.6
quat3,-0.35409,0.68534,0.33439,0.54139,1185.6
quat4,-0.28850,0.73725,0.58567,-0.17385,1185.6
quat5,0.00000,0.70711,0.00000,0.70711,1185.6
quat6,0.00000,0.70711,0.00000,0.70711,1185.6
quat7,0.00000,0.70711,0.00000,0.70711,1185.6
quat8,0.00000,0.70711,0.00000,0.70711,1185.6
quat0,0.68977,-0.23139,0.66015,0.18674,1185.62
quat1,-0.54663,0.54754,0.28696,0.56484,1185.62
quat2,-0.76172,-0.00321,0.07421,0.64363,1185.62
quat3,-0.35721,0.69553,0.32977,0.52905,1185.62
quat4,-0.30683,0.73214,0.57560,-0.19623,1185.62
quat5,0.00000,0.70711,0.00000,0.70711,1185.62
quat6,0.00000,0.70711,0.00000,0.70711,1185.62
quat7,0.00000,0.70711,0.00000,0.70711,1185.62
quat8,0.00000,0.70711,0.00000,0.70711,1185.62
quat0,0.68902,-0.23113,0.66131,0.18573,1185.64
quat1,-0.54388,0.53704,0.29342,0.57418,1185.64
quat2,-0.76003,-0.03425,0.09108,0.64256,1185.64
quat3,-0.36187,0.70405,0.32620,0.51667,1185.64
quat4,-0.32501,0.72585,0.56574,-0.21783,1185.64
quat5,0.00000,0.70711,0.00000,0.70711,1185.64
quat6,0.00000,0.70711,0.00000,0.70711,1185.64
quat7,0.00000,0.70711,0.00000,0.70711,1185.64
quat8,0.00000,0.70711,0.00000,0.70711,1185.64
quat0,0.68796,-0.23111,0.66260,0.18508,1185.66
quat1,-0.54162,0.52668,0.30002,0.58245,1185.66
quat2,-0.75704,-0.06555,0.10707,0.64120,1185.66
quat3,-0.36601,0.71280,0.32451,0.50264,1185.66
quat4,-0.34254,0.71764,0.55680,-0.24006,1185.66
quat5,0.00000,0.70711,0.00000,0.70711,1185.66
quat6,0.00000,0.70711,0.00000,0.70711,1185.66
quat7,0.00000,0.70711,0.00000,0.70711,1185.66
quat8,0.00000,0.70711,0.00000,0.70711,1185.66
quat0,0.68744,-0.23147,0.66353,0.18325,1185.68
quat1,-0.53950,0.51577,0.30593,0.59105,1185.68
quat2,-0.75367,-0.09516,0.12016,0.63913,1185.68
quat3,-0.36908,0.72114,0.32349,0.48897,1185.68
quat4,-0.35896,0.70820,0.54890,-0.26136,1185.68
quat5,0.00000,0.70711,0.00000,0.70711,1185.68
quat6,0.00000,0.70711,0.00000,0.70711,1185.68
quat7,0.00000,0.70711,0.00000,0.70711,1185.68
quat8,0.00000,0.70711,0.00000,0.70711,1185.68
quat0,0.68736,-0.23162,0.66409,0.18131,1185.7
quat1,-0.53533,0.50482,0.31190,0.60108,1185.7
quat2,-0.74970,-0.12142,0.13026,0.63737,1185.7
quat3,-0.37135,0.72927,0.32377,0.47480,1185.7
quat4,-0.37214,0.69914,0.54225,-0.28051,1185.7
quat5,0.00000,0.70711,0.00000,0.70711,1185.7
quat6,0.00000,0.70711,0.00000,0.70711,1185.7
quat7,0.00000,0.70711,0.00000,0.70711,1185.7
quat8,0.00000,0.70711,0.00000,0.70711,1185.7
quat0,0.68755,-0.23200,0.66425,0.17947,1185.72
quat1,-0.53018,0.49392,0.31674,0.61208,1185.72
quat2,-0.74588,-0.14124,0.13869,0.63599,1185.72
quat3,-0.37173,0.73776,0.32601,0.45962,1185.72
quat4,-0.38271,0.69094,0.53755,-0.29524,1185.72
quat5,0.00000,0.70711,0.00000,0.70711,1185.72
quat6,0.00000,0.70711,0.00000,0.70711,1185.72
quat7,0.00000,0.70711,0.00000,0.70711,1185.72
quat8,0.00000,0.70711,0.00000,0.70711,1185.72
quat0,0.68727,-0.23208,0.66498,0.17778,1185.74
quat1,-0.52546,0.48479,0.32000,0.62167,1185.74
quat2,-0.74271,-0.15598,0.14378,0.63512,1185.74
quat3,-0.37093,0.74515,0.32998,0.44527,1185.74
quat4,-0.39019,0.68407,0.53524,-0.30548,1185.74
quat5,0.00000,0.70711,0.00000,0.70711,1185.74
quat6,0.00000,0.70711,0.00000,0.70711,1185.74
quat7,0.00000,0.70711,0.00000,0.70711,1185.74
quat8,0.00000,0.70711,0.00000,0.70711,1185.74
quat0,0.68694,-0.23191,0.66578,0.17626,1185.76
quat1,-0.52042,0.48023,0.32373,0.62749,1185.76
quat2,-0.74094,-0.16516,0.14497,0.63459,1185.76
quat3,-0.37005,0.75053,0.33367,0.43409,1185.76
quat4,-0.39451,0.67926,0.53532,-0.31049,1185.76
quat5,0.00000,0.70711,0.00000,0.70711,1185.76
quat6,0.00000,0.70711,0.00000,0.70711,1185.76
quat7,0.00000,0.70711,0.00000,0.70711,1185.76
quat8,0.00000,0.70711,0.00000,0.70711,1185.76
quat0,0.68662,-0.23159,0.66668,0.17453,1185.78
quat1,-0.51635,0.47860,0.32643,0.63069,1185.78
quat2,-0.74017,-0.16864,0.14344,0.63493,1185.78
quat3,-0.37042,0.75238,0.33705,0.42791,1185.78
quat4,-0.39592,0.67703,0.53735,-0.31005,1185.78
quat5,0.00000,0.70711,0.00000,0.70711,1185.78
quat6,0.00000,0.70711,0.00000,0.70711,1185.78
quat7,0.00000,0.70711,0.00000,0.70711,1185.78
quat8,0.00000,0.70711,0.00000,0.70711,1185.78
quat0,0.68632,-0.23164,0.66709,0.17406,1185.8
quat1,-0.51465,0.47968,0.32652,0.63121,1185.8
quat2,-0.74026,-0.16753,0.13925,0.63606,1185.8
quat3,-0.37048,0.75199,0.33950,0.42662,1185.8
quat4,-0.39459,0.67621,0.54209,-0.30525,1185.8
quat5,0.00000,0.70711,0.00000,0.70711,1185.8
quat6,0.00000,0.70711,0.00000,0.70711,1185.8
quat7,0.00000,0.70711,0.00000,0.70711,1185.8
quat8,0.00000,0.70711,0.00000,0.70711,1185.8
quat0,0.68595,-0.23206,0.66734,0.17400,1185.82
quat1,-0.51489,0.48346,0.32500,0.62891,1185.82
quat2,-0.74126,-0.15992,0.13298,0.63818,1185.82
quat3,-0.37039,0.74912,0.34134,0.43024,1185.82
quat4,-0.38982,0.67671,0.54913,-0.29760,1185.82
quat5,0.00000,0.70711,0.00000,0.70711,1185.82
quat6,0.00000,0.70711,0.00000,0.70711,1185.82
quat7,0.00000,0.70711,0.00000,0.70711,1185.82
quat8,0.00000,0.70711,0.00000,0.70711,1185.82
quat0,0.68603,-0.23252,0.66707,0.17412,1185.84
quat1,-0.51670,0.48920,0.32160,0.62472,1185.84
quat2,-0.74282,-0.14620,0.12535,0.64120,1185.84
quat3,-0.37026,0.74396,0.34342,0.43761,1185.84
quat4,-0.38175,0.67934,0.55715,-0.28696,1185.84
quat5,0.00000,0.70711,0.00000,0.70711,1185.84
quat6,0.00000,0.70711,0.00000,0.70711,1185.84
quat7,0.00000,0.70711,0.00000,0.70711,1185.84
quat8,0.00000,0.70711,0.00000,0.70711,1185.84
quat0,0.68635,-0.23347,0.66612,0.17523,1185.86
quat1,-0.51889,0.49794,0.31771,0.61796,1185.86
quat2,-0.74528,-0.12795,0.11433,0.64429,1185.86
quat3,-0.37001,0.73640,0.34661,0.44796,1185.86
quat4,-0.37259,0.68453,0.56409,-0.27277,1185.86
quat5,0.00000,0.70711,0.00000,0.70711,1185.86
quat6,0.00000,0.70711,0.00000,0.70711,1185.86
quat7,0.00000,0.70711,0.00000,0.70711,1185.86
quat8,0.00000,0.70711,0.00000,0.70711,1185.86
quat0,0.68646,-0.23442,0.66541,0.17620,1185.88
quat1,-0.52092,0.50936,0.31400,0.60877,1185.88
quat2,-0.74843,-0.10707,0.09824,0.64710,1185.88
quat3,-0.36939,0.72741,0.35068,0.45983,1185.88
quat4,-0.35999,0.68967,0.57325,-0.25718,1185.88
quat5,0.00000,0.70711,0.00000,0.70711,1185.88
quat6,0.00000,0.70711,0.00000,0.70711,1185.88
quat7,0.00000,0.70711,0.00000,0.70711,1185.88
quat8,0.00000,0.70711,0.00000,0.70711,1185.88
quat0,0.68675,-0.23501,0.66471,0.17692,1185.9
quat1,-0.52331,0.52165,0.31027,0.59814,1185.9
quat2,-0.75186,-0.08274,0.07945,0.64926,1185.9
quat3,-0.36823,0.71669,0.35590,0.47339,1185.9
quat4,-0.34365,0.69431,0.58437,-0.24154,1185.9
quat5,0.00000,0.70711,0.00000,0.70711,1185.9
quat6,0.00000,0.70711,0.00000,0.70711,1185.9
quat7,0.00000,0.70711,0.00000,0.70711,1185.9
quat8,0.00000,0.70711,0.00000,0.70711,1185.9
quat0,0.68688,-0.23599,0.66413,0.17731,1185.92
quat1,-0.52635,0.53340,0.30565,0.58737,1185.92
quat2,-0.75452,-0.05691,0.05897,0.65114,1185.92
quat3,-0.36729,0.70303,0.36154,0.49004,1185.92
quat4,-0.32128,0.69826,0.59739,-0.22877,1185.92
quat5,0.00000,0.70711,0.00000,0.70711,1185.92
quat6,0.00000,0.70711,0.00000,0.70711,1185.92
quat7,0.00000,0.70711,0.00000,0.70711,1185.92
quat8,0.00000,0.70711,0.00000,0.70711,1185.92
quat0,0.68714,-0.23690,0.66343,0.17774,1185.94
quat1,-0.52848,0.54674,0.30132,0.57531,1185.94
quat2,-0.75568,-0.03003,0.03781,0.65316,1185.94
quat3,-0.36640,0.68641,0.36815,0.50898,1185.94
quat4,-0.29561,0.70198,0.61086,-0.21606,1185.94
quat5,0.00000,0.70711,0.00000,0.70711,1185.94
quat6,0.00000,0.70711,0.00000,0.70711,1185.94
quat7,0.00000,0.70711,0.00000,0.70711,1185.94
quat8,0.00000,0.70711,0.00000,0.70711,1185.94
quat0,0.68753,-0.23701,0.66285,0.17821,1185.96
quat1,-0.52895,0.56442,0.29603,0.56037,1185.96
quat2,-0.75452,-0.00452,0.01643,0.65606,1185.96
quat3,-0.36432,0.66917,0.37649,0.52701,1185.96
quat4,-0.26959,0.70531,0.62369,-0.20217,1185.96
quat5,0.00000,0.70711,0.00000,0.70711,1185.96
quat6,0.00000,0.70711,0.00000,0.70711,1185.96
quat7,0.00000,0.70711,0.00000,0.70711,1185.96
quat8,0.00000,0.70711,0.00000,0.70711,1185.96
quat0,0.68797,-0.23663,0.66253,0.17821,1185.98
quat1,-0.52792,0.58485,0.28905,0.54379,1185.98
quat2,-0.75145,0.02130,-0.00243,0.65944,1185.98
quat3,-0.36179,0.65240,0.38551,0.54302,1185.98
quat4,-0.24696,0.70738,0.63597,-0.18487,1185.98
quat5,0.00000,0.70711,0.00000,0.70711,1185.98
quat6,0.00000,0.70711,0.00000,0.70711,1185.98
quat7,0.00000,0.70711,0.00000,0.70711,1185.98
quat8,0.00000,0.70711,0.00000,0.70711,1185.98
quat0,0.68803,-0.23567,0.66293,0.17778,1186
quat1,-0.52680,0.60205,0.27976,0.53080,1186
quat2,-0.74693,0.04672,-0.01861,0.66300,1186
quat3,-0.35886,0.63697,0.39487,0.55639,1186
quat4,-0.22852,0.70807,0.64762,-0.16434,1186
quat5,0.00000,0.70711,0.00000,0.70711,1186
quat6,0.00000,0.70711,0.00000,0.70711,1186
quat7,0.00000,0.70711,0.00000,0.70711,1186
quat8,0.00000,0.70711,0.00000,0.70711,1186
quat0,0.68785,-0.23510,0.66350,0.17711,1186.02
quat1,-0.52448,0.61665,0.27170,0.52042,1186.02
quat2,-0.74139,0.07215,-0.03104,0.66646,1186.02
quat3,-0.35513,0.62330,0.40459,0.56717,1186.02
quat4,-0.21472,0.70720,0.65867,-0.14116,1186.02
quat5,0.00000,0.70711,0.00000,0.70711,1186.02
quat6,0.00000,0.70711,0.00000,0.70711,1186.02
quat7,0.00000,0.70711,0.00000,0.70711,1186.02
quat8,0.00000,0.70711,0.00000,0.70711,1186.02
quat0,0.68749,-0.23480,0.66397,0.17713,1186.04
quat1,-0.51995,0.63329,0.26664,0.50744,1186.04
quat2,-0.73433,0.09418,-0.04268,0.67087,1186.04
quat3,-0.35095,0.61104,0.41492,0.57560,1186.04
quat4,-0.20227,0.70484,0.66932,-0.11959,1186.04
quat5,0.00000,0.70711,0.00000,0.70711,1186.04
quat6,0.00000,0.70711,0.00000,0.70711,1186.04
quat7,0.00000,0.70711,0.00000,0.70711,1186.04
quat8,0.00000,0.70711,0.00000,0.70711,1186.04
quat0,0.68727,-0.23463,0.66441,0.17655,1186.06
quat1,-0.51467,0.65055,0.26248,0.49296,1186.06
quat2,-0.72561,0.11119,-0.05496,0.67683,1186.06
quat3,-0.34779,0.59994,0.42467,0.58204,1186.06
quat4,-0.18917,0.70106,0.67986,-0.10257,1186.06
quat5,0.00000,0.70711,0.00000,0.70711,1186.06
quat6,0.00000,0.70711,0.00000,0.70711,1186.06
quat7,0.00000,0.70711,0.00000,0.70711,1186.06
quat8,0.00000,0.70711,0.00000,0.70711,1186.06
quat0,0.68676,-0.23422,0.66551,0.17494,1186.08
quat1,-0.50993,0.66511,0.25609,0.48168,1186.08
quat2,-0.71474,0.12270,-0.07072,0.68490,1186.08
quat3,-0.34583,0.58981,0.43438,0.58638,1186.08
quat4,-0.17585,0.69673,0.68936,-0.09184,1186.08
quat5,0.00000,0.70711,0.00000,0.70711,1186.08
quat6,0.00000,0.70711,0.00000,0.70711,1186.08
quat7,0.00000,0.70711,0.00000,0.70711,1186.08
quat8,0.00000,0.70711,0.00000,0.70711,1186.08
quat0,0.68594,-0.23434,0.66664,0.17370,1186.1
quat1,-0.50644,0.67484,0.24773,0.47617,1186.1
quat2,-0.70276,0.13154,-0.08566,0.69390,1186.1
quat3,-0.34455,0.58130,0.44426,0.58822,1186.1
quat4,-0.16410,0.69208,0.69783,-0.08448,1186.1
quat5,0.00000,0.70711,0.00000,0.70711,1186.1
quat6,0.00000,0.70711,0.00000,0.70711,1186.1
quat7,0.00000,0.70711,0.00000,0.70711,1186.1
quat8,0.00000,0.70711,0.00000,0.70711,1186.1
quat0,0.68468,-0.23469,0.66785,0.17352,1186.12
quat1,-0.50318,0.68016,0.23861,0.47672,1186.12
quat2,-0.69073,0.13991,-0.09554,0.70299,1186.12
quat3,-0.34340,0.57522,0.45432,0.58719,1186.12
quat4,-0.15323,0.68668,0.70612,-0.07996,1186.12
quat5,0.00000,0.70711,0.00000,0.70711,1186.12
quat6,0.00000,0.70711,0.00000,0.70711,1186.12
quat7,0.00000,0.70711,0.00000,0.70711,1186.12
quat8,0.00000,0.70711,0.00000,0.70711,1186.12
quat0,0.68355,-0.23549,0.66877,0.17335,1186.14
quat1,-0.49861,0.68265,0.23043,0.48195,1186.14
quat2,-0.67923,0.14801,-0.10026,0.71182,1186.14
quat3,-0.34250,0.57250,0.46365,0.58307,1186.14
quat4,-0.14437,0.68017,0.71446,-0.07787,1186.14
quat5,0.00000,0.70711,0.00000,0.70711,1186.14
quat6,0.00000,0.70711,0.00000,0.70711,1186.14
quat7,0.00000,0.70711,0.00000,0.70711,1186.14
quat8,0.00000,0.70711,0.00000,0.70711,1186.14
quat0,0.68298,-0.23583,0.66938,0.17279,1186.16
quat1,-0.49207,0.68328,0.22492,0.49032,1186.16
quat2,-0.66813,0.15335,-0.10204,0.72088,1186.16
quat3,-0.34268,0.57300,0.47174,0.57594,1186.16
quat4,-0.13983,0.67300,0.72221,-0.07707,1186.16
quat5,0.00000,0.70711,0.00000,0.70711,1186.16
quat6,0.00000,0.70711,0.00000,0.70711,1186.16
quat7,0.00000,0.70711,0.00000,0.70711,1186.16
quat8,0.00000,0.70711,0.00000,0.70711,1186.16
quat0,0.68231,-0.23671,0.66963,0.17327,1186.18
quat1,-0.48297,0.68370,0.22352,0.49933,1186.18
quat2,-0.65781,0.15382,-0.10062,0.73041,1186.18
quat3,-0.34559,0.57688,0.47763,0.56537,1186.18
quat4,-0.14046,0.66527,0.72928,-0.07634,1186.18
quat5,0.00000,0.70711,0.00000,0.70711,1186.18
quat6,0.00000,0.70711,0.00000,0.70711,1186.18
quat7,0.00000,0.70711,0.00000,0.70711,1186.18
quat8,0.00000,0.70711,0.00000,0.70711,1186.18
quat0,0.68139,-0.23773,0.67009,0.17370,1186.2
quat1,-0.47103,0.68546,0.22701,0.50670,1186.2
quat2,-0.64913,0.14958,-0.09521,0.73972,1186.2
quat3,-0.35102,0.58175,0.48075,0.55429,1186.2
quat4,-0.14728,0.65696,0.73542,-0.07657,1186.2
quat5,0.00000,0.70711,0.00000,0.70711,1186.2
quat6,0.00000,0.70711,0.00000,0.70711,1186.2
quat7,0.00000,0.70711,0.00000,0.70711,1186.2
quat8,0.00000,0.70711,0.00000,0.70711,1186.2
quat0,0.68020,-0.23866,0.67091,0.17390,1186.22
quat1,-0.45765,0.68770,0.23332,0.51302,1186.22
quat2,-0.64217,0.14007,-0.08639,0.74869,1186.22
quat3,-0.35886,0.58611,0.48120,0.54419,1186.22
quat4,-0.15950,0.64898,0.73971,-0.07878,1186.22
quat5,0.00000,0.70711,0.00000,0.70711,1186.22
quat6,0.00000,0.70711,0.00000,0.70711,1186.22
quat7,0.00000,0.70711,0.00000,0.70711,1186.22
quat8,0.00000,0.70711,0.00000,0.70711,1186.22
quat0,0.67886,-0.23961,0.67199,0.17367,1186.24
quat1,-0.44416,0.68809,0.24157,0.52048,1186.24
quat2,-0.63678,0.12626,-0.07376,0.75705,1186.24
quat3,-0.36850,0.59031,0.47851,0.53551,1186.24
quat4,-0.17554,0.64141,0.74224,-0.08280,1186.24
quat5,0.00000,0.70711,0.00000,0.70711,1186.24
quat6,0.00000,0.70711,0.00000,0.70711,1186.24
quat7,0.00000,0.70711,0.00000,0.70711,1186.24
quat8,0.00000,0.70711,0.00000,0.70711,1186.24
quat0,0.67764,-0.24074,0.67281,0.17370,1186.26
quat1,-0.43249,0.68462,0.24945,0.53105,1186.26
quat2,-0.63272,0.10812,-0.05859,0.76456,1186.26
quat3,-0.37960,0.59509,0.47253,0.52773,1186.26
quat4,-0.19280,0.63474,0.74262,-0.09188,1186.26
quat5,0.00000,0.70711,0.00000,0.70711,1186.26
quat6,0.00000,0.70711,0.00000,0.70711,1186.26
quat7,0.00000,0.70711,0.00000,0.70711,1186.26
quat8,0.00000,0.70711,0.00000,0.70711,1186.26
quat0,0.67647,-0.24207,0.67359,0.17336,1186.28
quat1,-0.42308,0.67683,0.25620,0.54523,1186.28
quat2,-0.63028,0.08983,-0.03833,0.77020,1186.28
quat3,-0.38983,0.60143,0.46518,0.51954,1186.28
quat4,-0.21179,0.62820,0.74131,-0.10467,1186.28
quat5,0.00000,0.70711,0.00000,0.70711,1186.28
quat6,0.00000,0.70711,0.00000,0.70711,1186.28
quat7,0.00000,0.70711,0.00000,0.70711,1186.28
quat8,0.00000,0.70711,0.00000,0.70711,1186.28
quat0,0.67578,-0.24325,0.67395,0.17303,1186.3
quat1,-0.41521,0.66557,0.26204,0.56210,1186.3
quat2,-0.62885,0.07087,-0.01480,0.77415,1186.3
quat3,-0.39703,0.60946,0.45893,0.51020,1186.3
quat4,-0.23283,0.62190,0.73794,-0.12033,1186.3
quat5,0.00000,0.70711,0.00000,0.70711,1186.3
quat6,0.00000,0.70711,0.00000,0.70711,1186.3
quat7,0.00000,0.70711,0.00000,0.70711,1186.3
quat8,0.00000,0.70711,0.00000,0.70711,1186.3
quat0,0.67517,-0.24457,0.67416,0.17273,1186.32
quat1,-0.40859,0.65178,0.26810,0.57997,1186.32
quat2,-0.62761,0.04970,0.00934,0.77688,1186.32
quat3,-0.40127,0.61943,0.45443,0.49877,1186.32
quat4,-0.25500,0.61655,0.73215,-0.13709,1186.32
quat5,0.00000,0.70711,0.00000,0.70711,1186.32
quat6,0.00000,0.70711,0.00000,0.70711,1186.32
quat7,0.00000,0.70711,0.00000,0.70711,1186.32
quat8,0.00000,0.70711,0.00000,0.70711,1186.32
quat0,0.67535,-0.24424,0.67444,0.17143,1186.34
quat1,-0.40389,0.63532,0.27399,0.59847,1186.34
quat2,-0.62646,0.02408,0.03135,0.77845,1186.34
quat3,-0.40311,0.63134,0.45088,0.48541,1186.34
quat4,-0.27702,0.61165,0.72446,-0.15588,1186.34
quat5,0.00000,0.70711,0.00000,0.70711,1186.34
quat6,0.00000,0.70711,0.00000,0.70711,1186.34
quat7,0.00000,0.70711,0.00000,0.70711,1186.34
quat8,0.00000,0.70711,0.00000,0.70711,1186.34
quat0,0.67592,-0.24398,0.67424,0.17034,1186.36
quat1,-0.40076,0.61750,0.27966,0.61634,1186.36
quat2,-0.62590,-0.00213,0.05492,0.77797,1186.36
quat3,-0.40381,0.64413,0.44716,0.47125,1186.36
quat4,-0.29997,0.60713,0.71476,-0.17471,1186.36
quat5,0.00000,0.70711,0.00000,0.70711,1186.36
quat6,0.00000,0.70711,0.00000,0.70711,1186.36
quat7,0.00000,0.70711,0.00000,0.70711,1186.36
quat8,0.00000,0.70711,0.00000,0.70711,1186.36
quat0,0.67619,-0.24320,0.67443,0.16958,1186.38
quat1,-0.39834,0.60099,0.28588,0.63120,1186.38
quat2,-0.62500,-0.02526,0.08221,0.77587,1186.38
quat3,-0.40542,0.65676,0.44169,0.45739,1186.38
quat4,-0.32199,0.60331,0.70329,-0.19421,1186.38
quat5,0.00000,0.70711,0.00000,0.70711,1186.38
quat6,0.00000,0.70711,0.00000,0.70711,1186.38
quat7,0.00000,0.70711,0.00000,0.70711,1186.38
quat8,0.00000,0.70711,0.00000,0.70711,1186.38
quat0,0.67700,-0.24169,0.67443,0.16850,1186.4
quat1,-0.39396,0.58193,0.29623,0.64684,1186.4
quat2,-0.62235,-0.04191,0.11517,0.77309,1186.4
quat3,-0.40924,0.66836,0.43382,0.44455,1186.4
quat4,-0.34265,0.60055,0.69059,-0.21219,1186.4
quat5,0.00000,0.70711,0.00000,0.70711,1186.4
quat6,0.00000,0.70711,0.00000,0.70711,1186.4
quat7,0.00000,0.70711,0.00000,0.70711,1186.4
quat8,0.00000,0.70711,0.00000,0.70711,1186.4
quat0,0.67800,-0.24030,0.67424,0.16725,1186.42
quat1,-0.39058,0.55971,0.30279,0.66520,1186.42
quat2,-0.61819,-0.05553,0.14746,0.77007,1186.42
quat3,-0.41283,0.68028,0.42548,0.43099,1186.42
quat4,-0.36002,0.59834,0.67790,-0.22982,1186.42
quat5,0.00000,0.70711,0.00000,0.70711,1186.42
quat6,0.00000,0.70711,0.00000,0.70711,1186.42
quat7,0.00000,0.70711,0.00000,0.70711,1186.42
quat8,0.00000,0.70711,0.00000,0.70711,1186.42
quat0,0.67925,-0.23922,0.67357,0.16641,1186.44
quat1,-0.38867,0.53864,0.30658,0.68177,1186.44
quat2,-0.61395,-0.06664,0.17590,0.76661,1186.44
quat3,-0.41419,0.69156,0.41811,0.41877,1186.44
quat4,-0.37345,0.59579,0.66693,-0.24652,1186.44
quat5,0.00000,0.70711,0.00000,0.70711,1186.44
quat6,0.00000,0.70711,0.00000,0.70711,1186.44
quat7,0.00000,0.70711,0.00000,0.70711,1186.44
quat8,0.00000,0.70711,0.00000,0.70711,1186.44
quat0,0.68080,-0.23714,0.67320,0.16454,1186.46
quat1,-0.38829,0.52069,0.30909,0.69468,1186.46
quat2,-0.60999,-0.07513,0.19854,0.76344,1186.46
quat3,-0.41449,0.70171,0.41073,0.40878,1186.46
quat4,-0.38215,0.59248,0.65885,-0.26238,1186.46
quat5,0.00000,0.70711,0.00000,0.70711,1186.46
quat6,0.00000,0.70711,0.00000,0.70711,1186.46
quat7,0.00000,0.70711,0.00000,0.70711,1186.46
quat8,0.00000,0.70711,0.00000,0.70711,1186.46
quat0,0.68238,-0.23567,0.67268,0.16223,1186.48
quat1,-0.38777,0.50769,0.31202,0.70323,1186.48
quat2,-0.60650,-0.07896,0.21476,0.76144,1186.48
quat3,-0.41343,0.70930,0.40556,0.40185,1186.48
quat4,-0.38466,0.59103,0.65377,-0.27444,1186.48
quat5,0.00000,0.70711,0.00000,0.70711,1186.48
quat6,0.00000,0.70711,0.00000,0.70711,1186.48
quat7,0.00000,0.70711,0.00000,0.70711,1186.48
quat8,0.00000,0.70711,0.00000,0.70711,1186.48
quat0,0.68346,-0.23498,0.67211,0.16103,1186.5
quat1,-0.38799,0.50062,0.31374,0.70740,1186.5
quat2,-0.60385,-0.08263,0.22609,0.75988,1186.5
quat3,-0.41103,0.71441,0.40248,0.39835,1186.5
quat4,-0.39213,0.59032,0.64755,-0.28007,1186.5
quat5,0.00000,0.70711,0.00000,0.70711,1186.5
quat6,0.00000,0.70711,0.00000,0.70711,1186.5
quat7,0.00000,0.70711,0.00000,0.70711,1186.5
quat8,0.00000,0.70711,0.00000,0.70711,1186.5
quat0,0.68330,-0.23460,0.67250,0.16062,1186.52
quat1,-0.38953,0.49772,0.31301,0.70892,1186.52
quat2,-0.60349,-0.07923,0.22741,0.76013,1186.52
quat3,-0.40915,0.71719,0.40195,0.39582,1186.52
quat4,-0.39462,0.59020,0.64521,-0.28221,1186.52
quat5,0.00000,0.70711,0.00000,0.70711,1186.52
quat6,0.00000,0.70711,0.00000,0.70711,1186.52
quat7,0.00000,0.70711,0.00000,0.70711,1186.52
quat8,0.00000,0.70711,0.00000,0.70711,1186.52
quat0,0.68334,-0.23394,0.67264,0.16088,1186.54
quat1,-0.39161,0.50000,0.31085,0.70712,1186.54
quat2,-0.60417,-0.07073,0.22389,0.76148,1186.54
quat3,-0.40685,0.71651,0.40438,0.39694,1186.54
quat4,-0.38944,0.59134,0.64765,-0.28143,1186.54
quat5,0.00000,0.70711,0.00000,0.70711,1186.54
quat6,0.00000,0.70711,0.00000,0.70711,1186.54
quat7,0.00000,0.70711,0.00000,0.70711,1186.54
quat8,0.00000,0.70711,0.00000,0.70711,1186.54
quat0,0.68359,-0.23502,0.67151,0.16294,1186.56
quat1,-0.39324,0.50819,0.30758,0.70178,1186.56
quat2,-0.60559,-0.05895,0.21453,0.76404,1186.56
quat3,-0.40455,0.71327,0.40804,0.40136,1186.56
quat4,-0.37965,0.59281,0.65382,-0.27742,1186.56
quat5,0.00000,0.70711,0.00000,0.70711,1186.56
quat6,0.00000,0.70711,0.00000,0.70711,1186.56
quat7,0.00000,0.70711,0.00000,0.70711,1186.56
quat8,0.00000,0.70711,0.00000,0.70711,1186.56
quat0,0.68250,-0.23717,0.67135,0.16501,1186.58
quat1,-0.39375,0.52190,0.30350,0.69316,1186.58
quat2,-0.60812,-0.04481,0.19845,0.76734,1186.58
quat3,-0.40310,0.70722,0.41252,0.40888,1186.58
quat4,-0.36625,0.59523,0.66284,-0.26871,1186.58
quat5,0.00000,0.70711,0.00000,0.70711,1186.58
quat6,0.00000,0.70711,0.00000,0.70711,1186.58
quat7,0.00000,0.70711,0.00000,0.70711,1186.58
quat8,0.00000,0.70711,0.00000,0.70711,1186.58
quat0,0.68102,-0.23844,0.67204,0.16650,1186.6
quat1,-0.39332,0.54041,0.29885,0.68114,1186.6
quat2,-0.61092,-0.02979,0.17613,0.77127,1186.6
quat3,-0.40203,0.69856,0.41726,0.41986,1186.6
quat4,-0.35142,0.59845,0.67341,-0.25472,1186.6
quat5,0.00000,0.70711,0.00000,0.70711,1186.6
quat6,0.00000,0.70711,0.00000,0.70711,1186.6
quat7,0.00000,0.70711,0.00000,0.70711,1186.6
quat8,0.00000,0.70711,0.00000,0.70711,1186.6
quat0,0.68001,-0.23984,0.67221,0.16788,1186.62
quat1,-0.39235,0.56269,0.29407,0.66555,1186.62
quat2,-0.61283,-0.01224,0.15103,0.77555,1186.62
quat3,-0.40108,0.68789,0.42185,0.43356,1186.62
quat4,-0.33697,0.60288,0.68377,-0.23549,1186.62
quat5,0.00000,0.70711,0.00000,0.70711,1186.62
quat6,0.00000,0.70711,0.00000,0.70711,1186.62
quat7,0.00000,0.70711,0.00000,0.70711,1186.62
quat8,0.00000,0.70711,0.00000,0.70711,1186.62
quat0,0.67916,-0.24152,0.67204,0.16964,1186.64
quat1,-0.39124,0.58612,0.28955,0.64773,1186.64
quat2,-0.61387,0.00929,0.12616,0.77920,1186.64
quat3,-0.39953,0.67528,0.42640,0.45006,1186.64
quat4,-0.32313,0.60788,0.69313,-0.21364,1186.64
quat5,0.00000,0.70711,0.00000,0.70711,1186.64
quat6,0.00000,0.70711,0.00000,0.70711,1186.64
quat7,0.00000,0.70711,0.00000,0.70711,1186.64
quat8,0.00000,0.70711,0.00000,0.70711,1186.64
quat0,0.67858,-0.24293,0.67178,0.17097,1186.66
quat1,-0.39097,0.61090,0.28553,0.62643,1186.66
quat2,-0.61464,0.03800,0.10468,0.78091,1186.66
quat3,-0.39739,0.66134,0.43013,0.46872,1186.66
quat4,-0.30878,0.61449,0.70092,-0.18913,1186.66
quat5,0.00000,0.70711,0.00000,0.70711,1186.66
quat6,0.00000,0.70711,0.00000,0.70711,1186.66
quat7,0.00000,0.70711,0.00000,0.70711,1186.66
quat8,0.00000,0.70711,0.00000,0.70711,1186.66
quat0,0.67814,-0.24308,0.67210,0.17121,1186.68
quat1,-0.39189,0.63544,0.28178,0.60269,1186.68
quat2,-0.61590,0.07245,0.08703,0.77964,1186.68
quat3,-0.39358,0.64683,0.43328,0.48885,1186.68
quat4,-0.29261,0.62076,0.70841,-0.16491,1186.68
quat5,0.00000,0.70711,0.00000,0.70711,1186.68
quat6,0.00000,0.70711,0.00000,0.70711,1186.68
quat7,0.00000,0.70711,0.00000,0.70711,1186.68
quat8,0.00000,0.70711,0.00000,0.70711,1186.68
quat0,0.67776,-0.24288,0.67246,0.17160,1186.7
quat1,-0.39562,0.65705,0.27722,0.57872,1186.7
quat2,-0.61906,0.11010,0.07331,0.77413,1186.7
quat3,-0.38853,0.63206,0.43563,0.50968,1186.7
quat4,-0.27626,0.62787,0.71416,-0.13942,1186.7
quat5,0.00000,0.70711,0.00000,0.70711,1186.7
quat6,0.00000,0.70711,0.00000,0.70711,1186.7
quat7,0.00000,0.70711,0.00000,0.70711,1186.7
quat8,0.00000,0.70711,0.00000,0.70711,1186.7
quat0,0.67663,-0.24236,0.67373,0.17182,1186.72
quat1,-0.40205,0.67371,0.27147,0.55748,1186.72
quat2,-0.62461,0.14575,0.06062,0.76482,1186.72
quat3,-0.38264,0.61761,0.43701,0.53025,1186.72
quat4,-0.25944,0.63554,0.71807,-0.11468,1186.72
quat5,0.00000,0.70711,0.00000,0.70711,1186.72
quat6,0.00000,0.70711,0.00000,0.70711,1186.72
quat7,0.00000,0.70711,0.00000,0.70711,1186.72
quat8,0.00000,0.70711,0.00000,0.70711,1186.72
quat0,0.67517,-0.24161,0.67560,0.17128,1186.74
quat1,-0.41096,0.68569,0.26603,0.53867,1186.74
quat2,-0.63267,0.17498,0.04706,0.75292,1186.74
quat3,-0.37640,0.60384,0.43703,0.55020,1186.74
quat4,-0.24412,0.64390,0.71947,-0.09027,1186.74
quat5,0.00000,0.70711,0.00000,0.70711,1186.74
quat6,0.00000,0.70711,0.00000,0.70711,1186.74
quat7,0.00000,0.70711,0.00000,0.70711,1186.74
quat8,0.00000,0.70711,0.00000,0.70711,1186.74
quat0,0.67382,-0.24121,0.67695,0.17183,1186.76
quat1,-0.42188,0.69368,0.26248,0.52148,1186.76
quat2,-0.64196,0.19421,0.02878,0.74118,1186.76
quat3,-0.36861,0.59177,0.43650,0.56869,1186.76
quat4,-0.22903,0.65396,0.71790,-0.06704,1186.76
quat5,0.00000,0.70711,0.00000,0.70711,1186.76
quat6,0.00000,0.70711,0.00000,0.70711,1186.76
quat7,0.00000,0.70711,0.00000,0.70711,1186.76
quat8,0.00000,0.70711,0.00000,0.70711,1186.76
quat0,0.67254,-0.24066,0.67815,0.17288,1186.78
quat1,-0.43458,0.69772,0.26065,0.50635,1186.78
quat2,-0.65217,0.20784,0.01189,0.72893,1186.78
quat3,-0.36103,0.58202,0.43551,0.58416,1186.78
quat4,-0.21079,0.66503,0.71499,-0.04577,1186.78
quat5,0.00000,0.70711,0.00000,0.70711,1186.78
quat6,0.00000,0.70711,0.00000,0.70711,1186.78
quat7,0.00000,0.70711,0.00000,0.70711,1186.78
quat8,0.00000,0.70711,0.00000,0.70711,1186.78
quat0,0.67135,-0.23921,0.67959,0.17386,1186.8
quat1,-0.44963,0.69782,0.25791,0.49434,1186.8
quat2,-0.66332,0.21678,-0.00174,0.71624,1186.8
quat3,-0.35348,0.57582,0.43435,0.59567,1186.8
quat4,-0.18834,0.67633,0.71145,-0.03068,1186.8
quat5,0.00000,0.70711,0.00000,0.70711,1186.8
quat6,0.00000,0.70711,0.00000,0.70711,1186.8
quat7,0.00000,0.70711,0.00000,0.70711,1186.8
quat8,0.00000,0.70711,0.00000,0.70711,1186.8
quat0,0.67079,-0.23812,0.68031,0.17469,1186.82
quat1,-0.46651,0.69376,0.25419,0.48627,1186.82
quat2,-0.67539,0.22120,-0.01185,0.70340,1186.82
quat3,-0.34474,0.57418,0.43363,0.60286,1186.82
quat4,-0.16861,0.68758,0.70600,-0.01924,1186.82
quat5,0.00000,0.70711,0.00000,0.70711,1186.82
quat6,0.00000,0.70711,0.00000,0.70711,1186.82
quat7,0.00000,0.70711,0.00000,0.70711,1186.82
quat8,0.00000,0.70711,0.00000,0.70711,1186.82
quat0,0.67095,-0.23759,0.68017,0.17535,1186.84
quat1,-0.48360,0.68524,0.24989,0.48387,1186.84
quat2,-0.68790,0.22134,-0.01813,0.69099,1186.84
quat3,-0.33641,0.57720,0.43130,0.60634,1186.84
quat4,-0.15557,0.69862,0.69831,-0.00949,1186.84
quat5,0.00000,0.70711,0.00000,0.70711,1186.84
quat6,0.00000,0.70711,0.00000,0.70711,1186.84
quat7,0.00000,0.70711,0.00000,0.70711,1186.84
quat8,0.00000,0.70711,0.00000,0.70711,1186.84
quat0,0.67081,-0.23736,0.68018,0.17616,1186.86
quat1,-0.49969,0.67356,0.24601,0.48591,1186.86
quat2,-0.70072,0.21722,-0.02127,0.67923,1186.86
quat3,-0.32989,0.58261,0.42616,0.60838,1186.86
quat4,-0.14989,0.70850,0.68960,-0.00212,1186.86
quat5,0.00000,0.70711,0.00000,0.70711,1186.86
quat6,0.00000,0.70711,0.00000,0.70711,1186.86
quat7,0.00000,0.70711,0.00000,0.70711,1186.86
quat8,0.00000,0.70711,0.00000,0.70711,1186.86
quat0,0.67141,-0.23686,0.67968,0.17649,1186.88
quat1,-0.51415,0.65985,0.24368,0.49078,1186.88
quat2,-0.71325,0.20873,-0.02190,0.66875,1186.88
quat3,-0.32531,0.58899,0.41804,0.61033,1186.88
quat4,-0.15210,0.71728,0.67997,0.00175,1186.88
quat5,0.00000,0.70711,0.00000,0.70711,1186.88
quat6,0.00000,0.70711,0.00000,0.70711,1186.88
quat7,0.00000,0.70711,0.00000,0.70711,1186.88
quat8,0.00000,0.70711,0.00000,0.70711,1186.88
quat0,0.67174,-0.23789,0.67872,0.17751,1186.9
quat1,-0.52602,0.64587,0.24402,0.49661,1186.9
quat2,-0.72525,0.19579,-0.02002,0.65976,1186.9
quat3,-0.32309,0.59533,0.40710,0.61275,1186.9
quat4,-0.15878,0.72566,0.66948,-0.00056,1186.9
quat5,0.00000,0.70711,0.00000,0.70711,1186.9
quat6,0.00000,0.70711,0.00000,0.70711,1186.9
quat7,0.00000,0.70711,0.00000,0.70711,1186.9
quat8,0.00000,0.70711,0.00000,0.70711,1186.9
quat0,0.67218,-0.23881,0.67761,0.17886,1186.92
quat1,-0.53394,0.63311,0.24835,0.50240,1186.92
quat2,-0.73642,0.17941,-0.01467,0.65214,1186.92
quat3,-0.32381,0.60150,0.39423,0.61476,1186.92
quat4,-0.16774,0.73373,0.65833,-0.01006,1186.92
quat5,0.00000,0.70711,0.00000,0.70711,1186.92
quat6,0.00000,0.70711,0.00000,0.70711,1186.92
quat7,0.00000,0.70711,0.00000,0.70711,1186.92
quat8,0.00000,0.70711,0.00000,0.70711,1186.92
quat0,0.67282,-0.23933,0.67646,0.18013,1186.94
quat1,-0.53792,0.62155,0.25670,0.50834,1186.94
quat2,-0.74626,0.15922,-0.00634,0.64630,1186.94
quat3,-0.32653,0.60883,0.38196,0.61385,1186.94
quat4,-0.17856,0.74092,0.64691,-0.02573,1186.94
quat5,0.00000,0.70711,0.00000,0.70711,1186.94
quat6,0.00000,0.70711,0.00000,0.70711,1186.94
quat7,0.00000,0.70711,0.00000,0.70711,1186.94
quat8,0.00000,0.70711,0.00000,0.70711,1186.94
quat0,0.67374,-0.23941,0.67524,0.18116,1186.96
quat1,-0.53894,0.61062,0.26795,0.51467,1186.96
quat2,-0.75437,0.13562,0.00507,0.64227,1186.96
quat3,-0.32969,0.61770,0.37111,0.60994,1186.96
quat4,-0.19351,0.74649,0.63506,-0.04488,1186.96
quat5,0.00000,0.70711,0.00000,0.70711,1186.96
quat6,0.00000,0.70711,0.00000,0.70711,1186.96
quat7,0.00000,0.70711,0.00000,0.70711,1186.96
quat8,0.00000,0.70711,0.00000,0.70711,1186.96
quat0,0.67544,-0.24007,0.67281,0.18294,1186.98
quat1,-0.53756,0.60039,0.27993,0.52173,1186.98
quat2,-0.76048,0.10759,0.01910,0.64010,1186.98
quat3,-0.33314,0.62871,0.36153,0.60253,1186.98
quat4,-0.20915,0.75119,0.62226,-0.06896,1186.98
quat5,0.00000,0.70711,0.00000,0.70711,1186.98
quat6,0.00000,0.70711,0.00000,0.70711,1186.98
quat7,0.00000,0.70711,0.00000,0.70711,1186.98
quat8,0.00000,0.70711,0.00000,0.70711,1186.98
quat0,0.67743,-0.23986,0.67063,0.18389,1187
quat1,-0.53587,0.58940,0.28933,0.53079,1187
quat2,-0.76458,0.07908,0.03828,0.63851,1187
quat3,-0.33637,0.64236,0.35406,0.59066,1187
quat4,-0.22458,0.75390,0.60990,-0.09604,1187
quat5,0.00000,0.70711,0.00000,0.70711,1187
quat6,0.00000,0.70711,0.00000,0.70711,1187
quat7,0.00000,0.70711,0.00000,0.70711,1187
quat8,0.00000,0.70711,0.00000,0.70711,1187
quat0,0.67914,-0.23986,0.66874,0.18442,1187.02
quat1,-0.53453,0.57807,0.29529,0.54123,1187.02
quat2,-0.76580,0.05147,0.06118,0.63809,1187.02
quat3,-0.33911,0.65821,0.34864,0.57464,1187.02
quat4,-0.24101,0.75411,0.59808,-0.12465,1187.02
quat5,0.00000,0.70711,0.00000,0.70711,1187.02
quat6,0.00000,0.70711,0.00000,0.70711,1187.02
quat7,0.00000,0.70711,0.00000,0.70711,1187.02
quat8,0.00000,0.70711,0.00000,0.70711,1187.02
quat0,0.68053,-0.23995,0.66711,0.18512,1187.04
quat1,-0.53144,0.56449,0.30266,0.55436,1187.04
quat2,-0.76384,0.02442,0.08497,0.63932,1187.04
quat3,-0.34340,0.67477,0.34305,0.55594,1187.04
quat4,-0.26157,0.75174,0.58610,-0.15150,1187.04
quat5,0.00000,0.70711,0.00000,0.70711,1187.04
quat6,0.00000,0.70711,0.00000,0.70711,1187.04
quat7,0.00000,0.70711,0.00000,0.70711,1187.04
quat8,0.00000,0.70711,0.00000,0.70711,1187.04
quat0,0.68168,-0.23870,0.66641,0.18499,1187.06
quat1,-0.52444,0.54906,0.31237,0.57089,1187.06
quat2,-0.75891,-0.00581,0.10591,0.64250,1187.06
quat3,-0.35028,0.69103,0.33673,0.53516,1187.06
quat4,-0.28349,0.74644,0.57508,-0.17818,1187.06
quat5,0.00000,0.70711,0.00000,0.70711,1187.06
quat6,0.00000,0.70711,0.00000,0.70711,1187.06
quat7,0.00000,0.70711,0.00000,0.70711,1187.06
quat8,0.00000,0.70711,0.00000,0.70711,1187.06
quat0,0.68271,-0.23584,0.66663,0.18407,1187.08
quat1,-0.51616,0.53460,0.32104,0.58712,1187.08
quat2,-0.75217,-0.03830,0.12331,0.64619,1187.08
quat3,-0.35820,0.70570,0.33090,0.51399,1187.08
quat4,-0.30739,0.73859,0.56470,-0.20275,1187.08
quat5,0.00000,0.70711,0.00000,0.70711,1187.08
quat6,0.00000,0.70711,0.00000,0.70711,1187.08
quat7,0.00000,0.70711,0.00000,0.70711,1187.08
quat8,0.00000,0.70711,0.00000,0.70711,1187.08
quat0,0.68434,-0.23309,0.66624,0.18295,1187.1
quat1,-0.50860,0.52012,0.32747,0.60297,1187.1
quat2,-0.74470,-0.07221,0.13576,0.64944,1187.1
quat3,-0.36476,0.71995,0.32556,0.49258,1187.1
quat4,-0.33093,0.72915,0.55523,-0.22483,1187.1
quat5,0.00000,0.70711,0.00000,0.70711,1187.1
quat6,0.00000,0.70711,0.00000,0.70711,1187.1
quat7,0.00000,0.70711,0.00000,0.70711,1187.1
quat8,0.00000,0.70711,0.00000,0.70711,1187.1
quat0,0.68591,-0.23045,0.66617,0.18066,1187.12
quat1,-0.50117,0.50579,0.33240,0.61848,1187.12
quat2,-0.73708,-0.10048,0.14841,0.65160,1187.12
quat3,-0.36821,0.73454,0.32168,0.47052,1187.12
quat4,-0.35359,0.71886,0.54689,-0.24317,1187.12
quat5,0.00000,0.70711,0.00000,0.70711,1187.12
quat6,0.00000,0.70711,0.00000,0.70711,1187.12
quat7,0.00000,0.70711,0.00000,0.70711,1187.12
quat8,0.00000,0.70711,0.00000,0.70711,1187.12
quat0,0.68679,-0.22880,0.66624,0.17917,1187.14
quat1,-0.49443,0.49393,0.33472,0.63209,1187.14
quat2,-0.72917,-0.12046,0.16260,0.65373,1187.14
quat3,-0.37007,0.74736,0.31942,0.44998,1187.14
quat4,-0.37189,0.70827,0.54091,-0.25976,1187.14
quat5,0.00000,0.70711,0.00000,0.70711,1187.14
quat6,0.00000,0.70711,0.00000,0.70711,1187.14
quat7,0.00000,0.70711,0.00000,0.70711,1187.14
quat8,0.00000,0.70711,0.00000,0.70711,1187.14
quat0,0.68727,-0.22655,0.66702,0.17725,1187.16
quat1,-0.48907,0.48381,0.33466,0.64400,1187.16
quat2,-0.72191,-0.13351,0.17496,0.65606,1187.16
quat3,-0.37245,0.75653,0.31823,0.43321,1187.16
quat4,-0.38567,0.69761,0.53817,-0.27381,1187.16
quat5,0.00000,0.70711,0.00000,0.70711,1187.16
quat6,0.00000,0.70711,0.00000,0.70711,1187.16
quat7,0.00000,0.70711,0.00000,0.70711,1187.16
quat8,0.00000,0.70711,0.00000,0.70711,1187.16
quat0,0.68768,-0.22318,0.66838,0.17479,1187.18
quat1,-0.48554,0.47634,0.33323,0.65293,1187.18
quat2,-0.71691,-0.14398,0.17925,0.65816,1187.18
quat3,-0.37467,0.76109,0.31912,0.42252,1187.18
quat4,-0.39542,0.68838,0.53744,-0.28447,1187.18
quat5,0.00000,0.70711,0.00000,0.70711,1187.18
quat6,0.00000,0.70711,0.00000,0.70711,1187.18
quat7,0.00000,0.70711,0.00000,0.70711,1187.18
quat8,0.00000,0.70711,0.00000,0.70711,1187.18
quat0,0.68757,-0.22207,0.66899,0.17431,1187.2
quat1,-0.48361,0.47303,0.33185,0.65745,1187.2
quat2,-0.71444,-0.15063,0.17774,0.65976,1187.2
quat3,-0.37753,0.76223,0.32001,0.41721,1187.2
quat4,-0.40306,0.68129,0.53808,-0.28959,1187.2
quat5,0.00000,0.70711,0.00000,0.70711,1187.2
quat6,0.00000,0.70711,0.00000,0.70711,1187.2
quat7,0.00000,0.70711,0.00000,0.70711,1187.2
quat8,0.00000,0.70711,0.00000,0.70711,1187.2
quat0,0.68732,-0.22273,0.66875,0.17536,1187.22
quat1,-0.48418,0.47391,0.32975,0.65746,1187.22
quat2,-0.71416,-0.15189,0.17224,0.66124,1187.22
quat3,-0.37987,0.76032,0.32175,0.41724,1187.22
quat4,-0.40728,0.67625,0.54112,-0.28983,1187.22
quat5,0.00000,0.70711,0.00000,0.70711,1187.22
quat6,0.00000,0.70711,0.00000,0.70711,1187.22
quat7,0.00000,0.70711,0.00000,0.70711,1187.22
quat8,0.00000,0.70711,0.00000,0.70711,1187.22
quat0,0.68680,-0.22288,0.66905,0.17606,1187.24
quat1,-0.48674,0.47783,0.32665,0.65427,1187.24
quat2,-0.71606,-0.14642,0.16313,0.66273,1187.24
quat3,-0.38123,0.75612,0.32454,0.42144,1187.24
quat4,-0.40692,0.67388,0.54684,-0.28508,1187.24
quat5,0.00000,0.70711,0.00000,0.70711,1187.24
quat6,0.00000,0.70711,0.00000,0.70711,1187.24
quat7,0.00000,0.70711,0.00000,0.70711,1187.24
quat8,0.00000,0.70711,0.00000,0.70711,1187.24
quat0,0.68666,-0.22346,0.66859,0.17763,1187.26
quat1,-0.49054,0.48493,0.32247,0.64826,1187.26
quat2,-0.71940,-0.13344,0.15224,0.66444,1187.26
quat3,-0.38167,0.75031,0.32818,0.42856,1187.26
quat4,-0.40298,0.67451,0.55420,-0.27476,1187.26
quat5,0.00000,0.70711,0.00000,0.70711,1187.26
quat6,0.00000,0.70711,0.00000,0.70711,1187.26
quat7,0.00000,0.70711,0.00000,0.70711,1187.26
quat8,0.00000,0.70711,0.00000,0.70711,1187.26
quat0,0.68664,-0.22367,0.66835,0.17833,1187.28
quat1,-0.49461,0.49531,0.31784,0.63953,1187.28
quat2,-0.72382,-0.11560,0.13800,0.66609,1187.28
quat3,-0.38080,0.74353,0.33261,0.43763,1187.28
quat4,-0.39623,0.67727,0.56272,-0.26011,1187.28
quat5,0.00000,0.70711,0.00000,0.70711,1187.28
quat6,0.00000,0.70711,0.00000,0.70711,1187.28
quat7,0.00000,0.70711,0.00000,0.70711,1187.28
quat8,0.00000,0.70711,0.00000,0.70711,1187.28
quat0,0.68646,-0.22450,0.66802,0.17922,1187.3
quat1,-0.49868,0.50844,0.31343,0.62815,1187.3
quat2,-0.72890,-0.09382,0.12063,0.66735,1187.3
quat3,-0.37891,0.73530,0.33769,0.44914,1187.3
quat4,-0.38983,0.68204,0.56957,-0.24174,1187.3
quat5,0.00000,0.70711,0.00000,0.70711,1187.3
quat6,0.00000,0.70711,0.00000,0.70711,1187.3
quat7,0.00000,0.70711,0.00000,0.70711,1187.3
quat8,0.00000,0.70711,0.00000,0.70711,1187.3
quat0,0.68598,-0.22565,0.66780,0.18047,1187.32
quat1,-0.50314,0.52304,0.30850,0.61490,1187.32
quat2,-0.73386,-0.06957,0.10051,0.66821,1187.32
quat3,-0.37607,0.72543,0.34284,0.46344,1187.32
quat4,-0.38105,0.68721,0.57750,-0.22143,1187.32
quat5,0.00000,0.70711,0.00000,0.70711,1187.32
quat6,0.00000,0.70711,0.00000,0.70711,1187.32
quat7,0.00000,0.70711,0.00000,0.70711,1187.32
quat8,0.00000,0.70711,0.00000,0.70711,1187.32
quat0,0.68533,-0.22646,0.66805,0.18098,1187.34
quat1,-0.50817,0.53761,0.30278,0.60089,1187.34
quat2,-0.73797,-0.04119,0.08155,0.66862,1187.34
quat3,-0.37217,0.71312,0.34805,0.48147,1187.34
quat4,-0.37074,0.69270,0.58571,-0.19916,1187.34
quat5,0.00000,0.70711,0.00000,0.70711,1187.34
quat6,0.00000,0.70711,0.00000,0.70711,1187.34
quat7,0.00000,0.70711,0.00000,0.70711,1187.34
quat8,0.00000,0.70711,0.00000,0.70711,1187.34
quat0,0.68489,-0.22656,0.66851,0.18081,1187.36
quat1,-0.51262,0.55403,0.29685,0.58494,1187.36
quat2,-0.74086,-0.01118,0.06360,0.66855,1187.36
quat3,-0.36711,0.69891,0.35349,0.50179,1187.36
quat4,-0.35900,0.69806,0.59369,-0.17712,1187.36
quat5,0.00000,0.70711,0.00000,0.70711,1187.36
quat6,0.00000,0.70711,0.00000,0.70711,1187.36
quat7,0.00000,0.70711,0.00000,0.70711,1187.36
quat8,0.00000,0.70711,0.00000,0.70711,1187.36
quat0,0.68461,-0.22664,0.66867,0.18119,1187.38
quat1,-0.51644,0.57242,0.29026,0.56690,1187.38
quat2,-0.74183,0.02128,0.04850,0.66849,1187.38
quat3,-0.36118,0.68266,0.35949,0.52372,1187.38
quat4,-0.34591,0.70264,0.60209,-0.15533,1187.38
quat5,0.00000,0.70711,0.00000,0.70711,1187.38
quat6,0.00000,0.70711,0.00000,0.70711,1187.38
quat7,0.00000,0.70711,0.00000,0.70711,1187.38
quat8,0.00000,0.70711,0.00000,0.70711,1187.38
quat0,0.68428,-0.22651,0.66908,0.18107,1187.4
quat1,-0.52015,0.59095,0.28152,0.54861,1187.4
quat2,-0.74158,0.05281,0.03401,0.66791,1187.4
quat3,-0.35428,0.66474,0.36531,0.54695,1187.4
quat4,-0.33141,0.70712,0.61021,-0.13339,1187.4
quat5,0.00000,0.70711,0.00000,0.70711,1187.4
quat6,0.00000,0.70711,0.00000,0.70711,1187.4
quat7,0.00000,0.70711,0.00000,0.70711,1187.4
quat8,0.00000,0.70711,0.00000,0.70711,1187.4
quat0,0.68364,-0.22613,0.66992,0.18086,1187.42
quat1,-0.52247,0.60971,0.27197,0.53039,1187.42
quat2,-0.74022,0.08167,0.01869,0.66712,1187.42
quat3,-0.34645,0.64517,0.37056,0.57133,1187.42
quat4,-0.32033,0.71100,0.61667,-0.10763,1187.42
quat5,0.00000,0.70711,0.00000,0.70711,1187.42
quat6,0.00000,0.70711,0.00000,0.70711,1187.42
quat7,0.00000,0.70711,0.00000,0.70711,1187.42
quat8,0.00000,0.70711,0.00000,0.70711,1187.42
quat0,0.68250,-0.22549,0.67146,0.18026,1187.44
quat1,-0.52381,0.62889,0.26097,0.51187,1187.44
quat2,-0.73690,0.10515,0.00173,0.66778,1187.44
quat3,-0.33740,0.62495,0.37516,0.59569,1187.44
quat4,-0.31129,0.71388,0.62232,-0.07873,1187.44
quat5,0.00000,0.70711,0.00000,0.70711,1187.44
quat6,0.00000,0.70711,0.00000,0.70711,1187.44
quat7,0.00000,0.70711,0.00000,0.70711,1187.44
quat8,0.00000,0.70711,0.00000,0.70711,1187.44
quat0,0.68129,-0.22490,0.67310,0.17945,1187.46
quat1,-0.52399,0.64949,0.24973,0.49116,1187.46
quat2,-0.73135,0.12451,-0.01717,0.67032,1187.46
quat3,-0.32959,0.60464,0.37873,0.61833,1187.46
quat4,-0.30045,0.71541,0.62894,-0.04854,1187.46
quat5,0.00000,0.70711,0.00000,0.70711,1187.46
quat6,0.00000,0.70711,0.00000,0.70711,1187.46
quat7,0.00000,0.70711,0.00000,0.70711,1187.46
quat8,0.00000,0.70711,0.00000,0.70711,1187.46
quat0,0.68051,-0.22361,0.67472,0.17793,1187.48
quat1,-0.52400,0.66754,0.23815,0.47233,1187.48
quat2,-0.72265,0.13795,-0.04050,0.67610,1187.48
quat3,-0.32368,0.58520,0.38155,0.63812,1187.48
quat4,-0.28190,0.71642,0.63774,-0.02365,1187.48
quat5,0.00000,0.70711,0.00000,0.70711,1187.48
quat6,0.00000,0.70711,0.00000,0.70711,1187.48
quat7,0.00000,0.70711,0.00000,0.70711,1187.48
quat8,0.00000,0.70711,0.00000,0.70711,1187.48
quat0,0.68004,-0.22236,0.67597,0.17653,1187.5
quat1,-0.52509,0.68003,0.22535,0.45940,1187.5
quat2,-0.71071,0.14796,-0.06683,0.68449,1187.5
quat3,-0.31952,0.56926,0.38525,0.65226,1187.5
quat4,-0.25726,0.71768,0.64709,-0.00414,1187.5
quat5,0.00000,0.70711,0.00000,0.70711,1187.5
quat6,0.00000,0.70711,0.00000,0.70711,1187.5
quat7,0.00000,0.70711,0.00000,0.70711,1187.5
quat8,0.00000,0.70711,0.00000,0.70711,1187.5
quat0,0.67973,-0.22147,0.67703,0.17479,1187.52
quat1,-0.52750,0.68662,0.20983,0.45416,1187.52
quat2,-0.69686,0.15651,-0.09066,0.69403,1187.52
quat3,-0.31608,0.55932,0.39100,0.65907,1187.52
quat4,-0.22981,0.71873,0.65611,0.01124,1187.52
quat5,0.00000,0.70711,0.00000,0.70711,1187.52
quat6,0.00000,0.70711,0.00000,0.70711,1187.52
quat7,0.00000,0.70711,0.00000,0.70711,1187.52
quat8,0.00000,0.70711,0.00000,0.70711,1187.52
quat0,0.67977,-0.22050,0.67795,0.17224,1187.54
quat1,-0.52945,0.68766,0.19250,0.45799,1187.54
quat2,-0.68287,0.16623,-0.10887,0.70299,1187.54
quat3,-0.31253,0.55534,0.39935,0.65913,1187.54
quat4,-0.20659,0.71735,0.66486,0.02633,1187.54
quat5,0.00000,0.70711,0.00000,0.70711,1187.54
quat6,0.00000,0.70711,0.00000,0.70711,1187.54
quat7,0.00000,0.70711,0.00000,0.70711,1187.54
quat8,0.00000,0.70711,0.00000,0.70711,1187.54
quat0,0.67916,-0.21992,0.67931,0.17004,1187.56
quat1,-0.52876,0.68613,0.17683,0.46731,1187.56
quat2,-0.66937,0.17503,-0.12243,0.71156,1187.56
quat3,-0.30938,0.55553,0.40884,0.65462,1187.56
quat4,-0.19153,0.71345,0.67279,0.04069,1187.56
quat5,0.00000,0.70711,0.00000,0.70711,1187.56
quat6,0.00000,0.70711,0.00000,0.70711,1187.56
quat7,0.00000,0.70711,0.00000,0.70711,1187.56
quat8,0.00000,0.70711,0.00000,0.70711,1187.56
quat0,0.67873,-0.21930,0.68018,0.16909,1187.58
quat1,-0.52297,0.68615,0.16719,0.47724,1187.58
quat2,-0.65638,0.18018,-0.13163,0.72068,1187.58
quat3,-0.30901,0.55684,0.41803,0.64783,1187.58
quat4,-0.18516,0.70724,0.68035,0.05149,1187.58
quat5,0.00000,0.70711,0.00000,0.70711,1187.58
quat6,0.00000,0.70711,0.00000,0.70711,1187.58
quat7,0.00000,0.70711,0.00000,0.70711,1187.58
quat8,0.00000,0.70711,0.00000,0.70711,1187.58
quat0,0.67850,-0.21835,0.68088,0.16844,1187.6
quat1,-0.51135,0.69056,0.16618,0.48377,1187.6
quat2,-0.64368,0.17804,-0.13808,0.73138,1187.6
quat3,-0.31177,0.55681,0.42695,0.64069,1187.6
quat4,-0.18630,0.69977,0.68732,0.05663,1187.6
quat5,0.00000,0.70711,0.00000,0.70711,1187.6
quat6,0.00000,0.70711,0.00000,0.70711,1187.6
quat7,0.00000,0.70711,0.00000,0.70711,1187.6
quat8,0.00000,0.70711,0.00000,0.70711,1187.6
quat0,0.67717,-0.21797,0.68244,0.16792,1187.62
quat1,-0.49645,0.69763,0.17219,0.48704,1187.62
quat2,-0.63205,0.16851,-0.13997,0.74332,1187.62
quat3,-0.31578,0.55601,0.43478,0.63412,1187.62
quat4,-0.19429,0.69114,0.69378,0.05686,1187.62
quat5,0.00000,0.70711,0.00000,0.70711,1187.62
quat6,0.00000,0.70711,0.00000,0.70711,1187.62
quat7,0.00000,0.70711,0.00000,0.70711,1187.62
quat8,0.00000,0.70711,0.00000,0.70711,1187.62
quat0,0.67545,-0.21838,0.68404,0.16782,1187.64
quat1,-0.47960,0.70560,0.18316,0.48843,1187.64
quat2,-0.62382,0.15745,-0.13190,0.75410,1187.64
quat3,-0.31859,0.55635,0.44310,0.62661,1187.64
quat4,-0.20756,0.68206,0.69922,0.05296,1187.64
quat5,0.00000,0.70711,0.00000,0.70711,1187.64
quat6,0.00000,0.70711,0.00000,0.70711,1187.64
quat7,0.00000,0.70711,0.00000,0.70711,1187.64
quat8,0.00000,0.70711,0.00000,0.70711,1187.64
quat0,0.67402,-0.21910,0.68537,0.16720,1187.66
quat1,-0.46276,0.71173,0.19506,0.49117,1187.66
quat2,-0.61886,0.14521,-0.11591,0.76321,1187.66
quat3,-0.32269,0.56206,0.44970,0.61460,1187.66
quat4,-0.22075,0.67462,0.70313,0.04206,1187.66
quat5,0.00000,0.70711,0.00000,0.70711,1187.66
quat6,0.00000,0.70711,0.00000,0.70711,1187.66
quat7,0.00000,0.70711,0.00000,0.70711,1187.66
quat8,0.00000,0.70711,0.00000,0.70711,1187.66
quat0,0.67330,-0.21969,0.68600,0.16676,1187.68
quat1,-0.44775,0.71430,0.20597,0.49686,1187.68
quat2,-0.61510,0.13062,-0.09613,0.77158,1187.68
quat3,-0.32734,0.57197,0.45454,0.59924,1187.68
quat4,-0.23204,0.66845,0.70619,0.02517,1187.68
quat5,0.00000,0.70711,0.00000,0.70711,1187.68
quat6,0.00000,0.70711,0.00000,0.70711,1187.68
quat7,0.00000,0.70711,0.00000,0.70711,1187.68
quat8,0.00000,0.70711,0.00000,0.70711,1187.68
quat0,0.67208,-0.22045,0.68714,0.16598,1187.7
quat1,-0.43509,0.71208,0.21473,0.50748,1187.7
quat2,-0.61196,0.11218,-0.07474,0.77932,1187.7
quat3,-0.33339,0.58227,0.45718,0.58378,1187.7
quat4,-0.24154,0.66298,0.70859,0.00396,1187.7
quat5,0.00000,0.70711,0.00000,0.70711,1187.7
quat6,0.00000,0.70711,0.00000,0.70711,1187.7
quat7,0.00000,0.70711,0.00000,0.70711,1187.7
quat8,0.00000,0.70711,0.00000,0.70711,1187.7
quat0,0.67178,-0.22107,0.68743,0.16520,1187.72
quat1,-0.42466,0.70502,0.22059,0.52340,1187.72
quat2,-0.61005,0.09341,-0.05089,0.78519,1187.72
quat3,-0.34164,0.59342,0.45761,0.56722,1187.72
quat4,-0.25342,0.65737,0.70947,-0.01737,1187.72
quat5,0.00000,0.70711,0.00000,0.70711,1187.72
quat6,0.00000,0.70711,0.00000,0.70711,1187.72
quat7,0.00000,0.70711,0.00000,0.70711,1187.72
quat8,0.00000,0.70711,0.00000,0.70711,1187.72
quat0,0.67216,-0.22170,0.68687,0.16507,1187.74
quat1,-0.41663,0.69255,0.22539,0.54404,1187.74
quat2,-0.60851,0.07163,-0.02816,0.78981,1187.74
quat3,-0.35073,0.60541,0.45601,0.55002,1187.74
quat4,-0.26835,0.65158,0.70849,-0.03832,1187.74
quat5,0.00000,0.70711,0.00000,0.70711,1187.74
quat6,0.00000,0.70711,0.00000,0.70711,1187.74
quat7,0.00000,0.70711,0.00000,0.70711,1187.74
quat8,0.00000,0.70711,0.00000,0.70711,1187.74
quat0,0.67316,-0.22188,0.68606,0.16411,1187.76
quat1,-0.40999,0.67521,0.23163,0.56776,1187.76
quat2,-0.60744,0.04806,-0.00490,0.79290,1187.76
quat3,-0.35978,0.61635,0.45242,0.53477,1187.76
quat4,-0.28464,0.64583,0.70597,-0.05903,1187.76
quat5,0.00000,0.70711,0.00000,0.70711,1187.76
quat6,0.00000,0.70711,0.00000,0.70711,1187.76
quat7,0.00000,0.70711,0.00000,0.70711,1187.76
quat8,0.00000,0.70711,0.00000,0.70711,1187.76
quat0,0.67428,-0.22205,0.68528,0.16258,1187.78
quat1,-0.40399,0.65651,0.23828,0.59078,1187.78
quat2,-0.60710,0.02280,0.01933,0.79407,1187.78
quat3,-0.36892,0.62595,0.44645,0.52227,1187.78
quat4,-0.30154,0.63990,0.70224,-0.08038,1187.78
quat5,0.00000,0.70711,0.00000,0.70711,1187.78
quat6,0.00000,0.70711,0.00000,0.70711,1187.78
quat7,0.00000,0.70711,0.00000,0.70711,1187.78
quat8,0.00000,0.70711,0.00000,0.70711,1187.78
quat0,0.67555,-0.22153,0.68464,0.16070,1187.8
quat1,-0.39901,0.63921,0.24459,0.61023,1187.8
quat2,-0.60695,-0.00179,0.04612,0.79340,1187.8
quat3,-0.37764,0.63573,0.43833,0.51099,1187.8
quat4,-0.32054,0.63395,0.69682,-0.09904,1187.8
quat5,0.00000,0.70711,0.00000,0.70711,1187.8
quat6,0.00000,0.70711,0.00000,0.70711,1187.8
quat7,0.00000,0.70711,0.00000,0.70711,1187.8
quat8,0.00000,0.70711,0.00000,0.70711,1187.8
quat0,0.67678,-0.22117,0.68382,0.15949,1187.82
quat1,-0.39427,0.62335,0.25063,0.62703,1187.82
quat2,-0.60664,-0.02795,0.07370,0.79106,1187.82
quat3,-0.38481,0.64699,0.42987,0.49853,1187.82
quat4,-0.34007,0.62882,0.68950,-0.11628,1187.82
quat5,0.00000,0.70711,0.00000,0.70711,1187.82
quat6,0.00000,0.70711,0.00000,0.70711,1187.82
quat7,0.00000,0.70711,0.00000,0.70711,1187.82
quat8,0.00000,0.70711,0.00000,0.70711,1187.82
quat0,0.67805,-0.21930,0.68349,0.15811,1187.84
quat1,-0.39090,0.60792,0.25538,0.64219,1187.84
quat2,-0.60676,-0.05192,0.10442,0.78628,1187.84
quat3,-0.38971,0.65938,0.42330,0.48390,1187.84
quat4,-0.35854,0.62406,0.68146,-0.13273,1187.84
quat5,0.00000,0.70711,0.00000,0.70711,1187.84
quat6,0.00000,0.70711,0.00000,0.70711,1187.84
quat7,0.00000,0.70711,0.00000,0.70711,1187.84
quat8,0.00000,0.70711,0.00000,0.70711,1187.84
quat0,0.67949,-0.21752,0.68284,0.15717,1187.86
quat1,-0.38890,0.59365,0.25924,0.65507,1187.86
quat2,-0.60648,-0.07136,0.13766,0.77983,1187.86
quat3,-0.39298,0.67203,0.41861,0.46766,1187.86
quat4,-0.37339,0.62009,0.67364,-0.14926,1187.86
quat5,0.00000,0.70711,0.00000,0.70711,1187.86
quat6,0.00000,0.70711,0.00000,0.70711,1187.86
quat7,0.00000,0.70711,0.00000,0.70711,1187.86
quat8,0.00000,0.70711,0.00000,0.70711,1187.86
quat0,0.68155,-0.21622,0.68149,0.15589,1187.88
quat1,-0.38754,0.57984,0.26286,0.66671,1187.88
quat2,-0.60388,-0.08576,0.17401,0.77311,1187.88
quat3,-0.39612,0.68373,0.41436,0.45156,1187.88
quat4,-0.38645,0.61733,0.66539,-0.16378,1187.88
quat5,0.00000,0.70711,0.00000,0.70711,1187.88
quat6,0.00000,0.70711,0.00000,0.70711,1187.88
quat7,0.00000,0.70711,0.00000,0.70711,1187.88
quat8,0.00000,0.70711,0.00000,0.70711,1187.88
quat0,0.68384,-0.21522,0.67991,0.15415,1187.9
quat1,-0.38758,0.56775,0.26512,0.67613,1187.9
quat2,-0.59949,-0.09664,0.20699,0.76709,1187.9
quat3,-0.39870,0.69402,0.41020,0.43716,1187.9
quat4,-0.39555,0.61544,0.65777,-0.17918,1187.9
quat5,0.00000,0.70711,0.00000,0.70711,1187.9
quat6,0.00000,0.70711,0.00000,0.70711,1187.9
quat7,0.00000,0.70711,0.00000,0.70711,1187.9
quat8,0.00000,0.70711,0.00000,0.70711,1187.9
quat0,0.68572,-0.21432,0.67862,0.15276,1187.92
quat1,-0.38796,0.55840,0.26824,0.68244,1187.92
quat2,-0.59514,-0.10517,0.23323,0.76181,1187.92
quat3,-0.40092,0.70156,0.40609,0.42681,1187.92
quat4,-0.39950,0.61329,0.65294,-0.19482,1187.92
quat5,0.00000,0.70711,0.00000,0.70711,1187.92
quat6,0.00000,0.70711,0.00000,0.70711,1187.92
quat7,0.00000,0.70711,0.00000,0.70711,1187.92
quat8,0.00000,0.70711,0.00000,0.70711,1187.92
quat0,0.68665,-0.21376,0.67816,0.15137,1187.94
quat1,-0.39053,0.54789,0.27006,0.68874,1187.94
quat2,-0.59247,-0.11237,0.24772,0.75828,1187.94
quat3,-0.40135,0.70806,0.40276,0.41876,1187.94
quat4,-0.40166,0.61016,0.65084,-0.20685,1187.94
quat5,0.00000,0.70711,0.00000,0.70711,1187.94
quat6,0.00000,0.70711,0.00000,0.70711,1187.94
quat7,0.00000,0.70711,0.00000,0.70711,1187.94
quat8,0.00000,0.70711,0.00000,0.70711,1187.94
quat0,0.68729,-0.21381,0.67777,0.15019,1187.96
quat1,-0.39386,0.53880,0.27003,0.69401,1187.96
quat2,-0.59186,-0.11561,0.25327,0.75643,1187.96
quat3,-0.39979,0.71300,0.40084,0.41367,1187.96
quat4,-0.40719,0.60942,0.64655,-0.21161,1187.96
quat5,0.00000,0.70711,0.00000,0.70711,1187.96
quat6,0.00000,0.70711,0.00000,0.70711,1187.96
quat7,0.00000,0.70711,0.00000,0.70711,1187.96
quat8,0.00000,0.70711,0.00000,0.70711,1187.96
quat0,0.68819,-0.21354,0.67702,0.14981,1187.98
quat1,-0.39639,0.53466,0.26965,0.69592,1187.98
quat2,-0.59278,-0.11279,0.25315,0.75618,1187.98
quat3,-0.39856,0.71417,0.39992,0.41373,1187.98
quat4,-0.40936,0.61039,0.64415,-0.21193,1187.98
quat5,0.00000,0.70711,0.00000,0.70711,1187.98
quat6,0.00000,0.70711,0.00000,0.70711,1187.98
quat7,0.00000,0.70711,0.00000,0.70711,1187.98
quat8,0.00000,0.70711,0.00000,0.70711,1187.98
quat0,0.68843,-0.21371,0.67663,0.15020,1188
quat1,-0.39757,0.53625,0.26931,0.69415,1188
quat2,-0.59508,-0.10520,0.24712,0.75746,1188
quat3,-0.39745,0.71331,0.39918,0.41700,1188
quat4,-0.40727,0.61292,0.64384,-0.20958,1188
quat5,0.00000,0.70711,0.00000,0.70711,1188
quat6,0.00000,0.70711,0.00000,0.70711,1188
quat7,0.00000,0.70711,0.00000,0.70711,1188
quat8,0.00000,0.70711,0.00000,0.70711,1188
quat0,0.68820,-0.21391,0.67672,0.15054,1188.02
quat1,-0.39837,0.54240,0.26757,0.68957,1188.02
quat2,-0.59866,-0.09380,0.23524,0.75992,1188.02
quat3,-0.39573,0.71093,0.39953,0.42232,1188.02
quat4,-0.39785,0.61694,0.64702,-0.20608,1188.02
quat5,0.00000,0.70711,0.00000,0.70711,1188.02
quat6,0.00000,0.70711,0.00000,0.70711,1188.02
quat7,0.00000,0.70711,0.00000,0.70711,1188.02
quat8,0.00000,0.70711,0.00000,0.70711,1188.02
quat0,0.68855,-0.21383,0.67641,0.15048,1188.04
quat1,-0.39893,0.55288,0.26447,0.68208,1188.04
quat2,-0.60157,-0.07920,0.21996,0.76384,1188.04
quat3,-0.39367,0.70677,0.40110,0.42968,1188.04
quat4,-0.38397,0.62157,0.65279,-0.20019,1188.04
quat5,0.00000,0.70711,0.00000,0.70711,1188.04
quat6,0.00000,0.70711,0.00000,0.70711,1188.04
quat7,0.00000,0.70711,0.00000,0.70711,1188.04
quat8,0.00000,0.70711,0.00000,0.70711,1188.04
quat0,0.68889,-0.21443,0.67569,0.15131,1188.06
quat1,-0.39955,0.56710,0.26079,0.67138,1188.06
quat2,-0.60429,-0.06235,0.19993,0.76875,1188.06
quat3,-0.39110,0.70108,0.40384,0.43868,1188.06
quat4,-0.36965,0.62606,0.65987,-0.18967,1188.06
quat5,0.00000,0.70711,0.00000,0.70711,1188.06
quat6,0.00000,0.70711,0.00000,0.70711,1188.06
quat7,0.00000,0.70711,0.00000,0.70711,1188.06
quat8,0.00000,0.70711,0.00000,0.70711,1188.06
quat0,0.68931,-0.21532,0.67481,0.15202,1188.08
quat1,-0.40018,0.58355,0.25642,0.65846,1188.08
quat2,-0.60672,-0.04694,0.17316,0.77440,1188.08
quat3,-0.38724,0.69434,0.40716,0.44961,1188.08
quat4,-0.35577,0.63125,0.66658,-0.17497,1188.08
quat5,0.00000,0.70711,0.00000,0.70711,1188.08
quat6,0.00000,0.70711,0.00000,0.70711,1188.08
quat7,0.00000,0.70711,0.00000,0.70711,1188.08
quat8,0.00000,0.70711,0.00000,0.70711,1188.08
quat0,0.69038,-0.21536,0.67368,0.15217,1188.1
quat1,-0.40128,0.60110,0.25203,0.64353,1188.1
quat2,-0.60795,-0.03141,0.14257,0.78044,1188.1
quat3,-0.38334,0.68637,0.40950,0.46288,1188.1
quat4,-0.34356,0.63709,0.67239,-0.15485,1188.1
quat5,0.00000,0.70711,0.00000,0.70711,1188.1
quat6,0.00000,0.70711,0.00000,0.70711,1188.1
quat7,0.00000,0.70711,0.00000,0.70711,1188.1
quat8,0.00000,0.70711,0.00000,0.70711,1188.1
quat0,0.69137,-0.21574,0.67241,0.15274,1188.12
quat1,-0.40350,0.61953,0.24707,0.62637,1188.12
quat2,-0.60774,-0.01412,0.11210,0.78606,1188.12
quat3,-0.37966,0.67744,0.41004,0.47834,1188.12
quat4,-0.33326,0.64325,0.67673,-0.13112,1188.12
quat5,0.00000,0.70711,0.00000,0.70711,1188.12
quat6,0.00000,0.70711,0.00000,0.70711,1188.12
quat7,0.00000,0.70711,0.00000,0.70711,1188.12
quat8,0.00000,0.70711,0.00000,0.70711,1188.12
quat0,0.69181,-0.21550,0.67193,0.15319,1188.14
quat1,-0.40649,0.64052,0.24187,0.60499,1188.14
quat2,-0.60659,0.01042,0.08820,0.79004,1188.14
quat3,-0.37681,0.66646,0.40915,0.49644,1188.14
quat4,-0.32501,0.64960,0.67935,-0.10429,1188.14
quat5,0.00000,0.70711,0.00000,0.70711,1188.14
quat6,0.00000,0.70711,0.00000,0.70711,1188.14
quat7,0.00000,0.70711,0.00000,0.70711,1188.14
quat8,0.00000,0.70711,0.00000,0.70711,1188.14
quat0,0.69219,-0.21441,0.67181,0.15352,1188.16
quat1,-0.40978,0.66173,0.23525,0.58211,1188.16
quat2,-0.60565,0.04151,0.07229,0.79135,1188.16
quat3,-0.37402,0.65432,0.40664,0.51636,1188.16
quat4,-0.31778,0.65503,0.68110,-0.07787,1188.16
quat5,0.00000,0.70711,0.00000,0.70711,1188.16
quat6,0.00000,0.70711,0.00000,0.70711,1188.16
quat7,0.00000,0.70711,0.00000,0.70711,1188.16
quat8,0.00000,0.70711,0.00000,0.70711,1188.16
quat0,0.69255,-0.21354,0.67161,0.15398,1188.18
quat1,-0.41418,0.68074,0.22713,0.55988,1188.18
quat2,-0.60621,0.07661,0.06123,0.78923,1188.18
quat3,-0.37098,0.63993,0.40403,0.53816,1188.18
quat4,-0.31244,0.65950,0.68180,-0.05091,1188.18
quat5,0.00000,0.70711,0.00000,0.70711,1188.18
quat6,0.00000,0.70711,0.00000,0.70711,1188.18
quat7,0.00000,0.70711,0.00000,0.70711,1188.18
quat8,0.00000,0.70711,0.00000,0.70711,1188.18
quat0,0.69330,-0.21231,0.67124,0.15390,1188.2
quat1,-0.42000,0.69497,0.21798,0.54139,1188.2
quat2,-0.60861,0.10669,0.04786,0.78480,1188.2
quat3,-0.36571,0.62471,0.40206,0.56066,1188.2
quat4,-0.30709,0.66355,0.68175,-0.02491,1188.2
quat5,0.00000,0.70711,0.00000,0.70711,1188.2
quat6,0.00000,0.70711,0.00000,0.70711,1188.2
quat7,0.00000,0.70711,0.00000,0.70711,1188.2
quat8,0.00000,0.70711,0.00000,0.70711,1188.2
quat0,0.69350,-0.21145,0.67131,0.15392,1188.22
quat1,-0.42584,0.70537,0.21169,0.52565,1188.22
quat2,-0.61283,0.12944,0.02970,0.77898,1188.22
quat3,-0.35969,0.61152,0.39864,0.58116,1188.22
quat4,-0.29864,0.66843,0.68119,-0.00080,1188.22
quat5,0.00000,0.70711,0.00000,0.70711,1188.22
quat6,0.00000,0.70711,0.00000,0.70711,1188.22
quat7,0.00000,0.70711,0.00000,0.70711,1188.22
quat8,0.00000,0.70711,0.00000,0.70711,1188.22
quat0,0.69279,-0.20999,0.67259,0.15354,1188.24
quat1,-0.43225,0.71208,0.20937,0.51211,1188.24
quat2,-0.61814,0.14513,0.00733,0.77252,1188.24
quat3,-0.35381,0.60136,0.39453,0.59794,1188.24
quat4,-0.28387,0.67506,0.68071,0.01844,1188.24
quat5,0.00000,0.70711,0.00000,0.70711,1188.24
quat6,0.00000,0.70711,0.00000,0.70711,1188.24
quat7,0.00000,0.70711,0.00000,0.70711,1188.24
quat8,0.00000,0.70711,0.00000,0.70711,1188.24
quat0,0.69229,-0.20866,0.67336,0.15423,1188.26
quat1,-0.44264,0.71220,0.20661,0.50413,1188.26
quat2,-0.62469,0.15674,-0.01535,0.76483,1188.26
quat3,-0.34780,0.59459,0.39148,0.61011,1188.26
quat4,-0.26608,0.68321,0.67918,0.03378,1188.26
quat5,0.00000,0.70711,0.00000,0.70711,1188.26
quat6,0.00000,0.70711,0.00000,0.70711,1188.26
quat7,0.00000,0.70711,0.00000,0.70711,1188.26
quat8,0.00000,0.70711,0.00000,0.70711,1188.26
quat0,0.69211,-0.20778,0.67360,0.15517,1188.28
quat1,-0.45742,0.70487,0.20071,0.50363,1188.28
quat2,-0.63249,0.16503,-0.03536,0.75595,1188.28
quat3,-0.34171,0.59188,0.38936,0.61751,1188.28
quat4,-0.24860,0.69281,0.67538,0.04559,1188.28
quat5,0.00000,0.70711,0.00000,0.70711,1188.28
quat6,0.00000,0.70711,0.00000,0.70711,1188.28
quat7,0.00000,0.70711,0.00000,0.70711,1188.28
quat8,0.00000,0.70711,0.00000,0.70711,1188.28
quat0,0.69202,-0.20648,0.67395,0.15580,1188.3
quat1,-0.47308,0.69419,0.19388,0.50666,1188.3
quat2,-0.64165,0.17107,-0.04983,0.74601,1188.3
quat3,-0.33639,0.59294,0.38707,0.62083,1188.3
quat4,-0.23497,0.70199,0.67012,0.05417,1188.3
quat5,0.00000,0.70711,0.00000,0.70711,1188.3
quat6,0.00000,0.70711,0.00000,0.70711,1188.3
quat7,0.00000,0.70711,0.00000,0.70711,1188.3
quat8,0.00000,0.70711,0.00000,0.70711,1188.3
quat0,0.69195,-0.20574,0.67411,0.15636,1188.32
quat1,-0.48694,0.68337,0.18967,0.50983,1188.32
quat2,-0.65244,0.17382,-0.05831,0.73533,1188.32
quat3,-0.33153,0.59582,0.38415,0.62250,1188.32
quat4,-0.22758,0.71000,0.66386,0.05830,1188.32
quat5,0.00000,0.70711,0.00000,0.70711,1188.32
quat6,0.00000,0.70711,0.00000,0.70711,1188.32
quat7,0.00000,0.70711,0.00000,0.70711,1188.32
quat8,0.00000,0.70711,0.00000,0.70711,1188.32
quat0,0.69185,-0.20578,0.67391,0.15764,1188.34
quat1,-0.49760,0.67387,0.19098,0.51168,1188.34
quat2,-0.66446,0.17208,-0.06095,0.72468,1188.34
quat3,-0.32734,0.59978,0.37988,0.62354,1188.34
quat4,-0.22574,0.71722,0.65670,0.05823,1188.34
quat5,0.00000,0.70711,0.00000,0.70711,1188.34
quat6,0.00000,0.70711,0.00000,0.70711,1188.34
quat7,0.00000,0.70711,0.00000,0.70711,1188.34
quat8,0.00000,0.70711,0.00000,0.70711,1188.34
quat0,0.69188,-0.20540,0.67376,0.15864,1188.36
quat1,-0.50528,0.66597,0.19766,0.51197,1188.36
quat2,-0.67753,0.16633,-0.05721,0.71415,1188.36
quat3,-0.32433,0.60472,0.37383,0.62401,1188.36
quat4,-0.22808,0.72416,0.64871,0.05246,1188.36
quat5,0.00000,0.70711,0.00000,0.70711,1188.36
quat6,0.00000,0.70711,0.00000,0.70711,1188.36
quat7,0.00000,0.70711,0.00000,0.70711,1188.36
quat8,0.00000,0.70711,0.00000,0.70711,1188.36
quat0,0.69209,-0.20558,0.67325,0.15965,1188.38
quat1,-0.51056,0.65868,0.20866,0.51180,1188.38
quat2,-0.69083,0.15601,-0.04923,0.70427,1188.38
quat3,-0.32335,0.61038,0.36638,0.62342,1188.38
quat4,-0.23384,0.73055,0.64032,0.04013,1188.38
quat5,0.00000,0.70711,0.00000,0.70711,1188.38
quat6,0.00000,0.70711,0.00000,0.70711,1188.38
quat7,0.00000,0.70711,0.00000,0.70711,1188.38
quat8,0.00000,0.70711,0.00000,0.70711,1188.38
quat0,0.69241,-0.20605,0.67242,0.16116,1188.4
quat1,-0.51471,0.64922,0.22135,0.51438,1188.4
quat2,-0.70376,0.14251,-0.03753,0.69498,1188.4
quat3,-0.32377,0.61722,0.35848,0.62105,1188.4
quat4,-0.24452,0.73593,0.63089,0.02430,1188.4
quat5,0.00000,0.70711,0.00000,0.70711,1188.4
quat6,0.00000,0.70711,0.00000,0.70711,1188.4
quat7,0.00000,0.70711,0.00000,0.70711,1188.4
quat8,0.00000,0.70711,0.00000,0.70711,1188.4
quat0,0.69308,-0.20720,0.67095,0.16289,1188.42
quat1,-0.51910,0.63585,0.23297,0.52150,1188.42
quat2,-0.71546,0.12661,-0.02263,0.68672,1188.42
quat3,-0.32527,0.62537,0.35155,0.61606,1188.42
quat4,-0.25715,0.74104,0.62024,0.00464,1188.42
quat5,0.00000,0.70711,0.00000,0.70711,1188.42
quat6,0.00000,0.70711,0.00000,0.70711,1188.42
quat7,0.00000,0.70711,0.00000,0.70711,1188.42
quat8,0.00000,0.70711,0.00000,0.70711,1188.42
quat0,0.69389,-0.20862,0.66923,0.16466,1188.44
quat1,-0.52239,0.62052,0.24400,0.53154,1188.44
quat2,-0.72538,0.10921,-0.00404,0.67962,1188.44
quat3,-0.32724,0.63477,0.34645,0.60824,1188.44
quat4,-0.27104,0.74526,0.60894,-0.01790,1188.44
quat5,0.00000,0.70711,0.00000,0.70711,1188.44
quat6,0.00000,0.70711,0.00000,0.70711,1188.44
quat7,0.00000,0.70711,0.00000,0.70711,1188.44
quat8,0.00000,0.70711,0.00000,0.70711,1188.44
quat0,0.69437,-0.21020,0.66781,0.16640,1188.46
quat1,-0.52383,0.60515,0.25518,0.54248,1188.46
quat2,-0.73292,0.08765,0.01614,0.67445,1188.46
quat3,-0.32971,0.64711,0.34241,0.59607,1188.46
quat4,-0.28603,0.74779,0.59770,-0.04192,1188.46
quat5,0.00000,0.70711,0.00000,0.70711,1188.46
quat6,0.00000,0.70711,0.00000,0.70711,1188.46
quat7,0.00000,0.70711,0.00000,0.70711,1188.46
quat8,0.00000,0.70711,0.00000,0.70711,1188.46
quat0,0.69437,-0.21172,0.66676,0.16873,1188.48
quat1,-0.52339,0.59171,0.26662,0.55214,1188.48
quat2,-0.73806,0.06325,0.03881,0.67065,1188.48
quat3,-0.33283,0.66211,0.33791,0.58021,1188.48
quat4,-0.30302,0.74868,0.58616,-0.06392,1188.48
quat5,0.00000,0.70711,0.00000,0.70711,1188.48
quat6,0.00000,0.70711,0.00000,0.70711,1188.48
quat7,0.00000,0.70711,0.00000,0.70711,1188.48
quat8,0.00000,0.70711,0.00000,0.70711,1188.48
quat0,0.69427,-0.21260,0.66613,0.17051,1188.5
quat1,-0.52187,0.58008,0.27688,0.56080,1188.5
quat2,-0.74082,0.03510,0.06303,0.66782,1188.5
quat3,-0.33760,0.67807,0.33125,0.56261,1188.5
quat4,-0.32006,0.74816,0.57484,-0.08586,1188.5
quat5,0.00000,0.70711,0.00000,0.70711,1188.5
quat6,0.00000,0.70711,0.00000,0.70711,1188.5
quat7,0.00000,0.70711,0.00000,0.70711,1188.5
quat8,0.00000,0.70711,0.00000,0.70711,1188.5
quat0,0.69401,-0.21292,0.66594,0.17189,1188.52
quat1,-0.52022,0.56917,0.28601,0.56888,1188.52
quat2,-0.74084,0.00556,0.08883,0.66576,1188.52
quat3,-0.34359,0.69255,0.32340,0.54565,1188.52
quat4,-0.33794,0.74573,0.56405,-0.10739,1188.52
quat5,0.00000,0.70711,0.00000,0.70711,1188.52
quat6,0.00000,0.70711,0.00000,0.70711,1188.52
quat7,0.00000,0.70711,0.00000,0.70711,1188.52
quat8,0.00000,0.70711,0.00000,0.70711,1188.52
quat0,0.69339,-0.21352,0.66613,0.17288,1188.54
quat1,-0.51897,0.55638,0.29368,0.57868,1188.54
quat2,-0.73852,-0.02731,0.11175,0.66434,1188.54
quat3,-0.34933,0.70507,0.31537,0.53046,1188.54
quat4,-0.35595,0.74145,0.55398,-0.12906,1188.54
quat5,0.00000,0.70711,0.00000,0.70711,1188.54
quat6,0.00000,0.70711,0.00000,0.70711,1188.54
quat7,0.00000,0.70711,0.00000,0.70711,1188.54
quat8,0.00000,0.70711,0.00000,0.70711,1188.54
quat0,0.69311,-0.21403,0.66606,0.17361,1188.56
quat1,-0.51743,0.54241,0.29950,0.59022,1188.56
quat2,-0.73471,-0.06042,0.12976,0.66311,1188.56
quat3,-0.35459,0.71560,0.30855,0.51670,1188.56
quat4,-0.37390,0.73543,0.54497,-0.14948,1188.56
quat5,0.00000,0.70711,0.00000,0.70711,1188.56
quat6,0.00000,0.70711,0.00000,0.70711,1188.56
quat7,0.00000,0.70711,0.00000,0.70711,1188.56
quat8,0.00000,0.70711,0.00000,0.70711,1188.56
quat0,0.69202,-0.21411,0.66724,0.17337,1188.58
quat1,-0.51565,0.52784,0.30443,0.60234,1188.58
quat2,-0.73012,-0.09325,0.14145,0.66198,1188.58
quat3,-0.35878,0.72535,0.30343,0.50306,1188.58
quat4,-0.39011,0.72890,0.53689,-0.16815,1188.58
quat5,0.00000,0.70711,0.00000,0.70711,1188.58
quat6,0.00000,0.70711,0.00000,0.70711,1188.58
quat7,0.00000,0.70711,0.00000,0.70711,1188.58
quat8,0.00000,0.70711,0.00000,0.70711,1188.58
quat0,0.69041,-0.21479,0.66875,0.17310,1188.6
quat1,-0.51342,0.51221,0.30822,0.61567,1188.6
quat2,-0.72523,-0.12233,0.14896,0.66098,1188.6
quat3,-0.36162,0.73495,0.30131,0.48815,1188.6
quat4,-0.40472,0.72245,0.52949,-0.18416,1188.6
quat5,0.00000,0.70711,0.00000,0.70711,1188.6
quat6,0.00000,0.70711,0.00000,0.70711,1188.6
quat7,0.00000,0.70711,0.00000,0.70711,1188.6
quat8,0.00000,0.70711,0.00000,0.70711,1188.6
quat0,0.68894,-0.21588,0.66982,0.17350,1188.62
quat1,-0.51343,0.49719,0.30766,0.62812,1188.62
quat2,-0.72161,-0.14819,0.14991,0.65943,1188.62
quat3,-0.36244,0.74348,0.30289,0.47343,1188.62
quat4,-0.41426,0.71626,0.52456,-0.20050,1188.62
quat5,0.00000,0.70711,0.00000,0.70711,1188.62
quat6,0.00000,0.70711,0.00000,0.70711,1188.62
quat7,0.00000,0.70711,0.00000,0.70711,1188.62
quat8,0.00000,0.70711,0.00000,0.70711,1188.62
quat0,0.68688,-0.21668,0.67167,0.17348,1188.64
quat1,-0.50979,0.48919,0.31166,0.63535,1188.64
quat2,-0.71996,-0.16883,0.14619,0.65710,1188.64
quat3,-0.36326,0.74872,0.30710,0.46168,1188.64
quat4,-0.41775,0.71020,0.52408,-0.21549,1188.64
quat5,0.00000,0.70711,0.00000,0.70711,1188.64
quat6,0.00000,0.70711,0.00000,0.70711,1188.64
quat7,0.00000,0.70711,0.00000,0.70711,1188.64
quat8,0.00000,0.70711,0.00000,0.70711,1188.64
quat0,0.68546,-0.21725,0.67322,0.17238,1188.66
quat1,-0.50595,0.48420,0.31663,0.63977,1188.66
quat2,-0.71946,-0.18229,0.14121,0.65514,1188.66
quat3,-0.36447,0.75152,0.31257,0.45242,1188.66
quat4,-0.41613,0.70452,0.52782,-0.22779,1188.66
quat5,0.00000,0.70711,0.00000,0.70711,1188.66
quat6,0.00000,0.70711,0.00000,0.70711,1188.66
quat7,0.00000,0.70711,0.00000,0.70711,1188.66
quat8,0.00000,0.70711,0.00000,0.70711,1188.66
quat0,0.68559,-0.21838,0.67274,0.17236,1188.68
quat1,-0.50488,0.48279,0.31826,0.64088,1188.68
quat2,-0.71987,-0.18665,0.13614,0.65453,1188.68
quat3,-0.36487,0.75165,0.31807,0.44801,1188.68
quat4,-0.41038,0.69876,0.53523,-0.23844,1188.68
quat5,0.00000,0.70711,0.00000,0.70711,1188.68
quat6,0.00000,0.70711,0.00000,0.70711,1188.68
quat7,0.00000,0.70711,0.00000,0.70711,1188.68
quat8,0.00000,0.70711,0.00000,0.70711,1188.68
quat0,0.68540,-0.21993,0.67235,0.17263,1188.7
quat1,-0.50452,0.48505,0.31880,0.63918,1188.7
quat2,-0.72119,-0.18343,0.12986,0.65526,1188.7
quat3,-0.36528,0.74856,0.32188,0.45013,1188.7
quat4,-0.40050,0.69344,0.54548,-0.24737,1188.7
quat5,0.00000,0.70711,0.00000,0.70711,1188.7
quat6,0.00000,0.70711,0.00000,0.70711,1188.7
quat7,0.00000,0.70711,0.00000,0.70711,1188.7
quat8,0.00000,0.70711,0.00000,0.70711,1188.7
quat0,0.68542,-0.22206,0.67137,0.17365,1188.72
quat1,-0.50577,0.49025,0.31770,0.63476,1188.72
quat2,-0.72384,-0.17503,0.11960,0.65659,1188.72
quat3,-0.36560,0.74284,0.32531,0.45684,1188.72
quat4,-0.38798,0.68945,0.55724,-0.25223,1188.72
quat5,0.00000,0.70711,0.00000,0.70711,1188.72
quat6,0.00000,0.70711,0.00000,0.70711,1188.72
quat7,0.00000,0.70711,0.00000,0.70711,1188.72
quat8,0.00000,0.70711,0.00000,0.70711,1188.72
quat0,0.68557,-0.22514,0.66936,0.17683,1188.74
quat1,-0.50850,0.49838,0.31502,0.62754,1188.74
quat2,-0.72750,-0.16204,0.10511,0.65836,1188.74
quat3,-0.36559,0.73485,0.32929,0.46681,1188.74
quat4,-0.37616,0.68712,0.56894,-0.25038,1188.74
quat5,0.00000,0.70711,0.00000,0.70711,1188.74
quat6,0.00000,0.70711,0.00000,0.70711,1188.74
quat7,0.00000,0.70711,0.00000,0.70711,1188.74
quat8,0.00000,0.70711,0.00000,0.70711,1188.74
quat0,0.68565,-0.22742,0.66801,0.17866,1188.76
quat1,-0.51191,0.50912,0.31126,0.61795,1188.76
quat2,-0.73170,-0.14684,0.08606,0.66003,1188.76
quat3,-0.36481,0.72540,0.33459,0.47829,1188.76
quat4,-0.36685,0.68703,0.57852,-0.24233,1188.76
quat5,0.00000,0.70711,0.00000,0.70711,1188.76
quat6,0.00000,0.70711,0.00000,0.70711,1188.76
quat7,0.00000,0.70711,0.00000,0.70711,1188.76
quat8,0.00000,0.70711,0.00000,0.70711,1188.76
quat0,0.68609,-0.22953,0.66643,0.18018,1188.78
quat1,-0.51560,0.52190,0.30730,0.60609,1188.78
quat2,-0.73582,-0.12868,0.06362,0.66179,1188.78
quat3,-0.36366,0.71440,0.34086,0.49112,1188.78
quat4,-0.35853,0.68875,0.58754,-0.22776,1188.78
quat5,0.00000,0.70711,0.00000,0.70711,1188.78
quat6,0.00000,0.70711,0.00000,0.70711,1188.78
quat7,0.00000,0.70711,0.00000,0.70711,1188.78
quat8,0.00000,0.70711,0.00000,0.70711,1188.78
quat0,0.68668,-0.23145,0.66471,0.18185,1188.8
quat1,-0.51920,0.53610,0.30262,0.59283,1188.8
quat2,-0.73892,-0.10844,0.03942,0.66384,1188.8
quat3,-0.36228,0.70182,0.34756,0.50537,1188.8
quat4,-0.34868,0.69114,0.59699,-0.21058,1188.8
quat5,0.00000,0.70711,0.00000,0.70711,1188.8
quat6,0.00000,0.70711,0.00000,0.70711,1188.8
quat7,0.00000,0.70711,0.00000,0.70711,1188.8
quat8,0.00000,0.70711,0.00000,0.70711,1188.8
quat0,0.68715,-0.23312,0.66321,0.18338,1188.82
quat1,-0.52234,0.55118,0.29752,0.57866,1188.82
quat2,-0.74065,-0.08476,0.01647,0.66632,1188.82
quat3,-0.36062,0.68770,0.35510,0.52051,1188.82
quat4,-0.33820,0.69386,0.60639,-0.19097,1188.82
quat5,0.00000,0.70711,0.00000,0.70711,1188.82
quat6,0.00000,0.70711,0.00000,0.70711,1188.82
quat7,0.00000,0.70711,0.00000,0.70711,1188.82
quat8,0.00000,0.70711,0.00000,0.70711,1188.82
quat0,0.68774,-0.23431,0.66202,0.18397,1188.84
quat1,-0.52505,0.56720,0.29194,0.56336,1188.84
quat2,-0.74098,-0.05959,-0.00466,0.66887,1188.84
quat3,-0.35822,0.67168,0.36301,0.53736,1188.84
quat4,-0.32702,0.69684,0.61542,-0.16948,1188.84
quat5,0.00000,0.70711,0.00000,0.70711,1188.84
quat6,0.00000,0.70711,0.00000,0.70711,1188.84
quat7,0.00000,0.70711,0.00000,0.70711,1188.84
quat8,0.00000,0.70711,0.00000,0.70711,1188.84
quat0,0.68816,-0.23544,0.66084,0.18517,1188.86
quat1,-0.52678,0.58458,0.28623,0.54666,1188.86
quat2,-0.73997,-0.03158,-0.02249,0.67153,1188.86
quat3,-0.35568,0.65417,0.37084,0.55500,1188.86
quat4,-0.31335,0.69978,0.62478,-0.14751,1188.86
quat5,0.00000,0.70711,0.00000,0.70711,1188.86
quat6,0.00000,0.70711,0.00000,0.70711,1188.86
quat7,0.00000,0.70711,0.00000,0.70711,1188.86
quat8,0.00000,0.70711,0.00000,0.70711,1188.86
quat0,0.68849,-0.23676,0.65975,0.18616,1188.88
quat1,-0.52842,0.60111,0.27887,0.53072,1188.88
quat2,-0.73748,-0.00250,-0.03606,0.67440,1188.88
quat3,-0.35342,0.63699,0.37875,0.57087,1188.88
quat4,-0.29386,0.70288,0.63478,-0.12907,1188.88
quat5,0.00000,0.70711,0.00000,0.70711,1188.88
quat6,0.00000,0.70711,0.00000,0.70711,1188.88
quat7,0.00000,0.70711,0.00000,0.70711,1188.88
quat8,0.00000,0.70711,0.00000,0.70711,1188.88
quat0,0.68920,-0.23774,0.65848,0.18678,1188.9
quat1,-0.52948,0.61718,0.27037,0.51539,1188.9
quat2,-0.73383,0.02726,-0.04563,0.67725,1188.9
quat3,-0.35147,0.62167,0.38755,0.58292,1188.9
quat4,-0.27240,0.70561,0.64497,-0.10919,1188.9
quat5,0.00000,0.70711,0.00000,0.70711,1188.9
quat6,0.00000,0.70711,0.00000,0.70711,1188.9
quat7,0.00000,0.70711,0.00000,0.70711,1188.9
quat8,0.00000,0.70711,0.00000,0.70711,1188.9
quat0,0.68969,-0.23769,0.65807,0.18648,1188.92
quat1,-0.53062,0.63137,0.26086,0.50177,1188.92
quat2,-0.72878,0.05160,-0.05763,0.68037,1188.92
quat3,-0.34882,0.60874,0.39626,0.59223,1188.92
quat4,-0.25375,0.70712,0.65433,-0.08628,1188.92
quat5,0.00000,0.70711,0.00000,0.70711,1188.92
quat6,0.00000,0.70711,0.00000,0.70711,1188.92
quat7,0.00000,0.70711,0.00000,0.70711,1188.92
quat8,0.00000,0.70711,0.00000,0.70711,1188.92
quat0,0.68952,-0.23751,0.65862,0.18539,1188.94
quat1,-0.53187,0.64238,0.25055,0.49162,1188.94
quat2,-0.72176,0.07006,-0.07328,0.68468,1188.94
quat3,-0.34626,0.59840,0.40360,0.59928,1188.94
quat4,-0.24086,0.70660,0.66267,-0.05981,1188.94
quat5,0.00000,0.70711,0.00000,0.70711,1188.94
quat6,0.00000,0.70711,0.00000,0.70711,1188.94
quat7,0.00000,0.70711,0.00000,0.70711,1188.94
quat8,0.00000,0.70711,0.00000,0.70711,1188.94
quat0,0.68912,-0.23800,0.65905,0.18473,1188.96
quat1,-0.53278,0.65139,0.23965,0.48416,1188.96
quat2,-0.71263,0.08265,-0.09174,0.69058,1188.96
quat3,-0.34410,0.59171,0.41007,0.60275,1188.96
quat4,-0.23226,0.70369,0.67066,-0.03290,1188.96
quat5,0.00000,0.70711,0.00000,0.70711,1188.96
quat6,0.00000,0.70711,0.00000,0.70711,1188.96
quat7,0.00000,0.70711,0.00000,0.70711,1188.96
quat8,0.00000,0.70711,0.00000,0.70711,1188.96
quat0,0.68852,-0.23843,0.66003,0.18291,1188.98
quat1,-0.53382,0.65815,0.22887,0.47906,1188.98
quat2,-0.70282,0.09074,-0.10914,0.69707,1188.98
quat3,-0.34283,0.58807,0.41619,0.60285,1188.98
quat4,-0.22727,0.69832,0.67870,-0.00866,1188.98
quat5,0.00000,0.70711,0.00000,0.70711,1188.98
quat6,0.00000,0.70711,0.00000,0.70711,1188.98
quat7,0.00000,0.70711,0.00000,0.70711,1188.98
quat8,0.00000,0.70711,0.00000,0.70711,1188.98
quat0,0.68829,-0.23833,0.66071,0.18144,1189
quat1,-0.53415,0.66164,0.21809,0.47891,1189
quat2,-0.69284,0.09709,-0.12251,0.70394,1189
quat3,-0.34266,0.58589,0.42287,0.60042,1189
quat4,-0.22567,0.69110,0.68654,0.01067,1189
quat5,0.00000,0.70711,0.00000,0.70711,1189
quat6,0.00000,0.70711,0.00000,0.70711,1189
quat7,0.00000,0.70711,0.00000,0.70711,1189
quat8,0.00000,0.70711,0.00000,0.70711,1189
quat0,0.68835,-0.23872,0.66057,0.18120,1189.02
quat1,-0.53222,0.66322,0.20875,0.48302,1189.02
quat2,-0.68424,0.10381,-0.12948,0.71012,1189.02
quat3,-0.34411,0.58399,0.42952,0.59671,1189.02
quat4,-0.22812,0.68243,0.69403,0.02397,1189.02
quat5,0.00000,0.70711,0.00000,0.70711,1189.02
quat6,0.00000,0.70711,0.00000,0.70711,1189.02
quat7,0.00000,0.70711,0.00000,0.70711,1189.02
quat8,0.00000,0.70711,0.00000,0.70711,1189.02
quat0,0.68810,-0.23946,0.66057,0.18117,1189.04
quat1,-0.52734,0.66529,0.20364,0.48768,1189.04
quat2,-0.67698,0.10918,-0.13096,0.71598,1189.04
quat3,-0.34764,0.58180,0.43533,0.59258,1189.04
quat4,-0.23450,0.67307,0.70073,0.03091,1189.04
quat5,0.00000,0.70711,0.00000,0.70711,1189.04
quat6,0.00000,0.70711,0.00000,0.70711,1189.04
quat7,0.00000,0.70711,0.00000,0.70711,1189.04
quat8,0.00000,0.70711,0.00000,0.70711,1189.04
quat0,0.68761,-0.24058,0.66052,0.18171,1189.06
quat1,-0.51965,0.66881,0.20355,0.49114,1189.06
quat2,-0.67096,0.11144,-0.12746,0.72191,1189.06
quat3,-0.35294,0.58093,0.44004,0.58679,1189.06
quat4,-0.24527,0.66326,0.70630,0.03275,1189.06
quat5,0.00000,0.70711,0.00000,0.70711,1189.06
quat6,0.00000,0.70711,0.00000,0.70711,1189.06
quat7,0.00000,0.70711,0.00000,0.70711,1189.06
quat8,0.00000,0.70711,0.00000,0.70711,1189.06
quat0,0.68713,-0.24160,0.66065,0.18173,1189.08
quat1,-0.50980,0.67314,0.20758,0.49387,1189.08
quat2,-0.66597,0.10998,-0.11968,0.72805,1189.08
quat3,-0.35943,0.58269,0.44266,0.57907,1189.08
quat4,-0.26242,0.65256,0.71014,0.03175,1189.08
quat5,0.00000,0.70711,0.00000,0.70711,1189.08
quat6,0.00000,0.70711,0.00000,0.70711,1189.08
quat7,0.00000,0.70711,0.00000,0.70711,1189.08
quat8,0.00000,0.70711,0.00000,0.70711,1189.08
quat0,0.68595,-0.24273,0.66150,0.18158,1189.1
quat1,-0.49895,0.67751,0.21454,0.49598,1189.1
quat2,-0.66170,0.10450,-0.10914,0.73439,1189.1
quat3,-0.36632,0.58760,0.44322,0.56929,1189.1
quat4,-0.28525,0.64115,0.71186,0.02865,1189.1
quat5,0.00000,0.70711,0.00000,0.70711,1189.1
quat6,0.00000,0.70711,0.00000,0.70711,1189.1
quat7,0.00000,0.70711,0.00000,0.70711,1189.1
quat8,0.00000,0.70711,0.00000,0.70711,1189.1
quat0,0.68437,-0.24453,0.66244,0.18169,1189.12
quat1,-0.48765,0.68059,0.22294,0.49930,1189.12
quat2,-0.65805,0.09631,-0.09507,0.74071,1189.12
quat3,-0.37267,0.59439,0.44263,0.55848,1189.12
quat4,-0.31102,0.62999,0.71123,0.02290,1189.12
quat5,0.00000,0.70711,0.00000,0.70711,1189.12
quat6,0.00000,0.70711,0.00000,0.70711,1189.12
quat7,0.00000,0.70711,0.00000,0.70711,1189.12
quat8,0.00000,0.70711,0.00000,0.70711,1189.12
quat0,0.68295,-0.24599,0.66318,0.18239,1189.14
quat1,-0.47697,0.68107,0.23072,0.50538,1189.14
quat2,-0.65465,0.08494,-0.07911,0.74697,1189.14
quat3,-0.37957,0.60215,0.44038,0.54718,1189.14
quat4,-0.33557,0.62102,0.70823,0.01165,1189.14
quat5,0.00000,0.70711,0.00000,0.70711,1189.14
quat6,0.00000,0.70711,0.00000,0.70711,1189.14
quat7,0.00000,0.70711,0.00000,0.70711,1189.14
quat8,0.00000,0.70711,0.00000,0.70711,1189.14
quat0,0.68154,-0.24665,0.66450,0.18199,1189.16
quat1,-0.46734,0.67862,0.23759,0.51441,1189.16
quat2,-0.65102,0.06999,-0.06393,0.75312,1189.16
quat3,-0.38735,0.60979,0.43657,0.53622,1189.16
quat4,-0.35617,0.61485,0.70362,-0.00547,1189.16
quat5,0.00000,0.70711,0.00000,0.70711,1189.16
quat6,0.00000,0.70711,0.00000,0.70711,1189.16
quat7,0.00000,0.70711,0.00000,0.70711,1189.16
quat8,0.00000,0.70711,0.00000,0.70711,1189.16
quat0,0.68051,-0.24751,0.66518,0.18217,1189.18
quat1,-0.45855,0.67200,0.24355,0.52804,1189.18
quat2,-0.64695,0.05045,-0.05021,0.75920,1189.18
quat3,-0.39445,0.61798,0.43274,0.52464,1189.18
quat4,-0.37205,0.61051,0.69859,-0.02865,1189.18
quat5,0.00000,0.70711,0.00000,0.70711,1189.18
quat6,0.00000,0.70711,0.00000,0.70711,1189.18
quat7,0.00000,0.70711,0.00000,0.70711,1189.18
quat8,0.00000,0.70711,0.00000,0.70711,1189.18
quat0,0.67962,-0.24791,0.66600,0.18192,1189.2
quat1,-0.45008,0.66316,0.24916,0.54366,1189.2
quat2,-0.64334,0.02998,-0.03331,0.76427,1189.2
quat3,-0.39964,0.62673,0.42976,0.51265,1189.2
quat4,-0.38629,0.60644,0.69295,-0.05325,1189.2
quat5,0.00000,0.70711,0.00000,0.70711,1189.2
quat6,0.00000,0.70711,0.00000,0.70711,1189.2
quat7,0.00000,0.70711,0.00000,0.70711,1189.2
quat8,0.00000,0.70711,0.00000,0.70711,1189.2
quat0,0.67952,-0.24774,0.66641,0.18104,1189.22
quat1,-0.44067,0.65482,0.25646,0.55789,1189.22
quat2,-0.63998,0.00878,-0.01462,0.76821,1189.22
quat3,-0.40340,0.63659,0.42731,0.49943,1189.22
quat4,-0.39926,0.60324,0.68599,-0.07824,1189.22
quat5,0.00000,0.70711,0.00000,0.70711,1189.22
quat6,0.00000,0.70711,0.00000,0.70711,1189.22
quat7,0.00000,0.70711,0.00000,0.70711,1189.22
quat8,0.00000,0.70711,0.00000,0.70711,1189.22
quat0,0.67912,-0.24682,0.66745,0.17996,1189.24
quat1,-0.43004,0.64636,0.26618,0.57134,1189.24
quat2,-0.63718,-0.01226,0.00581,0.77059,1189.24
quat3,-0.40618,0.64853,0.42470,0.48380,1189.24
quat4,-0.41213,0.60051,0.67760,-0.10198,1189.24
quat5,0.00000,0.70711,0.00000,0.70711,1189.24
quat6,0.00000,0.70711,0.00000,0.70711,1189.24
quat7,0.00000,0.70711,0.00000,0.70711,1189.24
quat8,0.00000,0.70711,0.00000,0.70711,1189.24
quat0,0.67852,-0.24576,0.66869,0.17908,1189.26
quat1,-0.42069,0.63598,0.27471,0.58573,1189.26
quat2,-0.63449,-0.03327,0.02680,0.77175,1189.26
quat3,-0.40776,0.66133,0.42231,0.46693,1189.26
quat4,-0.42381,0.59820,0.66842,-0.12550,1189.26
quat5,0.00000,0.70711,0.00000,0.70711,1189.26
quat6,0.00000,0.70711,0.00000,0.70711,1189.26
quat7,0.00000,0.70711,0.00000,0.70711,1189.26
quat8,0.00000,0.70711,0.00000,0.70711,1189.26
quat0,0.67883,-0.24409,0.66942,0.17743,1189.28
quat1,-0.41452,0.62218,0.28030,0.60208,1189.28
quat2,-0.63207,-0.05219,0.04892,0.77161,1189.28
quat3,-0.40947,0.67257,0.41975,0.45144,1189.28
quat4,-0.43491,0.59562,0.65924,-0.14659,1189.28
quat5,0.00000,0.70711,0.00000,0.70711,1189.28
quat6,0.00000,0.70711,0.00000,0.70711,1189.28
quat7,0.00000,0.70711,0.00000,0.70711,1189.28
quat8,0.00000,0.70711,0.00000,0.70711,1189.28
quat0,0.67931,-0.24207,0.67015,0.17558,1189.3
quat1,-0.41057,0.60627,0.28380,0.61914,1189.3
quat2,-0.62957,-0.06947,0.07025,0.77064,1189.3
quat3,-0.41134,0.68278,0.41676,0.43695,1189.3
quat4,-0.44401,0.59330,0.65064,-0.16591,1189.3
quat5,0.00000,0.70711,0.00000,0.70711,1189.3
quat6,0.00000,0.70711,0.00000,0.70711,1189.3
quat7,0.00000,0.70711,0.00000,0.70711,1189.3
quat8,0.00000,0.70711,0.00000,0.70711,1189.3
quat0,0.68015,-0.24095,0.67002,0.17436,1189.32
quat1,-0.40677,0.59109,0.28778,0.63430,1189.32
quat2,-0.62706,-0.08213,0.09113,0.76925,1189.32
quat3,-0.41282,0.69291,0.41262,0.42332,1189.32
quat4,-0.45119,0.59127,0.64295,-0.18286,1189.32
quat5,0.00000,0.70711,0.00000,0.70711,1189.32
quat6,0.00000,0.70711,0.00000,0.70711,1189.32
quat7,0.00000,0.70711,0.00000,0.70711,1189.32
quat8,0.00000,0.70711,0.00000,0.70711,1189.32
quat0,0.68143,-0.23937,0.66983,0.17228,1189.34
quat1,-0.40280,0.57661,0.29138,0.64836,1189.34
quat2,-0.62449,-0.08954,0.11128,0.76786,1189.34
quat3,-0.41380,0.70204,0.40724,0.41239,1189.34
quat4,-0.45616,0.58971,0.63653,-0.19745,1189.34
quat5,0.00000,0.70711,0.00000,0.70711,1189.34
quat6,0.00000,0.70711,0.00000,0.70711,1189.34
quat7,0.00000,0.70711,0.00000,0.70711,1189.34
quat8,0.00000,0.70711,0.00000,0.70711,1189.34
quat0,0.68229,-0.23732,0.67014,0.17052,1189.36
quat1,-0.40023,0.56340,0.29312,0.66066,1189.36
quat2,-0.62171,-0.09190,0.12969,0.76695,1189.36
quat3,-0.41483,0.70922,0.40158,0.40454,1189.36
quat4,-0.46008,0.58860,0.63152,-0.20750,1189.36
quat5,0.00000,0.70711,0.00000,0.70711,1189.36
quat6,0.00000,0.70711,0.00000,0.70711,1189.36
quat7,0.00000,0.70711,0.00000,0.70711,1189.36
quat8,0.00000,0.70711,0.00000,0.70711,1189.36
quat0,0.68267,-0.23579,0.67047,0.16978,1189.38
quat1,-0.39889,0.55375,0.29393,0.66922,1189.38
quat2,-0.61956,-0.09292,0.14332,0.76614,1189.38
quat3,-0.41468,0.71441,0.39790,0.39917,1189.38
quat4,-0.46166,0.58878,0.62760,-0.21524,1189.38
quat5,0.00000,0.70711,0.00000,0.70711,1189.38
quat6,0.00000,0.70711,0.00000,0.70711,1189.38
quat7,0.00000,0.70711,0.00000,0.70711,1189.38
quat8,0.00000,0.70711,0.00000,0.70711,1189.38
quat0,0.68277,-0.23549,0.67053,0.16959,1189.4
quat1,-0.39779,0.54796,0.29472,0.67428,1189.4
quat2,-0.61854,-0.09120,0.15030,0.76583,1189.4
quat3,-0.41392,0.71737,0.39595,0.39657,1189.4
quat4,-0.46131,0.58865,0.62577,-0.22158,1189.4
quat5,0.00000,0.70711,0.00000,0.70711,1189.4
quat6,0.00000,0.70711,0.00000,0.70711,1189.4
quat7,0.00000,0.70711,0.00000,0.70711,1189.4
quat8,0.00000,0.70711,0.00000,0.70711,1189.4
quat0,0.68296,-0.23486,0.67066,0.16919,1189.42
quat1,-0.39753,0.54648,0.29444,0.67574,1189.42
quat2,-0.61829,-0.09025,0.15296,0.76562,1189.42
quat3,-0.41271,0.71761,0.39512,0.39822,1189.42
quat4,-0.45410,0.59006,0.62736,-0.22811,1189.42
quat5,0.00000,0.70711,0.00000,0.70711,1189.42
quat6,0.00000,0.70711,0.00000,0.70711,1189.42
quat7,0.00000,0.70711,0.00000,0.70711,1189.42
quat8,0.00000,0.70711,0.00000,0.70711,1189.42
quat0,0.68315,-0.23498,0.67048,0.16893,1189.44
quat1,-0.39760,0.55007,0.29339,0.67325,1189.44
quat2,-0.61923,-0.08873,0.14864,0.76589,1189.44
quat3,-0.41030,0.71569,0.39673,0.40256,1189.44
quat4,-0.44564,0.59090,0.63200,-0.22984,1189.44
quat5,0.00000,0.70711,0.00000,0.70711,1189.44
quat6,0.00000,0.70711,0.00000,0.70711,1189.44
quat7,0.00000,0.70711,0.00000,0.70711,1189.44
quat8,0.00000,0.70711,0.00000,0.70711,1189.44
quat0,0.68361,-0.23589,0.66948,0.16980,1189.46
quat1,-0.39823,0.55723,0.29186,0.66762,1189.46
quat2,-0.62032,-0.08480,0.13943,0.76718,1189.46
quat3,-0.40715,0.71146,0.40157,0.40841,1189.46
quat4,-0.43243,0.59623,0.63680,-0.22805,1189.46
quat5,0.00000,0.70711,0.00000,0.70711,1189.46
quat6,0.00000,0.70711,0.00000,0.70711,1189.46
quat7,0.00000,0.70711,0.00000,0.70711,1189.46
quat8,0.00000,0.70711,0.00000,0.70711,1189.46
quat0,0.68371,-0.23653,0.66896,0.17056,1189.48
quat1,-0.39989,0.56605,0.28887,0.66048,1189.48
quat2,-0.62201,-0.08055,0.12247,0.76917,1189.48
quat3,-0.40372,0.70590,0.40714,0.41589,1189.48
quat4,-0.41309,0.60164,0.64579,-0.22438,1189.48
quat5,0.00000,0.70711,0.00000,0.70711,1189.48
quat6,0.00000,0.70711,0.00000,0.70711,1189.48
quat7,0.00000,0.70711,0.00000,0.70711,1189.48
quat8,0.00000,0.70711,0.00000,0.70711,1189.48
quat0,0.68408,-0.23665,0.66850,0.17073,1189.5
quat1,-0.40252,0.57624,0.28464,0.65185,1189.5
quat2,-0.62396,-0.07493,0.09861,0.77158,1189.5
quat3,-0.40007,0.69859,0.41323,0.42563,1189.5
quat4,-0.39098,0.60826,0.65620,-0.21577,1189.5
quat5,0.00000,0.70711,0.00000,0.70711,1189.5
quat6,0.00000,0.70711,0.00000,0.70711,1189.5
quat7,0.00000,0.70711,0.00000,0.70711,1189.5
quat8,0.00000,0.70711,0.00000,0.70711,1189.5
quat0,0.68466,-0.23656,0.66781,0.17120,1189.52
quat1,-0.40584,0.58817,0.27951,0.64127,1189.52
quat2,-0.62548,-0.06839,0.06877,0.77419,1189.52
quat3,-0.39606,0.68975,0.41872,0.43825,1189.52
quat4,-0.37057,0.61516,0.66607,-0.20152,1189.52
quat5,0.00000,0.70711,0.00000,0.70711,1189.52
quat6,0.00000,0.70711,0.00000,0.70711,1189.52
quat7,0.00000,0.70711,0.00000,0.70711,1189.52
quat8,0.00000,0.70711,0.00000,0.70711,1189.52
quat0,0.68513,-0.23715,0.66685,0.17225,1189.54
quat1,-0.41005,0.60162,0.27371,0.62849,1189.54
quat2,-0.62617,-0.05832,0.03736,0.77660,1189.54
quat3,-0.39215,0.67945,0.42347,0.45303,1189.54
quat4,-0.34997,0.62387,0.67458,-0.18236,1189.54
quat5,0.00000,0.70711,0.00000,0.70711,1189.54
quat6,0.00000,0.70711,0.00000,0.70711,1189.54
quat7,0.00000,0.70711,0.00000,0.70711,1189.54
quat8,0.00000,0.70711,0.00000,0.70711,1189.54
quat0,0.68550,-0.23735,0.66621,0.17299,1189.56
quat1,-0.41511,0.61672,0.26722,0.61313,1189.56
quat2,-0.62597,-0.04425,0.00711,0.77856,1189.56
quat3,-0.38814,0.66780,0.42720,0.46999,1189.56
quat4,-0.32654,0.63261,0.68323,-0.16239,1189.56
quat5,0.00000,0.70711,0.00000,0.70711,1189.56
quat6,0.00000,0.70711,0.00000,0.70711,1189.56
quat7,0.00000,0.70711,0.00000,0.70711,1189.56
quat8,0.00000,0.70711,0.00000,0.70711,1189.56
quat0,0.68606,-0.23666,0.66587,0.17301,1189.58
quat1,-0.42073,0.63314,0.26039,0.59524,1189.58
quat2,-0.62572,-0.02353,-0.01765,0.77949,1189.58
quat3,-0.38439,0.65414,0.43014,0.48921,1189.58
quat4,-0.30237,0.64119,0.69122,-0.14019,1189.58
quat5,0.00000,0.70711,0.00000,0.70711,1189.58
quat6,0.00000,0.70711,0.00000,0.70711,1189.58
quat7,0.00000,0.70711,0.00000,0.70711,1189.58
quat8,0.00000,0.70711,0.00000,0.70711,1189.58
quat0,0.68640,-0.23607,0.66565,0.17332,1189.6
quat1,-0.42687,0.65023,0.25288,0.57535,1189.6
quat2,-0.62576,0.00203,-0.03688,0.77914,1189.6
quat3,-0.37986,0.63917,0.43246,0.51005,1189.6
quat4,-0.27601,0.64980,0.69816,-0.11892,1189.6
quat5,0.00000,0.70711,0.00000,0.70711,1189.6
quat6,0.00000,0.70711,0.00000,0.70711,1189.6
quat7,0.00000,0.70711,0.00000,0.70711,1189.6
quat8,0.00000,0.70711,0.00000,0.70711,1189.6
quat0,0.68697,-0.23528,0.66541,0.17302,1189.62
quat1,-0.43371,0.66668,0.24426,0.55477,1189.62
quat2,-0.62694,0.03327,-0.04999,0.77675,1189.62
quat3,-0.37389,0.62406,0.43411,0.53133,1189.62
quat4,-0.24920,0.65849,0.70344,-0.09729,1189.62
quat5,0.00000,0.70711,0.00000,0.70711,1189.62
quat6,0.00000,0.70711,0.00000,0.70711,1189.62
quat7,0.00000,0.70711,0.00000,0.70711,1189.62
quat8,0.00000,0.70711,0.00000,0.70711,1189.62
quat0,0.68743,-0.23399,0.66559,0.17226,1189.64
quat1,-0.44078,0.68146,0.23559,0.53463,1189.64
quat2,-0.62965,0.06644,-0.05996,0.77171,1189.64
quat3,-0.36630,0.61004,0.43533,0.55152,1189.64
quat4,-0.22356,0.66687,0.70683,-0.07546,1189.64
quat5,0.00000,0.70711,0.00000,0.70711,1189.64
quat6,0.00000,0.70711,0.00000,0.70711,1189.64
quat7,0.00000,0.70711,0.00000,0.70711,1189.64
quat8,0.00000,0.70711,0.00000,0.70711,1189.64
quat0,0.68810,-0.23243,0.66565,0.17150,1189.66
quat1,-0.44853,0.69219,0.22761,0.51758,1189.66
quat2,-0.63303,0.09835,-0.06910,0.76474,1189.66
quat3,-0.35737,0.59732,0.43615,0.57033,1189.66
quat4,-0.20225,0.67538,0.70734,-0.05134,1189.66
quat5,0.00000,0.70711,0.00000,0.70711,1189.66
quat6,0.00000,0.70711,0.00000,0.70711,1189.66
quat7,0.00000,0.70711,0.00000,0.70711,1189.66
quat8,0.00000,0.70711,0.00000,0.70711,1189.66
quat0,0.68767,-0.23123,0.66665,0.17095,1189.68
quat1,-0.45708,0.70001,0.22000,0.50266,1189.68
quat2,-0.63627,0.12464,-0.08084,0.75702,1189.68
quat3,-0.34764,0.58629,0.43560,0.58793,1189.68
quat4,-0.18412,0.68393,0.70542,-0.02690,1189.68
quat5,0.00000,0.70711,0.00000,0.70711,1189.68
quat6,0.00000,0.70711,0.00000,0.70711,1189.68
quat7,0.00000,0.70711,0.00000,0.70711,1189.68
quat8,0.00000,0.70711,0.00000,0.70711,1189.68
quat0,0.68706,-0.22969,0.66791,0.17053,1189.7
quat1,-0.46685,0.70402,0.21257,0.49115,1189.7
quat2,-0.64028,0.14728,-0.09207,0.74825,1189.7
quat3,-0.33804,0.57722,0.43422,0.60332,1189.7
quat4,-0.16703,0.69231,0.70199,-0.00413,1189.7
quat5,0.00000,0.70711,0.00000,0.70711,1189.7
quat6,0.00000,0.70711,0.00000,0.70711,1189.7
quat7,0.00000,0.70711,0.00000,0.70711,1189.7
quat8,0.00000,0.70711,0.00000,0.70711,1189.7
quat0,0.68634,-0.22742,0.66956,0.17006,1189.72
quat1,-0.47813,0.70320,0.20407,0.48502,1189.72
quat2,-0.64514,0.16542,-0.10248,0.73888,1189.72
quat3,-0.32848,0.57141,0.43305,0.61487,1189.72
quat4,-0.14886,0.70081,0.69751,0.01368,1189.72
quat5,0.00000,0.70711,0.00000,0.70711,1189.72
quat6,0.00000,0.70711,0.00000,0.70711,1189.72
quat7,0.00000,0.70711,0.00000,0.70711,1189.72
quat8,0.00000,0.70711,0.00000,0.70711,1189.72
quat0,0.68538,-0.22513,0.67151,0.16926,1189.74
quat1,-0.48983,0.69874,0.19624,0.48303,1189.74
quat2,-0.65066,0.17864,-0.11225,0.72948,1189.74
quat3,-0.31963,0.56848,0.43145,0.62332,1189.74
quat4,-0.13267,0.70961,0.69144,0.02762,1189.74
quat5,0.00000,0.70711,0.00000,0.70711,1189.74
quat6,0.00000,0.70711,0.00000,0.70711,1189.74
quat7,0.00000,0.70711,0.00000,0.70711,1189.74
quat8,0.00000,0.70711,0.00000,0.70711,1189.74
quat0,0.68534,-0.22365,0.67217,0.16876,1189.76
quat1,-0.50069,0.69229,0.19187,0.48294,1189.76
quat2,-0.65642,0.18460,-0.12242,0.72114,1189.76
quat3,-0.31224,0.56888,0.42832,0.62883,1189.76
quat4,-0.12239,0.71780,0.68432,0.03853,1189.76
quat5,0.00000,0.70711,0.00000,0.70711,1189.76
quat6,0.00000,0.70711,0.00000,0.70711,1189.76
quat7,0.00000,0.70711,0.00000,0.70711,1189.76
quat8,0.00000,0.70711,0.00000,0.70711,1189.76
quat0,0.68648,-0.22306,0.67108,0.16923,1189.78
quat1,-0.50919,0.68662,0.19199,0.48211,1189.78
quat2,-0.66322,0.18413,-0.13034,0.71362,1189.78
quat3,-0.30564,0.57118,0.42357,0.63318,1189.78
quat4,-0.12144,0.72454,0.67683,0.04680,1189.78
quat5,0.00000,0.70711,0.00000,0.70711,1189.78
quat6,0.00000,0.70711,0.00000,0.70711,1189.78
quat7,0.00000,0.70711,0.00000,0.70711,1189.78
quat8,0.00000,0.70711,0.00000,0.70711,1189.78
quat0,0.68724,-0.22233,0.67062,0.16894,1189.8
quat1,-0.51615,0.68102,0.19511,0.48139,1189.8
quat2,-0.67195,0.17939,-0.13316,0.70610,1189.8
quat3,-0.30053,0.57442,0.41699,0.63705,1189.8
quat4,-0.12875,0.73015,0.66900,0.05241,1189.8
quat5,0.00000,0.70711,0.00000,0.70711,1189.8
quat6,0.00000,0.70711,0.00000,0.70711,1189.8
quat7,0.00000,0.70711,0.00000,0.70711,1189.8
quat8,0.00000,0.70711,0.00000,0.70711,1189.8
quat0,0.68813,-0.22172,0.66989,0.16899,1189.82
quat1,-0.52162,0.67457,0.20084,0.48222,1189.82
quat2,-0.68240,0.17180,-0.12946,0.69861,1189.82
quat3,-0.29834,0.57900,0.40790,0.63982,1189.82
quat4,-0.14145,0.73558,0.66030,0.05391,1189.82
quat5,0.00000,0.70711,0.00000,0.70711,1189.82
quat6,0.00000,0.70711,0.00000,0.70711,1189.82
quat7,0.00000,0.70711,0.00000,0.70711,1189.82
quat8,0.00000,0.70711,0.00000,0.70711,1189.82
quat0,0.68878,-0.22221,0.66898,0.16932,1189.84
quat1,-0.52605,0.66620,0.20957,0.48532,1189.84
quat2,-0.69385,0.16219,-0.11939,0.69138,1189.84
quat3,-0.29883,0.58409,0.39746,0.64154,1189.84
quat4,-0.15639,0.74150,0.65061,0.04939,1189.84
quat5,0.00000,0.70711,0.00000,0.70711,1189.84
quat6,0.00000,0.70711,0.00000,0.70711,1189.84
quat7,0.00000,0.70711,0.00000,0.70711,1189.84
quat8,0.00000,0.70711,0.00000,0.70711,1189.84
quat0,0.69007,-0.22342,0.66718,0.16958,1189.86
quat1,-0.52999,0.65524,0.21921,0.49165,1189.86
quat2,-0.70527,0.14944,-0.10515,0.68499,1189.86
quat3,-0.30093,0.59067,0.38777,0.64045,1189.86
quat4,-0.17155,0.74746,0.64070,0.03707,1189.86
quat5,0.00000,0.70711,0.00000,0.70711,1189.86
quat6,0.00000,0.70711,0.00000,0.70711,1189.86
quat7,0.00000,0.70711,0.00000,0.70711,1189.86
quat8,0.00000,0.70711,0.00000,0.70711,1189.86
quat0,0.69147,-0.22454,0.66522,0.17010,1189.88
quat1,-0.53254,0.64301,0.22977,0.50014,1189.88
quat2,-0.71593,0.13418,-0.08664,0.67966,1189.88
quat3,-0.30428,0.59993,0.37922,0.63537,1189.88
quat4,-0.18694,0.75323,0.63030,0.02044,1189.88
quat5,0.00000,0.70711,0.00000,0.70711,1189.88
quat6,0.00000,0.70711,0.00000,0.70711,1189.88
quat7,0.00000,0.70711,0.00000,0.70711,1189.88
quat8,0.00000,0.70711,0.00000,0.70711,1189.88
quat0,0.69214,-0.22563,0.66398,0.17077,1189.9
quat1,-0.53252,0.63168,0.24183,0.50884,1189.9
quat2,-0.72517,0.11554,-0.06450,0.67574,1189.9
quat3,-0.30792,0.61157,0.37196,0.62674,1189.9
quat4,-0.20214,0.75791,0.62025,-0.00154,1189.9
quat5,0.00000,0.70711,0.00000,0.70711,1189.9
quat6,0.00000,0.70711,0.00000,0.70711,1189.9
quat7,0.00000,0.70711,0.00000,0.70711,1189.9
quat8,0.00000,0.70711,0.00000,0.70711,1189.9
quat0,0.69286,-0.22665,0.66276,0.17124,1189.92
quat1,-0.53027,0.62176,0.25412,0.51735,1189.92
quat2,-0.73266,0.09518,-0.03902,0.67278,1189.92
quat3,-0.31236,0.62517,0.36482,0.61523,1189.92
quat4,-0.21967,0.76050,0.61052,-0.02564,1189.92
quat5,0.00000,0.70711,0.00000,0.70711,1189.92
quat6,0.00000,0.70711,0.00000,0.70711,1189.92
quat7,0.00000,0.70711,0.00000,0.70711,1189.92
quat8,0.00000,0.70711,0.00000,0.70711,1189.92
quat0,0.69372,-0.22707,0.66159,0.17172,1189.94
quat1,-0.52762,0.61046,0.26494,0.52798,1189.94
quat2,-0.73762,0.07101,-0.01343,0.67133,1189.94
quat3,-0.31718,0.64006,0.35747,0.60162,1189.94
quat4,-0.23788,0.76163,0.60055,-0.05168,1189.94
quat5,0.00000,0.70711,0.00000,0.70711,1189.94
quat6,0.00000,0.70711,0.00000,0.70711,1189.94
quat7,0.00000,0.70711,0.00000,0.70711,1189.94
quat8,0.00000,0.70711,0.00000,0.70711,1189.94
quat0,0.69430,-0.22742,0.66089,0.17163,1189.96
quat1,-0.52395,0.59745,0.27501,0.54120,1189.96
quat2,-0.73984,0.04328,0.01114,0.67129,1189.96
quat3,-0.32228,0.65510,0.35000,0.58693,1189.96
quat4,-0.25841,0.76057,0.59074,-0.07610,1189.96
quat5,0.00000,0.70711,0.00000,0.70711,1189.96
quat6,0.00000,0.70711,0.00000,0.70711,1189.96
quat7,0.00000,0.70711,0.00000,0.70711,1189.96
quat8,0.00000,0.70711,0.00000,0.70711,1189.96
quat0,0.69528,-0.22853,0.65926,0.17246,1189.98
quat1,-0.51941,0.58616,0.28492,0.55268,1189.98
quat2,-0.73932,0.01108,0.03295,0.67246,1189.98
quat3,-0.32759,0.67104,0.34232,0.57027,1189.98
quat4,-0.28267,0.75737,0.58091,-0.09506,1189.98
quat5,0.00000,0.70711,0.00000,0.70711,1189.98
quat6,0.00000,0.70711,0.00000,0.70711,1189.98
quat7,0.00000,0.70711,0.00000,0.70711,1189.98
quat8,0.00000,0.70711,0.00000,0.70711,1189.98
quat0,0.69646,-0.22810,0.65841,0.17149,1190
quat1,-0.51406,0.57526,0.29649,0.56296,1190
quat2,-0.73603,-0.02198,0.05095,0.67467,1190
quat3,-0.33393,0.68740,0.33268,0.55254,1190
quat4,-0.31236,0.75241,0.56984,-0.10764,1190
quat5,0.00000,0.70711,0.00000,0.70711,1190
quat6,0.00000,0.70711,0.00000,0.70711,1190
quat7,0.00000,0.70711,0.00000,0.70711,1190
quat8,0.00000,0.70711,0.00000,0.70711,1190
quat0,0.69670,-0.22714,0.65893,0.16980,1190.02
quat1,-0.50817,0.55712,0.30591,0.58120,1190.02
quat2,-0.73067,-0.05703,0.06211,0.67750,1190.02
quat3,-0.34024,0.70410,0.32221,0.53354,1190.02
quat4,-0.34280,0.74665,0.55746,-0.11933,1190.02
quat5,0.00000,0.70711,0.00000,0.70711,1190.02
quat6,0.00000,0.70711,0.00000,0.70711,1190.02
quat7,0.00000,0.70711,0.00000,0.70711,1190.02
quat8,0.00000,0.70711,0.00000,0.70711,1190.02
quat0,0.69697,-0.22646,0.65912,0.16886,1190.04
quat1,-0.50368,0.53442,0.30841,0.60464,1190.04
quat2,-0.72503,-0.08948,0.07031,0.67925,1190.04
quat3,-0.34679,0.71885,0.31443,0.51393,1190.04
quat4,-0.37033,0.73958,0.54600,-0.13326,1190.04
quat5,0.00000,0.70711,0.00000,0.70711,1190.04
quat6,0.00000,0.70711,0.00000,0.70711,1190.04
quat7,0.00000,0.70711,0.00000,0.70711,1190.04
quat8,0.00000,0.70711,0.00000,0.70711,1190.04
quat0,0.69743,-0.22492,0.65961,0.16710,1190.06
quat1,-0.49632,0.51408,0.31269,0.62579,1190.06
quat2,-0.71867,-0.11759,0.07761,0.68092,1190.06
quat3,-0.35210,0.73313,0.31111,0.49168,1190.06
quat4,-0.39262,0.73132,0.53723,-0.14966,1190.06
quat5,0.00000,0.70711,0.00000,0.70711,1190.06
quat6,0.00000,0.70711,0.00000,0.70711,1190.06
quat7,0.00000,0.70711,0.00000,0.70711,1190.06
quat8,0.00000,0.70711,0.00000,0.70711,1190.06
quat0,0.69811,-0.22224,0.66050,0.16430,1190.08
quat1,-0.48586,0.49825,0.32077,0.64249,1190.08
quat2,-0.71274,-0.14154,0.08381,0.68187,1190.08
quat3,-0.35517,0.74639,0.31150,0.46874,1190.08
quat4,-0.41140,0.72290,0.53017,-0.16456,1190.08
quat5,0.00000,0.70711,0.00000,0.70711,1190.08
quat6,0.00000,0.70711,0.00000,0.70711,1190.08
quat7,0.00000,0.70711,0.00000,0.70711,1190.08
quat8,0.00000,0.70711,0.00000,0.70711,1190.08
quat0,0.69787,-0.22182,0.66124,0.16290,1190.1
quat1,-0.47583,0.48671,0.32714,0.65550,1190.1
quat2,-0.70743,-0.16385,0.08759,0.68192,1190.1
quat3,-0.35567,0.75766,0.31399,0.44817,1190.1
quat4,-0.42606,0.71490,0.52486,-0.17863,1190.1
quat5,0.00000,0.70711,0.00000,0.70711,1190.1
quat6,0.00000,0.70711,0.00000,0.70711,1190.1
quat7,0.00000,0.70711,0.00000,0.70711,1190.1
quat8,0.00000,0.70711,0.00000,0.70711,1190.1
quat0,0.69747,-0.22025,0.66280,0.16037,1190.12
quat1,-0.46748,0.48010,0.33059,0.66459,1190.12
quat2,-0.70286,-0.17994,0.09463,0.68166,1190.12
quat3,-0.35578,0.76578,0.31708,0.43180,1190.12
quat4,-0.43656,0.70729,0.52204,-0.19141,1190.12
quat5,0.00000,0.70711,0.00000,0.70711,1190.12
quat6,0.00000,0.70711,0.00000,0.70711,1190.12
quat7,0.00000,0.70711,0.00000,0.70711,1190.12
quat8,0.00000,0.70711,0.00000,0.70711,1190.12
quat0,0.69665,-0.21844,0.66486,0.15788,1190.14
quat1,-0.46220,0.47794,0.33117,0.66953,1190.14
quat2,-0.69851,-0.18729,0.10623,0.68244,1190.14
quat3,-0.35668,0.76994,0.31957,0.42172,1190.14
quat4,-0.44284,0.70045,0.52172,-0.20266,1190.14
quat5,0.00000,0.70711,0.00000,0.70711,1190.14
quat6,0.00000,0.70711,0.00000,0.70711,1190.14
quat7,0.00000,0.70711,0.00000,0.70711,1190.14
quat8,0.00000,0.70711,0.00000,0.70711,1190.14
quat0,0.69530,-0.21873,0.66612,0.15813,1190.16
quat1,-0.46042,0.47749,0.32991,0.67170,1190.16
quat2,-0.69516,-0.18682,0.11690,0.68424,1190.16
quat3,-0.35794,0.77052,0.32167,0.41797,1190.16
quat4,-0.44616,0.69492,0.52335,-0.21008,1190.16
quat5,0.00000,0.70711,0.00000,0.70711,1190.16
quat6,0.00000,0.70711,0.00000,0.70711,1190.16
quat7,0.00000,0.70711,0.00000,0.70711,1190.16
quat8,0.00000,0.70711,0.00000,0.70711,1190.16
quat0,0.69414,-0.21863,0.66728,0.15844,1190.18
quat1,-0.46164,0.48020,0.32810,0.66981,1190.18
quat2,-0.69470,-0.18091,0.12118,0.68555,1190.18
quat3,-0.35852,0.76842,0.32346,0.41996,1190.18
quat4,-0.44478,0.69292,0.52717,-0.21007,1190.18
quat5,0.00000,0.70711,0.00000,0.70711,1190.18
quat6,0.00000,0.70711,0.00000,0.70711,1190.18
quat7,0.00000,0.70711,0.00000,0.70711,1190.18
quat8,0.00000,0.70711,0.00000,0.70711,1190.18
quat0,0.69336,-0.21897,0.66768,0.15973,1190.2
quat1,-0.46471,0.48562,0.32601,0.66478,1190.2
quat2,-0.69722,-0.16783,0.12005,0.68652,1190.2
quat3,-0.35814,0.76430,0.32522,0.42639,1190.2
quat4,-0.43633,0.69297,0.53487,-0.20815,1190.2
quat5,0.00000,0.70711,0.00000,0.70711,1190.2
quat6,0.00000,0.70711,0.00000,0.70711,1190.2
quat7,0.00000,0.70711,0.00000,0.70711,1190.2
quat8,0.00000,0.70711,0.00000,0.70711,1190.2
quat0,0.69256,-0.21960,0.66795,0.16119,1190.22
quat1,-0.46882,0.49307,0.32298,0.65786,1190.22
quat2,-0.70165,-0.14921,0.11456,0.68724,1190.22
quat3,-0.35735,0.75812,0.32706,0.43656,1190.22
quat4,-0.42184,0.69550,0.54421,-0.20533,1190.22
quat5,0.00000,0.70711,0.00000,0.70711,1190.22
quat6,0.00000,0.70711,0.00000,0.70711,1190.22
quat7,0.00000,0.70711,0.00000,0.70711,1190.22
quat8,0.00000,0.70711,0.00000,0.70711,1190.22
quat0,0.69231,-0.21978,0.66769,0.16310,1190.24
quat1,-0.47370,0.50330,0.31971,0.64814,1190.24
quat2,-0.70767,-0.13112,0.09990,0.68704,1190.24
quat3,-0.35594,0.75042,0.32898,0.44938,1190.24
quat4,-0.40802,0.69999,0.55229,-0.19626,1190.24
quat5,0.00000,0.70711,0.00000,0.70711,1190.24
quat6,0.00000,0.70711,0.00000,0.70711,1190.24
quat7,0.00000,0.70711,0.00000,0.70711,1190.24
quat8,0.00000,0.70711,0.00000,0.70711,1190.24
quat0,0.69146,-0.22108,0.66768,0.16494,1190.26
quat1,-0.47924,0.51584,0.31651,0.63566,1190.26
quat2,-0.71440,-0.11365,0.07812,0.68601,1190.26
quat3,-0.35351,0.74129,0.33120,0.46458,1190.26
quat4,-0.39448,0.70564,0.56015,-0.18081,1190.26
quat5,0.00000,0.70711,0.00000,0.70711,1190.26
quat6,0.00000,0.70711,0.00000,0.70711,1190.26
quat7,0.00000,0.70711,0.00000,0.70711,1190.26
quat8,0.00000,0.70711,0.00000,0.70711,1190.26
quat0,0.69066,-0.22172,0.66795,0.16635,1190.28
quat1,-0.48599,0.52844,0.31264,0.62195,1190.28
quat2,-0.72034,-0.09607,0.05229,0.68494,1190.28
quat3,-0.34968,0.73060,0.33393,0.48212,1190.28
quat4,-0.37963,0.71238,0.56759,-0.16199,1190.28
quat5,0.00000,0.70711,0.00000,0.70711,1190.28
quat6,0.00000,0.70711,0.00000,0.70711,1190.28
quat7,0.00000,0.70711,0.00000,0.70711,1190.28
quat8,0.00000,0.70711,0.00000,0.70711,1190.28
quat0,0.68962,-0.22276,0.66815,0.16844,1190.3
quat1,-0.49306,0.54239,0.30791,0.60655,1190.3
quat2,-0.72429,-0.07416,0.02729,0.68495,1190.3
quat3,-0.34554,0.71773,0.33670,0.50210,1190.3
quat4,-0.36351,0.71961,0.57473,-0.14040,1190.3
quat5,0.00000,0.70711,0.00000,0.70711,1190.3
quat6,0.00000,0.70711,0.00000,0.70711,1190.3
quat7,0.00000,0.70711,0.00000,0.70711,1190.3
quat8,0.00000,0.70711,0.00000,0.70711,1190.3
quat0,0.68865,-0.22359,0.66856,0.16969,1190.32
quat1,-0.50002,0.55790,0.30079,0.59013,1190.32
quat2,-0.72621,-0.04797,0.00545,0.68578,1190.32
quat3,-0.34034,0.70333,0.33984,0.52346,1190.32
quat4,-0.34738,0.72632,0.58167,-0.11595,1190.32
quat5,0.00000,0.70711,0.00000,0.70711,1190.32
quat6,0.00000,0.70711,0.00000,0.70711,1190.32
quat7,0.00000,0.70711,0.00000,0.70711,1190.32
quat8,0.00000,0.70711,0.00000,0.70711,1190.32
quat0,0.68801,-0.22346,0.66902,0.17067,1190.34
quat1,-0.50597,0.57397,0.29108,0.57429,1190.34
quat2,-0.72663,-0.01811,-0.01235,0.68668,1190.34
quat3,-0.33573,0.68750,0.34152,0.54588,1190.34
quat4,-0.33209,0.73191,0.58831,-0.08902,1190.34
quat5,0.00000,0.70711,0.00000,0.70711,1190.34
quat6,0.00000,0.70711,0.00000,0.70711,1190.34
quat7,0.00000,0.70711,0.00000,0.70711,1190.34
quat8,0.00000,0.70711,0.00000,0.70711,1190.34
quat0,0.68748,-0.22322,0.66933,0.17188,1190.36
quat1,-0.51026,0.59117,0.28056,0.55806,1190.36
quat2,-0.72524,0.01133,-0.02819,0.68783,1190.36
quat3,-0.33252,0.67042,0.34143,0.56868,1190.36
quat4,-0.31466,0.73695,0.59484,-0.06371,1190.36
quat5,0.00000,0.70711,0.00000,0.70711,1190.36
quat6,0.00000,0.70711,0.00000,0.70711,1190.36
quat7,0.00000,0.70711,0.00000,0.70711,1190.36
quat8,0.00000,0.70711,0.00000,0.70711,1190.36
quat0,0.68680,-0.22316,0.66983,0.17274,1190.38
quat1,-0.51333,0.60886,0.27061,0.54088,1190.38
quat2,-0.72255,0.03840,-0.04389,0.68886,1190.38
quat3,-0.33111,0.65237,0.34037,0.59070,1190.38
quat4,-0.29742,0.74012,0.60191,-0.03839,1190.38
quat5,0.00000,0.70711,0.00000,0.70711,1190.38
quat6,0.00000,0.70711,0.00000,0.70711,1190.38
quat7,0.00000,0.70711,0.00000,0.70711,1190.38
quat8,0.00000,0.70711,0.00000,0.70711,1190.38
quat0,0.68693,-0.22310,0.66951,0.17353,1190.4
quat1,-0.51508,0.62559,0.26040,0.52490,1190.4
quat2,-0.71773,0.06028,-0.06128,0.69099,1190.4
quat3,-0.32883,0.63503,0.34134,0.61000,1190.4
quat4,-0.28058,0.74177,0.60897,-0.01459,1190.4
quat5,0.00000,0.70711,0.00000,0.70711,1190.4
quat6,0.00000,0.70711,0.00000,0.70711,1190.4
quat7,0.00000,0.70711,0.00000,0.70711,1190.4
quat8,0.00000,0.70711,0.00000,0.70711,1190.4
quat0,0.68748,-0.22284,0.66885,0.17423,1190.42
quat1,-0.51491,0.64223,0.25159,0.50902,1190.42
quat2,-0.71133,0.07986,-0.07814,0.69392,1190.42
quat3,-0.32544,0.61941,0.34445,0.62591,1190.42
quat4,-0.26530,0.74194,0.61570,0.00721,1190.42
quat5,0.00000,0.70711,0.00000,0.70711,1190.42
quat6,0.00000,0.70711,0.00000,0.70711,1190.42
quat7,0.00000,0.70711,0.00000,0.70711,1190.42
quat8,0.00000,0.70711,0.00000,0.70711,1190.42
quat0,0.68754,-0.22322,0.66866,0.17419,1190.44
quat1,-0.51447,0.65568,0.24294,0.49638,1190.44
quat2,-0.70325,0.09645,-0.09522,0.69791,1190.44
quat3,-0.32132,0.60662,0.34927,0.63779,1190.44
quat4,-0.25098,0.74124,0.62204,0.02517,1190.44
quat5,0.00000,0.70711,0.00000,0.70711,1190.44
quat6,0.00000,0.70711,0.00000,0.70711,1190.44
quat7,0.00000,0.70711,0.00000,0.70711,1190.44
quat8,0.00000,0.70711,0.00000,0.70711,1190.44
quat0,0.68771,-0.22352,0.66838,0.17427,1190.46
quat1,-0.51478,0.66433,0.23348,0.48905,1190.46
quat2,-0.69401,0.11105,-0.11214,0.70246,1190.46
quat3,-0.31672,0.59757,0.35636,0.64468,1190.46
quat4,-0.23836,0.73930,0.62844,0.04103,1190.46
quat5,0.00000,0.70711,0.00000,0.70711,1190.46
quat6,0.00000,0.70711,0.00000,0.70711,1190.46
quat7,0.00000,0.70711,0.00000,0.70711,1190.46
quat8,0.00000,0.70711,0.00000,0.70711,1190.46
quat0,0.68740,-0.22432,0.66848,0.17402,1190.48
quat1,-0.51563,0.66819,0.22317,0.48769,1190.48
quat2,-0.68467,0.12355,-0.12694,0.70700,1190.48
quat3,-0.31196,0.59207,0.36548,0.64697,1190.48
quat4,-0.22892,0.73592,0.63487,0.05430,1190.48
quat5,0.00000,0.70711,0.00000,0.70711,1190.48
quat6,0.00000,0.70711,0.00000,0.70711,1190.48
quat7,0.00000,0.70711,0.00000,0.70711,1190.48
quat8,0.00000,0.70711,0.00000,0.70711,1190.48
quat0,0.68714,-0.22516,0.66873,0.17302,1190.5
quat1,-0.51590,0.66954,0.21415,0.48959,1190.5
quat2,-0.67608,0.13538,-0.13677,0.71126,1190.5
quat3,-0.30869,0.58951,0.37504,0.64540,1190.5
quat4,-0.22415,0.73108,0.64109,0.06551,1190.5
quat5,0.00000,0.70711,0.00000,0.70711,1190.5
quat6,0.00000,0.70711,0.00000,0.70711,1190.5
quat7,0.00000,0.70711,0.00000,0.70711,1190.5
quat8,0.00000,0.70711,0.00000,0.70711,1190.5
quat0,0.68697,-0.22628,0.66867,0.17249,1190.52
quat1,-0.51431,0.67119,0.20932,0.49109,1190.52
quat2,-0.66848,0.14546,-0.14017,0.71577,1190.52
quat3,-0.30783,0.58949,0.38432,0.64034,1190.52
quat4,-0.22292,0.72477,0.64765,0.07460,1190.52
quat5,0.00000,0.70711,0.00000,0.70711,1190.52
quat6,0.00000,0.70711,0.00000,0.70711,1190.52
quat7,0.00000,0.70711,0.00000,0.70711,1190.52
quat8,0.00000,0.70711,0.00000,0.70711,1190.52
quat0,0.68681,-0.22706,0.66854,0.17258,1190.54
quat1,-0.50864,0.67510,0.21093,0.49096,1190.54
quat2,-0.66247,0.15207,-0.13681,0.72062,1190.54
quat3,-0.30969,0.59213,0.39302,0.63167,1190.54
quat4,-0.22687,0.71653,0.65425,0.08414,1190.54
quat5,0.00000,0.70711,0.00000,0.70711,1190.54
quat6,0.00000,0.70711,0.00000,0.70711,1190.54
quat7,0.00000,0.70711,0.00000,0.70711,1190.54
quat8,0.00000,0.70711,0.00000,0.70711,1190.54
quat0,0.68580,-0.22821,0.66912,0.17283,1190.56
quat1,-0.49937,0.68079,0.21660,0.49015,1190.56
quat2,-0.65774,0.15303,-0.13098,0.72581,1190.56
quat3,-0.31545,0.59554,0.39944,0.62150,1190.56
quat4,-0.23654,0.70692,0.66028,0.09137,1190.56
quat5,0.00000,0.70711,0.00000,0.70711,1190.56
quat6,0.00000,0.70711,0.00000,0.70711,1190.56
quat7,0.00000,0.70711,0.00000,0.70711,1190.56
quat8,0.00000,0.70711,0.00000,0.70711,1190.56
quat0,0.68485,-0.23006,0.66936,0.17326,1190.58
quat1,-0.48861,0.68546,0.22389,0.49121,1190.58
quat2,-0.65373,0.14805,-0.12358,0.73174,1190.58
quat3,-0.32415,0.59834,0.40374,0.61148,1190.58
quat4,-0.24890,0.69746,0.66561,0.09254,1190.58
quat5,0.00000,0.70711,0.00000,0.70711,1190.58
quat6,0.00000,0.70711,0.00000,0.70711,1190.58
quat7,0.00000,0.70711,0.00000,0.70711,1190.58
quat8,0.00000,0.70711,0.00000,0.70711,1190.58
quat0,0.68389,-0.23196,0.66936,0.17448,1190.6
quat1,-0.47756,0.68671,0.23188,0.49658,1190.6
quat2,-0.65161,0.14011,-0.11121,0.73716,1190.6
quat3,-0.33547,0.60091,0.40568,0.60149,1190.6
quat4,-0.26216,0.68800,0.67098,0.08776,1190.6
quat5,0.00000,0.70711,0.00000,0.70711,1190.6
quat6,0.00000,0.70711,0.00000,0.70711,1190.6
quat7,0.00000,0.70711,0.00000,0.70711,1190.6
quat8,0.00000,0.70711,0.00000,0.70711,1190.6
quat0,0.68298,-0.23285,0.66992,0.17470,1190.62
quat1,-0.46757,0.68441,0.23936,0.50564,1190.62
quat2,-0.65029,0.12979,-0.09522,0.74244,1190.62
quat3,-0.34769,0.60511,0.40619,0.58988,1190.62
quat4,-0.27685,0.67861,0.67587,0.07774,1190.62
quat5,0.00000,0.70711,0.00000,0.70711,1190.62
quat6,0.00000,0.70711,0.00000,0.70711,1190.62
quat7,0.00000,0.70711,0.00000,0.70711,1190.62
quat8,0.00000,0.70711,0.00000,0.70711,1190.62
quat0,0.68260,-0.23376,0.67011,0.17424,1190.64
quat1,-0.45863,0.68011,0.24582,0.51640,1190.64
quat2,-0.64939,0.11678,-0.07675,0.74750,1190.64
quat3,-0.35959,0.61075,0.40570,0.57714,1190.64
quat4,-0.29440,0.66925,0.67925,0.06361,1190.64
quat5,0.00000,0.70711,0.00000,0.70711,1190.64
quat6,0.00000,0.70711,0.00000,0.70711,1190.64
quat7,0.00000,0.70711,0.00000,0.70711,1190.64
quat8,0.00000,0.70711,0.00000,0.70711,1190.64
quat0,0.68224,-0.23540,0.66988,0.17435,1190.66
quat1,-0.45065,0.67303,0.25106,0.53002,1190.66
quat2,-0.64824,0.09966,-0.05790,0.75266,1190.66
quat3,-0.37002,0.61783,0.40498,0.56335,1190.66
quat4,-0.31375,0.66007,0.68103,0.04548,1190.66
quat5,0.00000,0.70711,0.00000,0.70711,1190.66
quat6,0.00000,0.70711,0.00000,0.70711,1190.66
quat7,0.00000,0.70711,0.00000,0.70711,1190.66
quat8,0.00000,0.70711,0.00000,0.70711,1190.66
quat0,0.68203,-0.23586,0.67012,0.17361,1190.68
quat1,-0.44303,0.66343,0.25584,0.54601,1190.68
quat2,-0.64685,0.08096,-0.03754,0.75737,1190.68
quat3,-0.37853,0.62709,0.40436,0.54769,1190.68
quat4,-0.33303,0.65192,0.68084,0.02355,1190.68
quat5,0.00000,0.70711,0.00000,0.70711,1190.68
quat6,0.00000,0.70711,0.00000,0.70711,1190.68
quat7,0.00000,0.70711,0.00000,0.70711,1190.68
quat8,0.00000,0.70711,0.00000,0.70711,1190.68
quat0,0.68206,-0.23584,0.67030,0.17283,1190.7
quat1,-0.43502,0.65209,0.26119,0.56331,1190.7
quat2,-0.64515,0.06078,-0.01532,0.76148,1190.7
quat3,-0.38437,0.63754,0.40543,0.53049,1190.7
quat4,-0.35105,0.64461,0.67914,-0.00291,1190.7
quat5,0.00000,0.70711,0.00000,0.70711,1190.7
quat6,0.00000,0.70711,0.00000,0.70711,1190.7
quat7,0.00000,0.70711,0.00000,0.70711,1190.7
quat8,0.00000,0.70711,0.00000,0.70711,1190.7
quat0,0.68249,-0.23582,0.67018,0.17161,1190.72
quat1,-0.42641,0.63984,0.26812,0.58042,1190.72
quat2,-0.64315,0.04061,0.00906,0.76461,1190.72
quat3,-0.38789,0.64957,0.40712,0.51171,1190.72
quat4,-0.36824,0.63752,0.67600,-0.03151,1190.72
quat5,0.00000,0.70711,0.00000,0.70711,1190.72
quat6,0.00000,0.70711,0.00000,0.70711,1190.72
quat7,0.00000,0.70711,0.00000,0.70711,1190.72
quat8,0.00000,0.70711,0.00000,0.70711,1190.72
quat0,0.68337,-0.23512,0.66998,0.16987,1190.74
quat1,-0.41769,0.62679,0.27590,0.59712,1190.74
quat2,-0.64059,0.01830,0.03366,0.76693,1190.74
quat3,-0.39051,0.66202,0.40859,0.49222,1190.74
quat4,-0.38350,0.63097,0.67158,-0.06146,1190.74
quat5,0.00000,0.70711,0.00000,0.70711,1190.74
quat6,0.00000,0.70711,0.00000,0.70711,1190.74
quat7,0.00000,0.70711,0.00000,0.70711,1190.74
quat8,0.00000,0.70711,0.00000,0.70711,1190.74
quat0,0.68448,-0.23377,0.66980,0.16794,1190.76
quat1,-0.41010,0.61321,0.28267,0.61310,1190.76
quat2,-0.63756,-0.00394,0.05906,0.76812,1190.76
quat3,-0.39323,0.67278,0.41089,0.47319,1190.76
quat4,-0.39462,0.62553,0.66687,-0.09098,1190.76
quat5,0.00000,0.70711,0.00000,0.70711,1190.76
quat6,0.00000,0.70711,0.00000,0.70711,1190.76
quat7,0.00000,0.70711,0.00000,0.70711,1190.76
quat8,0.00000,0.70711,0.00000,0.70711,1190.76
quat0,0.68531,-0.23298,0.66942,0.16717,1190.78
quat1,-0.40342,0.59802,0.28883,0.62945,1190.78
quat2,-0.63388,-0.02513,0.08399,0.76845,1190.78
quat3,-0.39599,0.68252,0.41320,0.45457,1190.78
quat4,-0.40117,0.62021,0.66327,-0.12029,1190.78
quat5,0.00000,0.70711,0.00000,0.70711,1190.78
quat6,0.00000,0.70711,0.00000,0.70711,1190.78
quat7,0.00000,0.70711,0.00000,0.70711,1190.78
quat8,0.00000,0.70711,0.00000,0.70711,1190.78
quat0,0.68620,-0.23235,0.66899,0.16610,1190.8
quat1,-0.39759,0.58077,0.29369,0.64681,1190.8
quat2,-0.62976,-0.04341,0.10861,0.76794,1190.8
quat3,-0.39880,0.69308,0.41365,0.43530,1190.8
quat4,-0.40670,0.61494,0.65968,-0.14583,1190.8
quat5,0.00000,0.70711,0.00000,0.70711,1190.8
quat6,0.00000,0.70711,0.00000,0.70711,1190.8
quat7,0.00000,0.70711,0.00000,0.70711,1190.8
quat8,0.00000,0.70711,0.00000,0.70711,1190.8
quat0,0.68741,-0.23076,0.66889,0.16370,1190.82
quat1,-0.39228,0.56501,0.29818,0.66179,1190.82
quat2,-0.62516,-0.05976,0.12945,0.76736,1190.82
quat3,-0.40260,0.70254,0.41150,0.41835,1190.82
quat4,-0.41322,0.61031,0.65498,-0.16665,1190.82
quat5,0.00000,0.70711,0.00000,0.70711,1190.82
quat6,0.00000,0.70711,0.00000,0.70711,1190.82
quat7,0.00000,0.70711,0.00000,0.70711,1190.82
quat8,0.00000,0.70711,0.00000,0.70711,1190.82
quat0,0.68743,-0.22948,0.66995,0.16110,1190.84
quat1,-0.38578,0.55223,0.30435,0.67349,1190.84
quat2,-0.62030,-0.07316,0.14522,0.76732,1190.84
quat3,-0.40628,0.70858,0.40879,0.40711,1190.84
quat4,-0.42077,0.60639,0.64989,-0.18133,1190.84
quat5,0.00000,0.70711,0.00000,0.70711,1190.84
quat6,0.00000,0.70711,0.00000,0.70711,1190.84
quat7,0.00000,0.70711,0.00000,0.70711,1190.84
quat8,0.00000,0.70711,0.00000,0.70711,1190.84
quat0,0.68632,-0.22917,0.67146,0.16000,1190.86
quat1,-0.38116,0.54028,0.30927,0.68350,1190.86
quat2,-0.61699,-0.08597,0.15264,0.76722,1190.86
quat3,-0.40812,0.71413,0.40616,0.39812,1190.86
quat4,-0.42653,0.60306,0.64627,-0.19164,1190.86
quat5,0.00000,0.70711,0.00000,0.70711,1190.86
quat6,0.00000,0.70711,0.00000,0.70711,1190.86
quat7,0.00000,0.70711,0.00000,0.70711,1190.86
quat8,0.00000,0.70711,0.00000,0.70711,1190.86
quat0,0.68567,-0.22906,0.67242,0.15884,1190.88
quat1,-0.37991,0.52915,0.31089,0.69211,1190.88
quat2,-0.61473,-0.09656,0.15708,0.76688,1190.88
quat3,-0.40854,0.71772,0.40448,0.39290,1190.88
quat4,-0.43150,0.60110,0.64300,-0.19758,1190.88
quat5,0.00000,0.70711,0.00000,0.70711,1190.88
quat6,0.00000,0.70711,0.00000,0.70711,1190.88
quat7,0.00000,0.70711,0.00000,0.70711,1190.88
quat8,0.00000,0.70711,0.00000,0.70711,1190.88
quat0,0.68533,-0.22936,0.67290,0.15786,1190.9
quat1,-0.37975,0.52409,0.31144,0.69579,1190.9
quat2,-0.61485,-0.10668,0.15360,0.76615,1190.9
quat3,-0.40784,0.71844,0.40490,0.39188,1190.9
quat4,-0.43155,0.60048,0.64199,-0.20257,1190.9
quat5,0.00000,0.70711,0.00000,0.70711,1190.9
quat6,0.00000,0.70711,0.00000,0.70711,1190.9
quat7,0.00000,0.70711,0.00000,0.70711,1190.9
quat8,0.00000,0.70711,0.00000,0.70711,1190.9
quat0,0.68427,-0.23071,0.67350,0.15795,1190.92
quat1,-0.37976,0.52550,0.31117,0.69485,1190.92
quat2,-0.61517,-0.11096,0.14954,0.76609,1190.92
quat3,-0.40618,0.71767,0.40610,0.39377,1190.92
quat4,-0.42476,0.60083,0.64500,-0.20628,1190.92
quat5,0.00000,0.70711,0.00000,0.70711,1190.92
quat6,0.00000,0.70711,0.00000,0.70711,1190.92
quat7,0.00000,0.70711,0.00000,0.70711,1190.92
quat8,0.00000,0.70711,0.00000,0.70711,1190.92
quat0,0.68284,-0.23132,0.67473,0.15801,1190.94
quat1,-0.38090,0.53052,0.30963,0.69108,1190.94
quat2,-0.61604,-0.10863,0.14351,0.76687,1190.94
quat3,-0.40352,0.71488,0.40896,0.39857,1190.94
quat4,-0.41495,0.60270,0.64967,-0.20612,1190.94
quat5,0.00000,0.70711,0.00000,0.70711,1190.94
quat6,0.00000,0.70711,0.00000,0.70711,1190.94
quat7,0.00000,0.70711,0.00000,0.70711,1190.94
quat8,0.00000,0.70711,0.00000,0.70711,1190.94
quat0,0.68195,-0.23224,0.67496,0.15949,1190.96
quat1,-0.38278,0.53840,0.30661,0.68527,1190.96
quat2,-0.61743,-0.10026,0.13442,0.76854,1190.96
quat3,-0.39985,0.71076,0.41284,0.40559,1190.96
quat4,-0.40228,0.60565,0.65612,-0.20214,1190.96
quat5,0.00000,0.70711,0.00000,0.70711,1190.96
quat6,0.00000,0.70711,0.00000,0.70711,1190.96
quat7,0.00000,0.70711,0.00000,0.70711,1190.96
quat8,0.00000,0.70711,0.00000,0.70711,1190.96
quat0,0.68136,-0.23377,0.67463,0.16119,1190.98
quat1,-0.38487,0.54932,0.30298,0.67700,1190.98
quat2,-0.61915,-0.08639,0.12243,0.77084,1190.98
quat3,-0.39584,0.70520,0.41656,0.41531,1190.98
quat4,-0.38759,0.60951,0.66360,-0.19471,1190.98
quat5,0.00000,0.70711,0.00000,0.70711,1190.98
quat6,0.00000,0.70711,0.00000,0.70711,1190.98
quat7,0.00000,0.70711,0.00000,0.70711,1190.98
quat8,0.00000,0.70711,0.00000,0.70711,1190.98
quat0,0.68091,-0.23455,0.67457,0.16221,1191
quat1,-0.38694,0.56289,0.29914,0.66629,1191
quat2,-0.62104,-0.06935,0.10733,0.77329,1191
quat3,-0.39159,0.69833,0.41965,0.42765,1191
quat4,-0.37110,0.61461,0.67122,-0.18441,1191
quat5,0.00000,0.70711,0.00000,0.70711,1191
quat6,0.00000,0.70711,0.00000,0.70711,1191
quat7,0.00000,0.70711,0.00000,0.70711,1191
quat8,0.00000,0.70711,0.00000,0.70711,1191
quat0,0.68045,-0.23586,0.67417,0.16389,1191.02
quat1,-0.38923,0.57844,0.29544,0.65317,1191.02
quat2,-0.62297,-0.04894,0.09184,0.77529,1191.02
quat3,-0.38771,0.68968,0.42158,0.44305,1191.02
quat4,-0.35409,0.62126,0.67782,-0.17091,1191.02
quat5,0.00000,0.70711,0.00000,0.70711,1191.02
quat6,0.00000,0.70711,0.00000,0.70711,1191.02
quat7,0.00000,0.70711,0.00000,0.70711,1191.02
quat8,0.00000,0.70711,0.00000,0.70711,1191.02
quat0,0.67978,-0.23699,0.67388,0.16617,1191.04
quat1,-0.39241,0.59665,0.29115,0.63659,1191.04
quat2,-0.62518,-0.02586,0.07710,0.77623,1191.04
quat3,-0.38373,0.67929,0.42339,0.46051,1191.04
quat4,-0.33717,0.62991,0.68229,-0.15496,1191.04
quat5,0.00000,0.70711,0.00000,0.70711,1191.04
quat6,0.00000,0.70711,0.00000,0.70711,1191.04
quat7,0.00000,0.70711,0.00000,0.70711,1191.04
quat8,0.00000,0.70711,0.00000,0.70711,1191.04
quat0,0.67959,-0.23793,0.67313,0.16867,1191.06
quat1,-0.39640,0.61697,0.28665,0.61647,1191.06
quat2,-0.62793,0.00092,0.06570,0.77549,1191.06
quat3,-0.37916,0.66777,0.42513,0.47915,1191.06
quat4,-0.32060,0.63878,0.68598,-0.13639,1191.06
quat5,0.00000,0.70711,0.00000,0.70711,1191.06
quat6,0.00000,0.70711,0.00000,0.70711,1191.06
quat7,0.00000,0.70711,0.00000,0.70711,1191.06
quat8,0.00000,0.70711,0.00000,0.70711,1191.06
quat0,0.67952,-0.23787,0.67302,0.16943,1191.08
quat1,-0.40142,0.63633,0.28146,0.59559,1191.08
quat2,-0.63135,0.02880,0.05565,0.77297,1191.08
quat3,-0.37376,0.65621,0.42544,0.49869,1191.08
quat4,-0.30345,0.64806,0.68852,-0.11780,1191.08
quat5,0.00000,0.70711,0.00000,0.70711,1191.08
quat6,0.00000,0.70711,0.00000,0.70711,1191.08
quat7,0.00000,0.70711,0.00000,0.70711,1191.08
quat8,0.00000,0.70711,0.00000,0.70711,1191.08
quat0,0.67903,-0.23776,0.67327,0.17059,1191.1
quat1,-0.40710,0.65460,0.27659,0.57382,1191.1
quat2,-0.63546,0.05818,0.04586,0.76857,1191.1
quat3,-0.36799,0.64433,0.42486,0.51857,1191.1
quat4,-0.28916,0.65788,0.68867,-0.09653,1191.1
quat5,0.00000,0.70711,0.00000,0.70711,1191.1
quat6,0.00000,0.70711,0.00000,0.70711,1191.1
quat7,0.00000,0.70711,0.00000,0.70711,1191.1
quat8,0.00000,0.70711,0.00000,0.70711,1191.1
quat0,0.67863,-0.23807,0.67331,0.17159,1191.12
quat1,-0.41418,0.66934,0.27192,0.55362,1191.12
quat2,-0.64034,0.08587,0.03450,0.76249,1191.12
quat3,-0.36074,0.63185,0.42508,0.53846,1191.12
quat4,-0.27789,0.66789,0.68664,-0.07237,1191.12
quat5,0.00000,0.70711,0.00000,0.70711,1191.12
quat6,0.00000,0.70711,0.00000,0.70711,1191.12
quat7,0.00000,0.70711,0.00000,0.70711,1191.12
quat8,0.00000,0.70711,0.00000,0.70711,1191.12
quat0,0.67885,-0.23710,0.67331,0.17205,1191.14
quat1,-0.42361,0.67886,0.26703,0.53702,1191.14
quat2,-0.64592,0.11204,0.02182,0.75482,1191.14
quat3,-0.35293,0.61915,0.42461,0.55840,1191.14
quat4,-0.26729,0.67712,0.68403,-0.04643,1191.14
quat5,0.00000,0.70711,0.00000,0.70711,1191.14
quat6,0.00000,0.70711,0.00000,0.70711,1191.14
quat7,0.00000,0.70711,0.00000,0.70711,1191.14
quat8,0.00000,0.70711,0.00000,0.70711,1191.14
quat0,0.67850,-0.23584,0.67417,0.17179,1191.16
quat1,-0.43543,0.68324,0.26196,0.52437,1191.16
quat2,-0.65189,0.13604,0.00806,0.74597,1191.16
quat3,-0.34393,0.60882,0.42330,0.57609,1191.16
quat4,-0.25386,0.68620,0.68127,-0.02360,1191.16
quat5,0.00000,0.70711,0.00000,0.70711,1191.16
quat6,0.00000,0.70711,0.00000,0.70711,1191.16
quat7,0.00000,0.70711,0.00000,0.70711,1191.16
quat8,0.00000,0.70711,0.00000,0.70711,1191.16
quat0,0.67845,-0.23431,0.67483,0.17150,1191.18
quat1,-0.44862,0.68267,0.25678,0.51650,1191.18
quat2,-0.65817,0.15594,-0.00696,0.73651,1191.18
quat3,-0.33250,0.60155,0.42187,0.59128,1191.18
quat4,-0.23720,0.69569,0.67803,-0.00451,1191.18
quat5,0.00000,0.70711,0.00000,0.70711,1191.18
quat6,0.00000,0.70711,0.00000,0.70711,1191.18
quat7,0.00000,0.70711,0.00000,0.70711,1191.18
quat8,0.00000,0.70711,0.00000,0.70711,1191.18
quat0,0.67783,-0.23287,0.67596,0.17146,1191.2
quat1,-0.46132,0.68195,0.25230,0.50840,1191.2
quat2,-0.66451,0.17019,-0.02203,0.72731,1191.2
quat3,-0.32016,0.59664,0.42019,0.60412,1191.2
quat4,-0.21790,0.70582,0.67397,0.01032,1191.2
quat5,0.00000,0.70711,0.00000,0.70711,1191.2
quat6,0.00000,0.70711,0.00000,0.70711,1191.2
quat7,0.00000,0.70711,0.00000,0.70711,1191.2
quat8,0.00000,0.70711,0.00000,0.70711,1191.2
quat0,0.67734,-0.23163,0.67694,0.17120,1191.22
quat1,-0.47383,0.68078,0.24744,0.50080,1191.22
quat2,-0.67186,0.18107,-0.03248,0.71747,1191.22
quat3,-0.30979,0.59378,0.41672,0.61465,1191.22
quat4,-0.20112,0.71533,0.66882,0.02331,1191.22
quat5,0.00000,0.70711,0.00000,0.70711,1191.22
quat6,0.00000,0.70711,0.00000,0.70711,1191.22
quat7,0.00000,0.70711,0.00000,0.70711,1191.22
quat8,0.00000,0.70711,0.00000,0.70711,1191.22
quat0,0.67781,-0.22970,0.67727,0.17063,1191.24
quat1,-0.48646,0.67725,0.24210,0.49606,1191.24
quat2,-0.68023,0.18819,-0.03866,0.70738,1191.24
quat3,-0.30239,0.59204,0.41140,0.62353,1191.24
quat4,-0.18897,0.72420,0.66237,0.03308,1191.24
quat5,0.00000,0.70711,0.00000,0.70711,1191.24
quat6,0.00000,0.70711,0.00000,0.70711,1191.24
quat7,0.00000,0.70711,0.00000,0.70711,1191.24
quat8,0.00000,0.70711,0.00000,0.70711,1191.24
quat0,0.67861,-0.22834,0.67716,0.16971,1191.26
quat1,-0.49796,0.67180,0.23828,0.49391,1191.26
quat2,-0.68917,0.19053,-0.04178,0.69786,1191.26
quat3,-0.29769,0.59094,0.40442,0.63137,1191.26
quat4,-0.18075,0.73285,0.65487,0.03756,1191.26
quat5,0.00000,0.70711,0.00000,0.70711,1191.26
quat6,0.00000,0.70711,0.00000,0.70711,1191.26
quat7,0.00000,0.70711,0.00000,0.70711,1191.26
quat8,0.00000,0.70711,0.00000,0.70711,1191.26
quat0,0.68011,-0.22734,0.67585,0.17026,1191.28
quat1,-0.50773,0.66464,0.23647,0.49451,1191.28
quat2,-0.69841,0.18797,-0.04161,0.68932,1191.28
quat3,-0.29526,0.59080,0.39599,0.63794,1191.28
quat4,-0.17486,0.74190,0.64635,0.03534,1191.28
quat5,0.00000,0.70711,0.00000,0.70711,1191.28
quat6,0.00000,0.70711,0.00000,0.70711,1191.28
quat7,0.00000,0.70711,0.00000,0.70711,1191.28
quat8,0.00000,0.70711,0.00000,0.70711,1191.28
quat0,0.68156,-0.22679,0.67447,0.17070,1191.3
quat1,-0.51537,0.65639,0.23663,0.49754,1191.3
quat2,-0.70757,0.18189,-0.03846,0.68175,1191.3
quat3,-0.29405,0.59214,0.38764,0.64238,1191.3
quat4,-0.17178,0.75077,0.63736,0.02472,1191.3
quat5,0.00000,0.70711,0.00000,0.70711,1191.3
quat6,0.00000,0.70711,0.00000,0.70711,1191.3
quat7,0.00000,0.70711,0.00000,0.70711,1191.3
quat8,0.00000,0.70711,0.00000,0.70711,1191.3
quat0,0.68292,-0.22680,0.67291,0.17138,1191.32
quat1,-0.52019,0.64736,0.24001,0.50272,1191.32
quat2,-0.71614,0.17235,-0.03316,0.67553,1191.32
quat3,-0.29240,0.59633,0.38015,0.64372,1191.32
quat4,-0.17369,0.75832,0.62825,0.00861,1191.32
quat5,0.00000,0.70711,0.00000,0.70711,1191.32
quat6,0.00000,0.70711,0.00000,0.70711,1191.32
quat7,0.00000,0.70711,0.00000,0.70711,1191.32
quat8,0.00000,0.70711,0.00000,0.70711,1191.32
quat0,0.68462,-0.22727,0.67114,0.17092,1191.34
quat1,-0.52314,0.63782,0.24649,0.50868,1191.34
quat2,-0.72371,0.15887,-0.02580,0.67108,1191.34
quat3,-0.29109,0.60374,0.37363,0.64123,1191.34
quat4,-0.18049,0.76414,0.61919,-0.01064,1191.34
quat5,0.00000,0.70711,0.00000,0.70711,1191.34
quat6,0.00000,0.70711,0.00000,0.70711,1191.34
quat7,0.00000,0.70711,0.00000,0.70711,1191.34
quat8,0.00000,0.70711,0.00000,0.70711,1191.34
quat0,0.68621,-0.22708,0.66962,0.17074,1191.36
quat1,-0.52465,0.62756,0.25410,0.51608,1191.36
quat2,-0.73037,0.14292,-0.01471,0.66777,1191.36
quat3,-0.29093,0.61374,0.36874,0.63460,1191.36
quat4,-0.19077,0.76858,0.60971,-0.03375,1191.36
quat5,0.00000,0.70711,0.00000,0.70711,1191.36
quat6,0.00000,0.70711,0.00000,0.70711,1191.36
quat7,0.00000,0.70711,0.00000,0.70711,1191.36
quat8,0.00000,0.70711,0.00000,0.70711,1191.36
quat0,0.68773,-0.22757,0.66796,0.17050,1191.38
quat1,-0.52434,0.61697,0.26206,0.52511,1191.38
quat2,-0.73576,0.12471,0.00005,0.66566,1191.38
quat3,-0.29177,0.62531,0.36606,0.62439,1191.38
quat4,-0.20204,0.77124,0.60042,-0.06211,1191.38
quat5,0.00000,0.70711,0.00000,0.70711,1191.38
quat6,0.00000,0.70711,0.00000,0.70711,1191.38
quat7,0.00000,0.70711,0.00000,0.70711,1191.38
quat8,0.00000,0.70711,0.00000,0.70711,1191.38
quat0,0.68984,-0.22823,0.66547,0.17087,1191.4
quat1,-0.52165,0.60745,0.27108,0.53423,1191.4
quat2,-0.73992,0.10598,0.01987,0.66400,1191.4
quat3,-0.29378,0.63695,0.36490,0.61224,1191.4
quat4,-0.21553,0.77155,0.59156,-0.09116,1191.4
quat5,0.00000,0.70711,0.00000,0.70711,1191.4
quat6,0.00000,0.70711,0.00000,0.70711,1191.4
quat7,0.00000,0.70711,0.00000,0.70711,1191.4
quat8,0.00000,0.70711,0.00000,0.70711,1191.4
quat0,0.69201,-0.22863,0.66306,0.17088,1191.42
quat1,-0.51737,0.59885,0.27996,0.54344,1191.42
quat2,-0.74240,0.08505,0.04287,0.66316,1191.42
quat3,-0.29906,0.64943,0.36302,0.59751,1191.42
quat4,-0.23029,0.76994,0.58271,-0.12089,1191.42
quat5,0.00000,0.70711,0.00000,0.70711,1191.42
quat6,0.00000,0.70711,0.00000,0.70711,1191.42
quat7,0.00000,0.70711,0.00000,0.70711,1191.42
quat8,0.00000,0.70711,0.00000,0.70711,1191.42
quat0,0.69356,-0.22900,0.66143,0.17046,1191.44
quat1,-0.51276,0.58914,0.28776,0.55425,1191.44
quat2,-0.74276,0.06372,0.06799,0.66305,1191.44
quat3,-0.30630,0.66352,0.35974,0.58009,1191.44
quat4,-0.24580,0.76602,0.57453,-0.15073,1191.44
quat5,0.00000,0.70711,0.00000,0.70711,1191.44
quat6,0.00000,0.70711,0.00000,0.70711,1191.44
quat7,0.00000,0.70711,0.00000,0.70711,1191.44
quat8,0.00000,0.70711,0.00000,0.70711,1191.44
quat0,0.69474,-0.22848,0.66046,0.17006,1191.46
quat1,-0.50864,0.57823,0.29420,0.56603,1191.46
quat2,-0.74069,0.04241,0.09220,0.66414,1191.46
quat3,-0.31364,0.67752,0.35567,0.56223,1191.46
quat4,-0.25985,0.75980,0.56794,-0.18060,1191.46
quat5,0.00000,0.70711,0.00000,0.70711,1191.46
quat6,0.00000,0.70711,0.00000,0.70711,1191.46
quat7,0.00000,0.70711,0.00000,0.70711,1191.46
quat8,0.00000,0.70711,0.00000,0.70711,1191.46
quat0,0.69563,-0.22724,0.66025,0.16892,1191.48
quat1,-0.50292,0.56679,0.30204,0.57844,1191.48
quat2,-0.73670,0.02385,0.11552,0.66585,1191.48
quat3,-0.32057,0.69033,0.35035,0.54583,1191.48
quat4,-0.27511,0.75244,0.56187,-0.20604,1191.48
quat5,0.00000,0.70711,0.00000,0.70711,1191.48
quat6,0.00000,0.70711,0.00000,0.70711,1191.48
quat7,0.00000,0.70711,0.00000,0.70711,1191.48
quat8,0.00000,0.70711,0.00000,0.70711,1191.48
quat0,0.69654,-0.22710,0.65937,0.16879,1191.5
quat1,-0.49580,0.55346,0.30946,0.59338,1191.5
quat2,-0.73158,0.00701,0.13645,0.66793,1191.5
quat3,-0.32690,0.70230,0.34441,0.53036,1191.5
quat4,-0.29158,0.74453,0.55578,-0.22752,1191.5
quat5,0.00000,0.70711,0.00000,0.70711,1191.5
quat6,0.00000,0.70711,0.00000,0.70711,1191.5
quat7,0.00000,0.70711,0.00000,0.70711,1191.5
quat8,0.00000,0.70711,0.00000,0.70711,1191.5
quat0,0.69690,-0.22621,0.65967,0.16732,1191.52
quat1,-0.48875,0.53891,0.31535,0.60931,1191.52
quat2,-0.72574,-0.00666,0.15527,0.67018,1191.52
quat3,-0.33312,0.71286,0.33882,0.51581,1191.52
quat4,-0.30929,0.73638,0.54993,-0.24425,1191.52
quat5,0.00000,0.70711,0.00000,0.70711,1191.52
quat6,0.00000,0.70711,0.00000,0.70711,1191.52
quat7,0.00000,0.70711,0.00000,0.70711,1191.52
quat8,0.00000,0.70711,0.00000,0.70711,1191.52
quat0,0.69734,-0.22504,0.66015,0.16516,1191.54
quat1,-0.48066,0.52677,0.32241,0.62252,1191.54
quat2,-0.71943,-0.01899,0.17165,0.67275,1191.54
quat3,-0.33846,0.72283,0.33496,0.50076,1191.54
quat4,-0.32602,0.72863,0.54461,-0.25731,1191.54
quat5,0.00000,0.70711,0.00000,0.70711,1191.54
quat6,0.00000,0.70711,0.00000,0.70711,1191.54
quat7,0.00000,0.70711,0.00000,0.70711,1191.54
quat8,0.00000,0.70711,0.00000,0.70711,1191.54
quat0,0.69819,-0.22457,0.65968,0.16404,1191.56
quat1,-0.47237,0.51762,0.32939,0.63280,1191.56
quat2,-0.71323,-0.02963,0.18547,0.67529,1191.56
quat3,-0.34282,0.73171,0.33268,0.48621,1191.56
quat4,-0.34083,0.72098,0.54054,-0.26804,1191.56
quat5,0.00000,0.70711,0.00000,0.70711,1191.56
quat6,0.00000,0.70711,0.00000,0.70711,1191.56
quat7,0.00000,0.70711,0.00000,0.70711,1191.56
quat8,0.00000,0.70711,0.00000,0.70711,1191.56
quat0,0.69867,-0.22346,0.65985,0.16289,1191.58
quat1,-0.46615,0.50999,0.33333,0.64148,1191.58
quat2,-0.70795,-0.03927,0.19526,0.67760,1191.58
quat3,-0.34615,0.73861,0.33220,0.47358,1191.58
quat4,-0.35021,0.71280,0.53912,-0.28037,1191.58
quat5,0.00000,0.70711,0.00000,0.70711,1191.58
quat6,0.00000,0.70711,0.00000,0.70711,1191.58
quat7,0.00000,0.70711,0.00000,0.70711,1191.58
quat8,0.00000,0.70711,0.00000,0.70711,1191.58
quat0,0.69914,-0.22260,0.65990,0.16182,1191.6
quat1,-0.46184,0.50425,0.33501,0.64823,1191.6
quat2,-0.70408,-0.04666,0.20165,0.67929,1191.6
quat3,-0.34773,0.74420,0.33382,0.46240,1191.6
quat4,-0.35350,0.70368,0.54048,-0.29621,1191.6
quat5,0.00000,0.70711,0.00000,0.70711,1191.6
quat6,0.00000,0.70711,0.00000,0.70711,1191.6
quat7,0.00000,0.70711,0.00000,0.70711,1191.6
quat8,0.00000,0.70711,0.00000,0.70711,1191.6
quat0,0.69991,-0.22240,0.65939,0.16085,1191.62
quat1,-0.45962,0.50121,0.33539,0.65196,1191.62
quat2,-0.70131,-0.05098,0.20490,0.68087,1191.62
quat3,-0.34895,0.74685,0.33690,0.45491,1191.62
quat4,-0.35153,0.69421,0.54441,-0.31324,1191.62
quat5,0.00000,0.70711,0.00000,0.70711,1191.62
quat6,0.00000,0.70711,0.00000,0.70711,1191.62
quat7,0.00000,0.70711,0.00000,0.70711,1191.62
quat8,0.00000,0.70711,0.00000,0.70711,1191.62
quat0,0.70090,-0.22250,0.65828,0.16091,1191.64
quat1,-0.45958,0.50056,0.33435,0.65302,1191.64
quat2,-0.70003,-0.05188,0.20471,0.68217,1191.64
quat3,-0.35034,0.74645,0.34045,0.45186,1191.64
quat4,-0.34674,0.68581,0.55004,-0.32696,1191.64
quat5,0.00000,0.70711,0.00000,0.70711,1191.64
quat6,0.00000,0.70711,0.00000,0.70711,1191.64
quat7,0.00000,0.70711,0.00000,0.70711,1191.64
quat8,0.00000,0.70711,0.00000,0.70711,1191.64
quat0,0.70174,-0.22307,0.65697,0.16183,1191.66
quat1,-0.46112,0.50227,0.33207,0.65179,1191.66
quat2,-0.70058,-0.04864,0.20035,0.68315,1191.66
quat3,-0.35113,0.74417,0.34434,0.45204,1191.66
quat4,-0.34022,0.68005,0.55646,-0.33487,1191.66
quat5,0.00000,0.70711,0.00000,0.70711,1191.66
quat6,0.00000,0.70711,0.00000,0.70711,1191.66
quat7,0.00000,0.70711,0.00000,0.70711,1191.66
quat8,0.00000,0.70711,0.00000,0.70711,1191.66
quat0,0.70219,-0.22296,0.65633,0.16261,1191.68
quat1,-0.46430,0.50619,0.32849,0.64830,1191.68
quat2,-0.70278,-0.04161,0.19136,0.68392,1191.68
quat3,-0.35131,0.74029,0.34833,0.45522,1191.68
quat4,-0.33246,0.67758,0.56358,-0.33577,1191.68
quat5,0.00000,0.70711,0.00000,0.70711,1191.68
quat6,0.00000,0.70711,0.00000,0.70711,1191.68
quat7,0.00000,0.70711,0.00000,0.70711,1191.68
quat8,0.00000,0.70711,0.00000,0.70711,1191.68
quat0,0.70258,-0.22342,0.65548,0.16373,1191.7
quat1,-0.46862,0.51222,0.32434,0.64251,1191.7
quat2,-0.70639,-0.03085,0.17790,0.68441,1191.7
quat3,-0.35051,0.73487,0.35265,0.46124,1191.7
quat4,-0.32506,0.67895,0.57042,-0.32860,1191.7
quat5,0.00000,0.70711,0.00000,0.70711,1191.7
quat6,0.00000,0.70711,0.00000,0.70711,1191.7
quat7,0.00000,0.70711,0.00000,0.70711,1191.7
quat8,0.00000,0.70711,0.00000,0.70711,1191.7
quat0,0.70290,-0.22424,0.65456,0.16490,1191.72
quat1,-0.47339,0.52038,0.31943,0.63488,1191.72
quat2,-0.71084,-0.01793,0.15989,0.68471,1191.72
quat3,-0.34845,0.72832,0.35688,0.46986,1191.72
quat4,-0.31611,0.68413,0.57722,-0.31442,1191.72
quat5,0.00000,0.70711,0.00000,0.70711,1191.72
quat6,0.00000,0.70711,0.00000,0.70711,1191.72
quat7,0.00000,0.70711,0.00000,0.70711,1191.72
quat8,0.00000,0.70711,0.00000,0.70711,1191.72
quat0,0.70284,-0.22501,0.65406,0.16610,1191.74
quat1,-0.47791,0.53114,0.31455,0.62494,1191.74
quat2,-0.71537,-0.00244,0.13953,0.68466,1191.74
quat3,-0.34632,0.72010,0.36005,0.48155,1191.74
quat4,-0.30611,0.69141,0.58442,-0.29445,1191.74
quat5,0.00000,0.70711,0.00000,0.70711,1191.74
quat6,0.00000,0.70711,0.00000,0.70711,1191.74
quat7,0.00000,0.70711,0.00000,0.70711,1191.74
quat8,0.00000,0.70711,0.00000,0.70711,1191.74
quat0,0.70264,-0.22564,0.65382,0.16706,1191.76
quat1,-0.48246,0.54393,0.30924,0.61298,1191.76
quat2,-0.71933,0.01508,0.11798,0.68441,1191.76
quat3,-0.34428,0.70957,0.36346,0.49586,1191.76
quat4,-0.29514,0.69957,0.59154,-0.27125,1191.76
quat5,0.00000,0.70711,0.00000,0.70711,1191.76
quat6,0.00000,0.70711,0.00000,0.70711,1191.76
quat7,0.00000,0.70711,0.00000,0.70711,1191.76
quat8,0.00000,0.70711,0.00000,0.70711,1191.76
quat0,0.70242,-0.22650,0.65358,0.16774,1191.78
quat1,-0.48706,0.55774,0.30303,0.59989,1191.78
quat2,-0.72236,0.03616,0.09874,0.68348,1191.78
quat3,-0.34243,0.69621,0.36694,0.51322,1191.78
quat4,-0.28469,0.70733,0.59879,-0.24512,1191.78
quat5,0.00000,0.70711,0.00000,0.70711,1191.78
quat6,0.00000,0.70711,0.00000,0.70711,1191.78
quat7,0.00000,0.70711,0.00000,0.70711,1191.78
quat8,0.00000,0.70711,0.00000,0.70711,1191.78
quat0,0.70175,-0.22674,0.65406,0.16835,1191.8
quat1,-0.49085,0.57278,0.29637,0.58579,1191.8
quat2,-0.72418,0.05816,0.08093,0.68237,1191.8
quat3,-0.34009,0.67996,0.37067,0.53347,1191.8
quat4,-0.27269,0.71382,0.60679,-0.21888,1191.8
quat5,0.00000,0.70711,0.00000,0.70711,1191.8
quat6,0.00000,0.70711,0.00000,0.70711,1191.8
quat7,0.00000,0.70711,0.00000,0.70711,1191.8
quat8,0.00000,0.70711,0.00000,0.70711,1191.8
quat0,0.70099,-0.22726,0.65457,0.16884,1191.82
quat1,-0.49395,0.58938,0.28964,0.56987,1191.82
quat2,-0.72489,0.08011,0.06421,0.68117,1191.82
quat3,-0.33754,0.66194,0.37474,0.55450,1191.82
quat4,-0.25905,0.71827,0.61596,-0.19386,1191.82
quat5,0.00000,0.70711,0.00000,0.70711,1191.82
quat6,0.00000,0.70711,0.00000,0.70711,1191.82
quat7,0.00000,0.70711,0.00000,0.70711,1191.82
quat8,0.00000,0.70711,0.00000,0.70711,1191.82
quat0,0.70031,-0.22732,0.65527,0.16885,1191.84
quat1,-0.49694,0.60616,0.28105,0.55375,1191.84
quat2,-0.72449,0.09959,0.04687,0.68044,1191.84
quat3,-0.33456,0.64354,0.37854,0.57500,1191.84
quat4,-0.24357,0.72111,0.62558,-0.17123,1191.84
quat5,0.00000,0.70711,0.00000,0.70711,1191.84
quat6,0.00000,0.70711,0.00000,0.70711,1191.84
quat7,0.00000,0.70711,0.00000,0.70711,1191.84
quat8,0.00000,0.70711,0.00000,0.70711,1191.84
quat0,0.69974,-0.22744,0.65583,0.16887,1191.86
quat1,-0.49953,0.62096,0.27124,0.53973,1191.86
quat2,-0.72272,0.11765,0.03070,0.68036,1191.86
quat3,-0.33164,0.62702,0.38220,0.59227,1191.86
quat4,-0.22987,0.72267,0.63482,-0.14802,1191.86
quat5,0.00000,0.70711,0.00000,0.70711,1191.86
quat6,0.00000,0.70711,0.00000,0.70711,1191.86
quat7,0.00000,0.70711,0.00000,0.70711,1191.86
quat8,0.00000,0.70711,0.00000,0.70711,1191.86
quat0,0.69916,-0.22768,0.65638,0.16883,1191.88
quat1,-0.50172,0.63433,0.26063,0.52722,1191.88
quat2,-0.71936,0.13426,0.01592,0.68135,1191.88
quat3,-0.32888,0.61317,0.38643,0.60542,1191.88
quat4,-0.21749,0.72337,0.64315,-0.12567,1191.88
quat5,0.00000,0.70711,0.00000,0.70711,1191.88
quat6,0.00000,0.70711,0.00000,0.70711,1191.88
quat7,0.00000,0.70711,0.00000,0.70711,1191.88
quat8,0.00000,0.70711,0.00000,0.70711,1191.88
quat0,0.69899,-0.22825,0.65633,0.16895,1191.9
quat1,-0.50366,0.64563,0.24854,0.51740,1191.9
quat2,-0.71420,0.15173,0.00309,0.68329,1191.9
quat3,-0.32771,0.60220,0.39094,0.61410,1191.9
quat4,-0.20722,0.72236,0.65135,-0.10487,1191.9
quat5,0.00000,0.70711,0.00000,0.70711,1191.9
quat6,0.00000,0.70711,0.00000,0.70711,1191.9
quat7,0.00000,0.70711,0.00000,0.70711,1191.9
quat8,0.00000,0.70711,0.00000,0.70711,1191.9
quat0,0.69905,-0.22827,0.65649,0.16806,1191.92
quat1,-0.50427,0.65399,0.23706,0.51167,1191.92
quat2,-0.70671,0.16888,-0.01338,0.68692,1191.92
quat3,-0.32708,0.59398,0.39578,0.61932,1191.92
quat4,-0.19950,0.71973,0.65915,-0.08784,1191.92
quat5,0.00000,0.70711,0.00000,0.70711,1191.92
quat6,0.00000,0.70711,0.00000,0.70711,1191.92
quat7,0.00000,0.70711,0.00000,0.70711,1191.92
quat8,0.00000,0.70711,0.00000,0.70711,1191.92
quat0,0.69924,-0.22897,0.65628,0.16711,1191.94
quat1,-0.50290,0.65943,0.22967,0.50940,1191.94
quat2,-0.69631,0.18258,-0.03357,0.69331,1191.94
quat3,-0.32628,0.58835,0.40127,0.62159,1191.94
quat4,-0.19652,0.71520,0.66650,-0.07512,1191.94
quat5,0.00000,0.70711,0.00000,0.70711,1191.94
quat6,0.00000,0.70711,0.00000,0.70711,1191.94
quat7,0.00000,0.70711,0.00000,0.70711,1191.94
quat8,0.00000,0.70711,0.00000,0.70711,1191.94
quat0,0.69975,-0.23033,0.65527,0.16706,1191.96
quat1,-0.49927,0.66277,0.22554,0.51048,1191.96
quat2,-0.68414,0.19262,-0.05220,0.70152,1191.96
quat3,-0.32560,0.58568,0.40698,0.62075,1191.96
quat4,-0.19722,0.70949,0.67317,-0.06759,1191.96
quat5,0.00000,0.70711,0.00000,0.70711,1191.96
quat6,0.00000,0.70711,0.00000,0.70711,1191.96
quat7,0.00000,0.70711,0.00000,0.70711,1191.96
quat8,0.00000,0.70711,0.00000,0.70711,1191.96
quat0,0.69988,-0.23153,0.65468,0.16717,1191.98
quat1,-0.49206,0.66535,0.22389,0.51483,1191.98
quat2,-0.67184,0.19956,-0.06464,0.71037,1191.98
quat3,-0.32623,0.58544,0.41342,0.61638,1191.98
quat4,-0.19999,0.70255,0.67967,-0.06690,1191.98
quat5,0.00000,0.70711,0.00000,0.70711,1191.98
quat6,0.00000,0.70711,0.00000,0.70711,1191.98
quat7,0.00000,0.70711,0.00000,0.70711,1191.98
quat8,0.00000,0.70711,0.00000,0.70711,1191.98
quat0,0.69954,-0.23269,0.65451,0.16770,1192
quat1,-0.47979,0.67008,0.22553,0.51955,1192
quat2,-0.66079,0.20407,-0.06709,0.71918,1192
quat3,-0.32879,0.58660,0.41970,0.60963,1192
quat4,-0.20434,0.69488,0.68576,-0.07151,1192
quat5,0.00000,0.70711,0.00000,0.70711,1192
quat6,0.00000,0.70711,0.00000,0.70711,1192
quat7,0.00000,0.70711,0.00000,0.70711,1192
quat8,0.00000,0.70711,0.00000,0.70711,1192
quat0,0.69929,-0.23346,0.65436,0.16822,1192.02
quat1,-0.46287,0.67750,0.23150,0.52265,1192.02
quat2,-0.65132,0.20506,-0.05990,0.72811,1192.02
quat3,-0.33287,0.58870,0.42542,0.60137,1192.02
quat4,-0.21135,0.68677,0.69095,-0.07917,1192.02
quat5,0.00000,0.70711,0.00000,0.70711,1192.02
quat6,0.00000,0.70711,0.00000,0.70711,1192.02
quat7,0.00000,0.70711,0.00000,0.70711,1192.02
quat8,0.00000,0.70711,0.00000,0.70711,1192.02
quat0,0.69940,-0.23349,0.65428,0.16807,1192.04
quat1,-0.44386,0.68624,0.23927,0.52422,1192.04
quat2,-0.64269,0.20187,-0.04643,0.73759,1192.04
quat3,-0.33906,0.59277,0.42914,0.59119,1192.04
quat4,-0.22145,0.67850,0.69487,-0.08808,1192.04
quat5,0.00000,0.70711,0.00000,0.70711,1192.04
quat6,0.00000,0.70711,0.00000,0.70711,1192.04
quat7,0.00000,0.70711,0.00000,0.70711,1192.04
quat8,0.00000,0.70711,0.00000,0.70711,1192.04
quat0,0.69865,-0.23453,0.65467,0.16819,1192.06
quat1,-0.42569,0.69210,0.24685,0.52806,1192.06
quat2,-0.63463,0.19357,-0.03024,0.74757,1192.06
quat3,-0.34640,0.59903,0.43087,0.57924,1192.06
quat4,-0.23281,0.67063,0.69726,-0.09946,1192.06
quat5,0.00000,0.70711,0.00000,0.70711,1192.06
quat6,0.00000,0.70711,0.00000,0.70711,1192.06
quat7,0.00000,0.70711,0.00000,0.70711,1192.06
quat8,0.00000,0.70711,0.00000,0.70711,1192.06
quat0,0.69760,-0.23551,0.65537,0.16847,1192.08
quat1,-0.41002,0.69208,0.25282,0.53757,1192.08
quat2,-0.62714,0.18148,-0.01101,0.75739,1192.08
quat3,-0.35410,0.60695,0.43074,0.56629,1192.08
quat4,-0.24429,0.66334,0.69827,-0.11282,1192.08
quat5,0.00000,0.70711,0.00000,0.70711,1192.08
quat6,0.00000,0.70711,0.00000,0.70711,1192.08
quat7,0.00000,0.70711,0.00000,0.70711,1192.08
quat8,0.00000,0.70711,0.00000,0.70711,1192.08
quat0,0.69634,-0.23597,0.65661,0.16821,1192.1
quat1,-0.39776,0.68550,0.25654,0.55323,1192.1
quat2,-0.62004,0.16410,0.00893,0.76717,1192.1
quat3,-0.36191,0.61663,0.42821,0.55265,1192.1
quat4,-0.25526,0.65652,0.69803,-0.12878,1192.1
quat5,0.00000,0.70711,0.00000,0.70711,1192.1
quat6,0.00000,0.70711,0.00000,0.70711,1192.1
quat7,0.00000,0.70711,0.00000,0.70711,1192.1
quat8,0.00000,0.70711,0.00000,0.70711,1192.1
quat0,0.69514,-0.23657,0.65794,0.16712,1192.12
quat1,-0.38857,0.67364,0.25895,0.57286,1192.12
quat2,-0.61321,0.14159,0.02785,0.77663,1192.12
quat3,-0.36922,0.62663,0.42455,0.53923,1192.12
quat4,-0.26710,0.64989,0.69644,-0.14583,1192.12
quat5,0.00000,0.70711,0.00000,0.70711,1192.12
quat6,0.00000,0.70711,0.00000,0.70711,1192.12
quat7,0.00000,0.70711,0.00000,0.70711,1192.12
quat8,0.00000,0.70711,0.00000,0.70711,1192.12
quat0,0.69409,-0.23636,0.65956,0.16541,1192.14
quat1,-0.38245,0.65953,0.26116,0.59207,1192.14
quat2,-0.60689,0.11393,0.04509,0.78529,1192.14
quat3,-0.37568,0.63681,0.42011,0.52617,1192.14
quat4,-0.28055,0.64296,0.69366,-0.16354,1192.14
quat5,0.00000,0.70711,0.00000,0.70711,1192.14
quat6,0.00000,0.70711,0.00000,0.70711,1192.14
quat7,0.00000,0.70711,0.00000,0.70711,1192.14
quat8,0.00000,0.70711,0.00000,0.70711,1192.14
quat0,0.69299,-0.23614,0.66128,0.16345,1192.16
quat1,-0.37984,0.64473,0.26267,0.60914,1192.16
quat2,-0.60079,0.08459,0.06299,0.79242,1192.16
quat3,-0.38182,0.64725,0.41569,0.51233,1192.16
quat4,-0.29560,0.63576,0.68963,-0.18124,1192.16
quat5,0.00000,0.70711,0.00000,0.70711,1192.16
quat6,0.00000,0.70711,0.00000,0.70711,1192.16
quat7,0.00000,0.70711,0.00000,0.70711,1192.16
quat8,0.00000,0.70711,0.00000,0.70711,1192.16
quat0,0.69204,-0.23544,0.66276,0.16248,1192.18
quat1,-0.37823,0.63027,0.26544,0.62389,1192.18
quat2,-0.59503,0.05336,0.07935,0.79799,1192.18
quat3,-0.38808,0.65749,0.41244,0.49699,1192.18
quat4,-0.30794,0.62901,0.68520,-0.20005,1192.18
quat5,0.00000,0.70711,0.00000,0.70711,1192.18
quat6,0.00000,0.70711,0.00000,0.70711,1192.18
quat7,0.00000,0.70711,0.00000,0.70711,1192.18
quat8,0.00000,0.70711,0.00000,0.70711,1192.18
quat0,0.69044,-0.23416,0.66515,0.16133,1192.2
quat1,-0.37339,0.61204,0.27276,0.64155,1192.2
quat2,-0.59046,0.02209,0.09538,0.80111,1192.2
quat3,-0.39231,0.66988,0.41011,0.47871,1192.2
quat4,-0.31833,0.62255,0.68107,-0.21735,1192.2
quat5,0.00000,0.70711,0.00000,0.70711,1192.2
quat6,0.00000,0.70711,0.00000,0.70711,1192.2
quat7,0.00000,0.70711,0.00000,0.70711,1192.2
quat8,0.00000,0.70711,0.00000,0.70711,1192.2
quat0,0.68968,-0.23227,0.66700,0.15970,1192.22
quat1,-0.36893,0.59339,0.27861,0.65890,1192.22
quat2,-0.58684,-0.00709,0.11180,0.80192,1192.22
quat3,-0.39411,0.68323,0.40755,0.46019,1192.22
quat4,-0.32753,0.61604,0.67690,-0.23456,1192.22
quat5,0.00000,0.70711,0.00000,0.70711,1192.22
quat6,0.00000,0.70711,0.00000,0.70711,1192.22
quat7,0.00000,0.70711,0.00000,0.70711,1192.22
quat8,0.00000,0.70711,0.00000,0.70711,1192.22
quat0,0.68981,-0.23020,0.66812,0.15745,1192.24
quat1,-0.36394,0.57652,0.28442,0.67400,1192.24
quat2,-0.58345,-0.02790,0.13219,0.80083,1192.24
quat3,-0.39655,0.69406,0.40370,0.44503,1192.24
quat4,-0.33616,0.60984,0.67260,-0.25039,1192.24
quat5,0.00000,0.70711,0.00000,0.70711,1192.24
quat6,0.00000,0.70711,0.00000,0.70711,1192.24
quat7,0.00000,0.70711,0.00000,0.70711,1192.24
quat8,0.00000,0.70711,0.00000,0.70711,1192.24
quat0,0.68965,-0.22896,0.66910,0.15578,1192.26
quat1,-0.35929,0.56231,0.29024,0.68591,1192.26
quat2,-0.57955,-0.04120,0.15376,0.79924,1192.26
quat3,-0.39912,0.70310,0.39935,0.43229,1192.26
quat4,-0.34456,0.60475,0.66802,-0.26326,1192.26
quat5,0.00000,0.70711,0.00000,0.70711,1192.26
quat6,0.00000,0.70711,0.00000,0.70711,1192.26
quat7,0.00000,0.70711,0.00000,0.70711,1192.26
quat8,0.00000,0.70711,0.00000,0.70711,1192.26
quat0,0.68989,-0.22798,0.66951,0.15439,1192.28
quat1,-0.35577,0.55081,0.29466,0.69513,1192.28
quat2,-0.57541,-0.04732,0.17523,0.79747,1192.28
quat3,-0.40023,0.71101,0.39545,0.42178,1192.28
quat4,-0.35407,0.60125,0.66288,-0.27153,1192.28
quat5,0.00000,0.70711,0.00000,0.70711,1192.28
quat6,0.00000,0.70711,0.00000,0.70711,1192.28
quat7,0.00000,0.70711,0.00000,0.70711,1192.28
quat8,0.00000,0.70711,0.00000,0.70711,1192.28
quat0,0.68994,-0.22699,0.67007,0.15320,1192.3
quat1,-0.35286,0.54224,0.29721,0.70224,1192.3
quat2,-0.57096,-0.04703,0.19650,0.79572,1192.3
quat3,-0.40030,0.71750,0.39164,0.41421,1192.3
quat4,-0.36344,0.59957,0.65718,-0.27665,1192.3
quat5,0.00000,0.70711,0.00000,0.70711,1192.3
quat6,0.00000,0.70711,0.00000,0.70711,1192.3
quat7,0.00000,0.70711,0.00000,0.70711,1192.3
quat8,0.00000,0.70711,0.00000,0.70711,1192.3
quat0,0.68988,-0.22614,0.67057,0.15252,1192.32
quat1,-0.35161,0.53619,0.29848,0.70696,1192.32
quat2,-0.56750,-0.04180,0.21096,0.79479,1192.32
quat3,-0.39957,0.72218,0.38884,0.40940,1192.32
quat4,-0.37084,0.59917,0.65154,-0.28102,1192.32
quat5,0.00000,0.70711,0.00000,0.70711,1192.32
quat6,0.00000,0.70711,0.00000,0.70711,1192.32
quat7,0.00000,0.70711,0.00000,0.70711,1192.32
quat8,0.00000,0.70711,0.00000,0.70711,1192.32
quat0,0.69071,-0.22579,0.66984,0.15247,1192.34
quat1,-0.35240,0.53310,0.29852,0.70888,1192.34
quat2,-0.56761,-0.03678,0.21509,0.79386,1192.34
quat3,-0.39856,0.72423,0.38779,0.40774,1192.34
quat4,-0.37434,0.59965,0.64879,-0.28172,1192.34
quat5,0.00000,0.70711,0.00000,0.70711,1192.34
quat6,0.00000,0.70711,0.00000,0.70711,1192.34
quat7,0.00000,0.70711,0.00000,0.70711,1192.34
quat8,0.00000,0.70711,0.00000,0.70711,1192.34
quat0,0.69119,-0.22585,0.66949,0.15177,1192.36
quat1,-0.35452,0.53489,0.29705,0.70709,1192.36
quat2,-0.56990,-0.03219,0.21040,0.79367,1192.36
quat3,-0.39606,0.72463,0.38831,0.40897,1192.36
quat4,-0.37217,0.60278,0.64769,-0.28043,1192.36
quat5,0.00000,0.70711,0.00000,0.70711,1192.36
quat6,0.00000,0.70711,0.00000,0.70711,1192.36
quat7,0.00000,0.70711,0.00000,0.70711,1192.36
quat8,0.00000,0.70711,0.00000,0.70711,1192.36
quat0,0.69206,-0.22646,0.66830,0.15216,1192.38
quat1,-0.35680,0.54096,0.29478,0.70226,1192.38
quat2,-0.57396,-0.02731,0.19742,0.79426,1192.38
quat3,-0.39266,0.72299,0.39008,0.41345,1192.38
quat4,-0.36589,0.60617,0.64955,-0.27706,1192.38
quat5,0.00000,0.70711,0.00000,0.70711,1192.38
quat6,0.00000,0.70711,0.00000,0.70711,1192.38
quat7,0.00000,0.70711,0.00000,0.70711,1192.38
quat8,0.00000,0.70711,0.00000,0.70711,1192.38
quat0,0.69217,-0.22699,0.66793,0.15245,1192.4
quat1,-0.35958,0.55059,0.29143,0.69471,1192.4
quat2,-0.57954,-0.02287,0.17630,0.79531,1192.4
quat3,-0.38937,0.71935,0.39180,0.42122,1192.4
quat4,-0.35653,0.61102,0.65283,-0.27085,1192.4
quat5,0.00000,0.70711,0.00000,0.70711,1192.4
quat6,0.00000,0.70711,0.00000,0.70711,1192.4
quat7,0.00000,0.70711,0.00000,0.70711,1192.4
quat8,0.00000,0.70711,0.00000,0.70711,1192.4
quat0,0.69223,-0.22748,0.66749,0.15340,1192.42
quat1,-0.36306,0.56279,0.28718,0.68482,1192.42
quat2,-0.58539,-0.01751,0.14951,0.79666,1192.42
quat3,-0.38607,0.71386,0.39356,0.43182,1192.42
quat4,-0.34666,0.61751,0.65663,-0.25951,1192.42
quat5,0.00000,0.70711,0.00000,0.70711,1192.42
quat6,0.00000,0.70711,0.00000,0.70711,1192.42
quat7,0.00000,0.70711,0.00000,0.70711,1192.42
quat8,0.00000,0.70711,0.00000,0.70711,1192.42
quat0,0.69262,-0.22876,0.66623,0.15519,1192.44
quat1,-0.36700,0.57721,0.28262,0.67251,1192.44
quat2,-0.59071,-0.01146,0.11835,0.79808,1192.44
quat3,-0.38211,0.70693,0.39521,0.44503,1192.44
quat4,-0.33609,0.62593,0.66023,-0.24361,1192.44
quat5,0.00000,0.70711,0.00000,0.70711,1192.44
quat6,0.00000,0.70711,0.00000,0.70711,1192.44
quat7,0.00000,0.70711,0.00000,0.70711,1192.44
quat8,0.00000,0.70711,0.00000,0.70711,1192.44
quat0,0.69369,-0.22949,0.66458,0.15642,1192.46
quat1,-0.37143,0.59373,0.27849,0.65725,1192.46
quat2,-0.59494,-0.00465,0.08476,0.79928,1192.46
quat3,-0.37799,0.69832,0.39612,0.46104,1192.46
quat4,-0.32494,0.63559,0.66350,-0.22408,1192.46
quat5,0.00000,0.70711,0.00000,0.70711,1192.46
quat6,0.00000,0.70711,0.00000,0.70711,1192.46
quat7,0.00000,0.70711,0.00000,0.70711,1192.46
quat8,0.00000,0.70711,0.00000,0.70711,1192.46
quat0,0.69456,-0.22996,0.66335,0.15708,1192.48
quat1,-0.37669,0.61224,0.27518,0.63839,1192.48
quat2,-0.59870,0.00256,0.04964,0.79943,1192.48
quat3,-0.37347,0.68813,0.39584,0.47990,1192.48
quat4,-0.31196,0.64606,0.66607,-0.20406,1192.48
quat5,0.00000,0.70711,0.00000,0.70711,1192.48
quat6,0.00000,0.70711,0.00000,0.70711,1192.48
quat7,0.00000,0.70711,0.00000,0.70711,1192.48
quat8,0.00000,0.70711,0.00000,0.70711,1192.48
quat0,0.69504,-0.23002,0.66266,0.15780,1192.5
quat1,-0.38326,0.63110,0.27183,0.61719,1192.5
quat2,-0.60245,0.01191,0.01685,0.79789,1192.5
quat3,-0.36826,0.67635,0.39468,0.50115,1192.5
quat4,-0.29645,0.65660,0.66859,-0.18433,1192.5
quat5,0.00000,0.70711,0.00000,0.70711,1192.5
quat6,0.00000,0.70711,0.00000,0.70711,1192.5
quat7,0.00000,0.70711,0.00000,0.70711,1192.5
quat8,0.00000,0.70711,0.00000,0.70711,1192.5
quat0,0.69482,-0.23085,0.66243,0.15850,1192.52
quat1,-0.39186,0.64768,0.26727,0.59626,1192.52
quat2,-0.60650,0.02402,-0.01242,0.79463,1192.52
quat3,-0.36201,0.66319,0.39241,0.52454,1192.52
quat4,-0.27731,0.66730,0.67065,-0.16745,1192.52
quat5,0.00000,0.70711,0.00000,0.70711,1192.52
quat6,0.00000,0.70711,0.00000,0.70711,1192.52
quat7,0.00000,0.70711,0.00000,0.70711,1192.52
quat8,0.00000,0.70711,0.00000,0.70711,1192.52
quat0,0.69551,-0.23086,0.66158,0.15903,1192.54
quat1,-0.40289,0.66044,0.26103,0.57737,1192.54
quat2,-0.61183,0.04044,-0.03340,0.78925,1192.54
quat3,-0.35512,0.64879,0.38998,0.54852,1192.54
quat4,-0.25621,0.67823,0.67162,-0.15261,1192.54
quat5,0.00000,0.70711,0.00000,0.70711,1192.54
quat6,0.00000,0.70711,0.00000,0.70711,1192.54
quat7,0.00000,0.70711,0.00000,0.70711,1192.54
quat8,0.00000,0.70711,0.00000,0.70711,1192.54
quat0,0.69487,-0.23121,0.66198,0.15964,1192.56
quat1,-0.41497,0.67016,0.25393,0.56055,1192.56
quat2,-0.61913,0.06156,-0.04656,0.78148,1192.56
quat3,-0.34832,0.63353,0.38685,0.57242,1192.56
quat4,-0.23276,0.69013,0.67063,-0.14068,1192.56
quat5,0.00000,0.70711,0.00000,0.70711,1192.56
quat6,0.00000,0.70711,0.00000,0.70711,1192.56
quat7,0.00000,0.70711,0.00000,0.70711,1192.56
quat8,0.00000,0.70711,0.00000,0.70711,1192.56
quat0,0.69365,-0.23153,0.66295,0.16047,1192.58
quat1,-0.42637,0.67749,0.24891,0.54522,1192.58
quat2,-0.62850,0.08649,-0.05292,0.77117,1192.58
quat3,-0.34112,0.61861,0.38338,0.59496,1192.58
quat4,-0.20828,0.70411,0.66644,-0.12926,1192.58
quat5,0.00000,0.70711,0.00000,0.70711,1192.58
quat6,0.00000,0.70711,0.00000,0.70711,1192.58
quat7,0.00000,0.70711,0.00000,0.70711,1192.58
quat8,0.00000,0.70711,0.00000,0.70711,1192.58
quat0,0.69200,-0.23188,0.66436,0.16124,1192.6
quat1,-0.43776,0.68201,0.24670,0.53138,1192.6
quat2,-0.63861,0.10897,-0.05752,0.75960,1192.6
quat3,-0.33303,0.60588,0.38071,0.61405,1192.6
quat4,-0.18245,0.71969,0.65961,-0.11696,1192.6
quat5,0.00000,0.70711,0.00000,0.70711,1192.6
quat6,0.00000,0.70711,0.00000,0.70711,1192.6
quat7,0.00000,0.70711,0.00000,0.70711,1192.6
quat8,0.00000,0.70711,0.00000,0.70711,1192.6
quat0,0.69072,-0.23198,0.66543,0.16215,1192.62
quat1,-0.45057,0.68265,0.24443,0.52080,1192.62
quat2,-0.64867,0.12703,-0.06333,0.74772,1192.62
quat3,-0.32441,0.59738,0.37961,0.62753,1192.62
quat4,-0.15702,0.73487,0.65179,-0.10236,1192.62
quat5,0.00000,0.70711,0.00000,0.70711,1192.62
quat6,0.00000,0.70711,0.00000,0.70711,1192.62
quat7,0.00000,0.70711,0.00000,0.70711,1192.62
quat8,0.00000,0.70711,0.00000,0.70711,1192.62
quat0,0.68963,-0.23120,0.66690,0.16185,1192.64
quat1,-0.46511,0.67848,0.24002,0.51548,1192.64
quat2,-0.65787,0.13969,-0.07119,0.73663,1192.64
quat3,-0.31419,0.59491,0.37963,0.63502,1192.64
quat4,-0.13401,0.74903,0.64294,-0.08736,1192.64
quat5,0.00000,0.70711,0.00000,0.70711,1192.64
quat6,0.00000,0.70711,0.00000,0.70711,1192.64
quat7,0.00000,0.70711,0.00000,0.70711,1192.64
quat8,0.00000,0.70711,0.00000,0.70711,1192.64
quat0,0.68911,-0.23033,0.66790,0.16123,1192.66
quat1,-0.47960,0.67159,0.23545,0.51333,1192.66
quat2,-0.66631,0.14748,-0.07908,0.72666,1192.66
quat3,-0.30382,0.59849,0.37935,0.63686,1192.66
quat4,-0.11546,0.76150,0.63359,-0.07315,1192.66
quat5,0.00000,0.70711,0.00000,0.70711,1192.66
quat6,0.00000,0.70711,0.00000,0.70711,1192.66
quat7,0.00000,0.70711,0.00000,0.70711,1192.66
quat8,0.00000,0.70711,0.00000,0.70711,1192.66
quat0,0.68832,-0.23025,0.66867,0.16149,1192.68
quat1,-0.49210,0.66328,0.23248,0.51366,1192.68
quat2,-0.67461,0.15048,-0.08489,0.71767,1192.68
quat3,-0.29401,0.60562,0.37806,0.63550,1192.68
quat4,-0.10231,0.77181,0.62443,-0.06265,1192.68
quat5,0.00000,0.70711,0.00000,0.70711,1192.68
quat6,0.00000,0.70711,0.00000,0.70711,1192.68
quat7,0.00000,0.70711,0.00000,0.70711,1192.68
quat8,0.00000,0.70711,0.00000,0.70711,1192.68
quat0,0.68765,-0.23036,0.66920,0.16202,1192.7
quat1,-0.50160,0.65536,0.23219,0.51478,1192.7
quat2,-0.68275,0.14888,-0.08734,0.70997,1192.7
quat3,-0.28691,0.61264,0.37503,0.63381,1192.7
quat4,-0.09617,0.77969,0.61618,-0.05618,1192.7
quat5,0.00000,0.70711,0.00000,0.70711,1192.7
quat6,0.00000,0.70711,0.00000,0.70711,1192.7
quat7,0.00000,0.70711,0.00000,0.70711,1192.7
quat8,0.00000,0.70711,0.00000,0.70711,1192.7
quat0,0.68679,-0.23068,0.66988,0.16238,1192.72
quat1,-0.50742,0.64884,0.23512,0.51599,1192.72
quat2,-0.69087,0.14374,-0.08505,0.70342,1192.72
quat3,-0.28355,0.61768,0.36989,0.63345,1192.72
quat4,-0.09716,0.78543,0.60885,-0.05443,1192.72
quat5,0.00000,0.70711,0.00000,0.70711,1192.72
quat6,0.00000,0.70711,0.00000,0.70711,1192.72
quat7,0.00000,0.70711,0.00000,0.70711,1192.72
quat8,0.00000,0.70711,0.00000,0.70711,1192.72
quat0,0.68687,-0.23088,0.66955,0.16309,1192.74
quat1,-0.50946,0.64370,0.24183,0.51732,1192.74
quat2,-0.69867,0.13562,-0.07772,0.69816,1192.74
quat3,-0.28385,0.62074,0.36290,0.63436,1192.74
quat4,-0.10225,0.78935,0.60244,-0.05950,1192.74
quat5,0.00000,0.70711,0.00000,0.70711,1192.74
quat6,0.00000,0.70711,0.00000,0.70711,1192.74
quat7,0.00000,0.70711,0.00000,0.70711,1192.74
quat8,0.00000,0.70711,0.00000,0.70711,1192.74
quat0,0.68685,-0.23159,0.66899,0.16448,1192.76
quat1,-0.50914,0.63864,0.25061,0.51972,1192.76
quat2,-0.70620,0.12525,-0.06540,0.69377,1192.76
quat3,-0.28681,0.62317,0.35576,0.63470,1192.76
quat4,-0.11169,0.79145,0.59673,-0.07095,1192.76
quat5,0.00000,0.70711,0.00000,0.70711,1192.76
quat6,0.00000,0.70711,0.00000,0.70711,1192.76
quat7,0.00000,0.70711,0.00000,0.70711,1192.76
quat8,0.00000,0.70711,0.00000,0.70711,1192.76
quat0,0.68724,-0.23240,0.66811,0.16529,1192.78
quat1,-0.50758,0.63230,0.25901,0.52486,1192.78
quat2,-0.71254,0.11172,-0.04943,0.69091,1192.78
quat3,-0.29081,0.62652,0.34958,0.63300,1192.78
quat4,-0.12525,0.79188,0.59142,-0.08635,1192.78
quat5,0.00000,0.70711,0.00000,0.70711,1192.78
quat6,0.00000,0.70711,0.00000,0.70711,1192.78
quat7,0.00000,0.70711,0.00000,0.70711,1192.78
quat8,0.00000,0.70711,0.00000,0.70711,1192.78
quat0,0.68757,-0.23327,0.66712,0.16669,1192.8
quat1,-0.50489,0.62430,0.26712,0.53290,1192.8
quat2,-0.71765,0.09655,-0.02946,0.68905,1192.8
quat3,-0.29528,0.63269,0.34440,0.62761,1192.8
quat4,-0.14323,0.79047,0.58652,-0.10317,1192.8
quat5,0.00000,0.70711,0.00000,0.70711,1192.8
quat6,0.00000,0.70711,0.00000,0.70711,1192.8
quat7,0.00000,0.70711,0.00000,0.70711,1192.8
quat8,0.00000,0.70711,0.00000,0.70711,1192.8
quat0,0.68825,-0.23300,0.66655,0.16656,1192.82
quat1,-0.50074,0.61585,0.27530,0.54240,1192.82
quat2,-0.72075,0.07751,-0.00828,0.68880,1192.82
quat3,-0.29937,0.64212,0.34016,0.61835,1192.82
quat4,-0.16351,0.78744,0.58168,-0.12185,1192.82
quat5,0.00000,0.70711,0.00000,0.70711,1192.82
quat6,0.00000,0.70711,0.00000,0.70711,1192.82
quat7,0.00000,0.70711,0.00000,0.70711,1192.82
quat8,0.00000,0.70711,0.00000,0.70711,1192.82
quat0,0.68852,-0.23344,0.66607,0.16671,1192.84
quat1,-0.49591,0.60690,0.28340,0.55266,1192.84
quat2,-0.72195,0.05440,0.01116,0.68971,1192.84
quat3,-0.30381,0.65358,0.33657,0.60601,1192.84
quat4,-0.18618,0.78302,0.57634,-0.14163,1192.84
quat5,0.00000,0.70711,0.00000,0.70711,1192.84
quat6,0.00000,0.70711,0.00000,0.70711,1192.84
quat7,0.00000,0.70711,0.00000,0.70711,1192.84
quat8,0.00000,0.70711,0.00000,0.70711,1192.84
quat0,0.68969,-0.23344,0.66509,0.16578,1192.86
quat1,-0.49149,0.59775,0.29089,0.56260,1192.86
quat2,-0.72180,0.02449,0.02601,0.69118,1192.86
quat3,-0.30822,0.66605,0.33285,0.59211,1192.86
quat4,-0.20840,0.77730,0.57078,-0.16304,1192.86
quat5,0.00000,0.70711,0.00000,0.70711,1192.86
quat6,0.00000,0.70711,0.00000,0.70711,1192.86
quat7,0.00000,0.70711,0.00000,0.70711,1192.86
quat8,0.00000,0.70711,0.00000,0.70711,1192.86
quat0,0.69116,-0.23329,0.66392,0.16458,1192.88
quat1,-0.48845,0.58853,0.29740,0.57149,1192.88
quat2,-0.72052,-0.01016,0.03773,0.69233,1192.88
quat3,-0.31300,0.67831,0.33038,0.57686,1192.88
quat4,-0.22879,0.77029,0.56547,-0.18591,1192.88
quat5,0.00000,0.70711,0.00000,0.70711,1192.88
quat6,0.00000,0.70711,0.00000,0.70711,1192.88
quat7,0.00000,0.70711,0.00000,0.70711,1192.88
quat8,0.00000,0.70711,0.00000,0.70711,1192.88
quat0,0.69190,-0.23358,0.66303,0.16465,1192.9
quat1,-0.48662,0.57868,0.30342,0.57988,1192.9
quat2,-0.71841,-0.04855,0.04741,0.69230,1192.9
quat3,-0.31918,0.69046,0.32866,0.55980,1192.9
quat4,-0.24564,0.76154,0.56114,-0.21176,1192.9
quat5,0.00000,0.70711,0.00000,0.70711,1192.9
quat6,0.00000,0.70711,0.00000,0.70711,1192.9
quat7,0.00000,0.70711,0.00000,0.70711,1192.9
quat8,0.00000,0.70711,0.00000,0.70711,1192.9
quat0,0.69234,-0.23359,0.66262,0.16444,1192.92
quat1,-0.48582,0.56652,0.30919,0.58944,1192.92
quat2,-0.71596,-0.08595,0.05850,0.69035,1192.92
quat3,-0.32622,0.70284,0.32676,0.54114,1192.92
quat4,-0.26170,0.75135,0.55734,-0.23741,1192.92
quat5,0.00000,0.70711,0.00000,0.70711,1192.92
quat6,0.00000,0.70711,0.00000,0.70711,1192.92
quat7,0.00000,0.70711,0.00000,0.70711,1192.92
quat8,0.00000,0.70711,0.00000,0.70711,1192.92
quat0,0.69348,-0.23247,0.66220,0.16287,1192.94
quat1,-0.48351,0.55199,0.31464,0.60211,1192.94
quat2,-0.71231,-0.12016,0.07273,0.68766,1192.94
quat3,-0.33217,0.71548,0.32405,0.52226,1192.94
quat4,-0.27772,0.74060,0.55389,-0.25998,1192.94
quat5,0.00000,0.70711,0.00000,0.70711,1192.94
quat6,0.00000,0.70711,0.00000,0.70711,1192.94
quat7,0.00000,0.70711,0.00000,0.70711,1192.94
quat8,0.00000,0.70711,0.00000,0.70711,1192.94
quat0,0.69436,-0.23140,0.66206,0.16124,1192.96
quat1,-0.47851,0.53704,0.31997,0.61663,1192.96
quat2,-0.70784,-0.14728,0.09007,0.68496,1192.96
quat3,-0.33808,0.72757,0.32010,0.50386,1192.96
quat4,-0.29498,0.73067,0.54992,-0.27695,1192.96
quat5,0.00000,0.70711,0.00000,0.70711,1192.96
quat6,0.00000,0.70711,0.00000,0.70711,1192.96
quat7,0.00000,0.70711,0.00000,0.70711,1192.96
quat8,0.00000,0.70711,0.00000,0.70711,1192.96
quat0,0.69445,-0.23013,0.66281,0.15958,1192.98
quat1,-0.47299,0.52317,0.32524,0.62991,1192.98
quat2,-0.70312,-0.16948,0.10758,0.68214,1192.98
quat3,-0.34297,0.73934,0.31673,0.48521,1192.98
quat4,-0.31234,0.72131,0.54590,-0.29009,1192.98
quat5,0.00000,0.70711,0.00000,0.70711,1192.98
quat6,0.00000,0.70711,0.00000,0.70711,1192.98
quat7,0.00000,0.70711,0.00000,0.70711,1192.98
quat8,0.00000,0.70711,0.00000,0.70711,1192.98
quat0,0.69446,-0.22980,0.66317,0.15847,1193
quat1,-0.46679,0.51093,0.33057,0.64170,1193
quat2,-0.69869,-0.18616,0.12461,0.67944,1193
quat3,-0.34636,0.74953,0.31481,0.46812,1193
quat4,-0.32982,0.71301,0.54166,-0.29907,1193
quat5,0.00000,0.70711,0.00000,0.70711,1193
quat6,0.00000,0.70711,0.00000,0.70711,1193
quat7,0.00000,0.70711,0.00000,0.70711,1193
quat8,0.00000,0.70711,0.00000,0.70711,1193
quat0,0.69410,-0.22910,0.66409,0.15724,1193.02
quat1,-0.46031,0.50178,0.33550,0.65097,1193.02
quat2,-0.69450,-0.19819,0.14013,0.67731,1193.02
quat3,-0.34850,0.75750,0.31347,0.45440,1193.02
quat4,-0.34612,0.70551,0.53756,-0.30574,1193.02
quat5,0.00000,0.70711,0.00000,0.70711,1193.02
quat6,0.00000,0.70711,0.00000,0.70711,1193.02
quat7,0.00000,0.70711,0.00000,0.70711,1193.02
quat8,0.00000,0.70711,0.00000,0.70711,1193.02
quat0,0.69320,-0.22802,0.66577,0.15566,1193.04
quat1,-0.45435,0.49494,0.34023,0.65791,1193.04
quat2,-0.69088,-0.20496,0.15366,0.67607,1193.04
quat3,-0.35069,0.76269,0.31245,0.44462,1193.04
quat4,-0.36033,0.69911,0.53365,-0.31086,1193.04
quat5,0.00000,0.70711,0.00000,0.70711,1193.04
quat6,0.00000,0.70711,0.00000,0.70711,1193.04
quat7,0.00000,0.70711,0.00000,0.70711,1193.04
quat8,0.00000,0.70711,0.00000,0.70711,1193.04
quat0,0.69203,-0.22809,0.66705,0.15531,1193.06
quat1,-0.45066,0.49018,0.34259,0.66276,1193.06
quat2,-0.68818,-0.20761,0.16395,0.67559,1193.06
quat3,-0.35274,0.76564,0.31232,0.43799,1193.06
quat4,-0.37146,0.69359,0.53054,-0.31541,1193.06
quat5,0.00000,0.70711,0.00000,0.70711,1193.06
quat6,0.00000,0.70711,0.00000,0.70711,1193.06
quat7,0.00000,0.70711,0.00000,0.70711,1193.06
quat8,0.00000,0.70711,0.00000,0.70711,1193.06
quat0,0.69124,-0.22758,0.66811,0.15501,1193.08
quat1,-0.44893,0.48807,0.34334,0.66511,1193.08
quat2,-0.68643,-0.20659,0.17039,0.67609,1193.08
quat3,-0.35394,0.76656,0.31341,0.43460,1193.08
quat4,-0.37855,0.68865,0.52985,-0.31895,1193.08
quat5,0.00000,0.70711,0.00000,0.70711,1193.08
quat6,0.00000,0.70711,0.00000,0.70711,1193.08
quat7,0.00000,0.70711,0.00000,0.70711,1193.08
quat8,0.00000,0.70711,0.00000,0.70711,1193.08
quat0,0.69041,-0.22794,0.66875,0.15538,1193.1
quat1,-0.44961,0.48837,0.34233,0.66494,1193.1
quat2,-0.68625,-0.20299,0.17156,0.67707,1193.1
quat3,-0.35375,0.76580,0.31579,0.43438,1193.1
quat4,-0.38127,0.68610,0.53101,-0.31927,1193.1
quat5,0.00000,0.70711,0.00000,0.70711,1193.1
quat6,0.00000,0.70711,0.00000,0.70711,1193.1
quat7,0.00000,0.70711,0.00000,0.70711,1193.1
quat8,0.00000,0.70711,0.00000,0.70711,1193.1
quat0,0.68999,-0.22870,0.66869,0.15642,1193.12
quat1,-0.45190,0.49165,0.33993,0.66221,1193.12
quat2,-0.68781,-0.19657,0.16712,0.67849,1193.12
quat3,-0.35271,0.76349,0.31843,0.43735,1193.12
quat4,-0.38014,0.68596,0.53410,-0.31573,1193.12
quat5,0.00000,0.70711,0.00000,0.70711,1193.12
quat6,0.00000,0.70711,0.00000,0.70711,1193.12
quat7,0.00000,0.70711,0.00000,0.70711,1193.12
quat8,0.00000,0.70711,0.00000,0.70711,1193.12
quat0,0.68974,-0.22958,0.66827,0.15802,1193.14
quat1,-0.45521,0.49737,0.33647,0.65742,1193.14
quat2,-0.69088,-0.18659,0.15717,0.68056,1193.14
quat3,-0.35134,0.75924,0.32081,0.44407,1193.14
quat4,-0.37422,0.68810,0.53880,-0.31013,1193.14
quat5,0.00000,0.70711,0.00000,0.70711,1193.14
quat6,0.00000,0.70711,0.00000,0.70711,1193.14
quat7,0.00000,0.70711,0.00000,0.70711,1193.14
quat8,0.00000,0.70711,0.00000,0.70711,1193.14
quat0,0.68921,-0.23034,0.66815,0.15970,1193.16
quat1,-0.45972,0.50527,0.33163,0.65068,1193.16
quat2,-0.69523,-0.17491,0.14065,0.68285,1193.16
quat3,-0.34981,0.75360,0.32253,0.45354,1193.16
quat4,-0.36647,0.69242,0.54372,-0.30104,1193.16
quat5,0.00000,0.70711,0.00000,0.70711,1193.16
quat6,0.00000,0.70711,0.00000,0.70711,1193.16
quat7,0.00000,0.70711,0.00000,0.70711,1193.16
quat8,0.00000,0.70711,0.00000,0.70711,1193.16
quat0,0.68867,-0.23160,0.66778,0.16177,1193.18
quat1,-0.46490,0.51500,0.32590,0.64221,1193.18
quat2,-0.70031,-0.16041,0.11918,0.68530,1193.18
quat3,-0.34845,0.74643,0.32437,0.46498,1193.18
quat4,-0.35696,0.69901,0.54938,-0.28662,1193.18
quat5,0.00000,0.70711,0.00000,0.70711,1193.18
quat6,0.00000,0.70711,0.00000,0.70711,1193.18
quat7,0.00000,0.70711,0.00000,0.70711,1193.18
quat8,0.00000,0.70711,0.00000,0.70711,1193.18
quat0,0.68792,-0.23258,0.66778,0.16352,1193.2
quat1,-0.46983,0.52657,0.31935,0.63245,1193.2
quat2,-0.70510,-0.14431,0.09332,0.68797,1193.2
quat3,-0.34683,0.73768,0.32688,0.47821,1193.2
quat4,-0.34526,0.70725,0.55525,-0.26889,1193.2
quat5,0.00000,0.70711,0.00000,0.70711,1193.2
quat6,0.00000,0.70711,0.00000,0.70711,1193.2
quat7,0.00000,0.70711,0.00000,0.70711,1193.2
quat8,0.00000,0.70711,0.00000,0.70711,1193.2
quat0,0.68773,-0.23321,0.66731,0.16535,1193.22
quat1,-0.47351,0.54065,0.31338,0.62071,1193.22
quat2,-0.70899,-0.12543,0.06560,0.69087,1193.22
quat3,-0.34519,0.72674,0.33102,0.49307,1193.22
quat4,-0.33261,0.71580,0.56199,-0.24734,1193.22
quat5,0.00000,0.70711,0.00000,0.70711,1193.22
quat6,0.00000,0.70711,0.00000,0.70711,1193.22
quat7,0.00000,0.70711,0.00000,0.70711,1193.22
quat8,0.00000,0.70711,0.00000,0.70711,1193.22
quat0,0.68738,-0.23421,0.66691,0.16699,1193.24
quat1,-0.47629,0.55674,0.30761,0.60710,1193.24
quat2,-0.71149,-0.10482,0.03664,0.69386,1193.24
quat3,-0.34270,0.71472,0.33661,0.50836,1193.24
quat4,-0.31889,0.72357,0.56996,-0.22338,1193.24
quat5,0.00000,0.70711,0.00000,0.70711,1193.24
quat6,0.00000,0.70711,0.00000,0.70711,1193.24
quat7,0.00000,0.70711,0.00000,0.70711,1193.24
quat8,0.00000,0.70711,0.00000,0.70711,1193.24
quat0,0.68692,-0.23511,0.66678,0.16816,1193.26
quat1,-0.47870,0.57381,0.30165,0.59212,1193.26
quat2,-0.71249,-0.08162,0.00872,0.69687,1193.26
quat3,-0.33945,0.70110,0.34293,0.52501,1193.26
quat4,-0.30636,0.73065,0.57769,-0.19636,1193.26
quat5,0.00000,0.70711,0.00000,0.70711,1193.26
quat6,0.00000,0.70711,0.00000,0.70711,1193.26
quat7,0.00000,0.70711,0.00000,0.70711,1193.26
quat8,0.00000,0.70711,0.00000,0.70711,1193.26
quat0,0.68607,-0.23565,0.66719,0.16923,1193.28
quat1,-0.48078,0.59069,0.29516,0.57690,1193.28
quat2,-0.71146,-0.05659,-0.01579,0.70027,1193.28
quat3,-0.33500,0.68607,0.34983,0.54287,1193.28
quat4,-0.29374,0.73626,0.58575,-0.16892,1193.28
quat5,0.00000,0.70711,0.00000,0.70711,1193.28
quat6,0.00000,0.70711,0.00000,0.70711,1193.28
quat7,0.00000,0.70711,0.00000,0.70711,1193.28
quat8,0.00000,0.70711,0.00000,0.70711,1193.28
quat0,0.68515,-0.23582,0.66804,0.16937,1193.3
quat1,-0.48290,0.60750,0.28838,0.56088,1193.3
quat2,-0.70883,-0.02839,-0.03463,0.70395,1193.3
quat3,-0.33052,0.67044,0.35576,0.56098,1193.3
quat4,-0.28196,0.73988,0.59438,-0.14067,1193.3
quat5,0.00000,0.70711,0.00000,0.70711,1193.3
quat6,0.00000,0.70711,0.00000,0.70711,1193.3
quat7,0.00000,0.70711,0.00000,0.70711,1193.3
quat8,0.00000,0.70711,0.00000,0.70711,1193.3
quat0,0.68450,-0.23588,0.66840,0.17045,1193.32
quat1,-0.48516,0.62342,0.27960,0.54571,1193.32
quat2,-0.70483,0.00044,-0.04966,0.70764,1193.32
quat3,-0.32706,0.65421,0.36043,0.57891,1193.32
quat4,-0.26827,0.74182,0.60366,-0.11542,1193.32
quat5,0.00000,0.70711,0.00000,0.70711,1193.32
quat6,0.00000,0.70711,0.00000,0.70711,1193.32
quat7,0.00000,0.70711,0.00000,0.70711,1193.32
quat8,0.00000,0.70711,0.00000,0.70711,1193.32
quat0,0.68390,-0.23585,0.66882,0.17128,1193.34
quat1,-0.48653,0.63790,0.27037,0.53224,1193.34
quat2,-0.70025,0.02853,-0.06286,0.71055,1193.34
quat3,-0.32499,0.63839,0.36490,0.59472,1193.34
quat4,-0.25229,0.74243,0.61363,-0.09280,1193.34
quat5,0.00000,0.70711,0.00000,0.70711,1193.34
quat6,0.00000,0.70711,0.00000,0.70711,1193.34
quat7,0.00000,0.70711,0.00000,0.70711,1193.34
quat8,0.00000,0.70711,0.00000,0.70711,1193.34
quat0,0.68363,-0.23559,0.66913,0.17151,1193.36
quat1,-0.48681,0.65037,0.26219,0.52085,1193.36
quat2,-0.69369,0.05154,-0.07900,0.71407,1193.36
quat3,-0.32350,0.62489,0.37054,0.60627,1193.36
quat4,-0.23493,0.74163,0.62411,-0.07260,1193.36
quat5,0.00000,0.70711,0.00000,0.70711,1193.36
quat6,0.00000,0.70711,0.00000,0.70711,1193.36
quat7,0.00000,0.70711,0.00000,0.70711,1193.36
quat8,0.00000,0.70711,0.00000,0.70711,1193.36
quat0,0.68323,-0.23529,0.66976,0.17105,1193.38
quat1,-0.48694,0.65992,0.25612,0.51165,1193.38
quat2,-0.68541,0.06961,-0.09864,0.71808,1193.38
quat3,-0.32225,0.61440,0.37696,0.61365,1193.38
quat4,-0.22188,0.73921,0.63378,-0.05151,1193.38
quat5,0.00000,0.70711,0.00000,0.70711,1193.38
quat6,0.00000,0.70711,0.00000,0.70711,1193.38
quat7,0.00000,0.70711,0.00000,0.70711,1193.38
quat8,0.00000,0.70711,0.00000,0.70711,1193.38
quat0,0.68261,-0.23503,0.67078,0.16987,1193.4
quat1,-0.48920,0.66442,0.24903,0.50716,1193.4
quat2,-0.67645,0.08316,-0.11784,0.72223,1193.4
quat3,-0.32112,0.60719,0.38398,0.61706,1193.4
quat4,-0.21640,0.73468,0.64235,-0.02829,1193.4
quat5,0.00000,0.70711,0.00000,0.70711,1193.4
quat6,0.00000,0.70711,0.00000,0.70711,1193.4
quat7,0.00000,0.70711,0.00000,0.70711,1193.4
quat8,0.00000,0.70711,0.00000,0.70711,1193.4
quat0,0.68236,-0.23452,0.67157,0.16848,1193.42
quat1,-0.49165,0.66498,0.24037,0.50823,1193.42
quat2,-0.66850,0.09550,-0.13107,0.72582,1193.42
quat3,-0.32139,0.60186,0.39144,0.61745,1193.42
quat4,-0.21690,0.72800,0.65034,-0.00513,1193.42
quat5,0.00000,0.70711,0.00000,0.70711,1193.42
quat6,0.00000,0.70711,0.00000,0.70711,1193.42
quat7,0.00000,0.70711,0.00000,0.70711,1193.42
quat8,0.00000,0.70711,0.00000,0.70711,1193.42
quat0,0.68164,-0.23471,0.67240,0.16780,1193.44
quat1,-0.49189,0.66419,0.23292,0.51249,1193.44
quat2,-0.66231,0.10677,-0.13665,0.72888,1193.44
quat3,-0.32251,0.59983,0.39908,0.61394,1193.44
quat4,-0.21864,0.72027,0.65823,0.01179,1193.44
quat5,0.00000,0.70711,0.00000,0.70711,1193.44
quat6,0.00000,0.70711,0.00000,0.70711,1193.44
quat7,0.00000,0.70711,0.00000,0.70711,1193.44
quat8,0.00000,0.70711,0.00000,0.70711,1193.44
quat0,0.68115,-0.23546,0.67271,0.16751,1193.46
quat1,-0.48843,0.66498,0.23019,0.51600,1193.46
quat2,-0.65839,0.11513,-0.13373,0.73170,1193.46
quat3,-0.32454,0.60178,0.40634,0.60616,1193.46
quat4,-0.22080,0.71216,0.66604,0.02158,1193.46
quat5,0.00000,0.70711,0.00000,0.70711,1193.46
quat6,0.00000,0.70711,0.00000,0.70711,1193.46
quat7,0.00000,0.70711,0.00000,0.70711,1193.46
quat8,0.00000,0.70711,0.00000,0.70711,1193.46
quat0,0.68097,-0.23640,0.67254,0.16756,1193.48
quat1,-0.48086,0.66905,0.23348,0.51636,1193.48
quat2,-0.65639,0.11939,-0.12402,0.73452,1193.48
quat3,-0.32894,0.60501,0.41243,0.59638,1193.48
quat4,-0.22479,0.70420,0.67305,0.02417,1193.48
quat5,0.00000,0.70711,0.00000,0.70711,1193.48
quat6,0.00000,0.70711,0.00000,0.70711,1193.48
quat7,0.00000,0.70711,0.00000,0.70711,1193.48
quat8,0.00000,0.70711,0.00000,0.70711,1193.48
quat0,0.68030,-0.23732,0.67280,0.16793,1193.5
quat1,-0.47101,0.67374,0.24052,0.51612,1193.5
quat2,-0.65562,0.11825,-0.10991,0.73763,1193.5
quat3,-0.33623,0.60914,0.41678,0.58497,1193.5
quat4,-0.23106,0.69623,0.67931,0.02031,1193.5
quat5,0.00000,0.70711,0.00000,0.70711,1193.5
quat6,0.00000,0.70711,0.00000,0.70711,1193.5
quat7,0.00000,0.70711,0.00000,0.70711,1193.5
quat8,0.00000,0.70711,0.00000,0.70711,1193.5
quat0,0.67984,-0.23800,0.67286,0.16864,1193.52
quat1,-0.46057,0.67604,0.24848,0.51875,1193.52
quat2,-0.65539,0.11227,-0.09295,0.74109,1193.52
quat3,-0.34560,0.61396,0.41987,0.57213,1193.52
quat4,-0.24135,0.68763,0.68466,0.01246,1193.52
quat5,0.00000,0.70711,0.00000,0.70711,1193.52
quat6,0.00000,0.70711,0.00000,0.70711,1193.52
quat7,0.00000,0.70711,0.00000,0.70711,1193.52
quat8,0.00000,0.70711,0.00000,0.70711,1193.52
quat0,0.68015,-0.23891,0.67204,0.16934,1193.54
quat1,-0.45084,0.67422,0.25514,0.52637,1193.54
quat2,-0.65513,0.10173,-0.07471,0.74490,1193.54
quat3,-0.35574,0.61956,0.42138,0.55860,1193.54
quat4,-0.25554,0.67896,0.68827,0.00117,1193.54
quat5,0.00000,0.70711,0.00000,0.70711,1193.54
quat6,0.00000,0.70711,0.00000,0.70711,1193.54
quat7,0.00000,0.70711,0.00000,0.70711,1193.54
quat8,0.00000,0.70711,0.00000,0.70711,1193.54
quat0,0.68052,-0.23978,0.67134,0.16944,1193.56
quat1,-0.44289,0.66841,0.26019,0.53794,1193.56
quat2,-0.65464,0.08824,-0.05448,0.74879,1193.56
quat3,-0.36566,0.62595,0.42060,0.54551,1193.56
quat4,-0.27323,0.67041,0.68973,-0.01249,1193.56
quat5,0.00000,0.70711,0.00000,0.70711,1193.56
quat6,0.00000,0.70711,0.00000,0.70711,1193.56
quat7,0.00000,0.70711,0.00000,0.70711,1193.56
quat8,0.00000,0.70711,0.00000,0.70711,1193.56
quat0,0.68076,-0.24011,0.67108,0.16901,1193.58
quat1,-0.43645,0.65979,0.26360,0.55200,1193.58
quat2,-0.65335,0.07142,-0.03360,0.75293,1193.58
quat3,-0.37502,0.63377,0.41705,0.53270,1193.58
quat4,-0.29224,0.66256,0.68898,-0.03019,1193.58
quat5,0.00000,0.70711,0.00000,0.70711,1193.58
quat6,0.00000,0.70711,0.00000,0.70711,1193.58
quat7,0.00000,0.70711,0.00000,0.70711,1193.58
quat8,0.00000,0.70711,0.00000,0.70711,1193.58
quat0,0.68124,-0.24002,0.67088,0.16798,1193.6
quat1,-0.43063,0.64922,0.26695,0.56728,1193.6
quat2,-0.65104,0.05251,-0.01091,0.75715,1193.6
quat3,-0.38299,0.64276,0.41207,0.51999,1193.6
quat4,-0.31249,0.65513,0.68605,-0.05003,1193.6
quat5,0.00000,0.70711,0.00000,0.70711,1193.6
quat6,0.00000,0.70711,0.00000,0.70711,1193.6
quat7,0.00000,0.70711,0.00000,0.70711,1193.6
quat8,0.00000,0.70711,0.00000,0.70711,1193.6
quat0,0.68212,-0.23971,0.67047,0.16651,1193.62
quat1,-0.42508,0.63670,0.27009,0.58393,1193.62
quat2,-0.64746,0.03058,0.01261,0.76138,1193.62
quat3,-0.38863,0.65229,0.40848,0.50659,1193.62
quat4,-0.33338,0.64779,0.68116,-0.07241,1193.62
quat5,0.00000,0.70711,0.00000,0.70711,1193.62
quat6,0.00000,0.70711,0.00000,0.70711,1193.62
quat7,0.00000,0.70711,0.00000,0.70711,1193.62
quat8,0.00000,0.70711,0.00000,0.70711,1193.62
quat0,0.68347,-0.23851,0.66996,0.16473,1193.64
quat1,-0.41977,0.62260,0.27313,0.60130,1193.64
quat2,-0.64264,0.00781,0.03813,0.76518,1193.64
quat3,-0.39295,0.66186,0.40631,0.49239,1193.64
quat4,-0.35466,0.64103,0.67404,-0.09469,1193.64
quat5,0.00000,0.70711,0.00000,0.70711,1193.64
quat6,0.00000,0.70711,0.00000,0.70711,1193.64
quat7,0.00000,0.70711,0.00000,0.70711,1193.64
quat8,0.00000,0.70711,0.00000,0.70711,1193.64
quat0,0.68519,-0.23766,0.66877,0.16364,1193.66
quat1,-0.41510,0.60797,0.27602,0.61796,1193.66
quat2,-0.63718,-0.01417,0.06711,0.76765,1193.66
quat3,-0.39571,0.67369,0.40460,0.47525,1193.66
quat4,-0.37384,0.63505,0.66546,-0.11886,1193.66
quat5,0.00000,0.70711,0.00000,0.70711,1193.66
quat6,0.00000,0.70711,0.00000,0.70711,1193.66
quat7,0.00000,0.70711,0.00000,0.70711,1193.66
quat8,0.00000,0.70711,0.00000,0.70711,1193.66
quat0,0.68622,-0.23704,0.66801,0.16335,1193.68
quat1,-0.41111,0.59436,0.27869,0.63250,1193.68
quat2,-0.63119,-0.03286,0.10118,0.76830,1193.68
quat3,-0.39746,0.68635,0.40264,0.45698,1193.68
quat4,-0.38983,0.62893,0.65702,-0.14423,1193.68
quat5,0.00000,0.70711,0.00000,0.70711,1193.68
quat6,0.00000,0.70711,0.00000,0.70711,1193.68
quat7,0.00000,0.70711,0.00000,0.70711,1193.68
quat8,0.00000,0.70711,0.00000,0.70711,1193.68
quat0,0.68667,-0.23563,0.66827,0.16242,1193.7
quat1,-0.40641,0.58221,0.28274,0.64492,1193.7
quat2,-0.62396,-0.04856,0.13574,0.76804,1193.7
quat3,-0.39907,0.69762,0.40065,0.43995,1193.7
quat4,-0.40033,0.62288,0.65009,-0.17069,1193.7
quat5,0.00000,0.70711,0.00000,0.70711,1193.7
quat6,0.00000,0.70711,0.00000,0.70711,1193.7
quat7,0.00000,0.70711,0.00000,0.70711,1193.7
quat8,0.00000,0.70711,0.00000,0.70711,1193.7
quat0,0.68637,-0.23401,0.66937,0.16149,1193.72
quat1,-0.40138,0.56760,0.28868,0.65833,1193.72
quat2,-0.61591,-0.05997,0.16902,0.76713,1193.72
quat3,-0.40182,0.70721,0.39733,0.42488,1193.72
quat4,-0.40746,0.61729,0.64439,-0.19416,1193.72
quat5,0.00000,0.70711,0.00000,0.70711,1193.72
quat6,0.00000,0.70711,0.00000,0.70711,1193.72
quat7,0.00000,0.70711,0.00000,0.70711,1193.72
quat8,0.00000,0.70711,0.00000,0.70711,1193.72
quat0,0.68697,-0.23313,0.66932,0.16040,1193.74
quat1,-0.39797,0.54893,0.29201,0.67456,1193.74
quat2,-0.60849,-0.06859,0.19561,0.76601,1193.74
quat3,-0.40477,0.71599,0.39197,0.41216,1193.74
quat4,-0.41284,0.61254,0.63918,-0.21401,1193.74
quat5,0.00000,0.70711,0.00000,0.70711,1193.74
quat6,0.00000,0.70711,0.00000,0.70711,1193.74
quat7,0.00000,0.70711,0.00000,0.70711,1193.74
quat8,0.00000,0.70711,0.00000,0.70711,1193.74
quat0,0.68834,-0.23162,0.66899,0.15809,1193.76
quat1,-0.39570,0.53255,0.29389,0.68808,1193.76
quat2,-0.60263,-0.07471,0.21147,0.76586,1193.76
quat3,-0.40643,0.72243,0.38697,0.40393,1193.76
quat4,-0.41765,0.60778,0.63511,-0.22978,1193.76
quat5,0.00000,0.70711,0.00000,0.70711,1193.76
quat6,0.00000,0.70711,0.00000,0.70711,1193.76
quat7,0.00000,0.70711,0.00000,0.70711,1193.76
quat8,0.00000,0.70711,0.00000,0.70711,1193.76
quat0,0.68921,-0.23142,0.66845,0.15688,1193.78
quat1,-0.39301,0.52202,0.29758,0.69605,1193.78
quat2,-0.59871,-0.08129,0.22115,0.76553,1193.78
quat3,-0.40759,0.72692,0.38183,0.39957,1193.78
quat4,-0.42558,0.60394,0.63011,-0.23894,1193.78
quat5,0.00000,0.70711,0.00000,0.70711,1193.78
quat6,0.00000,0.70711,0.00000,0.70711,1193.78
quat7,0.00000,0.70711,0.00000,0.70711,1193.78
quat8,0.00000,0.70711,0.00000,0.70711,1193.78
quat0,0.68890,-0.23114,0.66890,0.15674,1193.8
quat1,-0.39191,0.51562,0.30007,0.70036,1193.8
quat2,-0.59824,-0.08767,0.22117,0.76519,1193.8
quat3,-0.40691,0.73054,0.37923,0.39613,1193.8
quat4,-0.43069,0.60280,0.62582,-0.24389,1193.8
quat5,0.00000,0.70711,0.00000,0.70711,1193.8
quat6,0.00000,0.70711,0.00000,0.70711,1193.8
quat7,0.00000,0.70711,0.00000,0.70711,1193.8
quat8,0.00000,0.70711,0.00000,0.70711,1193.8
quat0,0.68893,-0.23126,0.66864,0.15750,1193.82
quat1,-0.39227,0.51367,0.30024,0.70151,1193.82
quat2,-0.60002,-0.09081,0.21536,0.76508,1193.82
quat3,-0.40459,0.73159,0.37977,0.39606,1193.82
quat4,-0.42913,0.60388,0.62498,-0.24613,1193.82
quat5,0.00000,0.70711,0.00000,0.70711,1193.82
quat6,0.00000,0.70711,0.00000,0.70711,1193.82
quat7,0.00000,0.70711,0.00000,0.70711,1193.82
quat8,0.00000,0.70711,0.00000,0.70711,1193.82
quat0,0.68880,-0.23150,0.66849,0.15840,1193.84
quat1,-0.39341,0.51672,0.29911,0.69911,1193.84
quat2,-0.60342,-0.08984,0.20437,0.76553,1193.84
quat3,-0.40190,0.72998,0.38200,0.39961,1193.84
quat4,-0.42335,0.60580,0.62681,-0.24677,1193.84
quat5,0.00000,0.70711,0.00000,0.70711,1193.84
quat6,0.00000,0.70711,0.00000,0.70711,1193.84
quat7,0.00000,0.70711,0.00000,0.70711,1193.84
quat8,0.00000,0.70711,0.00000,0.70711,1193.84
quat0,0.68879,-0.23220,0.66794,0.15974,1193.86
quat1,-0.39495,0.52446,0.29686,0.69342,1193.86
quat2,-0.60792,-0.08244,0.18936,0.76666,1193.86
quat3,-0.39916,0.72592,0.38558,0.40625,1193.86
quat4,-0.41363,0.60898,0.63135,-0.24383,1193.86
quat5,0.00000,0.70711,0.00000,0.70711,1193.86
quat6,0.00000,0.70711,0.00000,0.70711,1193.86
quat7,0.00000,0.70711,0.00000,0.70711,1193.86
quat8,0.00000,0.70711,0.00000,0.70711,1193.86
quat0,0.68861,-0.23282,0.66754,0.16124,1193.88
quat1,-0.39717,0.53549,0.29355,0.68508,1193.88
quat2,-0.61274,-0.07207,0.17181,0.76801,1193.88
quat3,-0.39598,0.72009,0.38991,0.41551,1193.88
quat4,-0.40238,0.61279,0.63784,-0.23610,1193.88
quat5,0.00000,0.70711,0.00000,0.70711,1193.88
quat6,0.00000,0.70711,0.00000,0.70711,1193.88
quat7,0.00000,0.70711,0.00000,0.70711,1193.88
quat8,0.00000,0.70711,0.00000,0.70711,1193.88
quat0,0.68802,-0.23345,0.66744,0.16326,1193.9
quat1,-0.39951,0.54945,0.28998,0.67410,1193.9
quat2,-0.61699,-0.05832,0.15149,0.77005,1193.9
quat3,-0.39288,0.71253,0.39421,0.42726,1193.9
quat4,-0.39004,0.61794,0.64507,-0.22341,1193.9
quat5,0.00000,0.70711,0.00000,0.70711,1193.9
quat6,0.00000,0.70711,0.00000,0.70711,1193.9
quat7,0.00000,0.70711,0.00000,0.70711,1193.9
quat8,0.00000,0.70711,0.00000,0.70711,1193.9
quat0,0.68718,-0.23354,0.66770,0.16560,1193.92
quat1,-0.40199,0.56496,0.28643,0.66120,1193.92
quat2,-0.62096,-0.04163,0.12948,0.77195,1193.92
quat3,-0.38964,0.70379,0.39818,0.44081,1193.92
quat4,-0.37514,0.62433,0.65305,-0.20741,1193.92
quat5,0.00000,0.70711,0.00000,0.70711,1193.92
quat6,0.00000,0.70711,0.00000,0.70711,1193.92
quat7,0.00000,0.70711,0.00000,0.70711,1193.92
quat8,0.00000,0.70711,0.00000,0.70711,1193.92
quat0,0.68589,-0.23417,0.66829,0.16766,1193.94
quat1,-0.40537,0.58241,0.28239,0.64554,1193.94
quat2,-0.62495,-0.01999,0.11098,0.77248,1193.94
quat3,-0.38673,0.69356,0.40159,0.45623,1193.94
quat4,-0.35802,0.63197,0.66097,-0.18858,1193.94
quat5,0.00000,0.70711,0.00000,0.70711,1193.94
quat6,0.00000,0.70711,0.00000,0.70711,1193.94
quat7,0.00000,0.70711,0.00000,0.70711,1193.94
quat8,0.00000,0.70711,0.00000,0.70711,1193.94
quat0,0.68534,-0.23399,0.66847,0.16941,1193.96
quat1,-0.40968,0.60232,0.27777,0.62627,1193.96
quat2,-0.62922,0.00473,0.09636,0.77122,1193.96
quat3,-0.38413,0.68204,0.40376,0.47355,1193.96
quat4,-0.33818,0.64016,0.66861,-0.16970,1193.96
quat5,0.00000,0.70711,0.00000,0.70711,1193.96
quat6,0.00000,0.70711,0.00000,0.70711,1193.96
quat7,0.00000,0.70711,0.00000,0.70711,1193.96
quat8,0.00000,0.70711,0.00000,0.70711,1193.96
quat0,0.68501,-0.23377,0.66858,0.17064,1193.98
quat1,-0.41552,0.62065,0.27210,0.60672,1193.98
quat2,-0.63409,0.03080,0.08550,0.76790,1193.98
quat3,-0.38173,0.66868,0.40506,0.49303,1193.98
quat4,-0.31690,0.64871,0.67532,-0.15066,1193.98
quat5,0.00000,0.70711,0.00000,0.70711,1193.98
quat6,0.00000,0.70711,0.00000,0.70711,1193.98
quat7,0.00000,0.70711,0.00000,0.70711,1193.98
quat8,0.00000,0.70711,0.00000,0.70711,1193.98
quat0,0.68430,-0.23410,0.66891,0.17175,1194
quat1,-0.42235,0.63749,0.26563,0.58708,1194
quat2,-0.63973,0.05371,0.07512,0.76303,1194
quat3,-0.37869,0.65428,0.40520,0.51412,1194
quat4,-0.29528,0.65700,0.68079,-0.13300,1194
quat5,0.00000,0.70711,0.00000,0.70711,1194
quat6,0.00000,0.70711,0.00000,0.70711,1194
quat7,0.00000,0.70711,0.00000,0.70711,1194
quat8,0.00000,0.70711,0.00000,0.70711,1194
quat0,0.68318,-0.23336,0.67026,0.17193,1194.02
quat1,-0.42968,0.65367,0.25934,0.56642,1194.02
quat2,-0.64638,0.07195,0.06443,0.75688,1194.02
quat3,-0.37471,0.63883,0.40449,0.53655,1194.02
quat4,-0.27470,0.66534,0.68451,-0.11532,1194.02
quat5,0.00000,0.70711,0.00000,0.70711,1194.02
quat6,0.00000,0.70711,0.00000,0.70711,1194.02
quat7,0.00000,0.70711,0.00000,0.70711,1194.02
quat8,0.00000,0.70711,0.00000,0.70711,1194.02
quat0,0.68171,-0.23247,0.67222,0.17131,1194.04
quat1,-0.43799,0.66768,0.25327,0.54610,1194.04
quat2,-0.65339,0.08452,0.05097,0.75056,1194.04
quat3,-0.36862,0.62432,0.40369,0.55801,1194.04
quat4,-0.25386,0.67443,0.68629,-0.09850,1194.04
quat5,0.00000,0.70711,0.00000,0.70711,1194.04
quat6,0.00000,0.70711,0.00000,0.70711,1194.04
quat7,0.00000,0.70711,0.00000,0.70711,1194.04
quat8,0.00000,0.70711,0.00000,0.70711,1194.04
quat0,0.68020,-0.23163,0.67402,0.17140,1194.06
quat1,-0.44773,0.67770,0.24837,0.52780,1194.06
quat2,-0.66029,0.09435,0.03622,0.74418,1194.06
quat3,-0.36141,0.61228,0.40302,0.57625,1194.06
quat4,-0.23244,0.68426,0.68635,-0.08173,1194.06
quat5,0.00000,0.70711,0.00000,0.70711,1194.06
quat6,0.00000,0.70711,0.00000,0.70711,1194.06
quat7,0.00000,0.70711,0.00000,0.70711,1194.06
quat8,0.00000,0.70711,0.00000,0.70711,1194.06
quat0,0.67913,-0.23043,0.67545,0.17159,1194.08
quat1,-0.45948,0.68299,0.24373,0.51284,1194.08
quat2,-0.66668,0.10136,0.01964,0.73816,1194.08
quat3,-0.35456,0.60299,0.40272,0.59035,1194.08
quat4,-0.20831,0.69429,0.68554,-0.06788,1194.08
quat5,0.00000,0.70711,0.00000,0.70711,1194.08
quat6,0.00000,0.70711,0.00000,0.70711,1194.08
quat7,0.00000,0.70711,0.00000,0.70711,1194.08
quat8,0.00000,0.70711,0.00000,0.70711,1194.08
quat0,0.67844,-0.22882,0.67678,0.17127,1194.1
quat1,-0.47318,0.68260,0.23787,0.50356,1194.1
quat2,-0.67280,0.10640,0.00198,0.73213,1194.1
quat3,-0.34710,0.59775,0.40350,0.59951,1194.1
quat4,-0.18491,0.70417,0.68324,-0.05597,1194.1
quat5,0.00000,0.70711,0.00000,0.70711,1194.1
quat6,0.00000,0.70711,0.00000,0.70711,1194.1
quat7,0.00000,0.70711,0.00000,0.70711,1194.1
quat8,0.00000,0.70711,0.00000,0.70711,1194.1
quat0,0.67850,-0.22765,0.67711,0.17130,1194.12
quat1,-0.48721,0.67692,0.23080,0.50114,1194.12
quat2,-0.67855,0.10924,-0.01630,0.72620,1194.12
quat3,-0.33943,0.59701,0.40446,0.60397,1194.12
quat4,-0.16556,0.71384,0.67895,-0.04531,1194.12
quat5,0.00000,0.70711,0.00000,0.70711,1194.12
quat6,0.00000,0.70711,0.00000,0.70711,1194.12
quat7,0.00000,0.70711,0.00000,0.70711,1194.12
quat8,0.00000,0.70711,0.00000,0.70711,1194.12
quat0,0.67929,-0.22677,0.67655,0.17152,1194.14
quat1,-0.49979,0.66829,0.22426,0.50331,1194.14
quat2,-0.68431,0.11128,-0.03240,0.71992,1194.14
quat3,-0.33218,0.59923,0.40422,0.60597,1194.14
quat4,-0.15239,0.72238,0.67349,-0.03676,1194.14
quat5,0.00000,0.70711,0.00000,0.70711,1194.14
quat6,0.00000,0.70711,0.00000,0.70711,1194.14
quat7,0.00000,0.70711,0.00000,0.70711,1194.14
quat8,0.00000,0.70711,0.00000,0.70711,1194.14
quat0,0.68057,-0.22622,0.67544,0.17155,1194.16
quat1,-0.51034,0.65881,0.21970,0.50721,1194.16
quat2,-0.69047,0.11257,-0.04412,0.71318,1194.16
quat3,-0.32609,0.60222,0.40201,0.60778,1194.16
quat4,-0.14596,0.72983,0.66711,-0.03168,1194.16
quat5,0.00000,0.70711,0.00000,0.70711,1194.16
quat6,0.00000,0.70711,0.00000,0.70711,1194.16
quat7,0.00000,0.70711,0.00000,0.70711,1194.16
quat8,0.00000,0.70711,0.00000,0.70711,1194.16
quat0,0.68145,-0.22692,0.67424,0.17186,1194.18
quat1,-0.51779,0.65043,0.21856,0.51094,1194.18
quat2,-0.69688,0.11297,-0.05008,0.70646,1194.18
quat3,-0.32218,0.60470,0.39715,0.61058,1194.18
quat4,-0.14647,0.73599,0.66024,-0.03088,1194.18
quat5,0.00000,0.70711,0.00000,0.70711,1194.18
quat6,0.00000,0.70711,0.00000,0.70711,1194.18
quat7,0.00000,0.70711,0.00000,0.70711,1194.18
quat8,0.00000,0.70711,0.00000,0.70711,1194.18
quat0,0.68278,-0.22705,0.67281,0.17202,1194.2
quat1,-0.52204,0.64411,0.22201,0.51314,1194.2
quat2,-0.70383,0.11196,-0.04978,0.69972,1194.2
quat3,-0.32027,0.60678,0.38958,0.61439,1194.2
quat4,-0.15245,0.74122,0.65280,-0.03462,1194.2
quat5,0.00000,0.70711,0.00000,0.70711,1194.2
quat6,0.00000,0.70711,0.00000,0.70711,1194.2
quat7,0.00000,0.70711,0.00000,0.70711,1194.2
quat8,0.00000,0.70711,0.00000,0.70711,1194.2
quat0,0.68456,-0.22761,0.67067,0.17254,1194.22
quat1,-0.52314,0.63997,0.22970,0.51381,1194.22
quat2,-0.71110,0.10906,-0.04328,0.69324,1194.22
quat3,-0.32004,0.60938,0.38030,0.61774,1194.22
quat4,-0.16202,0.74580,0.64468,-0.04381,1194.22
quat5,0.00000,0.70711,0.00000,0.70711,1194.22
quat6,0.00000,0.70711,0.00000,0.70711,1194.22
quat7,0.00000,0.70711,0.00000,0.70711,1194.22
quat8,0.00000,0.70711,0.00000,0.70711,1194.22
quat0,0.68650,-0.22856,0.66823,0.17304,1194.24
quat1,-0.52149,0.63650,0.24059,0.51481,1194.24
quat2,-0.71797,0.10375,-0.03211,0.68755,1194.24
quat3,-0.32120,0.61311,0.37113,0.61902,1194.24
quat4,-0.17535,0.74927,0.63612,-0.05652,1194.24
quat5,0.00000,0.70711,0.00000,0.70711,1194.24
quat6,0.00000,0.70711,0.00000,0.70711,1194.24
quat7,0.00000,0.70711,0.00000,0.70711,1194.24
quat8,0.00000,0.70711,0.00000,0.70711,1194.24
quat0,0.68831,-0.22959,0.66577,0.17396,1194.26
quat1,-0.51871,0.63190,0.25163,0.51801,1194.26
quat2,-0.72372,0.09552,-0.01723,0.68323,1194.26
quat3,-0.32238,0.61979,0.36309,0.61652,1194.26
quat4,-0.19088,0.75167,0.62711,-0.07279,1194.26
quat5,0.00000,0.70711,0.00000,0.70711,1194.26
quat6,0.00000,0.70711,0.00000,0.70711,1194.26
quat7,0.00000,0.70711,0.00000,0.70711,1194.26
quat8,0.00000,0.70711,0.00000,0.70711,1194.26
quat0,0.68983,-0.23058,0.66375,0.17436,1194.28
quat1,-0.51559,0.62510,0.26133,0.52453,1194.28
quat2,-0.72820,0.08519,0.00108,0.68005,1194.28
quat3,-0.32420,0.62964,0.35584,0.60977,1194.28
quat4,-0.20855,0.75301,0.61739,-0.09117,1194.28
quat5,0.00000,0.70711,0.00000,0.70711,1194.28
quat6,0.00000,0.70711,0.00000,0.70711,1194.28
quat7,0.00000,0.70711,0.00000,0.70711,1194.28
quat8,0.00000,0.70711,0.00000,0.70711,1194.28
quat0,0.69085,-0.23138,0.66222,0.17508,1194.3
quat1,-0.51188,0.61673,0.26908,0.53407,1194.3
quat2,-0.73072,0.07171,0.02079,0.67859,1194.3
quat3,-0.32669,0.64138,0.34905,0.60005,1194.3
quat4,-0.22651,0.75320,0.60708,-0.11327,1194.3
quat5,0.00000,0.70711,0.00000,0.70711,1194.3
quat6,0.00000,0.70711,0.00000,0.70711,1194.3
quat7,0.00000,0.70711,0.00000,0.70711,1194.3
quat8,0.00000,0.70711,0.00000,0.70711,1194.3
quat0,0.69171,-0.23180,0.66110,0.17538,1194.32
quat1,-0.50736,0.60775,0.27604,0.54500,1194.32
quat2,-0.73123,0.05557,0.04155,0.67859,1194.32
quat3,-0.32960,0.65385,0.34197,0.58898,1194.32
quat4,-0.24584,0.75159,0.59663,-0.13678,1194.32
quat5,0.00000,0.70711,0.00000,0.70711,1194.32
quat6,0.00000,0.70711,0.00000,0.70711,1194.32
quat7,0.00000,0.70711,0.00000,0.70711,1194.32
quat8,0.00000,0.70711,0.00000,0.70711,1194.32
quat0,0.69254,-0.23206,0.66015,0.17532,1194.34
quat1,-0.50201,0.59841,0.28266,0.55677,1194.34
quat2,-0.72990,0.03541,0.06189,0.67983,1194.34
quat3,-0.33242,0.66680,0.33498,0.57676,1194.34
quat4,-0.26562,0.74812,0.58629,-0.16132,1194.34
quat5,0.00000,0.70711,0.00000,0.70711,1194.34
quat6,0.00000,0.70711,0.00000,0.70711,1194.34
quat7,0.00000,0.70711,0.00000,0.70711,1194.34
quat8,0.00000,0.70711,0.00000,0.70711,1194.34
quat0,0.69284,-0.23163,0.66009,0.17493,1194.36
quat1,-0.49614,0.58868,0.28877,0.56914,1194.36
quat2,-0.72741,0.01371,0.08277,0.68106,1194.36
quat3,-0.33549,0.67966,0.32814,0.56376,1194.36
quat4,-0.28724,0.74287,0.57587,-0.18441,1194.36
quat5,0.00000,0.70711,0.00000,0.70711,1194.36
quat6,0.00000,0.70711,0.00000,0.70711,1194.36
quat7,0.00000,0.70711,0.00000,0.70711,1194.36
quat8,0.00000,0.70711,0.00000,0.70711,1194.36
quat0,0.69271,-0.23091,0.66062,0.17439,1194.38
quat1,-0.48959,0.57894,0.29487,0.58153,1194.38
quat2,-0.72372,-0.00996,0.10439,0.68208,1194.38
quat3,-0.33854,0.69203,0.32270,0.54986,1194.38
quat4,-0.30967,0.73615,0.56529,-0.20647,1194.38
quat5,0.00000,0.70711,0.00000,0.70711,1194.38
quat6,0.00000,0.70711,0.00000,0.70711,1194.38
quat7,0.00000,0.70711,0.00000,0.70711,1194.38
quat8,0.00000,0.70711,0.00000,0.70711,1194.38
quat0,0.69282,-0.23067,0.66075,0.17380,1194.4
quat1,-0.48117,0.56996,0.30196,0.59367,1194.4
quat2,-0.71865,-0.03391,0.12724,0.68279,1194.4
quat3,-0.34201,0.70441,0.31802,0.53450,1194.4
quat4,-0.33244,0.72862,0.55432,-0.22656,1194.4
quat5,0.00000,0.70711,0.00000,0.70711,1194.4
quat6,0.00000,0.70711,0.00000,0.70711,1194.4
quat7,0.00000,0.70711,0.00000,0.70711,1194.4
quat8,0.00000,0.70711,0.00000,0.70711,1194.4
quat0,0.69246,-0.22943,0.66202,0.17205,1194.42
quat1,-0.47309,0.56012,0.30749,0.60655,1194.42
quat2,-0.71197,-0.05753,0.14968,0.68365,1194.42
quat3,-0.34521,0.71810,0.31449,0.51600,1194.42
quat4,-0.35212,0.72043,0.54430,-0.24643,1194.42
quat5,0.00000,0.70711,0.00000,0.70711,1194.42
quat6,0.00000,0.70711,0.00000,0.70711,1194.42
quat7,0.00000,0.70711,0.00000,0.70711,1194.42
quat8,0.00000,0.70711,0.00000,0.70711,1194.42
quat0,0.69128,-0.22854,0.66391,0.17066,1194.44
quat1,-0.46698,0.54971,0.31065,0.61907,1194.44
quat2,-0.70530,-0.08026,0.16890,0.68380,1194.44
quat3,-0.34758,0.73196,0.31275,0.49559,1194.44
quat4,-0.36801,0.71211,0.53616,-0.26456,1194.44
quat5,0.00000,0.70711,0.00000,0.70711,1194.44
quat6,0.00000,0.70711,0.00000,0.70711,1194.44
quat7,0.00000,0.70711,0.00000,0.70711,1194.44
quat8,0.00000,0.70711,0.00000,0.70711,1194.44
quat0,0.68960,-0.22702,0.66672,0.16850,1194.46
quat1,-0.46143,0.53823,0.31329,0.63185,1194.46
quat2,-0.69949,-0.10335,0.18102,0.68357,1194.46
quat3,-0.34883,0.74528,0.31296,0.47428,1194.46
quat4,-0.37889,0.70389,0.53073,-0.28164,1194.46
quat5,0.00000,0.70711,0.00000,0.70711,1194.46
quat6,0.00000,0.70711,0.00000,0.70711,1194.46
quat7,0.00000,0.70711,0.00000,0.70711,1194.46
quat8,0.00000,0.70711,0.00000,0.70711,1194.46
quat0,0.68862,-0.22652,0.66845,0.16631,1194.48
quat1,-0.45612,0.52726,0.31652,0.64325,1194.48
quat2,-0.69456,-0.12389,0.18756,0.68342,1194.48
quat3,-0.34846,0.75633,0.31482,0.45544,1194.48
quat4,-0.38528,0.69612,0.52774,-0.29745,1194.48
quat5,0.00000,0.70711,0.00000,0.70711,1194.48
quat6,0.00000,0.70711,0.00000,0.70711,1194.48
quat7,0.00000,0.70711,0.00000,0.70711,1194.48
quat8,0.00000,0.70711,0.00000,0.70711,1194.48
quat0,0.68787,-0.22629,0.66975,0.16452,1194.5
quat1,-0.45110,0.51791,0.31989,0.65265,1194.5
quat2,-0.69144,-0.14028,0.18888,0.68305,1194.5
quat3,-0.34964,0.76298,0.31547,0.44281,1194.5
quat4,-0.38824,0.68950,0.52693,-0.31018,1194.5
quat5,0.00000,0.70711,0.00000,0.70711,1194.5
quat6,0.00000,0.70711,0.00000,0.70711,1194.5
quat7,0.00000,0.70711,0.00000,0.70711,1194.5
quat8,0.00000,0.70711,0.00000,0.70711,1194.5
quat0,0.68668,-0.22609,0.67132,0.16335,1194.52
quat1,-0.44786,0.51044,0.32186,0.65976,1194.52
quat2,-0.69030,-0.15285,0.18496,0.68258,1194.52
quat3,-0.35083,0.76609,0.31685,0.43546,1194.52
quat4,-0.39009,0.68494,0.52746,-0.31698,1194.52
quat5,0.00000,0.70711,0.00000,0.70711,1194.52
quat6,0.00000,0.70711,0.00000,0.70711,1194.52
quat7,0.00000,0.70711,0.00000,0.70711,1194.52
quat8,0.00000,0.70711,0.00000,0.70711,1194.52
quat0,0.68596,-0.22600,0.67218,0.16296,1194.54
quat1,-0.44685,0.50640,0.32202,0.66347,1194.54
quat2,-0.69080,-0.16148,0.17690,0.68222,1194.54
quat3,-0.35109,0.76694,0.31781,0.43306,1194.54
quat4,-0.39078,0.68245,0.52908,-0.31879,1194.54
quat5,0.00000,0.70711,0.00000,0.70711,1194.54
quat6,0.00000,0.70711,0.00000,0.70711,1194.54
quat7,0.00000,0.70711,0.00000,0.70711,1194.54
quat8,0.00000,0.70711,0.00000,0.70711,1194.54
quat0,0.68451,-0.22694,0.67314,0.16379,1194.56
quat1,-0.44764,0.50723,0.32169,0.66246,1194.56
quat2,-0.69255,-0.16396,0.16722,0.68230,1194.56
quat3,-0.35097,0.76437,0.31850,0.43717,1194.56
quat4,-0.38746,0.68235,0.53285,-0.31677,1194.56
quat5,0.00000,0.70711,0.00000,0.70711,1194.56
quat6,0.00000,0.70711,0.00000,0.70711,1194.56
quat7,0.00000,0.70711,0.00000,0.70711,1194.56
quat8,0.00000,0.70711,0.00000,0.70711,1194.56
quat0,0.68390,-0.22841,0.67282,0.16558,1194.58
quat1,-0.44994,0.51100,0.32031,0.65866,1194.58
quat2,-0.69515,-0.15786,0.15752,0.68340,1194.58
quat3,-0.35122,0.75943,0.31876,0.44531,1194.58
quat4,-0.37911,0.68511,0.53854,-0.31125,1194.58
quat5,0.00000,0.70711,0.00000,0.70711,1194.58
quat6,0.00000,0.70711,0.00000,0.70711,1194.58
quat7,0.00000,0.70711,0.00000,0.70711,1194.58
quat8,0.00000,0.70711,0.00000,0.70711,1194.58
quat0,0.68313,-0.22897,0.67306,0.16700,1194.6
quat1,-0.45335,0.51749,0.31792,0.65239,1194.6
quat2,-0.69852,-0.14469,0.14613,0.68541,1194.6
quat3,-0.35095,0.75291,0.31970,0.45580,1194.6
quat4,-0.36646,0.69070,0.54532,-0.30209,1194.6
quat5,0.00000,0.70711,0.00000,0.70711,1194.6
quat6,0.00000,0.70711,0.00000,0.70711,1194.6
quat7,0.00000,0.70711,0.00000,0.70711,1194.6
quat8,0.00000,0.70711,0.00000,0.70711,1194.6
quat0,0.68311,-0.23001,0.67218,0.16922,1194.62
quat1,-0.45789,0.52647,0.31447,0.64364,1194.62
quat2,-0.70276,-0.12606,0.13193,0.68763,1194.62
quat3,-0.34989,0.74468,0.32195,0.46838,1194.62
quat4,-0.35267,0.69814,0.55265,-0.28776,1194.62
quat5,0.00000,0.70711,0.00000,0.70711,1194.62
quat6,0.00000,0.70711,0.00000,0.70711,1194.62
quat7,0.00000,0.70711,0.00000,0.70711,1194.62
quat8,0.00000,0.70711,0.00000,0.70711,1194.62
quat0,0.68302,-0.23107,0.67137,0.17133,1194.64
quat1,-0.46290,0.53749,0.31026,0.63290,1194.64
quat2,-0.70743,-0.10422,0.11399,0.68970,1194.64
quat3,-0.34736,0.73518,0.32456,0.48323,1194.64
quat4,-0.33676,0.70728,0.56043,-0.26882,1194.64
quat5,0.00000,0.70711,0.00000,0.70711,1194.64
quat6,0.00000,0.70711,0.00000,0.70711,1194.64
quat7,0.00000,0.70711,0.00000,0.70711,1194.64
quat8,0.00000,0.70711,0.00000,0.70711,1194.64
quat0,0.68313,-0.23198,0.67047,0.17317,1194.66
quat1,-0.46784,0.55026,0.30583,0.62033,1194.66
quat2,-0.71177,-0.07814,0.09472,0.69160,1194.66
quat3,-0.34377,0.72402,0.32809,0.49998,1194.66
quat4,-0.31999,0.71710,0.56851,-0.24528,1194.66
quat5,0.00000,0.70711,0.00000,0.70711,1194.66
quat6,0.00000,0.70711,0.00000,0.70711,1194.66
quat7,0.00000,0.70711,0.00000,0.70711,1194.66
quat8,0.00000,0.70711,0.00000,0.70711,1194.66
quat0,0.68307,-0.23272,0.66993,0.17453,1194.68
quat1,-0.47211,0.56498,0.30050,0.60631,1194.68
quat2,-0.71484,-0.04972,0.07531,0.69344,1194.68
quat3,-0.33923,0.71110,0.33188,0.51876,1194.68
quat4,-0.30330,0.72694,0.57615,-0.21821,1194.68
quat5,0.00000,0.70711,0.00000,0.70711,1194.68
quat6,0.00000,0.70711,0.00000,0.70711,1194.68
quat7,0.00000,0.70711,0.00000,0.70711,1194.68
quat8,0.00000,0.70711,0.00000,0.70711,1194.68
quat0,0.68295,-0.23369,0.66940,0.17572,1194.7
quat1,-0.47493,0.58264,0.29549,0.58962,1194.7
quat2,-0.71619,-0.01895,0.05698,0.69532,1194.7
quat3,-0.33447,0.69595,0.33613,0.53926,1194.7
quat4,-0.28874,0.73542,0.58369,-0.18736,1194.7
quat5,0.00000,0.70711,0.00000,0.70711,1194.7
quat6,0.00000,0.70711,0.00000,0.70711,1194.7
quat7,0.00000,0.70711,0.00000,0.70711,1194.7
quat8,0.00000,0.70711,0.00000,0.70711,1194.7
quat0,0.68333,-0.23417,0.66861,0.17662,1194.72
quat1,-0.47660,0.60196,0.29022,0.57120,1194.72
quat2,-0.71553,0.01113,0.03809,0.69746,1194.72
quat3,-0.32931,0.67773,0.34102,0.56209,1194.72
quat4,-0.27358,0.74158,0.59220,-0.15660,1194.72
quat5,0.00000,0.70711,0.00000,0.70711,1194.72
quat6,0.00000,0.70711,0.00000,0.70711,1194.72
quat7,0.00000,0.70711,0.00000,0.70711,1194.72
quat8,0.00000,0.70711,0.00000,0.70711,1194.72
quat0,0.68357,-0.23430,0.66808,0.17749,1194.74
quat1,-0.47836,0.61984,0.28387,0.55352,1194.74
quat2,-0.71282,0.04102,0.01947,0.69987,1194.74
quat3,-0.32459,0.65648,0.34458,0.58731,1194.74
quat4,-0.25921,0.74559,0.60091,-0.12576,1194.74
quat5,0.00000,0.70711,0.00000,0.70711,1194.74
quat6,0.00000,0.70711,0.00000,0.70711,1194.74
quat7,0.00000,0.70711,0.00000,0.70711,1194.74
quat8,0.00000,0.70711,0.00000,0.70711,1194.74
quat0,0.68301,-0.23426,0.66846,0.17827,1194.76
quat1,-0.48025,0.63635,0.27567,0.53705,1194.76
quat2,-0.70802,0.06884,0.00145,0.70282,1194.76
quat3,-0.32063,0.63353,0.34668,0.61291,1194.76
quat4,-0.24470,0.74771,0.60976,-0.09612,1194.76
quat5,0.00000,0.70711,0.00000,0.70711,1194.76
quat6,0.00000,0.70711,0.00000,0.70711,1194.76
quat7,0.00000,0.70711,0.00000,0.70711,1194.76
quat8,0.00000,0.70711,0.00000,0.70711,1194.76
quat0,0.68288,-0.23377,0.66862,0.17880,1194.78
quat1,-0.48157,0.65226,0.26547,0.52170,1194.78
quat2,-0.70072,0.09649,-0.01429,0.70673,1194.78
quat3,-0.31851,0.61044,0.34808,0.63621,1194.78
quat4,-0.22947,0.74778,0.61934,-0.06773,1194.78
quat5,0.00000,0.70711,0.00000,0.70711,1194.78
quat6,0.00000,0.70711,0.00000,0.70711,1194.78
quat7,0.00000,0.70711,0.00000,0.70711,1194.78
quat8,0.00000,0.70711,0.00000,0.70711,1194.78
quat0,0.68282,-0.23321,0.66884,0.17895,1194.8
quat1,-0.48111,0.66699,0.25470,0.50872,1194.8
quat2,-0.69186,0.11964,-0.03300,0.71129,1194.8
quat3,-0.31634,0.58993,0.35127,0.65462,1194.8
quat4,-0.21079,0.74687,0.62909,-0.04464,1194.8
quat5,0.00000,0.70711,0.00000,0.70711,1194.8
quat6,0.00000,0.70711,0.00000,0.70711,1194.8
quat7,0.00000,0.70711,0.00000,0.70711,1194.8
quat8,0.00000,0.70711,0.00000,0.70711,1194.8
quat0,0.68316,-0.23265,0.66878,0.17863,1194.82
quat1,-0.47895,0.67775,0.24566,0.50091,1194.82
quat2,-0.68138,0.13627,-0.05689,0.71688,1194.82
quat3,-0.31445,0.57530,0.35735,0.66518,1194.82
quat4,-0.19225,0.74470,0.63867,-0.02391,1194.82
quat5,0.00000,0.70711,0.00000,0.70711,1194.82
quat6,0.00000,0.70711,0.00000,0.70711,1194.82
quat7,0.00000,0.70711,0.00000,0.70711,1194.82
quat8,0.00000,0.70711,0.00000,0.70711,1194.82
quat0,0.68388,-0.23256,0.66822,0.17810,1194.84
quat1,-0.47753,0.68356,0.23650,0.49877,1194.84
quat2,-0.66933,0.14705,-0.08137,0.72371,1194.84
quat3,-0.31190,0.56735,0.36767,0.66757,1194.84
quat4,-0.17610,0.74094,0.64805,-0.00582,1194.84
quat5,0.00000,0.70711,0.00000,0.70711,1194.84
quat6,0.00000,0.70711,0.00000,0.70711,1194.84
quat7,0.00000,0.70711,0.00000,0.70711,1194.84
quat8,0.00000,0.70711,0.00000,0.70711,1194.84
quat0,0.68376,-0.23258,0.66859,0.17713,1194.86
quat1,-0.47727,0.68512,0.22611,0.50169,1194.86
quat2,-0.65786,0.15475,-0.09998,0.73026,1194.86
quat3,-0.30885,0.56494,0.38166,0.66317,1194.86
quat4,-0.16365,0.73559,0.65731,0.00789,1194.86
quat5,0.00000,0.70711,0.00000,0.70711,1194.86
quat6,0.00000,0.70711,0.00000,0.70711,1194.86
quat7,0.00000,0.70711,0.00000,0.70711,1194.86
quat8,0.00000,0.70711,0.00000,0.70711,1194.86
quat0,0.68338,-0.23289,0.66904,0.17648,1194.88
quat1,-0.47554,0.68586,0.21784,0.50597,1194.88
quat2,-0.64784,0.15855,-0.11033,0.73688,1194.88
quat3,-0.30664,0.56530,0.39634,0.65523,1194.88
quat4,-0.15634,0.72856,0.66669,0.01689,1194.88
quat5,0.00000,0.70711,0.00000,0.70711,1194.88
quat6,0.00000,0.70711,0.00000,0.70711,1194.88
quat7,0.00000,0.70711,0.00000,0.70711,1194.88
quat8,0.00000,0.70711,0.00000,0.70711,1194.88
quat0,0.68377,-0.23368,0.66839,0.17635,1194.9
quat1,-0.47080,0.68857,0.21360,0.50852,1194.9
quat2,-0.64025,0.15913,-0.11157,0.74318,1194.9
quat3,-0.30678,0.56690,0.40843,0.64630,1194.9
quat4,-0.15613,0.71961,0.67621,0.02285,1194.9
quat5,0.00000,0.70711,0.00000,0.70711,1194.9
quat6,0.00000,0.70711,0.00000,0.70711,1194.9
quat7,0.00000,0.70711,0.00000,0.70711,1194.9
quat8,0.00000,0.70711,0.00000,0.70711,1194.9
quat0,0.68420,-0.23435,0.66791,0.17563,1194.92
quat1,-0.46268,0.69347,0.21401,0.50915,1194.92
quat2,-0.63482,0.15708,-0.10497,0.74921,1194.92
quat3,-0.30996,0.56845,0.41721,0.63775,1194.92
quat4,-0.16190,0.70984,0.68507,0.02439,1194.92
quat5,0.00000,0.70711,0.00000,0.70711,1194.92
quat6,0.00000,0.70711,0.00000,0.70711,1194.92
quat7,0.00000,0.70711,0.00000,0.70711,1194.92
quat8,0.00000,0.70711,0.00000,0.70711,1194.92
quat0,0.68380,-0.23544,0.66771,0.17650,1194.94
quat1,-0.45283,0.69840,0.21726,0.50989,1194.94
quat2,-0.63109,0.15185,-0.09287,0.75501,1194.94
quat3,-0.31720,0.56931,0.42209,0.63017,1194.94
quat4,-0.17133,0.69974,0.69323,0.02119,1194.94
quat5,0.00000,0.70711,0.00000,0.70711,1194.94
quat6,0.00000,0.70711,0.00000,0.70711,1194.94
quat7,0.00000,0.70711,0.00000,0.70711,1194.94
quat8,0.00000,0.70711,0.00000,0.70711,1194.94
quat0,0.68318,-0.23762,0.66727,0.17762,1194.96
quat1,-0.44247,0.70092,0.22266,0.51318,1194.96
quat2,-0.62842,0.14295,-0.07654,0.76079,1194.96
quat3,-0.32709,0.57017,0.42488,0.62242,1194.96
quat4,-0.18406,0.68939,0.70049,0.01330,1194.96
quat5,0.00000,0.70711,0.00000,0.70711,1194.96
quat6,0.00000,0.70711,0.00000,0.70711,1194.96
quat7,0.00000,0.70711,0.00000,0.70711,1194.96
quat8,0.00000,0.70711,0.00000,0.70711,1194.96
quat0,0.68249,-0.23951,0.66717,0.17813,1194.98
quat1,-0.43247,0.69943,0.22887,0.52095,1194.98
quat2,-0.62656,0.13007,-0.05721,0.76631,1194.98
quat3,-0.33828,0.57265,0.42614,0.61322,1194.98
quat4,-0.19900,0.67935,0.70632,0.00047,1194.98
quat5,0.00000,0.70711,0.00000,0.70711,1194.98
quat6,0.00000,0.70711,0.00000,0.70711,1194.98
quat7,0.00000,0.70711,0.00000,0.70711,1194.98
quat8,0.00000,0.70711,0.00000,0.70711,1194.98
quat0,0.68175,-0.24110,0.66731,0.17829,1195
quat1,-0.42329,0.69465,0.23525,0.53193,1195
quat2,-0.62535,0.11452,-0.03491,0.77110,1195
quat3,-0.35031,0.57777,0.42598,0.60167,1195
quat4,-0.21514,0.67005,0.71027,-0.01590,1195
quat5,0.00000,0.70711,0.00000,0.70711,1195
quat6,0.00000,0.70711,0.00000,0.70711,1195
quat7,0.00000,0.70711,0.00000,0.70711,1195
quat8,0.00000,0.70711,0.00000,0.70711,1195
quat0,0.68104,-0.24323,0.66719,0.17858,1195.02
quat1,-0.41502,0.68757,0.24143,0.54471,1195.02
quat2,-0.62419,0.09623,-0.01101,0.77524,1195.02
quat3,-0.36171,0.58543,0.42465,0.58832,1195.02
quat4,-0.23182,0.66110,0.71267,-0.03606,1195.02
quat5,0.00000,0.70711,0.00000,0.70711,1195.02
quat6,0.00000,0.70711,0.00000,0.70711,1195.02
quat7,0.00000,0.70711,0.00000,0.70711,1195.02
quat8,0.00000,0.70711,0.00000,0.70711,1195.02
quat0,0.68125,-0.24455,0.66659,0.17817,1195.04
quat1,-0.40784,0.67845,0.24784,0.55853,1195.04
quat2,-0.62299,0.07622,0.01463,0.77837,1195.04
quat3,-0.37014,0.59480,0.42308,0.57464,1195.04
quat4,-0.25010,0.65258,0.71292,-0.05775,1195.04
quat5,0.00000,0.70711,0.00000,0.70711,1195.04
quat6,0.00000,0.70711,0.00000,0.70711,1195.04
quat7,0.00000,0.70711,0.00000,0.70711,1195.04
quat8,0.00000,0.70711,0.00000,0.70711,1195.04
quat0,0.68196,-0.24483,0.66612,0.17683,1195.06
quat1,-0.40234,0.66730,0.25345,0.57323,1195.06
quat2,-0.62136,0.05202,0.03906,0.78082,1195.06
quat3,-0.37592,0.60549,0.42138,0.56080,1195.06
quat4,-0.26836,0.64478,0.71104,-0.08158,1195.06
quat5,0.00000,0.70711,0.00000,0.70711,1195.06
quat6,0.00000,0.70711,0.00000,0.70711,1195.06
quat7,0.00000,0.70711,0.00000,0.70711,1195.06
quat8,0.00000,0.70711,0.00000,0.70711,1195.06
quat0,0.68246,-0.24551,0.66557,0.17605,1195.08
quat1,-0.39892,0.65386,0.25729,0.58918,1195.08
quat2,-0.61955,0.02585,0.06246,0.78204,1195.08
quat3,-0.38021,0.61698,0.42007,0.54619,1195.08
quat4,-0.28806,0.63747,0.70686,-0.10494,1195.08
quat5,0.00000,0.70711,0.00000,0.70711,1195.08
quat6,0.00000,0.70711,0.00000,0.70711,1195.08
quat7,0.00000,0.70711,0.00000,0.70711,1195.08
quat8,0.00000,0.70711,0.00000,0.70711,1195.08
quat0,0.68309,-0.24552,0.66528,0.17465,1195.1
quat1,-0.39630,0.63800,0.26022,0.60678,1195.1
quat2,-0.61693,0.00145,0.08676,0.78222,1195.1
quat3,-0.38395,0.63051,0.41824,0.52926,1195.1
quat4,-0.30635,0.63075,0.70131,-0.12834,1195.1
quat5,0.00000,0.70711,0.00000,0.70711,1195.1
quat6,0.00000,0.70711,0.00000,0.70711,1195.1
quat7,0.00000,0.70711,0.00000,0.70711,1195.1
quat8,0.00000,0.70711,0.00000,0.70711,1195.1
quat0,0.68381,-0.24449,0.66546,0.17259,1195.12
quat1,-0.39418,0.61991,0.26440,0.62484,1195.12
quat2,-0.61315,-0.01836,0.11299,0.78163,1195.12
quat3,-0.38743,0.64512,0.41469,0.51162,1195.12
quat4,-0.32368,0.62397,0.69503,-0.15107,1195.12
quat5,0.00000,0.70711,0.00000,0.70711,1195.12
quat6,0.00000,0.70711,0.00000,0.70711,1195.12
quat7,0.00000,0.70711,0.00000,0.70711,1195.12
quat8,0.00000,0.70711,0.00000,0.70711,1195.12
quat0,0.68466,-0.24236,0.66596,0.17028,1195.14
quat1,-0.39140,0.60057,0.27027,0.64271,1195.14
quat2,-0.60860,-0.03718,0.13725,0.78063,1195.14
quat3,-0.39106,0.65870,0.41005,0.49501,1195.14
quat4,-0.33938,0.61790,0.68796,-0.17241,1195.14
quat5,0.00000,0.70711,0.00000,0.70711,1195.14
quat6,0.00000,0.70711,0.00000,0.70711,1195.14
quat7,0.00000,0.70711,0.00000,0.70711,1195.14
quat8,0.00000,0.70711,0.00000,0.70711,1195.14
quat0,0.68501,-0.24106,0.66632,0.16935,1195.16
quat1,-0.38936,0.58058,0.27604,0.65964,1195.16
quat2,-0.60424,-0.05484,0.15904,0.77884,1195.16
quat3,-0.39578,0.67046,0.40416,0.48010,1195.16
quat4,-0.35445,0.61248,0.68037,-0.19061,1195.16
quat5,0.00000,0.70711,0.00000,0.70711,1195.16
quat6,0.00000,0.70711,0.00000,0.70711,1195.16
quat7,0.00000,0.70711,0.00000,0.70711,1195.16
quat8,0.00000,0.70711,0.00000,0.70711,1195.16
quat0,0.68573,-0.24025,0.66596,0.16896,1195.18
quat1,-0.38751,0.56059,0.28118,0.67566,1195.18
quat2,-0.60067,-0.07199,0.17616,0.77652,1195.18
quat3,-0.39983,0.68151,0.39787,0.46624,1195.18
quat4,-0.36775,0.60787,0.67291,-0.20604,1195.18
quat5,0.00000,0.70711,0.00000,0.70711,1195.18
quat6,0.00000,0.70711,0.00000,0.70711,1195.18
quat7,0.00000,0.70711,0.00000,0.70711,1195.18
quat8,0.00000,0.70711,0.00000,0.70711,1195.18
quat0,0.68655,-0.23929,0.66593,0.16712,1195.2
quat1,-0.38625,0.54358,0.28477,0.68865,1195.2
quat2,-0.59801,-0.08691,0.18905,0.77401,1195.2
quat3,-0.40231,0.69119,0.39161,0.45503,1195.2
quat4,-0.37892,0.60392,0.66614,-0.21899,1195.2
quat5,0.00000,0.70711,0.00000,0.70711,1195.2
quat6,0.00000,0.70711,0.00000,0.70711,1195.2
quat7,0.00000,0.70711,0.00000,0.70711,1195.2
quat8,0.00000,0.70711,0.00000,0.70711,1195.2
quat0,0.68770,-0.23816,0.66572,0.16484,1195.22
quat1,-0.38464,0.53248,0.28844,0.69665,1195.22
quat2,-0.59631,-0.09781,0.19788,0.77181,1195.22
quat3,-0.40339,0.69863,0.38609,0.44735,1195.22
quat4,-0.38693,0.60083,0.66063,-0.22990,1195.22
quat5,0.00000,0.70711,0.00000,0.70711,1195.22
quat6,0.00000,0.70711,0.00000,0.70711,1195.22
quat7,0.00000,0.70711,0.00000,0.70711,1195.22
quat8,0.00000,0.70711,0.00000,0.70711,1195.22
quat0,0.68765,-0.23728,0.66633,0.16383,1195.24
quat1,-0.38341,0.52580,0.29136,0.70117,1195.24
quat2,-0.59603,-0.10570,0.20343,0.76954,1195.24
quat3,-0.40337,0.70420,0.38234,0.44183,1195.24
quat4,-0.39226,0.59903,0.65619,-0.23812,1195.24
quat5,0.00000,0.70711,0.00000,0.70711,1195.24
quat6,0.00000,0.70711,0.00000,0.70711,1195.24
quat7,0.00000,0.70711,0.00000,0.70711,1195.24
quat8,0.00000,0.70711,0.00000,0.70711,1195.24
quat0,0.68721,-0.23650,0.66707,0.16381,1195.26
quat1,-0.38326,0.52228,0.29267,0.70333,1195.26
quat2,-0.59705,-0.10582,0.20597,0.76805,1195.26
quat3,-0.40178,0.70803,0.38189,0.43753,1195.26
quat4,-0.39517,0.59932,0.65309,-0.24109,1195.26
quat5,0.00000,0.70711,0.00000,0.70711,1195.26
quat6,0.00000,0.70711,0.00000,0.70711,1195.26
quat7,0.00000,0.70711,0.00000,0.70711,1195.26
quat8,0.00000,0.70711,0.00000,0.70711,1195.26
quat0,0.68666,-0.23714,0.66720,0.16461,1195.28
quat1,-0.38448,0.52300,0.29232,0.70228,1195.28
quat2,-0.59842,-0.09890,0.20682,0.76769,1195.28
quat3,-0.39929,0.70945,0.38336,0.43622,1195.28
quat4,-0.39232,0.60137,0.65230,-0.24278,1195.28
quat5,0.00000,0.70711,0.00000,0.70711,1195.28
quat6,0.00000,0.70711,0.00000,0.70711,1195.28
quat7,0.00000,0.70711,0.00000,0.70711,1195.28
quat8,0.00000,0.70711,0.00000,0.70711,1195.28
quat0,0.68588,-0.23773,0.66773,0.16491,1195.3
quat1,-0.38603,0.52835,0.29107,0.69794,1195.3
quat2,-0.60101,-0.08862,0.20060,0.76857,1195.3
quat3,-0.39695,0.70773,0.38558,0.43918,1195.3
quat4,-0.38241,0.60442,0.65506,-0.24357,1195.3
quat5,0.00000,0.70711,0.00000,0.70711,1195.3
quat6,0.00000,0.70711,0.00000,0.70711,1195.3
quat7,0.00000,0.70711,0.00000,0.70711,1195.3
quat8,0.00000,0.70711,0.00000,0.70711,1195.3
quat0,0.68503,-0.23772,0.66847,0.16542,1195.32
quat1,-0.38802,0.53744,0.28856,0.69089,1195.32
quat2,-0.60440,-0.07634,0.18830,0.77033,1195.32
quat3,-0.39406,0.70364,0.38881,0.44546,1195.32
quat4,-0.36813,0.60850,0.66017,-0.24162,1195.32
quat5,0.00000,0.70711,0.00000,0.70711,1195.32
quat6,0.00000,0.70711,0.00000,0.70711,1195.32
quat7,0.00000,0.70711,0.00000,0.70711,1195.32
quat8,0.00000,0.70711,0.00000,0.70711,1195.32
quat0,0.68373,-0.23943,0.66876,0.16720,1195.34
quat1,-0.39037,0.54999,0.28526,0.68099,1195.34
quat2,-0.60833,-0.06186,0.17089,0.77259,1195.34
quat3,-0.39083,0.69764,0.39250,0.45441,1195.34
quat4,-0.35320,0.61343,0.66643,-0.23414,1195.34
quat5,0.00000,0.70711,0.00000,0.70711,1195.34
quat6,0.00000,0.70711,0.00000,0.70711,1195.34
quat7,0.00000,0.70711,0.00000,0.70711,1195.34
quat8,0.00000,0.70711,0.00000,0.70711,1195.34
quat0,0.68276,-0.24044,0.66897,0.16883,1195.36
quat1,-0.39268,0.56536,0.28137,0.66858,1195.36
quat2,-0.61232,-0.04576,0.15004,0.77490,1195.36
quat3,-0.38707,0.69018,0.39627,0.46562,1195.36
quat4,-0.33757,0.61983,0.67262,-0.22236,1195.36
quat5,0.00000,0.70711,0.00000,0.70711,1195.36
quat6,0.00000,0.70711,0.00000,0.70711,1195.36
quat7,0.00000,0.70711,0.00000,0.70711,1195.36
quat8,0.00000,0.70711,0.00000,0.70711,1195.36
quat0,0.68220,-0.24083,0.66914,0.16988,1195.38
quat1,-0.39475,0.58268,0.27734,0.65402,1195.38
quat2,-0.61556,-0.02596,0.12963,0.77692,1195.38
quat3,-0.38314,0.68118,0.39931,0.47932,1195.38
quat4,-0.32243,0.62771,0.67818,-0.20516,1195.38
quat5,0.00000,0.70711,0.00000,0.70711,1195.38
quat6,0.00000,0.70711,0.00000,0.70711,1195.38
quat7,0.00000,0.70711,0.00000,0.70711,1195.38
quat8,0.00000,0.70711,0.00000,0.70711,1195.38
quat0,0.68152,-0.24127,0.66931,0.17129,1195.4
quat1,-0.39723,0.60332,0.27311,0.63532,1195.4
quat2,-0.61791,-0.00241,0.10994,0.77852,1195.4
quat3,-0.37907,0.67110,0.40139,0.49480,1195.4
quat4,-0.30719,0.63721,0.68220,-0.18493,1195.4
quat5,0.00000,0.70711,0.00000,0.70711,1195.4
quat6,0.00000,0.70711,0.00000,0.70711,1195.4
quat7,0.00000,0.70711,0.00000,0.70711,1195.4
quat8,0.00000,0.70711,0.00000,0.70711,1195.4
quat0,0.68079,-0.24193,0.66947,0.17264,1195.42
quat1,-0.40030,0.62469,0.26885,0.61421,1195.42
quat2,-0.61988,0.02717,0.09389,0.77858,1195.42
quat3,-0.37480,0.65927,0.40235,0.51284,1195.42
quat4,-0.29147,0.64790,0.68485,-0.16199,1195.42
quat5,0.00000,0.70711,0.00000,0.70711,1195.42
quat6,0.00000,0.70711,0.00000,0.70711,1195.42
quat7,0.00000,0.70711,0.00000,0.70711,1195.42
quat8,0.00000,0.70711,0.00000,0.70711,1195.42
quat0,0.68035,-0.24200,0.66972,0.17332,1195.44
quat1,-0.40485,0.64324,0.26358,0.59403,1195.44
quat2,-0.62198,0.05854,0.07823,0.77691,1195.44
quat3,-0.36951,0.64651,0.40232,0.53256,1195.44
quat4,-0.27375,0.65922,0.68644,-0.13891,1195.44
quat5,0.00000,0.70711,0.00000,0.70711,1195.44
quat6,0.00000,0.70711,0.00000,0.70711,1195.44
quat7,0.00000,0.70711,0.00000,0.70711,1195.44
quat8,0.00000,0.70711,0.00000,0.70711,1195.44
quat0,0.67975,-0.24163,0.67038,0.17363,1195.46
quat1,-0.41154,0.65916,0.25679,0.57463,1195.46
quat2,-0.62488,0.09051,0.06375,0.77283,1195.46
quat3,-0.36350,0.63394,0.40089,0.55252,1195.46
quat4,-0.25797,0.67109,0.68586,-0.11262,1195.46
quat5,0.00000,0.70711,0.00000,0.70711,1195.46
quat6,0.00000,0.70711,0.00000,0.70711,1195.46
quat7,0.00000,0.70711,0.00000,0.70711,1195.46
quat8,0.00000,0.70711,0.00000,0.70711,1195.46
quat0,0.67908,-0.24174,0.67090,0.17408,1195.48
quat1,-0.41963,0.67273,0.24872,0.55631,1195.48
quat2,-0.62811,0.12002,0.04955,0.76721,1195.48
quat3,-0.35631,0.62222,0.39835,0.57202,1195.48
quat4,-0.24570,0.68267,0.68310,-0.08345,1195.48
quat5,0.00000,0.70711,0.00000,0.70711,1195.48
quat6,0.00000,0.70711,0.00000,0.70711,1195.48
quat7,0.00000,0.70711,0.00000,0.70711,1195.48
quat8,0.00000,0.70711,0.00000,0.70711,1195.48
quat0,0.67817,-0.24057,0.67230,0.17385,1195.5
quat1,-0.42780,0.68425,0.24114,0.53912,1195.5
quat2,-0.63211,0.14467,0.03467,0.76046,1195.5
quat3,-0.34911,0.61113,0.39400,0.59111,1195.5
quat4,-0.23406,0.69386,0.67893,-0.05320,1195.5
quat5,0.00000,0.70711,0.00000,0.70711,1195.5
quat6,0.00000,0.70711,0.00000,0.70711,1195.5
quat7,0.00000,0.70711,0.00000,0.70711,1195.5
quat8,0.00000,0.70711,0.00000,0.70711,1195.5
quat0,0.67699,-0.23923,0.67412,0.17325,1195.52
quat1,-0.43670,0.69230,0.23396,0.52467,1195.52
quat2,-0.63646,0.16256,0.01787,0.75377,1195.52
quat3,-0.34309,0.60212,0.38671,0.60844,1195.52
quat4,-0.21896,0.70578,0.67325,-0.02560,1195.52
quat5,0.00000,0.70711,0.00000,0.70711,1195.52
quat6,0.00000,0.70711,0.00000,0.70711,1195.52
quat7,0.00000,0.70711,0.00000,0.70711,1195.52
quat8,0.00000,0.70711,0.00000,0.70711,1195.52
quat0,0.67682,-0.23734,0.67503,0.17294,1195.54
quat1,-0.44719,0.69671,0.22669,0.51306,1195.54
quat2,-0.64123,0.17486,0.00161,0.74716,1195.54
quat3,-0.33776,0.59626,0.37783,0.62261,1195.54
quat4,-0.20552,0.71767,0.66536,0.00099,1195.54
quat5,0.00000,0.70711,0.00000,0.70711,1195.54
quat6,0.00000,0.70711,0.00000,0.70711,1195.54
quat7,0.00000,0.70711,0.00000,0.70711,1195.54
quat8,0.00000,0.70711,0.00000,0.70711,1195.54
quat0,0.67770,-0.23573,0.67494,0.17208,1195.56
quat1,-0.45909,0.69669,0.22007,0.50540,1195.56
quat2,-0.64659,0.18164,-0.01356,0.74077,1195.56
quat3,-0.33201,0.59435,0.36987,0.63223,1195.56
quat4,-0.19547,0.72881,0.65579,0.02402,1195.56
quat5,0.00000,0.70711,0.00000,0.70711,1195.56
quat6,0.00000,0.70711,0.00000,0.70711,1195.56
quat7,0.00000,0.70711,0.00000,0.70711,1195.56
quat8,0.00000,0.70711,0.00000,0.70711,1195.56
quat0,0.67932,-0.23475,0.67380,0.17151,1195.58
quat1,-0.47082,0.69224,0.21457,0.50308,1195.58
quat2,-0.65337,0.18493,-0.02539,0.73367,1195.58
quat3,-0.32567,0.59618,0.36310,0.63771,1195.58
quat4,-0.18953,0.73867,0.64559,0.04073,1195.58
quat5,0.00000,0.70711,0.00000,0.70711,1195.58
quat6,0.00000,0.70711,0.00000,0.70711,1195.58
quat7,0.00000,0.70711,0.00000,0.70711,1195.58
quat8,0.00000,0.70711,0.00000,0.70711,1195.58
quat0,0.68056,-0.23415,0.67297,0.17068,1195.6
quat1,-0.48055,0.68548,0.21294,0.50383,1195.6
quat2,-0.66176,0.18503,-0.03244,0.72580,1195.6
quat3,-0.31925,0.60134,0.35606,0.64007,1195.6
quat4,-0.18718,0.74813,0.63468,0.04940,1195.6
quat5,0.00000,0.70711,0.00000,0.70711,1195.6
quat6,0.00000,0.70711,0.00000,0.70711,1195.6
quat7,0.00000,0.70711,0.00000,0.70711,1195.6
quat8,0.00000,0.70711,0.00000,0.70711,1195.6
quat0,0.68170,-0.23387,0.67200,0.17032,1195.62
quat1,-0.48748,0.67786,0.21656,0.50594,1195.62
quat2,-0.67170,0.18205,-0.03266,0.71737,1195.62
quat3,-0.31432,0.60739,0.34818,0.64113,1195.62
quat4,-0.18822,0.75693,0.62385,0.04943,1195.62
quat5,0.00000,0.70711,0.00000,0.70711,1195.62
quat6,0.00000,0.70711,0.00000,0.70711,1195.62
quat7,0.00000,0.70711,0.00000,0.70711,1195.62
quat8,0.00000,0.70711,0.00000,0.70711,1195.62
quat0,0.68223,-0.23431,0.67126,0.17053,1195.64
quat1,-0.49291,0.67023,0.22254,0.50825,1195.64
quat2,-0.68295,0.17769,-0.02488,0.70808,1195.64
quat3,-0.31099,0.61453,0.34013,0.64027,1195.64
quat4,-0.19341,0.76458,0.61339,0.04203,1195.64
quat5,0.00000,0.70711,0.00000,0.70711,1195.64
quat6,0.00000,0.70711,0.00000,0.70711,1195.64
quat7,0.00000,0.70711,0.00000,0.70711,1195.64
quat8,0.00000,0.70711,0.00000,0.70711,1195.64
quat0,0.68246,-0.23441,0.67100,0.17048,1195.66
quat1,-0.49619,0.66272,0.23069,0.51126,1195.66
quat2,-0.69475,0.17153,-0.01025,0.69842,1195.66
quat3,-0.30925,0.62408,0.33218,0.63604,1195.66
quat4,-0.20282,0.77112,0.60284,0.02864,1195.66
quat5,0.00000,0.70711,0.00000,0.70711,1195.66
quat6,0.00000,0.70711,0.00000,0.70711,1195.66
quat7,0.00000,0.70711,0.00000,0.70711,1195.66
quat8,0.00000,0.70711,0.00000,0.70711,1195.66
quat0,0.68234,-0.23518,0.67081,0.17060,1195.68
quat1,-0.49749,0.65432,0.24113,0.51596,1195.68
quat2,-0.70599,0.16369,0.01032,0.68897,1195.68
quat3,-0.30879,0.63566,0.32507,0.62842,1195.68
quat4,-0.21603,0.77648,0.59185,0.01096,1195.68
quat5,0.00000,0.70711,0.00000,0.70711,1195.68
quat6,0.00000,0.70711,0.00000,0.70711,1195.68
quat7,0.00000,0.70711,0.00000,0.70711,1195.68
quat8,0.00000,0.70711,0.00000,0.70711,1195.68
quat0,0.68208,-0.23636,0.67054,0.17113,1195.7
quat1,-0.49682,0.64525,0.25324,0.52220,1195.7
quat2,-0.71554,0.15233,0.03479,0.68087,1195.7
quat3,-0.30926,0.64835,0.31942,0.61804,1195.7
quat4,-0.22992,0.78070,0.58095,-0.01181,1195.7
quat5,0.00000,0.70711,0.00000,0.70711,1195.7
quat6,0.00000,0.70711,0.00000,0.70711,1195.7
quat7,0.00000,0.70711,0.00000,0.70711,1195.7
quat8,0.00000,0.70711,0.00000,0.70711,1195.7
quat0,0.68249,-0.23605,0.67025,0.17102,1195.72
quat1,-0.49409,0.63580,0.26673,0.52961,1195.72
quat2,-0.72276,0.13691,0.05999,0.67474,1195.72
quat3,-0.31136,0.66295,0.31391,0.60417,1195.72
quat4,-0.24477,0.78308,0.57048,-0.03779,1195.72
quat5,0.00000,0.70711,0.00000,0.70711,1195.72
quat6,0.00000,0.70711,0.00000,0.70711,1195.72
quat7,0.00000,0.70711,0.00000,0.70711,1195.72
quat8,0.00000,0.70711,0.00000,0.70711,1195.72
quat0,0.68275,-0.23630,0.66987,0.17114,1195.74
quat1,-0.48988,0.62586,0.27986,0.53851,1195.74
quat2,-0.72761,0.11569,0.08426,0.67089,1195.74
quat3,-0.31455,0.67802,0.30838,0.58843,1195.74
quat4,-0.25974,0.78354,0.56033,-0.06811,1195.74
quat5,0.00000,0.70711,0.00000,0.70711,1195.74
quat6,0.00000,0.70711,0.00000,0.70711,1195.74
quat7,0.00000,0.70711,0.00000,0.70711,1195.74
quat8,0.00000,0.70711,0.00000,0.70711,1195.74
quat0,0.68331,-0.23610,0.66944,0.17086,1195.76
quat1,-0.48608,0.61451,0.29063,0.54922,1195.76
quat2,-0.73007,0.09248,0.10995,0.66810,1195.76
quat3,-0.31805,0.69238,0.30313,0.57233,1195.76
quat4,-0.27715,0.78140,0.55034,-0.09865,1195.76
quat5,0.00000,0.70711,0.00000,0.70711,1195.76
quat6,0.00000,0.70711,0.00000,0.70711,1195.76
quat7,0.00000,0.70711,0.00000,0.70711,1195.76
quat8,0.00000,0.70711,0.00000,0.70711,1195.76
quat0,0.68388,-0.23623,0.66894,0.17034,1195.78
quat1,-0.48358,0.60117,0.29786,0.56216,1195.78
quat2,-0.73007,0.06693,0.13543,0.66646,1195.78
quat3,-0.32103,0.70713,0.29817,0.55498,1195.78
quat4,-0.29632,0.77654,0.54092,-0.12880,1195.78
quat5,0.00000,0.70711,0.00000,0.70711,1195.78
quat6,0.00000,0.70711,0.00000,0.70711,1195.78
quat7,0.00000,0.70711,0.00000,0.70711,1195.78
quat8,0.00000,0.70711,0.00000,0.70711,1195.78
quat0,0.68359,-0.23632,0.66924,0.17021,1195.8
quat1,-0.48171,0.58547,0.30413,0.57679,1195.8
quat2,-0.72770,0.04027,0.15970,0.66583,1195.8
quat3,-0.32257,0.72187,0.29539,0.53628,1195.8
quat4,-0.31800,0.76910,0.53180,-0.15670,1195.8
quat5,0.00000,0.70711,0.00000,0.70711,1195.8
quat6,0.00000,0.70711,0.00000,0.70711,1195.8
quat7,0.00000,0.70711,0.00000,0.70711,1195.8
quat8,0.00000,0.70711,0.00000,0.70711,1195.8
quat0,0.68288,-0.23577,0.67045,0.16904,1195.82
quat1,-0.47903,0.56975,0.31113,0.59086,1195.82
quat2,-0.72360,0.01016,0.17906,0.66651,1195.82
quat3,-0.32353,0.73461,0.29493,0.51836,1195.82
quat4,-0.34017,0.75957,0.52289,-0.18419,1195.82
quat5,0.00000,0.70711,0.00000,0.70711,1195.82
quat6,0.00000,0.70711,0.00000,0.70711,1195.82
quat7,0.00000,0.70711,0.00000,0.70711,1195.82
quat8,0.00000,0.70711,0.00000,0.70711,1195.82
quat0,0.68210,-0.23530,0.67183,0.16741,1195.84
quat1,-0.47586,0.55551,0.31894,0.60269,1195.84
quat2,-0.71870,-0.02089,0.19351,0.66753,1195.84
quat3,-0.32591,0.74513,0.29459,0.50178,1195.84
quat4,-0.36201,0.74846,0.51429,-0.21039,1195.84
quat5,0.00000,0.70711,0.00000,0.70711,1195.84
quat6,0.00000,0.70711,0.00000,0.70711,1195.84
quat7,0.00000,0.70711,0.00000,0.70711,1195.84
quat8,0.00000,0.70711,0.00000,0.70711,1195.84
quat0,0.68100,-0.23590,0.67284,0.16697,1195.86
quat1,-0.47239,0.53978,0.32537,0.61613,1195.86
quat2,-0.71360,-0.05090,0.20297,0.66857,1195.86
quat3,-0.32930,0.75415,0.29396,0.48621,1195.86
quat4,-0.38120,0.73689,0.50643,-0.23497,1195.86
quat5,0.00000,0.70711,0.00000,0.70711,1195.86
quat6,0.00000,0.70711,0.00000,0.70711,1195.86
quat7,0.00000,0.70711,0.00000,0.70711,1195.86
quat8,0.00000,0.70711,0.00000,0.70711,1195.86
quat0,0.67976,-0.23667,0.67412,0.16577,1195.88
quat1,-0.46832,0.52292,0.32982,0.63124,1195.88
quat2,-0.70804,-0.07551,0.20985,0.67003,1195.88
quat3,-0.33089,0.76233,0.29599,0.47092,1195.88
quat4,-0.39777,0.72529,0.49995,-0.25650,1195.88
quat5,0.00000,0.70711,0.00000,0.70711,1195.88
quat6,0.00000,0.70711,0.00000,0.70711,1195.88
quat7,0.00000,0.70711,0.00000,0.70711,1195.88
quat8,0.00000,0.70711,0.00000,0.70711,1195.88
quat0,0.67881,-0.23645,0.67564,0.16376,1195.9
quat1,-0.46337,0.50753,0.33379,0.64520,1195.9
quat2,-0.70312,-0.09508,0.21406,0.67139,1195.9
quat3,-0.33201,0.76847,0.29835,0.45848,1195.9
quat4,-0.40860,0.71455,0.49613,-0.27627,1195.9
quat5,0.00000,0.70711,0.00000,0.70711,1195.9
quat6,0.00000,0.70711,0.00000,0.70711,1195.9
quat7,0.00000,0.70711,0.00000,0.70711,1195.9
quat8,0.00000,0.70711,0.00000,0.70711,1195.9
quat0,0.67718,-0.23572,0.67795,0.16202,1195.92
quat1,-0.45865,0.49459,0.33661,0.65705,1195.92
quat2,-0.69981,-0.10996,0.21480,0.67234,1195.92
quat3,-0.33361,0.77260,0.30207,0.44783,1195.92
quat4,-0.41396,0.70536,0.49573,-0.29216,1195.92
quat5,0.00000,0.70711,0.00000,0.70711,1195.92
quat6,0.00000,0.70711,0.00000,0.70711,1195.92
quat7,0.00000,0.70711,0.00000,0.70711,1195.92
quat8,0.00000,0.70711,0.00000,0.70711,1195.92
quat0,0.67637,-0.23491,0.67936,0.16069,1195.94
quat1,-0.45407,0.48694,0.33816,0.66510,1195.94
quat2,-0.69760,-0.12077,0.21241,0.67353,1195.94
quat3,-0.33524,0.77447,0.30588,0.44073,1195.94
quat4,-0.41389,0.69838,0.49910,-0.30308,1195.94
quat5,0.00000,0.70711,0.00000,0.70711,1195.94
quat6,0.00000,0.70711,0.00000,0.70711,1195.94
quat7,0.00000,0.70711,0.00000,0.70711,1195.94
quat8,0.00000,0.70711,0.00000,0.70711,1195.94
quat0,0.67555,-0.23446,0.68051,0.15993,1195.96
quat1,-0.45106,0.48479,0.33840,0.66859,1195.96
quat2,-0.69659,-0.12765,0.20777,0.67476,1195.96
quat3,-0.33683,0.77422,0.30909,0.43773,1195.96
quat4,-0.41047,0.69468,0.50471,-0.30693,1195.96
quat5,0.00000,0.70711,0.00000,0.70711,1195.96
quat6,0.00000,0.70711,0.00000,0.70711,1195.96
quat7,0.00000,0.70711,0.00000,0.70711,1195.96
quat8,0.00000,0.70711,0.00000,0.70711,1195.96
quat0,0.67462,-0.23503,0.68130,0.15960,1195.98
quat1,-0.44967,0.48708,0.33769,0.66822,1195.98
quat2,-0.69648,-0.12952,0.20127,0.67649,1195.98
quat3,-0.33771,0.77184,0.31224,0.43901,1195.98
quat4,-0.40548,0.69471,0.51131,-0.30253,1195.98
quat5,0.00000,0.70711,0.00000,0.70711,1195.98
quat6,0.00000,0.70711,0.00000,0.70711,1195.98
quat7,0.00000,0.70711,0.00000,0.70711,1195.98
quat8,0.00000,0.70711,0.00000,0.70711,1195.98
quat0,0.67400,-0.23552,0.68169,0.15984,1196
quat1,-0.44988,0.49225,0.33535,0.66546,1196
quat2,-0.69702,-0.12473,0.19310,0.67920,1196
quat3,-0.33758,0.76778,0.31580,0.44364,1196
quat4,-0.39899,0.69790,0.51858,-0.29124,1196
quat5,0.00000,0.70711,0.00000,0.70711,1196
quat6,0.00000,0.70711,0.00000,0.70711,1196
quat7,0.00000,0.70711,0.00000,0.70711,1196
quat8,0.00000,0.70711,0.00000,0.70711,1196
quat0,0.67373,-0.23651,0.68131,0.16113,1196.02
quat1,-0.45100,0.50051,0.33189,0.66026,1196.02
quat2,-0.69837,-0.11263,0.18259,0.68283,1196.02
quat3,-0.33692,0.76172,0.31962,0.45179,1196.02
quat4,-0.39114,0.70331,0.52647,-0.27422,1196.02
quat5,0.00000,0.70711,0.00000,0.70711,1196.02
quat6,0.00000,0.70711,0.00000,0.70711,1196.02
quat7,0.00000,0.70711,0.00000,0.70711,1196.02
quat8,0.00000,0.70711,0.00000,0.70711,1196.02
quat0,0.67378,-0.23733,0.68059,0.16275,1196.04
quat1,-0.45262,0.51148,0.32764,0.65282,1196.04
quat2,-0.70087,-0.09596,0.16731,0.68672,1196.04
quat3,-0.33566,0.75336,0.32349,0.46383,1196.04
quat4,-0.37999,0.70935,0.53651,-0.25415,1196.04
quat5,0.00000,0.70711,0.00000,0.70711,1196.04
quat6,0.00000,0.70711,0.00000,0.70711,1196.04
quat7,0.00000,0.70711,0.00000,0.70711,1196.04
quat8,0.00000,0.70711,0.00000,0.70711,1196.04
quat0,0.67401,-0.23817,0.67970,0.16432,1196.06
quat1,-0.45461,0.52471,0.32292,0.64322,1196.06
quat2,-0.70437,-0.07602,0.14686,0.69030,1196.06
quat3,-0.33504,0.74202,0.32723,0.47966,1196.06
quat4,-0.36805,0.71604,0.54637,-0.23088,1196.06
quat5,0.00000,0.70711,0.00000,0.70711,1196.06
quat6,0.00000,0.70711,0.00000,0.70711,1196.06
quat7,0.00000,0.70711,0.00000,0.70711,1196.06
quat8,0.00000,0.70711,0.00000,0.70711,1196.06
quat0,0.67454,-0.23871,0.67858,0.16597,1196.08
quat1,-0.45679,0.54014,0.31775,0.63136,1196.08
quat2,-0.70750,-0.05369,0.12380,0.69371,1196.08
quat3,-0.33410,0.72840,0.33183,0.49769,1196.08
quat4,-0.35158,0.72271,0.55788,-0.20701,1196.08
quat5,0.00000,0.70711,0.00000,0.70711,1196.08
quat6,0.00000,0.70711,0.00000,0.70711,1196.08
quat7,0.00000,0.70711,0.00000,0.70711,1196.08
quat8,0.00000,0.70711,0.00000,0.70711,1196.08
quat0,0.67484,-0.23932,0.67777,0.16716,1196.1
quat1,-0.45837,0.55847,0.31266,0.61665,1196.1
quat2,-0.70970,-0.02723,0.10257,0.69647,1196.1
quat3,-0.33297,0.71269,0.33672,0.51752,1196.1
quat4,-0.33178,0.72868,0.57078,-0.18210,1196.1
quat5,0.00000,0.70711,0.00000,0.70711,1196.1
quat6,0.00000,0.70711,0.00000,0.70711,1196.1
quat7,0.00000,0.70711,0.00000,0.70711,1196.1
quat8,0.00000,0.70711,0.00000,0.70711,1196.1
quat0,0.67526,-0.23969,0.67697,0.16818,1196.12
quat1,-0.45874,0.58002,0.30719,0.59897,1196.12
quat2,-0.71053,0.00317,0.08408,0.69862,1196.12
quat3,-0.33076,0.69487,0.34271,0.53880,1196.12
quat4,-0.30714,0.73392,0.58462,-0.15891,1196.12
quat5,0.00000,0.70711,0.00000,0.70711,1196.12
quat6,0.00000,0.70711,0.00000,0.70711,1196.12
quat7,0.00000,0.70711,0.00000,0.70711,1196.12
quat8,0.00000,0.70711,0.00000,0.70711,1196.12
quat0,0.67560,-0.23994,0.67630,0.16915,1196.14
quat1,-0.45813,0.60314,0.30073,0.57957,1196.14
quat2,-0.70969,0.03669,0.06827,0.70024,1196.14
quat3,-0.32893,0.67525,0.34917,0.56029,1196.14
quat4,-0.28071,0.73791,0.59873,-0.13497,1196.14
quat5,0.00000,0.70711,0.00000,0.70711,1196.14
quat6,0.00000,0.70711,0.00000,0.70711,1196.14
quat7,0.00000,0.70711,0.00000,0.70711,1196.14
quat8,0.00000,0.70711,0.00000,0.70711,1196.14
quat0,0.67655,-0.24007,0.67504,0.17021,1196.16
quat1,-0.45740,0.62605,0.29150,0.56024,1196.16
quat2,-0.70761,0.06994,0.05305,0.70113,1196.16
quat3,-0.32793,0.65433,0.35526,0.58147,1196.16
quat4,-0.25324,0.74084,0.61209,-0.11127,1196.16
quat5,0.00000,0.70711,0.00000,0.70711,1196.16
quat6,0.00000,0.70711,0.00000,0.70711,1196.16
quat7,0.00000,0.70711,0.00000,0.70711,1196.16
quat8,0.00000,0.70711,0.00000,0.70711,1196.16
quat0,0.67756,-0.23991,0.67394,0.17074,1196.18
quat1,-0.45687,0.64634,0.28132,0.54257,1196.18
quat2,-0.70437,0.10161,0.03769,0.70151,1196.18
quat3,-0.32695,0.63321,0.36143,0.60126,1196.18
quat4,-0.23045,0.74165,0.62429,-0.08436,1196.18
quat5,0.00000,0.70711,0.00000,0.70711,1196.18
quat6,0.00000,0.70711,0.00000,0.70711,1196.18
quat7,0.00000,0.70711,0.00000,0.70711,1196.18
quat8,0.00000,0.70711,0.00000,0.70711,1196.18
quat0,0.67837,-0.23920,0.67331,0.17104,1196.2
quat1,-0.45417,0.66629,0.27401,0.52413,1196.2
quat2,-0.69863,0.12870,0.01907,0.70355,1196.2
quat3,-0.32552,0.61242,0.36836,0.61910,1196.2
quat4,-0.21197,0.74045,0.63545,-0.05479,1196.2
quat5,0.00000,0.70711,0.00000,0.70711,1196.2
quat6,0.00000,0.70711,0.00000,0.70711,1196.2
quat7,0.00000,0.70711,0.00000,0.70711,1196.2
quat8,0.00000,0.70711,0.00000,0.70711,1196.2
quat0,0.67914,-0.23866,0.67256,0.17167,1196.22
quat1,-0.44845,0.68840,0.27092,0.50160,1196.22
quat2,-0.69079,0.14992,-0.00470,0.70733,1196.22
quat3,-0.32344,0.59386,0.37571,0.63369,1196.22
quat4,-0.19652,0.73667,0.64659,-0.02498,1196.22
quat5,0.00000,0.70711,0.00000,0.70711,1196.22
quat6,0.00000,0.70711,0.00000,0.70711,1196.22
quat7,0.00000,0.70711,0.00000,0.70711,1196.22
quat8,0.00000,0.70711,0.00000,0.70711,1196.22
quat0,0.68022,-0.23790,0.67187,0.17114,1196.24
quat1,-0.44490,0.70557,0.26657,0.48287,1196.24
quat2,-0.67979,0.16385,-0.03540,0.71400,1196.24
quat3,-0.32064,0.57866,0.38387,0.64420,1196.24
quat4,-0.18023,0.73146,0.65763,-0.00147,1196.24
quat5,0.00000,0.70711,0.00000,0.70711,1196.24
quat6,0.00000,0.70711,0.00000,0.70711,1196.24
quat7,0.00000,0.70711,0.00000,0.70711,1196.24
quat8,0.00000,0.70711,0.00000,0.70711,1196.24
quat0,0.68114,-0.23753,0.67140,0.16983,1196.26
quat1,-0.44549,0.71471,0.25810,0.47340,1196.26
quat2,-0.66647,0.17481,-0.06539,0.72180,1196.26
quat3,-0.31782,0.56747,0.39362,0.64964,1196.26
quat4,-0.16453,0.72549,0.66808,0.01627,1196.26
quat5,0.00000,0.70711,0.00000,0.70711,1196.26
quat6,0.00000,0.70711,0.00000,0.70711,1196.26
quat7,0.00000,0.70711,0.00000,0.70711,1196.26
quat8,0.00000,0.70711,0.00000,0.70711,1196.26
quat0,0.68230,-0.23720,0.67056,0.16897,1196.28
quat1,-0.44993,0.71630,0.24530,0.47361,1196.28
quat2,-0.65231,0.18294,-0.09065,0.72994,1196.28
quat3,-0.31488,0.56168,0.40556,0.64876,1196.28
quat4,-0.15169,0.71887,0.67779,0.02862,1196.28
quat5,0.00000,0.70711,0.00000,0.70711,1196.28
quat6,0.00000,0.70711,0.00000,0.70711,1196.28
quat7,0.00000,0.70711,0.00000,0.70711,1196.28
quat8,0.00000,0.70711,0.00000,0.70711,1196.28
quat0,0.68324,-0.23747,0.66966,0.16834,1196.3
quat1,-0.45513,0.71238,0.23085,0.48175,1196.3
quat2,-0.63948,0.18779,-0.10881,0.73754,1196.3
quat3,-0.31294,0.55948,0.41825,0.64352,1196.3
quat4,-0.14387,0.71150,0.68688,0.03562,1196.3
quat5,0.00000,0.70711,0.00000,0.70711,1196.3
quat6,0.00000,0.70711,0.00000,0.70711,1196.3
quat7,0.00000,0.70711,0.00000,0.70711,1196.3
quat8,0.00000,0.70711,0.00000,0.70711,1196.3
quat0,0.68379,-0.23777,0.66904,0.16818,1196.32
quat1,-0.45753,0.70686,0.21766,0.49360,1196.32
quat2,-0.62958,0.18885,-0.11825,0.74430,1196.32
quat3,-0.31218,0.56004,0.43035,0.63538,1196.32
quat4,-0.14135,0.70366,0.69538,0.03656,1196.32
quat5,0.00000,0.70711,0.00000,0.70711,1196.32
quat6,0.00000,0.70711,0.00000,0.70711,1196.32
quat7,0.00000,0.70711,0.00000,0.70711,1196.32
quat8,0.00000,0.70711,0.00000,0.70711,1196.32
quat0,0.68427,-0.23850,0.66818,0.16860,1196.34
quat1,-0.45504,0.70332,0.21051,0.50395,1196.34
quat2,-0.62248,0.18468,-0.12002,0.75100,1196.34
quat3,-0.31276,0.56240,0.44097,0.62565,1196.34
quat4,-0.14548,0.69491,0.70347,0.03273,1196.34
quat5,0.00000,0.70711,0.00000,0.70711,1196.34
quat6,0.00000,0.70711,0.00000,0.70711,1196.34
quat7,0.00000,0.70711,0.00000,0.70711,1196.34
quat8,0.00000,0.70711,0.00000,0.70711,1196.34
quat0,0.68430,-0.23898,0.66776,0.16944,1196.36
quat1,-0.44761,0.70322,0.21077,0.51059,1196.36
quat2,-0.61727,0.17627,-0.11504,0.75807,1196.36
quat3,-0.31559,0.56469,0.44944,0.61607,1196.36
quat4,-0.15476,0.68635,0.71020,0.02428,1196.36
quat5,0.00000,0.70711,0.00000,0.70711,1196.36
quat6,0.00000,0.70711,0.00000,0.70711,1196.36
quat7,0.00000,0.70711,0.00000,0.70711,1196.36
quat8,0.00000,0.70711,0.00000,0.70711,1196.36
quat0,0.68392,-0.23979,0.66769,0.17013,1196.38
quat1,-0.43770,0.70433,0.21545,0.51568,1196.38
quat2,-0.61418,0.16461,-0.10376,0.76480,1196.38
quat3,-0.32100,0.56794,0.45498,0.60614,1196.38
quat4,-0.16623,0.67852,0.71544,0.01094,1196.38
quat5,0.00000,0.70711,0.00000,0.70711,1196.38
quat6,0.00000,0.70711,0.00000,0.70711,1196.38
quat7,0.00000,0.70711,0.00000,0.70711,1196.38
quat8,0.00000,0.70711,0.00000,0.70711,1196.38
quat0,0.68274,-0.24111,0.66816,0.17116,1196.4
quat1,-0.42666,0.70527,0.22350,0.52020,1196.4
quat2,-0.61276,0.15027,-0.08763,0.77088,1196.4
quat3,-0.32853,0.57255,0.45758,0.59572,1196.4
quat4,-0.18173,0.67125,0.71859,-0.00503,1196.4
quat5,0.00000,0.70711,0.00000,0.70711,1196.4
quat6,0.00000,0.70711,0.00000,0.70711,1196.4
quat7,0.00000,0.70711,0.00000,0.70711,1196.4
quat8,0.00000,0.70711,0.00000,0.70711,1196.4
quat0,0.68163,-0.24324,0.66827,0.17214,1196.42
quat1,-0.41548,0.70367,0.23329,0.52706,1196.42
quat2,-0.61221,0.13250,-0.06886,0.77647,1196.42
quat3,-0.33706,0.58013,0.45746,0.58358,1196.42
quat4,-0.20015,0.66447,0.71965,-0.02286,1196.42
quat5,0.00000,0.70711,0.00000,0.70711,1196.42
quat6,0.00000,0.70711,0.00000,0.70711,1196.42
quat7,0.00000,0.70711,0.00000,0.70711,1196.42
quat8,0.00000,0.70711,0.00000,0.70711,1196.42
quat0,0.68102,-0.24480,0.66820,0.17257,1196.44
quat1,-0.40499,0.69882,0.24357,0.53694,1196.44
quat2,-0.61231,0.11327,-0.04719,0.78104,1196.44
quat3,-0.34673,0.58946,0.45430,0.57089,1196.44
quat4,-0.22052,0.65821,0.71860,-0.04184,1196.44
quat5,0.00000,0.70711,0.00000,0.70711,1196.44
quat6,0.00000,0.70711,0.00000,0.70711,1196.44
quat7,0.00000,0.70711,0.00000,0.70711,1196.44
quat8,0.00000,0.70711,0.00000,0.70711,1196.44
quat0,0.68069,-0.24598,0.66808,0.17269,1196.46
quat1,-0.39620,0.69039,0.25315,0.54982,1196.46
quat2,-0.61257,0.09152,-0.02405,0.78474,1196.46
quat3,-0.35691,0.60032,0.44761,0.55847,1196.46
quat4,-0.24154,0.65240,0.71553,-0.06356,1196.46
quat5,0.00000,0.70711,0.00000,0.70711,1196.46
quat6,0.00000,0.70711,0.00000,0.70711,1196.46
quat7,0.00000,0.70711,0.00000,0.70711,1196.46
quat8,0.00000,0.70711,0.00000,0.70711,1196.46
quat0,0.68065,-0.24683,0.66785,0.17252,1196.48
quat1,-0.38967,0.67801,0.26146,0.56577,1196.48
quat2,-0.61307,0.06858,0.00218,0.78704,1196.48
quat3,-0.36629,0.61133,0.43880,0.54733,1196.48
quat4,-0.26427,0.64661,0.71047,-0.08542,1196.48
quat5,0.00000,0.70711,0.00000,0.70711,1196.48
quat6,0.00000,0.70711,0.00000,0.70711,1196.48
quat7,0.00000,0.70711,0.00000,0.70711,1196.48
quat8,0.00000,0.70711,0.00000,0.70711,1196.48
quat0,0.68088,-0.24726,0.66758,0.17208,1196.5
quat1,-0.38554,0.66198,0.26666,0.58484,1196.5
quat2,-0.61318,0.04266,0.02913,0.78825,1196.5
quat3,-0.37398,0.62223,0.43075,0.53613,1196.5
quat4,-0.28887,0.64066,0.70329,-0.10722,1196.5
quat5,0.00000,0.70711,0.00000,0.70711,1196.5
quat6,0.00000,0.70711,0.00000,0.70711,1196.5
quat7,0.00000,0.70711,0.00000,0.70711,1196.5
quat8,0.00000,0.70711,0.00000,0.70711,1196.5
quat0,0.68097,-0.24676,0.66784,0.17139,1196.52
quat1,-0.38493,0.64362,0.26851,0.60456,1196.52
quat2,-0.61262,0.01547,0.05627,0.78822,1196.52
quat3,-0.38149,0.63303,0.42277,0.52441,1196.52
quat4,-0.31353,0.63521,0.69426,-0.12731,1196.52
quat5,0.00000,0.70711,0.00000,0.70711,1196.52
quat6,0.00000,0.70711,0.00000,0.70711,1196.52
quat7,0.00000,0.70711,0.00000,0.70711,1196.52
quat8,0.00000,0.70711,0.00000,0.70711,1196.52
quat0,0.68132,-0.24553,0.66823,0.17026,1196.54
quat1,-0.38591,0.62516,0.27164,0.62166,1196.54
quat2,-0.61123,-0.01209,0.08080,0.78723,1196.54
quat3,-0.38779,0.64628,0.41500,0.50963,1196.54
quat4,-0.33523,0.63009,0.68454,-0.14836,1196.54
quat5,0.00000,0.70711,0.00000,0.70711,1196.54
quat6,0.00000,0.70711,0.00000,0.70711,1196.54
quat7,0.00000,0.70711,0.00000,0.70711,1196.54
quat8,0.00000,0.70711,0.00000,0.70711,1196.54
quat0,0.68193,-0.24440,0.66830,0.16916,1196.56
quat1,-0.38546,0.60235,0.27872,0.64103,1196.56
quat2,-0.60909,-0.03597,0.10458,0.78535,1196.56
quat3,-0.39200,0.66112,0.40905,0.49187,1196.56
quat4,-0.35442,0.62581,0.67416,-0.16811,1196.56
quat5,0.00000,0.70711,0.00000,0.70711,1196.56
quat6,0.00000,0.70711,0.00000,0.70711,1196.56
quat7,0.00000,0.70711,0.00000,0.70711,1196.56
quat8,0.00000,0.70711,0.00000,0.70711,1196.56
quat0,0.68238,-0.24397,0.66806,0.16888,1196.58
quat1,-0.38633,0.57604,0.28221,0.66279,1196.58
quat2,-0.60614,-0.05642,0.12633,0.78323,1196.58
quat3,-0.39438,0.67645,0.40439,0.47260,1196.58
quat4,-0.36921,0.62327,0.66346,-0.18722,1196.58
quat5,0.00000,0.70711,0.00000,0.70711,1196.58
quat6,0.00000,0.70711,0.00000,0.70711,1196.58
quat7,0.00000,0.70711,0.00000,0.70711,1196.58
quat8,0.00000,0.70711,0.00000,0.70711,1196.58
quat0,0.68373,-0.24279,0.66740,0.16776,1196.6
quat1,-0.38627,0.55330,0.28535,0.68061,1196.6
quat2,-0.60333,-0.07219,0.14626,0.78064,1196.6
quat3,-0.39665,0.69000,0.39996,0.45453,1196.6
quat4,-0.37995,0.62139,0.65417,-0.20391,1196.6
quat5,0.00000,0.70711,0.00000,0.70711,1196.6
quat6,0.00000,0.70711,0.00000,0.70711,1196.6
quat7,0.00000,0.70711,0.00000,0.70711,1196.6
quat8,0.00000,0.70711,0.00000,0.70711,1196.6
quat0,0.68517,-0.24005,0.66758,0.16510,1196.62
quat1,-0.38375,0.53598,0.29205,0.69294,1196.62
quat2,-0.60124,-0.08465,0.16256,0.77777,1196.62
quat3,-0.39813,0.70169,0.39608,0.43845,1196.62
quat4,-0.38713,0.61942,0.64735,-0.21770,1196.62
quat5,0.00000,0.70711,0.00000,0.70711,1196.62
quat6,0.00000,0.70711,0.00000,0.70711,1196.62
quat7,0.00000,0.70711,0.00000,0.70711,1196.62
quat8,0.00000,0.70711,0.00000,0.70711,1196.62
quat0,0.68564,-0.23790,0.66854,0.16237,1196.64
quat1,-0.38204,0.52347,0.29766,0.70101,1196.64
quat2,-0.60023,-0.09297,0.17499,0.77489,1196.64
quat3,-0.39814,0.71105,0.39308,0.42588,1196.64
quat4,-0.39299,0.61778,0.64176,-0.22817,1196.64
quat5,0.00000,0.70711,0.00000,0.70711,1196.64
quat6,0.00000,0.70711,0.00000,0.70711,1196.64
quat7,0.00000,0.70711,0.00000,0.70711,1196.64
quat8,0.00000,0.70711,0.00000,0.70711,1196.64
quat0,0.68518,-0.23786,0.66909,0.16212,1196.66
quat1,-0.38127,0.51575,0.30083,0.70579,1196.66
quat2,-0.59978,-0.10003,0.18284,0.77254,1196.66
quat3,-0.39825,0.71696,0.39111,0.41760,1196.66
quat4,-0.39671,0.61535,0.63836,-0.23761,1196.66
quat5,0.00000,0.70711,0.00000,0.70711,1196.66
quat6,0.00000,0.70711,0.00000,0.70711,1196.66
quat7,0.00000,0.70711,0.00000,0.70711,1196.66
quat8,0.00000,0.70711,0.00000,0.70711,1196.66
quat0,0.68460,-0.23790,0.66950,0.16274,1196.68
quat1,-0.38136,0.51315,0.30244,0.70694,1196.68
quat2,-0.60055,-0.10039,0.18773,0.77073,1196.68
quat3,-0.39815,0.71886,0.39018,0.41531,1196.68
quat4,-0.39526,0.61668,0.63605,-0.24275,1196.68
quat5,0.00000,0.70711,0.00000,0.70711,1196.68
quat6,0.00000,0.70711,0.00000,0.70711,1196.68
quat7,0.00000,0.70711,0.00000,0.70711,1196.68
quat8,0.00000,0.70711,0.00000,0.70711,1196.68
quat0,0.68409,-0.23799,0.66980,0.16356,1196.7
quat1,-0.38200,0.51488,0.30295,0.70512,1196.7
quat2,-0.60195,-0.09564,0.18918,0.76988,1196.7
quat3,-0.39732,0.71892,0.39058,0.41562,1196.7
quat4,-0.39279,0.61764,0.63603,-0.24435,1196.7
quat5,0.00000,0.70711,0.00000,0.70711,1196.7
quat6,0.00000,0.70711,0.00000,0.70711,1196.7
quat7,0.00000,0.70711,0.00000,0.70711,1196.7
quat8,0.00000,0.70711,0.00000,0.70711,1196.7
quat0,0.68305,-0.23839,0.67052,0.16435,1196.72
quat1,-0.38431,0.51968,0.30130,0.70104,1196.72
quat2,-0.60459,-0.08988,0.18248,0.77013,1196.72
quat3,-0.39646,0.71660,0.39217,0.41894,1196.72
quat4,-0.38771,0.61944,0.63872,-0.24085,1196.72
quat5,0.00000,0.70711,0.00000,0.70711,1196.72
quat6,0.00000,0.70711,0.00000,0.70711,1196.72
quat7,0.00000,0.70711,0.00000,0.70711,1196.72
quat8,0.00000,0.70711,0.00000,0.70711,1196.72
quat0,0.68195,-0.23955,0.67079,0.16614,1196.74
quat1,-0.38713,0.52730,0.29823,0.69508,1196.74
quat2,-0.60774,-0.08056,0.17073,0.77137,1196.74
quat3,-0.39534,0.71210,0.39488,0.42508,1196.74
quat4,-0.38033,0.62217,0.64360,-0.23244,1196.74
quat5,0.00000,0.70711,0.00000,0.70711,1196.74
quat6,0.00000,0.70711,0.00000,0.70711,1196.74
quat7,0.00000,0.70711,0.00000,0.70711,1196.74
quat8,0.00000,0.70711,0.00000,0.70711,1196.74
quat0,0.68078,-0.24051,0.67132,0.16741,1196.76
quat1,-0.39008,0.53785,0.29406,0.68708,1196.76
quat2,-0.61115,-0.06838,0.15310,0.77355,1196.76
quat3,-0.39403,0.70570,0.39868,0.43334,1196.76
quat4,-0.37012,0.62558,0.65055,-0.22012,1196.76
quat5,0.00000,0.70711,0.00000,0.70711,1196.76
quat6,0.00000,0.70711,0.00000,0.70711,1196.76
quat7,0.00000,0.70711,0.00000,0.70711,1196.76
quat8,0.00000,0.70711,0.00000,0.70711,1196.76
quat0,0.67949,-0.24164,0.67182,0.16901,1196.78
quat1,-0.39297,0.55155,0.28939,0.67648,1196.78
quat2,-0.61380,-0.05276,0.13221,0.77652,1196.78
quat3,-0.39240,0.69751,0.40292,0.44402,1196.78
quat4,-0.35931,0.63001,0.65797,-0.20264,1196.78
quat5,0.00000,0.70711,0.00000,0.70711,1196.78
quat6,0.00000,0.70711,0.00000,0.70711,1196.78
quat7,0.00000,0.70711,0.00000,0.70711,1196.78
quat8,0.00000,0.70711,0.00000,0.70711,1196.78
quat0,0.67839,-0.24287,0.67210,0.17053,1196.8
quat1,-0.39576,0.56783,0.28427,0.66343,1196.8
quat2,-0.61551,-0.03471,0.10873,0.77982,1196.8
quat3,-0.38980,0.68789,0.40727,0.45715,1196.8
quat4,-0.34577,0.63532,0.66586,-0.18287,1196.8
quat5,0.00000,0.70711,0.00000,0.70711,1196.8
quat6,0.00000,0.70711,0.00000,0.70711,1196.8
quat7,0.00000,0.70711,0.00000,0.70711,1196.8
quat8,0.00000,0.70711,0.00000,0.70711,1196.8
quat0,0.67713,-0.24439,0.67234,0.17240,1196.82
quat1,-0.39833,0.58644,0.27961,0.64749,1196.82
quat2,-0.61652,-0.01248,0.08600,0.78253,1196.82
quat3,-0.38714,0.67671,0.41105,0.47247,1196.82
quat4,-0.33172,0.64179,0.67240,-0.16107,1196.82
quat5,0.00000,0.70711,0.00000,0.70711,1196.82
quat6,0.00000,0.70711,0.00000,0.70711,1196.82
quat7,0.00000,0.70711,0.00000,0.70711,1196.82
quat8,0.00000,0.70711,0.00000,0.70711,1196.82
quat0,0.67614,-0.24562,0.67244,0.17417,1196.84
quat1,-0.40117,0.60636,0.27447,0.62933,1196.84
quat2,-0.61741,0.01342,0.06522,0.78382,1196.84
quat3,-0.38316,0.66410,0.41465,0.49013,1196.84
quat4,-0.31362,0.64859,0.67931,-0.13966,1196.84
quat5,0.00000,0.70711,0.00000,0.70711,1196.84
quat6,0.00000,0.70711,0.00000,0.70711,1196.84
quat7,0.00000,0.70711,0.00000,0.70711,1196.84
quat8,0.00000,0.70711,0.00000,0.70711,1196.84
quat0,0.67545,-0.24614,0.67267,0.17520,1196.86
quat1,-0.40447,0.62770,0.26907,0.60828,1196.86
quat2,-0.61840,0.04382,0.04815,0.78316,1196.86
quat3,-0.37841,0.65030,0.41805,0.50907,1196.86
quat4,-0.29308,0.65547,0.68607,-0.11734,1196.86
quat5,0.00000,0.70711,0.00000,0.70711,1196.86
quat6,0.00000,0.70711,0.00000,0.70711,1196.86
quat7,0.00000,0.70711,0.00000,0.70711,1196.86
quat8,0.00000,0.70711,0.00000,0.70711,1196.86
quat0,0.67496,-0.24582,0.67315,0.17570,1196.88
quat1,-0.40812,0.64877,0.26314,0.58592,1196.88
quat2,-0.61988,0.07672,0.03338,0.78023,1196.88
quat3,-0.37246,0.63575,0.42075,0.52921,1196.88
quat4,-0.27051,0.66299,0.69148,-0.09549,1196.88
quat5,0.00000,0.70711,0.00000,0.70711,1196.88
quat6,0.00000,0.70711,0.00000,0.70711,1196.88
quat7,0.00000,0.70711,0.00000,0.70711,1196.88
quat8,0.00000,0.70711,0.00000,0.70711,1196.88
quat0,0.67429,-0.24545,0.67388,0.17599,1196.9
quat1,-0.41259,0.66755,0.25685,0.56408,1196.9
quat2,-0.62234,0.11059,0.02047,0.77462,1196.9
quat3,-0.36545,0.62118,0.42156,0.55034,1196.9
quat4,-0.24957,0.67038,0.69514,-0.07136,1196.9
quat5,0.00000,0.70711,0.00000,0.70711,1196.9
quat6,0.00000,0.70711,0.00000,0.70711,1196.9
quat7,0.00000,0.70711,0.00000,0.70711,1196.9
quat8,0.00000,0.70711,0.00000,0.70711,1196.9
quat0,0.67324,-0.24498,0.67498,0.17644,1196.92
quat1,-0.41773,0.68377,0.25053,0.54332,1196.92
quat2,-0.62579,0.14188,0.00669,0.76695,1196.92
quat3,-0.35767,0.60707,0.42004,0.57193,1196.92
quat4,-0.23039,0.67815,0.69643,-0.04503,1196.92
quat5,0.00000,0.70711,0.00000,0.70711,1196.92
quat6,0.00000,0.70711,0.00000,0.70711,1196.92
quat7,0.00000,0.70711,0.00000,0.70711,1196.92
quat8,0.00000,0.70711,0.00000,0.70711,1196.92
quat0,0.67247,-0.24389,0.67609,0.17665,1196.94
quat1,-0.42374,0.69617,0.24577,0.52477,1196.94
quat2,-0.62985,0.16950,-0.00789,0.75796,1196.94
quat3,-0.35001,0.59458,0.41639,0.59211,1196.94
quat4,-0.21337,0.68588,0.69554,-0.01616,1196.94
quat5,0.00000,0.70711,0.00000,0.70711,1196.94
quat6,0.00000,0.70711,0.00000,0.70711,1196.94
quat7,0.00000,0.70711,0.00000,0.70711,1196.94
quat8,0.00000,0.70711,0.00000,0.70711,1196.94
quat0,0.67146,-0.24252,0.67742,0.17728,1196.96
quat1,-0.43134,0.70336,0.24217,0.51047,1196.96
quat2,-0.63398,0.19012,-0.02554,0.74918,1196.96
quat3,-0.34380,0.58500,0.41084,0.60893,1196.96
quat4,-0.19561,0.69429,0.69250,0.01186,1196.96
quat5,0.00000,0.70711,0.00000,0.70711,1196.96
quat6,0.00000,0.70711,0.00000,0.70711,1196.96
quat7,0.00000,0.70711,0.00000,0.70711,1196.96
quat8,0.00000,0.70711,0.00000,0.70711,1196.96
quat0,0.67055,-0.24101,0.67881,0.17749,1196.98
quat1,-0.44063,0.70657,0.23986,0.49908,1196.98
quat2,-0.63838,0.20372,-0.04481,0.74092,1196.98
quat3,-0.34023,0.57712,0.40428,0.62268,1196.98
quat4,-0.17758,0.70331,0.68730,0.03795,1196.98
quat5,0.00000,0.70711,0.00000,0.70711,1196.98
quat6,0.00000,0.70711,0.00000,0.70711,1196.98
quat7,0.00000,0.70711,0.00000,0.70711,1196.98
quat8,0.00000,0.70711,0.00000,0.70711,1196.98
quat0,0.67123,-0.23939,0.67875,0.17731,1197
quat1,-0.45152,0.70681,0.23737,0.49011,1197
quat2,-0.64330,0.21108,-0.06330,0.73322,1197
quat3,-0.33644,0.57172,0.39851,0.63336,1197
quat4,-0.16137,0.71279,0.68006,0.05833,1197
quat5,0.00000,0.70711,0.00000,0.70711,1197
quat6,0.00000,0.70711,0.00000,0.70711,1197
quat7,0.00000,0.70711,0.00000,0.70711,1197
quat8,0.00000,0.70711,0.00000,0.70711,1197
quat0,0.67225,-0.23833,0.67824,0.17683,1197.02
quat1,-0.46421,0.70322,0.23421,0.48491,1197.02
quat2,-0.65013,0.21367,-0.07711,0.72508,1197.02
quat3,-0.33181,0.57051,0.39297,0.64031,1197.02
quat4,-0.14777,0.72261,0.67162,0.07023,1197.02
quat5,0.00000,0.70711,0.00000,0.70711,1197.02
quat6,0.00000,0.70711,0.00000,0.70711,1197.02
quat7,0.00000,0.70711,0.00000,0.70711,1197.02
quat8,0.00000,0.70711,0.00000,0.70711,1197.02
quat0,0.67338,-0.23864,0.67685,0.17746,1197.04
quat1,-0.47723,0.69566,0.23155,0.48445,1197.04
quat2,-0.65912,0.21241,-0.08424,0.71649,1197.04
quat3,-0.32629,0.57289,0.38766,0.64425,1197.04
quat4,-0.13781,0.73242,0.66283,0.07235,1197.04
quat5,0.00000,0.70711,0.00000,0.70711,1197.04
quat6,0.00000,0.70711,0.00000,0.70711,1197.04
quat7,0.00000,0.70711,0.00000,0.70711,1197.04
quat8,0.00000,0.70711,0.00000,0.70711,1197.04
quat0,0.67476,-0.23803,0.67562,0.17770,1197.06
quat1,-0.48961,0.68527,0.23011,0.48759,1197.06
quat2,-0.66974,0.20693,-0.08544,0.70805,1197.06
quat3,-0.32100,0.57816,0.38229,0.64540,1197.06
quat4,-0.13394,0.74156,0.65394,0.06715,1197.06
quat5,0.00000,0.70711,0.00000,0.70711,1197.06
quat6,0.00000,0.70711,0.00000,0.70711,1197.06
quat7,0.00000,0.70711,0.00000,0.70711,1197.06
quat8,0.00000,0.70711,0.00000,0.70711,1197.06
quat0,0.67589,-0.23768,0.67479,0.17703,1197.08
quat1,-0.49999,0.67339,0.23124,0.49304,1197.08
quat2,-0.68136,0.19758,-0.08160,0.70004,1197.08
quat3,-0.31704,0.58593,0.37623,0.64391,1197.08
quat4,-0.13658,0.74981,0.64495,0.05628,1197.08
quat5,0.00000,0.70711,0.00000,0.70711,1197.08
quat6,0.00000,0.70711,0.00000,0.70711,1197.08
quat7,0.00000,0.70711,0.00000,0.70711,1197.08
quat8,0.00000,0.70711,0.00000,0.70711,1197.08
quat0,0.67638,-0.23835,0.67397,0.17737,1197.1
quat1,-0.50785,0.66060,0.23514,0.50041,1197.1
quat2,-0.69325,0.18453,-0.07339,0.69279,1197.1
quat3,-0.31469,0.59624,0.36974,0.63934,1197.1
quat4,-0.14410,0.75696,0.63612,0.03993,1197.1
quat5,0.00000,0.70711,0.00000,0.70711,1197.1
quat6,0.00000,0.70711,0.00000,0.70711,1197.1
quat7,0.00000,0.70711,0.00000,0.70711,1197.1
quat8,0.00000,0.70711,0.00000,0.70711,1197.1
quat0,0.67731,-0.23912,0.67265,0.17779,1197.12
quat1,-0.51344,0.64719,0.24142,0.50916,1197.12
quat2,-0.70495,0.17011,-0.05990,0.68595,1197.12
quat3,-0.31383,0.60895,0.36340,0.63138,1197.12
quat4,-0.15656,0.76290,0.62693,0.02063,1197.12
quat5,0.00000,0.70711,0.00000,0.70711,1197.12
quat6,0.00000,0.70711,0.00000,0.70711,1197.12
quat7,0.00000,0.70711,0.00000,0.70711,1197.12
quat8,0.00000,0.70711,0.00000,0.70711,1197.12
quat0,0.67855,-0.23886,0.67167,0.17713,1197.14
quat1,-0.51595,0.63465,0.25072,0.51784,1197.14
quat2,-0.71556,0.15475,-0.04092,0.67996,1197.14
quat3,-0.31501,0.62284,0.35670,0.62097,1197.14
quat4,-0.17196,0.76753,0.61752,-0.00198,1197.14
quat5,0.00000,0.70711,0.00000,0.70711,1197.14
quat6,0.00000,0.70711,0.00000,0.70711,1197.14
quat7,0.00000,0.70711,0.00000,0.70711,1197.14
quat8,0.00000,0.70711,0.00000,0.70711,1197.14
quat0,0.67901,-0.23919,0.67114,0.17693,1197.16
quat1,-0.51472,0.62347,0.26369,0.52613,1197.16
quat2,-0.72467,0.13984,-0.01589,0.67457,1197.16
quat3,-0.31836,0.63729,0.35034,0.60809,1197.16
quat4,-0.18866,0.77100,0.60759,-0.02833,1197.16
quat5,0.00000,0.70711,0.00000,0.70711,1197.16
quat6,0.00000,0.70711,0.00000,0.70711,1197.16
quat7,0.00000,0.70711,0.00000,0.70711,1197.16
quat8,0.00000,0.70711,0.00000,0.70711,1197.16
quat0,0.68003,-0.23936,0.67016,0.17648,1197.18
quat1,-0.51078,0.61244,0.27840,0.53526,1197.18
quat2,-0.73127,0.12269,0.01287,0.67084,1197.18
quat3,-0.32292,0.65116,0.34325,0.59488,1197.18
quat4,-0.20661,0.77242,0.59776,-0.05791,1197.18
quat5,0.00000,0.70711,0.00000,0.70711,1197.18
quat6,0.00000,0.70711,0.00000,0.70711,1197.18
quat7,0.00000,0.70711,0.00000,0.70711,1197.18
quat8,0.00000,0.70711,0.00000,0.70711,1197.18
quat0,0.68127,-0.23951,0.66893,0.17618,1197.2
quat1,-0.50502,0.60192,0.29249,0.54506,1197.2
quat2,-0.73512,0.10331,0.04439,0.66855,1197.2
quat3,-0.32827,0.66507,0.33387,0.58177,1197.2
quat4,-0.22887,0.77113,0.58777,-0.08664,1197.2
quat5,0.00000,0.70711,0.00000,0.70711,1197.2
quat6,0.00000,0.70711,0.00000,0.70711,1197.2
quat7,0.00000,0.70711,0.00000,0.70711,1197.2
quat8,0.00000,0.70711,0.00000,0.70711,1197.2
quat0,0.68302,-0.23972,0.66697,0.17655,1197.22
quat1,-0.49984,0.58998,0.30255,0.55727,1197.22
quat2,-0.73669,0.08007,0.07643,0.66711,1197.22
quat3,-0.33421,0.67926,0.32321,0.56784,1197.22
quat4,-0.25236,0.76769,0.57741,-0.11648,1197.22
quat5,0.00000,0.70711,0.00000,0.70711,1197.22
quat6,0.00000,0.70711,0.00000,0.70711,1197.22
quat7,0.00000,0.70711,0.00000,0.70711,1197.22
quat8,0.00000,0.70711,0.00000,0.70711,1197.22
quat0,0.68290,-0.23854,0.66772,0.17579,1197.24
quat1,-0.49630,0.57619,0.30903,0.57113,1197.24
quat2,-0.73593,0.05594,0.10879,0.66591,1197.24
quat3,-0.33937,0.69374,0.31460,0.55188,1197.24
quat4,-0.27840,0.76155,0.56695,-0.14528,1197.24
quat5,0.00000,0.70711,0.00000,0.70711,1197.24
quat6,0.00000,0.70711,0.00000,0.70711,1197.24
quat7,0.00000,0.70711,0.00000,0.70711,1197.24
quat8,0.00000,0.70711,0.00000,0.70711,1197.24
quat0,0.68321,-0.23750,0.66807,0.17463,1197.26
quat1,-0.49424,0.56147,0.31473,0.58431,1197.26
quat2,-0.73286,0.02910,0.13849,0.66550,1197.26
quat3,-0.34183,0.70690,0.31256,0.53456,1197.26
quat4,-0.30475,0.75329,0.55649,-0.17323,1197.26
quat5,0.00000,0.70711,0.00000,0.70711,1197.26
quat6,0.00000,0.70711,0.00000,0.70711,1197.26
quat7,0.00000,0.70711,0.00000,0.70711,1197.26
quat8,0.00000,0.70711,0.00000,0.70711,1197.26
quat0,0.68346,-0.23687,0.66830,0.17366,1197.28
quat1,-0.49228,0.54597,0.32087,0.59717,1197.28
quat2,-0.72829,0.00120,0.16434,0.66527,1197.28
quat3,-0.34549,0.72002,0.31272,0.51421,1197.28
quat4,-0.32974,0.74381,0.54634,-0.19880,1197.28
quat5,0.00000,0.70711,0.00000,0.70711,1197.28
quat6,0.00000,0.70711,0.00000,0.70711,1197.28
quat7,0.00000,0.70711,0.00000,0.70711,1197.28
quat8,0.00000,0.70711,0.00000,0.70711,1197.28
quat0,0.68399,-0.23573,0.66849,0.17237,1197.3
quat1,-0.49025,0.52993,0.32579,0.61048,1197.3
quat2,-0.72327,-0.02628,0.18372,0.66516,1197.3
quat3,-0.34900,0.73510,0.31348,0.48945,1197.3
quat4,-0.34945,0.73335,0.53805,-0.22491,1197.3
quat5,0.00000,0.70711,0.00000,0.70711,1197.3
quat6,0.00000,0.70711,0.00000,0.70711,1197.3
quat7,0.00000,0.70711,0.00000,0.70711,1197.3
quat8,0.00000,0.70711,0.00000,0.70711,1197.3
quat0,0.68421,-0.23382,0.66944,0.17039,1197.32
quat1,-0.48673,0.51170,0.32934,0.62673,1197.32
quat2,-0.71795,-0.05052,0.19764,0.66554,1197.32
quat3,-0.35013,0.75008,0.31524,0.46413,1197.32
quat4,-0.36391,0.72221,0.53230,-0.25026,1197.32
quat5,0.00000,0.70711,0.00000,0.70711,1197.32
quat6,0.00000,0.70711,0.00000,0.70711,1197.32
quat7,0.00000,0.70711,0.00000,0.70711,1197.32
quat8,0.00000,0.70711,0.00000,0.70711,1197.32
quat0,0.68377,-0.23208,0.67098,0.16847,1197.34
quat1,-0.48295,0.49657,0.33225,0.64015,1197.34
quat2,-0.71347,-0.07178,0.20503,0.66616,1197.34
quat3,-0.35080,0.76138,0.31815,0.44275,1197.34
quat4,-0.37190,0.71150,0.52943,-0.27414,1197.34
quat5,0.00000,0.70711,0.00000,0.70711,1197.34
quat6,0.00000,0.70711,0.00000,0.70711,1197.34
quat7,0.00000,0.70711,0.00000,0.70711,1197.34
quat8,0.00000,0.70711,0.00000,0.70711,1197.34
quat0,0.68353,-0.23115,0.67163,0.16815,1197.36
quat1,-0.47756,0.48596,0.33671,0.64992,1197.36
quat2,-0.71088,-0.08903,0.20635,0.66644,1197.36
quat3,-0.35271,0.76858,0.32117,0.42630,1197.36
quat4,-0.37556,0.70184,0.52954,-0.29319,1197.36
quat5,0.00000,0.70711,0.00000,0.70711,1197.36
quat6,0.00000,0.70711,0.00000,0.70711,1197.36
quat7,0.00000,0.70711,0.00000,0.70711,1197.36
quat8,0.00000,0.70711,0.00000,0.70711,1197.36
quat0,0.68328,-0.22971,0.67268,0.16694,1197.38
quat1,-0.47393,0.47960,0.33895,0.65612,1197.38
quat2,-0.70952,-0.10185,0.20328,0.66700,1197.38
quat3,-0.35479,0.77303,0.32293,0.41505,1197.38
quat4,-0.37641,0.69422,0.53162,-0.30620,1197.38
quat5,0.00000,0.70711,0.00000,0.70711,1197.38
quat6,0.00000,0.70711,0.00000,0.70711,1197.38
quat7,0.00000,0.70711,0.00000,0.70711,1197.38
quat8,0.00000,0.70711,0.00000,0.70711,1197.38
quat0,0.68293,-0.22860,0.67350,0.16656,1197.4
quat1,-0.47208,0.47777,0.33909,0.65870,1197.4
quat2,-0.70898,-0.10937,0.19850,0.66782,1197.4
quat3,-0.35694,0.77378,0.32381,0.41111,1197.4
quat4,-0.37662,0.68916,0.53468,-0.31199,1197.4
quat5,0.00000,0.70711,0.00000,0.70711,1197.4
quat6,0.00000,0.70711,0.00000,0.70711,1197.4
quat7,0.00000,0.70711,0.00000,0.70711,1197.4
quat8,0.00000,0.70711,0.00000,0.70711,1197.4
quat0,0.68224,-0.22851,0.67405,0.16731,1197.42
quat1,-0.47219,0.47942,0.33782,0.65808,1197.42
quat2,-0.70945,-0.11095,0.19292,0.66869,1197.42
quat3,-0.35930,0.77150,0.32427,0.41296,1197.42
quat4,-0.37616,0.68702,0.53876,-0.31024,1197.42
quat5,0.00000,0.70711,0.00000,0.70711,1197.42
quat6,0.00000,0.70711,0.00000,0.70711,1197.42
quat7,0.00000,0.70711,0.00000,0.70711,1197.42
quat8,0.00000,0.70711,0.00000,0.70711,1197.42
quat0,0.68186,-0.22838,0.67423,0.16832,1197.44
quat1,-0.47414,0.48376,0.33495,0.65496,1197.44
quat2,-0.71072,-0.10606,0.18599,0.67010,1197.44
quat3,-0.36060,0.76744,0.32521,0.41862,1197.44
quat4,-0.37367,0.68825,0.54371,-0.30175,1197.44
quat5,0.00000,0.70711,0.00000,0.70711,1197.44
quat6,0.00000,0.70711,0.00000,0.70711,1197.44
quat7,0.00000,0.70711,0.00000,0.70711,1197.44
quat8,0.00000,0.70711,0.00000,0.70711,1197.44
quat0,0.68176,-0.22850,0.67404,0.16931,1197.46
quat1,-0.47727,0.49094,0.33086,0.64940,1197.46
quat2,-0.71300,-0.09459,0.17618,0.67205,1197.46
quat3,-0.36091,0.76170,0.32697,0.42737,1197.46
quat4,-0.36871,0.69210,0.54997,-0.28737,1197.46
quat5,0.00000,0.70711,0.00000,0.70711,1197.46
quat6,0.00000,0.70711,0.00000,0.70711,1197.46
quat7,0.00000,0.70711,0.00000,0.70711,1197.46
quat8,0.00000,0.70711,0.00000,0.70711,1197.46
quat0,0.68171,-0.22831,0.67397,0.17003,1197.48
quat1,-0.48110,0.50085,0.32527,0.64179,1197.48
quat2,-0.71628,-0.07952,0.16097,0.67432,1197.48
quat3,-0.36041,0.75432,0.32981,0.43856,1197.48
quat4,-0.36086,0.69774,0.55643,-0.27079,1197.48
quat5,0.00000,0.70711,0.00000,0.70711,1197.48
quat6,0.00000,0.70711,0.00000,0.70711,1197.48
quat7,0.00000,0.70711,0.00000,0.70711,1197.48
quat8,0.00000,0.70711,0.00000,0.70711,1197.48
quat0,0.68158,-0.22855,0.67378,0.17096,1197.5
quat1,-0.48496,0.51295,0.31929,0.63225,1197.5
quat2,-0.72030,-0.06029,0.14149,0.67640,1197.5
quat3,-0.35933,0.74539,0.33344,0.45177,1197.5
quat4,-0.35002,0.70462,0.56406,-0.25069,1197.5
quat5,0.00000,0.70711,0.00000,0.70711,1197.5
quat6,0.00000,0.70711,0.00000,0.70711,1197.5
quat7,0.00000,0.70711,0.00000,0.70711,1197.5
quat8,0.00000,0.70711,0.00000,0.70711,1197.5
quat0,0.68150,-0.22846,0.67372,0.17164,1197.52
quat1,-0.48808,0.52732,0.31335,0.62091,1197.52
quat2,-0.72397,-0.03812,0.11861,0.67849,1197.52
quat3,-0.35763,0.73442,0.33739,0.46786,1197.52
quat4,-0.33585,0.71186,0.57285,-0.22869,1197.52
quat5,0.00000,0.70711,0.00000,0.70711,1197.52
quat6,0.00000,0.70711,0.00000,0.70711,1197.52
quat7,0.00000,0.70711,0.00000,0.70711,1197.52
quat8,0.00000,0.70711,0.00000,0.70711,1197.52
quat0,0.68193,-0.22880,0.67309,0.17198,1197.54
quat1,-0.49053,0.54315,0.30782,0.60796,1197.54
quat2,-0.72674,-0.01130,0.09540,0.68016,1197.54
quat3,-0.35617,0.72016,0.34195,0.48742,1197.54
quat4,-0.31996,0.71911,0.58207,-0.20422,1197.54
quat5,0.00000,0.70711,0.00000,0.70711,1197.54
quat6,0.00000,0.70711,0.00000,0.70711,1197.54
quat7,0.00000,0.70711,0.00000,0.70711,1197.54
quat8,0.00000,0.70711,0.00000,0.70711,1197.54
quat0,0.68224,-0.22872,0.67287,0.17171,1197.56
quat1,-0.49254,0.56054,0.30137,0.59362,1197.56
quat2,-0.72763,0.01770,0.07282,0.68187,1197.56
quat3,-0.35373,0.70381,0.34773,0.50853,1197.56
quat4,-0.30172,0.72501,0.59265,-0.17917,1197.56
quat5,0.00000,0.70711,0.00000,0.70711,1197.56
quat6,0.00000,0.70711,0.00000,0.70711,1197.56
quat7,0.00000,0.70711,0.00000,0.70711,1197.56
quat8,0.00000,0.70711,0.00000,0.70711,1197.56
quat0,0.68257,-0.22839,0.67274,0.17137,1197.58
quat1,-0.49384,0.57943,0.29448,0.57763,1197.58
quat2,-0.72652,0.04956,0.05244,0.68334,1197.58
quat3,-0.35181,0.68475,0.35372,0.53125,1197.58
quat4,-0.28352,0.72895,0.60397,-0.15318,1197.58
quat5,0.00000,0.70711,0.00000,0.70711,1197.58
quat6,0.00000,0.70711,0.00000,0.70711,1197.58
quat7,0.00000,0.70711,0.00000,0.70711,1197.58
quat8,0.00000,0.70711,0.00000,0.70711,1197.58
quat0,0.68250,-0.22759,0.67315,0.17108,1197.6
quat1,-0.49396,0.59974,0.28688,0.56037,1197.6
quat2,-0.72356,0.08006,0.03148,0.68488,1197.6
quat3,-0.35100,0.66390,0.35883,0.55432,1197.6
quat4,-0.26553,0.73061,0.61604,-0.12729,1197.6
quat5,0.00000,0.70711,0.00000,0.70711,1197.6
quat6,0.00000,0.70711,0.00000,0.70711,1197.6
quat7,0.00000,0.70711,0.00000,0.70711,1197.6
quat8,0.00000,0.70711,0.00000,0.70711,1197.6
quat0,0.68206,-0.22749,0.67342,0.17189,1197.62
quat1,-0.49295,0.62067,0.27886,0.54222,1197.62
quat2,-0.71877,0.10756,0.00902,0.68681,1197.62
quat3,-0.35050,0.64355,0.36447,0.57459,1197.62
quat4,-0.24935,0.72970,0.62873,-0.10031,1197.62
quat5,0.00000,0.70711,0.00000,0.70711,1197.62
quat6,0.00000,0.70711,0.00000,0.70711,1197.62
quat7,0.00000,0.70711,0.00000,0.70711,1197.62
quat8,0.00000,0.70711,0.00000,0.70711,1197.62
quat0,0.68147,-0.22802,0.67343,0.17347,1197.64
quat1,-0.49188,0.63886,0.26916,0.52676,1197.64
quat2,-0.71154,0.13010,-0.01573,0.69031,1197.64
quat3,-0.34940,0.62678,0.37153,0.58909,1197.64
quat4,-0.23141,0.72632,0.64280,-0.07566,1197.64
quat5,0.00000,0.70711,0.00000,0.70711,1197.64
quat6,0.00000,0.70711,0.00000,0.70711,1197.64
quat7,0.00000,0.70711,0.00000,0.70711,1197.64
quat8,0.00000,0.70711,0.00000,0.70711,1197.64
quat0,0.68139,-0.22733,0.67378,0.17336,1197.66
quat1,-0.49019,0.65370,0.26013,0.51452,1197.66
quat2,-0.70208,0.14910,-0.04132,0.69508,1197.66
quat3,-0.34871,0.61239,0.38037,0.59892,1197.66
quat4,-0.21490,0.72097,0.65669,-0.05276,1197.66
quat5,0.00000,0.70711,0.00000,0.70711,1197.66
quat6,0.00000,0.70711,0.00000,0.70711,1197.66
quat7,0.00000,0.70711,0.00000,0.70711,1197.66
quat8,0.00000,0.70711,0.00000,0.70711,1197.66
quat0,0.68219,-0.22649,0.67360,0.17198,1197.68
quat1,-0.48774,0.66625,0.25393,0.50373,1197.68
quat2,-0.69012,0.16277,-0.06870,0.70180,1197.68
quat3,-0.34773,0.60178,0.39109,0.60332,1197.68
quat4,-0.20229,0.71407,0.66949,-0.03116,1197.68
quat5,0.00000,0.70711,0.00000,0.70711,1197.68
quat6,0.00000,0.70711,0.00000,0.70711,1197.68
quat7,0.00000,0.70711,0.00000,0.70711,1197.68
quat8,0.00000,0.70711,0.00000,0.70711,1197.68
quat0,0.68266,-0.22699,0.67316,0.17118,1197.7
quat1,-0.48633,0.67361,0.24762,0.49841,1197.7
quat2,-0.67765,0.17148,-0.09069,0.70933,1197.7
quat3,-0.34730,0.59469,0.40382,0.60221,1197.7
quat4,-0.19369,0.70584,0.68127,-0.01187,1197.7
quat5,0.00000,0.70711,0.00000,0.70711,1197.7
quat6,0.00000,0.70711,0.00000,0.70711,1197.7
quat7,0.00000,0.70711,0.00000,0.70711,1197.7
quat8,0.00000,0.70711,0.00000,0.70711,1197.7
quat0,0.68336,-0.22717,0.67269,0.16999,1197.72
quat1,-0.48516,0.67713,0.23873,0.49911,1197.72
quat2,-0.66698,0.17496,-0.10506,0.71658,1197.72
quat3,-0.34695,0.59130,0.41760,0.59632,1197.72
quat4,-0.18661,0.69705,0.69231,0.00048,1197.72
quat5,0.00000,0.70711,0.00000,0.70711,1197.72
quat6,0.00000,0.70711,0.00000,0.70711,1197.72
quat7,0.00000,0.70711,0.00000,0.70711,1197.72
quat8,0.00000,0.70711,0.00000,0.70711,1197.72
quat0,0.68356,-0.22813,0.67238,0.16916,1197.74
quat1,-0.48199,0.68090,0.23070,0.50083,1197.74
quat2,-0.65845,0.17316,-0.11246,0.72375,1197.74
quat3,-0.34661,0.59067,0.43091,0.58761,1197.74
quat4,-0.18225,0.68814,0.70229,0.00568,1197.74
quat5,0.00000,0.70711,0.00000,0.70711,1197.74
quat6,0.00000,0.70711,0.00000,0.70711,1197.74
quat7,0.00000,0.70711,0.00000,0.70711,1197.74
quat8,0.00000,0.70711,0.00000,0.70711,1197.74
quat0,0.68364,-0.22888,0.67209,0.16897,1197.76
quat1,-0.47716,0.68389,0.22566,0.50368,1197.76
quat2,-0.65196,0.16660,-0.11400,0.73089,1197.76
quat3,-0.34762,0.59181,0.44161,0.57784,1197.76
quat4,-0.18254,0.67901,0.71105,0.00518,1197.76
quat5,0.00000,0.70711,0.00000,0.70711,1197.76
quat6,0.00000,0.70711,0.00000,0.70711,1197.76
quat7,0.00000,0.70711,0.00000,0.70711,1197.76
quat8,0.00000,0.70711,0.00000,0.70711,1197.76
quat0,0.68378,-0.22942,0.67188,0.16851,1197.78
quat1,-0.47091,0.68443,0.22471,0.50922,1197.78
quat2,-0.64729,0.15741,-0.10975,0.73770,1197.78
quat3,-0.35040,0.59450,0.44959,0.56715,1197.78
quat4,-0.18759,0.66997,0.71829,-0.00116,1197.78
quat5,0.00000,0.70711,0.00000,0.70711,1197.78
quat6,0.00000,0.70711,0.00000,0.70711,1197.78
quat7,0.00000,0.70711,0.00000,0.70711,1197.78
quat8,0.00000,0.70711,0.00000,0.70711,1197.78
quat0,0.68381,-0.23111,0.67118,0.16884,1197.8
quat1,-0.46435,0.68276,0.22701,0.51642,1197.8
quat2,-0.64463,0.14677,-0.10046,0.74352,1197.8
quat3,-0.35554,0.59875,0.45454,0.55541,1197.8
quat4,-0.19754,0.66122,0.72363,-0.01154,1197.8
quat5,0.00000,0.70711,0.00000,0.70711,1197.8
quat6,0.00000,0.70711,0.00000,0.70711,1197.8
quat7,0.00000,0.70711,0.00000,0.70711,1197.8
quat8,0.00000,0.70711,0.00000,0.70711,1197.8
quat0,0.68352,-0.23263,0.67089,0.16911,1197.82
quat1,-0.45774,0.67800,0.23152,0.52648,1197.82
quat2,-0.64352,0.13501,-0.08672,0.74842,1197.82
quat3,-0.36247,0.60476,0.45642,0.54274,1197.82
quat4,-0.21169,0.65304,0.72669,-0.02553,1197.82
quat5,0.00000,0.70711,0.00000,0.70711,1197.82
quat6,0.00000,0.70711,0.00000,0.70711,1197.82
quat7,0.00000,0.70711,0.00000,0.70711,1197.82
quat8,0.00000,0.70711,0.00000,0.70711,1197.82
quat0,0.68290,-0.23368,0.67120,0.16889,1197.84
quat1,-0.44988,0.67131,0.23842,0.53861,1197.84
quat2,-0.64350,0.12226,-0.06827,0.75253,1197.84
quat3,-0.37058,0.61139,0.45548,0.53048,1197.84
quat4,-0.22940,0.64564,0.72715,-0.04217,1197.84
quat5,0.00000,0.70711,0.00000,0.70711,1197.84
quat6,0.00000,0.70711,0.00000,0.70711,1197.84
quat7,0.00000,0.70711,0.00000,0.70711,1197.84
quat8,0.00000,0.70711,0.00000,0.70711,1197.84
quat0,0.68268,-0.23473,0.67105,0.16895,1197.86
quat1,-0.44035,0.66559,0.24743,0.54942,1197.86
quat2,-0.64345,0.10674,-0.04707,0.75655,1197.86
quat3,-0.37936,0.61846,0.45037,0.52034,1197.86
quat4,-0.24993,0.63897,0.72485,-0.06198,1197.86
quat5,0.00000,0.70711,0.00000,0.70711,1197.86
quat6,0.00000,0.70711,0.00000,0.70711,1197.86
quat7,0.00000,0.70711,0.00000,0.70711,1197.86
quat8,0.00000,0.70711,0.00000,0.70711,1197.86
quat0,0.68307,-0.23560,0.67036,0.16887,1197.88
quat1,-0.43027,0.66086,0.25726,0.55853,1197.88
quat2,-0.64329,0.08941,-0.02306,0.76004,1197.88
quat3,-0.38837,0.62649,0.44195,0.51123,1197.88
quat4,-0.27469,0.63213,0.71981,-0.08268,1197.88
quat5,0.00000,0.70711,0.00000,0.70711,1197.88
quat6,0.00000,0.70711,0.00000,0.70711,1197.88
quat7,0.00000,0.70711,0.00000,0.70711,1197.88
quat8,0.00000,0.70711,0.00000,0.70711,1197.88
quat0,0.68331,-0.23633,0.66982,0.16901,1197.9
quat1,-0.42084,0.65516,0.26605,0.56822,1197.9
quat2,-0.64218,0.06895,0.00149,0.76344,1197.9
quat3,-0.39638,0.63485,0.43249,0.50279,1197.9
quat4,-0.30205,0.62524,0.71190,-0.10511,1197.9
quat5,0.00000,0.70711,0.00000,0.70711,1197.9
quat6,0.00000,0.70711,0.00000,0.70711,1197.9
quat7,0.00000,0.70711,0.00000,0.70711,1197.9
quat8,0.00000,0.70711,0.00000,0.70711,1197.9
quat0,0.68359,-0.23640,0.66966,0.16842,1197.92
quat1,-0.41375,0.64651,0.27399,0.57945,1197.92
quat2,-0.64038,0.04648,0.02656,0.76619,1197.92
quat3,-0.40186,0.64320,0.42450,0.49457,1197.92
quat4,-0.32937,0.61843,0.70194,-0.12786,1197.92
quat5,0.00000,0.70711,0.00000,0.70711,1197.92
quat6,0.00000,0.70711,0.00000,0.70711,1197.92
quat7,0.00000,0.70711,0.00000,0.70711,1197.92
quat8,0.00000,0.70711,0.00000,0.70711,1197.92
quat0,0.68442,-0.23617,0.66915,0.16741,1197.94
quat1,-0.40846,0.62873,0.28117,0.59901,1197.94
quat2,-0.63791,0.02100,0.04919,0.76825,1197.94
quat3,-0.40470,0.65349,0.41873,0.48356,1197.94
quat4,-0.35484,0.61176,0.69063,-0.15122,1197.94
quat5,0.00000,0.70711,0.00000,0.70711,1197.94
quat6,0.00000,0.70711,0.00000,0.70711,1197.94
quat7,0.00000,0.70711,0.00000,0.70711,1197.94
quat8,0.00000,0.70711,0.00000,0.70711,1197.94
quat0,0.68515,-0.23584,0.66883,0.16620,1197.96
quat1,-0.40576,0.60579,0.28415,0.62261,1197.96
quat2,-0.63487,-0.00619,0.06990,0.76942,1197.96
quat3,-0.40623,0.66587,0.41408,0.46918,1197.96
quat4,-0.37765,0.60587,0.67824,-0.17406,1197.96
quat5,0.00000,0.70711,0.00000,0.70711,1197.96
quat6,0.00000,0.70711,0.00000,0.70711,1197.96
quat7,0.00000,0.70711,0.00000,0.70711,1197.96
quat8,0.00000,0.70711,0.00000,0.70711,1197.96
quat0,0.68657,-0.23461,0.66836,0.16394,1197.98
quat1,-0.40334,0.58640,0.28604,0.64159,1197.98
quat2,-0.63137,-0.03291,0.08847,0.76972,1197.98
quat3,-0.40690,0.67880,0.40984,0.45353,1197.98
quat4,-0.39531,0.60080,0.66589,-0.19841,1197.98
quat5,0.00000,0.70711,0.00000,0.70711,1197.98
quat6,0.00000,0.70711,0.00000,0.70711,1197.98
quat7,0.00000,0.70711,0.00000,0.70711,1197.98
quat8,0.00000,0.70711,0.00000,0.70711,1197.98
quat0,0.68768,-0.23364,0.66773,0.16325,1198
quat1,-0.39638,0.57166,0.29319,0.65584,1198
quat2,-0.62770,-0.05584,0.10792,0.76891,1198
quat3,-0.40754,0.69085,0.40544,0.43847,1198
quat4,-0.40771,0.59580,0.65518,-0.22256,1198
quat5,0.00000,0.70711,0.00000,0.70711,1198
quat6,0.00000,0.70711,0.00000,0.70711,1198
quat7,0.00000,0.70711,0.00000,0.70711,1198
quat8,0.00000,0.70711,0.00000,0.70711,1198
quat0,0.68828,-0.23322,0.66735,0.16283,1198.02
quat1,-0.38952,0.55820,0.29992,0.66838,1198.02
quat2,-0.62402,-0.07460,0.12614,0.76755,1198.02
quat3,-0.40879,0.70170,0.40027,0.42461,1198.02
quat4,-0.41605,0.59084,0.64708,-0.24311,1198.02
quat5,0.00000,0.70711,0.00000,0.70711,1198.02
quat6,0.00000,0.70711,0.00000,0.70711,1198.02
quat7,0.00000,0.70711,0.00000,0.70711,1198.02
quat8,0.00000,0.70711,0.00000,0.70711,1198.02
quat0,0.68871,-0.23200,0.66765,0.16154,1198.04
quat1,-0.38480,0.54327,0.30436,0.68129,1198.04
quat2,-0.62088,-0.08814,0.14259,0.76578,1198.04
quat3,-0.40974,0.71258,0.39426,0.41099,1198.04
quat4,-0.42503,0.58768,0.63900,-0.25625,1198.04
quat5,0.00000,0.70711,0.00000,0.70711,1198.04
quat6,0.00000,0.70711,0.00000,0.70711,1198.04
quat7,0.00000,0.70711,0.00000,0.70711,1198.04
quat8,0.00000,0.70711,0.00000,0.70711,1198.04
quat0,0.69012,-0.23127,0.66686,0.15985,1198.06
quat1,-0.38192,0.52959,0.30691,0.69244,1198.06
quat2,-0.61774,-0.09577,0.15645,0.76469,1198.06
quat3,-0.40979,0.72221,0.38853,0.39941,1198.06
quat4,-0.43382,0.58623,0.63088,-0.26482,1198.06
quat5,0.00000,0.70711,0.00000,0.70711,1198.06
quat6,0.00000,0.70711,0.00000,0.70711,1198.06
quat7,0.00000,0.70711,0.00000,0.70711,1198.06
quat8,0.00000,0.70711,0.00000,0.70711,1198.06
quat0,0.69203,-0.23066,0.66531,0.15891,1198.08
quat1,-0.37907,0.52147,0.30896,0.69922,1198.08
quat2,-0.61486,-0.10146,0.16663,0.76412,1198.08
quat3,-0.41013,0.72878,0.38296,0.39246,1198.08
quat4,-0.44211,0.58299,0.62535,-0.27129,1198.08
quat5,0.00000,0.70711,0.00000,0.70711,1198.08
quat6,0.00000,0.70711,0.00000,0.70711,1198.08
quat7,0.00000,0.70711,0.00000,0.70711,1198.08
quat8,0.00000,0.70711,0.00000,0.70711,1198.08
quat0,0.69247,-0.22995,0.66525,0.15829,1198.1
quat1,-0.37794,0.51794,0.30984,0.70207,1198.1
quat2,-0.61310,-0.10509,0.17239,0.76377,1198.1
quat3,-0.40988,0.73238,0.37890,0.38993,1198.1
quat4,-0.44482,0.58343,0.62166,-0.27437,1198.1
quat5,0.00000,0.70711,0.00000,0.70711,1198.1
quat6,0.00000,0.70711,0.00000,0.70711,1198.1
quat7,0.00000,0.70711,0.00000,0.70711,1198.1
quat8,0.00000,0.70711,0.00000,0.70711,1198.1
quat0,0.69259,-0.23008,0.66497,0.15872,1198.12
quat1,-0.37879,0.51791,0.30886,0.70207,1198.12
quat2,-0.61222,-0.10785,0.17221,0.76413,1198.12
quat3,-0.40844,0.73336,0.37767,0.39080,1198.12
quat4,-0.44206,0.58494,0.62079,-0.27758,1198.12
quat5,0.00000,0.70711,0.00000,0.70711,1198.12
quat6,0.00000,0.70711,0.00000,0.70711,1198.12
quat7,0.00000,0.70711,0.00000,0.70711,1198.12
quat8,0.00000,0.70711,0.00000,0.70711,1198.12
quat0,0.69224,-0.23044,0.66510,0.15918,1198.14
quat1,-0.38053,0.52197,0.30673,0.69904,1198.14
quat2,-0.61284,-0.10554,0.16547,0.76544,1198.14
quat3,-0.40586,0.73105,0.38031,0.39524,1198.14
quat4,-0.43792,0.58719,0.62203,-0.27659,1198.14
quat5,0.00000,0.70711,0.00000,0.70711,1198.14
quat6,0.00000,0.70711,0.00000,0.70711,1198.14
quat7,0.00000,0.70711,0.00000,0.70711,1198.14
quat8,0.00000,0.70711,0.00000,0.70711,1198.14
quat0,0.69179,-0.23079,0.66526,0.16000,1198.16
quat1,-0.38230,0.52943,0.30337,0.69392,1198.16
quat2,-0.61432,-0.09891,0.15453,0.76743,1198.16
quat3,-0.40283,0.72727,0.38420,0.40150,1198.16
quat4,-0.42929,0.59071,0.62679,-0.27186,1198.16
quat5,0.00000,0.70711,0.00000,0.70711,1198.16
quat6,0.00000,0.70711,0.00000,0.70711,1198.16
quat7,0.00000,0.70711,0.00000,0.70711,1198.16
quat8,0.00000,0.70711,0.00000,0.70711,1198.16
quat0,0.69103,-0.23153,0.66550,0.16117,1198.18
quat1,-0.38386,0.54022,0.29939,0.68643,1198.18
quat2,-0.61651,-0.08808,0.13957,0.76985,1198.18
quat3,-0.39983,0.72174,0.38812,0.41059,1198.18
quat4,-0.41938,0.59601,0.63293,-0.26133,1198.18
quat5,0.00000,0.70711,0.00000,0.70711,1198.18
quat6,0.00000,0.70711,0.00000,0.70711,1198.18
quat7,0.00000,0.70711,0.00000,0.70711,1198.18
quat8,0.00000,0.70711,0.00000,0.70711,1198.18
quat0,0.68996,-0.23235,0.66597,0.16262,1198.2
quat1,-0.38526,0.55373,0.29507,0.67668,1198.2
quat2,-0.61892,-0.07581,0.11853,0.77275,1198.2
quat3,-0.39638,0.71475,0.39212,0.42220,1198.2
quat4,-0.40731,0.60353,0.63997,-0.24552,1198.2
quat5,0.00000,0.70711,0.00000,0.70711,1198.2
quat6,0.00000,0.70711,0.00000,0.70711,1198.2
quat7,0.00000,0.70711,0.00000,0.70711,1198.2
quat8,0.00000,0.70711,0.00000,0.70711,1198.2
quat0,0.68917,-0.23331,0.66604,0.16429,1198.22
quat1,-0.38762,0.56835,0.29049,0.66509,1198.22
quat2,-0.62119,-0.06200,0.09381,0.77555,1198.22
quat3,-0.39333,0.70627,0.39522,0.43621,1198.22
quat4,-0.39295,0.61192,0.64825,-0.22564,1198.22
quat5,0.00000,0.70711,0.00000,0.70711,1198.22
quat6,0.00000,0.70711,0.00000,0.70711,1198.22
quat7,0.00000,0.70711,0.00000,0.70711,1198.22
quat8,0.00000,0.70711,0.00000,0.70711,1198.22
quat0,0.68834,-0.23402,0.66642,0.16525,1198.24
quat1,-0.39081,0.58422,0.28583,0.65135,1198.24
quat2,-0.62275,-0.04319,0.07046,0.77805,1198.24
quat3,-0.38998,0.69615,0.39759,0.45301,1198.24
quat4,-0.37732,0.62111,0.65629,-0.20283,1198.24
quat5,0.00000,0.70711,0.00000,0.70711,1198.24
quat6,0.00000,0.70711,0.00000,0.70711,1198.24
quat7,0.00000,0.70711,0.00000,0.70711,1198.24
quat8,0.00000,0.70711,0.00000,0.70711,1198.24
quat0,0.68756,-0.23453,0.66670,0.16666,1198.26
quat1,-0.39476,0.60247,0.28156,0.63398,1198.26
quat2,-0.62421,-0.01663,0.05364,0.77924,1198.26
quat3,-0.38731,0.68396,0.39864,0.47253,1198.26
quat4,-0.36098,0.63254,0.66197,-0.17712,1198.26
quat5,0.00000,0.70711,0.00000,0.70711,1198.26
quat6,0.00000,0.70711,0.00000,0.70711,1198.26
quat7,0.00000,0.70711,0.00000,0.70711,1198.26
quat8,0.00000,0.70711,0.00000,0.70711,1198.26
quat0,0.68686,-0.23476,0.66695,0.16823,1198.28
quat1,-0.39891,0.62241,0.27699,0.61381,1198.28
quat2,-0.62657,0.01516,0.04273,0.77804,1198.28
quat3,-0.38488,0.67041,0.39843,0.49364,1198.28
quat4,-0.34015,0.64373,0.66824,-0.15285,1198.28
quat5,0.00000,0.70711,0.00000,0.70711,1198.28
quat6,0.00000,0.70711,0.00000,0.70711,1198.28
quat7,0.00000,0.70711,0.00000,0.70711,1198.28
quat8,0.00000,0.70711,0.00000,0.70711,1198.28
quat0,0.68573,-0.23496,0.66780,0.16918,1198.3
quat1,-0.40399,0.64126,0.27172,0.59308,1198.3
quat2,-0.63038,0.04910,0.03601,0.77390,1198.3
quat3,-0.38126,0.65645,0.39849,0.51471,1198.3
quat4,-0.31811,0.65516,0.67317,-0.12814,1198.3
quat5,0.00000,0.70711,0.00000,0.70711,1198.3
quat6,0.00000,0.70711,0.00000,0.70711,1198.3
quat7,0.00000,0.70711,0.00000,0.70711,1198.3
quat8,0.00000,0.70711,0.00000,0.70711,1198.3
quat0,0.68432,-0.23473,0.66909,0.17009,1198.32
quat1,-0.40962,0.65808,0.26584,0.57313,1198.32
quat2,-0.63520,0.07791,0.02756,0.76792,1198.32
quat3,-0.37608,0.64190,0.39830,0.53654,1198.32
quat4,-0.29651,0.66700,0.67558,-0.10387,1198.32
quat5,0.00000,0.70711,0.00000,0.70711,1198.32
quat6,0.00000,0.70711,0.00000,0.70711,1198.32
quat7,0.00000,0.70711,0.00000,0.70711,1198.32
quat8,0.00000,0.70711,0.00000,0.70711,1198.32
quat0,0.68292,-0.23419,0.67059,0.17053,1198.34
quat1,-0.41608,0.67274,0.25993,0.55384,1198.34
quat2,-0.64043,0.10011,0.01651,0.76128,1198.34
quat3,-0.36939,0.62660,0.39701,0.55974,1198.34
quat4,-0.27554,0.67872,0.67597,-0.08056,1198.34
quat5,0.00000,0.70711,0.00000,0.70711,1198.34
quat6,0.00000,0.70711,0.00000,0.70711,1198.34
quat7,0.00000,0.70711,0.00000,0.70711,1198.34
quat8,0.00000,0.70711,0.00000,0.70711,1198.34
quat0,0.68118,-0.23303,0.67261,0.17114,1198.36
quat1,-0.42464,0.68300,0.25378,0.53739,1198.36
quat2,-0.64543,0.11551,0.00201,0.75503,1198.36
quat3,-0.36124,0.61359,0.39476,0.58066,1198.36
quat4,-0.25064,0.69126,0.67496,-0.06143,1198.36
quat5,0.00000,0.70711,0.00000,0.70711,1198.36
quat6,0.00000,0.70711,0.00000,0.70711,1198.36
quat7,0.00000,0.70711,0.00000,0.70711,1198.36
quat8,0.00000,0.70711,0.00000,0.70711,1198.36
quat0,0.67936,-0.23188,0.67485,0.17109,1198.38
quat1,-0.43575,0.68759,0.24793,0.52524,1198.38
quat2,-0.64993,0.12553,-0.01639,0.74938,1198.38
quat3,-0.35273,0.60434,0.39199,0.59724,1198.38
quat4,-0.22262,0.70439,0.67244,-0.04588,1198.38
quat5,0.00000,0.70711,0.00000,0.70711,1198.38
quat6,0.00000,0.70711,0.00000,0.70711,1198.38
quat7,0.00000,0.70711,0.00000,0.70711,1198.38
quat8,0.00000,0.70711,0.00000,0.70711,1198.38
quat0,0.67824,-0.23060,0.67642,0.17109,1198.4
quat1,-0.44928,0.68661,0.24307,0.51734,1198.4
quat2,-0.65370,0.13066,-0.03750,0.74444,1198.4
quat3,-0.34359,0.59944,0.39030,0.60852,1198.4
quat4,-0.19410,0.71733,0.66831,-0.03353,1198.4
quat5,0.00000,0.70711,0.00000,0.70711,1198.4
quat6,0.00000,0.70711,0.00000,0.70711,1198.4
quat7,0.00000,0.70711,0.00000,0.70711,1198.4
quat8,0.00000,0.70711,0.00000,0.70711,1198.4
quat0,0.67818,-0.22912,0.67692,0.17135,1198.42
quat1,-0.46496,0.68055,0.23731,0.51415,1198.42
quat2,-0.65787,0.13458,-0.05576,0.73891,1198.42
quat3,-0.33464,0.59922,0.38986,0.61397,1198.42
quat4,-0.17162,0.72864,0.66269,-0.02180,1198.42
quat5,0.00000,0.70711,0.00000,0.70711,1198.42
quat6,0.00000,0.70711,0.00000,0.70711,1198.42
quat7,0.00000,0.70711,0.00000,0.70711,1198.42
quat8,0.00000,0.70711,0.00000,0.70711,1198.42
quat0,0.67836,-0.22758,0.67734,0.17105,1198.44
quat1,-0.48007,0.67138,0.23056,0.51539,1198.44
quat2,-0.66326,0.13726,-0.06945,0.73241,1198.44
quat3,-0.32637,0.60403,0.38901,0.61425,1198.44
quat4,-0.15789,0.73875,0.65512,-0.01194,1198.44
quat5,0.00000,0.70711,0.00000,0.70711,1198.44
quat6,0.00000,0.70711,0.00000,0.70711,1198.44
quat7,0.00000,0.70711,0.00000,0.70711,1198.44
quat8,0.00000,0.70711,0.00000,0.70711,1198.44
quat0,0.67919,-0.22696,0.67674,0.17090,1198.46
quat1,-0.49252,0.65997,0.22574,0.52049,1198.46
quat2,-0.67010,0.13677,-0.07691,0.72550,1198.46
quat3,-0.32031,0.61019,0.38598,0.61327,1198.46
quat4,-0.15241,0.74719,0.64687,-0.00593,1198.46
quat5,0.00000,0.70711,0.00000,0.70711,1198.46
quat6,0.00000,0.70711,0.00000,0.70711,1198.46
quat7,0.00000,0.70711,0.00000,0.70711,1198.46
quat8,0.00000,0.70711,0.00000,0.70711,1198.46
quat0,0.68071,-0.22664,0.67531,0.17095,1198.48
quat1,-0.50143,0.64951,0.22518,0.52536,1198.48
quat2,-0.67840,0.13221,-0.07736,0.71854,1198.48
quat3,-0.31677,0.61502,0.38024,0.61386,1198.48
quat4,-0.15424,0.75378,0.63874,-0.00598,1198.48
quat5,0.00000,0.70711,0.00000,0.70711,1198.48
quat6,0.00000,0.70711,0.00000,0.70711,1198.48
quat7,0.00000,0.70711,0.00000,0.70711,1198.48
quat8,0.00000,0.70711,0.00000,0.70711,1198.48
quat0,0.68148,-0.22622,0.67464,0.17112,1198.5
quat1,-0.50659,0.64195,0.22954,0.52781,1198.5
quat2,-0.68788,0.12331,-0.07130,0.71171,1198.5
quat3,-0.31577,0.61764,0.37177,0.61693,1198.5
quat4,-0.16171,0.75921,0.63030,-0.01321,1198.5
quat5,0.00000,0.70711,0.00000,0.70711,1198.5
quat6,0.00000,0.70711,0.00000,0.70711,1198.5
quat7,0.00000,0.70711,0.00000,0.70711,1198.5
quat8,0.00000,0.70711,0.00000,0.70711,1198.5
quat0,0.68247,-0.22624,0.67356,0.17136,1198.52
quat1,-0.50784,0.63675,0.23854,0.52891,1198.52
quat2,-0.69745,0.11096,-0.05900,0.70553,1198.52
quat3,-0.31692,0.61888,0.36243,0.62063,1198.52
quat4,-0.17322,0.76402,0.62090,-0.02751,1198.52
quat5,0.00000,0.70711,0.00000,0.70711,1198.52
quat6,0.00000,0.70711,0.00000,0.70711,1198.52
quat7,0.00000,0.70711,0.00000,0.70711,1198.52
quat8,0.00000,0.70711,0.00000,0.70711,1198.52
quat0,0.68331,-0.22639,0.67251,0.17197,1198.54
quat1,-0.50618,0.63230,0.25036,0.53038,1198.54
quat2,-0.70611,0.09501,-0.04266,0.70041,1198.54
quat3,-0.31831,0.62139,0.35550,0.62143,1198.54
quat4,-0.18734,0.76768,0.61101,-0.04734,1198.54
quat5,0.00000,0.70711,0.00000,0.70711,1198.54
quat6,0.00000,0.70711,0.00000,0.70711,1198.54
quat7,0.00000,0.70711,0.00000,0.70711,1198.54
quat8,0.00000,0.70711,0.00000,0.70711,1198.54
quat0,0.68419,-0.22683,0.67150,0.17183,1198.56
quat1,-0.50430,0.62602,0.26145,0.53425,1198.56
quat2,-0.71357,0.07600,-0.02302,0.69607,1198.56
quat3,-0.31813,0.62757,0.35238,0.61707,1198.56
quat4,-0.20473,0.77003,0.60031,-0.06907,1198.56
quat5,0.00000,0.70711,0.00000,0.70711,1198.56
quat6,0.00000,0.70711,0.00000,0.70711,1198.56
quat7,0.00000,0.70711,0.00000,0.70711,1198.56
quat8,0.00000,0.70711,0.00000,0.70711,1198.56
quat0,0.68532,-0.22833,0.66958,0.17279,1198.58
quat1,-0.50268,0.61770,0.27036,0.54099,1198.58
quat2,-0.71947,0.05368,-0.00222,0.69245,1198.58
quat3,-0.31783,0.63991,0.35070,0.60540,1198.58
quat4,-0.22278,0.77097,0.58916,-0.09414,1198.58
quat5,0.00000,0.70711,0.00000,0.70711,1198.58
quat6,0.00000,0.70711,0.00000,0.70711,1198.58
quat7,0.00000,0.70711,0.00000,0.70711,1198.58
quat8,0.00000,0.70711,0.00000,0.70711,1198.58
quat0,0.68574,-0.22912,0.66870,0.17352,1198.6
quat1,-0.50118,0.60652,0.27707,0.55153,1198.6
quat2,-0.72345,0.02985,0.02079,0.68942,1198.6
quat3,-0.31677,0.65596,0.35027,0.58880,1198.6
quat4,-0.23972,0.77007,0.57815,-0.12353,1198.6
quat5,0.00000,0.70711,0.00000,0.70711,1198.6
quat6,0.00000,0.70711,0.00000,0.70711,1198.6
quat7,0.00000,0.70711,0.00000,0.70711,1198.6
quat8,0.00000,0.70711,0.00000,0.70711,1198.6
quat0,0.68608,-0.22972,0.66817,0.17340,1198.62
quat1,-0.49834,0.59521,0.28349,0.56303,1198.62
quat2,-0.72507,0.00278,0.04444,0.68724,1198.62
quat3,-0.31684,0.67226,0.34928,0.57069,1198.62
quat4,-0.25469,0.76705,0.56801,-0.15532,1198.62
quat5,0.00000,0.70711,0.00000,0.70711,1198.62
quat6,0.00000,0.70711,0.00000,0.70711,1198.62
quat7,0.00000,0.70711,0.00000,0.70711,1198.62
quat8,0.00000,0.70711,0.00000,0.70711,1198.62
quat0,0.68649,-0.23016,0.66765,0.17319,1198.64
quat1,-0.49428,0.58576,0.29080,0.57272,1198.64
quat2,-0.72468,-0.02668,0.06838,0.68516,1198.64
quat3,-0.31985,0.68660,0.34620,0.55356,1198.64
quat4,-0.27044,0.76182,0.55855,-0.18578,1198.64
quat5,0.00000,0.70711,0.00000,0.70711,1198.64
quat6,0.00000,0.70711,0.00000,0.70711,1198.64
quat7,0.00000,0.70711,0.00000,0.70711,1198.64
quat8,0.00000,0.70711,0.00000,0.70711,1198.64
quat0,0.68710,-0.23029,0.66705,0.17291,1198.66
quat1,-0.49077,0.57693,0.29769,0.58111,1198.66
quat2,-0.72234,-0.05841,0.09101,0.68303,1198.66
quat3,-0.32453,0.69865,0.34121,0.53865,1198.66
quat4,-0.28741,0.75462,0.54977,-0.21376,1198.66
quat5,0.00000,0.70711,0.00000,0.70711,1198.66
quat6,0.00000,0.70711,0.00000,0.70711,1198.66
quat7,0.00000,0.70711,0.00000,0.70711,1198.66
quat8,0.00000,0.70711,0.00000,0.70711,1198.66
quat0,0.68746,-0.23043,0.66678,0.17234,1198.68
quat1,-0.48779,0.56570,0.30279,0.59192,1198.68
quat2,-0.71880,-0.08897,0.11335,0.68012,1198.68
quat3,-0.33110,0.70931,0.33407,0.52502,1198.68
quat4,-0.30581,0.74706,0.54052,-0.23712,1198.68
quat5,0.00000,0.70711,0.00000,0.70711,1198.68
quat6,0.00000,0.70711,0.00000,0.70711,1198.68
quat7,0.00000,0.70711,0.00000,0.70711,1198.68
quat8,0.00000,0.70711,0.00000,0.70711,1198.68
quat0,0.68756,-0.23024,0.66704,0.17122,1198.7
quat1,-0.48431,0.55309,0.30699,0.60440,1198.7
quat2,-0.71418,-0.11668,0.13497,0.67684,1198.7
quat3,-0.33685,0.72037,0.32691,0.51061,1198.7
quat4,-0.32303,0.73847,0.53219,-0.25901,1198.7
quat5,0.00000,0.70711,0.00000,0.70711,1198.7
quat6,0.00000,0.70711,0.00000,0.70711,1198.7
quat7,0.00000,0.70711,0.00000,0.70711,1198.7
quat8,0.00000,0.70711,0.00000,0.70711,1198.7
quat0,0.68781,-0.23040,0.66706,0.16991,1198.72
quat1,-0.47912,0.54117,0.31288,0.61618,1198.72
quat2,-0.70765,-0.13962,0.15698,0.67461,1198.72
quat3,-0.34086,0.73217,0.32082,0.49479,1198.72
quat4,-0.33955,0.72953,0.52489,-0.27743,1198.72
quat5,0.00000,0.70711,0.00000,0.70711,1198.72
quat6,0.00000,0.70711,0.00000,0.70711,1198.72
quat7,0.00000,0.70711,0.00000,0.70711,1198.72
quat8,0.00000,0.70711,0.00000,0.70711,1198.72
quat0,0.68790,-0.23028,0.66724,0.16898,1198.74
quat1,-0.47306,0.52811,0.31926,0.62879,1198.74
quat2,-0.70074,-0.15838,0.17561,0.67308,1198.74
quat3,-0.34409,0.74402,0.31580,0.47782,1198.74
quat4,-0.35525,0.72217,0.51794,-0.28985,1198.74
quat5,0.00000,0.70711,0.00000,0.70711,1198.74
quat6,0.00000,0.70711,0.00000,0.70711,1198.74
quat7,0.00000,0.70711,0.00000,0.70711,1198.74
quat8,0.00000,0.70711,0.00000,0.70711,1198.74
quat0,0.68741,-0.22967,0.66839,0.16724,1198.76
quat1,-0.46719,0.51425,0.32379,0.64222,1198.76
quat2,-0.69492,-0.17226,0.18911,0.67205,1198.76
quat3,-0.34507,0.75573,0.31400,0.45957,1198.76
quat4,-0.37032,0.71617,0.51135,-0.29746,1198.76
quat5,0.00000,0.70711,0.00000,0.70711,1198.76
quat6,0.00000,0.70711,0.00000,0.70711,1198.76
quat7,0.00000,0.70711,0.00000,0.70711,1198.76
quat8,0.00000,0.70711,0.00000,0.70711,1198.76
quat0,0.68769,-0.22904,0.66880,0.16531,1198.78
quat1,-0.46179,0.50199,0.32699,0.65409,1198.78
quat2,-0.69039,-0.18374,0.19621,0.67165,1198.78
quat3,-0.34398,0.76567,0.31513,0.44286,1198.78
quat4,-0.38139,0.71059,0.50648,-0.30508,1198.78
quat5,0.00000,0.70711,0.00000,0.70711,1198.78
quat6,0.00000,0.70711,0.00000,0.70711,1198.78
quat7,0.00000,0.70711,0.00000,0.70711,1198.78
quat8,0.00000,0.70711,0.00000,0.70711,1198.78
quat0,0.68765,-0.22846,0.66939,0.16388,1198.8
quat1,-0.45721,0.49394,0.33002,0.66187,1198.8
quat2,-0.68850,-0.19389,0.19554,0.67092,1198.8
quat3,-0.34431,0.77221,0.31603,0.43042,1198.8
quat4,-0.38787,0.70512,0.50445,-0.31287,1198.8
quat5,0.00000,0.70711,0.00000,0.70711,1198.8
quat6,0.00000,0.70711,0.00000,0.70711,1198.8
quat7,0.00000,0.70711,0.00000,0.70711,1198.8
quat8,0.00000,0.70711,0.00000,0.70711,1198.8
quat0,0.68729,-0.22830,0.67003,0.16302,1198.82
quat1,-0.45522,0.49017,0.33050,0.66579,1198.82
quat2,-0.68838,-0.19983,0.19075,0.67068,1198.82
quat3,-0.34501,0.77437,0.31796,0.42453,1198.82
quat4,-0.38996,0.70063,0.50478,-0.31977,1198.82
quat5,0.00000,0.70711,0.00000,0.70711,1198.82
quat6,0.00000,0.70711,0.00000,0.70711,1198.82
quat7,0.00000,0.70711,0.00000,0.70711,1198.82
quat8,0.00000,0.70711,0.00000,0.70711,1198.82
quat0,0.68633,-0.22848,0.67088,0.16333,1198.84
quat1,-0.45548,0.48964,0.32936,0.66657,1198.84
quat2,-0.68888,-0.19892,0.18623,0.67171,1198.84
quat3,-0.34514,0.77366,0.32001,0.42417,1198.84
quat4,-0.38860,0.69762,0.50718,-0.32417,1198.84
quat5,0.00000,0.70711,0.00000,0.70711,1198.84
quat6,0.00000,0.70711,0.00000,0.70711,1198.84
quat7,0.00000,0.70711,0.00000,0.70711,1198.84
quat8,0.00000,0.70711,0.00000,0.70711,1198.84
quat0,0.68525,-0.22929,0.67154,0.16401,1198.86
quat1,-0.45747,0.49264,0.32736,0.66397,1198.86
quat2,-0.69049,-0.19099,0.18045,0.67393,1198.86
quat3,-0.34533,0.77047,0.32194,0.42835,1198.86
quat4,-0.38377,0.69704,0.51148,-0.32442,1198.86
quat5,0.00000,0.70711,0.00000,0.70711,1198.86
quat6,0.00000,0.70711,0.00000,0.70711,1198.86
quat7,0.00000,0.70711,0.00000,0.70711,1198.86
quat8,0.00000,0.70711,0.00000,0.70711,1198.86
quat0,0.68479,-0.23019,0.67125,0.16581,1198.88
quat1,-0.46107,0.49830,0.32377,0.65900,1198.88
quat2,-0.69345,-0.17682,0.17152,0.67708,1198.88
quat3,-0.34487,0.76565,0.32448,0.43538,1198.88
quat4,-0.37523,0.69955,0.51756,-0.31932,1198.88
quat5,0.00000,0.70711,0.00000,0.70711,1198.88
quat6,0.00000,0.70711,0.00000,0.70711,1198.88
quat7,0.00000,0.70711,0.00000,0.70711,1198.88
quat8,0.00000,0.70711,0.00000,0.70711,1198.88
quat0,0.68472,-0.23141,0.67050,0.16744,1198.9
quat1,-0.46547,0.50693,0.31943,0.65140,1198.9
quat2,-0.69782,-0.15712,0.15858,0.68060,1198.9
quat3,-0.34365,0.75936,0.32789,0.44471,1198.9
quat4,-0.36361,0.70499,0.52474,-0.30891,1198.9
quat5,0.00000,0.70711,0.00000,0.70711,1198.9
quat6,0.00000,0.70711,0.00000,0.70711,1198.9
quat7,0.00000,0.70711,0.00000,0.70711,1198.9
quat8,0.00000,0.70711,0.00000,0.70711,1198.9
quat0,0.68461,-0.23207,0.67014,0.16840,1198.92
quat1,-0.46947,0.51863,0.31495,0.64142,1198.92
quat2,-0.70303,-0.13473,0.14012,0.68408,1198.92
quat3,-0.34150,0.75190,0.33199,0.45586,1198.92
quat4,-0.35084,0.71244,0.53235,-0.29316,1198.92
quat5,0.00000,0.70711,0.00000,0.70711,1198.92
quat6,0.00000,0.70711,0.00000,0.70711,1198.92
quat7,0.00000,0.70711,0.00000,0.70711,1198.92
quat8,0.00000,0.70711,0.00000,0.70711,1198.92
quat0,0.68446,-0.23362,0.66931,0.17019,1198.94
quat1,-0.47319,0.53278,0.31044,0.62918,1198.94
quat2,-0.70849,-0.10900,0.11821,0.68716,1198.94
quat3,-0.33915,0.74274,0.33627,0.46929,1198.94
quat4,-0.33730,0.72052,0.54106,-0.27264,1198.94
quat5,0.00000,0.70711,0.00000,0.70711,1198.94
quat6,0.00000,0.70711,0.00000,0.70711,1198.94
quat7,0.00000,0.70711,0.00000,0.70711,1198.94
quat8,0.00000,0.70711,0.00000,0.70711,1198.94
quat0,0.68452,-0.23424,0.66866,0.17160,1198.96
quat1,-0.47579,0.54925,0.30607,0.61503,1198.96
quat2,-0.71300,-0.08084,0.09389,0.69013,1198.96
quat3,-0.33690,0.73030,0.34091,0.48676,1198.96
quat4,-0.32399,0.72874,0.55024,-0.24739,1198.96
quat5,0.00000,0.70711,0.00000,0.70711,1198.96
quat6,0.00000,0.70711,0.00000,0.70711,1198.96
quat7,0.00000,0.70711,0.00000,0.70711,1198.96
quat8,0.00000,0.70711,0.00000,0.70711,1198.96
quat0,0.68458,-0.23489,0.66824,0.17213,1198.98
quat1,-0.47757,0.56767,0.30186,0.59880,1198.98
quat2,-0.71604,-0.04968,0.07083,0.69268,1198.98
quat3,-0.33446,0.71457,0.34610,0.50768,1198.98
quat4,-0.31116,0.73547,0.56081,-0.21852,1198.98
quat5,0.00000,0.70711,0.00000,0.70711,1198.98
quat6,0.00000,0.70711,0.00000,0.70711,1198.98
quat7,0.00000,0.70711,0.00000,0.70711,1198.98
quat8,0.00000,0.70711,0.00000,0.70711,1198.98
quat0,0.68434,-0.23565,0.66793,0.17329,1199
quat1,-0.47939,0.58652,0.29671,0.58150,1199
quat2,-0.71725,-0.01858,0.04863,0.69487,1199
quat3,-0.33141,0.69665,0.35144,0.53041,1199
quat4,-0.29701,0.73956,0.57340,-0.18987,1199
quat5,0.00000,0.70711,0.00000,0.70711,1199
quat6,0.00000,0.70711,0.00000,0.70711,1199
quat7,0.00000,0.70711,0.00000,0.70711,1199
quat8,0.00000,0.70711,0.00000,0.70711,1199
quat0,0.68427,-0.23621,0.66768,0.17373,1199.02
quat1,-0.48102,0.60516,0.29113,0.56360,1199.02
quat2,-0.71645,0.01317,0.02837,0.69694,1199.02
quat3,-0.32854,0.67721,0.35655,0.55346,1199.02
quat4,-0.28246,0.74160,0.58659,-0.16174,1199.02
quat5,0.00000,0.70711,0.00000,0.70711,1199.02
quat6,0.00000,0.70711,0.00000,0.70711,1199.02
quat7,0.00000,0.70711,0.00000,0.70711,1199.02
quat8,0.00000,0.70711,0.00000,0.70711,1199.02
quat0,0.68437,-0.23604,0.66751,0.17418,1199.04
quat1,-0.48190,0.62445,0.28382,0.54523,1199.04
quat2,-0.71350,0.04235,0.00816,0.69933,1199.04
quat3,-0.32607,0.65726,0.36176,0.57517,1199.04
quat4,-0.26621,0.74168,0.60035,-0.13644,1199.04
quat5,0.00000,0.70711,0.00000,0.70711,1199.04
quat6,0.00000,0.70711,0.00000,0.70711,1199.04
quat7,0.00000,0.70711,0.00000,0.70711,1199.04
quat8,0.00000,0.70711,0.00000,0.70711,1199.04
quat0,0.68484,-0.23574,0.66696,0.17487,1199.06
quat1,-0.48204,0.64305,0.27496,0.52776,1199.06
quat2,-0.70841,0.06811,-0.01302,0.70239,1199.06
quat3,-0.32462,0.63828,0.36670,0.59393,1199.06
quat4,-0.25035,0.73927,0.61485,-0.11295,1199.06
quat5,0.00000,0.70711,0.00000,0.70711,1199.06
quat6,0.00000,0.70711,0.00000,0.70711,1199.06
quat7,0.00000,0.70711,0.00000,0.70711,1199.06
quat8,0.00000,0.70711,0.00000,0.70711,1199.06
quat0,0.68524,-0.23565,0.66649,0.17523,1199.08
quat1,-0.48211,0.65709,0.26603,0.51481,1199.08
quat2,-0.70094,0.08869,-0.03796,0.70666,1199.08
quat3,-0.32259,0.62129,0.37348,0.60865,1199.08
quat4,-0.23496,0.73576,0.62828,-0.09331,1199.08
quat5,0.00000,0.70711,0.00000,0.70711,1199.08
quat6,0.00000,0.70711,0.00000,0.70711,1199.08
quat7,0.00000,0.70711,0.00000,0.70711,1199.08
quat8,0.00000,0.70711,0.00000,0.70711,1199.08
quat0,0.68521,-0.23577,0.66661,0.17472,1199.1
quat1,-0.48288,0.66655,0.25832,0.50578,1199.1
quat2,-0.69151,0.10547,-0.06467,0.71169,1199.1
quat3,-0.32048,0.60710,0.38143,0.61906,1199.1
quat4,-0.22098,0.73166,0.64039,-0.07576,1199.1
quat5,0.00000,0.70711,0.00000,0.70711,1199.1
quat6,0.00000,0.70711,0.00000,0.70711,1199.1
quat7,0.00000,0.70711,0.00000,0.70711,1199.1
quat8,0.00000,0.70711,0.00000,0.70711,1199.1
quat0,0.68512,-0.23631,0.66668,0.17409,1199.12
quat1,-0.48464,0.67250,0.25049,0.50013,1199.12
quat2,-0.68032,0.12036,-0.09065,0.71726,1199.12
quat3,-0.31925,0.59704,0.39053,0.62378,1199.12
quat4,-0.20855,0.72694,0.65148,-0.06031,1199.12
quat5,0.00000,0.70711,0.00000,0.70711,1199.12
quat6,0.00000,0.70711,0.00000,0.70711,1199.12
quat7,0.00000,0.70711,0.00000,0.70711,1199.12
quat8,0.00000,0.70711,0.00000,0.70711,1199.12
quat0,0.68469,-0.23712,0.66713,0.17296,1199.14
quat1,-0.48759,0.67392,0.24100,0.50000,1199.14
quat2,-0.66963,0.13503,-0.11022,0.72195,1199.14
quat3,-0.31874,0.59166,0.40109,0.62247,1199.14
quat4,-0.19921,0.72145,0.66147,-0.04783,1199.14
quat5,0.00000,0.70711,0.00000,0.70711,1199.14
quat6,0.00000,0.70711,0.00000,0.70711,1199.14
quat7,0.00000,0.70711,0.00000,0.70711,1199.14
quat8,0.00000,0.70711,0.00000,0.70711,1199.14
quat0,0.68460,-0.23791,0.66722,0.17188,1199.16
quat1,-0.48913,0.67314,0.23177,0.50390,1199.16
quat2,-0.66084,0.14679,-0.12186,0.72587,1199.16
quat3,-0.31889,0.59042,0.41236,0.61618,1199.16
quat4,-0.19272,0.71523,0.67064,-0.03926,1199.16
quat5,0.00000,0.70711,0.00000,0.70711,1199.16
quat6,0.00000,0.70711,0.00000,0.70711,1199.16
quat7,0.00000,0.70711,0.00000,0.70711,1199.16
quat8,0.00000,0.70711,0.00000,0.70711,1199.16
quat0,0.68455,-0.23891,0.66682,0.17227,1199.18
quat1,-0.48677,0.67323,0.22644,0.50847,1199.18
quat2,-0.65476,0.15348,-0.12497,0.72947,1199.18
quat3,-0.32025,0.59371,0.42336,0.60474,1199.18
quat4,-0.18902,0.70808,0.67946,-0.03524,1199.18
quat5,0.00000,0.70711,0.00000,0.70711,1199.18
quat6,0.00000,0.70711,0.00000,0.70711,1199.18
quat7,0.00000,0.70711,0.00000,0.70711,1199.18
quat8,0.00000,0.70711,0.00000,0.70711,1199.18
quat0,0.68424,-0.23941,0.66691,0.17240,1199.2
quat1,-0.47899,0.67645,0.22812,0.51083,1199.2
quat2,-0.65084,0.15455,-0.12072,0.73345,1199.2
quat3,-0.32402,0.59871,0.43235,0.59129,1199.2
quat4,-0.19028,0.70014,0.68728,-0.03517,1199.2
quat5,0.00000,0.70711,0.00000,0.70711,1199.2
quat6,0.00000,0.70711,0.00000,0.70711,1199.2
quat7,0.00000,0.70711,0.00000,0.70711,1199.2
quat8,0.00000,0.70711,0.00000,0.70711,1199.2
quat0,0.68393,-0.24070,0.66659,0.17310,1199.22
quat1,-0.46828,0.68145,0.23504,0.51097,1199.22
quat2,-0.64838,0.14883,-0.11220,0.73815,1199.22
quat3,-0.33124,0.60372,0.43802,0.57787,1199.22
quat4,-0.19788,0.69153,0.69369,-0.03778,1199.22
quat5,0.00000,0.70711,0.00000,0.70711,1199.22
quat6,0.00000,0.70711,0.00000,0.70711,1199.22
quat7,0.00000,0.70711,0.00000,0.70711,1199.22
quat8,0.00000,0.70711,0.00000,0.70711,1199.22
quat0,0.68304,-0.24183,0.66691,0.17379,1199.24
quat1,-0.45698,0.68475,0.24357,0.51279,1199.24
quat2,-0.64650,0.13734,-0.10087,0.74364,1199.24
quat3,-0.34169,0.60938,0.43994,0.56423,1199.24
quat4,-0.21147,0.68217,0.69864,-0.04278,1199.24
quat5,0.00000,0.70711,0.00000,0.70711,1199.24
quat6,0.00000,0.70711,0.00000,0.70711,1199.24
quat7,0.00000,0.70711,0.00000,0.70711,1199.24
quat8,0.00000,0.70711,0.00000,0.70711,1199.24
quat0,0.68172,-0.24271,0.66779,0.17434,1199.26
quat1,-0.44666,0.68420,0.25125,0.51888,1199.26
quat2,-0.64539,0.12220,-0.08622,0.74907,1199.26
quat3,-0.35456,0.61508,0.43797,0.55150,1199.26
quat4,-0.22824,0.67300,0.70157,-0.05281,1199.26
quat5,0.00000,0.70711,0.00000,0.70711,1199.26
quat6,0.00000,0.70711,0.00000,0.70711,1199.26
quat7,0.00000,0.70711,0.00000,0.70711,1199.26
quat8,0.00000,0.70711,0.00000,0.70711,1199.26
quat0,0.68079,-0.24374,0.66816,0.17517,1199.28
quat1,-0.43758,0.68017,0.25670,0.52915,1199.28
quat2,-0.64474,0.10579,-0.06820,0.75397,1199.28
quat3,-0.36811,0.62072,0.43308,0.54005,1199.28
quat4,-0.24654,0.66420,0.70250,-0.06744,1199.28
quat5,0.00000,0.70711,0.00000,0.70711,1199.28
quat6,0.00000,0.70711,0.00000,0.70711,1199.28
quat7,0.00000,0.70711,0.00000,0.70711,1199.28
quat8,0.00000,0.70711,0.00000,0.70711,1199.28
quat0,0.68016,-0.24493,0.66802,0.17649,1199.3
quat1,-0.42988,0.67307,0.26099,0.54228,1199.3
quat2,-0.64373,0.08655,-0.04878,0.75877,1199.3
quat3,-0.37996,0.62691,0.42777,0.52880,1199.3
quat4,-0.26544,0.65540,0.70189,-0.08571,1199.3
quat5,0.00000,0.70711,0.00000,0.70711,1199.3
quat6,0.00000,0.70711,0.00000,0.70711,1199.3
quat7,0.00000,0.70711,0.00000,0.70711,1199.3
quat8,0.00000,0.70711,0.00000,0.70711,1199.3
quat0,0.67899,-0.24544,0.66912,0.17611,1199.32
quat1,-0.42317,0.66354,0.26561,0.55686,1199.32
quat2,-0.64234,0.06521,-0.02758,0.76315,1199.32
quat3,-0.39012,0.63470,0.42209,0.51653,1199.32
quat4,-0.28651,0.64653,0.69911,-0.10556,1199.32
quat5,0.00000,0.70711,0.00000,0.70711,1199.32
quat6,0.00000,0.70711,0.00000,0.70711,1199.32
quat7,0.00000,0.70711,0.00000,0.70711,1199.32
quat8,0.00000,0.70711,0.00000,0.70711,1199.32
quat0,0.67745,-0.24562,0.67081,0.17537,1199.34
quat1,-0.41751,0.65212,0.26977,0.57241,1199.34
quat2,-0.64039,0.03985,-0.00748,0.76698,1199.34
quat3,-0.39794,0.64414,0.41723,0.50263,1199.34
quat4,-0.30704,0.63812,0.69421,-0.12888,1199.34
quat5,0.00000,0.70711,0.00000,0.70711,1199.34
quat6,0.00000,0.70711,0.00000,0.70711,1199.34
quat7,0.00000,0.70711,0.00000,0.70711,1199.34
quat8,0.00000,0.70711,0.00000,0.70711,1199.34
quat0,0.67595,-0.24607,0.67229,0.17484,1199.36
quat1,-0.41205,0.63954,0.27442,0.58813,1199.36
quat2,-0.63822,0.01100,0.01065,0.76970,1199.36
quat3,-0.40332,0.65560,0.41373,0.48615,1199.36
quat4,-0.32709,0.62962,0.68777,-0.15350,1199.36
quat5,0.00000,0.70711,0.00000,0.70711,1199.36
quat6,0.00000,0.70711,0.00000,0.70711,1199.36
quat7,0.00000,0.70711,0.00000,0.70711,1199.36
quat8,0.00000,0.70711,0.00000,0.70711,1199.36
quat0,0.67647,-0.24537,0.67225,0.17392,1199.38
quat1,-0.40755,0.62488,0.27927,0.60452,1199.38
quat2,-0.63594,-0.02111,0.02590,0.77102,1199.38
quat3,-0.40685,0.66841,0.41096,0.46777,1199.38
quat4,-0.34238,0.62139,0.68111,-0.18095,1199.38
quat5,0.00000,0.70711,0.00000,0.70711,1199.38
quat6,0.00000,0.70711,0.00000,0.70711,1199.38
quat7,0.00000,0.70711,0.00000,0.70711,1199.38
quat8,0.00000,0.70711,0.00000,0.70711,1199.38
quat0,0.67703,-0.24524,0.67194,0.17315,1199.4
quat1,-0.40335,0.60974,0.28433,0.62022,1199.4
quat2,-0.63363,-0.05308,0.04127,0.77071,1199.4
quat3,-0.40912,0.68062,0.40875,0.44978,1199.4
quat4,-0.35250,0.61272,0.67535,-0.21028,1199.4
quat5,0.00000,0.70711,0.00000,0.70711,1199.4
quat6,0.00000,0.70711,0.00000,0.70711,1199.4
quat7,0.00000,0.70711,0.00000,0.70711,1199.4
quat8,0.00000,0.70711,0.00000,0.70711,1199.4
quat0,0.67768,-0.24371,0.67239,0.17101,1199.42
quat1,-0.39905,0.59590,0.28872,0.63428,1199.42
quat2,-0.63125,-0.08175,0.05732,0.76912,1199.42
quat3,-0.41190,0.69152,0.40533,0.43342,1199.42
quat4,-0.35798,0.60410,0.67032,-0.23998,1199.42
quat5,0.00000,0.70711,0.00000,0.70711,1199.42
quat6,0.00000,0.70711,0.00000,0.70711,1199.42
quat7,0.00000,0.70711,0.00000,0.70711,1199.42
quat8,0.00000,0.70711,0.00000,0.70711,1199.42
quat0,0.67747,-0.24220,0.67351,0.16960,1199.44
quat1,-0.39512,0.58196,0.29236,0.64786,1199.44
quat2,-0.62885,-0.10223,0.07657,0.76696,1199.44
quat3,-0.41463,0.70178,0.40156,0.41753,1199.44
quat4,-0.36173,0.59573,0.66583,-0.26632,1199.44
quat5,0.00000,0.70711,0.00000,0.70711,1199.44
quat6,0.00000,0.70711,0.00000,0.70711,1199.44
quat7,0.00000,0.70711,0.00000,0.70711,1199.44
quat8,0.00000,0.70711,0.00000,0.70711,1199.44
quat0,0.67773,-0.24054,0.67409,0.16861,1199.46
quat1,-0.39104,0.56672,0.29604,0.66202,1199.46
quat2,-0.62624,-0.11606,0.09618,0.76492,1199.46
quat3,-0.41563,0.71215,0.39785,0.40225,1199.46
quat4,-0.36497,0.58830,0.66138,-0.28856,1199.46
quat5,0.00000,0.70711,0.00000,0.70711,1199.46
quat6,0.00000,0.70711,0.00000,0.70711,1199.46
quat7,0.00000,0.70711,0.00000,0.70711,1199.46
quat8,0.00000,0.70711,0.00000,0.70711,1199.46
quat0,0.67807,-0.23954,0.67444,0.16727,1199.48
quat1,-0.38789,0.55360,0.29895,0.67356,1199.48
quat2,-0.62360,-0.12455,0.11403,0.76328,1199.48
quat3,-0.41627,0.72106,0.39335,0.38996,1199.48
quat4,-0.36834,0.58213,0.65705,-0.30617,1199.48
quat5,0.00000,0.70711,0.00000,0.70711,1199.48
quat6,0.00000,0.70711,0.00000,0.70711,1199.48
quat7,0.00000,0.70711,0.00000,0.70711,1199.48
quat8,0.00000,0.70711,0.00000,0.70711,1199.48
quat0,0.67881,-0.23783,0.67477,0.16536,1199.5
quat1,-0.38496,0.54441,0.30176,0.68145,1199.5
quat2,-0.62079,-0.12652,0.13038,0.76263,1199.5
quat3,-0.41772,0.72747,0.38822,0.38155,1199.5
quat4,-0.37375,0.57439,0.65394,-0.32057,1199.5
quat5,0.00000,0.70711,0.00000,0.70711,1199.5
quat6,0.00000,0.70711,0.00000,0.70711,1199.5
quat7,0.00000,0.70711,0.00000,0.70711,1199.5
quat8,0.00000,0.70711,0.00000,0.70711,1199.5
quat0,0.67914,-0.23667,0.67505,0.16448,1199.52
quat1,-0.38332,0.53801,0.30368,0.68657,1199.52
quat2,-0.61748,-0.12642,0.14150,0.76336,1199.52
quat3,-0.41792,0.73144,0.38413,0.37787,1199.52
quat4,-0.37997,0.57434,0.64760,-0.32615,1199.52
quat5,0.00000,0.70711,0.00000,0.70711,1199.52
quat6,0.00000,0.70711,0.00000,0.70711,1199.52
quat7,0.00000,0.70711,0.00000,0.70711,1199.52
quat8,0.00000,0.70711,0.00000,0.70711,1199.52
quat0,0.67932,-0.23650,0.67487,0.16478,1199.54
quat1,-0.38367,0.53416,0.30368,0.68938,1199.54
quat2,-0.61674,-0.12270,0.14460,0.76398,1199.54
quat3,-0.41681,0.73401,0.38251,0.37575,1199.54
quat4,-0.38369,0.57387,0.64328,-0.33113,1199.54
quat5,0.00000,0.70711,0.00000,0.70711,1199.54
quat6,0.00000,0.70711,0.00000,0.70711,1199.54
quat7,0.00000,0.70711,0.00000,0.70711,1199.54
quat8,0.00000,0.70711,0.00000,0.70711,1199.54
quat0,0.67967,-0.23625,0.67477,0.16411,1199.56
quat1,-0.38455,0.53484,0.30338,0.68850,1199.56
quat2,-0.61635,-0.11760,0.14295,0.76541,1199.56
quat3,-0.41447,0.73445,0.38354,0.37643,1199.56
quat4,-0.38307,0.57476,0.64189,-0.33300,1199.56
quat5,0.00000,0.70711,0.00000,0.70711,1199.56
quat6,0.00000,0.70711,0.00000,0.70711,1199.56
quat7,0.00000,0.70711,0.00000,0.70711,1199.56
quat8,0.00000,0.70711,0.00000,0.70711,1199.56
quat0,0.67942,-0.23694,0.67460,0.16480,1199.58
quat1,-0.38568,0.53957,0.30286,0.68439,1199.58
quat2,-0.61675,-0.10789,0.13636,0.76771,1199.58
quat3,-0.41193,0.73268,0.38642,0.37971,1199.58
quat4,-0.37940,0.57726,0.64270,-0.33130,1199.58
quat5,0.00000,0.70711,0.00000,0.70711,1199.58
quat6,0.00000,0.70711,0.00000,0.70711,1199.58
quat7,0.00000,0.70711,0.00000,0.70711,1199.58
quat8,0.00000,0.70711,0.00000,0.70711,1199.58
quat0,0.67877,-0.23763,0.67485,0.16545,1199.6
quat1,-0.38756,0.54720,0.30109,0.67802,1199.6
quat2,-0.61763,-0.09475,0.12410,0.77082,1199.6
quat3,-0.40852,0.72904,0.39093,0.38573,1199.6
quat4,-0.37129,0.58146,0.64630,-0.32610,1199.6
quat5,0.00000,0.70711,0.00000,0.70711,1199.6
quat6,0.00000,0.70711,0.00000,0.70711,1199.6
quat7,0.00000,0.70711,0.00000,0.70711,1199.6
quat8,0.00000,0.70711,0.00000,0.70711,1199.6
quat0,0.67796,-0.23837,0.67525,0.16610,1199.62
quat1,-0.38975,0.55731,0.29815,0.66978,1199.62
quat2,-0.61843,-0.07744,0.10766,0.77457,1199.62
quat3,-0.40487,0.72391,0.39573,0.39423,1199.62
quat4,-0.36039,0.58670,0.65229,-0.31689,1199.62
quat5,0.00000,0.70711,0.00000,0.70711,1199.62
quat6,0.00000,0.70711,0.00000,0.70711,1199.62
quat7,0.00000,0.70711,0.00000,0.70711,1199.62
quat8,0.00000,0.70711,0.00000,0.70711,1199.62
quat0,0.67703,-0.23943,0.67560,0.16695,1199.64
quat1,-0.39163,0.57032,0.29458,0.65923,1199.64
quat2,-0.61902,-0.05865,0.08649,0.77839,1199.64
quat3,-0.40089,0.71739,0.40043,0.40533,1199.64
quat4,-0.34617,0.59370,0.65976,-0.30398,1199.64
quat5,0.00000,0.70711,0.00000,0.70711,1199.64
quat6,0.00000,0.70711,0.00000,0.70711,1199.64
quat7,0.00000,0.70711,0.00000,0.70711,1199.64
quat8,0.00000,0.70711,0.00000,0.70711,1199.64
quat0,0.67645,-0.24028,0.67557,0.16819,1199.66
quat1,-0.39316,0.58637,0.29092,0.64572,1199.66
quat2,-0.61893,-0.03879,0.06288,0.78196,1199.66
quat3,-0.39730,0.70901,0.40428,0.41955,1199.66
quat4,-0.33093,0.60212,0.66780,-0.28631,1199.66
quat5,0.00000,0.70711,0.00000,0.70711,1199.66
quat6,0.00000,0.70711,0.00000,0.70711,1199.66
quat7,0.00000,0.70711,0.00000,0.70711,1199.66
quat8,0.00000,0.70711,0.00000,0.70711,1199.66
quat0,0.67625,-0.24114,0.67516,0.16941,1199.68
quat1,-0.39518,0.60417,0.28682,0.62973,1199.68
quat2,-0.61836,-0.01676,0.03945,0.78472,1199.68
quat3,-0.39333,0.69904,0.40756,0.43650,1199.68
quat4,-0.31525,0.61339,0.67372,-0.26547,1199.68
quat5,0.00000,0.70711,0.00000,0.70711,1199.68
quat6,0.00000,0.70711,0.00000,0.70711,1199.68
quat7,0.00000,0.70711,0.00000,0.70711,1199.68
quat8,0.00000,0.70711,0.00000,0.70711,1199.68
quat0,0.67604,-0.24175,0.67493,0.17031,1199.7
quat1,-0.39806,0.62367,0.28240,0.61060,1199.7
quat2,-0.61811,0.01025,0.02027,0.78576,1199.7
quat3,-0.38934,0.68772,0.40988,0.45547,1199.7
quat4,-0.29846,0.62471,0.67973,-0.24213,1199.7
quat5,0.00000,0.70711,0.00000,0.70711,1199.7
quat6,0.00000,0.70711,0.00000,0.70711,1199.7
quat7,0.00000,0.70711,0.00000,0.70711,1199.7
quat8,0.00000,0.70711,0.00000,0.70711,1199.7
quat0,0.67621,-0.24201,0.67449,0.17101,1199.72
quat1,-0.40262,0.64345,0.27631,0.58951,1199.72
quat2,-0.61853,0.04130,0.00620,0.78465,1199.72
quat3,-0.38456,0.67496,0.41176,0.47644,1199.72
quat4,-0.27995,0.63581,0.68533,-0.21839,1199.72
quat5,0.00000,0.70711,0.00000,0.70711,1199.72
quat6,0.00000,0.70711,0.00000,0.70711,1199.72
quat7,0.00000,0.70711,0.00000,0.70711,1199.72
quat8,0.00000,0.70711,0.00000,0.70711,1199.72
quat0,0.67634,-0.24185,0.67433,0.17133,1199.74
quat1,-0.40866,0.66293,0.26839,0.56699,1199.74
quat2,-0.62048,0.07615,-0.00146,0.78051,1199.74
quat3,-0.37950,0.66100,0.41291,0.49856,1199.74
quat4,-0.26161,0.64747,0.68939,-0.19257,1199.74
quat5,0.00000,0.70711,0.00000,0.70711,1199.74
quat6,0.00000,0.70711,0.00000,0.70711,1199.74
quat7,0.00000,0.70711,0.00000,0.70711,1199.74
quat8,0.00000,0.70711,0.00000,0.70711,1199.74
quat0,0.67597,-0.24202,0.67453,0.17176,1199.76
quat1,-0.41538,0.68085,0.25933,0.54465,1199.76
quat2,-0.62368,0.11027,-0.00733,0.77383,1199.76
quat3,-0.37374,0.64573,0.41309,0.52222,1199.76
quat4,-0.24486,0.65957,0.69106,-0.16565,1199.76
quat5,0.00000,0.70711,0.00000,0.70711,1199.76
quat6,0.00000,0.70711,0.00000,0.70711,1199.76
quat7,0.00000,0.70711,0.00000,0.70711,1199.76
quat8,0.00000,0.70711,0.00000,0.70711,1199.76
quat0,0.67536,-0.24188,0.67517,0.17181,1199.78
quat1,-0.42270,0.69674,0.25044,0.52266,1199.78
quat2,-0.62786,0.14163,-0.01387,0.76521,1199.78
quat3,-0.36649,0.62982,0.41253,0.54665,1199.78
quat4,-0.22998,0.67152,0.69092,-0.13710,1199.78
quat5,0.00000,0.70711,0.00000,0.70711,1199.78
quat6,0.00000,0.70711,0.00000,0.70711,1199.78
quat7,0.00000,0.70711,0.00000,0.70711,1199.78
quat8,0.00000,0.70711,0.00000,0.70711,1199.78
quat0,0.67459,-0.24144,0.67618,0.17150,1199.8
quat1,-0.43129,0.70814,0.24217,0.50386,1199.8
quat2,-0.63233,0.16721,-0.02408,0.75606,1199.8
quat3,-0.35733,0.61533,0.41124,0.56971,1199.8
quat4,-0.21429,0.68290,0.68957,-0.11054,1199.8
quat5,0.00000,0.70711,0.00000,0.70711,1199.8
quat6,0.00000,0.70711,0.00000,0.70711,1199.8
quat7,0.00000,0.70711,0.00000,0.70711,1199.8
quat8,0.00000,0.70711,0.00000,0.70711,1199.8
quat0,0.67392,-0.24096,0.67689,0.17200,1199.82
quat1,-0.44165,0.71450,0.23368,0.48972,1199.82
quat2,-0.63674,0.18769,-0.03784,0.74693,1199.82
quat3,-0.34750,0.60277,0.40948,0.59011,1199.82
quat4,-0.19665,0.69432,0.68681,-0.08685,1199.82
quat5,0.00000,0.70711,0.00000,0.70711,1199.82
quat6,0.00000,0.70711,0.00000,0.70711,1199.82
quat7,0.00000,0.70711,0.00000,0.70711,1199.82
quat8,0.00000,0.70711,0.00000,0.70711,1199.82
quat0,0.67294,-0.24030,0.67826,0.17139,1199.84
quat1,-0.45424,0.71665,0.22368,0.47964,1199.84
quat2,-0.64086,0.20285,-0.05421,0.73838,1199.84
quat3,-0.33752,0.59121,0.40772,0.60854,1199.84
quat4,-0.17745,0.70634,0.68186,-0.06828,1199.84
quat5,0.00000,0.70711,0.00000,0.70711,1199.84
quat6,0.00000,0.70711,0.00000,0.70711,1199.84
quat7,0.00000,0.70711,0.00000,0.70711,1199.84
quat8,0.00000,0.70711,0.00000,0.70711,1199.84
quat0,0.67200,-0.23928,0.67964,0.17102,1199.86
quat1,-0.46755,0.71521,0.21419,0.47327,1199.86
quat2,-0.64521,0.21505,-0.06973,0.72979,1199.86
quat3,-0.32713,0.58196,0.40602,0.62406,1199.86
quat4,-0.15793,0.71903,0.67473,-0.05296,1199.86
quat5,0.00000,0.70711,0.00000,0.70711,1199.86
quat6,0.00000,0.70711,0.00000,0.70711,1199.86
quat7,0.00000,0.70711,0.00000,0.70711,1199.86
quat8,0.00000,0.70711,0.00000,0.70711,1199.86
quat0,0.67181,-0.23780,0.68051,0.17038,1199.88
quat1,-0.47950,0.71163,0.20762,0.46964,1199.88
quat2,-0.64993,0.22462,-0.08255,0.72134,1199.88
quat3,-0.31661,0.57851,0.40460,0.63355,1199.88
quat4,-0.13880,0.73127,0.66657,-0.04076,1199.88
quat5,0.00000,0.70711,0.00000,0.70711,1199.88
quat6,0.00000,0.70711,0.00000,0.70711,1199.88
quat7,0.00000,0.70711,0.00000,0.70711,1199.88
quat8,0.00000,0.70711,0.00000,0.70711,1199.88
quat0,0.67201,-0.23703,0.68074,0.16972,1199.9
quat1,-0.48903,0.70747,0.20483,0.46731,1199.9
quat2,-0.65570,0.23061,-0.09286,0.71292,1199.9
quat3,-0.30573,0.58114,0.40311,0.63742,1199.9
quat4,-0.12411,0.74268,0.65732,-0.03092,1199.9
quat5,0.00000,0.70711,0.00000,0.70711,1199.9
quat6,0.00000,0.70711,0.00000,0.70711,1199.9
quat7,0.00000,0.70711,0.00000,0.70711,1199.9
quat8,0.00000,0.70711,0.00000,0.70711,1199.9
quat0,0.67278,-0.23661,0.68015,0.16966,1199.92
quat1,-0.49649,0.70289,0.20596,0.46586,1199.92
quat2,-0.66220,0.23199,-0.09999,0.70546,1199.92
quat3,-0.29534,0.58848,0.40006,0.63751,1199.92
quat4,-0.11494,0.75318,0.64726,-0.02390,1199.92
quat5,0.00000,0.70711,0.00000,0.70711,1199.92
quat6,0.00000,0.70711,0.00000,0.70711,1199.92
quat7,0.00000,0.70711,0.00000,0.70711,1199.92
quat8,0.00000,0.70711,0.00000,0.70711,1199.92
quat0,0.67420,-0.23721,0.67838,0.17027,1199.94
quat1,-0.50221,0.69748,0.21016,0.46598,1199.94
quat2,-0.67047,0.22984,-0.10056,0.69823,1199.94
quat3,-0.28724,0.59796,0.39474,0.63571,1199.94
quat4,-0.11231,0.76202,0.63741,-0.02054,1199.94
quat5,0.00000,0.70711,0.00000,0.70711,1199.94
quat6,0.00000,0.70711,0.00000,0.70711,1199.94
quat7,0.00000,0.70711,0.00000,0.70711,1199.94
quat8,0.00000,0.70711,0.00000,0.70711,1199.94
quat0,0.67553,-0.23750,0.67682,0.17076,1199.96
quat1,-0.50629,0.69143,0.21729,0.46730,1199.96
quat2,-0.68022,0.22478,-0.09428,0.69130,1199.96
quat3,-0.28290,0.60752,0.38735,0.63313,1199.96
quat4,-0.11636,0.76925,0.62789,-0.02154,1199.96
quat5,0.00000,0.70711,0.00000,0.70711,1199.96
quat6,0.00000,0.70711,0.00000,0.70711,1199.96
quat7,0.00000,0.70711,0.00000,0.70711,1199.96
quat8,0.00000,0.70711,0.00000,0.70711,1199.96
quat0,0.67618,-0.23829,0.67576,0.17133,1199.98
quat1,-0.50942,0.68318,0.22623,0.47177,1199.98
quat2,-0.69035,0.21528,-0.08326,0.68567,1199.98
quat3,-0.28353,0.61636,0.37807,0.62990,1199.98
quat4,-0.12597,0.77492,0.61876,-0.02772,1199.98
quat5,0.00000,0.70711,0.00000,0.70711,1199.98
quat6,0.00000,0.70711,0.00000,0.70711,1199.98
quat7,0.00000,0.70711,0.00000,0.70711,1199.98
quat8,0.00000,0.70711,0.00000,0.70711,1199.98
quat0,0.67693,-0.23938,0.67437,0.17230,1200
quat1,-0.51146,0.67202,0.23631,0.48058,1200
quat2,-0.70030,0.20242,-0.06749,0.68121,1200
quat3,-0.28867,0.62465,0.36781,0.62545,1200
quat4,-0.13909,0.77919,0.60989,-0.03928,1200
quat5,0.00000,0.70711,0.00000,0.70711,1200
quat6,0.00000,0.70711,0.00000,0.70711,1200
quat7,0.00000,0.70711,0.00000,0.70711,1200
quat8,0.00000,0.70711,0.00000,0.70711,1200
quat0,0.67788,-0.24067,0.67276,0.17306,1200.02
quat1,-0.51201,0.65905,0.24640,0.49273,1200.02
quat2,-0.70926,0.18543,-0.04903,0.67835,1200.02
quat3,-0.29714,0.63311,0.35771,0.61881,1200.02
quat4,-0.15303,0.78212,0.60132,-0.05729,1200.02
quat5,0.00000,0.70711,0.00000,0.70711,1200.02
quat6,0.00000,0.70711,0.00000,0.70711,1200.02
quat7,0.00000,0.70711,0.00000,0.70711,1200.02
quat8,0.00000,0.70711,0.00000,0.70711,1200.02
quat0,0.67851,-0.24150,0.67176,0.17330,1200.04
quat1,-0.51042,0.64559,0.25763,0.50628,1200.04
quat2,-0.71687,0.16495,-0.02863,0.67681,1200.04
quat3,-0.30597,0.64252,0.34884,0.60980,1200.04
quat4,-0.17008,0.78331,0.59264,-0.07921,1200.04
quat5,0.00000,0.70711,0.00000,0.70711,1200.04
quat6,0.00000,0.70711,0.00000,0.70711,1200.04
quat7,0.00000,0.70711,0.00000,0.70711,1200.04
quat8,0.00000,0.70711,0.00000,0.70711,1200.04
quat0,0.67905,-0.24235,0.67087,0.17348,1200.06
quat1,-0.50576,0.63275,0.27093,0.52003,1200.06
quat2,-0.72249,0.13949,-0.00630,0.67713,1200.06
quat3,-0.31385,0.65325,0.34064,0.59894,1200.06
quat4,-0.19037,0.78237,0.58396,-0.10315,1200.06
quat5,0.00000,0.70711,0.00000,0.70711,1200.06
quat6,0.00000,0.70711,0.00000,0.70711,1200.06
quat7,0.00000,0.70711,0.00000,0.70711,1200.06
quat8,0.00000,0.70711,0.00000,0.70711,1200.06
quat0,0.68074,-0.24280,0.66895,0.17363,1200.08
quat1,-0.49918,0.62150,0.28490,0.53234,1200.08
quat2,-0.72669,0.11114,0.02008,0.67762,1200.08
quat3,-0.32110,0.66664,0.33241,0.58480,1200.08
quat4,-0.21430,0.77916,0.57513,-0.12736,1200.08
quat5,0.00000,0.70711,0.00000,0.70711,1200.08
quat6,0.00000,0.70711,0.00000,0.70711,1200.08
quat7,0.00000,0.70711,0.00000,0.70711,1200.08
quat8,0.00000,0.70711,0.00000,0.70711,1200.08
quat0,0.68197,-0.24288,0.66777,0.17323,1200.1
quat1,-0.49322,0.61061,0.29595,0.54434,1200.1
quat2,-0.72900,0.07916,0.04887,0.67816,1200.1
quat3,-0.32686,0.68308,0.32572,0.56610,1200.1
quat4,-0.23961,0.77354,0.56642,-0.15294,1200.1
quat5,0.00000,0.70711,0.00000,0.70711,1200.1
quat6,0.00000,0.70711,0.00000,0.70711,1200.1
quat7,0.00000,0.70711,0.00000,0.70711,1200.1
quat8,0.00000,0.70711,0.00000,0.70711,1200.1
quat0,0.68257,-0.24135,0.66790,0.17250,1200.12
quat1,-0.49097,0.59822,0.30234,0.55648,1200.12
quat2,-0.72897,0.04502,0.07862,0.67853,1200.12
quat3,-0.33167,0.70068,0.32183,0.54358,1200.12
quat4,-0.26712,0.76647,0.55686,-0.17628,1200.12
quat5,0.00000,0.70711,0.00000,0.70711,1200.12
quat6,0.00000,0.70711,0.00000,0.70711,1200.12
quat7,0.00000,0.70711,0.00000,0.70711,1200.12
quat8,0.00000,0.70711,0.00000,0.70711,1200.12
quat0,0.68325,-0.24061,0.66762,0.17191,1200.14
quat1,-0.49240,0.58610,0.30587,0.56610,1200.14
quat2,-0.72648,0.00727,0.10488,0.67910,1200.14
quat3,-0.33600,0.71870,0.32030,0.51767,1200.14
quat4,-0.29331,0.75835,0.54655,-0.20040,1200.14
quat5,0.00000,0.70711,0.00000,0.70711,1200.14
quat6,0.00000,0.70711,0.00000,0.70711,1200.14
quat7,0.00000,0.70711,0.00000,0.70711,1200.14
quat8,0.00000,0.70711,0.00000,0.70711,1200.14
quat0,0.68361,-0.23933,0.66803,0.17069,1200.16
quat1,-0.49500,0.57116,0.30977,0.57689,1200.16
quat2,-0.72214,-0.02763,0.12577,0.67966,1200.16
quat3,-0.33875,0.73544,0.32144,0.49098,1200.16
quat4,-0.31426,0.74790,0.53755,-0.23007,1200.16
quat5,0.00000,0.70711,0.00000,0.70711,1200.16
quat6,0.00000,0.70711,0.00000,0.70711,1200.16
quat7,0.00000,0.70711,0.00000,0.70711,1200.16
quat8,0.00000,0.70711,0.00000,0.70711,1200.16
quat0,0.68307,-0.23771,0.66966,0.16871,1200.18
quat1,-0.49386,0.54558,0.31186,0.60098,1200.18
quat2,-0.71710,-0.05999,0.13874,0.68038,1200.18
quat3,-0.34168,0.75055,0.32399,0.46365,1200.18
quat4,-0.32449,0.73411,0.53366,-0.26644,1200.18
quat5,0.00000,0.70711,0.00000,0.70711,1200.18
quat6,0.00000,0.70711,0.00000,0.70711,1200.18
quat7,0.00000,0.70711,0.00000,0.70711,1200.18
quat8,0.00000,0.70711,0.00000,0.70711,1200.18
quat0,0.68357,-0.23556,0.67077,0.16529,1200.2
quat1,-0.49591,0.52322,0.31021,0.61974,1200.2
quat2,-0.71394,-0.08832,0.14305,0.67973,1200.2
quat3,-0.34539,0.76021,0.32982,0.44046,1200.2
quat4,-0.32747,0.71805,0.53428,-0.30285,1200.2
quat5,0.00000,0.70711,0.00000,0.70711,1200.2
quat6,0.00000,0.70711,0.00000,0.70711,1200.2
quat7,0.00000,0.70711,0.00000,0.70711,1200.2
quat8,0.00000,0.70711,0.00000,0.70711,1200.2
quat0,0.68451,-0.23358,0.67120,0.16243,1200.22
quat1,-0.49160,0.50829,0.31564,0.63273,1200.22
quat2,-0.71262,-0.10985,0.14089,0.67842,1200.22
quat3,-0.34896,0.76523,0.33464,0.42505,1200.22
quat4,-0.32724,0.70160,0.53764,-0.33408,1200.22
quat5,0.00000,0.70711,0.00000,0.70711,1200.22
quat6,0.00000,0.70711,0.00000,0.70711,1200.22
quat7,0.00000,0.70711,0.00000,0.70711,1200.22
quat8,0.00000,0.70711,0.00000,0.70711,1200.22
quat0,0.68480,-0.23372,0.67089,0.16226,1200.24
quat1,-0.48582,0.50260,0.32186,0.63858,1200.24
quat2,-0.71241,-0.12193,0.13818,0.67714,1200.24
quat3,-0.35189,0.76708,0.33787,0.41666,1200.24
quat4,-0.32661,0.68731,0.54269,-0.35555,1200.24
quat5,0.00000,0.70711,0.00000,0.70711,1200.24
quat6,0.00000,0.70711,0.00000,0.70711,1200.24
quat7,0.00000,0.70711,0.00000,0.70711,1200.24
quat8,0.00000,0.70711,0.00000,0.70711,1200.24
quat0,0.68447,-0.23399,0.67120,0.16196,1200.26
quat1,-0.48194,0.50136,0.32468,0.64106,1200.26
quat2,-0.71295,-0.12464,0.13739,0.67623,1200.26
quat3,-0.35421,0.76638,0.34019,0.41409,1200.26
quat4,-0.32815,0.67746,0.54797,-0.36482,1200.26
quat5,0.00000,0.70711,0.00000,0.70711,1200.26
quat6,0.00000,0.70711,0.00000,0.70711,1200.26
quat7,0.00000,0.70711,0.00000,0.70711,1200.26
quat8,0.00000,0.70711,0.00000,0.70711,1200.26
quat0,0.68401,-0.23397,0.67158,0.16240,1200.28
quat1,-0.48050,0.50338,0.32499,0.64040,1200.28
quat2,-0.71350,-0.11892,0.13820,0.67652,1200.28
quat3,-0.35619,0.76291,0.34243,0.41694,1200.28
quat4,-0.33202,0.67279,0.55275,-0.36275,1200.28
quat5,0.00000,0.70711,0.00000,0.70711,1200.28
quat6,0.00000,0.70711,0.00000,0.70711,1200.28
quat7,0.00000,0.70711,0.00000,0.70711,1200.28
quat8,0.00000,0.70711,0.00000,0.70711,1200.28
quat0,0.68456,-0.23436,0.67049,0.16396,1200.3
quat1,-0.48170,0.50769,0.32309,0.63705,1200.3
quat2,-0.71439,-0.10720,0.13756,0.67767,1200.3
quat3,-0.35793,0.75747,0.34495,0.42325,1200.3
quat4,-0.33486,0.67254,0.55787,-0.35262,1200.3
quat5,0.00000,0.70711,0.00000,0.70711,1200.3
quat6,0.00000,0.70711,0.00000,0.70711,1200.3
quat7,0.00000,0.70711,0.00000,0.70711,1200.3
quat8,0.00000,0.70711,0.00000,0.70711,1200.3
quat0,0.68521,-0.23461,0.66920,0.16617,1200.32
quat1,-0.48494,0.51432,0.31883,0.63139,1200.32
quat2,-0.71633,-0.09363,0.12942,0.67923,1200.32
quat3,-0.35896,0.75024,0.34835,0.43237,1200.32
quat4,-0.33280,0.67515,0.56420,-0.33925,1200.32
quat5,0.00000,0.70711,0.00000,0.70711,1200.32
quat6,0.00000,0.70711,0.00000,0.70711,1200.32
quat7,0.00000,0.70711,0.00000,0.70711,1200.32
quat8,0.00000,0.70711,0.00000,0.70711,1200.32
quat0,0.68579,-0.23522,0.66774,0.16876,1200.34
quat1,-0.48919,0.52341,0.31351,0.62325,1200.34
quat2,-0.71911,-0.07881,0.11319,0.68107,1200.34
quat3,-0.35886,0.74138,0.35331,0.44356,1200.34
quat4,-0.32573,0.67987,0.57077,-0.32541,1200.34
quat5,0.00000,0.70711,0.00000,0.70711,1200.34
quat6,0.00000,0.70711,0.00000,0.70711,1200.34
quat7,0.00000,0.70711,0.00000,0.70711,1200.34
quat8,0.00000,0.70711,0.00000,0.70711,1200.34
quat0,0.68652,-0.23630,0.66591,0.17151,1200.36
quat1,-0.49388,0.53465,0.30711,0.61312,1200.36
quat2,-0.72202,-0.06209,0.09050,0.68312,1200.36
quat3,-0.35761,0.73126,0.35889,0.45670,1200.36
quat4,-0.31058,0.68558,0.57964,-0.31230,1200.36
quat5,0.00000,0.70711,0.00000,0.70711,1200.36
quat6,0.00000,0.70711,0.00000,0.70711,1200.36
quat7,0.00000,0.70711,0.00000,0.70711,1200.36
quat8,0.00000,0.70711,0.00000,0.70711,1200.36
quat0,0.68692,-0.23737,0.66457,0.17363,1200.38
quat1,-0.49829,0.54781,0.30036,0.60116,1200.38
quat2,-0.72442,-0.04084,0.06597,0.68498,1200.38
quat3,-0.35544,0.71995,0.36444,0.47172,1200.38
quat4,-0.28928,0.69148,0.59022,-0.29967,1200.38
quat5,0.00000,0.70711,0.00000,0.70711,1200.38
quat6,0.00000,0.70711,0.00000,0.70711,1200.38
quat7,0.00000,0.70711,0.00000,0.70711,1200.38
quat8,0.00000,0.70711,0.00000,0.70711,1200.38
quat0,0.68717,-0.23798,0.66356,0.17561,1200.4
quat1,-0.50196,0.56307,0.29354,0.58722,1200.4
quat2,-0.72558,-0.01589,0.04204,0.68666,1200.4
quat3,-0.35219,0.70764,0.37005,0.48813,1200.4
quat4,-0.26338,0.69780,0.60090,-0.28743,1200.4
quat5,0.00000,0.70711,0.00000,0.70711,1200.4
quat6,0.00000,0.70711,0.00000,0.70711,1200.4
quat7,0.00000,0.70711,0.00000,0.70711,1200.4
quat8,0.00000,0.70711,0.00000,0.70711,1200.4
quat0,0.68724,-0.23824,0.66296,0.17731,1200.42
quat1,-0.50412,0.58031,0.28778,0.57122,1200.42
quat2,-0.72552,0.01436,0.02194,0.68770,1200.42
quat3,-0.34821,0.69341,0.37590,0.50658,1200.42
quat4,-0.23565,0.70506,0.61054,-0.27313,1200.42
quat5,0.00000,0.70711,0.00000,0.70711,1200.42
quat6,0.00000,0.70711,0.00000,0.70711,1200.42
quat7,0.00000,0.70711,0.00000,0.70711,1200.42
quat8,0.00000,0.70711,0.00000,0.70711,1200.42
quat0,0.68718,-0.23816,0.66269,0.17863,1200.44
quat1,-0.50549,0.59955,0.28179,0.55282,1200.44
quat2,-0.72385,0.04804,0.00694,0.68825,1200.44
quat3,-0.34325,0.67752,0.38223,0.52636,1200.44
quat4,-0.20864,0.71296,0.61910,-0.25472,1200.44
quat5,0.00000,0.70711,0.00000,0.70711,1200.44
quat6,0.00000,0.70711,0.00000,0.70711,1200.44
quat7,0.00000,0.70711,0.00000,0.70711,1200.44
quat8,0.00000,0.70711,0.00000,0.70711,1200.44
quat0,0.68709,-0.23768,0.66269,0.17960,1200.46
quat1,-0.50700,0.61899,0.27428,0.53346,1200.46
quat2,-0.72186,0.08570,-0.00263,0.68670,1200.46
quat3,-0.33810,0.66065,0.38753,0.54686,1200.46
quat4,-0.18670,0.72159,0.62616,-0.22885,1200.46
quat5,0.00000,0.70711,0.00000,0.70711,1200.46
quat6,0.00000,0.70711,0.00000,0.70711,1200.46
quat7,0.00000,0.70711,0.00000,0.70711,1200.46
quat8,0.00000,0.70711,0.00000,0.70711,1200.46
quat0,0.68657,-0.23764,0.66319,0.17979,1200.48
quat1,-0.50877,0.63799,0.26495,0.51373,1200.48
quat2,-0.71910,0.12225,-0.01024,0.68399,1200.48
quat3,-0.33183,0.64388,0.39183,0.56725,1200.48
quat4,-0.17083,0.73014,0.63170,-0.19665,1200.48
quat5,0.00000,0.70711,0.00000,0.70711,1200.48
quat6,0.00000,0.70711,0.00000,0.70711,1200.48
quat7,0.00000,0.70711,0.00000,0.70711,1200.48
quat8,0.00000,0.70711,0.00000,0.70711,1200.48
quat0,0.68597,-0.23669,0.66419,0.17963,1200.5
quat1,-0.51122,0.65568,0.25381,0.49429,1200.5
quat2,-0.71543,0.15661,-0.01598,0.68072,1200.5
quat3,-0.32498,0.62770,0.39563,0.58639,1200.5
quat4,-0.16054,0.73769,0.63637,-0.15837,1200.5
quat5,0.00000,0.70711,0.00000,0.70711,1200.5
quat6,0.00000,0.70711,0.00000,0.70711,1200.5
quat7,0.00000,0.70711,0.00000,0.70711,1200.5
quat8,0.00000,0.70711,0.00000,0.70711,1200.5
quat0,0.68499,-0.23621,0.66511,0.18061,1200.52
quat1,-0.51340,0.67297,0.24044,0.47510,1200.52
quat2,-0.71043,0.18414,-0.02443,0.67881,1200.52
quat3,-0.31872,0.61223,0.39849,0.60399,1200.52
quat4,-0.14973,0.74308,0.64091,-0.12108,1200.52
quat5,0.00000,0.70711,0.00000,0.70711,1200.52
quat6,0.00000,0.70711,0.00000,0.70711,1200.52
quat7,0.00000,0.70711,0.00000,0.70711,1200.52
quat8,0.00000,0.70711,0.00000,0.70711,1200.52
quat0,0.68416,-0.23473,0.66656,0.18033,1200.54
quat1,-0.51597,0.68811,0.22553,0.45762,1200.54
quat2,-0.70399,0.20243,-0.04119,0.67951,1200.54
quat3,-0.31499,0.59658,0.40024,0.62023,1200.54
quat4,-0.14022,0.74589,0.64539,-0.08641,1200.54
quat5,0.00000,0.70711,0.00000,0.70711,1200.54
quat6,0.00000,0.70711,0.00000,0.70711,1200.54
quat7,0.00000,0.70711,0.00000,0.70711,1200.54
quat8,0.00000,0.70711,0.00000,0.70711,1200.54
quat0,0.68416,-0.23239,0.66796,0.17819,1200.56
quat1,-0.52040,0.69601,0.20821,0.44879,1200.56
quat2,-0.69473,0.21220,-0.06715,0.68397,1200.56
quat3,-0.31206,0.58174,0.40319,0.63374,1200.56
quat4,-0.13396,0.74563,0.65059,-0.05320,1200.56
quat5,0.00000,0.70711,0.00000,0.70711,1200.56
quat6,0.00000,0.70711,0.00000,0.70711,1200.56
quat7,0.00000,0.70711,0.00000,0.70711,1200.56
quat8,0.00000,0.70711,0.00000,0.70711,1200.56
quat0,0.68420,-0.23088,0.66881,0.17682,1200.58
quat1,-0.52535,0.69829,0.19054,0.44732,1200.58
quat2,-0.68308,0.21911,-0.09391,0.69035,1200.58
quat3,-0.31072,0.56983,0.40736,0.64250,1200.58
quat4,-0.13093,0.74163,0.65754,-0.02211,1200.58
quat5,0.00000,0.70711,0.00000,0.70711,1200.58
quat6,0.00000,0.70711,0.00000,0.70711,1200.58
quat7,0.00000,0.70711,0.00000,0.70711,1200.58
quat8,0.00000,0.70711,0.00000,0.70711,1200.58
quat0,0.68345,-0.23067,0.66956,0.17715,1200.6
quat1,-0.52922,0.69617,0.17407,0.45275,1200.6
quat2,-0.67109,0.22568,-0.11711,0.69641,1200.6
quat3,-0.31091,0.56160,0.41327,0.64587,1200.6
quat4,-0.12837,0.73483,0.66598,0.00222,1200.6
quat5,0.00000,0.70711,0.00000,0.70711,1200.6
quat6,0.00000,0.70711,0.00000,0.70711,1200.6
quat7,0.00000,0.70711,0.00000,0.70711,1200.6
quat8,0.00000,0.70711,0.00000,0.70711,1200.6
quat0,0.68268,-0.23040,0.67059,0.17657,1200.62
quat1,-0.52972,0.69241,0.16123,0.46257,1200.62
quat2,-0.66041,0.23149,-0.13607,0.70126,1200.62
quat3,-0.31224,0.55617,0.42041,0.64532,1200.62
quat4,-0.12894,0.72591,0.67533,0.01863,1200.62
quat5,0.00000,0.70711,0.00000,0.70711,1200.62
quat6,0.00000,0.70711,0.00000,0.70711,1200.62
quat7,0.00000,0.70711,0.00000,0.70711,1200.62
quat8,0.00000,0.70711,0.00000,0.70711,1200.62
quat0,0.68144,-0.23107,0.67143,0.17727,1200.64
quat1,-0.52510,0.69120,0.15700,0.47103,1200.64
quat2,-0.65193,0.23558,-0.14766,0.70547,1200.64
quat3,-0.31497,0.55320,0.42797,0.64156,1200.64
quat4,-0.13406,0.71501,0.68551,0.02949,1200.64
quat5,0.00000,0.70711,0.00000,0.70711,1200.64
quat6,0.00000,0.70711,0.00000,0.70711,1200.64
quat7,0.00000,0.70711,0.00000,0.70711,1200.64
quat8,0.00000,0.70711,0.00000,0.70711,1200.64
quat0,0.68034,-0.23184,0.67197,0.17846,1200.66
quat1,-0.51653,0.69449,0.16196,0.47398,1200.66
quat2,-0.64670,0.23570,-0.14920,0.70991,1200.66
quat3,-0.32020,0.55363,0.43556,0.63345,1200.66
quat4,-0.14379,0.70291,0.69571,0.03506,1200.66
quat5,0.00000,0.70711,0.00000,0.70711,1200.66
quat6,0.00000,0.70711,0.00000,0.70711,1200.66
quat7,0.00000,0.70711,0.00000,0.70711,1200.66
quat8,0.00000,0.70711,0.00000,0.70711,1200.66
quat0,0.67890,-0.23336,0.67242,0.18024,1200.68
quat1,-0.50522,0.70162,0.17481,0.47109,1200.68
quat2,-0.64499,0.23020,-0.14208,0.71471,1200.68
quat3,-0.32854,0.55680,0.44217,0.62170,1200.68
quat4,-0.15864,0.69015,0.70517,0.03540,1200.68
quat5,0.00000,0.70711,0.00000,0.70711,1200.68
quat6,0.00000,0.70711,0.00000,0.70711,1200.68
quat7,0.00000,0.70711,0.00000,0.70711,1200.68
quat8,0.00000,0.70711,0.00000,0.70711,1200.68
quat0,0.67744,-0.23494,0.67297,0.18163,1200.7
quat1,-0.49384,0.70839,0.19124,0.46663,1200.7
quat2,-0.64549,0.21888,-0.12964,0.72016,1200.7
quat3,-0.33929,0.56259,0.44728,0.60689,1200.7
quat4,-0.17703,0.67775,0.71306,0.02936,1200.7
quat5,0.00000,0.70711,0.00000,0.70711,1200.7
quat6,0.00000,0.70711,0.00000,0.70711,1200.7
quat7,0.00000,0.70711,0.00000,0.70711,1200.7
quat8,0.00000,0.70711,0.00000,0.70711,1200.7
quat0,0.67673,-0.23687,0.67257,0.18323,1200.72
quat1,-0.48399,0.71066,0.20663,0.46693,1200.72
quat2,-0.64733,0.20386,-0.11261,0.72576,1200.72
quat3,-0.35133,0.56972,0.45079,0.59057,1200.72
quat4,-0.19765,0.66611,0.71899,0.01727,1200.72
quat5,0.00000,0.70711,0.00000,0.70711,1200.72
quat6,0.00000,0.70711,0.00000,0.70711,1200.72
quat7,0.00000,0.70711,0.00000,0.70711,1200.72
quat8,0.00000,0.70711,0.00000,0.70711,1200.72
quat0,0.67631,-0.23896,0.67173,0.18515,1200.74
quat1,-0.47632,0.70615,0.21862,0.47609,1200.74
quat2,-0.64961,0.18459,-0.09336,0.73159,1200.74
quat3,-0.36333,0.57797,0.45243,0.57381,1200.74
quat4,-0.21850,0.65547,0.72292,-0.00121,1200.74
quat5,0.00000,0.70711,0.00000,0.70711,1200.74
quat6,0.00000,0.70711,0.00000,0.70711,1200.74
quat7,0.00000,0.70711,0.00000,0.70711,1200.74
quat8,0.00000,0.70711,0.00000,0.70711,1200.74
quat0,0.67589,-0.24061,0.67133,0.18602,1200.76
quat1,-0.47032,0.69704,0.22648,0.49158,1200.76
quat2,-0.65205,0.16261,-0.07193,0.73703,1200.76
quat3,-0.37438,0.58748,0.45179,0.55731,1200.76
quat4,-0.24050,0.64569,0.72437,-0.02320,1200.76
quat5,0.00000,0.70711,0.00000,0.70711,1200.76
quat6,0.00000,0.70711,0.00000,0.70711,1200.76
quat7,0.00000,0.70711,0.00000,0.70711,1200.76
quat8,0.00000,0.70711,0.00000,0.70711,1200.76
quat0,0.67581,-0.24187,0.67088,0.18630,1200.78
quat1,-0.46593,0.68534,0.23125,0.50965,1200.78
quat2,-0.65395,0.13639,-0.05043,0.74243,1200.78
quat3,-0.38369,0.59759,0.44902,0.54226,1200.78
quat4,-0.26317,0.63667,0.72319,-0.04887,1200.78
quat5,0.00000,0.70711,0.00000,0.70711,1200.78
quat6,0.00000,0.70711,0.00000,0.70711,1200.78
quat7,0.00000,0.70711,0.00000,0.70711,1200.78
quat8,0.00000,0.70711,0.00000,0.70711,1200.78
quat0,0.67615,-0.24276,0.67020,0.18634,1200.8
quat1,-0.46180,0.67167,0.23667,0.52876,1200.8
quat2,-0.65597,0.10711,-0.02931,0.74658,1200.8
quat3,-0.39213,0.60817,0.44481,0.52774,1200.8
quat4,-0.28733,0.62773,0.71947,-0.07585,1200.8
quat5,0.00000,0.70711,0.00000,0.70711,1200.8
quat6,0.00000,0.70711,0.00000,0.70711,1200.8
quat7,0.00000,0.70711,0.00000,0.70711,1200.8
quat8,0.00000,0.70711,0.00000,0.70711,1200.8
quat0,0.67607,-0.24263,0.67050,0.18572,1200.82
quat1,-0.45795,0.65719,0.24360,0.54685,1200.82
quat2,-0.65762,0.07306,-0.01095,0.74972,1200.82
quat3,-0.39899,0.62009,0.44047,0.51214,1200.82
quat4,-0.31066,0.61994,0.71296,-0.10418,1200.82
quat5,0.00000,0.70711,0.00000,0.70711,1200.82
quat6,0.00000,0.70711,0.00000,0.70711,1200.82
quat7,0.00000,0.70711,0.00000,0.70711,1200.82
quat8,0.00000,0.70711,0.00000,0.70711,1200.82
quat0,0.67631,-0.24130,0.67115,0.18422,1200.84
quat1,-0.45329,0.64231,0.25356,0.56362,1200.84
quat2,-0.65888,0.03773,0.00718,0.75127,1200.84
quat3,-0.40505,0.63244,0.43700,0.49496,1200.84
quat4,-0.33126,0.61327,0.70476,-0.13221,1200.84
quat5,0.00000,0.70711,0.00000,0.70711,1200.84
quat6,0.00000,0.70711,0.00000,0.70711,1200.84
quat7,0.00000,0.70711,0.00000,0.70711,1200.84
quat8,0.00000,0.70711,0.00000,0.70711,1200.84
quat0,0.67761,-0.23996,0.67059,0.18325,1200.86
quat1,-0.44974,0.62897,0.26264,0.57719,1200.86
quat2,-0.66000,0.00406,0.02581,0.75081,1200.86
quat3,-0.40927,0.64571,0.43460,0.47610,1200.86
quat4,-0.34778,0.60670,0.69632,-0.16155,1200.86
quat5,0.00000,0.70711,0.00000,0.70711,1200.86
quat6,0.00000,0.70711,0.00000,0.70711,1200.86
quat7,0.00000,0.70711,0.00000,0.70711,1200.86
quat8,0.00000,0.70711,0.00000,0.70711,1200.86
quat0,0.67886,-0.23841,0.67026,0.18182,1200.88
quat1,-0.44583,0.61615,0.27262,0.58930,1200.88
quat2,-0.66063,-0.02385,0.04619,0.74891,1200.88
quat3,-0.41219,0.65957,0.43209,0.45648,1200.88
quat4,-0.36013,0.60015,0.68844,-0.19023,1200.88
quat5,0.00000,0.70711,0.00000,0.70711,1200.88
quat6,0.00000,0.70711,0.00000,0.70711,1200.88
quat7,0.00000,0.70711,0.00000,0.70711,1200.88
quat8,0.00000,0.70711,0.00000,0.70711,1200.88
quat0,0.68011,-0.23742,0.66957,0.18097,1200.9
quat1,-0.44371,0.59850,0.27863,0.60604,1200.9
quat2,-0.66057,-0.04645,0.06610,0.74641,1200.9
quat3,-0.41482,0.67257,0.42908,0.43757,1200.9
quat4,-0.36821,0.59393,0.68123,-0.21814,1200.9
quat5,0.00000,0.70711,0.00000,0.70711,1200.9
quat6,0.00000,0.70711,0.00000,0.70711,1200.9
quat7,0.00000,0.70711,0.00000,0.70711,1200.9
quat8,0.00000,0.70711,0.00000,0.70711,1200.9
quat0,0.68110,-0.23659,0.66904,0.18035,1200.92
quat1,-0.44323,0.57983,0.28055,0.62341,1200.92
quat2,-0.66034,-0.06250,0.08521,0.74349,1200.92
quat3,-0.41816,0.68337,0.42504,0.42130,1200.92
quat4,-0.37412,0.58815,0.67513,-0.24150,1200.92
quat5,0.00000,0.70711,0.00000,0.70711,1200.92
quat6,0.00000,0.70711,0.00000,0.70711,1200.92
quat7,0.00000,0.70711,0.00000,0.70711,1200.92
quat8,0.00000,0.70711,0.00000,0.70711,1200.92
quat0,0.68204,-0.23553,0.66875,0.17923,1200.94
quat1,-0.44216,0.56327,0.28229,0.63839,1200.94
quat2,-0.65984,-0.07332,0.10186,0.74085,1200.94
quat3,-0.42128,0.69283,0.41978,0.40780,1200.94
quat4,-0.37872,0.58317,0.66997,-0.26006,1200.94
quat5,0.00000,0.70711,0.00000,0.70711,1200.94
quat6,0.00000,0.70711,0.00000,0.70711,1200.94
quat7,0.00000,0.70711,0.00000,0.70711,1200.94
quat8,0.00000,0.70711,0.00000,0.70711,1200.94
quat0,0.68324,-0.23383,0.66856,0.17757,1200.96
quat1,-0.44137,0.55062,0.28355,0.64932,1200.96
quat2,-0.65902,-0.07877,0.11639,0.73888,1200.96
quat3,-0.42406,0.70092,0.41336,0.39751,1200.96
quat4,-0.38425,0.57934,0.66517,-0.27250,1200.96
quat5,0.00000,0.70711,0.00000,0.70711,1200.96
quat6,0.00000,0.70711,0.00000,0.70711,1200.96
quat7,0.00000,0.70711,0.00000,0.70711,1200.96
quat8,0.00000,0.70711,0.00000,0.70711,1200.96
quat0,0.68342,-0.23355,0.66865,0.17688,1200.98
quat1,-0.43964,0.54283,0.28607,0.65591,1200.98
quat2,-0.65816,-0.08113,0.12698,0.73765,1200.98
quat3,-0.42536,0.70609,0.40852,0.39194,1200.98
quat4,-0.39066,0.57662,0.66064,-0.28010,1200.98
quat5,0.00000,0.70711,0.00000,0.70711,1200.98
quat6,0.00000,0.70711,0.00000,0.70711,1200.98
quat7,0.00000,0.70711,0.00000,0.70711,1200.98
quat8,0.00000,0.70711,0.00000,0.70711,1200.98
quat0,0.68363,-0.23390,0.66833,0.17683,1201
quat1,-0.43818,0.53970,0.28818,0.65854,1201
quat2,-0.65757,-0.08029,0.13371,0.73708,1201
quat3,-0.42586,0.70912,0.40450,0.39009,1201
quat4,-0.39483,0.57680,0.65661,-0.28333,1201
quat5,0.00000,0.70711,0.00000,0.70711,1201
quat6,0.00000,0.70711,0.00000,0.70711,1201
quat7,0.00000,0.70711,0.00000,0.70711,1201
quat8,0.00000,0.70711,0.00000,0.70711,1201
quat0,0.68357,-0.23433,0.66826,0.17678,1201.02
quat1,-0.43726,0.54070,0.28937,0.65782,1201.02
quat2,-0.65759,-0.07776,0.13608,0.73690,1201.02
quat3,-0.42479,0.70961,0.40326,0.39164,1201.02
quat4,-0.39369,0.57670,0.65639,-0.28562,1201.02
quat5,0.00000,0.70711,0.00000,0.70711,1201.02
quat6,0.00000,0.70711,0.00000,0.70711,1201.02
quat7,0.00000,0.70711,0.00000,0.70711,1201.02
quat8,0.00000,0.70711,0.00000,0.70711,1201.02
quat0,0.68322,-0.23504,0.66830,0.17703,1201.04
quat1,-0.43709,0.54487,0.28902,0.65462,1201.04
quat2,-0.65814,-0.07268,0.13299,0.73748,1201.04
quat3,-0.42310,0.70865,0.40316,0.39531,1201.04
quat4,-0.38686,0.57858,0.65859,-0.28607,1201.04
quat5,0.00000,0.70711,0.00000,0.70711,1201.04
quat6,0.00000,0.70711,0.00000,0.70711,1201.04
quat7,0.00000,0.70711,0.00000,0.70711,1201.04
quat8,0.00000,0.70711,0.00000,0.70711,1201.04
quat0,0.68272,-0.23555,0.66850,0.17751,1201.06
quat1,-0.43810,0.55114,0.28714,0.64951,1201.06
quat2,-0.65902,-0.06449,0.12487,0.73888,1201.06
quat3,-0.42034,0.70568,0.40577,0.40085,1201.06
quat4,-0.37802,0.58144,0.66304,-0.28177,1201.06
quat5,0.00000,0.70711,0.00000,0.70711,1201.06
quat6,0.00000,0.70711,0.00000,0.70711,1201.06
quat7,0.00000,0.70711,0.00000,0.70711,1201.06
quat8,0.00000,0.70711,0.00000,0.70711,1201.06
quat0,0.68213,-0.23699,0.66829,0.17865,1201.08
quat1,-0.43978,0.55930,0.28421,0.64265,1201.08
quat2,-0.66001,-0.05450,0.11002,0.74115,1201.08
quat3,-0.41679,0.70143,0.40957,0.40809,1201.08
quat4,-0.36831,0.58741,0.66690,-0.27302,1201.08
quat5,0.00000,0.70711,0.00000,0.70711,1201.08
quat6,0.00000,0.70711,0.00000,0.70711,1201.08
quat7,0.00000,0.70711,0.00000,0.70711,1201.08
quat8,0.00000,0.70711,0.00000,0.70711,1201.08
quat0,0.68137,-0.23799,0.66851,0.17940,1201.1
quat1,-0.44180,0.56952,0.28079,0.63374,1201.1
quat2,-0.66140,-0.04246,0.08967,0.74344,1201.1
quat3,-0.41322,0.69546,0.41317,0.41819,1201.1
quat4,-0.35707,0.59500,0.67172,-0.25935,1201.1
quat5,0.00000,0.70711,0.00000,0.70711,1201.1
quat6,0.00000,0.70711,0.00000,0.70711,1201.1
quat7,0.00000,0.70711,0.00000,0.70711,1201.1
quat8,0.00000,0.70711,0.00000,0.70711,1201.1
quat0,0.68050,-0.23906,0.66874,0.18044,1201.12
quat1,-0.44460,0.58172,0.27682,0.62234,1201.12
quat2,-0.66235,-0.02951,0.06614,0.74568,1201.12
quat3,-0.40906,0.68772,0.41669,0.43137,1201.12
quat4,-0.34428,0.60404,0.67693,-0.24160,1201.12
quat5,0.00000,0.70711,0.00000,0.70711,1201.12
quat6,0.00000,0.70711,0.00000,0.70711,1201.12
quat7,0.00000,0.70711,0.00000,0.70711,1201.12
quat8,0.00000,0.70711,0.00000,0.70711,1201.12
quat0,0.67979,-0.23977,0.66899,0.18126,1201.14
quat1,-0.44856,0.59623,0.27268,0.60741,1201.14
quat2,-0.66273,-0.01426,0.04291,0.74749,1201.14
quat3,-0.40484,0.67869,0.41965,0.44652,1201.14
quat4,-0.33137,0.61410,0.68192,-0.21921,1201.14
quat5,0.00000,0.70711,0.00000,0.70711,1201.14
quat6,0.00000,0.70711,0.00000,0.70711,1201.14
quat7,0.00000,0.70711,0.00000,0.70711,1201.14
quat8,0.00000,0.70711,0.00000,0.70711,1201.14
quat0,0.67887,-0.24077,0.66926,0.18238,1201.16
quat1,-0.45342,0.61250,0.26806,0.58941,1201.16
quat2,-0.66320,0.00356,0.02097,0.74814,1201.16
quat3,-0.40075,0.66844,0.42193,0.46321,1201.16
quat4,-0.31950,0.62499,0.68549,-0.19340,1201.16
quat5,0.00000,0.70711,0.00000,0.70711,1201.16
quat6,0.00000,0.70711,0.00000,0.70711,1201.16
quat7,0.00000,0.70711,0.00000,0.70711,1201.16
quat8,0.00000,0.70711,0.00000,0.70711,1201.16
quat0,0.67806,-0.24144,0.66960,0.18325,1201.18
quat1,-0.45953,0.62833,0.26198,0.57044,1201.18
quat2,-0.66455,0.02573,0.00293,0.74679,1201.18
quat3,-0.39623,0.65621,0.42388,0.48240,1201.18
quat4,-0.30743,0.63594,0.68826,-0.16544,1201.18
quat5,0.00000,0.70711,0.00000,0.70711,1201.18
quat6,0.00000,0.70711,0.00000,0.70711,1201.18
quat7,0.00000,0.70711,0.00000,0.70711,1201.18
quat8,0.00000,0.70711,0.00000,0.70711,1201.18
quat0,0.67726,-0.24110,0.67061,0.18297,1201.2
quat1,-0.46704,0.64336,0.25322,0.55122,1201.2
quat2,-0.66695,0.05004,-0.01172,0.74333,1201.2
quat3,-0.38961,0.64335,0.42601,0.50282,1201.2
quat4,-0.29263,0.64662,0.69074,-0.13830,1201.2
quat5,0.00000,0.70711,0.00000,0.70711,1201.2
quat6,0.00000,0.70711,0.00000,0.70711,1201.2
quat7,0.00000,0.70711,0.00000,0.70711,1201.2
quat8,0.00000,0.70711,0.00000,0.70711,1201.2
quat0,0.67665,-0.24114,0.67118,0.18308,1201.22
quat1,-0.47522,0.65778,0.24395,0.53102,1201.22
quat2,-0.67080,0.07553,-0.02315,0.73742,1201.22
quat3,-0.38102,0.63064,0.42844,0.52304,1201.22
quat4,-0.27501,0.65738,0.69255,-0.11221,1201.22
quat5,0.00000,0.70711,0.00000,0.70711,1201.22
quat6,0.00000,0.70711,0.00000,0.70711,1201.22
quat7,0.00000,0.70711,0.00000,0.70711,1201.22
quat8,0.00000,0.70711,0.00000,0.70711,1201.22
quat0,0.67617,-0.24053,0.67192,0.18293,1201.24
quat1,-0.48297,0.67137,0.23634,0.51004,1201.24
quat2,-0.67446,0.09846,-0.03547,0.73086,1201.24
quat3,-0.36970,0.61765,0.43130,0.54389,1201.24
quat4,-0.25535,0.66878,0.69261,-0.08848,1201.24
quat5,0.00000,0.70711,0.00000,0.70711,1201.24
quat6,0.00000,0.70711,0.00000,0.70711,1201.24
quat7,0.00000,0.70711,0.00000,0.70711,1201.24
quat8,0.00000,0.70711,0.00000,0.70711,1201.24
quat0,0.67586,-0.23957,0.67254,0.18304,1201.26
quat1,-0.48955,0.68475,0.23227,0.48735,1201.26
quat2,-0.67866,0.12052,-0.04700,0.72297,1201.26
quat3,-0.35585,0.60446,0.43341,0.56582,1201.26
quat4,-0.23665,0.67988,0.69102,-0.06527,1201.26
quat5,0.00000,0.70711,0.00000,0.70711,1201.26
quat6,0.00000,0.70711,0.00000,0.70711,1201.26
quat7,0.00000,0.70711,0.00000,0.70711,1201.26
quat8,0.00000,0.70711,0.00000,0.70711,1201.26
quat0,0.67463,-0.23853,0.67428,0.18255,1201.28
quat1,-0.49681,0.69527,0.22887,0.46627,1201.28
quat2,-0.68303,0.14087,-0.05812,0.71432,1201.28
quat3,-0.34075,0.59182,0.43365,0.58786,1201.28
quat4,-0.21771,0.69104,0.68780,-0.04478,1201.28
quat5,0.00000,0.70711,0.00000,0.70711,1201.28
quat6,0.00000,0.70711,0.00000,0.70711,1201.28
quat7,0.00000,0.70711,0.00000,0.70711,1201.28
quat8,0.00000,0.70711,0.00000,0.70711,1201.28
quat0,0.67288,-0.23821,0.67627,0.18209,1201.3
quat1,-0.50607,0.70020,0.22356,0.45125,1201.3
quat2,-0.68771,0.15864,-0.07105,0.70487,1201.3
quat3,-0.32633,0.57986,0.43261,0.60838,1201.3
quat4,-0.19737,0.70231,0.68340,-0.02773,1201.3
quat5,0.00000,0.70711,0.00000,0.70711,1201.3
quat6,0.00000,0.70711,0.00000,0.70711,1201.3
quat7,0.00000,0.70711,0.00000,0.70711,1201.3
quat8,0.00000,0.70711,0.00000,0.70711,1201.3
quat0,0.67212,-0.23709,0.67743,0.18203,1201.32
quat1,-0.51758,0.69794,0.21484,0.44591,1201.32
quat2,-0.69115,0.17129,-0.08774,0.69662,1201.32
quat3,-0.31326,0.57035,0.43115,0.62505,1201.32
quat4,-0.17540,0.71385,0.67782,-0.01489,1201.32
quat5,0.00000,0.70711,0.00000,0.70711,1201.32
quat6,0.00000,0.70711,0.00000,0.70711,1201.32
quat7,0.00000,0.70711,0.00000,0.70711,1201.32
quat8,0.00000,0.70711,0.00000,0.70711,1201.32
quat0,0.67132,-0.23596,0.67872,0.18163,1201.34
quat1,-0.53004,0.69112,0.20346,0.44723,1201.34
quat2,-0.69387,0.18134,-0.10489,0.68895,1201.34
quat3,-0.30208,0.56524,0.42948,0.63624,1201.34
quat4,-0.15580,0.72383,0.67215,-0.00341,1201.34
quat5,0.00000,0.70711,0.00000,0.70711,1201.34
quat6,0.00000,0.70711,0.00000,0.70711,1201.34
quat7,0.00000,0.70711,0.00000,0.70711,1201.34
quat8,0.00000,0.70711,0.00000,0.70711,1201.34
quat0,0.67175,-0.23486,0.67870,0.18154,1201.36
quat1,-0.54194,0.68271,0.19140,0.45119,1201.36
quat2,-0.69678,0.19056,-0.11957,0.68109,1201.36
quat3,-0.29207,0.56695,0.42701,0.64103,1201.36
quat4,-0.14277,0.73211,0.66603,0.00688,1201.36
quat5,0.00000,0.70711,0.00000,0.70711,1201.36
quat6,0.00000,0.70711,0.00000,0.70711,1201.36
quat7,0.00000,0.70711,0.00000,0.70711,1201.36
quat8,0.00000,0.70711,0.00000,0.70711,1201.36
quat0,0.67298,-0.23467,0.67751,0.18168,1201.38
quat1,-0.55113,0.67483,0.18265,0.45552,1201.38
quat2,-0.70039,0.19760,-0.12997,0.67344,1201.38
quat3,-0.28448,0.57342,0.42277,0.64150,1201.38
quat4,-0.13716,0.73853,0.65994,0.01521,1201.38
quat5,0.00000,0.70711,0.00000,0.70711,1201.38
quat6,0.00000,0.70711,0.00000,0.70711,1201.38
quat7,0.00000,0.70711,0.00000,0.70711,1201.38
quat8,0.00000,0.70711,0.00000,0.70711,1201.38
quat0,0.67394,-0.23487,0.67619,0.18280,1201.4
quat1,-0.55663,0.66805,0.18143,0.45929,1201.4
quat2,-0.70474,0.20064,-0.13522,0.66693,1201.4
quat3,-0.28112,0.58034,0.41680,0.64067,1201.4
quat4,-0.13770,0.74327,0.65440,0.01862,1201.4
quat5,0.00000,0.70711,0.00000,0.70711,1201.4
quat6,0.00000,0.70711,0.00000,0.70711,1201.4
quat7,0.00000,0.70711,0.00000,0.70711,1201.4
quat8,0.00000,0.70711,0.00000,0.70711,1201.4
quat0,0.67496,-0.23595,0.67440,0.18423,1201.42
quat1,-0.55826,0.66262,0.18876,0.46222,1201.42
quat2,-0.71022,0.19800,-0.13481,0.66198,1201.42
quat3,-0.28279,0.58583,0.40914,0.63987,1201.42
quat4,-0.14546,0.74616,0.64949,0.01589,1201.42
quat5,0.00000,0.70711,0.00000,0.70711,1201.42
quat6,0.00000,0.70711,0.00000,0.70711,1201.42
quat7,0.00000,0.70711,0.00000,0.70711,1201.42
quat8,0.00000,0.70711,0.00000,0.70711,1201.42
quat0,0.67588,-0.23716,0.67285,0.18496,1201.44
quat1,-0.55654,0.65831,0.20252,0.46463,1201.44
quat2,-0.71675,0.19025,-0.12781,0.65859,1201.44
quat3,-0.28919,0.58961,0.40110,0.63863,1201.44
quat4,-0.16052,0.74717,0.64490,0.00883,1201.44
quat5,0.00000,0.70711,0.00000,0.70711,1201.44
quat6,0.00000,0.70711,0.00000,0.70711,1201.44
quat7,0.00000,0.70711,0.00000,0.70711,1201.44
quat8,0.00000,0.70711,0.00000,0.70711,1201.44
quat0,0.67634,-0.23870,0.67150,0.18624,1201.46
quat1,-0.55274,0.65412,0.21902,0.46758,1201.46
quat2,-0.72371,0.17759,-0.11474,0.65691,1201.46
quat3,-0.29947,0.59394,0.39422,0.63416,1201.46
quat4,-0.17908,0.74728,0.63991,-0.00342,1201.46
quat5,0.00000,0.70711,0.00000,0.70711,1201.46
quat6,0.00000,0.70711,0.00000,0.70711,1201.46
quat7,0.00000,0.70711,0.00000,0.70711,1201.46
quat8,0.00000,0.70711,0.00000,0.70711,1201.46
quat0,0.67704,-0.24079,0.66966,0.18761,1201.48
quat1,-0.54800,0.64959,0.23512,0.47165,1201.48
quat2,-0.73064,0.16205,-0.09547,0.65635,1201.48
quat3,-0.31200,0.60016,0.38880,0.62554,1201.48
quat4,-0.19722,0.74713,0.63436,-0.02215,1201.48
quat5,0.00000,0.70711,0.00000,0.70711,1201.48
quat6,0.00000,0.70711,0.00000,0.70711,1201.48
quat7,0.00000,0.70711,0.00000,0.70711,1201.48
quat8,0.00000,0.70711,0.00000,0.70711,1201.48
quat0,0.67842,-0.24270,0.66714,0.18914,1201.5
quat1,-0.54358,0.64327,0.24728,0.47914,1201.5
quat2,-0.73615,0.14219,-0.07334,0.65764,1201.5
quat3,-0.32367,0.61166,0.38489,0.61072,1201.5
quat4,-0.21386,0.74615,0.62874,-0.04703,1201.5
quat5,0.00000,0.70711,0.00000,0.70711,1201.5
quat6,0.00000,0.70711,0.00000,0.70711,1201.5
quat7,0.00000,0.70711,0.00000,0.70711,1201.5
quat8,0.00000,0.70711,0.00000,0.70711,1201.5
quat0,0.67974,-0.24312,0.66552,0.18955,1201.52
quat1,-0.53899,0.63504,0.25602,0.49058,1201.52
quat2,-0.74021,0.11929,-0.04833,0.65994,1201.52
quat3,-0.33279,0.62773,0.38077,0.59179,1201.52
quat4,-0.23168,0.74375,0.62264,-0.07400,1201.52
quat5,0.00000,0.70711,0.00000,0.70711,1201.52
quat6,0.00000,0.70711,0.00000,0.70711,1201.52
quat7,0.00000,0.70711,0.00000,0.70711,1201.52
quat8,0.00000,0.70711,0.00000,0.70711,1201.52
quat0,0.68089,-0.24317,0.66435,0.18947,1201.54
quat1,-0.53347,0.62677,0.26272,0.50354,1201.54
quat2,-0.74261,0.09287,-0.02117,0.66291,1201.54
quat3,-0.34161,0.64429,0.37461,0.57258,1201.54
quat4,-0.24952,0.73969,0.61626,-0.10402,1201.54
quat5,0.00000,0.70711,0.00000,0.70711,1201.54
quat6,0.00000,0.70711,0.00000,0.70711,1201.54
quat7,0.00000,0.70711,0.00000,0.70711,1201.54
quat8,0.00000,0.70711,0.00000,0.70711,1201.54
quat0,0.68223,-0.24294,0.66311,0.18928,1201.56
quat1,-0.52772,0.61879,0.26815,0.51644,1201.56
quat2,-0.74375,0.06658,0.00952,0.66506,1201.56
quat3,-0.35016,0.65978,0.36854,0.55341,1201.56
quat4,-0.26970,0.73342,0.60960,-0.13325,1201.56
quat5,0.00000,0.70711,0.00000,0.70711,1201.56
quat6,0.00000,0.70711,0.00000,0.70711,1201.56
quat7,0.00000,0.70711,0.00000,0.70711,1201.56
quat8,0.00000,0.70711,0.00000,0.70711,1201.56
quat0,0.68310,-0.24170,0.66296,0.18826,1201.58
quat1,-0.52166,0.61108,0.27289,0.52913,1201.58
quat2,-0.74281,0.04163,0.04110,0.66694,1201.58
quat3,-0.35804,0.67531,0.36307,0.53286,1201.58
quat4,-0.28968,0.72578,0.60248,-0.16231,1201.58
quat5,0.00000,0.70711,0.00000,0.70711,1201.58
quat6,0.00000,0.70711,0.00000,0.70711,1201.58
quat7,0.00000,0.70711,0.00000,0.70711,1201.58
quat8,0.00000,0.70711,0.00000,0.70711,1201.58
quat0,0.68358,-0.24052,0.66333,0.18669,1201.6
quat1,-0.51382,0.60113,0.27959,0.54449,1201.6
quat2,-0.73996,0.01885,0.07098,0.66863,1201.6
quat3,-0.36488,0.69054,0.35840,0.51144,1201.6
quat4,-0.30873,0.71682,0.59567,-0.18981,1201.6
quat5,0.00000,0.70711,0.00000,0.70711,1201.6
quat6,0.00000,0.70711,0.00000,0.70711,1201.6
quat7,0.00000,0.70711,0.00000,0.70711,1201.6
quat8,0.00000,0.70711,0.00000,0.70711,1201.6
quat0,0.68354,-0.23800,0.66493,0.18439,1201.62
quat1,-0.50486,0.58901,0.28638,0.56229,1201.62
quat2,-0.73557,-0.00443,0.09554,0.67066,1201.62
quat3,-0.37069,0.70457,0.35392,0.49082,1201.62
quat4,-0.32515,0.70684,0.58955,-0.21696,1201.62
quat5,0.00000,0.70711,0.00000,0.70711,1201.62
quat6,0.00000,0.70711,0.00000,0.70711,1201.62
quat7,0.00000,0.70711,0.00000,0.70711,1201.62
quat8,0.00000,0.70711,0.00000,0.70711,1201.62
quat0,0.68252,-0.23466,0.66799,0.18135,1201.64
quat1,-0.49754,0.57665,0.29227,0.57837,1201.64
quat2,-0.73124,-0.02773,0.11182,0.67232,1201.64
quat3,-0.37502,0.71718,0.35020,0.47156,1201.64
quat4,-0.34014,0.69656,0.58417,-0.24051,1201.64
quat5,0.00000,0.70711,0.00000,0.70711,1201.64
quat6,0.00000,0.70711,0.00000,0.70711,1201.64
quat7,0.00000,0.70711,0.00000,0.70711,1201.64
quat8,0.00000,0.70711,0.00000,0.70711,1201.64
quat0,0.68208,-0.23242,0.67008,0.17818,1201.66
quat1,-0.49092,0.56514,0.29879,0.59190,1201.66
quat2,-0.72764,-0.05087,0.11830,0.67376,1201.66
quat3,-0.37650,0.72806,0.34838,0.45475,1201.66
quat4,-0.35263,0.68683,0.57916,-0.26171,1201.66
quat5,0.00000,0.70711,0.00000,0.70711,1201.66
quat6,0.00000,0.70711,0.00000,0.70711,1201.66
quat7,0.00000,0.70711,0.00000,0.70711,1201.66
quat8,0.00000,0.70711,0.00000,0.70711,1201.66
quat0,0.68154,-0.23063,0.67212,0.17484,1201.68
quat1,-0.48486,0.55438,0.30451,0.60403,1201.68
quat2,-0.72548,-0.07125,0.11884,0.67415,1201.68
quat3,-0.37757,0.73738,0.34696,0.43969,1201.68
quat4,-0.36161,0.67782,0.57521,-0.28096,1201.68
quat5,0.00000,0.70711,0.00000,0.70711,1201.68
quat6,0.00000,0.70711,0.00000,0.70711,1201.68
quat7,0.00000,0.70711,0.00000,0.70711,1201.68
quat8,0.00000,0.70711,0.00000,0.70711,1201.68
quat0,0.68002,-0.22970,0.67453,0.17271,1201.7
quat1,-0.47990,0.54641,0.30794,0.61344,1201.7
quat2,-0.72348,-0.09039,0.11266,0.67507,1201.7
quat3,-0.37841,0.74365,0.34719,0.42808,1201.7
quat4,-0.36964,0.66919,0.57297,-0.29539,1201.7
quat5,0.00000,0.70711,0.00000,0.70711,1201.7
quat6,0.00000,0.70711,0.00000,0.70711,1201.7
quat7,0.00000,0.70711,0.00000,0.70711,1201.7
quat8,0.00000,0.70711,0.00000,0.70711,1201.7
quat0,0.67869,-0.22867,0.67657,0.17127,1201.72
quat1,-0.47667,0.54121,0.30953,0.61973,1201.72
quat2,-0.72279,-0.10362,0.10797,0.67467,1201.72
quat3,-0.37842,0.74765,0.34770,0.42062,1201.72
quat4,-0.38185,0.66165,0.57071,-0.30118,1201.72
quat5,0.00000,0.70711,0.00000,0.70711,1201.72
quat6,0.00000,0.70711,0.00000,0.70711,1201.72
quat7,0.00000,0.70711,0.00000,0.70711,1201.72
quat8,0.00000,0.70711,0.00000,0.70711,1201.72
quat0,0.67787,-0.22847,0.67756,0.17088,1201.74
quat1,-0.47561,0.53947,0.31044,0.62160,1201.74
quat2,-0.72346,-0.10888,0.10413,0.67373,1201.74
quat3,-0.37754,0.74919,0.34851,0.41800,1201.74
quat4,-0.38819,0.65959,0.56934,-0.30016,1201.74
quat5,0.00000,0.70711,0.00000,0.70711,1201.74
quat6,0.00000,0.70711,0.00000,0.70711,1201.74
quat7,0.00000,0.70711,0.00000,0.70711,1201.74
quat8,0.00000,0.70711,0.00000,0.70711,1201.74
quat0,0.67687,-0.22873,0.67835,0.17139,1201.76
quat1,-0.47671,0.54147,0.31013,0.61918,1201.76
quat2,-0.72499,-0.10393,0.10400,0.67289,1201.76
quat3,-0.37661,0.74792,0.34853,0.42108,1201.76
quat4,-0.37916,0.66165,0.57303,-0.30014,1201.76
quat5,0.00000,0.70711,0.00000,0.70711,1201.76
quat6,0.00000,0.70711,0.00000,0.70711,1201.76
quat7,0.00000,0.70711,0.00000,0.70711,1201.76
quat8,0.00000,0.70711,0.00000,0.70711,1201.76
quat0,0.67645,-0.22867,0.67850,0.17253,1201.78
quat1,-0.47931,0.54553,0.30831,0.61449,1201.78
quat2,-0.72648,-0.08742,0.10739,0.67309,1201.78
quat3,-0.37545,0.74427,0.34824,0.42876,1201.78
quat4,-0.35778,0.66426,0.58057,-0.30610,1201.78
quat5,0.00000,0.70711,0.00000,0.70711,1201.78
quat6,0.00000,0.70711,0.00000,0.70711,1201.78
quat7,0.00000,0.70711,0.00000,0.70711,1201.78
quat8,0.00000,0.70711,0.00000,0.70711,1201.78
quat0,0.67631,-0.22894,0.67821,0.17387,1201.8
quat1,-0.48277,0.55073,0.30446,0.60904,1201.8
quat2,-0.72773,-0.06661,0.10876,0.67391,1201.8
quat3,-0.37303,0.73902,0.34919,0.43904,1201.8
quat4,-0.34241,0.66783,0.58631,-0.30494,1201.8
quat5,0.00000,0.70711,0.00000,0.70711,1201.8
quat6,0.00000,0.70711,0.00000,0.70711,1201.8
quat7,0.00000,0.70711,0.00000,0.70711,1201.8
quat8,0.00000,0.70711,0.00000,0.70711,1201.8
quat0,0.67603,-0.22951,0.67786,0.17553,1201.82
quat1,-0.48685,0.55821,0.29948,0.60141,1201.82
quat2,-0.72946,-0.04661,0.10201,0.67477,1201.82
quat3,-0.36963,0.73275,0.35144,0.45048,1201.82
quat4,-0.33134,0.67526,0.59055,-0.29239,1201.82
quat5,0.00000,0.70711,0.00000,0.70711,1201.82
quat6,0.00000,0.70711,0.00000,0.70711,1201.82
quat7,0.00000,0.70711,0.00000,0.70711,1201.82
quat8,0.00000,0.70711,0.00000,0.70711,1201.82
quat0,0.67573,-0.23034,0.67742,0.17729,1201.84
quat1,-0.49095,0.56831,0.29443,0.59102,1201.84
quat2,-0.73180,-0.02575,0.08767,0.67537,1201.84
quat3,-0.36661,0.72513,0.35392,0.46316,1201.84
quat4,-0.31925,0.68419,0.59517,-0.27519,1201.84
quat5,0.00000,0.70711,0.00000,0.70711,1201.84
quat6,0.00000,0.70711,0.00000,0.70711,1201.84
quat7,0.00000,0.70711,0.00000,0.70711,1201.84
quat8,0.00000,0.70711,0.00000,0.70711,1201.84
quat0,0.67568,-0.23129,0.67672,0.17893,1201.86
quat1,-0.49558,0.57944,0.28877,0.57902,1201.86
quat2,-0.73383,-0.00373,0.06917,0.67580,1201.86
quat3,-0.36322,0.71517,0.35787,0.47806,1201.86
quat4,-0.30709,0.69418,0.59916,-0.25459,1201.86
quat5,0.00000,0.70711,0.00000,0.70711,1201.86
quat6,0.00000,0.70711,0.00000,0.70711,1201.86
quat7,0.00000,0.70711,0.00000,0.70711,1201.86
quat8,0.00000,0.70711,0.00000,0.70711,1201.86
quat0,0.67582,-0.23219,0.67589,0.18037,1201.88
quat1,-0.50034,0.59144,0.28281,0.56557,1201.88
quat2,-0.73460,0.01793,0.04811,0.67656,1201.88
quat3,-0.35861,0.70326,0.36255,0.49536,1201.88
quat4,-0.29460,0.70451,0.60288,-0.23113,1201.88
quat5,0.00000,0.70711,0.00000,0.70711,1201.88
quat6,0.00000,0.70711,0.00000,0.70711,1201.88
quat7,0.00000,0.70711,0.00000,0.70711,1201.88
quat8,0.00000,0.70711,0.00000,0.70711,1201.88
quat0,0.67625,-0.23284,0.67495,0.18140,1201.9
quat1,-0.50462,0.60485,0.27656,0.55048,1201.9
quat2,-0.73422,0.04105,0.02736,0.67712,1201.9
quat3,-0.35377,0.68976,0.36643,0.51460,1201.9
quat4,-0.28296,0.71371,0.60737,-0.20409,1201.9
quat5,0.00000,0.70711,0.00000,0.70711,1201.9
quat6,0.00000,0.70711,0.00000,0.70711,1201.9
quat7,0.00000,0.70711,0.00000,0.70711,1201.9
quat8,0.00000,0.70711,0.00000,0.70711,1201.9
quat0,0.67640,-0.23332,0.67451,0.18186,1201.92
quat1,-0.50836,0.61879,0.26854,0.53531,1201.92
quat2,-0.73262,0.06437,0.00730,0.67755,1201.92
quat3,-0.34876,0.67561,0.36889,0.53463,1201.92
quat4,-0.27151,0.72123,0.61257,-0.17571,1201.92
quat5,0.00000,0.70711,0.00000,0.70711,1201.92
quat6,0.00000,0.70711,0.00000,0.70711,1201.92
quat7,0.00000,0.70711,0.00000,0.70711,1201.92
quat8,0.00000,0.70711,0.00000,0.70711,1201.92
quat0,0.67709,-0.23310,0.67381,0.18218,1201.94
quat1,-0.51124,0.63219,0.25982,0.52102,1201.94
quat2,-0.72994,0.08735,-0.01109,0.67782,1201.94
quat3,-0.34432,0.65994,0.37054,0.55554,1201.94
quat4,-0.26208,0.72658,0.61816,-0.14585,1201.94
quat5,0.00000,0.70711,0.00000,0.70711,1201.94
quat6,0.00000,0.70711,0.00000,0.70711,1201.94
quat7,0.00000,0.70711,0.00000,0.70711,1201.94
quat8,0.00000,0.70711,0.00000,0.70711,1201.94
quat0,0.67729,-0.23295,0.67369,0.18208,1201.96
quat1,-0.51213,0.64645,0.25154,0.50651,1201.96
quat2,-0.72550,0.10696,-0.03003,0.67920,1201.96
quat3,-0.34077,0.64366,0.37118,0.57602,1201.96
quat4,-0.25327,0.72969,0.62441,-0.11625,1201.96
quat5,0.00000,0.70711,0.00000,0.70711,1201.96
quat6,0.00000,0.70711,0.00000,0.70711,1201.96
quat7,0.00000,0.70711,0.00000,0.70711,1201.96
quat8,0.00000,0.70711,0.00000,0.70711,1201.96
quat0,0.67754,-0.23303,0.67345,0.18195,1201.98
quat1,-0.51148,0.66029,0.24493,0.49235,1201.98
quat2,-0.71920,0.12316,-0.05088,0.68191,1201.98
quat3,-0.33770,0.62839,0.37219,0.59377,1201.98
quat4,-0.24567,0.73098,0.63049,-0.08832,1201.98
quat5,0.00000,0.70711,0.00000,0.70711,1201.98
quat6,0.00000,0.70711,0.00000,0.70711,1201.98
quat7,0.00000,0.70711,0.00000,0.70711,1201.98
quat8,0.00000,0.70711,0.00000,0.70711,1201.98
quat0,0.67754,-0.23320,0.67356,0.18130,1202
quat1,-0.51094,0.66978,0.23902,0.48291,1202
quat2,-0.71004,0.13551,-0.07534,0.68688,1202
quat3,-0.33461,0.61561,0.37429,0.60743,1202
quat4,-0.23716,0.73100,0.63666,-0.06365,1202
quat5,0.00000,0.70711,0.00000,0.70711,1202
quat6,0.00000,0.70711,0.00000,0.70711,1202
quat7,0.00000,0.70711,0.00000,0.70711,1202
quat8,0.00000,0.70711,0.00000,0.70711,1202
quat0,0.67774,-0.23378,0.67336,0.18058,1202.02
quat1,-0.51224,0.67328,0.23238,0.47989,1202.02
quat2,-0.69949,0.14633,-0.09906,0.69245,1202.02
quat3,-0.33271,0.60786,0.37779,0.61407,1202.02
quat4,-0.22965,0.72933,0.64319,-0.04059,1202.02
quat5,0.00000,0.70711,0.00000,0.70711,1202.02
quat6,0.00000,0.70711,0.00000,0.70711,1202.02
quat7,0.00000,0.70711,0.00000,0.70711,1202.02
quat8,0.00000,0.70711,0.00000,0.70711,1202.02
quat0,0.67764,-0.23484,0.67328,0.17986,1202.04
quat1,-0.51395,0.67270,0.22531,0.48225,1202.04
quat2,-0.68879,0.15598,-0.11798,0.69808,1202.04
quat3,-0.33234,0.60425,0.38287,0.61469,1202.04
quat4,-0.22637,0.72602,0.64905,-0.01978,1202.04
quat5,0.00000,0.70711,0.00000,0.70711,1202.04
quat6,0.00000,0.70711,0.00000,0.70711,1202.04
quat7,0.00000,0.70711,0.00000,0.70711,1202.04
quat8,0.00000,0.70711,0.00000,0.70711,1202.04
quat0,0.67657,-0.23663,0.67361,0.18032,1202.06
quat1,-0.51363,0.67134,0.21967,0.48707,1202.06
quat2,-0.67930,0.16410,-0.13009,0.70335,1202.06
quat3,-0.33432,0.60280,0.38809,0.61176,1202.06
quat4,-0.22842,0.72114,0.65404,-0.00320,1202.06
quat5,0.00000,0.70711,0.00000,0.70711,1202.06
quat6,0.00000,0.70711,0.00000,0.70711,1202.06
quat7,0.00000,0.70711,0.00000,0.70711,1202.06
quat8,0.00000,0.70711,0.00000,0.70711,1202.06
quat0,0.67586,-0.23800,0.67388,0.18013,1202.08
quat1,-0.50898,0.67251,0.21861,0.49079,1202.08
quat2,-0.67207,0.16832,-0.13485,0.70838,1202.08
quat3,-0.33789,0.60467,0.39252,0.60509,1202.08
quat4,-0.23410,0.71532,0.65841,0.00433,1202.08
quat5,0.00000,0.70711,0.00000,0.70711,1202.08
quat6,0.00000,0.70711,0.00000,0.70711,1202.08
quat7,0.00000,0.70711,0.00000,0.70711,1202.08
quat8,0.00000,0.70711,0.00000,0.70711,1202.08
quat0,0.67635,-0.23860,0.67333,0.17957,1202.1
quat1,-0.49945,0.67657,0.22432,0.49243,1202.1
quat2,-0.66684,0.16533,-0.13351,0.71426,1202.1
quat3,-0.34270,0.60875,0.39587,0.59605,1202.1
quat4,-0.24378,0.70868,0.66207,0.00230,1202.1
quat5,0.00000,0.70711,0.00000,0.70711,1202.1
quat6,0.00000,0.70711,0.00000,0.70711,1202.1
quat7,0.00000,0.70711,0.00000,0.70711,1202.1
quat8,0.00000,0.70711,0.00000,0.70711,1202.1
quat0,0.67672,-0.24053,0.67223,0.17971,1202.12
quat1,-0.48665,0.68157,0.23541,0.49317,1202.12
quat2,-0.66213,0.15202,-0.12863,0.72244,1202.12
quat3,-0.34895,0.61360,0.39786,0.58604,1202.12
quat4,-0.25646,0.70173,0.66464,-0.00701,1202.12
quat5,0.00000,0.70711,0.00000,0.70711,1202.12
quat6,0.00000,0.70711,0.00000,0.70711,1202.12
quat7,0.00000,0.70711,0.00000,0.70711,1202.12
quat8,0.00000,0.70711,0.00000,0.70711,1202.12
quat0,0.67753,-0.24239,0.67062,0.18020,1202.14
quat1,-0.47247,0.68536,0.24753,0.49576,1202.14
quat2,-0.65721,0.12933,-0.12206,0.73243,1202.14
quat3,-0.35733,0.61923,0.39865,0.57440,1202.14
quat4,-0.27000,0.69461,0.66636,-0.02412,1202.14
quat5,0.00000,0.70711,0.00000,0.70711,1202.14
quat6,0.00000,0.70711,0.00000,0.70711,1202.14
quat7,0.00000,0.70711,0.00000,0.70711,1202.14
quat8,0.00000,0.70711,0.00000,0.70711,1202.14
quat0,0.67878,-0.24296,0.66914,0.18022,1202.16
quat1,-0.46003,0.68517,0.25637,0.50317,1202.16
quat2,-0.65369,0.10365,-0.10970,0.74156,1202.16
quat3,-0.36675,0.62519,0.39904,0.56161,1202.16
quat4,-0.28600,0.68658,0.66679,-0.04689,1202.16
quat5,0.00000,0.70711,0.00000,0.70711,1202.16
quat6,0.00000,0.70711,0.00000,0.70711,1202.16
quat7,0.00000,0.70711,0.00000,0.70711,1202.16
quat8,0.00000,0.70711,0.00000,0.70711,1202.16
quat0,0.67960,-0.24444,0.66765,0.18068,1202.18
quat1,-0.45059,0.67954,0.26036,0.51712,1202.18
quat2,-0.65088,0.07591,-0.09231,0.74971,1202.18
quat3,-0.37553,0.63325,0.39937,0.54634,1202.18
quat4,-0.30397,0.67766,0.66560,-0.07315,1202.18
quat5,0.00000,0.70711,0.00000,0.70711,1202.18
quat6,0.00000,0.70711,0.00000,0.70711,1202.18
quat7,0.00000,0.70711,0.00000,0.70711,1202.18
quat8,0.00000,0.70711,0.00000,0.70711,1202.18
quat0,0.67992,-0.24580,0.66654,0.18168,1202.2
quat1,-0.44400,0.66882,0.26144,0.53590,1202.2
quat2,-0.64796,0.04611,-0.07134,0.75693,1202.2
quat3,-0.38321,0.64257,0.40033,0.52913,1202.2
quat4,-0.32427,0.66789,0.66241,-0.09991,1202.2
quat5,0.00000,0.70711,0.00000,0.70711,1202.2
quat6,0.00000,0.70711,0.00000,0.70711,1202.2
quat7,0.00000,0.70711,0.00000,0.70711,1202.2
quat8,0.00000,0.70711,0.00000,0.70711,1202.2
quat0,0.68117,-0.24539,0.66587,0.18004,1202.22
quat1,-0.43926,0.65470,0.26203,0.55657,1202.22
quat2,-0.64482,0.01497,-0.04556,0.76283,1202.22
quat3,-0.38939,0.65425,0.40121,0.50928,1202.22
quat4,-0.34390,0.65744,0.65786,-0.12934,1202.22
quat5,0.00000,0.70711,0.00000,0.70711,1202.22
quat6,0.00000,0.70711,0.00000,0.70711,1202.22
quat7,0.00000,0.70711,0.00000,0.70711,1202.22
quat8,0.00000,0.70711,0.00000,0.70711,1202.22
quat0,0.68222,-0.24547,0.66512,0.17871,1202.24
quat1,-0.43368,0.64098,0.26425,0.57554,1202.24
quat2,-0.64132,-0.01391,-0.01248,0.76705,1202.24
quat3,-0.39447,0.66751,0.40092,0.48794,1202.24
quat4,-0.36344,0.64636,0.65188,-0.15870,1202.24
quat5,0.00000,0.70711,0.00000,0.70711,1202.24
quat6,0.00000,0.70711,0.00000,0.70711,1202.24
quat7,0.00000,0.70711,0.00000,0.70711,1202.24
quat8,0.00000,0.70711,0.00000,0.70711,1202.24
quat0,0.68266,-0.24584,0.66476,0.17785,1202.26
quat1,-0.42589,0.62942,0.26856,0.59189,1202.26
quat2,-0.63572,-0.04226,0.02417,0.77038,1202.26
quat3,-0.39890,0.68187,0.39988,0.46478,1202.26
quat4,-0.38046,0.63552,0.64507,-0.18775,1202.26
quat5,0.00000,0.70711,0.00000,0.70711,1202.26
quat6,0.00000,0.70711,0.00000,0.70711,1202.26
quat7,0.00000,0.70711,0.00000,0.70711,1202.26
quat8,0.00000,0.70711,0.00000,0.70711,1202.26
quat0,0.68255,-0.24525,0.66565,0.17575,1202.28
quat1,-0.41831,0.61787,0.27323,0.60712,1202.28
quat2,-0.62773,-0.06982,0.06274,0.77275,1202.28
quat3,-0.40294,0.69593,0.39765,0.44180,1202.28
quat4,-0.39408,0.62587,0.63809,-0.21409,1202.28
quat5,0.00000,0.70711,0.00000,0.70711,1202.28
quat6,0.00000,0.70711,0.00000,0.70711,1202.28
quat7,0.00000,0.70711,0.00000,0.70711,1202.28
quat8,0.00000,0.70711,0.00000,0.70711,1202.28
quat0,0.68301,-0.24494,0.66599,0.17307,1202.3
quat1,-0.41225,0.60530,0.27776,0.62170,1202.3
quat2,-0.61732,-0.09661,0.10130,0.77416,1202.3
quat3,-0.40679,0.70892,0.39401,0.42037,1202.3
quat4,-0.40334,0.61726,0.63193,-0.23869,1202.3
quat5,0.00000,0.70711,0.00000,0.70711,1202.3
quat6,0.00000,0.70711,0.00000,0.70711,1202.3
quat7,0.00000,0.70711,0.00000,0.70711,1202.3
quat8,0.00000,0.70711,0.00000,0.70711,1202.3
quat0,0.68299,-0.24473,0.66658,0.17119,1202.32
quat1,-0.40758,0.58831,0.28210,0.63890,1202.32
quat2,-0.60610,-0.11834,0.13941,0.77409,1202.32
quat3,-0.40978,0.72075,0.39034,0.40030,1202.32
quat4,-0.41038,0.60930,0.62641,-0.26067,1202.32
quat5,0.00000,0.70711,0.00000,0.70711,1202.32
quat6,0.00000,0.70711,0.00000,0.70711,1202.32
quat7,0.00000,0.70711,0.00000,0.70711,1202.32
quat8,0.00000,0.70711,0.00000,0.70711,1202.32
quat0,0.68093,-0.24309,0.67016,0.16771,1202.34
quat1,-0.40288,0.56887,0.28548,0.65771,1202.34
quat2,-0.59537,-0.13916,0.16958,0.77293,1202.34
quat3,-0.41239,0.73017,0.38682,0.38361,1202.34
quat4,-0.41451,0.60211,0.62172,-0.28127,1202.34
quat5,0.00000,0.70711,0.00000,0.70711,1202.34
quat6,0.00000,0.70711,0.00000,0.70711,1202.34
quat7,0.00000,0.70711,0.00000,0.70711,1202.34
quat8,0.00000,0.70711,0.00000,0.70711,1202.34
quat0,0.67923,-0.24161,0.67327,0.16426,1202.36
quat1,-0.39729,0.55067,0.29032,0.67426,1202.36
quat2,-0.58649,-0.15457,0.19087,0.77182,1202.36
quat3,-0.41388,0.73705,0.38468,0.37079,1202.36
quat4,-0.41637,0.59639,0.61823,-0.29791,1202.36
quat5,0.00000,0.70711,0.00000,0.70711,1202.36
quat6,0.00000,0.70711,0.00000,0.70711,1202.36
quat7,0.00000,0.70711,0.00000,0.70711,1202.36
quat8,0.00000,0.70711,0.00000,0.70711,1202.36
quat0,0.67823,-0.24152,0.67482,0.16214,1202.38
quat1,-0.39181,0.53562,0.29374,0.68797,1202.38
quat2,-0.57806,-0.16759,0.20925,0.77070,1202.38
quat3,-0.41399,0.74280,0.38193,0.36193,1202.38
quat4,-0.42208,0.59121,0.61413,-0.30849,1202.38
quat5,0.00000,0.70711,0.00000,0.70711,1202.38
quat6,0.00000,0.70711,0.00000,0.70711,1202.38
quat7,0.00000,0.70711,0.00000,0.70711,1202.38
quat8,0.00000,0.70711,0.00000,0.70711,1202.38
quat0,0.67709,-0.24190,0.67614,0.16080,1202.4
quat1,-0.38770,0.52638,0.29645,0.69622,1202.4
quat2,-0.57267,-0.17741,0.22133,0.76915,1202.4
quat3,-0.41200,0.74766,0.37915,0.35707,1202.4
quat4,-0.42950,0.59252,0.60618,-0.31145,1202.4
quat5,0.00000,0.70711,0.00000,0.70711,1202.4
quat6,0.00000,0.70711,0.00000,0.70711,1202.4
quat7,0.00000,0.70711,0.00000,0.70711,1202.4
quat8,0.00000,0.70711,0.00000,0.70711,1202.4
quat0,0.67579,-0.24221,0.67764,0.15951,1202.42
quat1,-0.38556,0.52256,0.29882,0.69927,1202.42
quat2,-0.57184,-0.18661,0.22292,0.76713,1202.42
quat3,-0.40953,0.74998,0.37843,0.35581,1202.42
quat4,-0.42689,0.59297,0.60541,-0.31564,1202.42
quat5,0.00000,0.70711,0.00000,0.70711,1202.42
quat6,0.00000,0.70711,0.00000,0.70711,1202.42
quat7,0.00000,0.70711,0.00000,0.70711,1202.42
quat8,0.00000,0.70711,0.00000,0.70711,1202.42
quat0,0.67498,-0.24224,0.67850,0.15921,1202.44
quat1,-0.38488,0.52244,0.29975,0.69933,1202.44
quat2,-0.57333,-0.18987,0.21859,0.76646,1202.44
quat3,-0.40688,0.74951,0.37930,0.35891,1202.44
quat4,-0.42085,0.59487,0.60660,-0.31790,1202.44
quat5,0.00000,0.70711,0.00000,0.70711,1202.44
quat6,0.00000,0.70711,0.00000,0.70711,1202.44
quat7,0.00000,0.70711,0.00000,0.70711,1202.44
quat8,0.00000,0.70711,0.00000,0.70711,1202.44
quat0,0.67546,-0.24267,0.67781,0.15952,1202.46
quat1,-0.38554,0.52585,0.29959,0.69648,1202.46
quat2,-0.57671,-0.18726,0.21012,0.76693,1202.46
quat3,-0.40433,0.74683,0.38147,0.36502,1202.46
quat4,-0.41237,0.59866,0.60991,-0.31553,1202.46
quat5,0.00000,0.70711,0.00000,0.70711,1202.46
quat6,0.00000,0.70711,0.00000,0.70711,1202.46
quat7,0.00000,0.70711,0.00000,0.70711,1202.46
quat8,0.00000,0.70711,0.00000,0.70711,1202.46
quat0,0.67556,-0.24361,0.67715,0.16043,1202.48
quat1,-0.38736,0.53320,0.29766,0.69069,1202.48
quat2,-0.58239,-0.18104,0.19304,0.76863,1202.48
quat3,-0.40109,0.74258,0.38490,0.37356,1202.48
quat4,-0.40261,0.60370,0.61490,-0.30879,1202.48
quat5,0.00000,0.70711,0.00000,0.70711,1202.48
quat6,0.00000,0.70711,0.00000,0.70711,1202.48
quat7,0.00000,0.70711,0.00000,0.70711,1202.48
quat8,0.00000,0.70711,0.00000,0.70711,1202.48
quat0,0.67520,-0.24436,0.67699,0.16147,1202.5
quat1,-0.39002,0.54398,0.29468,0.68201,1202.5
quat2,-0.58879,-0.17061,0.17100,0.77135,1202.5
quat3,-0.39763,0.73700,0.38860,0.38433,1202.5
quat4,-0.39376,0.61070,0.62017,-0.29562,1202.5
quat5,0.00000,0.70711,0.00000,0.70711,1202.5
quat6,0.00000,0.70711,0.00000,0.70711,1202.5
quat7,0.00000,0.70711,0.00000,0.70711,1202.5
quat8,0.00000,0.70711,0.00000,0.70711,1202.5
quat0,0.67474,-0.24521,0.67685,0.16269,1202.52
quat1,-0.39269,0.55838,0.29091,0.67036,1202.52
quat2,-0.59463,-0.15491,0.14634,0.77525,1202.52
quat3,-0.39407,0.73000,0.39206,0.39761,1202.52
quat4,-0.38520,0.61936,0.62566,-0.27670,1202.52
quat5,0.00000,0.70711,0.00000,0.70711,1202.52
quat6,0.00000,0.70711,0.00000,0.70711,1202.52
quat7,0.00000,0.70711,0.00000,0.70711,1202.52
quat8,0.00000,0.70711,0.00000,0.70711,1202.52
quat0,0.67442,-0.24638,0.67630,0.16457,1202.54
quat1,-0.39502,0.57571,0.28718,0.65579,1202.54
quat2,-0.59928,-0.13206,0.12313,0.77992,1202.54
quat3,-0.39066,0.72107,0.39511,0.41391,1202.54
quat4,-0.37640,0.62926,0.63123,-0.25281,1202.54
quat5,0.00000,0.70711,0.00000,0.70711,1202.54
quat6,0.00000,0.70711,0.00000,0.70711,1202.54
quat7,0.00000,0.70711,0.00000,0.70711,1202.54
quat8,0.00000,0.70711,0.00000,0.70711,1202.54
quat0,0.67425,-0.24649,0.67610,0.16587,1202.56
quat1,-0.39765,0.59358,0.28235,0.64017,1202.56
quat2,-0.60289,-0.10427,0.10164,0.78442,1202.56
quat3,-0.38727,0.71089,0.39705,0.43245,1202.56
quat4,-0.36370,0.63953,0.63752,-0.22866,1202.56
quat5,0.00000,0.70711,0.00000,0.70711,1202.56
quat6,0.00000,0.70711,0.00000,0.70711,1202.56
quat7,0.00000,0.70711,0.00000,0.70711,1202.56
quat8,0.00000,0.70711,0.00000,0.70711,1202.56
quat0,0.67458,-0.24683,0.67508,0.16817,1202.58
quat1,-0.40145,0.61150,0.27644,0.62329,1202.58
quat2,-0.60542,-0.07171,0.08417,0.78819,1202.58
quat3,-0.38453,0.69868,0.39844,0.45301,1202.58
quat4,-0.34622,0.64976,0.64473,-0.20561,1202.58
quat5,0.00000,0.70711,0.00000,0.70711,1202.58
quat6,0.00000,0.70711,0.00000,0.70711,1202.58
quat7,0.00000,0.70711,0.00000,0.70711,1202.58
quat8,0.00000,0.70711,0.00000,0.70711,1202.58
quat0,0.67521,-0.24724,0.67382,0.17009,1202.6
quat1,-0.40585,0.63112,0.26984,0.60346,1202.6
quat2,-0.60736,-0.03654,0.06985,0.79051,1202.6
quat3,-0.38124,0.68522,0.39910,0.47524,1202.6
quat4,-0.32389,0.65991,0.65201,-0.18576,1202.6
quat5,0.00000,0.70711,0.00000,0.70711,1202.6
quat6,0.00000,0.70711,0.00000,0.70711,1202.6
quat7,0.00000,0.70711,0.00000,0.70711,1202.6
quat8,0.00000,0.70711,0.00000,0.70711,1202.6
quat0,0.67565,-0.24717,0.67309,0.17134,1202.62
quat1,-0.41001,0.65260,0.26367,0.58008,1202.62
quat2,-0.61008,-0.00014,0.05867,0.79017,1202.62
quat3,-0.37735,0.67059,0.39927,0.49850,1202.62
quat4,-0.30069,0.66999,0.65797,-0.16665,1202.62
quat5,0.00000,0.70711,0.00000,0.70711,1202.62
quat6,0.00000,0.70711,0.00000,0.70711,1202.62
quat7,0.00000,0.70711,0.00000,0.70711,1202.62
quat8,0.00000,0.70711,0.00000,0.70711,1202.62
quat0,0.67624,-0.24657,0.67257,0.17192,1202.64
quat1,-0.41421,0.67284,0.25669,0.55662,1202.64
quat2,-0.61316,0.03240,0.04628,0.78794,1202.64
quat3,-0.37243,0.65597,0.39873,0.52155,1202.64
quat4,-0.27759,0.68002,0.66213,-0.14869,1202.64
quat5,0.00000,0.70711,0.00000,0.70711,1202.64
quat6,0.00000,0.70711,0.00000,0.70711,1202.64
quat7,0.00000,0.70711,0.00000,0.70711,1202.64
quat8,0.00000,0.70711,0.00000,0.70711,1202.64
quat0,0.67637,-0.24544,0.67288,0.17177,1202.66
quat1,-0.41834,0.69096,0.25074,0.53357,1202.66
quat2,-0.61667,0.06185,0.03260,0.78411,1202.66
quat3,-0.36619,0.64117,0.39816,0.54431,1202.66
quat4,-0.25645,0.69017,0.66404,-0.13019,1202.66
quat5,0.00000,0.70711,0.00000,0.70711,1202.66
quat6,0.00000,0.70711,0.00000,0.70711,1202.66
quat7,0.00000,0.70711,0.00000,0.70711,1202.66
quat8,0.00000,0.70711,0.00000,0.70711,1202.66
quat0,0.67644,-0.24506,0.67268,0.17285,1202.68
quat1,-0.42419,0.70474,0.24448,0.51346,1202.68
quat2,-0.62034,0.08770,0.01829,0.77920,1202.68
quat3,-0.35828,0.62738,0.39797,0.56537,1202.68
quat4,-0.23622,0.70066,0.66378,-0.11257,1202.68
quat5,0.00000,0.70711,0.00000,0.70711,1202.68
quat6,0.00000,0.70711,0.00000,0.70711,1202.68
quat7,0.00000,0.70711,0.00000,0.70711,1202.68
quat8,0.00000,0.70711,0.00000,0.70711,1202.68
quat0,0.67633,-0.24399,0.67301,0.17351,1202.7
quat1,-0.43195,0.71264,0.23861,0.49863,1202.7
quat2,-0.62498,0.11111,0.00430,0.77268,1202.7
quat3,-0.34945,0.61566,0.39802,0.58347,1202.7
quat4,-0.21660,0.71116,0.66188,-0.09614,1202.7
quat5,0.00000,0.70711,0.00000,0.70711,1202.7
quat6,0.00000,0.70711,0.00000,0.70711,1202.7
quat7,0.00000,0.70711,0.00000,0.70711,1202.7
quat8,0.00000,0.70711,0.00000,0.70711,1202.7
quat0,0.67605,-0.24308,0.67337,0.17449,1202.72
quat1,-0.44163,0.71473,0.23235,0.49004,1202.72
quat2,-0.63013,0.12886,-0.01275,0.76561,1202.72
quat3,-0.33938,0.60732,0.39808,0.59793,1202.72
quat4,-0.19783,0.72160,0.65847,-0.08113,1202.72
quat5,0.00000,0.70711,0.00000,0.70711,1202.72
quat6,0.00000,0.70711,0.00000,0.70711,1202.72
quat7,0.00000,0.70711,0.00000,0.70711,1202.72
quat8,0.00000,0.70711,0.00000,0.70711,1202.72
quat0,0.67599,-0.24199,0.67378,0.17463,1202.74
quat1,-0.45289,0.71212,0.22606,0.48650,1202.74
quat2,-0.63564,0.14103,-0.03140,0.75835,1202.74
quat3,-0.32855,0.60317,0.39795,0.60818,1202.74
quat4,-0.18201,0.73197,0.65330,-0.06550,1202.74
quat5,0.00000,0.70711,0.00000,0.70711,1202.74
quat6,0.00000,0.70711,0.00000,0.70711,1202.74
quat7,0.00000,0.70711,0.00000,0.70711,1202.74
quat8,0.00000,0.70711,0.00000,0.70711,1202.74
quat0,0.67525,-0.24110,0.67469,0.17522,1202.76
quat1,-0.46465,0.70628,0.22059,0.48641,1202.76
quat2,-0.64110,0.14846,-0.04898,0.75137,1202.76
quat3,-0.31785,0.60392,0.39716,0.61361,1202.76
quat4,-0.16949,0.74249,0.64621,-0.04895,1202.76
quat5,0.00000,0.70711,0.00000,0.70711,1202.76
quat6,0.00000,0.70711,0.00000,0.70711,1202.76
quat7,0.00000,0.70711,0.00000,0.70711,1202.76
quat8,0.00000,0.70711,0.00000,0.70711,1202.76
quat0,0.67507,-0.24016,0.67499,0.17605,1202.78
quat1,-0.47547,0.70000,0.21707,0.48663,1202.78
quat2,-0.64729,0.15343,-0.06214,0.74405,1202.78
quat3,-0.30916,0.60836,0.39489,0.61513,1202.78
quat4,-0.16167,0.75194,0.63836,-0.03078,1202.78
quat5,0.00000,0.70711,0.00000,0.70711,1202.78
quat6,0.00000,0.70711,0.00000,0.70711,1202.78
quat7,0.00000,0.70711,0.00000,0.70711,1202.78
quat8,0.00000,0.70711,0.00000,0.70711,1202.78
quat0,0.67561,-0.24011,0.67429,0.17675,1202.8
quat1,-0.48498,0.69306,0.21624,0.48754,1202.8
quat2,-0.65525,0.15692,-0.06933,0.73568,1202.8
quat3,-0.30314,0.61535,0.38984,0.61440,1202.8
quat4,-0.16078,0.75969,0.62997,-0.01287,1202.8
quat5,0.00000,0.70711,0.00000,0.70711,1202.8
quat6,0.00000,0.70711,0.00000,0.70711,1202.8
quat7,0.00000,0.70711,0.00000,0.70711,1202.8
quat8,0.00000,0.70711,0.00000,0.70711,1202.8
quat0,0.67673,-0.24055,0.67290,0.17715,1202.82
quat1,-0.49299,0.68526,0.21904,0.48929,1202.82
quat2,-0.66410,0.15706,-0.07124,0.72748,1202.82
quat3,-0.30038,0.62294,0.38115,0.61355,1202.82
quat4,-0.16485,0.76660,0.62060,0.00106,1202.82
quat5,0.00000,0.70711,0.00000,0.70711,1202.82
quat6,0.00000,0.70711,0.00000,0.70711,1202.82
quat7,0.00000,0.70711,0.00000,0.70711,1202.82
quat8,0.00000,0.70711,0.00000,0.70711,1202.82
quat0,0.67792,-0.24087,0.67145,0.17763,1202.84
quat1,-0.49881,0.67798,0.22547,0.49060,1202.84
quat2,-0.67352,0.15283,-0.06793,0.72000,1202.84
quat3,-0.30165,0.62868,0.36968,0.61409,1202.84
quat4,-0.17040,0.77319,0.61082,0.00611,1202.84
quat5,0.00000,0.70711,0.00000,0.70711,1202.84
quat6,0.00000,0.70711,0.00000,0.70711,1202.84
quat7,0.00000,0.70711,0.00000,0.70711,1202.84
quat8,0.00000,0.70711,0.00000,0.70711,1202.84
quat0,0.67834,-0.24075,0.67083,0.17859,1202.86
quat1,-0.50270,0.67145,0.23355,0.49184,1202.86
quat2,-0.68305,0.14436,-0.05993,0.71345,1202.86
quat3,-0.30647,0.63188,0.35739,0.61569,1202.86
quat4,-0.17760,0.77916,0.60114,0.00116,1202.86
quat5,0.00000,0.70711,0.00000,0.70711,1202.86
quat6,0.00000,0.70711,0.00000,0.70711,1202.86
quat7,0.00000,0.70711,0.00000,0.70711,1202.86
quat8,0.00000,0.70711,0.00000,0.70711,1202.86
quat0,0.67901,-0.24066,0.66994,0.17947,1202.88
quat1,-0.50521,0.66388,0.24156,0.49566,1202.88
quat2,-0.69185,0.13310,-0.04721,0.70809,1202.88
quat3,-0.31213,0.63469,0.34574,0.61661,1202.88
quat4,-0.18821,0.78412,0.59128,-0.01079,1202.88
quat5,0.00000,0.70711,0.00000,0.70711,1202.88
quat6,0.00000,0.70711,0.00000,0.70711,1202.88
quat7,0.00000,0.70711,0.00000,0.70711,1202.88
quat8,0.00000,0.70711,0.00000,0.70711,1202.88
quat0,0.67988,-0.24051,0.66892,0.18015,1202.9
quat1,-0.50679,0.65347,0.24866,0.50429,1202.9
quat2,-0.69950,0.11846,-0.03112,0.70406,1202.9
quat3,-0.31734,0.63916,0.33491,0.61531,1202.9
quat4,-0.20061,0.78807,0.58127,-0.02876,1202.9
quat5,0.00000,0.70711,0.00000,0.70711,1202.9
quat6,0.00000,0.70711,0.00000,0.70711,1202.9
quat7,0.00000,0.70711,0.00000,0.70711,1202.9
quat8,0.00000,0.70711,0.00000,0.70711,1202.9
quat0,0.68065,-0.23940,0.66857,0.18006,1202.92
quat1,-0.50680,0.64230,0.25612,0.51479,1202.92
quat2,-0.70582,0.10136,-0.01224,0.70099,1202.92
quat3,-0.32152,0.64658,0.32495,0.61071,1202.92
quat4,-0.21529,0.79060,0.57095,-0.05124,1202.92
quat5,0.00000,0.70711,0.00000,0.70711,1202.92
quat6,0.00000,0.70711,0.00000,0.70711,1202.92
quat7,0.00000,0.70711,0.00000,0.70711,1202.92
quat8,0.00000,0.70711,0.00000,0.70711,1202.92
quat0,0.68103,-0.23883,0.66820,0.18072,1202.94
quat1,-0.50513,0.63089,0.26423,0.52631,1202.94
quat2,-0.71054,0.08103,0.00848,0.69892,1202.94
quat3,-0.32374,0.65750,0.31780,0.60158,1202.94
quat4,-0.23059,0.79129,0.56088,-0.07809,1202.94
quat5,0.00000,0.70711,0.00000,0.70711,1202.94
quat6,0.00000,0.70711,0.00000,0.70711,1202.94
quat7,0.00000,0.70711,0.00000,0.70711,1202.94
quat8,0.00000,0.70711,0.00000,0.70711,1202.94
quat0,0.68169,-0.23795,0.66790,0.18051,1202.96
quat1,-0.50183,0.62005,0.27258,0.53796,1202.96
quat2,-0.71370,0.05947,0.03178,0.69720,1202.96
quat3,-0.32423,0.67178,0.31332,0.58773,1202.96
quat4,-0.24905,0.78943,0.55106,-0.10537,1202.96
quat5,0.00000,0.70711,0.00000,0.70711,1202.96
quat6,0.00000,0.70711,0.00000,0.70711,1202.96
quat7,0.00000,0.70711,0.00000,0.70711,1202.96
quat8,0.00000,0.70711,0.00000,0.70711,1202.96
quat0,0.68257,-0.23646,0.66777,0.17965,1202.98
quat1,-0.49727,0.61033,0.28120,0.54878,1202.98
quat2,-0.71492,0.03548,0.05689,0.69598,1202.98
quat3,-0.32424,0.68769,0.31025,0.57069,1202.98
quat4,-0.27069,0.78510,0.54123,-0.13199,1202.98
quat5,0.00000,0.70711,0.00000,0.70711,1202.98
quat6,0.00000,0.70711,0.00000,0.70711,1202.98
quat7,0.00000,0.70711,0.00000,0.70711,1202.98
quat8,0.00000,0.70711,0.00000,0.70711,1202.98
quat0,0.68304,-0.23505,0.66814,0.17832,1203
quat1,-0.49093,0.60181,0.29018,0.55912,1203
quat2,-0.71435,0.01002,0.08448,0.69459,1203
quat3,-0.32405,0.70244,0.30848,0.55354,1203
quat4,-0.29559,0.77902,0.53067,-0.15536,1203
quat5,0.00000,0.70711,0.00000,0.70711,1203
quat6,0.00000,0.70711,0.00000,0.70711,1203
quat7,0.00000,0.70711,0.00000,0.70711,1203
quat8,0.00000,0.70711,0.00000,0.70711,1203
quat0,0.68326,-0.23484,0.66801,0.17821,1203.02
quat1,-0.48417,0.59402,0.29772,0.56929,1203.02
quat2,-0.71201,-0.01810,0.11139,0.69304,1203.02
quat3,-0.32396,0.71421,0.30853,0.53830,1203.02
quat4,-0.32014,0.77202,0.51984,-0.17681,1203.02
quat5,0.00000,0.70711,0.00000,0.70711,1203.02
quat6,0.00000,0.70711,0.00000,0.70711,1203.02
quat7,0.00000,0.70711,0.00000,0.70711,1203.02
quat8,0.00000,0.70711,0.00000,0.70711,1203.02
quat0,0.68374,-0.23402,0.66803,0.17742,1203.04
quat1,-0.48000,0.58658,0.30138,0.57853,1203.04
quat2,-0.70857,-0.04602,0.13480,0.69111,1203.04
quat3,-0.32707,0.72452,0.30855,0.52239,1203.04
quat4,-0.34293,0.76482,0.50913,-0.19553,1203.04
quat5,0.00000,0.70711,0.00000,0.70711,1203.04
quat6,0.00000,0.70711,0.00000,0.70711,1203.04
quat7,0.00000,0.70711,0.00000,0.70711,1203.04
quat8,0.00000,0.70711,0.00000,0.70711,1203.04
quat0,0.68386,-0.23311,0.66850,0.17638,1203.06
quat1,-0.47788,0.57629,0.30233,0.59001,1203.06
quat2,-0.70462,-0.07335,0.15329,0.68894,1203.06
quat3,-0.33091,0.73625,0.30862,0.50318,1203.06
quat4,-0.36037,0.75787,0.50022,-0.21340,1203.06
quat5,0.00000,0.70711,0.00000,0.70711,1203.06
quat6,0.00000,0.70711,0.00000,0.70711,1203.06
quat7,0.00000,0.70711,0.00000,0.70711,1203.06
quat8,0.00000,0.70711,0.00000,0.70711,1203.06
quat0,0.68270,-0.23134,0.67072,0.17475,1203.08
quat1,-0.47465,0.56325,0.30424,0.60407,1203.08
quat2,-0.69980,-0.09730,0.16776,0.68751,1203.08
quat3,-0.33423,0.74803,0.30911,0.48291,1203.08
quat4,-0.37133,0.75143,0.49437,-0.23037,1203.08
quat5,0.00000,0.70711,0.00000,0.70711,1203.08
quat6,0.00000,0.70711,0.00000,0.70711,1203.08
quat7,0.00000,0.70711,0.00000,0.70711,1203.08
quat8,0.00000,0.70711,0.00000,0.70711,1203.08
quat0,0.68148,-0.22967,0.67299,0.17295,1203.1
quat1,-0.47236,0.54975,0.30500,0.61777,1203.1
quat2,-0.69534,-0.11756,0.17612,0.68678,1203.1
quat3,-0.33735,0.75661,0.30918,0.46706,1203.1
quat4,-0.37652,0.74596,0.49162,-0.24512,1203.1
quat5,0.00000,0.70711,0.00000,0.70711,1203.1
quat6,0.00000,0.70711,0.00000,0.70711,1203.1
quat7,0.00000,0.70711,0.00000,0.70711,1203.1
quat8,0.00000,0.70711,0.00000,0.70711,1203.1
quat0,0.67977,-0.22847,0.67547,0.17164,1203.12
quat1,-0.46931,0.53698,0.30594,0.63071,1203.12
quat2,-0.69205,-0.13309,0.17856,0.68664,1203.12
quat3,-0.34096,0.76137,0.30792,0.45743,1203.12
quat4,-0.37852,0.74193,0.49122,-0.25488,1203.12
quat5,0.00000,0.70711,0.00000,0.70711,1203.12
quat6,0.00000,0.70711,0.00000,0.70711,1203.12
quat7,0.00000,0.70711,0.00000,0.70711,1203.12
quat8,0.00000,0.70711,0.00000,0.70711,1203.12
quat0,0.67766,-0.22714,0.67836,0.17034,1203.14
quat1,-0.46674,0.52639,0.30622,0.64132,1203.14
quat2,-0.68990,-0.14372,0.17709,0.68704,1203.14
quat3,-0.34374,0.76338,0.30684,0.45270,1203.14
quat4,-0.37803,0.73978,0.49264,-0.25908,1203.14
quat5,0.00000,0.70711,0.00000,0.70711,1203.14
quat6,0.00000,0.70711,0.00000,0.70711,1203.14
quat7,0.00000,0.70711,0.00000,0.70711,1203.14
quat8,0.00000,0.70711,0.00000,0.70711,1203.14
quat0,0.67568,-0.22682,0.68060,0.16967,1203.16
quat1,-0.46508,0.52174,0.30556,0.64662,1203.16
quat2,-0.68853,-0.14776,0.17418,0.68829,1203.16
quat3,-0.34549,0.76256,0.30685,0.45275,1203.16
quat4,-0.37533,0.73911,0.49610,-0.25833,1203.16
quat5,0.00000,0.70711,0.00000,0.70711,1203.16
quat6,0.00000,0.70711,0.00000,0.70711,1203.16
quat7,0.00000,0.70711,0.00000,0.70711,1203.16
quat8,0.00000,0.70711,0.00000,0.70711,1203.16
quat0,0.67406,-0.22683,0.68214,0.16993,1203.18
quat1,-0.46398,0.52251,0.30417,0.64744,1203.18
quat2,-0.68790,-0.14450,0.17164,0.69026,1203.18
quat3,-0.34626,0.75940,0.30782,0.45680,1203.18
quat4,-0.37107,0.73990,0.50123,-0.25224,1203.18
quat5,0.00000,0.70711,0.00000,0.70711,1203.18
quat6,0.00000,0.70711,0.00000,0.70711,1203.18
quat7,0.00000,0.70711,0.00000,0.70711,1203.18
quat8,0.00000,0.70711,0.00000,0.70711,1203.18
quat0,0.67317,-0.22714,0.68275,0.17060,1203.2
quat1,-0.46382,0.52709,0.30132,0.64517,1203.2
quat2,-0.68810,-0.13491,0.16739,0.69304,1203.2
quat3,-0.34550,0.75450,0.30961,0.46421,1203.2
quat4,-0.36549,0.74262,0.50726,-0.24005,1203.2
quat5,0.00000,0.70711,0.00000,0.70711,1203.2
quat6,0.00000,0.70711,0.00000,0.70711,1203.2
quat7,0.00000,0.70711,0.00000,0.70711,1203.2
quat8,0.00000,0.70711,0.00000,0.70711,1203.2
quat0,0.67306,-0.22795,0.68226,0.17191,1203.22
quat1,-0.46461,0.53519,0.29792,0.63949,1203.22
quat2,-0.68954,-0.12114,0.15847,0.69624,1203.22
quat3,-0.34416,0.74798,0.31204,0.47403,1203.22
quat4,-0.35892,0.74708,0.51358,-0.22201,1203.22
quat5,0.00000,0.70711,0.00000,0.70711,1203.22
quat6,0.00000,0.70711,0.00000,0.70711,1203.22
quat7,0.00000,0.70711,0.00000,0.70711,1203.22
quat8,0.00000,0.70711,0.00000,0.70711,1203.22
quat0,0.67360,-0.22891,0.68099,0.17354,1203.24
quat1,-0.46655,0.54611,0.29347,0.63085,1203.24
quat2,-0.69203,-0.10510,0.14279,0.69976,1203.24
quat3,-0.34209,0.73931,0.31541,0.48673,1203.24
quat4,-0.34970,0.75190,0.52143,-0.20118,1203.24
quat5,0.00000,0.70711,0.00000,0.70711,1203.24
quat6,0.00000,0.70711,0.00000,0.70711,1203.24
quat7,0.00000,0.70711,0.00000,0.70711,1203.24
quat8,0.00000,0.70711,0.00000,0.70711,1203.24
quat0,0.67369,-0.22988,0.68022,0.17491,1203.26
quat1,-0.46904,0.55896,0.28824,0.62007,1203.26
quat2,-0.69500,-0.08636,0.12181,0.70333,1203.26
quat3,-0.33925,0.72905,0.31971,0.50117,1203.26
quat4,-0.34055,0.75665,0.52957,-0.17626,1203.26
quat5,0.00000,0.70711,0.00000,0.70711,1203.26
quat6,0.00000,0.70711,0.00000,0.70711,1203.26
quat7,0.00000,0.70711,0.00000,0.70711,1203.26
quat8,0.00000,0.70711,0.00000,0.70711,1203.26
quat0,0.67410,-0.23021,0.67936,0.17626,1203.28
quat1,-0.47162,0.57360,0.28257,0.60722,1203.28
quat2,-0.69736,-0.06559,0.09790,0.70697,1203.28
quat3,-0.33546,0.71747,0.32403,0.51740,1203.28
quat4,-0.32975,0.76098,0.53865,-0.14842,1203.28
quat5,0.00000,0.70711,0.00000,0.70711,1203.28
quat6,0.00000,0.70711,0.00000,0.70711,1203.28
quat7,0.00000,0.70711,0.00000,0.70711,1203.28
quat8,0.00000,0.70711,0.00000,0.70711,1203.28
quat0,0.67466,-0.23053,0.67846,0.17714,1203.3
quat1,-0.47380,0.58975,0.27704,0.59242,1203.3
quat2,-0.69869,-0.04099,0.07457,0.71035,1203.3
quat3,-0.33153,0.70493,0.32796,0.53442,1203.3
quat4,-0.31823,0.76366,0.54927,-0.11768,1203.3
quat5,0.00000,0.70711,0.00000,0.70711,1203.3
quat6,0.00000,0.70711,0.00000,0.70711,1203.3
quat7,0.00000,0.70711,0.00000,0.70711,1203.3
quat8,0.00000,0.70711,0.00000,0.70711,1203.3
quat0,0.67556,-0.23094,0.67710,0.17839,1203.32
quat1,-0.47469,0.60741,0.27154,0.57618,1203.32
quat2,-0.69857,-0.01418,0.05287,0.71345,1203.32
quat3,-0.32908,0.69250,0.33075,0.55023,1203.32
quat4,-0.30742,0.76449,0.56046,-0.08321,1203.32
quat5,0.00000,0.70711,0.00000,0.70711,1203.32
quat6,0.00000,0.70711,0.00000,0.70711,1203.32
quat7,0.00000,0.70711,0.00000,0.70711,1203.32
quat8,0.00000,0.70711,0.00000,0.70711,1203.32
quat0,0.67674,-0.23110,0.67554,0.17959,1203.34
quat1,-0.47426,0.62690,0.26624,0.55785,1203.34
quat2,-0.69710,0.01503,0.03429,0.71599,1203.34
quat3,-0.32954,0.67815,0.33155,0.56709,1203.34
quat4,-0.30358,0.76254,0.56985,-0.04052,1203.34
quat5,0.00000,0.70711,0.00000,0.70711,1203.34
quat6,0.00000,0.70711,0.00000,0.70711,1203.34
quat7,0.00000,0.70711,0.00000,0.70711,1203.34
quat8,0.00000,0.70711,0.00000,0.70711,1203.34
quat0,0.67799,-0.23139,0.67397,0.18042,1203.36
quat1,-0.47259,0.64620,0.26024,0.53977,1203.36
quat2,-0.69419,0.04358,0.01648,0.71829,1203.36
quat3,-0.33170,0.66194,0.33074,0.58517,1203.36
quat4,-0.30508,0.75658,0.57835,0.00520,1203.36
quat5,0.00000,0.70711,0.00000,0.70711,1203.36
quat6,0.00000,0.70711,0.00000,0.70711,1203.36
quat7,0.00000,0.70711,0.00000,0.70711,1203.36
quat8,0.00000,0.70711,0.00000,0.70711,1203.36
quat0,0.67978,-0.23164,0.67198,0.18078,1203.38
quat1,-0.47055,0.66265,0.25409,0.52432,1203.38
quat2,-0.69009,0.07130,-0.00079,0.72020,1203.38
quat3,-0.33478,0.64551,0.33037,0.60174,1203.38
quat4,-0.30646,0.74758,0.58761,0.04382,1203.38
quat5,0.00000,0.70711,0.00000,0.70711,1203.38
quat6,0.00000,0.70711,0.00000,0.70711,1203.38
quat7,0.00000,0.70711,0.00000,0.70711,1203.38
quat8,0.00000,0.70711,0.00000,0.70711,1203.38
quat0,0.68258,-0.23209,0.66892,0.18100,1203.4
quat1,-0.46785,0.67506,0.24972,0.51288,1203.4
quat2,-0.68417,0.09403,-0.02097,0.72293,1203.4
quat3,-0.33691,0.63083,0.33217,0.61498,1203.4
quat4,-0.30431,0.73777,0.59836,0.07120,1203.4
quat5,0.00000,0.70711,0.00000,0.70711,1203.4
quat6,0.00000,0.70711,0.00000,0.70711,1203.4
quat7,0.00000,0.70711,0.00000,0.70711,1203.4
quat8,0.00000,0.70711,0.00000,0.70711,1203.4
quat0,0.68496,-0.23330,0.66597,0.18134,1203.42
quat1,-0.46519,0.68432,0.24823,0.50367,1203.42
quat2,-0.67608,0.10999,-0.04538,0.72716,1203.42
quat3,-0.33921,0.61840,0.33668,0.62383,1203.42
quat4,-0.29993,0.72844,0.60951,0.08901,1203.42
quat5,0.00000,0.70711,0.00000,0.70711,1203.42
quat6,0.00000,0.70711,0.00000,0.70711,1203.42
quat7,0.00000,0.70711,0.00000,0.70711,1203.42
quat8,0.00000,0.70711,0.00000,0.70711,1203.42
quat0,0.68771,-0.23361,0.66322,0.18061,1203.44
quat1,-0.46450,0.68971,0.24658,0.49774,1203.44
quat2,-0.66649,0.12031,-0.07228,0.73219,1203.44
quat3,-0.34210,0.60856,0.34409,0.62787,1203.44
quat4,-0.29393,0.72015,0.62085,0.09764,1203.44
quat5,0.00000,0.70711,0.00000,0.70711,1203.44
quat6,0.00000,0.70711,0.00000,0.70711,1203.44
quat7,0.00000,0.70711,0.00000,0.70711,1203.44
quat8,0.00000,0.70711,0.00000,0.70711,1203.44
quat0,0.69000,-0.23447,0.66068,0.18009,1203.46
quat1,-0.46592,0.68973,0.24185,0.49869,1203.46
quat2,-0.65737,0.12769,-0.09290,0.73684,1203.46
quat3,-0.34449,0.60310,0.35439,0.62610,1203.46
quat4,-0.28879,0.71236,0.63169,0.10057,1203.46
quat5,0.00000,0.70711,0.00000,0.70711,1203.46
quat6,0.00000,0.70711,0.00000,0.70711,1203.46
quat7,0.00000,0.70711,0.00000,0.70711,1203.46
quat8,0.00000,0.70711,0.00000,0.70711,1203.46
quat0,0.69140,-0.23592,0.65874,0.17990,1203.48
quat1,-0.46735,0.68627,0.23576,0.50501,1203.48
quat2,-0.64969,0.13258,-0.10540,0.74109,1203.48
quat3,-0.34707,0.60251,0.36633,0.61832,1203.48
quat4,-0.28690,0.70463,0.64118,0.10030,1203.48
quat5,0.00000,0.70711,0.00000,0.70711,1203.48
quat6,0.00000,0.70711,0.00000,0.70711,1203.48
quat7,0.00000,0.70711,0.00000,0.70711,1203.48
quat8,0.00000,0.70711,0.00000,0.70711,1203.48
quat0,0.69193,-0.23680,0.65800,0.17945,1203.5
quat1,-0.46661,0.68264,0.23175,0.51241,1203.5
quat2,-0.64407,0.13453,-0.11015,0.74495,1203.5
quat3,-0.35037,0.60549,0.37754,0.60670,1203.5
quat4,-0.28948,0.69645,0.64948,0.09662,1203.5
quat5,0.00000,0.70711,0.00000,0.70711,1203.5
quat6,0.00000,0.70711,0.00000,0.70711,1203.5
quat7,0.00000,0.70711,0.00000,0.70711,1203.5
quat8,0.00000,0.70711,0.00000,0.70711,1203.5
quat0,0.69201,-0.23756,0.65771,0.17918,1203.52
quat1,-0.46231,0.68178,0.23216,0.51725,1203.52
quat2,-0.64089,0.13303,-0.10684,0.74843,1203.52
quat3,-0.35450,0.61015,0.38726,0.59337,1203.52
quat4,-0.29667,0.68795,0.65624,0.08973,1203.52
quat5,0.00000,0.70711,0.00000,0.70711,1203.52
quat6,0.00000,0.70711,0.00000,0.70711,1203.52
quat7,0.00000,0.70711,0.00000,0.70711,1203.52
quat8,0.00000,0.70711,0.00000,0.70711,1203.52
quat0,0.69201,-0.23892,0.65726,0.17903,1203.54
quat1,-0.45532,0.68248,0.23654,0.52053,1203.54
quat2,-0.63927,0.12645,-0.09780,0.75219,1203.54
quat3,-0.35991,0.61600,0.39403,0.57943,1203.54
quat4,-0.30790,0.67935,0.66129,0.07988,1203.54
quat5,0.00000,0.70711,0.00000,0.70711,1203.54
quat6,0.00000,0.70711,0.00000,0.70711,1203.54
quat7,0.00000,0.70711,0.00000,0.70711,1203.54
quat8,0.00000,0.70711,0.00000,0.70711,1203.54
quat0,0.69159,-0.24054,0.65697,0.17953,1203.56
quat1,-0.44685,0.68200,0.24252,0.52573,1203.56
quat2,-0.63827,0.11508,-0.08538,0.75636,1203.56
quat3,-0.36718,0.62274,0.39729,0.56527,1203.56
quat4,-0.32193,0.67089,0.66458,0.06786,1203.56
quat5,0.00000,0.70711,0.00000,0.70711,1203.56
quat6,0.00000,0.70711,0.00000,0.70711,1203.56
quat7,0.00000,0.70711,0.00000,0.70711,1203.56
quat8,0.00000,0.70711,0.00000,0.70711,1203.56
quat0,0.69063,-0.24172,0.65752,0.17964,1203.58
quat1,-0.43810,0.67906,0.24851,0.53403,1203.58
quat2,-0.63750,0.09921,-0.07123,0.76071,1203.58
quat3,-0.37586,0.62871,0.39800,0.55231,1203.58
quat4,-0.33746,0.66305,0.66619,0.05169,1203.58
quat5,0.00000,0.70711,0.00000,0.70711,1203.58
quat6,0.00000,0.70711,0.00000,0.70711,1203.58
quat7,0.00000,0.70711,0.00000,0.70711,1203.58
quat8,0.00000,0.70711,0.00000,0.70711,1203.58
quat0,0.68956,-0.24196,0.65857,0.17961,1203.6
quat1,-0.43002,0.67391,0.25412,0.54438,1203.6
quat2,-0.63669,0.07986,-0.05526,0.76498,1203.6
quat3,-0.38485,0.63500,0.39546,0.54062,1203.6
quat4,-0.35570,0.65525,0.66558,0.03349,1203.6
quat5,0.00000,0.70711,0.00000,0.70711,1203.6
quat6,0.00000,0.70711,0.00000,0.70711,1203.6
quat7,0.00000,0.70711,0.00000,0.70711,1203.6
quat8,0.00000,0.70711,0.00000,0.70711,1203.6
quat0,0.68862,-0.24303,0.65909,0.17986,1203.62
quat1,-0.42290,0.66610,0.25929,0.55698,1203.62
quat2,-0.63526,0.05716,-0.03803,0.76924,1203.62
quat3,-0.39350,0.64210,0.39005,0.52984,1203.62
quat4,-0.37486,0.64840,0.66253,0.01077,1203.62
quat5,0.00000,0.70711,0.00000,0.70711,1203.62
quat6,0.00000,0.70711,0.00000,0.70711,1203.62
quat7,0.00000,0.70711,0.00000,0.70711,1203.62
quat8,0.00000,0.70711,0.00000,0.70711,1203.62
quat0,0.68784,-0.24398,0.65968,0.17937,1203.64
quat1,-0.41661,0.65591,0.26383,0.57150,1203.64
quat2,-0.63368,0.03440,-0.01745,0.77263,1203.64
quat3,-0.40122,0.65011,0.38331,0.51909,1203.64
quat4,-0.39323,0.64223,0.65776,-0.01594,1203.64
quat5,0.00000,0.70711,0.00000,0.70711,1203.64
quat6,0.00000,0.70711,0.00000,0.70711,1203.64
quat7,0.00000,0.70711,0.00000,0.70711,1203.64
quat8,0.00000,0.70711,0.00000,0.70711,1203.64
quat0,0.68743,-0.24351,0.66071,0.17780,1203.66
quat1,-0.41093,0.64357,0.26752,0.58770,1203.66
quat2,-0.63140,0.01128,0.00510,0.77536,1203.66
quat3,-0.40663,0.65937,0.37668,0.50793,1203.66
quat4,-0.40920,0.63657,0.65199,-0.04738,1203.66
quat5,0.00000,0.70711,0.00000,0.70711,1203.66
quat6,0.00000,0.70711,0.00000,0.70711,1203.66
quat7,0.00000,0.70711,0.00000,0.70711,1203.66
quat8,0.00000,0.70711,0.00000,0.70711,1203.66
quat0,0.68650,-0.24344,0.66215,0.17610,1203.68
quat1,-0.40515,0.63010,0.27109,0.60444,1203.68
quat2,-0.62856,-0.01116,0.03037,0.77709,1203.68
quat3,-0.40864,0.66922,0.37302,0.49599,1203.68
quat4,-0.42562,0.62972,0.64491,-0.07998,1203.68
quat5,0.00000,0.70711,0.00000,0.70711,1203.68
quat6,0.00000,0.70711,0.00000,0.70711,1203.68
quat7,0.00000,0.70711,0.00000,0.70711,1203.68
quat8,0.00000,0.70711,0.00000,0.70711,1203.68
quat0,0.68581,-0.24262,0.66371,0.17402,1203.7
quat1,-0.39943,0.61649,0.27485,0.62037,1203.7
quat2,-0.62478,-0.03407,0.05732,0.77794,1203.7
quat3,-0.40778,0.67915,0.37271,0.48328,1203.7
quat4,-0.44208,0.62283,0.63573,-0.11175,1203.7
quat5,0.00000,0.70711,0.00000,0.70711,1203.7
quat6,0.00000,0.70711,0.00000,0.70711,1203.7
quat7,0.00000,0.70711,0.00000,0.70711,1203.7
quat8,0.00000,0.70711,0.00000,0.70711,1203.7
quat0,0.68494,-0.24139,0.66573,0.17142,1203.72
quat1,-0.39479,0.60351,0.27774,0.63465,1203.72
quat2,-0.62011,-0.05626,0.08649,0.77770,1203.72
quat3,-0.40572,0.68890,0.37442,0.46970,1203.72
quat4,-0.45767,0.61563,0.62559,-0.14201,1203.72
quat5,0.00000,0.70711,0.00000,0.70711,1203.72
quat6,0.00000,0.70711,0.00000,0.70711,1203.72
quat7,0.00000,0.70711,0.00000,0.70711,1203.72
quat8,0.00000,0.70711,0.00000,0.70711,1203.72
quat0,0.68427,-0.24123,0.66663,0.17084,1203.74
quat1,-0.39066,0.59024,0.28081,0.64818,1203.74
quat2,-0.61499,-0.07972,0.11448,0.77609,1203.74
quat3,-0.40440,0.69897,0.37516,0.45514,1203.74
quat4,-0.46859,0.60937,0.61610,-0.17178,1203.74
quat5,0.00000,0.70711,0.00000,0.70711,1203.74
quat6,0.00000,0.70711,0.00000,0.70711,1203.74
quat7,0.00000,0.70711,0.00000,0.70711,1203.74
quat8,0.00000,0.70711,0.00000,0.70711,1203.74
quat0,0.68446,-0.24069,0.66686,0.16995,1203.76
quat1,-0.38621,0.57720,0.28430,0.66095,1203.76
quat2,-0.61069,-0.10188,0.13981,0.77274,1203.76
quat3,-0.40378,0.70916,0.37427,0.44042,1203.76
quat4,-0.47475,0.60400,0.60855,-0.19866,1203.76
quat5,0.00000,0.70711,0.00000,0.70711,1203.76
quat6,0.00000,0.70711,0.00000,0.70711,1203.76
quat7,0.00000,0.70711,0.00000,0.70711,1203.76
quat8,0.00000,0.70711,0.00000,0.70711,1203.76
quat0,0.68495,-0.23967,0.66705,0.16864,1203.78
quat1,-0.38195,0.56490,0.28792,0.67238,1203.78
quat2,-0.60680,-0.12163,0.16149,0.76871,1203.78
quat3,-0.40332,0.71951,0.37135,0.42632,1203.78
quat4,-0.47673,0.59986,0.60345,-0.22075,1203.78
quat5,0.00000,0.70711,0.00000,0.70711,1203.78
quat6,0.00000,0.70711,0.00000,0.70711,1203.78
quat7,0.00000,0.70711,0.00000,0.70711,1203.78
quat8,0.00000,0.70711,0.00000,0.70711,1203.78
quat0,0.68534,-0.23864,0.66739,0.16722,1203.8
quat1,-0.37802,0.55328,0.29134,0.68271,1203.8
quat2,-0.60315,-0.13584,0.17732,0.76571,1203.8
quat3,-0.40397,0.72822,0.36685,0.41465,1203.8
quat4,-0.47566,0.59846,0.59995,-0.23591,1203.8
quat5,0.00000,0.70711,0.00000,0.70711,1203.8
quat6,0.00000,0.70711,0.00000,0.70711,1203.8
quat7,0.00000,0.70711,0.00000,0.70711,1203.8
quat8,0.00000,0.70711,0.00000,0.70711,1203.8
quat0,0.68497,-0.23803,0.66811,0.16669,1203.82
quat1,-0.37640,0.54488,0.29303,0.68961,1203.82
quat2,-0.59990,-0.14759,0.19343,0.76218,1203.82
quat3,-0.40516,0.73438,0.36158,0.40717,1203.82
quat4,-0.47792,0.59844,0.59562,-0.24227,1203.82
quat5,0.00000,0.70711,0.00000,0.70711,1203.82
quat6,0.00000,0.70711,0.00000,0.70711,1203.82
quat7,0.00000,0.70711,0.00000,0.70711,1203.82
quat8,0.00000,0.70711,0.00000,0.70711,1203.82
quat0,0.68429,-0.23840,0.66862,0.16691,1203.84
quat1,-0.37707,0.53703,0.29297,0.69540,1203.84
quat2,-0.59689,-0.15017,0.20484,0.76106,1203.84
quat3,-0.40622,0.73837,0.35803,0.40201,1203.84
quat4,-0.47600,0.60147,0.59290,-0.24522,1203.84
quat5,0.00000,0.70711,0.00000,0.70711,1203.84
quat6,0.00000,0.70711,0.00000,0.70711,1203.84
quat7,0.00000,0.70711,0.00000,0.70711,1203.84
quat8,0.00000,0.70711,0.00000,0.70711,1203.84
quat0,0.68458,-0.23739,0.66890,0.16602,1203.86
quat1,-0.37817,0.53386,0.29254,0.69742,1203.86
quat2,-0.59582,-0.14694,0.21107,0.76083,1203.86
quat3,-0.40579,0.73960,0.35716,0.40095,1203.86
quat4,-0.46681,0.60404,0.59644,-0.24794,1203.86
quat5,0.00000,0.70711,0.00000,0.70711,1203.86
quat6,0.00000,0.70711,0.00000,0.70711,1203.86
quat7,0.00000,0.70711,0.00000,0.70711,1203.86
quat8,0.00000,0.70711,0.00000,0.70711,1203.86
quat0,0.68369,-0.23801,0.66947,0.16652,1203.88
quat1,-0.37884,0.53648,0.29203,0.69526,1203.88
quat2,-0.59657,-0.13922,0.21069,0.76180,1203.88
quat3,-0.40419,0.73811,0.35866,0.40396,1203.88
quat4,-0.45586,0.60756,0.60166,-0.24712,1203.88
quat5,0.00000,0.70711,0.00000,0.70711,1203.88
quat6,0.00000,0.70711,0.00000,0.70711,1203.88
quat7,0.00000,0.70711,0.00000,0.70711,1203.88
quat8,0.00000,0.70711,0.00000,0.70711,1203.88
quat0,0.68247,-0.23854,0.67030,0.16746,1203.9
quat1,-0.38010,0.54286,0.29040,0.69029,1203.9
quat2,-0.59879,-0.12727,0.20555,0.76355,1203.9
quat3,-0.40214,0.73415,0.36198,0.41021,1203.9
quat4,-0.44308,0.61234,0.60877,-0.24108,1203.9
quat5,0.00000,0.70711,0.00000,0.70711,1203.9
quat6,0.00000,0.70711,0.00000,0.70711,1203.9
quat7,0.00000,0.70711,0.00000,0.70711,1203.9
quat8,0.00000,0.70711,0.00000,0.70711,1203.9
quat0,0.68147,-0.23934,0.67075,0.16857,1203.92
quat1,-0.38240,0.55237,0.28726,0.68275,1203.92
quat2,-0.60242,-0.11255,0.19495,0.76578,1203.92
quat3,-0.40011,0.72817,0.36608,0.41912,1203.92
quat4,-0.42815,0.61773,0.61776,-0.23123,1203.92
quat5,0.00000,0.70711,0.00000,0.70711,1203.92
quat6,0.00000,0.70711,0.00000,0.70711,1203.92
quat7,0.00000,0.70711,0.00000,0.70711,1203.92
quat8,0.00000,0.70711,0.00000,0.70711,1203.92
quat0,0.68133,-0.24035,0.67034,0.16930,1203.94
quat1,-0.38492,0.56518,0.28384,0.67220,1203.94
quat2,-0.60645,-0.09388,0.18137,0.76845,1203.94
quat3,-0.39779,0.72039,0.37087,0.43042,1203.94
quat4,-0.41264,0.62433,0.62713,-0.21598,1203.94
quat5,0.00000,0.70711,0.00000,0.70711,1203.94
quat6,0.00000,0.70711,0.00000,0.70711,1203.94
quat7,0.00000,0.70711,0.00000,0.70711,1203.94
quat8,0.00000,0.70711,0.00000,0.70711,1203.94
quat0,0.68130,-0.24118,0.66973,0.17064,1203.96
quat1,-0.38721,0.58027,0.28018,0.65944,1203.96
quat2,-0.61027,-0.07191,0.16520,0.77143,1203.96
quat3,-0.39490,0.71107,0.37549,0.44435,1203.96
quat4,-0.39575,0.63184,0.63666,-0.19701,1203.96
quat5,0.00000,0.70711,0.00000,0.70711,1203.96
quat6,0.00000,0.70711,0.00000,0.70711,1203.96
quat7,0.00000,0.70711,0.00000,0.70711,1203.96
quat8,0.00000,0.70711,0.00000,0.70711,1203.96
quat0,0.68135,-0.24195,0.66904,0.17208,1203.98
quat1,-0.38962,0.59673,0.27615,0.64487,1203.98
quat2,-0.61375,-0.04490,0.14971,0.77388,1203.98
quat3,-0.39235,0.69962,0.37896,0.46150,1203.98
quat4,-0.37733,0.64031,0.64570,-0.17520,1203.98
quat5,0.00000,0.70711,0.00000,0.70711,1203.98
quat6,0.00000,0.70711,0.00000,0.70711,1203.98
quat7,0.00000,0.70711,0.00000,0.70711,1203.98
quat8,0.00000,0.70711,0.00000,0.70711,1203.98
quat0,0.68111,-0.24248,0.66883,0.17311,1204
quat1,-0.39286,0.61417,0.27134,0.62836,1204
quat2,-0.61741,-0.01435,0.13495,0.77485,1204
quat3,-0.38931,0.68688,0.38102,0.48109,1204
quat4,-0.35596,0.64951,0.65419,-0.15318,1204
quat5,0.00000,0.70711,0.00000,0.70711,1204
quat6,0.00000,0.70711,0.00000,0.70711,1204
quat7,0.00000,0.70711,0.00000,0.70711,1204
quat8,0.00000,0.70711,0.00000,0.70711,1204
quat0,0.68115,-0.24256,0.66854,0.17394,1204.02
quat1,-0.39612,0.63276,0.26700,0.60944,1204.02
quat2,-0.62134,0.01772,0.12087,0.77396,1204.02
quat3,-0.38618,0.67255,0.38198,0.50262,1204.02
quat4,-0.33377,0.65886,0.66138,-0.13063,1204.02
quat5,0.00000,0.70711,0.00000,0.70711,1204.02
quat6,0.00000,0.70711,0.00000,0.70711,1204.02
quat7,0.00000,0.70711,0.00000,0.70711,1204.02
quat8,0.00000,0.70711,0.00000,0.70711,1204.02
quat0,0.68100,-0.24287,0.66840,0.17462,1204.04
quat1,-0.39950,0.65134,0.26293,0.58909,1204.04
quat2,-0.62550,0.04840,0.10653,0.77140,1204.04
quat3,-0.38263,0.65724,0.38179,0.52524,1204.04
quat4,-0.30904,0.66846,0.66749,-0.11005,1204.04
quat5,0.00000,0.70711,0.00000,0.70711,1204.04
quat6,0.00000,0.70711,0.00000,0.70711,1204.04
quat7,0.00000,0.70711,0.00000,0.70711,1204.04
quat8,0.00000,0.70711,0.00000,0.70711,1204.04
quat0,0.68079,-0.24266,0.66854,0.17521,1204.06
quat1,-0.40346,0.66919,0.25833,0.56804,1204.06
quat2,-0.63042,0.07579,0.09173,0.76708,1204.06
quat3,-0.37905,0.64161,0.38056,0.54757,1204.06
quat4,-0.28470,0.67815,0.67155,-0.08990,1204.06
quat5,0.00000,0.70711,0.00000,0.70711,1204.06
quat6,0.00000,0.70711,0.00000,0.70711,1204.06
quat7,0.00000,0.70711,0.00000,0.70711,1204.06
quat8,0.00000,0.70711,0.00000,0.70711,1204.06
quat0,0.68021,-0.24194,0.66932,0.17545,1204.08
quat1,-0.40858,0.68370,0.25315,0.54912,1204.08
quat2,-0.63565,0.09809,0.07400,0.76213,1204.08
quat3,-0.37362,0.62636,0.37969,0.56914,1204.08
quat4,-0.26184,0.68835,0.67288,-0.06962,1204.08
quat5,0.00000,0.70711,0.00000,0.70711,1204.08
quat6,0.00000,0.70711,0.00000,0.70711,1204.08
quat7,0.00000,0.70711,0.00000,0.70711,1204.08
quat8,0.00000,0.70711,0.00000,0.70711,1204.08
quat0,0.67985,-0.24116,0.66990,0.17574,1204.1
quat1,-0.41488,0.69274,0.24909,0.53473,1204.1
quat2,-0.64105,0.11589,0.05478,0.75672,1204.1
quat3,-0.36641,0.61316,0.37904,0.58831,1204.1
quat4,-0.23891,0.69922,0.67197,-0.04968,1204.1
quat5,0.00000,0.70711,0.00000,0.70711,1204.1
quat6,0.00000,0.70711,0.00000,0.70711,1204.1
quat7,0.00000,0.70711,0.00000,0.70711,1204.1
quat8,0.00000,0.70711,0.00000,0.70711,1204.1
quat0,0.67895,-0.24022,0.67089,0.17674,1204.12
quat1,-0.42244,0.69707,0.24728,0.52392,1204.12
quat2,-0.64677,0.12972,0.03728,0.75065,1204.12
quat3,-0.35812,0.60413,0.37841,0.60298,1204.12
quat4,-0.21338,0.71099,0.66930,-0.03150,1204.12
quat5,0.00000,0.70711,0.00000,0.70711,1204.12
quat6,0.00000,0.70711,0.00000,0.70711,1204.12
quat7,0.00000,0.70711,0.00000,0.70711,1204.12
quat8,0.00000,0.70711,0.00000,0.70711,1204.12
quat0,0.67909,-0.23901,0.67089,0.17783,1204.14
quat1,-0.43244,0.69801,0.24570,0.51517,1204.14
quat2,-0.65318,0.14020,0.02280,0.74376,1204.14
quat3,-0.34945,0.59899,0.37806,0.61332,1204.14
quat4,-0.19006,0.72234,0.66476,-0.01408,1204.14
quat5,0.00000,0.70711,0.00000,0.70711,1204.14
quat6,0.00000,0.70711,0.00000,0.70711,1204.14
quat7,0.00000,0.70711,0.00000,0.70711,1204.14
quat8,0.00000,0.70711,0.00000,0.70711,1204.14
quat0,0.67973,-0.23766,0.67081,0.17745,1204.16
quat1,-0.44404,0.69677,0.24372,0.50788,1204.16
quat2,-0.66020,0.14598,0.01064,0.73669,1204.16
quat3,-0.34104,0.59816,0.37826,0.61872,1204.16
quat4,-0.17261,0.73264,0.65836,0.00341,1204.16
quat5,0.00000,0.70711,0.00000,0.70711,1204.16
quat6,0.00000,0.70711,0.00000,0.70711,1204.16
quat7,0.00000,0.70711,0.00000,0.70711,1204.16
quat8,0.00000,0.70711,0.00000,0.70711,1204.16
quat0,0.68065,-0.23658,0.67014,0.17795,1204.18
quat1,-0.45589,0.69231,0.24114,0.50469,1204.18
quat2,-0.66801,0.14791,0.00235,0.72930,1204.18
quat3,-0.33446,0.60126,0.37744,0.61981,1204.18
quat4,-0.16264,0.74102,0.65121,0.01915,1204.18
quat5,0.00000,0.70711,0.00000,0.70711,1204.18
quat6,0.00000,0.70711,0.00000,0.70711,1204.18
quat7,0.00000,0.70711,0.00000,0.70711,1204.18
quat8,0.00000,0.70711,0.00000,0.70711,1204.18
quat0,0.68114,-0.23577,0.66985,0.17820,1204.2
quat1,-0.46753,0.68520,0.23864,0.50494,1204.2
quat2,-0.67644,0.14628,-0.00191,0.72182,1204.2
quat3,-0.32962,0.60561,0.37442,0.61999,1204.2
quat4,-0.15895,0.74812,0.64355,0.02992,1204.2
quat5,0.00000,0.70711,0.00000,0.70711,1204.2
quat6,0.00000,0.70711,0.00000,0.70711,1204.2
quat7,0.00000,0.70711,0.00000,0.70711,1204.2
quat8,0.00000,0.70711,0.00000,0.70711,1204.2
quat0,0.68208,-0.23531,0.66898,0.17850,1204.22
quat1,-0.47834,0.67648,0.23728,0.50721,1204.22
quat2,-0.68473,0.14066,-0.00232,0.71509,1204.22
quat3,-0.32719,0.60901,0.36854,0.62147,1204.22
quat4,-0.15907,0.75450,0.63586,0.03339,1204.22
quat5,0.00000,0.70711,0.00000,0.70711,1204.22
quat6,0.00000,0.70711,0.00000,0.70711,1204.22
quat7,0.00000,0.70711,0.00000,0.70711,1204.22
quat8,0.00000,0.70711,0.00000,0.70711,1204.22
quat0,0.68305,-0.23537,0.66780,0.17912,1204.24
quat1,-0.48731,0.66631,0.23817,0.51170,1204.24
quat2,-0.69291,0.13173,0.00007,0.70889,1204.24
quat3,-0.32600,0.61147,0.36000,0.62469,1204.24
quat4,-0.16203,0.76076,0.62785,0.02839,1204.24
quat5,0.00000,0.70711,0.00000,0.70711,1204.24
quat6,0.00000,0.70711,0.00000,0.70711,1204.24
quat7,0.00000,0.70711,0.00000,0.70711,1204.24
quat8,0.00000,0.70711,0.00000,0.70711,1204.24
quat0,0.68426,-0.23556,0.66639,0.17951,1204.26
quat1,-0.49386,0.65538,0.24130,0.51803,1204.26
quat2,-0.70071,0.11969,0.00531,0.70332,1204.26
quat3,-0.32613,0.61369,0.34979,0.62822,1204.26
quat4,-0.16810,0.76666,0.61942,0.01728,1204.26
quat5,0.00000,0.70711,0.00000,0.70711,1204.26
quat6,0.00000,0.70711,0.00000,0.70711,1204.26
quat7,0.00000,0.70711,0.00000,0.70711,1204.26
quat8,0.00000,0.70711,0.00000,0.70711,1204.26
quat0,0.68554,-0.23595,0.66471,0.18033,1204.28
quat1,-0.49741,0.64475,0.24670,0.52537,1204.28
quat2,-0.70805,0.10620,0.01517,0.69797,1204.28
quat3,-0.32668,0.61780,0.33975,0.62943,1204.28
quat4,-0.17838,0.77153,0.61067,0.00257,1204.28
quat5,0.00000,0.70711,0.00000,0.70711,1204.28
quat6,0.00000,0.70711,0.00000,0.70711,1204.28
quat7,0.00000,0.70711,0.00000,0.70711,1204.28
quat8,0.00000,0.70711,0.00000,0.70711,1204.28
quat0,0.68647,-0.23657,0.66349,0.18051,1204.3
quat1,-0.49797,0.63458,0.25451,0.53345,1204.3
quat2,-0.71441,0.09072,0.02875,0.69323,1204.3
quat3,-0.32721,0.62495,0.33149,0.62649,1204.3
quat4,-0.18983,0.77600,0.60122,-0.01783,1204.3
quat5,0.00000,0.70711,0.00000,0.70711,1204.3
quat6,0.00000,0.70711,0.00000,0.70711,1204.3
quat7,0.00000,0.70711,0.00000,0.70711,1204.3
quat8,0.00000,0.70711,0.00000,0.70711,1204.3
quat0,0.68755,-0.23713,0.66213,0.18066,1204.32
quat1,-0.49600,0.62492,0.26413,0.54194,1204.32
quat2,-0.71942,0.07381,0.04634,0.68909,1204.32
quat3,-0.32723,0.63519,0.32588,0.61908,1204.32
quat4,-0.20344,0.77929,0.59126,-0.04167,1204.32
quat5,0.00000,0.70711,0.00000,0.70711,1204.32
quat6,0.00000,0.70711,0.00000,0.70711,1204.32
quat7,0.00000,0.70711,0.00000,0.70711,1204.32
quat8,0.00000,0.70711,0.00000,0.70711,1204.32
quat0,0.68827,-0.23753,0.66129,0.18044,1204.34
quat1,-0.49193,0.61540,0.27425,0.55143,1204.34
quat2,-0.72266,0.05427,0.06684,0.68583,1204.34
quat3,-0.32663,0.64820,0.32204,0.60782,1204.34
quat4,-0.22116,0.78063,0.58084,-0.06581,1204.34
quat5,0.00000,0.70711,0.00000,0.70711,1204.34
quat6,0.00000,0.70711,0.00000,0.70711,1204.34
quat7,0.00000,0.70711,0.00000,0.70711,1204.34
quat8,0.00000,0.70711,0.00000,0.70711,1204.34
quat0,0.68952,-0.23857,0.65945,0.18103,1204.36
quat1,-0.48653,0.60616,0.28420,0.56132,1204.36
quat2,-0.72414,0.03324,0.09051,0.68288,1204.36
quat3,-0.32620,0.66290,0.31784,0.59425,1204.36
quat4,-0.24394,0.78028,0.56902,-0.08875,1204.36
quat5,0.00000,0.70711,0.00000,0.70711,1204.36
quat6,0.00000,0.70711,0.00000,0.70711,1204.36
quat7,0.00000,0.70711,0.00000,0.70711,1204.36
quat8,0.00000,0.70711,0.00000,0.70711,1204.36
quat0,0.69026,-0.23951,0.65836,0.18091,1204.38
quat1,-0.48104,0.59596,0.29237,0.57267,1204.38
quat2,-0.72372,0.01041,0.11631,0.68014,1204.38
quat3,-0.32630,0.67687,0.31400,0.58033,1204.38
quat4,-0.26676,0.77893,0.55577,-0.11501,1204.38
quat5,0.00000,0.70711,0.00000,0.70711,1204.38
quat6,0.00000,0.70711,0.00000,0.70711,1204.38
quat7,0.00000,0.70711,0.00000,0.70711,1204.38
quat8,0.00000,0.70711,0.00000,0.70711,1204.38
quat0,0.69118,-0.24017,0.65713,0.18101,1204.4
quat1,-0.47583,0.58424,0.29838,0.58586,1204.4
quat2,-0.72142,-0.01110,0.14538,0.67697,1204.4
quat3,-0.32745,0.69055,0.31098,0.56498,1204.4
quat4,-0.28802,0.77593,0.54229,-0.14457,1204.4
quat5,0.00000,0.70711,0.00000,0.70711,1204.4
quat6,0.00000,0.70711,0.00000,0.70711,1204.4
quat7,0.00000,0.70711,0.00000,0.70711,1204.4
quat8,0.00000,0.70711,0.00000,0.70711,1204.4
quat0,0.69187,-0.23975,0.65693,0.17967,1204.42
quat1,-0.47095,0.57124,0.30279,0.60018,1204.42
quat2,-0.71668,-0.03264,0.17522,0.67425,1204.42
quat3,-0.32874,0.70548,0.30748,0.54744,1204.42
quat4,-0.30656,0.77096,0.52953,-0.17676,1204.42
quat5,0.00000,0.70711,0.00000,0.70711,1204.42
quat6,0.00000,0.70711,0.00000,0.70711,1204.42
quat7,0.00000,0.70711,0.00000,0.70711,1204.42
quat8,0.00000,0.70711,0.00000,0.70711,1204.42
quat0,0.69115,-0.23838,0.65878,0.17749,1204.44
quat1,-0.46595,0.55838,0.30730,0.61373,1204.44
quat2,-0.71001,-0.05512,0.20238,0.67223,1204.44
quat3,-0.32901,0.72130,0.30479,0.52781,1204.44
quat4,-0.32400,0.76396,0.51795,-0.20763,1204.44
quat5,0.00000,0.70711,0.00000,0.70711,1204.44
quat6,0.00000,0.70711,0.00000,0.70711,1204.44
quat7,0.00000,0.70711,0.00000,0.70711,1204.44
quat8,0.00000,0.70711,0.00000,0.70711,1204.44
quat0,0.69061,-0.23667,0.66042,0.17573,1204.46
quat1,-0.46020,0.54554,0.31240,0.62691,1204.46
quat2,-0.70330,-0.08182,0.22172,0.67046,1204.46
quat3,-0.33023,0.73669,0.30177,0.50713,1204.46
quat4,-0.33984,0.75589,0.50754,-0.23568,1204.46
quat5,0.00000,0.70711,0.00000,0.70711,1204.46
quat6,0.00000,0.70711,0.00000,0.70711,1204.46
quat7,0.00000,0.70711,0.00000,0.70711,1204.46
quat8,0.00000,0.70711,0.00000,0.70711,1204.46
quat0,0.69027,-0.23563,0.66164,0.17387,1204.48
quat1,-0.45363,0.53353,0.31760,0.63929,1204.48
quat2,-0.69731,-0.10825,0.23569,0.66820,1204.48
quat3,-0.33218,0.75018,0.29938,0.48710,1204.48
quat4,-0.35581,0.74715,0.49803,-0.25910,1204.48
quat5,0.00000,0.70711,0.00000,0.70711,1204.48
quat6,0.00000,0.70711,0.00000,0.70711,1204.48
quat7,0.00000,0.70711,0.00000,0.70711,1204.48
quat8,0.00000,0.70711,0.00000,0.70711,1204.48
quat0,0.68957,-0.23487,0.66324,0.17156,1204.5
quat1,-0.44617,0.52378,0.32209,0.65026,1204.5
quat2,-0.69091,-0.13141,0.24616,0.66692,1204.5
quat3,-0.33403,0.76110,0.29739,0.46981,1204.5
quat4,-0.37006,0.73852,0.48949,-0.27938,1204.5
quat5,0.00000,0.70711,0.00000,0.70711,1204.5
quat6,0.00000,0.70711,0.00000,0.70711,1204.5
quat7,0.00000,0.70711,0.00000,0.70711,1204.5
quat8,0.00000,0.70711,0.00000,0.70711,1204.5
quat0,0.68845,-0.23352,0.66541,0.16953,1204.52
quat1,-0.43934,0.51331,0.32639,0.66103,1204.52
quat2,-0.68544,-0.14881,0.25336,0.66621,1204.52
quat3,-0.33555,0.76930,0.29586,0.45612,1204.52
quat4,-0.38350,0.73054,0.48222,-0.29445,1204.52
quat5,0.00000,0.70711,0.00000,0.70711,1204.52
quat6,0.00000,0.70711,0.00000,0.70711,1204.52
quat7,0.00000,0.70711,0.00000,0.70711,1204.52
quat8,0.00000,0.70711,0.00000,0.70711,1204.52
quat0,0.68792,-0.23306,0.66636,0.16855,1204.54
quat1,-0.43537,0.50220,0.32807,0.67128,1204.54
quat2,-0.68256,-0.16265,0.25499,0.66531,1204.54
quat3,-0.33724,0.77508,0.29422,0.44604,1204.54
quat4,-0.39565,0.72384,0.47665,-0.30385,1204.54
quat5,0.00000,0.70711,0.00000,0.70711,1204.54
quat6,0.00000,0.70711,0.00000,0.70711,1204.54
quat7,0.00000,0.70711,0.00000,0.70711,1204.54
quat8,0.00000,0.70711,0.00000,0.70711,1204.54
quat0,0.68766,-0.23226,0.66715,0.16763,1204.56
quat1,-0.43337,0.49464,0.32826,0.67806,1204.56
quat2,-0.68133,-0.17171,0.25313,0.66500,1204.56
quat3,-0.33798,0.77833,0.29412,0.43984,1204.56
quat4,-0.40583,0.71844,0.47344,-0.30824,1204.56
quat5,0.00000,0.70711,0.00000,0.70711,1204.56
quat6,0.00000,0.70711,0.00000,0.70711,1204.56
quat7,0.00000,0.70711,0.00000,0.70711,1204.56
quat8,0.00000,0.70711,0.00000,0.70711,1204.56
quat0,0.68718,-0.23173,0.66796,0.16708,1204.58
quat1,-0.43306,0.49217,0.32798,0.68019,1204.58
quat2,-0.68114,-0.17402,0.24932,0.66604,1204.58
quat3,-0.33860,0.77849,0.29508,0.43843,1204.58
quat4,-0.41194,0.71507,0.47310,-0.30847,1204.58
quat5,0.00000,0.70711,0.00000,0.70711,1204.58
quat6,0.00000,0.70711,0.00000,0.70711,1204.58
quat7,0.00000,0.70711,0.00000,0.70711,1204.58
quat8,0.00000,0.70711,0.00000,0.70711,1204.58
quat0,0.68652,-0.23208,0.66821,0.16829,1204.6
quat1,-0.43477,0.49368,0.32658,0.67867,1204.6
quat2,-0.68258,-0.16984,0.24306,0.66795,1204.6
quat3,-0.33924,0.77634,0.29697,0.44047,1204.6
quat4,-0.41318,0.71364,0.47668,-0.30460,1204.6
quat5,0.00000,0.70711,0.00000,0.70711,1204.6
quat6,0.00000,0.70711,0.00000,0.70711,1204.6
quat7,0.00000,0.70711,0.00000,0.70711,1204.6
quat8,0.00000,0.70711,0.00000,0.70711,1204.6
quat0,0.68595,-0.23256,0.66823,0.16986,1204.62
quat1,-0.43771,0.49918,0.32449,0.67375,1204.62
quat2,-0.68599,-0.15953,0.23354,0.67040,1204.62
quat3,-0.33964,0.77206,0.29998,0.44562,1204.62
quat4,-0.40970,0.71410,0.48456,-0.29565,1204.62
quat5,0.00000,0.70711,0.00000,0.70711,1204.62
quat6,0.00000,0.70711,0.00000,0.70711,1204.62
quat7,0.00000,0.70711,0.00000,0.70711,1204.62
quat8,0.00000,0.70711,0.00000,0.70711,1204.62
quat0,0.68544,-0.23290,0.66840,0.17081,1204.64
quat1,-0.44188,0.50785,0.32152,0.66592,1204.64
quat2,-0.69119,-0.14417,0.21905,0.67341,1204.64
quat3,-0.33969,0.76620,0.30386,0.45301,1204.64
quat4,-0.39920,0.71714,0.49528,-0.28468,1204.64
quat5,0.00000,0.70711,0.00000,0.70711,1204.64
quat6,0.00000,0.70711,0.00000,0.70711,1204.64
quat7,0.00000,0.70711,0.00000,0.70711,1204.64
quat8,0.00000,0.70711,0.00000,0.70711,1204.64
quat0,0.68468,-0.23397,0.66824,0.17302,1204.66
quat1,-0.44701,0.51871,0.31759,0.65594,1204.66
quat2,-0.69773,-0.12414,0.19987,0.67662,1204.66
quat3,-0.33929,0.75818,0.30873,0.46339,1204.66
quat4,-0.38563,0.72226,0.50741,-0.26862,1204.66
quat5,0.00000,0.70711,0.00000,0.70711,1204.66
quat6,0.00000,0.70711,0.00000,0.70711,1204.66
quat7,0.00000,0.70711,0.00000,0.70711,1204.66
quat8,0.00000,0.70711,0.00000,0.70711,1204.66
quat0,0.68415,-0.23489,0.66780,0.17554,1204.68
quat1,-0.45297,0.53112,0.31222,0.64440,1204.68
quat2,-0.70495,-0.10174,0.17485,0.67980,1204.68
quat3,-0.33880,0.74765,0.31397,0.47713,1204.68
quat4,-0.36978,0.72897,0.51979,-0.24836,1204.68
quat5,0.00000,0.70711,0.00000,0.70711,1204.68
quat6,0.00000,0.70711,0.00000,0.70711,1204.68
quat7,0.00000,0.70711,0.00000,0.70711,1204.68
quat8,0.00000,0.70711,0.00000,0.70711,1204.68
quat0,0.68420,-0.23531,0.66712,0.17732,1204.7
quat1,-0.45890,0.54514,0.30657,0.63107,1204.7
quat2,-0.71147,-0.07470,0.14805,0.68287,1204.7
quat3,-0.33886,0.73338,0.31975,0.49506,1204.7
quat4,-0.34966,0.73541,0.53300,-0.22984,1204.7
quat5,0.00000,0.70711,0.00000,0.70711,1204.7
quat6,0.00000,0.70711,0.00000,0.70711,1204.7
quat7,0.00000,0.70711,0.00000,0.70711,1204.7
quat8,0.00000,0.70711,0.00000,0.70711,1204.7
quat0,0.68423,-0.23579,0.66657,0.17865,1204.72
quat1,-0.46420,0.56025,0.30126,0.61634,1204.72
quat2,-0.71647,-0.04360,0.12135,0.68559,1204.72
quat3,-0.33888,0.71561,0.32806,0.51522,1204.72
quat4,-0.32267,0.74034,0.54883,-0.21580,1204.72
quat5,0.00000,0.70711,0.00000,0.70711,1204.72
quat6,0.00000,0.70711,0.00000,0.70711,1204.72
quat7,0.00000,0.70711,0.00000,0.70711,1204.72
quat8,0.00000,0.70711,0.00000,0.70711,1204.72
quat0,0.68361,-0.23614,0.66669,0.18015,1204.74
quat1,-0.46831,0.57685,0.29752,0.59951,1204.74
quat2,-0.71938,-0.00946,0.09475,0.68806,1204.74
quat3,-0.33752,0.69571,0.33955,0.53552,1204.74
quat4,-0.29246,0.74460,0.56526,-0.20130,1204.74
quat5,0.00000,0.70711,0.00000,0.70711,1204.74
quat6,0.00000,0.70711,0.00000,0.70711,1204.74
quat7,0.00000,0.70711,0.00000,0.70711,1204.74
quat8,0.00000,0.70711,0.00000,0.70711,1204.74
quat0,0.68243,-0.23679,0.66736,0.18122,1204.76
quat1,-0.47197,0.59423,0.29301,0.58161,1204.76
quat2,-0.72020,0.02307,0.06681,0.69015,1204.76
quat3,-0.33298,0.67638,0.35375,0.55363,1204.76
quat4,-0.26396,0.74812,0.58075,-0.18264,1204.76
quat5,0.00000,0.70711,0.00000,0.70711,1204.76
quat6,0.00000,0.70711,0.00000,0.70711,1204.76
quat7,0.00000,0.70711,0.00000,0.70711,1204.76
quat8,0.00000,0.70711,0.00000,0.70711,1204.76
quat0,0.68102,-0.23660,0.66876,0.18164,1204.78
quat1,-0.47560,0.61121,0.28691,0.56384,1204.78
quat2,-0.71913,0.05414,0.04051,0.69157,1204.78
quat3,-0.32771,0.65836,0.36736,0.56940,1204.78
quat4,-0.23885,0.75038,0.59554,-0.15877,1204.78
quat5,0.00000,0.70711,0.00000,0.70711,1204.78
quat6,0.00000,0.70711,0.00000,0.70711,1204.78
quat7,0.00000,0.70711,0.00000,0.70711,1204.78
quat8,0.00000,0.70711,0.00000,0.70711,1204.78
quat0,0.67892,-0.23532,0.67148,0.18112,1204.8
quat1,-0.47744,0.63131,0.28085,0.54279,1204.8
quat2,-0.71604,0.08118,0.01502,0.69316,1204.8
quat3,-0.32314,0.64230,0.37862,0.58282,1204.8
quat4,-0.21694,0.75092,0.60947,-0.13267,1204.8
quat5,0.00000,0.70711,0.00000,0.70711,1204.8
quat6,0.00000,0.70711,0.00000,0.70711,1204.8
quat7,0.00000,0.70711,0.00000,0.70711,1204.8
quat8,0.00000,0.70711,0.00000,0.70711,1204.8
quat0,0.67810,-0.23426,0.67258,0.18149,1204.82
quat1,-0.47852,0.65165,0.27417,0.52077,1204.82
quat2,-0.71109,0.10364,-0.00916,0.69536,1204.82
quat3,-0.31932,0.62765,0.38862,0.59419,1204.82
quat4,-0.19724,0.74910,0.62354,-0.10557,1204.82
quat5,0.00000,0.70711,0.00000,0.70711,1204.82
quat6,0.00000,0.70711,0.00000,0.70711,1204.82
quat7,0.00000,0.70711,0.00000,0.70711,1204.82
quat8,0.00000,0.70711,0.00000,0.70711,1204.82
quat0,0.67755,-0.23415,0.67296,0.18227,1204.84
quat1,-0.47964,0.66746,0.26526,0.50406,1204.84
quat2,-0.70395,0.12041,-0.03412,0.69913,1204.84
quat3,-0.31608,0.61458,0.39693,0.60401,1204.84
quat4,-0.17885,0.74529,0.63716,-0.08119,1204.84
quat5,0.00000,0.70711,0.00000,0.70711,1204.84
quat6,0.00000,0.70711,0.00000,0.70711,1204.84
quat7,0.00000,0.70711,0.00000,0.70711,1204.84
quat8,0.00000,0.70711,0.00000,0.70711,1204.84
quat0,0.67746,-0.23394,0.67331,0.18159,1204.86
quat1,-0.48093,0.67794,0.25505,0.49402,1204.86
quat2,-0.69475,0.13303,-0.05992,0.70429,1204.86
quat3,-0.31443,0.60147,0.40515,0.61255,1204.86
quat4,-0.16218,0.74021,0.64971,-0.06053,1204.86
quat5,0.00000,0.70711,0.00000,0.70711,1204.86
quat6,0.00000,0.70711,0.00000,0.70711,1204.86
quat7,0.00000,0.70711,0.00000,0.70711,1204.86
quat8,0.00000,0.70711,0.00000,0.70711,1204.86
quat0,0.67698,-0.23411,0.67392,0.18091,1204.88
quat1,-0.48302,0.68282,0.24476,0.49045,1204.88
quat2,-0.68347,0.14267,-0.08484,0.71086,1204.88
quat3,-0.31553,0.59009,0.41413,0.61703,1204.88
quat4,-0.14618,0.73403,0.66179,-0.04318,1204.88
quat5,0.00000,0.70711,0.00000,0.70711,1204.88
quat6,0.00000,0.70711,0.00000,0.70711,1204.88
quat7,0.00000,0.70711,0.00000,0.70711,1204.88
quat8,0.00000,0.70711,0.00000,0.70711,1204.88
quat0,0.67659,-0.23497,0.67405,0.18075,1204.9
quat1,-0.48615,0.68251,0.23340,0.49332,1204.9
quat2,-0.67240,0.15288,-0.10288,0.71688,1204.9
quat3,-0.31750,0.58477,0.42518,0.61357,1204.9
quat4,-0.13398,0.72669,0.67317,-0.02841,1204.9
quat5,0.00000,0.70711,0.00000,0.70711,1204.9
quat6,0.00000,0.70711,0.00000,0.70711,1204.9
quat7,0.00000,0.70711,0.00000,0.70711,1204.9
quat8,0.00000,0.70711,0.00000,0.70711,1204.9
quat0,0.67631,-0.23622,0.67408,0.18005,1204.92
quat1,-0.48821,0.68033,0.22298,0.49909,1204.92
quat2,-0.66255,0.16292,-0.11408,0.72212,1204.92
quat3,-0.31904,0.58509,0.43638,0.60453,1204.92
quat4,-0.12981,0.71847,0.68314,-0.01679,1204.92
quat5,0.00000,0.70711,0.00000,0.70711,1204.92
quat6,0.00000,0.70711,0.00000,0.70711,1204.92
quat7,0.00000,0.70711,0.00000,0.70711,1204.92
quat8,0.00000,0.70711,0.00000,0.70711,1204.92
quat0,0.67711,-0.23677,0.67325,0.17945,1204.94
quat1,-0.48652,0.67963,0.21820,0.50377,1204.94
quat2,-0.65459,0.16922,-0.11961,0.72702,1204.94
quat3,-0.32234,0.58586,0.44571,0.59515,1204.94
quat4,-0.13456,0.70928,0.69190,-0.00937,1204.94
quat5,0.00000,0.70711,0.00000,0.70711,1204.94
quat6,0.00000,0.70711,0.00000,0.70711,1204.94
quat7,0.00000,0.70711,0.00000,0.70711,1204.94
quat8,0.00000,0.70711,0.00000,0.70711,1204.94
quat0,0.67681,-0.23808,0.67292,0.18006,1204.96
quat1,-0.47934,0.68202,0.22072,0.50632,1204.96
quat2,-0.64879,0.17125,-0.11794,0.73200,1204.96
quat3,-0.32790,0.58727,0.45243,0.58558,1204.96
quat4,-0.14501,0.69992,0.69930,-0.00810,1204.96
quat5,0.00000,0.70711,0.00000,0.70711,1204.96
quat6,0.00000,0.70711,0.00000,0.70711,1204.96
quat7,0.00000,0.70711,0.00000,0.70711,1204.96
quat8,0.00000,0.70711,0.00000,0.70711,1204.96
quat0,0.67691,-0.23953,0.67214,0.18066,1204.98
quat1,-0.46746,0.68710,0.22963,0.50661,1204.98
quat2,-0.64549,0.16906,-0.10890,0.73682,1204.98
quat3,-0.33519,0.59114,0.45601,0.57467,1204.98
quat4,-0.15982,0.69082,0.70502,-0.01329,1204.98
quat5,0.00000,0.70711,0.00000,0.70711,1204.98
quat6,0.00000,0.70711,0.00000,0.70711,1204.98
quat7,0.00000,0.70711,0.00000,0.70711,1204.98
quat8,0.00000,0.70711,0.00000,0.70711,1204.98
quat0,0.67720,-0.24077,0.67132,0.18099,1205
quat1,-0.45432,0.69248,0.24130,0.50580,1205
quat2,-0.64384,0.16198,-0.09470,0.74180,1205
quat3,-0.34416,0.59681,0.45689,0.56270,1205
quat4,-0.17999,0.68199,0.70852,-0.02208,1205
quat5,0.00000,0.70711,0.00000,0.70711,1205
quat6,0.00000,0.70711,0.00000,0.70711,1205
quat7,0.00000,0.70711,0.00000,0.70711,1205
quat8,0.00000,0.70711,0.00000,0.70711,1205
quat0,0.67781,-0.24212,0.67026,0.18083,1205.02
quat1,-0.44166,0.69450,0.25279,0.50864,1205.02
quat2,-0.64241,0.14891,-0.07859,0.74763,1205.02
quat3,-0.35361,0.60372,0.45613,0.54993,1205.02
quat4,-0.20132,0.67450,0.70938,-0.03612,1205.02
quat5,0.00000,0.70711,0.00000,0.70711,1205.02
quat6,0.00000,0.70711,0.00000,0.70711,1205.02
quat7,0.00000,0.70711,0.00000,0.70711,1205.02
quat8,0.00000,0.70711,0.00000,0.70711,1205.02
quat0,0.67870,-0.24298,0.66902,0.18093,1205.04
quat1,-0.43036,0.69129,0.26220,0.51785,1205.04
quat2,-0.64093,0.13253,-0.06047,0.75365,1205.04
quat3,-0.36340,0.61242,0.45357,0.53587,1205.04
quat4,-0.22295,0.66783,0.70809,-0.05387,1205.04
quat5,0.00000,0.70711,0.00000,0.70711,1205.04
quat6,0.00000,0.70711,0.00000,0.70711,1205.04
quat7,0.00000,0.70711,0.00000,0.70711,1205.04
quat8,0.00000,0.70711,0.00000,0.70711,1205.04
quat0,0.67930,-0.24412,0.66787,0.18141,1205.06
quat1,-0.42180,0.68143,0.26751,0.53495,1205.06
quat2,-0.63868,0.11340,-0.04170,0.75993,1205.06
quat3,-0.37322,0.62223,0.44904,0.52144,1205.06
quat4,-0.24473,0.66158,0.70484,-0.07494,1205.06
quat5,0.00000,0.70711,0.00000,0.70711,1205.06
quat6,0.00000,0.70711,0.00000,0.70711,1205.06
quat7,0.00000,0.70711,0.00000,0.70711,1205.06
quat8,0.00000,0.70711,0.00000,0.70711,1205.06
quat0,0.67975,-0.24429,0.66738,0.18129,1205.08
quat1,-0.41624,0.66658,0.27002,0.55634,1205.08
quat2,-0.63574,0.09310,-0.02111,0.76598,1205.08
quat3,-0.38269,0.63368,0.44193,0.50666,1205.08
quat4,-0.26715,0.65555,0.69964,-0.09691,1205.08
quat5,0.00000,0.70711,0.00000,0.70711,1205.08
quat6,0.00000,0.70711,0.00000,0.70711,1205.08
quat7,0.00000,0.70711,0.00000,0.70711,1205.08
quat8,0.00000,0.70711,0.00000,0.70711,1205.08
quat0,0.68035,-0.24362,0.66728,0.18033,1205.1
quat1,-0.41066,0.64984,0.27357,0.57812,1205.1
quat2,-0.63192,0.07211,-0.00007,0.77167,1205.1
quat3,-0.39221,0.64576,0.43309,0.49153,1205.1
quat4,-0.28923,0.64966,0.69253,-0.12123,1205.1
quat5,0.00000,0.70711,0.00000,0.70711,1205.1
quat6,0.00000,0.70711,0.00000,0.70711,1205.1
quat7,0.00000,0.70711,0.00000,0.70711,1205.1
quat8,0.00000,0.70711,0.00000,0.70711,1205.1
quat0,0.68049,-0.24292,0.66773,0.17906,1205.12
quat1,-0.40444,0.63149,0.27830,0.60017,1205.12
quat2,-0.62786,0.05454,0.02391,0.77604,1205.12
quat3,-0.40170,0.65759,0.42325,0.47653,1205.12
quat4,-0.31107,0.64389,0.68385,-0.14487,1205.12
quat5,0.00000,0.70711,0.00000,0.70711,1205.12
quat6,0.00000,0.70711,0.00000,0.70711,1205.12
quat7,0.00000,0.70711,0.00000,0.70711,1205.12
quat8,0.00000,0.70711,0.00000,0.70711,1205.12
quat0,0.68049,-0.24175,0.66854,0.17761,1205.14
quat1,-0.39803,0.61102,0.28290,0.62306,1205.14
quat2,-0.62384,0.04054,0.05059,0.77886,1205.14
quat3,-0.40883,0.67081,0.41358,0.46025,1205.14
quat4,-0.33194,0.63789,0.67402,-0.16916,1205.14
quat5,0.00000,0.70711,0.00000,0.70711,1205.14
quat6,0.00000,0.70711,0.00000,0.70711,1205.14
quat7,0.00000,0.70711,0.00000,0.70711,1205.14
quat8,0.00000,0.70711,0.00000,0.70711,1205.14
quat0,0.68095,-0.23978,0.66954,0.17472,1205.16
quat1,-0.39042,0.59043,0.28882,0.64463,1205.16
quat2,-0.61943,0.02831,0.07916,0.78054,1205.16
quat3,-0.41409,0.68400,0.40486,0.44357,1205.16
quat4,-0.35455,0.63168,0.66274,-0.18988,1205.16
quat5,0.00000,0.70711,0.00000,0.70711,1205.16
quat6,0.00000,0.70711,0.00000,0.70711,1205.16
quat7,0.00000,0.70711,0.00000,0.70711,1205.16
quat8,0.00000,0.70711,0.00000,0.70711,1205.16
quat0,0.68173,-0.23760,0.67020,0.17209,1205.18
quat1,-0.38176,0.57308,0.29555,0.66218,1205.18
quat2,-0.61432,0.01559,0.10637,0.78170,1205.18
quat3,-0.41788,0.69740,0.39654,0.42633,1205.18
quat4,-0.37637,0.62619,0.64985,-0.20960,1205.18
quat5,0.00000,0.70711,0.00000,0.70711,1205.18
quat6,0.00000,0.70711,0.00000,0.70711,1205.18
quat7,0.00000,0.70711,0.00000,0.70711,1205.18
quat8,0.00000,0.70711,0.00000,0.70711,1205.18
quat0,0.68220,-0.23589,0.67097,0.16956,1205.2
quat1,-0.37315,0.55957,0.30225,0.67549,1205.2
quat2,-0.60915,0.00396,0.13209,0.78196,1205.2
quat3,-0.42051,0.70924,0.38897,0.41093,1205.2
quat4,-0.39531,0.62102,0.63711,-0.22837,1205.2
quat5,0.00000,0.70711,0.00000,0.70711,1205.2
quat6,0.00000,0.70711,0.00000,0.70711,1205.2
quat7,0.00000,0.70711,0.00000,0.70711,1205.2
quat8,0.00000,0.70711,0.00000,0.70711,1205.2
quat0,0.68225,-0.23378,0.67212,0.16770,1205.22
quat1,-0.36712,0.54635,0.30697,0.68739,1205.22
quat2,-0.60436,-0.00707,0.15377,0.78170,1205.22
quat3,-0.42129,0.71991,0.38295,0.39698,1205.22
quat4,-0.40827,0.61560,0.62695,-0.24756,1205.22
quat5,0.00000,0.70711,0.00000,0.70711,1205.22
quat6,0.00000,0.70711,0.00000,0.70711,1205.22
quat7,0.00000,0.70711,0.00000,0.70711,1205.22
quat8,0.00000,0.70711,0.00000,0.70711,1205.22
quat0,0.68208,-0.23199,0.67338,0.16582,1205.24
quat1,-0.36443,0.53344,0.30961,0.69769,1205.24
quat2,-0.60070,-0.01780,0.16905,0.78119,1205.24
quat3,-0.41992,0.72886,0.37953,0.38521,1205.24
quat4,-0.41573,0.61043,0.62013,-0.26456,1205.24
quat5,0.00000,0.70711,0.00000,0.70711,1205.24
quat6,0.00000,0.70711,0.00000,0.70711,1205.24
quat7,0.00000,0.70711,0.00000,0.70711,1205.24
quat8,0.00000,0.70711,0.00000,0.70711,1205.24
quat0,0.68218,-0.23074,0.67403,0.16453,1205.26
quat1,-0.36381,0.52471,0.31033,0.70428,1205.26
quat2,-0.59820,-0.02574,0.17975,0.78050,1205.26
quat3,-0.41879,0.73481,0.37753,0.37702,1205.26
quat4,-0.42354,0.60309,0.61558,-0.27920,1205.26
quat5,0.00000,0.70711,0.00000,0.70711,1205.26
quat6,0.00000,0.70711,0.00000,0.70711,1205.26
quat7,0.00000,0.70711,0.00000,0.70711,1205.26
quat8,0.00000,0.70711,0.00000,0.70711,1205.26
quat0,0.68176,-0.22988,0.67498,0.16360,1205.28
quat1,-0.36431,0.52177,0.30985,0.70642,1205.28
quat2,-0.59785,-0.03170,0.18435,0.77948,1205.28
quat3,-0.41765,0.73812,0.37647,0.37284,1205.28
quat4,-0.42196,0.60145,0.61323,-0.29010,1205.28
quat5,0.00000,0.70711,0.00000,0.70711,1205.28
quat6,0.00000,0.70711,0.00000,0.70711,1205.28
quat7,0.00000,0.70711,0.00000,0.70711,1205.28
quat8,0.00000,0.70711,0.00000,0.70711,1205.28
quat0,0.68019,-0.22913,0.67689,0.16331,1205.3
quat1,-0.36585,0.52309,0.30833,0.70531,1205.3
quat2,-0.59934,-0.03177,0.18167,0.77896,1205.3
quat3,-0.41612,0.73905,0.37659,0.37260,1205.3
quat4,-0.41758,0.60281,0.61178,-0.29659,1205.3
quat5,0.00000,0.70711,0.00000,0.70711,1205.3
quat6,0.00000,0.70711,0.00000,0.70711,1205.3
quat7,0.00000,0.70711,0.00000,0.70711,1205.3
quat8,0.00000,0.70711,0.00000,0.70711,1205.3
quat0,0.67888,-0.22931,0.67805,0.16364,1205.32
quat1,-0.36844,0.52840,0.30518,0.70136,1205.32
quat2,-0.60161,-0.02624,0.17536,0.77886,1205.32
quat3,-0.41363,0.73791,0.37858,0.37560,1205.32
quat4,-0.41012,0.60384,0.61575,-0.29669,1205.32
quat5,0.00000,0.70711,0.00000,0.70711,1205.32
quat6,0.00000,0.70711,0.00000,0.70711,1205.32
quat7,0.00000,0.70711,0.00000,0.70711,1205.32
quat8,0.00000,0.70711,0.00000,0.70711,1205.32
quat0,0.67759,-0.22968,0.67891,0.16492,1205.34
quat1,-0.37117,0.53742,0.30109,0.69481,1205.34
quat2,-0.60445,-0.01445,0.16597,0.77903,1205.34
quat3,-0.41143,0.73471,0.38071,0.38209,1205.34
quat4,-0.40227,0.60694,0.62129,-0.28949,1205.34
quat5,0.00000,0.70711,0.00000,0.70711,1205.34
quat6,0.00000,0.70711,0.00000,0.70711,1205.34
quat7,0.00000,0.70711,0.00000,0.70711,1205.34
quat8,0.00000,0.70711,0.00000,0.70711,1205.34
quat0,0.67605,-0.22979,0.68014,0.16600,1205.36
quat1,-0.37400,0.54984,0.29632,0.68556,1205.36
quat2,-0.60768,0.00086,0.15266,0.77937,1205.36
quat3,-0.40930,0.72936,0.38348,0.39172,1205.36
quat4,-0.39181,0.61169,0.62866,-0.27769,1205.36
quat5,0.00000,0.70711,0.00000,0.70711,1205.36
quat6,0.00000,0.70711,0.00000,0.70711,1205.36
quat7,0.00000,0.70711,0.00000,0.70711,1205.36
quat8,0.00000,0.70711,0.00000,0.70711,1205.36
quat0,0.67512,-0.23093,0.67999,0.16882,1205.38
quat1,-0.37705,0.56496,0.29156,0.67353,1205.38
quat2,-0.61138,0.02003,0.13783,0.77899,1205.38
quat3,-0.40690,0.72215,0.38666,0.40426,1205.38
quat4,-0.37962,0.61771,0.63732,-0.26105,1205.38
quat5,0.00000,0.70711,0.00000,0.70711,1205.38
quat6,0.00000,0.70711,0.00000,0.70711,1205.38
quat7,0.00000,0.70711,0.00000,0.70711,1205.38
quat8,0.00000,0.70711,0.00000,0.70711,1205.38
quat0,0.67418,-0.23136,0.68042,0.17026,1205.4
quat1,-0.38008,0.58228,0.28640,0.65914,1205.4
quat2,-0.61509,0.04156,0.12147,0.77793,1205.4
quat3,-0.40363,0.71367,0.39045,0.41870,1205.4
quat4,-0.36473,0.62541,0.64630,-0.24110,1205.4
quat5,0.00000,0.70711,0.00000,0.70711,1205.4
quat6,0.00000,0.70711,0.00000,0.70711,1205.4
quat7,0.00000,0.70711,0.00000,0.70711,1205.4
quat8,0.00000,0.70711,0.00000,0.70711,1205.4
quat0,0.67381,-0.23225,0.67999,0.17222,1205.42
quat1,-0.38308,0.60240,0.28194,0.64099,1205.42
quat2,-0.61874,0.06810,0.10785,0.77517,1205.42
quat3,-0.39989,0.70365,0.39361,0.43593,1205.42
quat4,-0.34968,0.63419,0.65445,-0.21728,1205.42
quat5,0.00000,0.70711,0.00000,0.70711,1205.42
quat6,0.00000,0.70711,0.00000,0.70711,1205.42
quat7,0.00000,0.70711,0.00000,0.70711,1205.42
quat8,0.00000,0.70711,0.00000,0.70711,1205.42
quat0,0.67334,-0.23218,0.68009,0.17375,1205.44
quat1,-0.38609,0.62405,0.27844,0.61966,1205.44
quat2,-0.62330,0.09721,0.09495,0.77009,1205.44
quat3,-0.39586,0.69213,0.39563,0.45578,1205.44
quat4,-0.33349,0.64526,0.65964,-0.19315,1205.44
quat5,0.00000,0.70711,0.00000,0.70711,1205.44
quat6,0.00000,0.70711,0.00000,0.70711,1205.44
quat7,0.00000,0.70711,0.00000,0.70711,1205.44
quat8,0.00000,0.70711,0.00000,0.70711,1205.44
quat0,0.67207,-0.23183,0.68134,0.17421,1205.46
quat1,-0.39017,0.64409,0.27649,0.59705,1205.46
quat2,-0.62901,0.12681,0.08232,0.76256,1205.46
quat3,-0.39139,0.67936,0.39644,0.47762,1205.46
quat4,-0.31462,0.65621,0.66468,-0.16914,1205.46
quat5,0.00000,0.70711,0.00000,0.70711,1205.46
quat6,0.00000,0.70711,0.00000,0.70711,1205.46
quat7,0.00000,0.70711,0.00000,0.70711,1205.46
quat8,0.00000,0.70711,0.00000,0.70711,1205.46
quat0,0.67079,-0.23157,0.68251,0.17491,1205.48
quat1,-0.39679,0.66164,0.27442,0.57401,1205.48
quat2,-0.63644,0.15269,0.06722,0.75307,1205.48
quat3,-0.38477,0.66648,0.39766,0.49962,1205.48
quat4,-0.29571,0.66750,0.66781,-0.14502,1205.48
quat5,0.00000,0.70711,0.00000,0.70711,1205.48
quat6,0.00000,0.70711,0.00000,0.70711,1205.48
quat7,0.00000,0.70711,0.00000,0.70711,1205.48
quat8,0.00000,0.70711,0.00000,0.70711,1205.48
quat0,0.66898,-0.23056,0.68464,0.17487,1205.5
quat1,-0.40692,0.67344,0.27164,0.55417,1205.5
quat2,-0.64535,0.17383,0.05064,0.74212,1205.5
quat3,-0.37656,0.65318,0.39965,0.52138,1205.5
quat4,-0.28002,0.67950,0.66774,-0.11830,1205.5
quat5,0.00000,0.70711,0.00000,0.70711,1205.5
quat6,0.00000,0.70711,0.00000,0.70711,1205.5
quat7,0.00000,0.70711,0.00000,0.70711,1205.5
quat8,0.00000,0.70711,0.00000,0.70711,1205.5
quat0,0.66642,-0.23000,0.68741,0.17450,1205.52
quat1,-0.41907,0.68085,0.26803,0.53757,1205.52
quat2,-0.65497,0.19011,0.03382,0.73057,1205.52
quat3,-0.36712,0.64092,0.40032,0.54239,1205.52
quat4,-0.26638,0.69189,0.66480,-0.09146,1205.52
quat5,0.00000,0.70711,0.00000,0.70711,1205.52
quat6,0.00000,0.70711,0.00000,0.70711,1205.52
quat7,0.00000,0.70711,0.00000,0.70711,1205.52
quat8,0.00000,0.70711,0.00000,0.70711,1205.52
quat0,0.66385,-0.22908,0.69021,0.17447,1205.54
quat1,-0.43182,0.68687,0.26471,0.52122,1205.54
quat2,-0.66523,0.20334,0.02025,0.71813,1205.54
quat3,-0.35699,0.63090,0.39951,0.56116,1205.54
quat4,-0.25055,0.70465,0.66041,-0.06747,1205.54
quat5,0.00000,0.70711,0.00000,0.70711,1205.54
quat6,0.00000,0.70711,0.00000,0.70711,1205.54
quat7,0.00000,0.70711,0.00000,0.70711,1205.54
quat8,0.00000,0.70711,0.00000,0.70711,1205.54
quat0,0.66217,-0.22678,0.69272,0.17393,1205.56
quat1,-0.44530,0.68989,0.26058,0.50780,1205.56
quat2,-0.67566,0.21210,0.00881,0.70599,1205.56
quat3,-0.34515,0.62466,0.39902,0.57573,1205.56
quat4,-0.22738,0.71782,0.65602,-0.05164,1205.56
quat5,0.00000,0.70711,0.00000,0.70711,1205.56
quat6,0.00000,0.70711,0.00000,0.70711,1205.56
quat7,0.00000,0.70711,0.00000,0.70711,1205.56
quat8,0.00000,0.70711,0.00000,0.70711,1205.56
quat0,0.66056,-0.22431,0.69510,0.17370,1205.58
quat1,-0.45927,0.68908,0.25567,0.49887,1205.58
quat2,-0.68564,0.21653,-0.00192,0.69499,1205.58
quat3,-0.33235,0.62370,0.39827,0.58474,1205.58
quat4,-0.20156,0.73107,0.65048,-0.04216,1205.58
quat5,0.00000,0.70711,0.00000,0.70711,1205.58
quat6,0.00000,0.70711,0.00000,0.70711,1205.58
quat7,0.00000,0.70711,0.00000,0.70711,1205.58
quat8,0.00000,0.70711,0.00000,0.70711,1205.58
quat0,0.66044,-0.22185,0.69625,0.17273,1205.6
quat1,-0.47358,0.68453,0.25030,0.49447,1205.6
quat2,-0.69458,0.21707,-0.01239,0.68577,1205.6
quat3,-0.31926,0.62715,0.39627,0.58968,1205.6
quat4,-0.18090,0.74344,0.64290,-0.03547,1205.6
quat5,0.00000,0.70711,0.00000,0.70711,1205.6
quat6,0.00000,0.70711,0.00000,0.70711,1205.6
quat7,0.00000,0.70711,0.00000,0.70711,1205.6
quat8,0.00000,0.70711,0.00000,0.70711,1205.6
quat0,0.66179,-0.22059,0.69535,0.17284,1205.62
quat1,-0.48819,0.67600,0.24438,0.49495,1205.62
quat2,-0.70262,0.21353,-0.02192,0.67842,1205.62
quat3,-0.30770,0.63322,0.39178,0.59233,1205.62
quat4,-0.16914,0.75447,0.63348,-0.02955,1205.62
quat5,0.00000,0.70711,0.00000,0.70711,1205.62
quat6,0.00000,0.70711,0.00000,0.70711,1205.62
quat7,0.00000,0.70711,0.00000,0.70711,1205.62
quat8,0.00000,0.70711,0.00000,0.70711,1205.62
quat0,0.66304,-0.21963,0.69452,0.17258,1205.64
quat1,-0.50191,0.66454,0.23794,0.49986,1205.64
quat2,-0.71004,0.20668,-0.02954,0.67250,1205.64
quat3,-0.29948,0.63851,0.38412,0.59587,1205.64
quat4,-0.16584,0.76386,0.62316,-0.02630,1205.64
quat5,0.00000,0.70711,0.00000,0.70711,1205.64
quat6,0.00000,0.70711,0.00000,0.70711,1205.64
quat7,0.00000,0.70711,0.00000,0.70711,1205.64
quat8,0.00000,0.70711,0.00000,0.70711,1205.64
quat0,0.66418,-0.21957,0.69344,0.17263,1205.66
quat1,-0.51279,0.65240,0.23361,0.50680,1205.66
quat2,-0.71700,0.19631,-0.03370,0.66801,1205.66
quat3,-0.29583,0.64105,0.37371,0.60157,1205.66
quat4,-0.16941,0.77156,0.61257,-0.02752,1205.66
quat5,0.00000,0.70711,0.00000,0.70711,1205.66
quat6,0.00000,0.70711,0.00000,0.70711,1205.66
quat7,0.00000,0.70711,0.00000,0.70711,1205.66
quat8,0.00000,0.70711,0.00000,0.70711,1205.66
quat0,0.66607,-0.21961,0.69168,0.17232,1205.68
quat1,-0.51928,0.64191,0.23446,0.51315,1205.68
quat2,-0.72366,0.18317,-0.03237,0.66462,1205.68
quat3,-0.29505,0.64266,0.36233,0.60716,1205.68
quat4,-0.17796,0.77803,0.60152,-0.03413,1205.68
quat5,0.00000,0.70711,0.00000,0.70711,1205.68
quat6,0.00000,0.70711,0.00000,0.70711,1205.68
quat7,0.00000,0.70711,0.00000,0.70711,1205.68
quat8,0.00000,0.70711,0.00000,0.70711,1205.68
quat0,0.66817,-0.21929,0.68985,0.17195,1205.7
quat1,-0.52075,0.63455,0.24074,0.51790,1205.7
quat2,-0.72967,0.16674,-0.02620,0.66264,1205.7
quat3,-0.29693,0.64500,0.35103,0.61040,1205.7
quat4,-0.18936,0.78345,0.59005,-0.04677,1205.7
quat5,0.00000,0.70711,0.00000,0.70711,1205.7
quat6,0.00000,0.70711,0.00000,0.70711,1205.7
quat7,0.00000,0.70711,0.00000,0.70711,1205.7
quat8,0.00000,0.70711,0.00000,0.70711,1205.7
quat0,0.66964,-0.21866,0.68871,0.17161,1205.72
quat1,-0.51815,0.62954,0.25037,0.52203,1205.72
quat2,-0.73463,0.14729,-0.01571,0.66210,1205.72
quat3,-0.30046,0.64846,0.34097,0.61070,1205.72
quat4,-0.20346,0.78752,0.57814,-0.06460,1205.72
quat5,0.00000,0.70711,0.00000,0.70711,1205.72
quat6,0.00000,0.70711,0.00000,0.70711,1205.72
quat7,0.00000,0.70711,0.00000,0.70711,1205.72
quat8,0.00000,0.70711,0.00000,0.70711,1205.72
quat0,0.67115,-0.21866,0.68721,0.17173,1205.74
quat1,-0.51290,0.62517,0.26117,0.52715,1205.74
quat2,-0.73783,0.12374,-0.00263,0.66354,1205.74
quat3,-0.30389,0.65397,0.33307,0.60749,1205.74
quat4,-0.21769,0.79053,0.56549,-0.08881,1205.74
quat5,0.00000,0.70711,0.00000,0.70711,1205.74
quat6,0.00000,0.70711,0.00000,0.70711,1205.74
quat7,0.00000,0.70711,0.00000,0.70711,1205.74
quat8,0.00000,0.70711,0.00000,0.70711,1205.74
quat0,0.67260,-0.21863,0.68600,0.17094,1205.76
quat1,-0.50655,0.61967,0.27107,0.53473,1205.76
quat2,-0.73899,0.09815,0.01169,0.66642,1205.76
quat3,-0.30701,0.66322,0.32650,0.59941,1205.76
quat4,-0.23145,0.79217,0.55199,-0.11918,1205.76
quat5,0.00000,0.70711,0.00000,0.70711,1205.76
quat6,0.00000,0.70711,0.00000,0.70711,1205.76
quat7,0.00000,0.70711,0.00000,0.70711,1205.76
quat8,0.00000,0.70711,0.00000,0.70711,1205.76
quat0,0.67366,-0.21853,0.68503,0.17077,1205.78
quat1,-0.50109,0.61108,0.27840,0.54588,1205.78
quat2,-0.73819,0.06943,0.02311,0.67061,1205.78
quat3,-0.30966,0.67524,0.32098,0.58748,1205.78
quat4,-0.24312,0.79113,0.53898,-0.15654,1205.78
quat5,0.00000,0.70711,0.00000,0.70711,1205.78
quat6,0.00000,0.70711,0.00000,0.70711,1205.78
quat7,0.00000,0.70711,0.00000,0.70711,1205.78
quat8,0.00000,0.70711,0.00000,0.70711,1205.78
quat0,0.67263,-0.21865,0.68639,0.16920,1205.8
quat1,-0.49650,0.59989,0.28435,0.55925,1205.8
quat2,-0.73612,0.03875,0.03340,0.67492,1205.8
quat3,-0.31203,0.68863,0.31709,0.57261,1205.8
quat4,-0.25438,0.78659,0.52715,-0.19669,1205.8
quat5,0.00000,0.70711,0.00000,0.70711,1205.8
quat6,0.00000,0.70711,0.00000,0.70711,1205.8
quat7,0.00000,0.70711,0.00000,0.70711,1205.8
quat8,0.00000,0.70711,0.00000,0.70711,1205.8
quat0,0.67236,-0.21797,0.68722,0.16781,1205.82
quat1,-0.49200,0.58731,0.29043,0.57329,1205.82
quat2,-0.73319,0.00585,0.04437,0.67855,1205.82
quat3,-0.31452,0.70307,0.31533,0.55438,1205.82
quat4,-0.26559,0.77864,0.51622,-0.23811,1205.82
quat5,0.00000,0.70711,0.00000,0.70711,1205.82
quat6,0.00000,0.70711,0.00000,0.70711,1205.82
quat7,0.00000,0.70711,0.00000,0.70711,1205.82
quat8,0.00000,0.70711,0.00000,0.70711,1205.82
quat0,0.67266,-0.21784,0.68722,0.16671,1205.84
quat1,-0.48756,0.57542,0.29780,0.58522,1205.84
quat2,-0.72973,-0.02755,0.05671,0.68083,1205.84
quat3,-0.31717,0.71697,0.31566,0.53452,1205.84
quat4,-0.27942,0.76744,0.50626,-0.27688,1205.84
quat5,0.00000,0.70711,0.00000,0.70711,1205.84
quat6,0.00000,0.70711,0.00000,0.70711,1205.84
quat7,0.00000,0.70711,0.00000,0.70711,1205.84
quat8,0.00000,0.70711,0.00000,0.70711,1205.84
quat0,0.67361,-0.21762,0.68680,0.16490,1205.86
quat1,-0.48396,0.56387,0.30488,0.59573,1205.86
quat2,-0.72574,-0.06091,0.06915,0.68178,1205.86
quat3,-0.32110,0.72958,0.31619,0.51443,1205.86
quat4,-0.29387,0.75417,0.49802,-0.31121,1205.86
quat5,0.00000,0.70711,0.00000,0.70711,1205.86
quat6,0.00000,0.70711,0.00000,0.70711,1205.86
quat7,0.00000,0.70711,0.00000,0.70711,1205.86
quat8,0.00000,0.70711,0.00000,0.70711,1205.86
quat0,0.67372,-0.21690,0.68758,0.16215,1205.88
quat1,-0.47946,0.55060,0.31129,0.60831,1205.88
quat2,-0.72203,-0.08955,0.08481,0.68078,1205.88
quat3,-0.32551,0.74168,0.31597,0.49409,1205.88
quat4,-0.31009,0.73990,0.49133,-0.33911,1205.88
quat5,0.00000,0.70711,0.00000,0.70711,1205.88
quat6,0.00000,0.70711,0.00000,0.70711,1205.88
quat7,0.00000,0.70711,0.00000,0.70711,1205.88
quat8,0.00000,0.70711,0.00000,0.70711,1205.88
quat0,0.67454,-0.21641,0.68740,0.16015,1205.9
quat1,-0.47315,0.53573,0.31667,0.62357,1205.9
quat2,-0.71758,-0.11235,0.10273,0.67964,1205.9
quat3,-0.32869,0.75344,0.31449,0.47475,1205.9
quat4,-0.32629,0.72583,0.48595,-0.36134,1205.9
quat5,0.00000,0.70711,0.00000,0.70711,1205.9
quat6,0.00000,0.70711,0.00000,0.70711,1205.9
quat7,0.00000,0.70711,0.00000,0.70711,1205.9
quat8,0.00000,0.70711,0.00000,0.70711,1205.9
quat0,0.67593,-0.21515,0.68687,0.15824,1205.92
quat1,-0.46598,0.52157,0.32150,0.63832,1205.92
quat2,-0.71220,-0.12916,0.12149,0.67922,1205.92
quat3,-0.33194,0.76341,0.31187,0.45799,1205.92
quat4,-0.34227,0.71383,0.48141,-0.37622,1205.92
quat5,0.00000,0.70711,0.00000,0.70711,1205.92
quat6,0.00000,0.70711,0.00000,0.70711,1205.92
quat7,0.00000,0.70711,0.00000,0.70711,1205.92
quat8,0.00000,0.70711,0.00000,0.70711,1205.92
quat0,0.67719,-0.21428,0.68643,0.15595,1205.94
quat1,-0.45904,0.51068,0.32647,0.64954,1205.94
quat2,-0.70696,-0.14170,0.13763,0.67911,1205.94
quat3,-0.33510,0.77126,0.30909,0.44422,1205.94
quat4,-0.35704,0.70440,0.47781,-0.38476,1205.94
quat5,0.00000,0.70711,0.00000,0.70711,1205.94
quat6,0.00000,0.70711,0.00000,0.70711,1205.94
quat7,0.00000,0.70711,0.00000,0.70711,1205.94
quat8,0.00000,0.70711,0.00000,0.70711,1205.94
quat0,0.67849,-0.21393,0.68558,0.15447,1205.96
quat1,-0.45265,0.50072,0.33011,0.65986,1205.96
quat2,-0.70258,-0.14903,0.15091,0.67926,1205.96
quat3,-0.33760,0.77725,0.30745,0.43287,1205.96
quat4,-0.36936,0.69711,0.47614,-0.38846,1205.96
quat5,0.00000,0.70711,0.00000,0.70711,1205.96
quat6,0.00000,0.70711,0.00000,0.70711,1205.96
quat7,0.00000,0.70711,0.00000,0.70711,1205.96
quat8,0.00000,0.70711,0.00000,0.70711,1205.96
quat0,0.67957,-0.21311,0.68504,0.15325,1205.98
quat1,-0.44825,0.49301,0.33162,0.66786,1205.98
quat2,-0.69891,-0.15324,0.15999,0.68004,1205.98
quat3,-0.33905,0.78193,0.30739,0.42325,1205.98
quat4,-0.37797,0.69158,0.47717,-0.38879,1205.98
quat5,0.00000,0.70711,0.00000,0.70711,1205.98
quat6,0.00000,0.70711,0.00000,0.70711,1205.98
quat7,0.00000,0.70711,0.00000,0.70711,1205.98
quat8,0.00000,0.70711,0.00000,0.70711,1205.98
quat0,0.68027,-0.21285,0.68456,0.15269,1206
quat1,-0.44584,0.48925,0.33206,0.67201,1206
quat2,-0.69665,-0.15577,0.16356,0.68093,1206
quat3,-0.33964,0.78399,0.30835,0.41824,1206
quat4,-0.38376,0.68869,0.47941,-0.38550,1206
quat5,0.00000,0.70711,0.00000,0.70711,1206
quat6,0.00000,0.70711,0.00000,0.70711,1206
quat7,0.00000,0.70711,0.00000,0.70711,1206
quat8,0.00000,0.70711,0.00000,0.70711,1206
quat0,0.68064,-0.21303,0.68409,0.15285,1206.02
quat1,-0.44590,0.48861,0.33081,0.67305,1206.02
quat2,-0.69582,-0.15560,0.16240,0.68209,1206.02
quat3,-0.34019,0.78320,0.31022,0.41790,1206.02
quat4,-0.38618,0.68808,0.48303,-0.37959,1206.02
quat5,0.00000,0.70711,0.00000,0.70711,1206.02
quat6,0.00000,0.70711,0.00000,0.70711,1206.02
quat7,0.00000,0.70711,0.00000,0.70711,1206.02
quat8,0.00000,0.70711,0.00000,0.70711,1206.02
quat0,0.68130,-0.21346,0.68301,0.15411,1206.04
quat1,-0.44799,0.49076,0.32815,0.67140,1206.04
quat2,-0.69613,-0.15157,0.15757,0.68381,1206.04
quat3,-0.34070,0.77983,0.31260,0.42198,1206.04
quat4,-0.38408,0.68954,0.48907,-0.37126,1206.04
quat5,0.00000,0.70711,0.00000,0.70711,1206.04
quat6,0.00000,0.70711,0.00000,0.70711,1206.04
quat7,0.00000,0.70711,0.00000,0.70711,1206.04
quat8,0.00000,0.70711,0.00000,0.70711,1206.04
quat0,0.68224,-0.21403,0.68173,0.15486,1206.06
quat1,-0.45182,0.49565,0.32476,0.66687,1206.06
quat2,-0.69769,-0.14301,0.14854,0.68609,1206.06
quat3,-0.34055,0.77488,0.31561,0.42893,1206.06
quat4,-0.37864,0.69380,0.49673,-0.35851,1206.06
quat5,0.00000,0.70711,0.00000,0.70711,1206.06
quat6,0.00000,0.70711,0.00000,0.70711,1206.06
quat7,0.00000,0.70711,0.00000,0.70711,1206.06
quat8,0.00000,0.70711,0.00000,0.70711,1206.06
quat0,0.68280,-0.21515,0.68054,0.15608,1206.08
quat1,-0.45665,0.50283,0.32006,0.66045,1206.08
quat2,-0.70040,-0.13056,0.13477,0.68865,1206.08
quat3,-0.33946,0.76849,0.31917,0.43854,1206.08
quat4,-0.36894,0.69994,0.50649,-0.34268,1206.08
quat5,0.00000,0.70711,0.00000,0.70711,1206.08
quat6,0.00000,0.70711,0.00000,0.70711,1206.08
quat7,0.00000,0.70711,0.00000,0.70711,1206.08
quat8,0.00000,0.70711,0.00000,0.70711,1206.08
quat0,0.68369,-0.21632,0.67889,0.15775,1206.1
quat1,-0.46175,0.51247,0.31500,0.65188,1206.1
quat2,-0.70404,-0.11426,0.11659,0.69115,1206.1
quat3,-0.33861,0.75992,0.32267,0.45139,1206.1
quat4,-0.35701,0.70845,0.51631,-0.32259,1206.1
quat5,0.00000,0.70711,0.00000,0.70711,1206.1
quat6,0.00000,0.70711,0.00000,0.70711,1206.1
quat7,0.00000,0.70711,0.00000,0.70711,1206.1
quat8,0.00000,0.70711,0.00000,0.70711,1206.1
quat0,0.68483,-0.21755,0.67691,0.15959,1206.12
quat1,-0.46678,0.52473,0.30973,0.64096,1206.12
quat2,-0.70788,-0.09572,0.09352,0.69354,1206.12
quat3,-0.33747,0.74919,0.32673,0.46698,1206.12
quat4,-0.34020,0.71616,0.52925,-0.30211,1206.12
quat5,0.00000,0.70711,0.00000,0.70711,1206.12
quat6,0.00000,0.70711,0.00000,0.70711,1206.12
quat7,0.00000,0.70711,0.00000,0.70711,1206.12
quat8,0.00000,0.70711,0.00000,0.70711,1206.12
quat0,0.68570,-0.21872,0.67535,0.16088,1206.14
quat1,-0.47131,0.53951,0.30474,0.62764,1206.14
quat2,-0.71133,-0.07393,0.06858,0.69559,1206.14
quat3,-0.33657,0.73548,0.33137,0.48578,1206.14
quat4,-0.32117,0.72301,0.54361,-0.28035,1206.14
quat5,0.00000,0.70711,0.00000,0.70711,1206.14
quat6,0.00000,0.70711,0.00000,0.70711,1206.14
quat7,0.00000,0.70711,0.00000,0.70711,1206.14
quat8,0.00000,0.70711,0.00000,0.70711,1206.14
quat0,0.68611,-0.21908,0.67470,0.16137,1206.16
quat1,-0.47527,0.55600,0.29971,0.61249,1206.16
quat2,-0.71342,-0.04921,0.04359,0.69765,1206.16
quat3,-0.33536,0.71864,0.33771,0.50700,1206.16
quat4,-0.30051,0.72850,0.55894,-0.25802,1206.16
quat5,0.00000,0.70711,0.00000,0.70711,1206.16
quat6,0.00000,0.70711,0.00000,0.70711,1206.16
quat7,0.00000,0.70711,0.00000,0.70711,1206.16
quat8,0.00000,0.70711,0.00000,0.70711,1206.16
quat0,0.68627,-0.22000,0.67406,0.16211,1206.18
quat1,-0.47869,0.57452,0.29535,0.59460,1206.18
quat2,-0.71427,-0.01994,0.02196,0.69924,1206.18
quat3,-0.33381,0.69888,0.34616,0.52944,1206.18
quat4,-0.28012,0.73276,0.57427,-0.23413,1206.18
quat5,0.00000,0.70711,0.00000,0.70711,1206.18
quat6,0.00000,0.70711,0.00000,0.70711,1206.18
quat7,0.00000,0.70711,0.00000,0.70711,1206.18
quat8,0.00000,0.70711,0.00000,0.70711,1206.18
quat0,0.68635,-0.22106,0.67345,0.16283,1206.2
quat1,-0.48223,0.59312,0.28971,0.57596,1206.2
quat2,-0.71400,0.01107,0.00316,0.70005,1206.2
quat3,-0.33051,0.67764,0.35625,0.55195,1206.2
quat4,-0.26064,0.73575,0.58908,-0.20912,1206.2
quat5,0.00000,0.70711,0.00000,0.70711,1206.2
quat6,0.00000,0.70711,0.00000,0.70711,1206.2
quat7,0.00000,0.70711,0.00000,0.70711,1206.2
quat8,0.00000,0.70711,0.00000,0.70711,1206.2
quat0,0.68618,-0.22112,0.67366,0.16261,1206.22
quat1,-0.48588,0.61157,0.28222,0.55700,1206.22
quat2,-0.71240,0.04356,-0.01329,0.70029,1206.22
quat3,-0.32675,0.65498,0.36676,0.57422,1206.22
quat4,-0.24610,0.73722,0.60301,-0.17975,1206.22
quat5,0.00000,0.70711,0.00000,0.70711,1206.22
quat6,0.00000,0.70711,0.00000,0.70711,1206.22
quat7,0.00000,0.70711,0.00000,0.70711,1206.22
quat8,0.00000,0.70711,0.00000,0.70711,1206.22
quat0,0.68563,-0.22050,0.67453,0.16216,1206.24
quat1,-0.48874,0.63023,0.27303,0.53795,1206.24
quat2,-0.70914,0.07301,-0.03153,0.70057,1206.24
quat3,-0.32216,0.63295,0.37786,0.59398,1206.24
quat4,-0.23401,0.73715,0.61649,-0.14760,1206.24
quat5,0.00000,0.70711,0.00000,0.70711,1206.24
quat6,0.00000,0.70711,0.00000,0.70711,1206.24
quat7,0.00000,0.70711,0.00000,0.70711,1206.24
quat8,0.00000,0.70711,0.00000,0.70711,1206.24
quat0,0.68475,-0.21972,0.67562,0.16241,1206.26
quat1,-0.49022,0.64852,0.26380,0.51914,1206.26
quat2,-0.70369,0.09796,-0.05486,0.70158,1206.26
quat3,-0.31716,0.61424,0.38905,0.60890,1206.26
quat4,-0.22169,0.73532,0.62998,-0.11528,1206.26
quat5,0.00000,0.70711,0.00000,0.70711,1206.26
quat6,0.00000,0.70711,0.00000,0.70711,1206.26
quat7,0.00000,0.70711,0.00000,0.70711,1206.26
quat8,0.00000,0.70711,0.00000,0.70711,1206.26
quat0,0.68420,-0.21925,0.67633,0.16239,1206.28
quat1,-0.49281,0.66124,0.25319,0.50576,1206.28
quat2,-0.69507,0.11838,-0.08413,0.70412,1206.28
quat3,-0.31258,0.59882,0.40030,0.61925,1206.28
quat4,-0.20506,0.73223,0.64353,-0.08751,1206.28
quat5,0.00000,0.70711,0.00000,0.70711,1206.28
quat6,0.00000,0.70711,0.00000,0.70711,1206.28
quat7,0.00000,0.70711,0.00000,0.70711,1206.28
quat8,0.00000,0.70711,0.00000,0.70711,1206.28
quat0,0.68338,-0.21890,0.67746,0.16161,1206.3
quat1,-0.49744,0.66608,0.24087,0.50088,1206.3
quat2,-0.68414,0.13881,-0.11298,0.70705,1206.3
quat3,-0.30882,0.58706,0.41121,0.62522,1206.3
quat4,-0.18707,0.72796,0.65652,-0.06363,1206.3
quat5,0.00000,0.70711,0.00000,0.70711,1206.3
quat6,0.00000,0.70711,0.00000,0.70711,1206.3
quat7,0.00000,0.70711,0.00000,0.70711,1206.3
quat8,0.00000,0.70711,0.00000,0.70711,1206.3
quat0,0.68294,-0.21941,0.67787,0.16105,1206.32
quat1,-0.50132,0.66866,0.22975,0.49878,1206.32
quat2,-0.67299,0.15703,-0.13587,0.70991,1206.32
quat3,-0.30627,0.57892,0.42270,0.62640,1206.32
quat4,-0.16954,0.72273,0.66860,-0.04343,1206.32
quat5,0.00000,0.70711,0.00000,0.70711,1206.32
quat6,0.00000,0.70711,0.00000,0.70711,1206.32
quat7,0.00000,0.70711,0.00000,0.70711,1206.32
quat8,0.00000,0.70711,0.00000,0.70711,1206.32
quat0,0.68299,-0.22025,0.67758,0.16095,1206.34
quat1,-0.50250,0.67129,0.22114,0.49796,1206.34
quat2,-0.66289,0.16821,-0.15245,0.71347,1206.34
quat3,-0.30434,0.57470,0.43437,0.62323,1206.34
quat4,-0.15491,0.71636,0.67980,-0.02652,1206.34
quat5,0.00000,0.70711,0.00000,0.70711,1206.34
quat6,0.00000,0.70711,0.00000,0.70711,1206.34
quat7,0.00000,0.70711,0.00000,0.70711,1206.34
quat8,0.00000,0.70711,0.00000,0.70711,1206.34
quat0,0.68272,-0.22119,0.67748,0.16123,1206.36
quat1,-0.50002,0.67664,0.21519,0.49581,1206.36
quat2,-0.65350,0.17030,-0.16496,0.71884,1206.36
quat3,-0.30362,0.57310,0.44508,0.61747,1206.36
quat4,-0.14423,0.70937,0.68975,-0.01505,1206.36
quat5,0.00000,0.70711,0.00000,0.70711,1206.36
quat6,0.00000,0.70711,0.00000,0.70711,1206.36
quat7,0.00000,0.70711,0.00000,0.70711,1206.36
quat8,0.00000,0.70711,0.00000,0.70711,1206.36
quat0,0.68185,-0.22278,0.67770,0.16179,1206.38
quat1,-0.49426,0.68383,0.21372,0.49236,1206.38
quat2,-0.64599,0.16786,-0.16957,0.72510,1206.38
quat3,-0.30489,0.57231,0.45409,0.61099,1206.38
quat4,-0.13992,0.70232,0.69791,-0.00916,1206.38
quat5,0.00000,0.70711,0.00000,0.70711,1206.38
quat6,0.00000,0.70711,0.00000,0.70711,1206.38
quat7,0.00000,0.70711,0.00000,0.70711,1206.38
quat8,0.00000,0.70711,0.00000,0.70711,1206.38
quat0,0.68076,-0.22457,0.67792,0.16299,1206.4
quat1,-0.48552,0.69090,0.21678,0.48983,1206.4
quat2,-0.64115,0.16436,-0.16516,0.73119,1206.4
quat3,-0.30808,0.57198,0.46112,0.60439,1206.4
quat4,-0.14271,0.69475,0.70491,-0.00751,1206.4
quat5,0.00000,0.70711,0.00000,0.70711,1206.4
quat6,0.00000,0.70711,0.00000,0.70711,1206.4
quat7,0.00000,0.70711,0.00000,0.70711,1206.4
quat8,0.00000,0.70711,0.00000,0.70711,1206.4
quat0,0.67960,-0.22737,0.67769,0.16487,1206.42
quat1,-0.47690,0.69459,0.22031,0.49150,1206.42
quat2,-0.63834,0.15899,-0.15525,0.73698,1206.42
quat3,-0.31385,0.57308,0.46465,0.59765,1206.42
quat4,-0.15253,0.68743,0.70999,-0.00952,1206.42
quat5,0.00000,0.70711,0.00000,0.70711,1206.42
quat6,0.00000,0.70711,0.00000,0.70711,1206.42
quat7,0.00000,0.70711,0.00000,0.70711,1206.42
quat8,0.00000,0.70711,0.00000,0.70711,1206.42
quat0,0.67728,-0.23027,0.67871,0.16620,1206.44
quat1,-0.46901,0.69417,0.22340,0.49825,1206.44
quat2,-0.63664,0.15130,-0.14210,0.74270,1206.44
quat3,-0.32171,0.57650,0.46434,0.59037,1206.44
quat4,-0.16917,0.68027,0.71303,-0.01437,1206.44
quat5,0.00000,0.70711,0.00000,0.70711,1206.44
quat6,0.00000,0.70711,0.00000,0.70711,1206.44
quat7,0.00000,0.70711,0.00000,0.70711,1206.44
quat8,0.00000,0.70711,0.00000,0.70711,1206.44
quat0,0.67554,-0.23290,0.67927,0.16734,1206.46
quat1,-0.46148,0.69056,0.22697,0.50858,1206.46
quat2,-0.63553,0.13923,-0.12762,0.74862,1206.46
quat3,-0.33029,0.58152,0.46134,0.58301,1206.46
quat4,-0.18950,0.67400,0.71363,-0.02334,1206.46
quat5,0.00000,0.70711,0.00000,0.70711,1206.46
quat6,0.00000,0.70711,0.00000,0.70711,1206.46
quat7,0.00000,0.70711,0.00000,0.70711,1206.46
quat8,0.00000,0.70711,0.00000,0.70711,1206.46
quat0,0.67426,-0.23522,0.67951,0.16826,1206.48
quat1,-0.45316,0.68505,0.23225,0.52097,1206.48
quat2,-0.63469,0.12357,-0.11223,0.75452,1206.48
quat3,-0.33956,0.58843,0.45648,0.57453,1206.48
quat4,-0.21184,0.66842,0.71206,-0.03622,1206.48
quat5,0.00000,0.70711,0.00000,0.70711,1206.48
quat6,0.00000,0.70711,0.00000,0.70711,1206.48
quat7,0.00000,0.70711,0.00000,0.70711,1206.48
quat8,0.00000,0.70711,0.00000,0.70711,1206.48
quat0,0.67342,-0.23664,0.67971,0.16880,1206.5
quat1,-0.44438,0.67770,0.23881,0.53499,1206.5
quat2,-0.63422,0.10467,-0.09534,0.76008,1206.5
quat3,-0.34924,0.59705,0.44960,0.56517,1206.5
quat4,-0.23387,0.66388,0.70826,-0.05420,1206.5
quat5,0.00000,0.70711,0.00000,0.70711,1206.5
quat6,0.00000,0.70711,0.00000,0.70711,1206.5
quat7,0.00000,0.70711,0.00000,0.70711,1206.5
quat8,0.00000,0.70711,0.00000,0.70711,1206.5
quat0,0.67264,-0.23774,0.68022,0.16832,1206.52
quat1,-0.43472,0.66949,0.24704,0.54934,1206.52
quat2,-0.63395,0.08482,-0.07584,0.76496,1206.52
quat3,-0.35859,0.60656,0.44107,0.55583,1206.52
quat4,-0.25619,0.65977,0.70237,-0.07582,1206.52
quat5,0.00000,0.70711,0.00000,0.70711,1206.52
quat6,0.00000,0.70711,0.00000,0.70711,1206.52
quat7,0.00000,0.70711,0.00000,0.70711,1206.52
quat8,0.00000,0.70711,0.00000,0.70711,1206.52
quat0,0.67287,-0.23866,0.67978,0.16789,1206.54
quat1,-0.42439,0.66157,0.25682,0.56237,1206.54
quat2,-0.63308,0.06151,-0.05529,0.76966,1206.54
quat3,-0.36597,0.61690,0.43275,0.54610,1206.54
quat4,-0.27892,0.65543,0.69459,-0.10084,1206.54
quat5,0.00000,0.70711,0.00000,0.70711,1206.54
quat6,0.00000,0.70711,0.00000,0.70711,1206.54
quat7,0.00000,0.70711,0.00000,0.70711,1206.54
quat8,0.00000,0.70711,0.00000,0.70711,1206.54
quat0,0.67333,-0.23913,0.67934,0.16713,1206.56
quat1,-0.41470,0.65277,0.26551,0.57568,1206.56
quat2,-0.63201,0.03538,-0.03299,0.77345,1206.56
quat3,-0.37112,0.62778,0.42537,0.53593,1206.56
quat4,-0.30266,0.65109,0.68477,-0.12476,1206.56
quat5,0.00000,0.70711,0.00000,0.70711,1206.56
quat6,0.00000,0.70711,0.00000,0.70711,1206.56
quat7,0.00000,0.70711,0.00000,0.70711,1206.56
quat8,0.00000,0.70711,0.00000,0.70711,1206.56
quat0,0.67361,-0.23881,0.67939,0.16627,1206.58
quat1,-0.40790,0.64057,0.26869,0.59253,1206.58
quat2,-0.63057,0.00583,-0.01100,0.77603,1206.58
quat3,-0.37495,0.63919,0.41909,0.52461,1206.58
quat4,-0.32459,0.64662,0.67379,-0.15009,1206.58
quat5,0.00000,0.70711,0.00000,0.70711,1206.58
quat6,0.00000,0.70711,0.00000,0.70711,1206.58
quat7,0.00000,0.70711,0.00000,0.70711,1206.58
quat8,0.00000,0.70711,0.00000,0.70711,1206.58
quat0,0.67368,-0.23810,0.67968,0.16583,1206.6
quat1,-0.40393,0.62704,0.26898,0.60936,1206.6
quat2,-0.62926,-0.02461,0.01306,0.77670,1206.6
quat3,-0.37817,0.65262,0.41251,0.51080,1206.6
quat4,-0.34450,0.64152,0.66260,-0.17528,1206.6
quat5,0.00000,0.70711,0.00000,0.70711,1206.6
quat6,0.00000,0.70711,0.00000,0.70711,1206.6
quat7,0.00000,0.70711,0.00000,0.70711,1206.6
quat8,0.00000,0.70711,0.00000,0.70711,1206.6
quat0,0.67468,-0.23691,0.67934,0.16484,1206.62
quat1,-0.40110,0.61406,0.27064,0.62354,1206.62
quat2,-0.62720,-0.05697,0.03783,0.77585,1206.62
quat3,-0.38016,0.66876,0.40540,0.49384,1206.62
quat4,-0.36115,0.63593,0.65145,-0.20196,1206.62
quat5,0.00000,0.70711,0.00000,0.70711,1206.62
quat6,0.00000,0.70711,0.00000,0.70711,1206.62
quat7,0.00000,0.70711,0.00000,0.70711,1206.62
quat8,0.00000,0.70711,0.00000,0.70711,1206.62
quat0,0.67647,-0.23589,0.67813,0.16396,1206.64
quat1,-0.39939,0.60106,0.27236,0.63642,1206.64
quat2,-0.62480,-0.08989,0.06212,0.77311,1206.64
quat3,-0.38217,0.68464,0.39786,0.47636,1206.64
quat4,-0.37496,0.62943,0.64095,-0.22895,1206.64
quat5,0.00000,0.70711,0.00000,0.70711,1206.64
quat6,0.00000,0.70711,0.00000,0.70711,1206.64
quat7,0.00000,0.70711,0.00000,0.70711,1206.64
quat8,0.00000,0.70711,0.00000,0.70711,1206.64
quat0,0.67798,-0.23445,0.67733,0.16310,1206.66
quat1,-0.39593,0.58944,0.27556,0.64797,1206.66
quat2,-0.62275,-0.12169,0.08186,0.76855,1206.66
quat3,-0.38528,0.69693,0.39069,0.46175,1206.66
quat4,-0.38289,0.62188,0.63286,-0.25722,1206.66
quat5,0.00000,0.70711,0.00000,0.70711,1206.66
quat6,0.00000,0.70711,0.00000,0.70711,1206.66
quat7,0.00000,0.70711,0.00000,0.70711,1206.66
quat8,0.00000,0.70711,0.00000,0.70711,1206.66
quat0,0.67932,-0.23266,0.67685,0.16206,1206.68
quat1,-0.39199,0.57563,0.27827,0.66148,1206.68
quat2,-0.62026,-0.14759,0.09842,0.76407,1206.68
quat3,-0.38931,0.70751,0.38345,0.44814,1206.68
quat4,-0.38642,0.61371,0.62718,-0.28405,1206.68
quat5,0.00000,0.70711,0.00000,0.70711,1206.68
quat6,0.00000,0.70711,0.00000,0.70711,1206.68
quat7,0.00000,0.70711,0.00000,0.70711,1206.68
quat8,0.00000,0.70711,0.00000,0.70711,1206.68
quat0,0.68171,-0.23128,0.67511,0.16128,1206.7
quat1,-0.38772,0.56232,0.28044,0.67441,1206.7
quat2,-0.61692,-0.16851,0.11113,0.76070,1206.7
quat3,-0.39160,0.71899,0.37701,0.43310,1206.7
quat4,-0.38679,0.60548,0.62266,-0.30997,1206.7
quat5,0.00000,0.70711,0.00000,0.70711,1206.7
quat6,0.00000,0.70711,0.00000,0.70711,1206.7
quat7,0.00000,0.70711,0.00000,0.70711,1206.7
quat8,0.00000,0.70711,0.00000,0.70711,1206.7
quat0,0.68403,-0.23068,0.67324,0.16014,1206.72
quat1,-0.38170,0.55203,0.28574,0.68404,1206.72
quat2,-0.61439,-0.18416,0.11777,0.75812,1206.72
quat3,-0.39260,0.72985,0.37173,0.41834,1206.72
quat4,-0.39099,0.59581,0.61954,-0.32910,1206.72
quat5,0.00000,0.70711,0.00000,0.70711,1206.72
quat6,0.00000,0.70711,0.00000,0.70711,1206.72
quat7,0.00000,0.70711,0.00000,0.70711,1206.72
quat8,0.00000,0.70711,0.00000,0.70711,1206.72
quat0,0.68542,-0.22965,0.67248,0.15887,1206.74
quat1,-0.37774,0.54299,0.28894,0.69209,1206.74
quat2,-0.61209,-0.19186,0.11979,0.75775,1206.74
quat3,-0.39346,0.73758,0.36697,0.40803,1206.74
quat4,-0.39429,0.59156,0.61591,-0.33949,1206.74
quat5,0.00000,0.70711,0.00000,0.70711,1206.74
quat6,0.00000,0.70711,0.00000,0.70711,1206.74
quat7,0.00000,0.70711,0.00000,0.70711,1206.74
quat8,0.00000,0.70711,0.00000,0.70711,1206.74
quat0,0.68592,-0.22841,0.67279,0.15715,1206.76
quat1,-0.37544,0.53646,0.28983,0.69803,1206.76
quat2,-0.61049,-0.19684,0.11623,0.75832,1206.76
quat3,-0.39155,0.74463,0.36435,0.39932,1206.76
quat4,-0.39372,0.59044,0.61251,-0.34813,1206.76
quat5,0.00000,0.70711,0.00000,0.70711,1206.76
quat6,0.00000,0.70711,0.00000,0.70711,1206.76
quat7,0.00000,0.70711,0.00000,0.70711,1206.76
quat8,0.00000,0.70711,0.00000,0.70711,1206.76
quat0,0.68634,-0.22758,0.67288,0.15612,1206.78
quat1,-0.37411,0.53435,0.28943,0.70053,1206.78
quat2,-0.60838,-0.19363,0.11288,0.76134,1206.78
quat3,-0.38906,0.74851,0.36328,0.39546,1206.78
quat4,-0.39493,0.58943,0.61002,-0.35281,1206.78
quat5,0.00000,0.70711,0.00000,0.70711,1206.78
quat6,0.00000,0.70711,0.00000,0.70711,1206.78
quat7,0.00000,0.70711,0.00000,0.70711,1206.78
quat8,0.00000,0.70711,0.00000,0.70711,1206.78
quat0,0.68644,-0.22652,0.67332,0.15531,1206.8
quat1,-0.37324,0.53783,0.28817,0.69885,1206.8
quat2,-0.60655,-0.18443,0.10952,0.76556,1206.8
quat3,-0.38808,0.74850,0.36271,0.39697,1206.8
quat4,-0.39558,0.58995,0.60897,-0.35301,1206.8
quat5,0.00000,0.70711,0.00000,0.70711,1206.8
quat6,0.00000,0.70711,0.00000,0.70711,1206.8
quat7,0.00000,0.70711,0.00000,0.70711,1206.8
quat8,0.00000,0.70711,0.00000,0.70711,1206.8
quat0,0.68632,-0.22577,0.67376,0.15501,1206.82
quat1,-0.37294,0.54558,0.28530,0.69416,1206.82
quat2,-0.60484,-0.16890,0.10366,0.77129,1206.82
quat3,-0.38645,0.74634,0.36355,0.40182,1206.82
quat4,-0.39386,0.59281,0.61017,-0.34805,1206.82
quat5,0.00000,0.70711,0.00000,0.70711,1206.82
quat6,0.00000,0.70711,0.00000,0.70711,1206.82
quat7,0.00000,0.70711,0.00000,0.70711,1206.82
quat8,0.00000,0.70711,0.00000,0.70711,1206.82
quat0,0.68571,-0.22616,0.67425,0.15503,1206.84
quat1,-0.37285,0.55687,0.28119,0.68688,1206.84
quat2,-0.60363,-0.14928,0.09467,0.77742,1206.84
quat3,-0.38387,0.74261,0.36557,0.40931,1206.84
quat4,-0.38813,0.59737,0.61403,-0.33982,1206.84
quat5,0.00000,0.70711,0.00000,0.70711,1206.84
quat6,0.00000,0.70711,0.00000,0.70711,1206.84
quat7,0.00000,0.70711,0.00000,0.70711,1206.84
quat8,0.00000,0.70711,0.00000,0.70711,1206.84
quat0,0.68522,-0.22601,0.67485,0.15484,1206.86
quat1,-0.37303,0.57098,0.27673,0.67694,1206.86
quat2,-0.60244,-0.12613,0.08269,0.78379,1206.86
quat3,-0.38080,0.73696,0.36827,0.41984,1206.86
quat4,-0.37887,0.60409,0.61999,-0.32733,1206.86
quat5,0.00000,0.70711,0.00000,0.70711,1206.86
quat6,0.00000,0.70711,0.00000,0.70711,1206.86
quat7,0.00000,0.70711,0.00000,0.70711,1206.86
quat8,0.00000,0.70711,0.00000,0.70711,1206.86
quat0,0.68463,-0.22580,0.67551,0.15486,1206.88
quat1,-0.37256,0.58699,0.27226,0.66522,1206.88
quat2,-0.60054,-0.10110,0.06797,0.79026,1206.88
quat3,-0.37749,0.72976,0.37110,0.43271,1206.88
quat4,-0.36742,0.61256,0.62673,-0.31143,1206.88
quat5,0.00000,0.70711,0.00000,0.70711,1206.88
quat6,0.00000,0.70711,0.00000,0.70711,1206.88
quat7,0.00000,0.70711,0.00000,0.70711,1206.88
quat8,0.00000,0.70711,0.00000,0.70711,1206.88
quat0,0.68377,-0.22591,0.67618,0.15558,1206.9
quat1,-0.37217,0.60346,0.26721,0.65263,1206.9
quat2,-0.59833,-0.07128,0.05481,0.79619,1206.9
quat3,-0.37412,0.72094,0.37363,0.44797,1206.9
quat4,-0.35292,0.62358,0.63347,-0.29209,1206.9
quat5,0.00000,0.70711,0.00000,0.70711,1206.9
quat6,0.00000,0.70711,0.00000,0.70711,1206.9
quat7,0.00000,0.70711,0.00000,0.70711,1206.9
quat8,0.00000,0.70711,0.00000,0.70711,1206.9
quat0,0.68268,-0.22582,0.67715,0.15627,1206.92
quat1,-0.37286,0.62089,0.26031,0.63852,1206.92
quat2,-0.59629,-0.03726,0.04396,0.80070,1206.92
quat3,-0.37093,0.71083,0.37525,0.46510,1206.92
quat4,-0.33511,0.63505,0.64087,-0.27148,1206.92
quat5,0.00000,0.70711,0.00000,0.70711,1206.92
quat6,0.00000,0.70711,0.00000,0.70711,1206.92
quat7,0.00000,0.70711,0.00000,0.70711,1206.92
quat8,0.00000,0.70711,0.00000,0.70711,1206.92
quat0,0.68230,-0.22552,0.67750,0.15685,1206.94
quat1,-0.37393,0.64080,0.25297,0.62093,1206.94
quat2,-0.59483,0.00041,0.03626,0.80303,1206.94
quat3,-0.36754,0.69913,0.37707,0.48368,1206.94
quat4,-0.31644,0.64732,0.64741,-0.24838,1206.94
quat5,0.00000,0.70711,0.00000,0.70711,1206.94
quat6,0.00000,0.70711,0.00000,0.70711,1206.94
quat7,0.00000,0.70711,0.00000,0.70711,1206.94
quat8,0.00000,0.70711,0.00000,0.70711,1206.94
quat0,0.68194,-0.22615,0.67747,0.15764,1206.96
quat1,-0.37531,0.66112,0.24495,0.60171,1206.96
quat2,-0.59359,0.03779,0.02847,0.80338,1206.96
quat3,-0.36332,0.68630,0.37905,0.50330,1206.96
quat4,-0.29641,0.65981,0.65296,-0.22461,1206.96
quat5,0.00000,0.70711,0.00000,0.70711,1206.96
quat6,0.00000,0.70711,0.00000,0.70711,1206.96
quat7,0.00000,0.70711,0.00000,0.70711,1206.96
quat8,0.00000,0.70711,0.00000,0.70711,1206.96
quat0,0.68169,-0.22619,0.67771,0.15764,1206.98
quat1,-0.37679,0.68106,0.23686,0.58146,1206.98
quat2,-0.59244,0.07352,0.02049,0.80199,1206.98
quat3,-0.35867,0.67151,0.38071,0.52487,1206.98
quat4,-0.27550,0.67249,0.65709,-0.20025,1206.98
quat5,0.00000,0.70711,0.00000,0.70711,1206.98
quat6,0.00000,0.70711,0.00000,0.70711,1206.98
quat7,0.00000,0.70711,0.00000,0.70711,1206.98
quat8,0.00000,0.70711,0.00000,0.70711,1206.98
quat0,0.68096,-0.22604,0.67856,0.15730,1207
quat1,-0.37760,0.70220,0.22924,0.55837,1207
quat2,-0.59122,0.10526,0.00943,0.79955,1207
quat3,-0.35253,0.65504,0.38138,0.54881,1207
quat4,-0.25285,0.68508,0.65992,-0.17675,1207
quat5,0.00000,0.70711,0.00000,0.70711,1207
quat6,0.00000,0.70711,0.00000,0.70711,1207
quat7,0.00000,0.70711,0.00000,0.70711,1207
quat8,0.00000,0.70711,0.00000,0.70711,1207
quat0,0.67987,-0.22575,0.67967,0.15769,1207.02
quat1,-0.37826,0.72458,0.22266,0.53134,1207.02
quat2,-0.59016,0.13416,-0.00246,0.79606,1207.02
quat3,-0.34540,0.63864,0.38079,0.57257,1207.02
quat4,-0.23061,0.69779,0.66099,-0.15168,1207.02
quat5,0.00000,0.70711,0.00000,0.70711,1207.02
quat6,0.00000,0.70711,0.00000,0.70711,1207.02
quat7,0.00000,0.70711,0.00000,0.70711,1207.02
quat8,0.00000,0.70711,0.00000,0.70711,1207.02
quat0,0.67866,-0.22556,0.68082,0.15819,1207.04
quat1,-0.38108,0.74335,0.21480,0.50603,1207.04
quat2,-0.58924,0.15909,-0.01666,0.79197,1207.04
quat3,-0.33731,0.62332,0.37979,0.59452,1207.04
quat4,-0.20848,0.71054,0.66008,-0.12634,1207.04
quat5,0.00000,0.70711,0.00000,0.70711,1207.04
quat6,0.00000,0.70711,0.00000,0.70711,1207.04
quat7,0.00000,0.70711,0.00000,0.70711,1207.04
quat8,0.00000,0.70711,0.00000,0.70711,1207.04
quat0,0.67714,-0.22513,0.68240,0.15851,1207.06
quat1,-0.38557,0.75708,0.20678,0.48519,1207.06
quat2,-0.58844,0.18094,-0.03265,0.78736,1207.06
quat3,-0.32800,0.60871,0.37977,0.61455,1207.06
quat4,-0.18706,0.72323,0.65707,-0.10101,1207.06
quat5,0.00000,0.70711,0.00000,0.70711,1207.06
quat6,0.00000,0.70711,0.00000,0.70711,1207.06
quat7,0.00000,0.70711,0.00000,0.70711,1207.06
quat8,0.00000,0.70711,0.00000,0.70711,1207.06
quat0,0.67562,-0.22425,0.68414,0.15874,1207.08
quat1,-0.39065,0.76680,0.19880,0.46891,1207.08
quat2,-0.58767,0.20026,-0.04909,0.78239,1207.08
quat3,-0.31666,0.59599,0.38064,0.63216,1207.08
quat4,-0.16476,0.73552,0.65263,-0.07707,1207.08
quat5,0.00000,0.70711,0.00000,0.70711,1207.08
quat6,0.00000,0.70711,0.00000,0.70711,1207.08
quat7,0.00000,0.70711,0.00000,0.70711,1207.08
quat8,0.00000,0.70711,0.00000,0.70711,1207.08
quat0,0.67435,-0.22312,0.68567,0.15916,1207.1
quat1,-0.39747,0.77252,0.18999,0.45730,1207.1
quat2,-0.58764,0.22025,-0.06328,0.77599,1207.1
quat3,-0.30439,0.58545,0.38151,0.64733,1207.1
quat4,-0.14436,0.74705,0.64666,-0.05395,1207.1
quat5,0.00000,0.70711,0.00000,0.70711,1207.1
quat6,0.00000,0.70711,0.00000,0.70711,1207.1
quat7,0.00000,0.70711,0.00000,0.70711,1207.1
quat8,0.00000,0.70711,0.00000,0.70711,1207.1
quat0,0.67284,-0.22181,0.68766,0.15878,1207.12
quat1,-0.40570,0.77457,0.18038,0.45046,1207.12
quat2,-0.58850,0.24007,-0.07470,0.76841,1207.12
quat3,-0.29121,0.57667,0.38197,0.66086,1207.12
quat4,-0.12611,0.75816,0.63892,-0.03282,1207.12
quat5,0.00000,0.70711,0.00000,0.70711,1207.12
quat6,0.00000,0.70711,0.00000,0.70711,1207.12
quat7,0.00000,0.70711,0.00000,0.70711,1207.12
quat8,0.00000,0.70711,0.00000,0.70711,1207.12
quat0,0.67244,-0.22046,0.68874,0.15766,1207.14
quat1,-0.41428,0.77415,0.17109,0.44698,1207.14
quat2,-0.58937,0.25773,-0.08438,0.76099,1207.14
quat3,-0.27777,0.57192,0.38195,0.67072,1207.14
quat4,-0.10810,0.76924,0.62964,-0.01172,1207.14
quat5,0.00000,0.70711,0.00000,0.70711,1207.14
quat6,0.00000,0.70711,0.00000,0.70711,1207.14
quat7,0.00000,0.70711,0.00000,0.70711,1207.14
quat8,0.00000,0.70711,0.00000,0.70711,1207.14
quat0,0.67216,-0.21837,0.69003,0.15613,1207.16
quat1,-0.42237,0.77111,0.16309,0.44765,1207.16
quat2,-0.58895,0.27213,-0.09510,0.75501,1207.16
quat3,-0.26554,0.57273,0.38067,0.67569,1207.16
quat4,-0.09057,0.77991,0.61926,0.00749,1207.16
quat5,0.00000,0.70711,0.00000,0.70711,1207.16
quat6,0.00000,0.70711,0.00000,0.70711,1207.16
quat7,0.00000,0.70711,0.00000,0.70711,1207.16
quat8,0.00000,0.70711,0.00000,0.70711,1207.16
quat0,0.67260,-0.21786,0.68995,0.15529,1207.18
quat1,-0.42941,0.76772,0.15788,0.44866,1207.18
quat2,-0.58790,0.28209,-0.10722,0.75054,1207.18
quat3,-0.25464,0.57583,0.37743,0.67906,1207.18
quat4,-0.07553,0.78969,0.60841,0.02286,1207.18
quat5,0.00000,0.70711,0.00000,0.70711,1207.18
quat6,0.00000,0.70711,0.00000,0.70711,1207.18
quat7,0.00000,0.70711,0.00000,0.70711,1207.18
quat8,0.00000,0.70711,0.00000,0.70711,1207.18
quat0,0.67336,-0.21781,0.68924,0.15523,1207.2
quat1,-0.43455,0.76474,0.15786,0.44880,1207.2
quat2,-0.58683,0.28651,-0.11955,0.74783,1207.2
quat3,-0.24518,0.58127,0.37183,0.68100,1207.2
quat4,-0.06449,0.79852,0.59750,0.03459,1207.2
quat5,0.00000,0.70711,0.00000,0.70711,1207.2
quat6,0.00000,0.70711,0.00000,0.70711,1207.2
quat7,0.00000,0.70711,0.00000,0.70711,1207.2
quat8,0.00000,0.70711,0.00000,0.70711,1207.2
quat0,0.67525,-0.21684,0.68778,0.15481,1207.22
quat1,-0.43815,0.76033,0.16107,0.45164,1207.22
quat2,-0.58681,0.28686,-0.12929,0.74609,1207.22
quat3,-0.23918,0.58782,0.36482,0.68130,1207.22
quat4,-0.05943,0.80592,0.58750,0.04250,1207.22
quat5,0.00000,0.70711,0.00000,0.70711,1207.22
quat6,0.00000,0.70711,0.00000,0.70711,1207.22
quat7,0.00000,0.70711,0.00000,0.70711,1207.22
quat8,0.00000,0.70711,0.00000,0.70711,1207.22
quat0,0.67680,-0.21578,0.68672,0.15427,1207.24
quat1,-0.44115,0.75454,0.16700,0.45625,1207.24
quat2,-0.58981,0.28302,-0.13275,0.74458,1207.24
quat3,-0.23751,0.59324,0.35682,0.68142,1207.24
quat4,-0.06095,0.81189,0.57890,0.04474,1207.24
quat5,0.00000,0.70711,0.00000,0.70711,1207.24
quat6,0.00000,0.70711,0.00000,0.70711,1207.24
quat7,0.00000,0.70711,0.00000,0.70711,1207.24
quat8,0.00000,0.70711,0.00000,0.70711,1207.24
quat0,0.67852,-0.21541,0.68523,0.15384,1207.26
quat1,-0.44319,0.74809,0.17599,0.46149,1207.26
quat2,-0.59756,0.27555,-0.12793,0.74205,1207.26
quat3,-0.24006,0.59812,0.34923,0.68019,1207.26
quat4,-0.06820,0.81643,0.57201,0.04002,1207.26
quat5,0.00000,0.70711,0.00000,0.70711,1207.26
quat6,0.00000,0.70711,0.00000,0.70711,1207.26
quat7,0.00000,0.70711,0.00000,0.70711,1207.26
quat8,0.00000,0.70711,0.00000,0.70711,1207.26
quat0,0.67974,-0.21546,0.68414,0.15323,1207.28
quat1,-0.44439,0.74014,0.18777,0.46846,1207.28
quat2,-0.60922,0.26502,-0.11538,0.73845,1207.28
quat3,-0.24550,0.60428,0.34191,0.67652,1207.28
quat4,-0.07993,0.81971,0.56643,0.02911,1207.28
quat5,0.00000,0.70711,0.00000,0.70711,1207.28
quat6,0.00000,0.70711,0.00000,0.70711,1207.28
quat7,0.00000,0.70711,0.00000,0.70711,1207.28
quat8,0.00000,0.70711,0.00000,0.70711,1207.28
quat0,0.68093,-0.21527,0.68317,0.15255,1207.3
quat1,-0.44632,0.72957,0.19922,0.47838,1207.3
quat2,-0.62202,0.24968,-0.09933,0.73545,1207.3
quat3,-0.25246,0.61347,0.33506,0.66906,1207.3
quat4,-0.09342,0.82185,0.56186,0.01250,1207.3
quat5,0.00000,0.70711,0.00000,0.70711,1207.3
quat6,0.00000,0.70711,0.00000,0.70711,1207.3
quat7,0.00000,0.70711,0.00000,0.70711,1207.3
quat8,0.00000,0.70711,0.00000,0.70711,1207.3
quat0,0.68195,-0.21527,0.68222,0.15226,1207.32
quat1,-0.44857,0.71604,0.21049,0.49169,1207.32
quat2,-0.63507,0.23130,-0.08013,0.73265,1207.32
quat3,-0.26023,0.62531,0.32918,0.65796,1207.32
quat4,-0.11079,0.82240,0.55800,-0.00551,1207.32
quat5,0.00000,0.70711,0.00000,0.70711,1207.32
quat6,0.00000,0.70711,0.00000,0.70711,1207.32
quat7,0.00000,0.70711,0.00000,0.70711,1207.32
quat8,0.00000,0.70711,0.00000,0.70711,1207.32
quat0,0.68337,-0.21572,0.68064,0.15230,1207.34
quat1,-0.45030,0.70055,0.22188,0.50718,1207.34
quat2,-0.64765,0.20908,-0.05853,0.73035,1207.34
quat3,-0.26799,0.63853,0.32376,0.64470,1207.34
quat4,-0.13051,0.82139,0.55461,-0.02629,1207.34
quat5,0.00000,0.70711,0.00000,0.70711,1207.34
quat6,0.00000,0.70711,0.00000,0.70711,1207.34
quat7,0.00000,0.70711,0.00000,0.70711,1207.34
quat8,0.00000,0.70711,0.00000,0.70711,1207.34
quat0,0.68552,-0.21596,0.67856,0.15157,1207.36
quat1,-0.45069,0.68450,0.23387,0.52311,1207.36
quat2,-0.65979,0.18545,-0.03294,0.72746,1207.36
quat3,-0.27647,0.65318,0.31862,0.62881,1207.36
quat4,-0.15279,0.81851,0.55159,-0.04938,1207.36
quat5,0.00000,0.70711,0.00000,0.70711,1207.36
quat6,0.00000,0.70711,0.00000,0.70711,1207.36
quat7,0.00000,0.70711,0.00000,0.70711,1207.36
quat8,0.00000,0.70711,0.00000,0.70711,1207.36
quat0,0.68733,-0.21585,0.67709,0.15010,1207.38
quat1,-0.44964,0.66855,0.24591,0.53888,1207.38
quat2,-0.67066,0.15903,-0.00486,0.72450,1207.38
quat3,-0.28563,0.66870,0.31433,0.61029,1207.38
quat4,-0.17644,0.81342,0.54917,-0.07507,1207.38
quat5,0.00000,0.70711,0.00000,0.70711,1207.38
quat6,0.00000,0.70711,0.00000,0.70711,1207.38
quat7,0.00000,0.70711,0.00000,0.70711,1207.38
quat8,0.00000,0.70711,0.00000,0.70711,1207.38
quat0,0.68894,-0.21594,0.67560,0.14931,1207.4
quat1,-0.44756,0.65195,0.25828,0.55493,1207.4
quat2,-0.68022,0.13112,0.02622,0.72071,1207.4
quat3,-0.29427,0.68396,0.31089,0.59071,1207.4
quat4,-0.20338,0.80613,0.54648,-0.10077,1207.4
quat5,0.00000,0.70711,0.00000,0.70711,1207.4
quat6,0.00000,0.70711,0.00000,0.70711,1207.4
quat7,0.00000,0.70711,0.00000,0.70711,1207.4
quat8,0.00000,0.70711,0.00000,0.70711,1207.4
quat0,0.69108,-0.21546,0.67388,0.14791,1207.42
quat1,-0.44581,0.63498,0.26921,0.57060,1207.42
quat2,-0.68773,0.10077,0.05762,0.71662,1207.42
quat3,-0.30154,0.69821,0.30810,0.57154,1207.42
quat4,-0.23123,0.79727,0.54303,-0.12650,1207.42
quat5,0.00000,0.70711,0.00000,0.70711,1207.42
quat6,0.00000,0.70711,0.00000,0.70711,1207.42
quat7,0.00000,0.70711,0.00000,0.70711,1207.42
quat8,0.00000,0.70711,0.00000,0.70711,1207.42
